[BeGaze]
Converted from:	C:\Program Files\SMI\Experiment Suite 360\Experiment Center 2\Results\RC-Attachment-Exp\P22-eye_data.idf
Date:	18.03.2012 20:17:52
Version:	BeGaze 3.0.181
Sample Rate:	500
Subject:	P22
Description:	Run27

Table Header for Fixations:
Event Type	Trial	Number	Start	End	Duration	Location X	Location Y	Dispersion X	Dispersion Y	Plane	Avg. Pupil Size X	Avg. Pupil Size Y

Table Header for Saccades:
Event Type	Trial	Number	Start	End	Duration	Start Loc.X	Start Loc.Y	End Loc.X	End Loc.Y	Amplitude	Peak Speed	Peak Speed At	Average Speed	Peak Accel.	Peak Decel.	Average Accel.

Table Header for Blinks:
Event Type	Trial	Number	Start	End	Duration

Table Header for User Events:
Event Type	Trial	Number	Start	Description

UserEvent	1	1	2561916790	# Message: RC-N1forced-nonanim-6.jpg
Fixation L	1	1	2561919671	2562084680	165009	593.94	474.14	28	16	-1	8.42	8.42
Fixation R	1	1	2561919671	2562084680	165009	593.94	474.14	28	16	-1	8.49	8.49
Saccade L	1	1	2562084680	2562106268	21588	582.73	479.02	551.37	461.49	0.72	47.57	0.44	33.28	1338.42	-1595.97	1039.96
Saccade R	1	1	2562084680	2562106268	21588	582.73	479.02	551.37	461.49	0.72	47.57	0.44	33.28	1338.42	-1595.97	1039.96
Fixation L	1	2	2562106268	2562266385	160117	539.66	477.02	18	32	-1	8.43	8.43
Fixation R	1	2	2562106268	2562266385	160117	539.66	477.02	18	32	-1	8.45	8.45
Saccade L	1	2	2562266385	2562290385	24000	541.40	485.45	596.01	474.63	1.19	81.09	0.42	49.78	3223.58	-3035.27	2190.66
Saccade R	1	2	2562266385	2562290385	24000	541.40	485.45	596.01	474.63	1.19	81.09	0.42	49.78	3223.58	-3035.27	2190.66
Fixation L	1	3	2562290385	2562356638	66253	599.36	475.08	18	21	-1	8.44	8.44
Fixation R	1	3	2562290385	2562356638	66253	599.36	475.08	18	21	-1	8.47	8.47
Saccade L	1	3	2562356638	2562378381	21743	606.51	488.58	671.75	477.11	1.44	119.21	0.54	66.41	4421.85	-4719.73	3066.29
Saccade R	1	3	2562356638	2562378381	21743	606.51	488.58	671.75	477.11	1.44	119.21	0.54	66.41	4421.85	-4719.73	3066.29
Fixation L	1	4	2562378381	2562634497	256116	680.50	471.18	22	35	-1	8.52	8.52
Fixation R	1	4	2562378381	2562634497	256116	680.50	471.18	22	35	-1	8.61	8.61
Saccade L	1	4	2562634497	2562669535	35038	670.80	460.95	749.99	460.81	1.85	99.73	0.40	52.77	4084.08	-3822.19	2836.95
Saccade R	1	4	2562634497	2562669535	35038	670.80	460.95	749.99	460.81	1.85	99.73	0.40	52.77	4084.08	-3822.19	2836.95
Fixation L	1	5	2562669535	2562884616	215081	757.57	476.29	20	29	-1	8.55	8.55
Fixation R	1	5	2562669535	2562884616	215081	757.57	476.29	20	29	-1	8.78	8.78
Saccade L	1	5	2562884616	2562908614	23998	745.24	486.87	801.99	475.29	1.21	85.34	0.50	50.37	3204.52	-3302.07	2282.03
Saccade R	1	5	2562884616	2562908614	23998	745.24	486.87	801.99	475.29	1.21	85.34	0.50	50.37	3204.52	-3302.07	2282.03
Fixation L	1	6	2562908614	2563224866	316252	831.20	478.14	64	41	-1	8.62	8.62
Fixation R	1	6	2562908614	2563224866	316252	831.20	478.14	64	41	-1	8.72	8.72
Saccade L	1	6	2563224866	2563246855	21989	844.17	482.36	898.08	464.06	1.15	89.14	0.59	52.48	3435.34	-3278.45	2341.94
Saccade R	1	6	2563224866	2563246855	21989	844.17	482.36	898.08	464.06	1.15	89.14	0.59	52.48	3435.34	-3278.45	2341.94
Fixation L	1	7	2563246855	2563767103	520248	939.02	471.41	105	30	-1	8.49	8.49
Fixation R	1	7	2563246855	2563767103	520248	939.02	471.41	105	30	-1	8.66	8.66
Saccade L	1	7	2563767103	2563801087	33984	985.65	477.91	1060.80	487.09	1.70	92.33	0.35	50.03	3843.46	-3167.51	2437.23
Saccade R	1	7	2563767103	2563801087	33984	985.65	477.91	1060.80	487.09	1.70	92.33	0.35	50.03	3843.46	-3167.51	2437.23
Fixation L	1	8	2563801087	2564059202	258115	1052.28	477.88	21	29	-1	8.20	8.20
Fixation R	1	8	2563801087	2564059202	258115	1052.28	477.88	21	29	-1	8.47	8.47
Saccade L	1	8	2564059202	2564081788	22586	1045.11	463.21	1110.73	469.71	1.53	118.99	0.44	67.55	4832.49	-4859.51	3310.41
Saccade R	1	8	2564059202	2564081788	22586	1045.11	463.21	1110.73	469.71	1.53	118.99	0.44	67.55	4832.49	-4859.51	3310.41
Fixation L	1	9	2564081788	2564267320	185532	1103.40	477.90	29	17	-1	8.14	8.14
Fixation R	1	9	2564081788	2564267320	185532	1103.40	477.90	29	17	-1	8.35	8.35
Saccade L	1	9	2564267320	2564319638	52318	1110.24	485.33	668.96	467.86	9.92	329.63	0.36	189.63	14390.83	-12168.77	9223.34
Saccade R	1	9	2564267320	2564319638	52318	1110.24	485.33	668.96	467.86	9.92	329.63	0.36	189.63	14390.83	-12168.77	9223.34
Fixation L	1	10	2564319638	2564567472	247834	642.35	460.89	37	31	-1	8.49	8.49
Fixation R	1	10	2564319638	2564567472	247834	642.35	460.89	37	31	-1	8.50	8.50
Saccade L	1	10	2564567472	2564591609	24137	641.40	479.35	569.78	470.57	1.55	126.53	0.49	64.21	4794.98	-4834.39	3371.02
Saccade R	1	10	2564567472	2564591609	24137	641.40	479.35	569.78	470.57	1.55	126.53	0.49	64.21	4794.98	-4834.39	3371.02
Fixation L	1	11	2564591609	2564783433	191824	585.38	465.25	28	12	-1	8.65	8.65
Fixation R	1	11	2564591609	2564783433	191824	585.38	465.25	28	12	-1	8.69	8.69
Saccade L	1	11	2564783433	2564821563	38130	591.29	460.72	762.95	481.69	3.81	199.26	0.37	99.98	8678.56	-7589.22	5809.43
Saccade R	1	11	2564783433	2564821563	38130	591.29	460.72	762.95	481.69	3.81	199.26	0.37	99.98	8678.56	-7589.22	5809.43
Fixation L	1	12	2564821563	2565037545	215982	775.91	472.53	33	32	-1	8.70	8.70
Fixation R	1	12	2564821563	2565037545	215982	775.91	472.53	33	32	-1	8.86	8.86
Saccade L	1	12	2565037545	2565063536	25991	761.30	467.05	850.17	464.46	1.94	144.44	0.54	74.71	5592.04	-5615.91	4036.00
Saccade R	1	12	2565037545	2565063536	25991	761.30	467.05	850.17	464.46	1.94	144.44	0.54	74.71	5592.04	-5615.91	4036.00
Fixation L	1	13	2565063536	2565209659	146123	853.85	459.98	12	25	-1	8.53	8.53
Fixation R	1	13	2565063536	2565209659	146123	853.85	459.98	12	25	-1	8.60	8.60
Saccade L	1	13	2565209659	2565259654	49995	858.40	446.26	974.23	457.20	2.68	107.47	0.40	53.64	4092.88	-3579.41	2572.03
Saccade R	1	13	2565209659	2565259654	49995	858.40	446.26	974.23	457.20	2.68	107.47	0.40	53.64	4092.88	-3579.41	2572.03
Fixation L	1	14	2565259654	2565399785	140131	963.16	452.88	42	16	-1	8.28	8.28
Fixation R	1	14	2565259654	2565399785	140131	963.16	452.88	42	16	-1	8.56	8.56
Saccade L	1	14	2565399785	2565425777	25992	940.59	459.20	1030.01	459.41	1.93	135.85	0.54	74.32	5396.51	-4874.75	3727.06
Saccade R	1	14	2565399785	2565425777	25992	940.59	459.20	1030.01	459.41	1.93	135.85	0.54	74.32	5396.51	-4874.75	3727.06
Fixation L	1	15	2565425777	2565621895	196118	1030.85	448.50	14	19	-1	8.36	8.36
Fixation R	1	15	2565425777	2565621895	196118	1030.85	448.50	14	19	-1	8.52	8.52
Blink L	1	1	2565621895	2565928030	306135
Blink R	1	1	2565621895	2565928030	306135
Saccade L	1	15	2565936129	2565998053	61924	891.04	843.80	884.35	938.24	2.19	54.17	0.61	35.31	1062.60	-1576.98	824.80
Saccade R	1	15	2565936129	2565998053	61924	891.04	843.80	884.35	938.24	2.19	54.17	0.61	35.31	1062.60	-1576.98	824.80
Fixation L	1	16	2565998053	2566204750	206697	879.15	952.71	25	27	-1	8.87	8.87
Fixation R	1	16	2565998053	2566204750	206697	879.15	952.71	25	27	-1	9.21	9.21
Saccade L	1	16	2566204750	2566226126	21376	865.79	957.37	908.96	956.07	0.85	62.14	0.44	39.76	2191.75	-1736.59	1321.25
Saccade R	1	16	2566204750	2566226126	21376	865.79	957.37	908.96	956.07	0.85	62.14	0.44	39.76	2191.75	-1736.59	1321.25
Fixation L	1	17	2566226126	2566433967	207841	914.26	967.74	36	28	-1	9.11	9.11
Fixation R	1	17	2566226126	2566433967	207841	914.26	967.74	36	28	-1	9.49	9.49
