[BeGaze]
Converted from:	C:\Program Files\SMI\Experiment Suite 360\Experiment Center 2\Results\RC-Attachment-Exp\P35-eye_data.idf
Date:	18.03.2012 20:32:01
Version:	BeGaze 3.0.181
Sample Rate:	500
Subject:	P35
Description:	Run40

Table Header for Fixations:
Event Type	Trial	Number	Start	End	Duration	Location X	Location Y	Dispersion X	Dispersion Y	Plane	Avg. Pupil Size X	Avg. Pupil Size Y

Table Header for Saccades:
Event Type	Trial	Number	Start	End	Duration	Start Loc.X	Start Loc.Y	End Loc.X	End Loc.Y	Amplitude	Peak Speed	Peak Speed At	Average Speed	Peak Accel.	Peak Decel.	Average Accel.

Table Header for Blinks:
Event Type	Trial	Number	Start	End	Duration

Table Header for User Events:
Event Type	Trial	Number	Start	Description

UserEvent	1	1	2055874342	# Message: Dist-srcop-12.jpg
Blink L	1	1	2055920462	2056084443	163981
Blink R	1	1	2055920462	2056084443	163981
Fixation L	1	1	2056084443	2056234437	149994	492.52	435.62	35	11	-1	11.35	11.35
Fixation R	1	1	2056084443	2056234437	149994	492.52	435.62	35	11	-1	11.48	11.48
Saccade L	1	1	2056234437	2056266559	32122	500.27	434.74	548.26	447.89	1.12	53.08	0.32	34.85	2002.88	-1734.61	1341.83
Saccade R	1	1	2056234437	2056266559	32122	500.27	434.74	548.26	447.89	1.12	53.08	0.32	34.85	2002.88	-1734.61	1341.83
Fixation L	1	2	2056266559	2056408755	142196	553.29	458.05	13	22	-1	11.47	11.47
Fixation R	1	2	2056266559	2056408755	142196	553.29	458.05	13	22	-1	11.67	11.67
Saccade L	1	2	2056408755	2056440561	31806	552.71	442.21	619.95	462.44	1.47	84.79	0.37	46.29	2840.17	-2961.11	2140.49
Saccade R	1	2	2056408755	2056440561	31806	552.71	442.21	619.95	462.44	1.47	84.79	0.37	46.29	2840.17	-2961.11	2140.49
Fixation L	1	3	2056440561	2056584691	144130	627.74	465.55	14	13	-1	11.35	11.35
Fixation R	1	3	2056440561	2056584691	144130	627.74	465.55	14	13	-1	11.59	11.59
Saccade L	1	3	2056584691	2056614812	30121	633.96	458.63	689.85	455.73	1.29	75.26	0.33	42.66	2803.37	-2700.87	1973.39
Saccade R	1	3	2056584691	2056614812	30121	633.96	458.63	689.85	455.73	1.29	75.26	0.33	42.66	2803.37	-2700.87	1973.39
Fixation L	1	4	2056614812	2056783105	168293	697.97	441.93	13	26	-1	11.00	11.00
Fixation R	1	4	2056614812	2056783105	168293	697.97	441.93	13	26	-1	11.26	11.26
Saccade L	1	4	2056783105	2056820801	37696	698.88	434.96	824.71	424.45	2.72	149.34	0.36	72.16	6468.85	-5887.22	4247.93
Saccade R	1	4	2056783105	2056820801	37696	698.88	434.96	824.71	424.45	2.72	149.34	0.36	72.16	6468.85	-5887.22	4247.93
Fixation L	1	5	2056820801	2057084930	264129	835.46	435.12	22	16	-1	11.04	11.04
Fixation R	1	5	2056820801	2057084930	264129	835.46	435.12	22	16	-1	11.20	11.20
Saccade L	1	5	2057084930	2057118922	33992	838.17	438.32	938.58	424.30	2.26	138.65	0.31	66.54	5713.74	-5256.66	3700.09
Saccade R	1	5	2057084930	2057118922	33992	838.17	438.32	938.58	424.30	2.26	138.65	0.31	66.54	5713.74	-5256.66	3700.09
Fixation L	1	6	2057118922	2057315065	196143	938.24	431.83	10	14	-1	11.17	11.17
Fixation R	1	6	2057118922	2057315065	196143	938.24	431.83	10	14	-1	11.31	11.31
Saccade L	1	6	2057315065	2057338704	23639	937.38	427.61	987.21	436.89	1.16	87.27	0.51	49.25	3126.80	-3369.16	2163.39
Saccade R	1	6	2057315065	2057338704	23639	937.38	427.61	987.21	436.89	1.16	87.27	0.51	49.25	3126.80	-3369.16	2163.39
Fixation L	1	7	2057338704	2057465449	126745	990.94	439.71	10	15	-1	11.15	11.15
Fixation R	1	7	2057338704	2057465449	126745	990.94	439.71	10	15	-1	11.25	11.25
Saccade L	1	7	2057465449	2057495317	29868	987.57	439.85	1062.03	431.67	1.63	104.53	0.46	54.51	4286.43	-3724.40	2906.09
Saccade R	1	7	2057465449	2057495317	29868	987.57	439.85	1062.03	431.67	1.63	104.53	0.46	54.51	4286.43	-3724.40	2906.09
Fixation L	1	8	2057495317	2057731159	235842	1075.07	444.33	26	22	-1	11.34	11.34
Fixation R	1	8	2057495317	2057731159	235842	1075.07	444.33	26	22	-1	11.45	11.45
Saccade L	1	8	2057731159	2057759166	28007	1074.46	442.75	1147.97	445.57	1.62	112.70	0.50	57.97	4462.25	-4264.81	3148.17
Saccade R	1	8	2057731159	2057759166	28007	1074.46	442.75	1147.97	445.57	1.62	112.70	0.50	57.97	4462.25	-4264.81	3148.17
Fixation L	1	9	2057759166	2057997277	238111	1159.32	431.21	16	30	-1	11.41	11.41
Fixation R	1	9	2057759166	2057997277	238111	1159.32	431.21	16	30	-1	11.72	11.72
Saccade L	1	9	2057997277	2058049306	52029	1163.26	415.67	994.53	442.51	3.76	157.17	0.29	72.30	6584.39	-4452.10	3356.38
Saccade R	1	9	2057997277	2058049306	52029	1163.26	415.67	994.53	442.51	3.76	157.17	0.29	72.30	6584.39	-4452.10	3356.38
Fixation L	1	10	2058049306	2058275405	226099	1004.19	449.44	26	13	-1	11.67	11.67
Fixation R	1	10	2058049306	2058275405	226099	1004.19	449.44	26	13	-1	11.79	11.79
Saccade L	1	10	2058275405	2058330457	55052	1002.37	447.84	836.35	443.35	3.83	162.28	0.25	69.56	7038.90	-5354.39	3423.20
Saccade R	1	10	2058275405	2058330457	55052	1002.37	447.84	836.35	443.35	3.83	162.28	0.25	69.56	7038.90	-5354.39	3423.20
Fixation L	1	11	2058330457	2058549526	219069	827.15	446.44	17	15	-1	11.80	11.80
Fixation R	1	11	2058330457	2058549526	219069	827.15	446.44	17	15	-1	12.13	12.13
Saccade L	1	11	2058549526	2058609516	59990	835.76	446.81	569.43	473.04	5.97	224.67	0.27	99.58	9956.71	-7479.27	5129.84
Saccade R	1	11	2058549526	2058609516	59990	835.76	446.81	569.43	473.04	5.97	224.67	0.27	99.58	9956.71	-7479.27	5129.84
Fixation L	1	12	2058609516	2058731709	122193	575.30	466.12	15	36	-1	11.89	11.89
Fixation R	1	12	2058609516	2058731709	122193	575.30	466.12	15	36	-1	12.10	12.10
Saccade L	1	12	2058731709	2058809832	78123	574.67	486.12	824.69	1015.43	15.69	373.59	0.64	200.78	13199.14	-14186.12	6912.79
Saccade R	1	12	2058731709	2058809832	78123	574.67	486.12	824.69	1015.43	15.69	373.59	0.64	200.78	13199.14	-14186.12	6912.79
Fixation L	1	13	2058847640	2058899763	52123	838.68	996.20	17	46	-1	10.87	10.87
Fixation R	1	13	2058847640	2058899763	52123	838.68	996.20	17	46	-1	12.35	12.35
Saccade L	1	13	2058899763	2058921763	22000	850.27	965.54	855.09	977.41	0.59	45.91	0.45	26.60	891.50	-953.70	703.23
Saccade R	1	13	2058899763	2058921763	22000	850.27	965.54	855.09	977.41	0.59	45.91	0.45	26.60	891.50	-953.70	703.23
Fixation L	1	14	2058976014	2059293884	317870	851.05	968.34	22	30	-1	11.74	11.74
Fixation R	1	14	2058976014	2059293884	317870	851.05	968.34	22	30	-1	12.29	12.29
