[BeGaze]
Converted from:	C:\Program Files\SMI\Experiment Suite 360\Experiment Center 2\Results\RC-Attachment-Exp\Denek04-eye_data.idf
Date:	24.02.2012 09:58:10
Version:	BeGaze 3.0.181
Sample Rate:	500
Subject:	Denek04
Description:	Run7

Table Header for Fixations:
Event Type	Trial	Number	Start	End	Duration	Location X	Location Y	Dispersion X	Dispersion Y	Plane	Avg. Pupil Size X	Avg. Pupil Size Y

Table Header for Saccades:
Event Type	Trial	Number	Start	End	Duration	Start Loc.X	Start Loc.Y	End Loc.X	End Loc.Y	Amplitude	Peak Speed	Peak Speed At	Average Speed	Peak Accel.	Peak Decel.	Average Accel.

Table Header for Blinks:
Event Type	Trial	Number	Start	End	Duration

Table Header for User Events:
Event Type	Trial	Number	Start	Description

UserEvent	1	1	6677293378	# Message: Questionnaire16.jpg
Fixation L	1	1	6677295775	6677584885	289110	875.51	933.31	18	30	-1	11.80	11.80
Fixation R	1	1	6677295775	6677584885	289110	875.51	933.31	18	30	-1	12.53	12.53
Saccade L	1	1	6677584885	6677677478	92593	872.44	943.91	714.75	630.11	12.57	300.99	0.43	135.71	12485.88	-9371.25	7098.01
Saccade R	1	1	6677584885	6677677478	92593	872.44	943.91	714.75	630.11	12.57	300.99	0.43	135.71	12485.88	-9371.25	7098.01
Saccade L	1	2	6677700821	6677742270	41449	717.32	632.57	577.50	385.14	6.36	295.91	0.39	153.35	13224.87	-11790.54	8979.84
Saccade R	1	2	6677700821	6677742270	41449	717.32	632.57	577.50	385.14	6.36	295.91	0.39	153.35	13224.87	-11790.54	8979.84
Fixation L	1	2	6677742270	6677852922	110652	577.54	395.57	15	23	-1	11.19	11.19
Fixation R	1	2	6677742270	6677852922	110652	577.54	395.57	15	23	-1	11.65	11.65
Saccade L	1	3	6677852922	6677890953	38031	570.29	393.77	458.72	361.34	2.65	121.73	0.42	69.59	5000.92	-4734.57	3557.97
Saccade R	1	3	6677852922	6677890953	38031	570.29	393.77	458.72	361.34	2.65	121.73	0.42	69.59	5000.92	-4734.57	3557.97
Fixation L	1	3	6677890953	6677949411	58458	458.76	363.35	15	5	-1	11.16	11.16
Fixation R	1	3	6677890953	6677949411	58458	458.76	363.35	15	5	-1	11.54	11.54
Saccade L	1	4	6677949411	6677970960	21549	448.40	366.68	379.80	360.02	1.47	119.67	0.54	68.26	4222.04	-3619.92	2642.42
Saccade R	1	4	6677949411	6677970960	21549	448.40	366.68	379.80	360.02	1.47	119.67	0.54	68.26	4222.04	-3619.92	2642.42
Fixation L	1	4	6677970960	6678261141	290181	389.07	363.70	31	24	-1	11.38	11.38
Fixation R	1	4	6677970960	6678261141	290181	389.07	363.70	31	24	-1	11.85	11.85
Saccade L	1	5	6678261141	6678287244	26103	379.79	376.52	469.13	359.91	1.93	132.17	0.54	74.10	5168.93	-5197.84	3723.55
Saccade R	1	5	6678261141	6678287244	26103	379.79	376.52	469.13	359.91	1.93	132.17	0.54	74.10	5168.93	-5197.84	3723.55
Fixation L	1	5	6678287244	6678547186	259942	458.65	364.83	19	21	-1	12.05	12.05
Fixation R	1	5	6678287244	6678547186	259942	458.65	364.83	19	21	-1	12.64	12.64
Saccade L	1	6	6678547186	6678573270	26084	450.87	367.44	568.52	365.42	2.49	186.66	0.58	95.38	7840.73	-7242.90	5253.79
Saccade R	1	6	6678547186	6678573270	26084	450.87	367.44	568.52	365.42	2.49	186.66	0.58	95.38	7840.73	-7242.90	5253.79
Fixation L	1	6	6678573270	6678809384	236114	549.27	372.47	27	16	-1	12.43	12.43
Fixation R	1	6	6678573270	6678809384	236114	549.27	372.47	27	16	-1	12.94	12.94
Saccade L	1	7	6678809384	6678835381	25997	563.15	382.99	460.39	381.02	2.15	152.13	0.54	82.83	5902.26	-5465.71	4124.88
Saccade R	1	7	6678809384	6678835381	25997	563.15	382.99	460.39	381.02	2.15	152.13	0.54	82.83	5902.26	-5465.71	4124.88
Fixation L	1	7	6678835381	6678945612	110231	476.04	364.95	21	25	-1	12.56	12.56
Fixation R	1	7	6678835381	6678945612	110231	476.04	364.95	21	25	-1	13.12	13.12
Fixation L	1	8	6678979368	6679045401	66033	471.47	357.41	16	18	-1	12.62	12.62
Fixation R	1	8	6678979368	6679045401	66033	471.47	357.41	16	18	-1	13.27	13.27
Saccade L	1	8	6679045401	6679071485	26084	476.22	357.93	586.81	365.57	2.37	178.06	0.55	90.92	7049.05	-5870.28	4653.85
Saccade R	1	8	6679045401	6679071485	26084	476.22	357.93	586.81	365.57	2.37	178.06	0.55	90.92	7049.05	-5870.28	4653.85
Fixation L	1	9	6679071485	6679271471	199986	561.65	368.00	38	21	-1	12.73	12.73
Fixation R	1	9	6679071485	6679271471	199986	561.65	368.00	38	21	-1	13.39	13.39
Fixation L	1	10	6679289492	6679407605	118113	604.52	371.57	12	9	-1	12.82	12.82
Fixation R	1	10	6679289492	6679407605	118113	604.52	371.57	12	9	-1	13.51	13.51
Saccade L	1	9	6679407605	6679431591	23986	602.30	366.43	673.71	368.05	1.42	100.35	0.59	59.25	4174.56	-3727.05	2855.65
Saccade R	1	9	6679407605	6679431591	23986	602.30	366.43	673.71	368.05	1.42	100.35	0.59	59.25	4174.56	-3727.05	2855.65
Fixation L	1	11	6679431591	6679523585	91994	660.29	369.98	18	9	-1	12.93	12.93
Fixation R	1	11	6679431591	6679523585	91994	660.29	369.98	18	9	-1	13.60	13.60
Saccade L	1	10	6679523585	6679545587	22002	665.21	367.84	714.71	366.51	1.01	79.26	0.46	46.10	2796.54	-2592.42	1905.66
Saccade R	1	10	6679523585	6679545587	22002	665.21	367.84	714.71	366.51	1.01	79.26	0.46	46.10	2796.54	-2592.42	1905.66
Fixation L	1	12	6679545587	6679903834	358247	701.80	374.15	22	20	-1	12.86	12.86
Fixation R	1	12	6679545587	6679903834	358247	701.80	374.15	22	20	-1	13.56	13.56
Saccade L	1	11	6679903834	6679959840	56006	699.40	382.25	418.01	478.72	7.85	341.06	0.29	140.17	15196.67	-13455.76	8385.09
Saccade R	1	11	6679903834	6679959840	56006	699.40	382.25	418.01	478.72	7.85	341.06	0.29	140.17	15196.67	-13455.76	8385.09
Fixation L	1	13	6679959840	6680279938	320098	403.85	463.28	25	34	-1	12.98	12.98
Fixation R	1	13	6679959840	6680279938	320098	403.85	463.28	25	34	-1	13.61	13.61
Blink L	1	1	6680279938	6680432085	152147
Blink R	1	1	6680279938	6680432085	152147
Fixation L	1	14	6680432085	6680590052	157967	395.51	557.39	25	27	-1	12.86	12.86
Fixation R	1	14	6680432085	6680590052	157967	395.51	557.39	25	27	-1	13.58	13.58
Fixation L	1	15	6680622286	6680678080	55794	387.13	556.73	6	11	-1	12.92	12.92
Fixation R	1	15	6680622286	6680678080	55794	387.13	556.73	6	11	-1	13.61	13.61
Blink L	1	2	6680678080	6681318392	640312
Blink R	1	2	6680678080	6681318392	640312
Fixation L	1	16	6681372917	6681722495	349578	373.39	559.22	22	36	-1	12.76	12.76
Fixation R	1	16	6681372917	6681788496	415579	372.31	564.48	79	351	-1	12.63	12.63
Saccade L	1	12	6681722495	6681782494	59999	373.98	556.86	341.29	729.92	7.93	331.50	0.82	132.24	7193.51	-10743.71	4632.81
Saccade L	1	13	6681788496	6681826623	38127	337.71	728.87	341.20	804.54	2.18	113.73	0.31	57.18	2568.76	-3656.74	2037.11
Saccade R	1	12	6681788496	6681826623	38127	337.71	728.87	341.20	804.54	2.18	113.73	0.31	57.18	2568.76	-3656.74	2037.11
Saccade L	1	14	6681832620	6681881585	48965	351.63	810.61	370.76	573.76	7.06	531.39	0.69	144.18	18518.43	-9079.40	7081.25
Saccade R	1	13	6681832620	6681881585	48965	351.63	810.61	370.76	573.76	7.06	531.39	0.69	144.18	18518.43	-9079.40	7081.25
Saccade L	1	15	6681881585	6681925130	43545	370.76	573.76	298.68	847.43	7.32	508.96	0.25	168.16	9205.48	-16779.35	7837.35
Saccade R	1	14	6681881585	6681925130	43545	370.76	573.76	298.68	847.43	7.32	508.96	0.25	168.16	9205.48	-16779.35	7837.35
Saccade L	1	16	6681950618	6681996612	45994	311.86	852.27	390.95	535.16	7.92	580.59	0.48	172.22	21594.17	-21120.44	13128.11
Blink R	1	3	6681950618	6682095040	144422
Fixation L	1	17	6681996612	6682068610	71998	389.54	530.75	11	18	-1	12.20	12.20
Saccade L	1	17	6682068610	6682095040	26430	384.70	518.11	321.29	789.50	6.59	535.90	0.46	249.26	19378.52	-20175.19	13812.67
Fixation L	1	18	6682095040	6682194732	99692	300.24	759.07	33	78	-1	12.19	12.19
Fixation R	1	17	6682095040	6682194732	99692	300.24	759.07	33	78	-1	12.54	12.54
Saccade L	1	18	6682194732	6682225942	31210	296.86	711.10	307.16	772.18	1.59	104.15	0.32	51.06	3331.15	-3693.76	2390.39
Saccade R	1	15	6682194732	6682225942	31210	296.86	711.10	307.16	772.18	1.59	104.15	0.32	51.06	3331.15	-3693.76	2390.39
Saccade L	1	19	6682256721	6682294727	38006	273.92	764.16	344.86	749.74	1.85	103.37	0.27	48.79	2333.83	-2855.38	1839.29
Saccade R	1	16	6682256721	6682294727	38006	273.92	764.16	344.86	749.74	1.85	103.37	0.27	48.79	2333.83	-2855.38	1839.29
Saccade L	1	20	6682304732	6682334199	29467	341.47	739.53	325.15	685.06	1.44	87.04	0.41	48.71	2765.78	-3082.91	2134.31
Saccade R	1	17	6682304732	6682334199	29467	341.47	739.53	325.15	685.06	1.44	87.04	0.41	48.71	2765.78	-3082.91	2134.31
Fixation L	1	19	6682334199	6682400842	66643	344.01	695.96	36	20	-1	12.07	12.07
Fixation R	1	18	6682334199	6682400842	66643	344.01	695.96	36	20	-1	12.35	12.35
Saccade L	1	21	6682400842	6682424883	24041	357.47	698.69	312.14	705.75	0.99	58.26	0.50	41.27	2245.51	-393.38	1190.84
Saccade R	1	18	6682400842	6682424883	24041	357.47	698.69	312.14	705.75	0.99	58.26	0.50	41.27	2245.51	-393.38	1190.84
Saccade L	1	22	6682424883	6682452839	27956	312.14	705.75	378.60	651.54	1.87	126.08	0.50	66.99	3464.26	-4698.87	2955.43
Saccade R	1	19	6682424883	6682452839	27956	312.14	705.75	378.60	651.54	1.87	126.08	0.50	66.99	3464.26	-4698.87	2955.43
Fixation L	1	20	6682506885	6682590840	83955	352.84	687.50	42	22	-1	12.10	12.10
Fixation R	1	19	6682506885	6682590840	83955	352.84	687.50	42	22	-1	12.32	12.32
Fixation R	1	20	6682629733	6682754965	125232	347.57	644.22	78	238	-1	8.50	8.50
Saccade L	1	23	6682636895	6682750022	113127	336.54	690.75	310.14	727.59	21.07	440.25	0.73	186.24	13419.63	-14458.74	4854.68
Saccade L	1	24	6682839422	6682874949	35527	320.83	753.10	287.76	714.51	1.14	46.46	0.80	32.02	1258.54	-962.94	730.25
Saccade R	1	20	6682839422	6682874949	35527	320.83	753.10	287.76	714.51	1.14	46.46	0.80	32.02	1258.54	-962.94	730.25
Saccade L	1	25	6682967078	6682993210	26132	304.00	718.58	306.92	735.62	1.22	91.87	0.69	46.54	1891.10	-1482.76	917.94
Saccade R	1	21	6682967078	6682993210	26132	304.00	718.58	306.92	735.62	1.22	91.87	0.69	46.54	1891.10	-1482.76	917.94
Saccade L	1	26	6682999095	6683053381	54286	300.35	739.15	323.29	796.44	2.83	94.03	0.74	52.08	2254.85	-3493.44	1153.25
Saccade R	1	22	6682999095	6683053381	54286	300.35	739.15	323.29	796.44	2.83	94.03	0.74	52.08	2254.85	-3493.44	1153.25
Saccade L	1	27	6683087088	6683109098	22010	313.58	798.48	309.43	740.41	1.29	105.07	0.46	58.63	3632.18	-3621.78	2363.39
Saccade R	1	23	6683087088	6683109098	22010	313.58	798.48	309.43	740.41	1.29	105.07	0.46	58.63	3632.18	-3621.78	2363.39
Saccade L	1	28	6683145286	6683177107	31821	320.33	728.28	270.93	732.35	1.30	67.24	0.54	40.83	2271.67	-2655.76	1713.70
Saccade R	1	24	6683145286	6683177107	31821	320.33	728.28	270.93	732.35	1.30	67.24	0.54	40.83	2271.67	-2655.76	1713.70
Fixation L	1	21	6683209222	6683387180	177958	294.68	720.07	13	26	-1	12.43	12.43
Fixation R	1	21	6683209222	6683387180	177958	294.68	720.07	13	26	-1	12.87	12.87
Saccade L	1	29	6683403395	6683431702	28307	305.64	717.73	241.26	705.92	2.20	154.94	0.61	77.84	3652.03	-5035.18	3188.94
Saccade R	1	25	6683403395	6683431702	28307	305.64	717.73	241.26	705.92	2.20	154.94	0.61	77.84	3652.03	-5035.18	3188.94
Fixation L	1	22	6683431702	6683525321	93619	271.96	716.44	62	22	-1	12.77	12.77
Fixation R	1	22	6683431702	6683525321	93619	271.96	716.44	62	22	-1	12.99	12.99
Saccade L	1	30	6683549330	6683585333	36003	259.72	723.23	297.59	750.12	1.23	60.85	0.28	34.22	1142.87	-1621.86	928.51
Saccade R	1	26	6683549330	6683585333	36003	259.72	723.23	297.59	750.12	1.23	60.85	0.28	34.22	1142.87	-1621.86	928.51
Fixation L	1	23	6683643295	6683694664	51369	289.57	738.42	11	17	-1	12.82	12.82
Fixation R	1	23	6683643295	6683694664	51369	289.57	738.42	11	17	-1	13.23	13.23
Saccade L	1	31	6683711418	6683745744	34326	247.98	743.73	257.25	738.41	1.39	101.41	0.29	40.42	49.46	-1702.17	928.73
Saccade R	1	27	6683711418	6683745744	34326	247.98	743.73	257.25	738.41	1.39	101.41	0.29	40.42	49.46	-1702.17	928.73
Fixation L	1	24	6683745744	6684005558	259814	275.77	708.89	32	46	-1	12.86	12.86
Fixation R	1	24	6683745744	6684005558	259814	275.77	708.89	32	46	-1	13.32	13.32
UserEvent	1	148	6683753253	# Message: UE-mouseclick left x=364 y=471
Saccade L	1	32	6684005558	6684031587	26029	258.02	692.10	280.51	789.10	2.15	154.85	0.54	82.71	6297.57	-5563.72	4278.18
Saccade R	1	28	6684005558	6684031587	26029	258.02	692.10	280.51	789.10	2.15	154.85	0.54	82.71	6297.57	-5563.72	4278.18
Fixation L	1	25	6684031587	6684103758	72171	264.19	774.46	34	24	-1	13.10	13.10
Fixation R	1	25	6684031587	6684103758	72171	264.19	774.46	34	24	-1	13.55	13.55
Fixation L	1	26	6684123557	6684235530	111973	283.25	782.49	41	10	-1	12.90	12.90
Fixation R	1	26	6684123557	6684235530	111973	283.25	782.49	41	10	-1	13.43	13.43
Saccade L	1	33	6684329827	6684381662	51835	264.76	746.22	326.90	747.72	1.99	52.50	0.65	38.42	2495.27	-628.01	626.32
Saccade R	1	29	6684329827	6684381662	51835	264.76	746.22	326.90	747.72	1.99	52.50	0.65	38.42	2495.27	-628.01	626.32
Saccade L	1	34	6684381662	6684415661	33999	326.90	747.72	260.22	799.46	1.86	118.95	0.29	54.57	2678.58	-3819.46	1983.96
Saccade R	1	30	6684381662	6684415661	33999	326.90	747.72	260.22	799.46	1.86	118.95	0.29	54.57	2678.58	-3819.46	1983.96
Fixation L	1	27	6684415661	6684577841	162180	284.10	780.56	47	26	-1	12.80	12.80
Fixation R	1	27	6684415661	6684577841	162180	284.10	780.56	47	26	-1	13.50	13.50
Fixation L	1	28	6684659761	6684713769	54008	286.94	740.26	38	25	-1	12.74	12.74
Fixation R	1	28	6684659761	6684713769	54008	286.94	740.26	38	25	-1	13.26	13.26
UserEvent	1	171	6684721233	# Message: UE-mouseclick left x=378 y=531
Saccade L	1	35	6684775151	6684810105	34954	256.30	714.38	294.48	720.31	1.09	41.59	0.31	31.19	1046.95	-1407.64	843.92
Saccade R	1	31	6684775151	6684810105	34954	256.30	714.38	294.48	720.31	1.09	41.59	0.31	31.19	1046.95	-1407.64	843.92
