[BeGaze]
Converted from:	C:\Program Files\SMI\Experiment Suite 360\Experiment Center 2\Results\RC-Attachment-Exp\P12-eye_data.idf
Date:	18.03.2012 20:09:18
Version:	BeGaze 3.0.181
Sample Rate:	500
Subject:	P12
Description:	Run17

Table Header for Fixations:
Event Type	Trial	Number	Start	End	Duration	Location X	Location Y	Dispersion X	Dispersion Y	Plane	Avg. Pupil Size X	Avg. Pupil Size Y

Table Header for Saccades:
Event Type	Trial	Number	Start	End	Duration	Start Loc.X	Start Loc.Y	End Loc.X	End Loc.Y	Amplitude	Peak Speed	Peak Speed At	Average Speed	Peak Accel.	Peak Decel.	Average Accel.

Table Header for Blinks:
Event Type	Trial	Number	Start	End	Duration

Table Header for User Events:
Event Type	Trial	Number	Start	Description

UserEvent	1	1	11186895104	# Message: RC-N2forced-anim-1.jpg
Fixation L	1	1	11186897187	11187103226	206039	490.56	423.03	41	25	-1	12.82	12.82
Fixation R	1	1	11186897187	11187103226	206039	490.56	423.03	41	25	-1	12.30	12.30
Saccade L	1	1	11187103226	11187127170	23944	492.49	430.89	552.40	435.03	1.27	91.26	0.50	52.91	3701.84	-3534.47	2556.83
Saccade R	1	1	11187103226	11187127170	23944	492.49	430.89	552.40	435.03	1.27	91.26	0.50	52.91	3701.84	-3534.47	2556.83
Fixation L	1	2	11187127170	11187301290	174120	559.45	427.45	15	23	-1	12.95	12.95
Fixation R	1	2	11187127170	11187301290	174120	559.45	427.45	15	23	-1	12.43	12.43
Saccade L	1	2	11187301290	11187325294	24004	564.13	435.22	649.86	439.48	1.80	141.29	0.60	74.80	5415.20	-5717.13	3796.01
Saccade R	1	2	11187301290	11187325294	24004	564.13	435.22	649.86	439.48	1.80	141.29	0.60	74.80	5415.20	-5717.13	3796.01
Fixation L	1	3	11187325294	11187561411	236117	644.78	443.06	17	14	-1	13.05	13.05
Fixation R	1	3	11187325294	11187561411	236117	644.78	443.06	17	14	-1	12.45	12.45
Saccade L	1	3	11187561411	11187589433	28022	646.09	447.45	759.55	439.45	2.45	166.37	0.50	87.38	7178.22	-6927.31	5131.51
Saccade R	1	3	11187561411	11187589433	28022	646.09	447.45	759.55	439.45	2.45	166.37	0.50	87.38	7178.22	-6927.31	5131.51
Fixation L	1	4	11187589433	11187796377	206944	759.58	422.39	20	33	-1	12.99	12.99
Fixation R	1	4	11187589433	11187796377	206944	759.58	422.39	20	33	-1	12.55	12.55
Saccade L	1	4	11187796377	11187863890	67513	755.80	409.57	814.96	409.46	4.77	145.74	0.22	70.59	6372.61	-3645.28	2536.42
Saccade R	1	4	11187796377	11187863890	67513	755.80	409.57	814.96	409.46	4.77	145.74	0.22	70.59	6372.61	-3645.28	2536.42
Fixation L	1	5	11187863890	11187917526	53636	849.20	412.36	57	5	-1	12.89	12.89
Fixation R	1	5	11187863890	11187917526	53636	849.20	412.36	57	5	-1	12.51	12.51
Saccade L	1	5	11187917526	11187979528	62002	868.43	409.95	864.97	489.12	3.27	119.25	0.35	52.68	4611.05	-3473.68	2436.12
Saccade R	1	5	11187917526	11187979528	62002	868.43	409.95	864.97	489.12	3.27	119.25	0.35	52.68	4611.05	-3473.68	2436.12
Saccade L	1	6	11187979528	11188007527	27999	864.97	489.12	778.15	434.86	2.11	143.99	0.44	75.50	4309.03	-5829.60	3585.58
Saccade R	1	6	11187979528	11188007527	27999	864.97	489.12	778.15	434.86	2.11	143.99	0.44	75.50	4309.03	-5829.60	3585.58
Fixation L	1	6	11188007527	11188355777	348250	771.24	417.14	19	35	-1	12.55	12.55
Fixation R	1	6	11188007527	11188355777	348250	771.24	417.14	19	35	-1	12.14	12.14
Saccade L	1	7	11188355777	11188379770	23993	769.85	418.88	883.64	405.90	2.47	210.83	0.50	103.15	8026.73	-7505.43	5393.70
Saccade R	1	7	11188355777	11188379770	23993	769.85	418.88	883.64	405.90	2.47	210.83	0.50	103.15	8026.73	-7505.43	5393.70
Fixation L	1	7	11188379770	11188429823	50053	878.04	399.19	8	8	-1	12.45	12.45
Fixation R	1	7	11188379770	11188429823	50053	878.04	399.19	8	8	-1	12.08	12.08
Saccade L	1	8	11188429823	11188457764	27941	877.38	398.53	833.15	451.70	1.44	83.34	0.36	51.53	3585.87	-3364.59	2497.57
Saccade R	1	8	11188429823	11188457764	27941	877.38	398.53	833.15	451.70	1.44	83.34	0.36	51.53	3585.87	-3364.59	2497.57
Saccade L	1	9	11188485781	11188509780	23999	832.80	449.88	861.33	405.95	1.10	66.15	0.50	45.84	2744.68	-697.80	1228.85
Saccade R	1	9	11188485781	11188509780	23999	832.80	449.88	861.33	405.95	1.10	66.15	0.50	45.84	2744.68	-697.80	1228.85
Saccade L	1	10	11188509780	11188539763	29983	861.33	405.95	804.73	390.11	1.39	80.67	0.33	46.48	1094.46	-2824.51	1372.31
Saccade R	1	10	11188509780	11188539763	29983	861.33	405.95	804.73	390.11	1.39	80.67	0.33	46.48	1094.46	-2824.51	1372.31
Saccade L	1	11	11188561770	11188593927	32157	810.09	377.94	893.13	401.98	1.94	110.20	0.56	60.46	4038.59	-4646.11	3147.34
Saccade R	1	11	11188561770	11188593927	32157	810.09	377.94	893.13	401.98	1.94	110.20	0.56	60.46	4038.59	-4646.11	3147.34
Fixation L	1	8	11188593927	11188872768	278841	902.17	412.62	30	31	-1	12.41	12.41
Fixation R	1	8	11188593927	11188872768	278841	902.17	412.62	30	31	-1	12.25	12.25
Saccade L	1	12	11188872768	11188900010	27242	915.40	433.16	1007.11	428.90	1.90	123.24	0.49	69.78	4803.75	-4969.17	3565.82
Saccade R	1	12	11188872768	11188900010	27242	915.40	433.16	1007.11	428.90	1.90	123.24	0.49	69.78	4803.75	-4969.17	3565.82
Fixation L	1	9	11188900010	11189116002	215992	999.21	412.49	20	32	-1	12.24	12.24
Fixation R	1	9	11188900010	11189116002	215992	999.21	412.49	20	32	-1	12.02	12.02
Saccade L	1	13	11189116002	11189146159	30157	992.28	416.11	1090.40	404.63	2.14	141.63	0.40	70.81	5548.53	-5147.87	3751.20
Saccade R	1	13	11189116002	11189146159	30157	992.28	416.11	1090.40	404.63	2.14	141.63	0.40	70.81	5548.53	-5147.87	3751.20
Fixation L	1	10	11189146159	11189295039	148880	1102.33	412.53	26	14	-1	12.22	12.22
Fixation R	1	10	11189146159	11189295039	148880	1102.33	412.53	26	14	-1	11.96	11.96
Saccade L	1	14	11189295039	11189320131	25092	1085.68	403.00	1153.53	423.78	1.59	114.51	0.44	63.49	4095.24	-4481.10	3026.89
Saccade R	1	14	11189295039	11189320131	25092	1085.68	403.00	1153.53	423.78	1.59	114.51	0.44	63.49	4095.24	-4481.10	3026.89
Fixation L	1	11	11189320131	11189724237	404106	1154.52	441.32	16	31	-1	12.26	12.26
Fixation R	1	11	11189320131	11189724237	404106	1154.52	441.32	16	31	-1	11.90	11.90
Saccade L	1	15	11189724237	11189786382	62145	1151.68	446.19	960.20	901.22	11.58	349.56	0.42	186.38	15171.08	-9519.23	8722.74
Saccade R	1	15	11189724237	11189786382	62145	1151.68	446.19	960.20	901.22	11.58	349.56	0.42	186.38	15171.08	-9519.23	8722.74
Fixation L	1	12	11189786382	11189918399	132017	968.68	907.76	31	24	-1	12.85	12.85
Fixation R	1	12	11189786382	11189918399	132017	968.68	907.76	31	24	-1	12.15	12.15
Saccade L	1	16	11189918399	11189942362	23963	976.99	915.81	908.40	977.34	1.90	143.59	0.50	79.39	5930.13	-5573.77	4063.17
Saccade R	1	16	11189918399	11189942362	23963	976.99	915.81	908.40	977.34	1.90	143.59	0.50	79.39	5930.13	-5573.77	4063.17
Fixation L	1	13	11189942362	11190118495	176133	906.54	975.92	25	29	-1	12.67	12.67
Fixation R	1	13	11189942362	11190118495	176133	906.54	975.92	25	29	-1	12.31	12.31
Saccade L	1	17	11190118495	11190148485	29990	921.82	980.08	874.25	1014.52	1.50	100.17	0.33	49.95	3177.13	-3749.30	2380.13
Saccade R	1	17	11190118495	11190148485	29990	921.82	980.08	874.25	1014.52	1.50	100.17	0.33	49.95	3177.13	-3749.30	2380.13
Fixation L	1	14	11190148485	11190286602	138117	861.63	1009.10	28	25	-1	12.60	12.60
Fixation R	1	14	11190148485	11190286602	138117	861.63	1009.10	28	25	-1	12.31	12.31
