[BeGaze]
Converted from:	C:\Program Files\SMI\Experiment Suite 360\Experiment Center 2\Results\RC-Attachment-Exp\P16-eye_data.idf
Date:	18.03.2012 20:12:28
Version:	BeGaze 3.0.181
Sample Rate:	500
Subject:	P16
Description:	Run21

Table Header for Fixations:
Event Type	Trial	Number	Start	End	Duration	Location X	Location Y	Dispersion X	Dispersion Y	Plane	Avg. Pupil Size X	Avg. Pupil Size Y

Table Header for Saccades:
Event Type	Trial	Number	Start	End	Duration	Start Loc.X	Start Loc.Y	End Loc.X	End Loc.Y	Amplitude	Peak Speed	Peak Speed At	Average Speed	Peak Accel.	Peak Decel.	Average Accel.

Table Header for Blinks:
Event Type	Trial	Number	Start	End	Duration

Table Header for User Events:
Event Type	Trial	Number	Start	Description

UserEvent	1	1	1814053074	# Message: Dist-srthm-24.jpg
Fixation L	1	1	1814055606	1814939238	883632	510.35	452.65	73	34	-1	10.38	10.38
Fixation R	1	1	1814055606	1814939238	883632	510.35	452.65	73	34	-1	10.25	10.25
Saccade L	1	1	1814939238	1814965244	26006	533.73	458.35	619.31	458.91	1.75	120.16	0.46	67.19	4449.83	-4387.49	3144.65
Saccade R	1	1	1814939238	1814965244	26006	533.73	458.35	619.31	458.91	1.75	120.16	0.46	67.19	4449.83	-4387.49	3144.65
Fixation L	1	2	1814965244	1815409470	444226	609.43	450.49	19	24	-1	10.57	10.57
Fixation R	1	2	1814965244	1815409470	444226	609.43	450.49	19	24	-1	10.47	10.47
Saccade L	1	2	1815409470	1815445467	35997	606.49	447.20	752.31	442.53	3.15	176.34	0.39	87.41	7515.94	-7004.93	5098.47
Saccade R	1	2	1815409470	1815445467	35997	606.49	447.20	752.31	442.53	3.15	176.34	0.39	87.41	7515.94	-7004.93	5098.47
Fixation L	1	3	1815445467	1815705589	260122	748.55	440.97	19	17	-1	10.22	10.22
Fixation R	1	3	1815445467	1815705589	260122	748.55	440.97	19	17	-1	10.30	10.30
Saccade L	1	3	1815705589	1815733588	27999	749.24	444.78	814.83	446.24	1.54	96.27	0.56	55.06	3715.23	-3560.58	2620.55
Saccade R	1	3	1815705589	1815733588	27999	749.24	444.78	814.83	446.24	1.54	96.27	0.56	55.06	3715.23	-3560.58	2620.55
Fixation L	1	4	1815733588	1815875581	141993	798.38	444.58	25	28	-1	10.12	10.12
Fixation R	1	4	1815733588	1815875581	141993	798.38	444.58	25	28	-1	10.32	10.32
Saccade L	1	4	1815875581	1815905590	30009	790.16	438.10	864.71	439.84	1.60	90.40	0.44	53.35	3842.54	-3406.59	2630.12
Saccade R	1	4	1815875581	1815905590	30009	790.16	438.10	864.71	439.84	1.60	90.40	0.44	53.35	3842.54	-3406.59	2630.12
Fixation L	1	5	1815905590	1816112212	206622	869.90	439.72	21	26	-1	9.89	9.89
Fixation R	1	5	1815905590	1816112212	206622	869.90	439.72	21	26	-1	9.98	9.98
Saccade L	1	5	1816112212	1816147696	35484	882.60	447.05	933.69	437.02	1.11	41.85	0.38	31.22	1188.17	-1139.04	873.81
Saccade R	1	5	1816112212	1816147696	35484	882.60	447.05	933.69	437.02	1.11	41.85	0.38	31.22	1188.17	-1139.04	873.81
Fixation L	1	6	1816147696	1816373809	226113	940.91	432.10	17	27	-1	9.98	9.98
Fixation R	1	6	1816147696	1816373809	226113	940.91	432.10	17	27	-1	10.17	10.17
Fixation L	1	7	1816409809	1816549929	140120	942.52	424.88	12	21	-1	9.87	9.87
Fixation R	1	7	1816409809	1816549929	140120	942.52	424.88	12	21	-1	9.98	9.98
Saccade L	1	6	1816549929	1816593930	44001	943.77	419.44	1046.24	423.37	2.25	109.24	0.23	51.22	4207.18	-2944.89	1964.86
Saccade R	1	6	1816549929	1816593930	44001	943.77	419.44	1046.24	423.37	2.25	109.24	0.23	51.22	4207.18	-2944.89	1964.86
Fixation L	1	8	1816593930	1816798816	204886	1039.96	419.89	21	26	-1	9.47	9.47
Fixation R	1	8	1816593930	1816798816	204886	1039.96	419.89	21	26	-1	9.78	9.78
Saccade L	1	7	1816798816	1816822041	23225	1038.80	421.60	1116.19	419.58	1.55	123.36	0.40	66.66	4694.92	-4765.30	3345.40
Saccade R	1	7	1816798816	1816822041	23225	1038.80	421.60	1116.19	419.58	1.55	123.36	0.40	66.66	4694.92	-4765.30	3345.40
Fixation L	1	9	1816822041	1817168204	346163	1112.02	425.93	21	19	-1	9.36	9.36
Fixation R	1	9	1816822041	1817168204	346163	1112.02	425.93	21	19	-1	9.71	9.71
Saccade L	1	8	1817168204	1817206150	37946	1108.90	436.13	915.51	422.12	4.74	236.22	0.37	125.01	10427.95	-10009.37	7537.04
Saccade R	1	8	1817168204	1817206150	37946	1108.90	436.13	915.51	422.12	4.74	236.22	0.37	125.01	10427.95	-10009.37	7537.04
Fixation L	1	10	1817206150	1817446269	240119	914.76	428.76	18	32	-1	9.88	9.88
Fixation R	1	10	1817206150	1817446269	240119	914.76	428.76	18	32	-1	10.07	10.07
Saccade L	1	9	1817446269	1817472270	26001	915.38	435.55	841.27	437.59	1.63	119.10	0.54	62.50	4991.23	-4279.67	3379.25
Saccade R	1	9	1817446269	1817472270	26001	915.38	435.55	841.27	437.59	1.63	119.10	0.54	62.50	4991.23	-4279.67	3379.25
Fixation L	1	11	1817472270	1817720388	248118	834.13	424.08	59	36	-1	9.95	9.95
Fixation R	1	11	1817472270	1817720388	248118	834.13	424.08	59	36	-1	10.29	10.29
Saccade L	1	10	1817720388	1817750383	29995	827.64	423.22	735.20	427.07	2.57	172.27	0.49	85.83	5966.83	-5938.70	4111.28
Saccade R	1	10	1817720388	1817750383	29995	827.64	423.22	735.20	427.07	2.57	172.27	0.49	85.83	5966.83	-5938.70	4111.28
Fixation L	1	12	1817750383	1817936515	186132	740.24	433.19	17	15	-1	10.07	10.07
Fixation R	1	12	1817750383	1817936515	186132	740.24	433.19	17	15	-1	10.37	10.37
Saccade L	1	11	1817936515	1817966498	29983	744.64	432.12	626.80	438.53	2.58	159.52	0.59	85.93	6696.64	-6828.12	4975.72
Saccade R	1	11	1817936515	1817966498	29983	744.64	432.12	626.80	438.53	2.58	159.52	0.59	85.93	6696.64	-6828.12	4975.72
Fixation L	1	13	1817966498	1818275521	309023	624.43	436.98	14	18	-1	10.10	10.10
Fixation R	1	13	1817966498	1818275521	309023	624.43	436.98	14	18	-1	10.22	10.22
Saccade L	1	12	1818275521	1818304608	29087	617.44	433.17	539.80	438.14	1.62	99.62	0.45	55.72	4039.46	-3943.56	2928.11
Saccade R	1	12	1818275521	1818304608	29087	617.44	433.17	539.80	438.14	1.62	99.62	0.45	55.72	4039.46	-3943.56	2928.11
Saccade L	1	13	1818330605	1818358616	28011	540.63	442.52	568.54	416.22	0.88	43.89	0.50	31.34	1654.44	-1330.90	1039.54
Saccade R	1	13	1818330605	1818358616	28011	540.63	442.52	568.54	416.22	0.88	43.89	0.50	31.34	1654.44	-1330.90	1039.54
Fixation L	1	14	1818358616	1818433374	74758	560.72	425.74	24	28	-1	9.88	9.88
Fixation R	1	14	1818358616	1818433374	74758	560.72	425.74	24	28	-1	10.06	10.06
Saccade L	1	14	1818433374	1818472722	39348	542.99	436.23	810.59	443.24	5.95	296.31	0.39	151.23	12593.89	-12306.73	9060.07
Saccade R	1	14	1818433374	1818472722	39348	542.99	436.23	810.59	443.24	5.95	296.31	0.39	151.23	12593.89	-12306.73	9060.07
Fixation L	1	15	1818472722	1818522839	50117	807.57	439.76	17	20	-1	9.92	9.92
Fixation R	1	15	1818472722	1818522839	50117	807.57	439.76	17	20	-1	10.38	10.38
Fixation L	1	16	1818660850	1818721447	60597	926.11	528.41	39	6	-1	10.24	10.24
Fixation R	1	16	1818660850	1818721447	60597	926.11	528.41	39	6	-1	10.64	10.64
Blink L	1	1	1818721447	1818850838	129391
Saccade R	1	15	1818721447	1818756842	35395	927.71	533.53	895.64	421.92	2.51	146.28	0.27	70.88	5605.10	-5207.08	3719.77
Fixation R	1	17	1818756842	1818824838	67996	887.52	427.92	21	22	-1	10.56	10.56
Saccade R	1	16	1818824838	1818850838	26000	880.29	440.40	976.86	429.10	2.13	162.15	0.46	82.02	6196.36	-6160.53	4373.49
Fixation L	1	17	1818850838	1818944961	94123	964.61	441.66	24	35	-1	0.00	0.00
Fixation R	1	18	1818850838	1818944961	94123	964.61	441.66	24	35	-1	10.48	10.48
Blink L	1	2	1818944961	1819062951	117990
Saccade R	1	17	1819008953	1819062951	53998	967.27	456.24	1073.62	438.23	3.23	171.95	0.48	59.74	6082.67	-6021.75	3226.58
Blink L	1	3	1819112949	1819739174	626225
Blink R	1	1	1819112949	1819739174	626225
Fixation L	1	18	1819739174	1820121403	382229	893.07	908.29	53	37	-1	11.31	11.31
Fixation R	1	19	1819739174	1820121403	382229	893.07	908.29	53	37	-1	11.37	11.37
Saccade L	1	15	1820121403	1820159519	38116	873.56	918.55	895.33	971.22	1.53	69.45	0.42	40.22	2555.85	-2196.11	1596.02
Saccade R	1	18	1820121403	1820159519	38116	873.56	918.55	895.33	971.22	1.53	69.45	0.42	40.22	2555.85	-2196.11	1596.02
Saccade L	1	16	1820207406	1820231399	23993	915.96	960.21	938.16	953.61	0.76	48.47	0.52	31.54	1500.32	-1547.17	999.37
Saccade R	1	19	1820207406	1820231399	23993	915.96	960.21	938.16	953.61	0.76	48.47	0.52	31.54	1500.32	-1547.17	999.37
