[BeGaze]
Converted from:	C:\Program Files\SMI\Experiment Suite 360\Experiment Center 2\Results\RC-Attachment-Exp\Denek01-eye_data.idf
Date:	18.03.2012 20:03:34
Version:	BeGaze 3.0.181
Sample Rate:	500
Subject:	Denek01
Description:	Run4

Table Header for Fixations:
Event Type	Trial	Number	Start	End	Duration	Location X	Location Y	Dispersion X	Dispersion Y	Plane	Avg. Pupil Size X	Avg. Pupil Size Y

Table Header for Saccades:
Event Type	Trial	Number	Start	End	Duration	Start Loc.X	Start Loc.Y	End Loc.X	End Loc.Y	Amplitude	Peak Speed	Peak Speed At	Average Speed	Peak Accel.	Peak Decel.	Average Accel.

Table Header for Blinks:
Event Type	Trial	Number	Start	End	Duration

Table Header for User Events:
Event Type	Trial	Number	Start	Description

UserEvent	1	1	1977597533	# Message: Questionnaire16.jpg
Fixation L	1	1	1977600522	1977945314	344792	922.39	924.93	38	37	-1	13.59	13.59
Fixation R	1	1	1977600522	1977945314	344792	922.39	924.93	38	37	-1	14.53	14.53
Saccade L	1	1	1977945314	1978059184	113870	942.96	920.30	449.75	325.25	18.97	411.05	0.37	166.61	16776.76	-10310.48	6423.08
Saccade R	1	1	1977945314	1978059184	113870	942.96	920.30	449.75	325.25	18.97	411.05	0.37	166.61	16776.76	-10310.48	6423.08
Fixation L	1	2	1978059184	1978271304	212120	446.35	329.60	32	28	-1	13.58	13.58
Fixation R	1	2	1978059184	1978271304	212120	446.35	329.60	32	28	-1	14.26	14.26
Saccade L	1	2	1978271304	1978311300	39996	446.63	333.76	596.16	320.97	3.37	214.89	0.30	84.17	8511.29	-8203.28	4992.64
Saccade R	1	2	1978271304	1978311300	39996	446.63	333.76	596.16	320.97	3.37	214.89	0.30	84.17	8511.29	-8203.28	4992.64
Fixation L	1	3	1978311300	1978589413	278113	603.47	328.27	17	36	-1	14.38	14.38
Fixation R	1	3	1978311300	1978589413	278113	603.47	328.27	17	36	-1	15.14	15.14
Saccade L	1	3	1978589413	1978611411	21998	614.08	334.64	545.16	330.95	1.47	118.20	0.58	66.96	4672.12	-4458.56	3020.86
Saccade R	1	3	1978589413	1978611411	21998	614.08	334.64	545.16	330.95	1.47	118.20	0.58	66.96	4672.12	-4458.56	3020.86
Saccade L	1	4	1978645538	1978677088	31550	550.94	337.41	550.41	329.52	5.55	211.21	0.40	175.86	10020.96	-9983.80	7880.33
Saccade R	1	4	1978645538	1978677088	31550	550.94	337.41	550.41	329.52	5.55	211.21	0.40	175.86	10020.96	-9983.80	7880.33
Fixation L	1	4	1978677088	1978795532	118444	550.69	332.25	12	17	-1	15.34	15.34
Fixation R	1	4	1978677088	1978795532	118444	550.69	332.25	12	17	-1	16.23	16.23
Saccade L	1	5	1978795532	1978841529	45997	555.22	331.98	656.67	340.14	7.76	342.72	0.61	168.63	11034.53	-12228.33	8165.42
Saccade R	1	5	1978795532	1978841529	45997	555.22	331.98	656.67	340.14	7.76	342.72	0.61	168.63	11034.53	-12228.33	8165.42
Fixation L	1	5	1978841529	1978979650	138121	669.52	331.77	19	12	-1	15.88	15.88
Fixation R	1	5	1978841529	1978979650	138121	669.52	331.77	19	12	-1	16.75	16.75
Saccade L	1	6	1978979650	1979007645	27995	668.15	338.77	760.34	346.08	2.09	138.89	0.43	74.75	5579.16	-5427.10	3959.93
Saccade R	1	6	1978979650	1979007645	27995	668.15	338.77	760.34	346.08	2.09	138.89	0.43	74.75	5579.16	-5427.10	3959.93
Fixation L	1	6	1979007645	1979069642	61997	754.12	341.82	14	8	-1	16.13	16.13
Fixation R	1	6	1979007645	1979069642	61997	754.12	341.82	14	8	-1	16.92	16.92
Saccade L	1	7	1979069642	1979117643	48001	755.47	342.97	352.69	351.17	8.88	381.87	0.37	184.90	16735.31	-12532.96	10132.01
Saccade R	1	7	1979069642	1979117643	48001	755.47	342.97	352.69	351.17	8.88	381.87	0.37	184.90	16735.31	-12532.96	10132.01
Blink L	1	1	1979157782	1979189319	31537
Blink R	1	1	1979157782	1979189319	31537
Fixation L	1	7	1979189319	1979449877	260558	376.51	341.60	14	24	-1	16.06	16.06
Fixation R	1	7	1979189319	1979449877	260558	376.51	341.60	14	24	-1	16.99	16.99
Saccade L	1	8	1979449877	1979485957	36080	379.43	328.59	494.28	338.29	2.58	157.39	0.33	71.57	6457.27	-5775.36	4088.57
Saccade R	1	8	1979449877	1979485957	36080	379.43	328.59	494.28	338.29	2.58	157.39	0.33	71.57	6457.27	-5775.36	4088.57
Blink L	1	2	1979501877	1979531877	30000
Blink R	1	2	1979501877	1979531877	30000
Fixation L	1	8	1979531877	1979879764	347887	493.98	336.54	22	31	-1	15.86	15.86
Fixation R	1	8	1979531877	1979879764	347887	493.98	336.54	22	31	-1	16.96	16.96
Saccade L	1	9	1979879764	1979904006	24242	492.51	348.60	589.87	341.75	1.93	146.06	0.50	79.69	6076.35	-5778.04	4284.17
Saccade R	1	9	1979879764	1979904006	24242	492.51	348.60	589.87	341.75	1.93	146.06	0.50	79.69	6076.35	-5778.04	4284.17
Fixation L	1	9	1979904006	1980074819	170813	600.91	327.73	20	25	-1	15.87	15.87
Fixation R	1	9	1979904006	1980074819	170813	600.91	327.73	20	25	-1	17.00	17.00
Saccade L	1	10	1980074819	1980098110	23291	588.48	340.41	651.65	347.00	1.30	94.11	0.49	55.88	3518.37	-3715.76	2591.42
Saccade R	1	10	1980074819	1980098110	23291	588.48	340.41	651.65	347.00	1.30	94.11	0.49	55.88	3518.37	-3715.76	2591.42
Fixation L	1	10	1980098110	1980318228	220118	662.26	343.03	19	18	-1	16.05	16.05
Fixation R	1	10	1980098110	1980318228	220118	662.26	343.03	19	18	-1	17.20	17.20
Saccade L	1	11	1980318228	1980340234	22006	661.61	340.23	621.03	335.09	0.83	56.88	0.45	37.87	2182.81	-2213.05	1526.41
Saccade R	1	11	1980318228	1980340234	22006	661.61	340.23	621.03	335.09	0.83	56.88	0.45	37.87	2182.81	-2213.05	1526.41
Fixation L	1	11	1980340234	1980566364	226130	614.12	343.14	21	20	-1	16.15	16.15
Fixation R	1	11	1980340234	1980566364	226130	614.12	343.14	21	20	-1	17.17	17.17
Saccade L	1	12	1980566364	1980590342	23978	607.07	335.96	676.37	352.02	1.53	115.56	0.50	63.97	4675.72	-4343.01	3169.33
Saccade R	1	12	1980566364	1980590342	23978	607.07	335.96	676.37	352.02	1.53	115.56	0.50	63.97	4675.72	-4343.01	3169.33
Fixation L	1	12	1980590342	1980690324	99982	671.32	344.95	15	19	-1	15.97	15.97
Fixation R	1	12	1980590342	1980690324	99982	671.32	344.95	15	19	-1	16.80	16.80
Saccade L	1	13	1980690324	1980714326	24002	671.47	333.35	740.98	335.98	1.47	109.98	0.50	61.37	4074.43	-4393.00	2923.21
Saccade R	1	13	1980690324	1980714326	24002	671.47	333.35	740.98	335.98	1.47	109.98	0.50	61.37	4074.43	-4393.00	2923.21
Fixation L	1	13	1980714326	1980938445	224119	738.60	337.33	14	20	-1	15.80	15.80
Fixation R	1	13	1980714326	1980938445	224119	738.60	337.33	14	20	-1	16.56	16.56
Saccade L	1	14	1980938445	1980988443	49998	738.74	328.64	439.11	343.99	6.72	266.73	0.36	134.41	11887.99	-10019.22	7540.10
Saccade R	1	14	1980938445	1980988443	49998	738.74	328.64	439.11	343.99	6.72	266.73	0.36	134.41	11887.99	-10019.22	7540.10
Fixation L	1	14	1980988443	1981200600	212157	429.50	349.33	16	17	-1	15.73	15.73
Fixation R	1	14	1980988443	1981200600	212157	429.50	349.33	16	17	-1	16.32	16.32
Saccade L	1	15	1981200600	1981228612	28012	426.60	347.14	486.56	343.02	1.34	83.00	0.50	47.92	3317.88	-3491.55	2456.37
Saccade R	1	15	1981200600	1981228612	28012	426.60	347.14	486.56	343.02	1.34	83.00	0.50	47.92	3317.88	-3491.55	2456.37
Fixation L	1	15	1981228612	1981396915	168303	495.80	353.29	17	32	-1	16.00	16.00
Fixation R	1	15	1981228612	1981396915	168303	495.80	353.29	17	32	-1	16.37	16.37
Saccade L	1	16	1981396915	1981424856	27941	492.62	360.70	389.93	363.26	2.29	157.84	0.49	81.81	6296.49	-6539.74	4676.85
Saccade R	1	16	1981396915	1981424856	27941	492.62	360.70	389.93	363.26	2.29	157.84	0.49	81.81	6296.49	-6539.74	4676.85
Fixation L	1	16	1981424856	1981728827	303971	392.09	358.24	18	16	-1	15.79	15.79
Fixation R	1	16	1981424856	1981728827	303971	392.09	358.24	18	16	-1	16.27	16.27
Saccade L	1	17	1981728827	1981753594	24767	390.54	356.29	400.29	435.36	1.78	131.74	0.48	71.77	5142.62	-5365.95	3657.94
Saccade R	1	17	1981728827	1981753594	24767	390.54	356.29	400.29	435.36	1.78	131.74	0.48	71.77	5142.62	-5365.95	3657.94
Fixation L	1	17	1981753594	1982709476	955882	401.93	435.23	33	39	-1	15.92	15.92
Fixation R	1	17	1981753594	1982709476	955882	401.93	435.23	33	39	-1	16.74	16.74
Blink L	1	3	1982709476	1982877248	167772
Blink R	1	3	1982709476	1982877248	167772
Fixation L	1	18	1982929266	1983241473	312207	396.86	463.63	40	36	-1	15.97	15.97
Fixation R	1	18	1982929266	1983241473	312207	396.86	463.63	40	36	-1	16.72	16.72
Saccade L	1	18	1983241473	1983265890	24417	407.29	460.54	410.31	427.34	0.76	41.57	0.49	31.04	816.22	-1699.10	861.05
Saccade R	1	18	1983241473	1983265890	24417	407.29	460.54	410.31	427.34	0.76	41.57	0.49	31.04	816.22	-1699.10	861.05
Fixation L	1	19	1983265890	1984344844	1078954	382.46	413.14	54	63	-1	15.61	15.61
Fixation R	1	19	1983265890	1984344844	1078954	382.46	413.14	54	63	-1	16.36	16.36
UserEvent	1	165	1984118132	# Message: UE-mouseclick left x=398 y=440
Saccade L	1	19	1984344844	1984371975	27131	380.41	415.18	389.81	467.22	1.10	61.39	0.49	40.53	2415.74	-2393.04	1757.59
Saccade R	1	19	1984344844	1984371975	27131	380.41	415.18	389.81	467.22	1.10	61.39	0.49	40.53	2415.74	-2393.04	1757.59
Fixation L	1	20	1984371975	1984614049	242074	403.48	482.74	31	24	-1	16.39	16.39
Fixation R	1	20	1984371975	1984614049	242074	403.48	482.74	31	24	-1	17.25	17.25
Saccade L	1	20	1984614049	1984666086	52037	401.38	490.55	558.55	333.51	5.52	229.70	0.38	106.07	9721.49	-8105.51	4685.58
Saccade R	1	20	1984614049	1984666086	52037	401.38	490.55	558.55	333.51	5.52	229.70	0.38	106.07	9721.49	-8105.51	4685.58
UserEvent	1	178	1984622244	# Message: UE-mouseclick left x=397 y=521
