[BeGaze]
Converted from:	C:\Program Files\SMI\Experiment Suite 360\Experiment Center 2\Results\RC-Attachment-Exp\P18-eye_data.idf
Date:	18.03.2012 20:14:19
Version:	BeGaze 3.0.181
Sample Rate:	500
Subject:	P18
Description:	Run23

Table Header for Fixations:
Event Type	Trial	Number	Start	End	Duration	Location X	Location Y	Dispersion X	Dispersion Y	Plane	Avg. Pupil Size X	Avg. Pupil Size Y

Table Header for Saccades:
Event Type	Trial	Number	Start	End	Duration	Start Loc.X	Start Loc.Y	End Loc.X	End Loc.Y	Amplitude	Peak Speed	Peak Speed At	Average Speed	Peak Accel.	Peak Decel.	Average Accel.

Table Header for Blinks:
Event Type	Trial	Number	Start	End	Duration

Table Header for User Events:
Event Type	Trial	Number	Start	Description

UserEvent	1	1	17505950935	# Message: RC-N2forced-nonanim-6.jpg
Fixation L	1	1	17505965321	17506269436	304115	482.52	403.95	40	47	-1	9.87	9.87
Fixation R	1	1	17505965321	17506269436	304115	482.52	403.95	40	47	-1	9.97	9.97
Saccade L	1	1	17506269436	17506297434	27998	465.10	376.64	505.00	401.52	0.96	49.71	0.36	34.22	1698.56	-1416.92	1126.62
Saccade R	1	1	17506269436	17506297434	27998	465.10	376.64	505.00	401.52	0.96	49.71	0.36	34.22	1698.56	-1416.92	1126.62
Fixation L	1	2	17506297434	17506599544	302110	475.55	399.71	48	58	-1	10.08	10.08
Fixation R	1	2	17506297434	17506599544	302110	475.55	399.71	48	58	-1	10.21	10.21
Saccade L	1	2	17506599544	17506621671	22127	482.36	429.88	527.22	404.56	1.10	83.56	0.55	49.92	2240.75	-3031.69	1800.63
Saccade R	1	2	17506599544	17506621671	22127	482.36	429.88	527.22	404.56	1.10	83.56	0.55	49.92	2240.75	-3031.69	1800.63
Fixation L	1	3	17506621671	17506935769	314098	526.59	408.16	21	35	-1	10.22	10.22
Fixation R	1	3	17506621671	17506935769	314098	526.59	408.16	21	35	-1	10.23	10.23
Saccade L	1	3	17506935769	17506977824	42055	529.42	406.86	606.60	389.91	1.85	74.08	0.38	43.97	2766.92	-2092.05	1719.44
Saccade R	1	3	17506935769	17506977824	42055	529.42	406.86	606.60	389.91	1.85	74.08	0.38	43.97	2766.92	-2092.05	1719.44
Fixation L	1	4	17506977824	17507123904	146080	606.72	419.32	22	53	-1	10.03	10.03
Fixation R	1	4	17506977824	17507123904	146080	606.72	419.32	22	53	-1	10.10	10.10
Fixation L	1	5	17507143758	17507277883	134125	656.01	445.47	28	27	-1	9.96	9.96
Fixation R	1	5	17507143758	17507277883	134125	656.01	445.47	28	27	-1	10.06	10.06
Saccade L	1	4	17507295912	17507323905	27993	650.26	420.39	725.14	443.89	1.82	133.50	0.50	65.02	3716.21	-4479.67	2919.11
Saccade R	1	4	17507295912	17507323905	27993	650.26	420.39	725.14	443.89	1.82	133.50	0.50	65.02	3716.21	-4479.67	2919.11
Fixation L	1	6	17507323905	17507590625	266720	740.93	428.39	37	28	-1	9.90	9.90
Fixation R	1	6	17507323905	17507590625	266720	740.93	428.39	37	28	-1	10.11	10.11
Saccade L	1	5	17507590625	17507614002	23377	746.58	417.63	666.37	425.84	1.70	134.39	0.49	72.68	4896.90	-5289.56	3559.43
Saccade R	1	5	17507590625	17507614002	23377	746.58	417.63	666.37	425.84	1.70	134.39	0.49	72.68	4896.90	-5289.56	3559.43
Fixation L	1	7	17507614002	17507848108	234106	658.41	430.77	38	51	-1	10.00	10.00
Fixation R	1	7	17507614002	17507848108	234106	658.41	430.77	38	51	-1	10.19	10.19
Saccade L	1	6	17507848108	17507890179	42071	655.07	457.93	593.14	429.47	1.86	101.72	0.67	44.13	3224.58	-3363.13	1954.40
Saccade R	1	6	17507848108	17507890179	42071	655.07	457.93	593.14	429.47	1.86	101.72	0.67	44.13	3224.58	-3363.13	1954.40
Fixation L	1	8	17507890179	17508050242	160063	568.54	443.68	39	26	-1	10.07	10.07
Fixation R	1	8	17507890179	17508050242	160063	568.54	443.68	39	26	-1	10.48	10.48
Saccade L	1	7	17508050242	17508088229	37987	563.18	456.56	779.00	457.61	4.80	225.22	0.37	126.36	9246.02	-8181.04	6299.55
Saccade R	1	7	17508050242	17508088229	37987	563.18	456.56	779.00	457.61	4.80	225.22	0.37	126.36	9246.02	-8181.04	6299.55
Saccade L	1	8	17508118254	17508146386	28132	748.25	461.34	783.01	435.22	0.89	42.08	0.43	31.66	1603.13	-1558.46	1124.88
Saccade R	1	8	17508118254	17508146386	28132	748.25	461.34	783.01	435.22	0.89	42.08	0.43	31.66	1603.13	-1558.46	1124.88
Fixation L	1	9	17508146386	17508250338	103952	789.56	441.80	31	19	-1	10.10	10.10
Fixation R	1	9	17508146386	17508250338	103952	789.56	441.80	31	19	-1	10.40	10.40
Saccade L	1	9	17508250338	17508294365	44027	775.05	443.50	869.38	418.63	2.48	119.03	0.32	56.44	4816.27	-3943.41	2761.10
Saccade R	1	9	17508250338	17508294365	44027	775.05	443.50	869.38	418.63	2.48	119.03	0.32	56.44	4816.27	-3943.41	2761.10
Fixation L	1	10	17508294365	17508470603	176238	859.57	431.41	47	36	-1	9.77	9.77
Fixation R	1	10	17508294365	17508470603	176238	859.57	431.41	47	36	-1	10.01	10.01
Saccade L	1	10	17508470603	17508500332	29729	830.10	421.43	739.15	433.90	6.98	367.62	0.40	234.90	14238.28	-9262.06	8277.89
Saccade R	1	10	17508470603	17508500332	29729	830.10	421.43	739.15	433.90	6.98	367.62	0.40	234.90	14238.28	-9262.06	8277.89
Saccade L	1	11	17508564450	17508606472	42022	825.37	433.70	743.17	410.79	3.45	182.33	0.29	82.17	7248.09	-4452.53	3254.63
Saccade R	1	11	17508564450	17508606472	42022	825.37	433.70	743.17	410.79	3.45	182.33	0.29	82.17	7248.09	-4452.53	3254.63
Saccade L	1	12	17508610451	17508632452	22001	740.87	413.43	812.55	420.75	1.52	137.46	0.46	68.91	3141.06	-4682.41	2753.21
Saccade R	1	12	17508610451	17508632452	22001	740.87	413.43	812.55	420.75	1.52	137.46	0.46	68.91	3141.06	-4682.41	2753.21
Fixation L	1	11	17508632452	17508848586	216134	847.38	427.11	68	40	-1	9.48	9.48
Fixation R	1	11	17508632452	17508848586	216134	847.38	427.11	68	40	-1	9.85	9.85
Saccade L	1	13	17508848586	17508882569	33983	880.28	429.17	942.19	405.25	1.46	64.43	0.47	43.02	2476.00	-2104.98	1530.62
Saccade R	1	13	17508848586	17508882569	33983	880.28	429.17	942.19	405.25	1.46	64.43	0.47	43.02	2476.00	-2104.98	1530.62
Saccade L	1	14	17508886563	17508916955	30392	944.33	406.02	934.39	458.94	1.11	61.70	0.40	36.37	1171.95	-2163.69	1243.69
Saccade R	1	14	17508886563	17508916955	30392	944.33	406.02	934.39	458.94	1.11	61.70	0.40	36.37	1171.95	-2163.69	1243.69
Fixation L	1	12	17508916955	17509016681	99726	939.03	444.34	12	28	-1	9.62	9.62
Fixation R	1	12	17508916955	17509016681	99726	939.03	444.34	12	28	-1	9.75	9.75
Saccade L	1	15	17509016681	17509038686	22005	937.20	456.36	849.07	354.96	1.48	125.55	0.66	67.42	4642.14	-1814.32	2593.61
Saccade R	1	15	17509016681	17509038686	22005	937.20	456.36	849.07	354.96	1.48	125.55	0.66	67.42	4642.14	-1814.32	2593.61
Saccade L	1	16	17509038686	17509066686	28000	849.07	354.96	930.82	440.18	1.26	96.00	0.29	44.96	33.63	-3334.33	1997.36
Saccade R	1	16	17509038686	17509066686	28000	849.07	354.96	930.82	440.18	1.26	96.00	0.29	44.96	33.63	-3334.33	1997.36
Saccade L	1	17	17509088688	17509110709	22021	925.26	457.22	922.35	426.41	0.70	45.25	0.36	31.79	1000.14	-556.42	575.92
Saccade R	1	17	17509088688	17509110709	22021	925.26	457.22	922.35	426.41	0.70	45.25	0.36	31.79	1000.14	-556.42	575.92
Fixation L	1	13	17509110709	17509174678	63969	926.38	443.05	16	33	-1	9.52	9.52
Fixation R	1	13	17509110709	17509174678	63969	926.38	443.05	16	33	-1	9.74	9.74
Saccade L	1	18	17509174678	17509224678	50000	916.42	457.21	964.24	444.02	1.80	49.07	0.20	36.09	776.15	-1508.90	575.94
Saccade R	1	18	17509174678	17509224678	50000	916.42	457.21	964.24	444.02	1.80	49.07	0.20	36.09	776.15	-1508.90	575.94
Saccade L	1	19	17509260672	17509302802	42130	917.62	416.84	974.73	448.44	1.62	63.60	0.29	38.52	2143.46	-1532.40	1114.04
Saccade R	1	19	17509260672	17509302802	42130	917.62	416.84	974.73	448.44	1.62	63.60	0.29	38.52	2143.46	-1532.40	1114.04
Saccade L	1	20	17509324796	17509362835	38039	956.72	460.66	978.90	445.09	1.60	61.80	0.21	42.09	1513.13	-1690.83	1165.90
Saccade R	1	20	17509324796	17509362835	38039	956.72	460.66	978.90	445.09	1.60	61.80	0.21	42.09	1513.13	-1690.83	1165.90
Saccade L	1	21	17509478838	17509566915	88077	1046.71	438.84	1081.30	422.39	19.07	809.08	0.61	216.47	28038.90	-34893.51	13561.82
Saccade R	1	21	17509478838	17509566915	88077	1046.71	438.84	1081.30	422.39	19.07	809.08	0.61	216.47	28038.90	-34893.51	13561.82
Saccade L	1	22	17509576919	17509606908	29989	1078.24	421.78	1120.34	435.48	0.94	44.10	0.60	31.38	1188.76	-471.85	568.02
Saccade R	1	22	17509576919	17509606908	29989	1078.24	421.78	1120.34	435.48	0.94	44.10	0.60	31.38	1188.76	-471.85	568.02
Fixation L	1	14	17509606908	17509790909	184001	1093.41	434.62	48	28	-1	9.54	9.54
Fixation R	1	14	17509606908	17509790909	184001	1093.41	434.62	48	28	-1	9.82	9.82
Saccade L	1	23	17509790909	17509823421	32512	1076.82	440.32	1090.89	420.07	1.09	55.12	0.68	33.63	1533.53	-1330.30	976.15
Saccade R	1	23	17509790909	17509823421	32512	1076.82	440.32	1090.89	420.07	1.09	55.12	0.68	33.63	1533.53	-1330.30	976.15
Fixation L	1	15	17509823421	17509877052	53631	1096.19	405.47	11	19	-1	9.24	9.24
Fixation R	1	15	17509823421	17509877052	53631	1096.19	405.47	11	19	-1	9.77	9.77
Saccade L	1	24	17509877052	17509901028	23976	1100.31	406.39	1102.06	444.85	0.78	42.68	0.67	32.49	2252.02	-150.16	957.63
Saccade R	1	24	17509877052	17509901028	23976	1100.31	406.39	1102.06	444.85	0.78	42.68	0.67	32.49	2252.02	-150.16	957.63
Saccade L	1	25	17509905215	17509939102	33887	1100.65	447.79	1207.12	422.46	2.51	147.23	0.35	74.09	4715.18	-5682.55	3759.90
Saccade R	1	25	17509905215	17509939102	33887	1100.65	447.79	1207.12	422.46	2.51	147.23	0.35	74.09	4715.18	-5682.55	3759.90
Saccade L	1	26	17509951029	17509999048	48019	1209.05	419.91	1130.08	352.03	3.03	149.46	0.29	63.12	5780.41	-4974.83	3282.53
Saccade R	1	26	17509951029	17509999048	48019	1209.05	419.91	1130.08	352.03	3.03	149.46	0.29	63.12	5780.41	-4974.83	3282.53
Saccade L	1	27	17510021070	17510049088	28018	1134.83	349.75	1185.36	448.39	2.31	166.49	0.43	82.60	6511.09	-5902.87	4467.77
Saccade R	1	27	17510021070	17510049088	28018	1134.83	349.75	1185.36	448.39	2.31	166.49	0.43	82.60	6511.09	-5902.87	4467.77
Fixation L	1	16	17510049088	17510125141	76053	1192.83	419.08	32	62	-1	9.52	9.52
Fixation R	1	16	17510049088	17510125141	76053	1192.83	419.08	32	62	-1	9.85	9.85
Saccade L	1	28	17510125141	17510159139	33998	1219.45	399.56	1182.25	332.98	1.82	107.92	0.29	53.44	2782.38	-3797.26	1955.07
Saccade R	1	28	17510125141	17510159139	33998	1219.45	399.56	1182.25	332.98	1.82	107.92	0.29	53.44	2782.38	-3797.26	1955.07
Saccade L	1	29	17510165144	17510218674	53530	1181.56	332.34	1187.09	416.48	2.55	107.26	0.22	47.63	3574.27	-3209.48	1773.87
Saccade R	1	29	17510165144	17510218674	53530	1181.56	332.34	1187.09	416.48	2.55	107.26	0.22	47.63	3574.27	-3209.48	1773.87
Fixation L	1	17	17510218674	17510279141	60467	1188.72	420.49	21	7	-1	9.55	9.55
Fixation R	1	17	17510218674	17510279141	60467	1188.72	420.49	21	7	-1	9.97	9.97
Saccade L	1	30	17510279141	17510321159	42018	1194.55	421.74	1165.70	329.50	2.45	129.11	0.33	58.30	4790.39	-4634.98	3219.89
Saccade R	1	30	17510279141	17510321159	42018	1194.55	421.74	1165.70	329.50	2.45	129.11	0.33	58.30	4790.39	-4634.98	3219.89
Saccade L	1	31	17510341141	17510388190	47049	1165.41	329.26	1199.49	430.43	2.44	119.18	0.43	51.89	4197.64	-3938.40	2702.87
Saccade R	1	31	17510341141	17510388190	47049	1165.41	329.26	1199.49	430.43	2.44	119.18	0.43	51.89	4197.64	-3938.40	2702.87
Saccade L	1	32	17510405268	17510453255	47987	1195.44	436.10	1203.08	410.29	3.34	118.74	0.25	69.61	4776.80	-2826.48	1759.58
Saccade R	1	32	17510405268	17510453255	47987	1195.44	436.10	1203.08	410.29	3.34	118.74	0.25	69.61	4776.80	-2826.48	1759.58
Saccade L	1	33	17510457253	17510517290	60037	1206.02	409.15	932.72	717.37	11.04	348.15	0.73	183.91	10686.48	-12195.39	7280.52
Saccade R	1	33	17510457253	17510517290	60037	1206.02	409.15	932.72	717.37	11.04	348.15	0.73	183.91	10686.48	-12195.39	7280.52
Saccade L	1	34	17510517290	17510541258	23968	932.72	717.37	984.61	694.77	0.82	61.05	0.33	34.08	-1105.35	-11366.38	3842.57
Saccade R	1	34	17510517290	17510541258	23968	932.72	717.37	984.61	694.77	0.82	61.05	0.33	34.08	-1105.35	-11366.38	3842.57
Saccade L	1	35	17510565256	17510639394	74138	972.15	700.55	858.30	998.78	7.69	324.43	0.47	103.69	12582.32	-11103.39	5428.68
Saccade R	1	35	17510565256	17510639394	74138	972.15	700.55	858.30	998.78	7.69	324.43	0.47	103.69	12582.32	-11103.39	5428.68
Saccade L	1	36	17510667379	17510701400	34021	867.64	942.80	839.68	950.64	1.09	44.87	0.76	32.11	394.51	-451.93	288.26
Saccade R	1	36	17510667379	17510701400	34021	867.64	942.80	839.68	950.64	1.09	44.87	0.76	32.11	394.51	-451.93	288.26
Saccade L	1	37	17510725410	17510757663	32253	866.66	977.40	900.51	934.13	1.20	58.59	0.62	37.18	1420.73	-2083.22	1158.91
Saccade R	1	37	17510725410	17510757663	32253	866.66	977.40	900.51	934.13	1.20	58.59	0.62	37.18	1420.73	-2083.22	1158.91
Saccade L	1	38	17510807413	17510843366	35953	881.39	931.74	863.17	986.00	1.07	46.11	0.22	29.74	1356.38	-830.78	675.07
Saccade R	1	38	17510807413	17510843366	35953	881.39	931.74	863.17	986.00	1.07	46.11	0.22	29.74	1356.38	-830.78	675.07
Fixation L	1	18	17510843366	17510909516	66150	865.38	963.05	20	46	-1	10.67	10.67
Fixation R	1	18	17510843366	17510909516	66150	865.38	963.05	20	46	-1	11.12	11.12
Saccade L	1	39	17510909516	17510943484	33968	868.92	960.93	901.48	1028.56	1.70	81.98	0.41	49.99	6069.39	-2167.80	2255.41
Saccade R	1	39	17510909516	17510943484	33968	868.92	960.93	901.48	1028.56	1.70	81.98	0.41	49.99	6069.39	-2167.80	2255.41
Saccade L	1	40	17510943484	17510967482	23998	901.48	1028.56	873.01	904.51	2.68	213.48	0.58	111.56	6986.82	-6493.01	4763.01
Saccade R	1	40	17510943484	17510967482	23998	901.48	1028.56	873.01	904.51	2.68	213.48	0.58	111.56	6986.82	-6493.01	4763.01
Saccade L	1	41	17510967482	17511009479	41997	873.01	904.51	877.19	979.20	1.78	86.06	0.38	42.27	1270.11	-6075.71	1869.42
Saccade R	1	41	17510967482	17511009479	41997	873.01	904.51	877.19	979.20	1.78	86.06	0.38	42.27	1270.11	-6075.71	1869.42
Saccade L	1	42	17511031483	17511059489	28006	880.85	971.52	877.77	922.52	1.14	58.82	0.64	40.53	4057.29	774.39	2038.90
Saccade R	1	42	17511031483	17511059489	28006	880.85	971.52	877.77	922.52	1.14	58.82	0.64	40.53	4057.29	774.39	2038.90
Saccade L	1	43	17511059489	17511081503	22014	877.77	922.52	874.96	1012.70	1.92	178.73	0.45	87.32	4057.29	-5757.63	3254.72
Saccade R	1	43	17511059489	17511081503	22014	877.77	922.52	874.96	1012.70	1.92	178.73	0.45	87.32	4057.29	-5757.63	3254.72
Saccade L	1	44	17511089480	17511113483	24003	874.65	1008.15	809.57	1004.02	1.41	97.04	0.58	58.81	3322.95	0.00	1077.52
Saccade R	1	44	17511089480	17511113483	24003	874.65	1008.15	809.57	1004.02	1.41	97.04	0.58	58.81	3322.95	0.00	1077.52
