[BeGaze]
Converted from:	C:\Program Files\SMI\Experiment Suite 360\Experiment Center 2\Results\RC-Attachment-Exp\P27-eye_data.idf
Date:	18.03.2012 20:22:48
Version:	BeGaze 3.0.181
Sample Rate:	500
Subject:	P27
Description:	Run32

Table Header for Fixations:
Event Type	Trial	Number	Start	End	Duration	Location X	Location Y	Dispersion X	Dispersion Y	Plane	Avg. Pupil Size X	Avg. Pupil Size Y

Table Header for Saccades:
Event Type	Trial	Number	Start	End	Duration	Start Loc.X	Start Loc.Y	End Loc.X	End Loc.Y	Amplitude	Peak Speed	Peak Speed At	Average Speed	Peak Accel.	Peak Decel.	Average Accel.

Table Header for Blinks:
Event Type	Trial	Number	Start	End	Duration

Table Header for User Events:
Event Type	Trial	Number	Start	Description

UserEvent	1	1	13722713180	# Message: RC-N2forced-nonanim-5.jpg
Fixation L	1	1	13722715087	13723050777	335690	524.88	420.16	44	22	-1	12.66	12.66
Fixation R	1	1	13722715087	13723050777	335690	524.88	420.16	44	22	-1	13.14	13.14
Saccade L	1	1	13723050777	13723076784	26007	543.49	431.26	582.63	423.83	0.85	47.57	0.46	32.84	1423.92	-1810.23	1191.95
Saccade R	1	1	13723050777	13723076784	26007	543.49	431.26	582.63	423.83	0.85	47.57	0.46	32.84	1423.92	-1810.23	1191.95
Fixation L	1	2	13723076784	13723264772	187988	560.67	431.69	34	27	-1	12.73	12.73
Fixation R	1	2	13723076784	13723264772	187988	560.67	431.69	34	27	-1	13.34	13.34
Saccade L	1	2	13723264772	13723290890	26118	574.83	420.81	627.09	414.23	1.13	68.38	0.46	43.09	2293.76	-2412.21	1693.77
Saccade R	1	2	13723264772	13723290890	26118	574.83	420.81	627.09	414.23	1.13	68.38	0.46	43.09	2293.76	-2412.21	1693.77
Fixation L	1	3	13723290890	13723544888	253998	619.31	412.16	35	20	-1	12.60	12.60
Fixation R	1	3	13723290890	13723544888	253998	619.31	412.16	35	20	-1	13.23	13.23
Saccade L	1	3	13723544888	13723585006	40118	621.97	411.43	730.11	406.90	2.40	110.11	0.50	59.72	4387.93	-4195.24	3107.69
Saccade R	1	3	13723544888	13723585006	40118	621.97	411.43	730.11	406.90	2.40	110.11	0.50	59.72	4387.93	-4195.24	3107.69
Fixation L	1	4	13723585006	13723849338	264332	730.79	420.04	19	20	-1	12.53	12.53
Fixation R	1	4	13723585006	13723849338	264332	730.79	420.04	19	20	-1	13.30	13.30
Saccade L	1	4	13723849338	13723877119	27781	723.50	412.64	810.81	410.05	1.87	124.29	0.42	67.27	5343.53	-4770.77	3660.14
Saccade R	1	4	13723849338	13723877119	27781	723.50	412.64	810.81	410.05	1.87	124.29	0.42	67.27	5343.53	-4770.77	3660.14
Fixation L	1	5	13723877119	13724139234	262115	820.50	419.30	24	28	-1	12.40	12.40
Fixation R	1	5	13723877119	13724139234	262115	820.50	419.30	24	28	-1	13.27	13.27
Saccade L	1	5	13724139234	13724177599	38365	811.20	435.60	893.59	438.65	2.05	101.60	0.47	53.33	4112.97	-3521.22	2624.51
Saccade R	1	5	13724139234	13724177599	38365	811.20	435.60	893.59	438.65	2.05	101.60	0.47	53.33	4112.97	-3521.22	2624.51
Fixation L	1	6	13724177599	13724461354	283755	902.20	436.46	12	23	-1	12.56	12.56
Fixation R	1	6	13724177599	13724461354	283755	902.20	436.46	12	23	-1	13.46	13.46
Saccade L	1	6	13724461354	13724504490	43136	902.77	436.39	972.73	414.70	1.73	78.29	0.29	40.20	3160.79	-2250.65	1652.11
Saccade R	1	6	13724461354	13724504490	43136	902.77	436.39	972.73	414.70	1.73	78.29	0.29	40.20	3160.79	-2250.65	1652.11
Fixation L	1	7	13724504490	13724637483	132993	977.76	419.05	9	17	-1	12.50	12.50
Fixation R	1	7	13724504490	13724637483	132993	977.76	419.05	9	17	-1	13.43	13.43
Saccade L	1	7	13724637483	13724671468	33985	982.23	422.68	1048.56	416.13	1.51	67.74	0.35	44.41	2846.54	-2338.50	1859.65
Saccade R	1	7	13724637483	13724671468	33985	982.23	422.68	1048.56	416.13	1.51	67.74	0.35	44.41	2846.54	-2338.50	1859.65
Fixation L	1	8	13724671468	13724815487	144019	1039.74	421.69	16	25	-1	12.47	12.47
Fixation R	1	8	13724671468	13724815487	144019	1039.74	421.69	16	25	-1	13.36	13.36
Saccade L	1	8	13724815487	13724843474	27987	1039.83	410.84	948.51	418.75	1.94	125.06	0.50	69.17	5188.53	-4948.41	3672.01
Saccade R	1	8	13724815487	13724843474	27987	1039.83	410.84	948.51	418.75	1.94	125.06	0.50	69.17	5188.53	-4948.41	3672.01
Fixation L	1	9	13724843474	13725079578	236104	942.21	429.73	28	53	-1	12.38	12.38
Fixation R	1	9	13724843474	13725079578	236104	942.21	429.73	28	53	-1	13.28	13.28
Saccade L	1	9	13725079578	13725125583	46005	940.70	446.87	1057.02	437.95	2.59	106.28	0.35	56.23	4399.80	-3189.43	2660.66
Saccade R	1	9	13725079578	13725125583	46005	940.70	446.87	1057.02	437.95	2.59	106.28	0.35	56.23	4399.80	-3189.43	2660.66
Fixation L	1	10	13725125583	13725325711	200128	1049.99	444.89	23	16	-1	12.52	12.52
Fixation R	1	10	13725125583	13725325711	200128	1049.99	444.89	23	16	-1	13.38	13.38
Saccade L	1	10	13725325711	13725365701	39990	1057.22	440.89	1152.04	427.61	2.26	96.04	0.45	56.56	3949.73	-3560.09	2773.65
Saccade R	1	10	13725325711	13725365701	39990	1057.22	440.89	1152.04	427.61	2.26	96.04	0.45	56.56	3949.73	-3560.09	2773.65
Fixation L	1	11	13725365701	13725549818	184117	1151.10	428.76	27	17	-1	12.64	12.64
Fixation R	1	11	13725365701	13725549818	184117	1151.10	428.76	27	17	-1	13.47	13.47
Saccade L	1	11	13725549818	13725731978	182160	1154.91	434.59	914.59	911.13	17.29	326.46	0.30	94.92	10076.82	-11765.69	3373.97
Saccade R	1	11	13725549818	13725731978	182160	1154.91	434.59	914.59	911.13	17.29	326.46	0.30	94.92	10076.82	-11765.69	3373.97
Fixation L	1	12	13725731978	13726265065	533087	910.52	922.56	35	41	-1	12.87	12.87
Fixation R	1	12	13725731978	13726265065	533087	910.52	922.56	35	41	-1	13.58	13.58
