[BeGaze]
Converted from:	C:\Program Files\SMI\Experiment Suite 360\Experiment Center 2\Results\RC-Attachment-Exp\P21-eye_data.idf
Date:	18.03.2012 20:16:44
Version:	BeGaze 3.0.181
Sample Rate:	500
Subject:	P21
Description:	Run26

Table Header for Fixations:
Event Type	Trial	Number	Start	End	Duration	Location X	Location Y	Dispersion X	Dispersion Y	Plane	Avg. Pupil Size X	Avg. Pupil Size Y

Table Header for Saccades:
Event Type	Trial	Number	Start	End	Duration	Start Loc.X	Start Loc.Y	End Loc.X	End Loc.Y	Amplitude	Peak Speed	Peak Speed At	Average Speed	Peak Accel.	Peak Decel.	Average Accel.

Table Header for Blinks:
Event Type	Trial	Number	Start	End	Duration

Table Header for User Events:
Event Type	Trial	Number	Start	Description

UserEvent	1	1	20120075736	# Message: RC-nonforced-anim-5.jpg
Fixation L	1	1	20120076885	20120561114	484229	488.34	444.65	23	23	-1	13.47	13.47
Fixation R	1	1	20120076885	20120561114	484229	488.34	444.65	23	23	-1	13.93	13.93
Blink L	1	1	20120561114	20120705238	144124
Blink R	1	1	20120561114	20120705238	144124
Saccade L	1	1	20120721229	20120751555	30326	513.70	401.62	506.95	444.23	0.91	42.65	0.40	30.07	1468.24	-1552.06	1077.62
Saccade R	1	1	20120721229	20120751555	30326	513.70	401.62	506.95	444.23	0.91	42.65	0.40	30.07	1468.24	-1552.06	1077.62
Fixation L	1	2	20120751555	20120899226	147671	506.55	448.90	9	14	-1	13.89	13.89
Fixation R	1	2	20120751555	20120899226	147671	506.55	448.90	9	14	-1	14.39	14.39
Saccade L	1	2	20120899226	20120951251	52025	500.10	458.00	573.28	436.00	1.69	68.23	0.23	32.54	2633.96	-1864.35	1072.50
Saccade R	1	2	20120899226	20120951251	52025	500.10	458.00	573.28	436.00	1.69	68.23	0.23	32.54	2633.96	-1864.35	1072.50
Fixation L	1	3	20120951251	20121079372	128121	561.42	434.71	26	16	-1	14.03	14.03
Fixation R	1	3	20120951251	20121079372	128121	561.42	434.71	26	16	-1	14.82	14.82
Saccade L	1	3	20121079372	20121129316	49944	552.45	429.02	644.71	429.55	2.07	71.90	0.32	41.45	2802.88	-1916.79	1532.05
Saccade R	1	3	20121079372	20121129316	49944	552.45	429.02	644.71	429.55	2.07	71.90	0.32	41.45	2802.88	-1916.79	1532.05
Fixation L	1	4	20121129316	20121289477	160161	647.65	427.10	15	21	-1	13.91	13.91
Fixation R	1	4	20121129316	20121289477	160161	647.65	427.10	15	21	-1	14.70	14.70
Saccade L	1	4	20121289477	20121333488	44011	641.34	429.32	752.80	438.45	2.40	100.77	0.32	54.47	4426.02	-2909.21	2487.78
Saccade R	1	4	20121289477	20121333488	44011	641.34	429.32	752.80	438.45	2.40	100.77	0.32	54.47	4426.02	-2909.21	2487.78
Fixation L	1	5	20121333488	20121513553	180065	741.93	435.26	20	20	-1	14.01	14.01
Fixation R	1	5	20121333488	20121513553	180065	741.93	435.26	20	20	-1	14.63	14.63
Saccade L	1	5	20121513553	20121565549	51996	739.39	424.33	846.25	427.02	2.34	86.09	0.23	45.00	3580.87	-1860.16	1577.10
Saccade R	1	5	20121513553	20121565549	51996	739.39	424.33	846.25	427.02	2.34	86.09	0.23	45.00	3580.87	-1860.16	1577.10
Fixation L	1	6	20121565549	20121799688	234139	845.42	422.44	9	8	-1	14.03	14.03
Fixation R	1	6	20121565549	20121799688	234139	845.42	422.44	9	8	-1	14.64	14.64
Saccade L	1	6	20121799688	20121833689	34001	845.68	421.97	898.88	419.20	1.19	55.08	0.35	34.87	2258.06	-1692.30	1374.78
Saccade R	1	6	20121799688	20121833689	34001	845.68	421.97	898.88	419.20	1.19	55.08	0.35	34.87	2258.06	-1692.30	1374.78
Fixation L	1	7	20121833689	20121983664	149975	906.78	434.15	13	23	-1	14.15	14.15
Fixation R	1	7	20121833689	20121983664	149975	906.78	434.15	13	23	-1	14.53	14.53
Saccade L	1	7	20121983664	20122027669	44005	903.17	437.33	1018.76	442.63	2.52	108.15	0.36	57.19	4723.14	-3644.57	2893.57
Saccade R	1	7	20121983664	20122027669	44005	903.17	437.33	1018.76	442.63	2.52	108.15	0.36	57.19	4723.14	-3644.57	2893.57
Fixation L	1	8	20122027669	20122229789	202120	1010.88	440.72	31	12	-1	14.49	14.49
Fixation R	1	8	20122027669	20122229789	202120	1010.88	440.72	31	12	-1	14.88	14.88
Saccade L	1	8	20122229789	20122283784	53995	1008.87	446.48	1116.39	450.00	2.41	95.56	0.48	44.70	3325.07	-3114.86	2044.18
Saccade R	1	8	20122229789	20122283784	53995	1008.87	446.48	1116.39	450.00	2.41	95.56	0.48	44.70	3325.07	-3114.86	2044.18
Fixation L	1	9	20122283784	20122413907	130123	1101.50	443.45	27	17	-1	14.26	14.26
Fixation R	1	9	20122283784	20122413907	130123	1101.50	443.45	27	17	-1	14.81	14.81
Saccade L	1	9	20122413907	20122511892	97985	1091.52	437.86	855.13	964.98	13.48	297.11	0.39	137.55	11011.48	-8725.63	5209.88
Saccade R	1	9	20122413907	20122511892	97985	1091.52	437.86	855.13	964.98	13.48	297.11	0.39	137.55	11011.48	-8725.63	5209.88
Fixation L	1	10	20122511892	20122930123	418231	860.66	943.26	33	42	-1	15.12	15.12
Fixation R	1	10	20122511892	20122930123	418231	860.66	943.26	33	42	-1	15.66	15.66
Saccade L	1	10	20122930123	20122952124	22001	870.72	933.12	839.94	934.67	0.63	40.65	0.46	28.43	1693.34	-1245.27	967.40
Saccade R	1	10	20122930123	20122952124	22001	870.72	933.12	839.94	934.67	0.63	40.65	0.46	28.43	1693.34	-1245.27	967.40
