[BeGaze]
Converted from:	C:\Program Files\SMI\Experiment Suite 360\Experiment Center 2\Results\RC-Attachment-Exp\P30-eye_data.idf
Date:	18.03.2012 20:25:42
Version:	BeGaze 3.0.181
Sample Rate:	500
Subject:	P30
Description:	Run35

Table Header for Fixations:
Event Type	Trial	Number	Start	End	Duration	Location X	Location Y	Dispersion X	Dispersion Y	Plane	Avg. Pupil Size X	Avg. Pupil Size Y

Table Header for Saccades:
Event Type	Trial	Number	Start	End	Duration	Start Loc.X	Start Loc.Y	End Loc.X	End Loc.Y	Amplitude	Peak Speed	Peak Speed At	Average Speed	Peak Accel.	Peak Decel.	Average Accel.

Table Header for Blinks:
Event Type	Trial	Number	Start	End	Duration

Table Header for User Events:
Event Type	Trial	Number	Start	Description

UserEvent	1	1	4042241577	# Message: Dist-srcop-12.jpg
Fixation L	1	1	4042242778	4042982433	739655	494.16	428.85	45	35	-1	13.59	13.59
Fixation R	1	1	4042242778	4042982433	739655	494.16	428.85	45	35	-1	12.74	12.74
Saccade L	1	1	4042982433	4043011149	28716	498.37	443.89	591.34	427.64	2.11	139.19	0.56	73.49	5750.49	-5678.58	4152.33
Saccade R	1	1	4042982433	4043011149	28716	498.37	443.89	591.34	427.64	2.11	139.19	0.56	73.49	5750.49	-5678.58	4152.33
Fixation L	1	2	4043011149	4043144555	133406	584.75	446.26	15	26	-1	13.62	13.62
Fixation R	1	2	4043011149	4043144555	133406	584.75	446.26	15	26	-1	12.92	12.92
Saccade L	1	2	4043144555	4043168558	24003	584.32	453.16	674.23	444.23	1.92	148.96	0.42	80.00	6149.87	-5956.35	4248.67
Saccade R	1	2	4043144555	4043168558	24003	584.32	453.16	674.23	444.23	1.92	148.96	0.42	80.00	6149.87	-5956.35	4248.67
Fixation L	1	3	4043168558	4043402743	234185	673.52	436.40	16	25	-1	13.31	13.31
Fixation R	1	3	4043168558	4043402743	234185	673.52	436.40	16	25	-1	12.62	12.62
Saccade L	1	3	4043402743	4043452681	49938	664.15	436.93	822.26	425.12	3.49	173.63	0.28	69.83	6766.80	-5575.16	3402.35
Saccade R	1	3	4043402743	4043452681	49938	664.15	436.93	822.26	425.12	3.49	173.63	0.28	69.83	6766.80	-5575.16	3402.35
Fixation L	1	4	4043452681	4043804827	352146	823.59	420.33	13	18	-1	13.30	13.30
Fixation R	1	4	4043452681	4043804827	352146	823.59	420.33	13	18	-1	12.68	12.68
Saccade L	1	4	4043804827	4043842919	38092	825.27	426.42	916.31	422.97	2.04	117.20	0.31	53.66	4582.39	-3973.79	2776.92
Saccade R	1	4	4043804827	4043842919	38092	825.27	426.42	916.31	422.97	2.04	117.20	0.31	53.66	4582.39	-3973.79	2776.92
Fixation L	1	5	4043842919	4044000922	158003	920.83	414.70	13	17	-1	13.27	13.27
Fixation R	1	5	4043842919	4044000922	158003	920.83	414.70	13	17	-1	12.60	12.60
Saccade L	1	5	4044000922	4044024912	23990	914.24	422.41	855.58	421.88	1.25	85.36	0.42	51.95	3516.68	-3322.43	2393.85
Saccade R	1	5	4044000922	4044024912	23990	914.24	422.41	855.58	421.88	1.25	85.36	0.42	51.95	3516.68	-3322.43	2393.85
Fixation L	1	6	4044024912	4044187033	162121	851.82	427.71	14	24	-1	13.19	13.19
Fixation R	1	6	4044024912	4044187033	162121	851.82	427.71	14	24	-1	12.57	12.57
Saccade L	1	6	4044187033	4044215046	28013	859.20	429.03	956.54	435.25	2.13	134.71	0.53	76.07	5468.54	-5622.17	4076.64
Saccade R	1	6	4044187033	4044215046	28013	859.20	429.03	956.54	435.25	2.13	134.71	0.53	76.07	5468.54	-5622.17	4076.64
Fixation L	1	7	4044215046	4044425154	210108	951.78	434.01	21	21	-1	13.38	13.38
Fixation R	1	7	4044215046	4044425154	210108	951.78	434.01	21	21	-1	12.80	12.80
Saccade L	1	7	4044425154	4044451161	26007	962.83	428.18	1067.86	429.46	2.32	173.16	0.54	89.27	6919.37	-7095.71	4987.73
Saccade R	1	7	4044425154	4044451161	26007	962.83	428.18	1067.86	429.46	2.32	173.16	0.54	89.27	6919.37	-7095.71	4987.73
Fixation L	1	8	4044451161	4044695285	244124	1070.60	434.43	23	34	-1	13.72	13.72
Fixation R	1	8	4044451161	4044695285	244124	1070.60	434.43	23	34	-1	13.28	13.28
Saccade L	1	8	4044695285	4044721302	26017	1079.48	439.41	1145.45	425.85	1.59	109.27	0.54	61.01	4556.66	-4203.25	3117.79
Saccade R	1	8	4044695285	4044721302	26017	1079.48	439.41	1145.45	425.85	1.59	109.27	0.54	61.01	4556.66	-4203.25	3117.79
Fixation L	1	9	4044721302	4045215519	494217	1140.63	422.79	27	25	-1	13.81	13.81
Fixation R	1	9	4044721302	4045215519	494217	1140.63	422.79	27	25	-1	13.49	13.49
Saccade L	1	9	4045215519	4045400379	184860	1127.45	428.34	996.87	654.10	110.54	2956.85	0.60	597.98	76082.10	-104094.48	26627.49
Saccade R	1	9	4045215519	4045400379	184860	1127.45	428.34	996.87	654.10	110.54	2956.85	0.60	597.98	76082.10	-104094.48	26627.49
Fixation L	1	10	4045400379	4045469640	69261	1007.29	662.18	17	14	-1	13.61	13.61
Fixation R	1	10	4045400379	4045469640	69261	1007.29	662.18	17	14	-1	13.09	13.09
Saccade L	1	10	4045469640	4045519665	50025	1001.70	660.43	910.01	961.00	7.14	323.09	0.36	142.67	13917.34	-10728.41	8045.38
Saccade R	1	10	4045469640	4045519665	50025	1001.70	660.43	910.01	961.00	7.14	323.09	0.36	142.67	13917.34	-10728.41	8045.38
Fixation L	1	11	4045519665	4046001882	482217	911.82	965.18	35	51	-1	14.14	14.14
Fixation R	1	11	4045519665	4046001882	482217	911.82	965.18	35	51	-1	14.10	14.10
