[BeGaze]
Converted from:	C:\Program Files\SMI\Experiment Suite 360\Experiment Center 2\Results\RC-Attachment-Exp\P08-eye_data.idf
Date:	18.03.2012 20:07:07
Version:	BeGaze 3.0.181
Sample Rate:	500
Subject:	P08
Description:	Run13

Table Header for Fixations:
Event Type	Trial	Number	Start	End	Duration	Location X	Location Y	Dispersion X	Dispersion Y	Plane	Avg. Pupil Size X	Avg. Pupil Size Y

Table Header for Saccades:
Event Type	Trial	Number	Start	End	Duration	Start Loc.X	Start Loc.Y	End Loc.X	End Loc.Y	Amplitude	Peak Speed	Peak Speed At	Average Speed	Peak Accel.	Peak Decel.	Average Accel.

Table Header for Blinks:
Event Type	Trial	Number	Start	End	Duration

Table Header for User Events:
Event Type	Trial	Number	Start	Description

UserEvent	1	1	11750161428	# Message: RC-N1forced-nonanim-2.jpg
Fixation L	1	1	11750162681	11750694162	531481	511.21	483.49	25	42	-1	14.03	14.03
Fixation R	1	1	11750162681	11750694162	531481	511.21	483.49	25	42	-1	13.28	13.28
Saccade L	1	1	11750694162	11750724114	29952	510.41	494.33	554.27	503.19	0.97	44.20	0.47	32.55	1722.08	-1484.21	1137.50
Saccade R	1	1	11750694162	11750724114	29952	510.41	494.33	554.27	503.19	0.97	44.20	0.47	32.55	1722.08	-1484.21	1137.50
Fixation L	1	2	11750724114	11750850134	126020	558.30	486.01	12	30	-1	13.54	13.54
Fixation R	1	2	11750724114	11750850134	126020	558.30	486.01	12	30	-1	12.84	12.84
Saccade L	1	2	11750850134	11750878237	28103	559.04	481.65	601.47	493.46	0.92	44.20	0.43	32.79	1445.55	-1622.36	1111.88
Saccade R	1	2	11750850134	11750878237	28103	559.04	481.65	601.47	493.46	0.92	44.20	0.43	32.79	1445.55	-1622.36	1111.88
Fixation L	1	3	11750878237	11750986235	107998	605.33	486.51	14	16	-1	13.62	13.62
Fixation R	1	3	11750878237	11750986235	107998	605.33	486.51	14	16	-1	13.03	13.03
Saccade L	1	3	11750986235	11751013500	27265	614.24	487.01	660.02	504.90	1.09	60.62	0.44	40.12	1881.68	-2303.93	1510.55
Saccade R	1	3	11750986235	11751013500	27265	614.24	487.01	660.02	504.90	1.09	60.62	0.44	40.12	1881.68	-2303.93	1510.55
Fixation L	1	4	11751013500	11751194352	180852	674.15	497.03	28	23	-1	13.74	13.74
Fixation R	1	4	11751013500	11751194352	180852	674.15	497.03	28	23	-1	13.18	13.18
Saccade L	1	4	11751194352	11751223597	29245	667.49	492.28	734.73	493.98	1.42	79.95	0.34	48.68	2778.12	-3054.38	2140.82
Saccade R	1	4	11751194352	11751223597	29245	667.49	492.28	734.73	493.98	1.42	79.95	0.34	48.68	2778.12	-3054.38	2140.82
Fixation L	1	5	11751223597	11751344354	120757	730.32	494.22	16	9	-1	13.62	13.62
Fixation R	1	5	11751223597	11751344354	120757	730.32	494.22	16	9	-1	13.08	13.08
Saccade L	1	5	11751344354	11751372353	27999	722.57	487.92	769.52	482.68	0.97	54.57	0.36	34.67	1897.86	-1995.75	1402.80
Saccade R	1	5	11751344354	11751372353	27999	722.57	487.92	769.52	482.68	0.97	54.57	0.36	34.67	1897.86	-1995.75	1402.80
Fixation L	1	6	11751372353	11751516479	144126	768.06	481.56	23	15	-1	13.68	13.68
Fixation R	1	6	11751372353	11751516479	144126	768.06	481.56	23	15	-1	13.23	13.23
Fixation L	1	7	11751531384	11751664476	133092	773.58	496.40	39	72	-1	13.36	13.36
Fixation R	1	7	11751531384	11751664476	133092	773.58	496.40	39	72	-1	13.03	13.03
Saccade L	1	6	11751664476	11751692600	28124	766.38	505.14	700.45	497.58	1.41	91.07	0.43	50.08	3423.56	-3471.82	2485.83
Saccade R	1	6	11751664476	11751692600	28124	766.38	505.14	700.45	497.58	1.41	91.07	0.43	50.08	3423.56	-3471.82	2485.83
Fixation L	1	8	11751692600	11751872589	179989	701.11	491.79	9	35	-1	13.50	13.50
Fixation R	1	8	11751692600	11751872589	179989	701.11	491.79	9	35	-1	13.02	13.02
Saccade L	1	7	11751872589	11751910609	38020	702.73	487.36	774.06	492.69	1.58	65.70	0.37	41.52	2673.50	-1988.87	1682.71
Saccade R	1	7	11751872589	11751910609	38020	702.73	487.36	774.06	492.69	1.58	65.70	0.37	41.52	2673.50	-1988.87	1682.71
Fixation L	1	9	11751910609	11752057794	147185	779.09	488.42	16	21	-1	13.31	13.31
Fixation R	1	9	11751910609	11752057794	147185	779.09	488.42	16	21	-1	13.00	13.00
Saccade L	1	8	11752057794	11752086719	28925	788.91	496.36	836.96	489.15	0.98	50.08	0.38	33.87	2053.22	-1827.44	1405.34
Saccade R	1	8	11752057794	11752086719	28925	788.91	496.36	836.96	489.15	0.98	50.08	0.38	33.87	2053.22	-1827.44	1405.34
Fixation L	1	10	11752086719	11752274790	188071	841.02	489.66	17	12	-1	13.63	13.63
Fixation R	1	10	11752086719	11752274790	188071	841.02	489.66	17	12	-1	13.16	13.16
Saccade L	1	9	11752274790	11752308886	34096	840.78	493.26	917.74	499.01	1.67	89.28	0.41	48.84	3766.84	-3379.76	2525.91
Saccade R	1	9	11752274790	11752308886	34096	840.78	493.26	917.74	499.01	1.67	89.28	0.41	48.84	3766.84	-3379.76	2525.91
Fixation L	1	11	11752308886	11752530955	222069	913.14	487.49	16	32	-1	13.74	13.74
Fixation R	1	11	11752308886	11752530955	222069	913.14	487.49	16	32	-1	13.31	13.31
Saccade L	1	10	11752530955	11752592958	62003	908.76	490.09	1019.92	491.47	3.07	104.95	0.26	49.45	4274.96	-2941.61	1874.10
Saccade R	1	10	11752530955	11752592958	62003	908.76	490.09	1019.92	491.47	3.07	104.95	0.26	49.45	4274.96	-2941.61	1874.10
Fixation L	1	12	11752592958	11752815083	222125	1007.69	484.45	31	20	-1	13.28	13.28
Fixation R	1	12	11752592958	11752815083	222125	1007.69	484.45	31	20	-1	12.86	12.86
Saccade L	1	11	11752815083	11752841100	26017	1014.52	489.52	1070.13	489.47	1.18	74.31	0.48	45.44	3107.99	-2901.88	2123.61
Saccade R	1	11	11752815083	11752841100	26017	1014.52	489.52	1070.13	489.47	1.18	74.31	0.48	45.44	3107.99	-2901.88	2123.61
Fixation L	1	13	11752841100	11752957070	115970	1066.02	482.29	18	16	-1	13.18	13.18
Fixation R	1	13	11752841100	11752957070	115970	1066.02	482.29	18	16	-1	12.82	12.82
Saccade L	1	12	11752957070	11752989290	32220	1061.99	485.36	1111.08	483.84	1.11	48.57	0.37	34.34	1943.51	-1656.77	1302.83
Saccade R	1	12	11752957070	11752989290	32220	1061.99	485.36	1111.08	483.84	1.11	48.57	0.37	34.34	1943.51	-1656.77	1302.83
Fixation L	1	14	11752989290	11753141251	151961	1111.22	478.28	13	13	-1	12.96	12.96
Fixation R	1	14	11752989290	11753141251	151961	1111.22	478.28	13	13	-1	12.73	12.73
Saccade L	1	13	11753141251	11753197195	55944	1107.03	483.45	752.18	495.68	8.04	274.63	0.39	143.68	12044.87	-9682.85	7394.83
Saccade R	1	13	11753141251	11753197195	55944	1107.03	483.45	752.18	495.68	8.04	274.63	0.39	143.68	12044.87	-9682.85	7394.83
Fixation L	1	15	11753197195	11753393320	196125	733.98	485.02	28	30	-1	13.19	13.19
Fixation R	1	15	11753197195	11753393320	196125	733.98	485.02	28	30	-1	12.94	12.94
Saccade L	1	14	11753393320	11753415343	22023	732.58	487.04	697.86	486.38	0.70	42.15	0.45	31.94	1411.22	-1343.23	970.94
Saccade R	1	14	11753393320	11753415343	22023	732.58	487.04	697.86	486.38	0.70	42.15	0.45	31.94	1411.22	-1343.23	970.94
Fixation L	1	16	11753415343	11753613437	198094	683.11	481.85	32	27	-1	13.51	13.51
Fixation R	1	16	11753415343	11753613437	198094	683.11	481.85	32	27	-1	13.17	13.17
Saccade L	1	15	11753613437	11753638142	24705	682.13	492.53	759.78	486.03	1.75	127.44	0.49	70.91	5204.33	-5238.07	3623.93
Saccade R	1	15	11753613437	11753638142	24705	682.13	492.53	759.78	486.03	1.75	127.44	0.49	70.91	5204.33	-5238.07	3623.93
Fixation L	1	17	11753638142	11753835562	197420	770.23	489.50	20	23	-1	14.06	14.06
Fixation R	1	17	11753638142	11753835562	197420	770.23	489.50	20	23	-1	13.72	13.72
Saccade L	1	16	11753835562	11753963556	127994	777.97	498.22	818.42	856.50	38.53	1586.06	0.50	300.99	43189.25	-43541.88	14900.34
Saccade R	1	16	11753835562	11753963556	127994	777.97	498.22	818.42	856.50	38.53	1586.06	0.50	300.99	43189.25	-43541.88	14900.34
Saccade L	1	17	11753963556	11753991553	27997	818.42	856.50	879.75	882.50	1.16	85.31	0.21	41.54	-772.87	-2885.34	1951.84
Saccade R	1	17	11753963556	11753991553	27997	818.42	856.50	879.75	882.50	1.16	85.31	0.21	41.54	-772.87	-2885.34	1951.84
Fixation L	1	18	11753991553	11754609797	618244	899.83	944.36	51	92	-1	14.42	14.42
Fixation R	1	18	11753991553	11754609797	618244	899.83	944.36	51	92	-1	14.47	14.47
