[BeGaze]
Converted from:	C:\Program Files\SMI\Experiment Suite 360\Experiment Center 2\Results\RC-Attachment-Exp\P27-eye_data.idf
Date:	18.03.2012 20:22:40
Version:	BeGaze 3.0.181
Sample Rate:	500
Subject:	P27
Description:	Run32

Table Header for Fixations:
Event Type	Trial	Number	Start	End	Duration	Location X	Location Y	Dispersion X	Dispersion Y	Plane	Avg. Pupil Size X	Avg. Pupil Size Y

Table Header for Saccades:
Event Type	Trial	Number	Start	End	Duration	Start Loc.X	Start Loc.Y	End Loc.X	End Loc.Y	Amplitude	Peak Speed	Peak Speed At	Average Speed	Peak Accel.	Peak Decel.	Average Accel.

Table Header for Blinks:
Event Type	Trial	Number	Start	End	Duration

Table Header for User Events:
Event Type	Trial	Number	Start	Description

UserEvent	1	1	13655843748	# Message: RC-nonforced-anim-5.jpg
Fixation L	1	1	13655845748	13656543972	698224	523.54	434.37	38	33	-1	12.47	12.47
Fixation R	1	1	13655845748	13656543972	698224	523.54	434.37	38	33	-1	13.13	13.13
Saccade L	1	1	13656543972	13656566319	22347	535.14	429.79	569.54	433.19	0.77	48.95	0.45	34.31	1595.91	-1878.12	1198.72
Saccade R	1	1	13656543972	13656566319	22347	535.14	429.79	569.54	433.19	0.77	48.95	0.45	34.31	1595.91	-1878.12	1198.72
Fixation L	1	2	13656566319	13656756078	189759	571.92	429.83	18	11	-1	12.68	12.68
Fixation R	1	2	13656566319	13656756078	189759	571.92	429.83	18	11	-1	13.35	13.35
Saccade L	1	2	13656756078	13656780097	24019	565.25	427.78	642.60	415.38	1.62	113.31	0.50	67.52	4412.71	-4675.29	3217.46
Saccade R	1	2	13656756078	13656780097	24019	565.25	427.78	642.60	415.38	1.62	113.31	0.50	67.52	4412.71	-4675.29	3217.46
Fixation L	1	3	13656780097	13656994175	214078	659.88	428.84	27	25	-1	12.61	12.61
Fixation R	1	3	13656780097	13656994175	214078	659.88	428.84	27	25	-1	13.29	13.29
Saccade L	1	3	13656994175	13657022171	27996	660.17	435.04	755.20	439.52	2.05	138.35	0.50	73.35	5536.10	-5543.32	4011.36
Saccade R	1	3	13656994175	13657022171	27996	660.17	435.04	755.20	439.52	2.05	138.35	0.50	73.35	5536.10	-5543.32	4011.36
Fixation L	1	4	13657022171	13657486407	464236	746.54	431.94	36	36	-1	12.53	12.53
Fixation R	1	4	13657022171	13657486407	464236	746.54	431.94	36	36	-1	13.18	13.18
Saccade L	1	4	13657486407	13657522405	35998	729.42	420.33	783.73	421.25	1.20	48.09	0.39	33.26	1966.42	-1291.11	1183.41
Saccade R	1	4	13657486407	13657522405	35998	729.42	420.33	783.73	421.25	1.20	48.09	0.39	33.26	1966.42	-1291.11	1183.41
Fixation L	1	5	13657522405	13657698534	176129	784.62	413.55	27	14	-1	12.55	12.55
Fixation R	1	5	13657522405	13657698534	176129	784.62	413.55	27	14	-1	13.23	13.23
Saccade L	1	5	13657698534	13657726530	27996	770.09	415.51	842.95	405.29	1.58	103.53	0.43	56.31	4194.67	-3992.24	2933.21
Saccade R	1	5	13657698534	13657726530	27996	770.09	415.51	842.95	405.29	1.58	103.53	0.43	56.31	4194.67	-3992.24	2933.21
Fixation L	1	6	13657726530	13658075528	348998	851.89	416.51	53	27	-1	12.55	12.55
Fixation R	1	6	13657726530	13658075528	348998	851.89	416.51	53	27	-1	13.31	13.31
Saccade L	1	6	13658075528	13658110641	35113	866.60	406.61	933.60	397.66	1.56	89.70	0.26	44.29	2986.45	-2846.67	1792.04
Saccade R	1	6	13658075528	13658110641	35113	866.60	406.61	933.60	397.66	1.56	89.70	0.26	44.29	2986.45	-2846.67	1792.04
Fixation L	1	7	13658110641	13658514872	404231	916.62	418.82	26	53	-1	12.25	12.25
Fixation R	1	7	13658110641	13658514872	404231	916.62	418.82	26	53	-1	13.05	13.05
Saccade L	1	7	13658514872	13658548872	34000	915.04	447.70	980.82	438.14	1.43	69.40	0.41	42.16	2275.21	-2364.10	1720.60
Saccade R	1	7	13658514872	13658548872	34000	915.04	447.70	980.82	438.14	1.43	69.40	0.41	42.16	2275.21	-2364.10	1720.60
Fixation L	1	8	13658548872	13658859005	310133	1003.45	434.15	56	32	-1	12.02	12.02
Fixation R	1	8	13658548872	13658859005	310133	1003.45	434.15	56	32	-1	12.86	12.86
Saccade L	1	8	13658859005	13658898988	39983	1011.29	432.65	1133.50	428.08	2.77	172.09	0.37	69.37	6074.34	-5930.46	3724.54
Saccade R	1	8	13658859005	13658898988	39983	1011.29	432.65	1133.50	428.08	2.77	172.09	0.37	69.37	6074.34	-5930.46	3724.54
Fixation L	1	9	13658898988	13659033638	134650	1139.61	427.19	12	14	-1	12.00	12.00
Fixation R	1	9	13658898988	13659033638	134650	1139.61	427.19	12	14	-1	12.75	12.75
Saccade L	1	9	13659033638	13659133106	99468	1134.77	415.24	939.20	893.42	11.66	160.81	0.62	117.24	6555.03	-5190.86	2491.05
Saccade R	1	9	13659033638	13659133106	99468	1134.77	415.24	939.20	893.42	11.66	160.81	0.62	117.24	6555.03	-5190.86	2491.05
Fixation L	1	10	13659133106	13660549709	1416603	913.32	928.30	53	51	-1	12.57	12.57
Fixation R	1	10	13659133106	13660549709	1416603	913.32	928.30	53	51	-1	13.31	13.31
