[BeGaze]
Converted from:	C:\Program Files\SMI\Experiment Suite 360\Experiment Center 2\Results\RC-Attachment-Exp\P35-eye_data.idf
Date:	18.03.2012 20:32:27
Version:	BeGaze 3.0.181
Sample Rate:	500
Subject:	P35
Description:	Run40

Table Header for Fixations:
Event Type	Trial	Number	Start	End	Duration	Location X	Location Y	Dispersion X	Dispersion Y	Plane	Avg. Pupil Size X	Avg. Pupil Size Y

Table Header for Saccades:
Event Type	Trial	Number	Start	End	Duration	Start Loc.X	Start Loc.Y	End Loc.X	End Loc.Y	Amplitude	Peak Speed	Peak Speed At	Average Speed	Peak Accel.	Peak Decel.	Average Accel.

Table Header for Blinks:
Event Type	Trial	Number	Start	End	Duration

Table Header for User Events:
Event Type	Trial	Number	Start	Description

UserEvent	1	1	2235284098	# Message: Questionnaire18.jpg
Fixation L	1	1	2235295302	2235473029	177727	872.71	973.26	21	41	-1	11.57	11.57
Fixation R	1	1	2235295302	2235473029	177727	872.71	973.26	21	41	-1	12.21	12.21
Saccade L	1	1	2235473029	2235499428	26399	878.04	945.40	848.74	971.59	0.88	44.63	0.53	33.28	8803.66	157.04	2212.28
Saccade R	1	1	2235473029	2235499428	26399	878.04	945.40	848.74	971.59	0.88	44.63	0.53	33.28	8803.66	157.04	2212.28
Saccade L	1	2	2235499428	2235565018	65590	848.74	971.59	828.24	539.68	9.62	351.45	0.30	146.60	14937.04	-12369.66	7665.91
Saccade R	1	2	2235499428	2235565018	65590	848.74	971.59	828.24	539.68	9.62	351.45	0.30	146.60	14937.04	-12369.66	7665.91
Fixation L	1	2	2235565018	2235697125	132107	827.20	554.96	22	29	-1	11.67	11.67
Fixation R	1	2	2235565018	2235697125	132107	827.20	554.96	22	29	-1	11.89	11.89
Saccade L	1	3	2235697125	2235757121	59996	832.22	566.69	532.76	398.43	7.92	245.82	0.27	131.97	10581.23	-7424.90	5315.31
Saccade R	1	3	2235697125	2235757121	59996	832.22	566.69	532.76	398.43	7.92	245.82	0.27	131.97	10581.23	-7424.90	5315.31
Fixation L	1	3	2235757121	2235897143	140022	525.96	399.77	13	30	-1	11.95	11.95
Fixation R	1	3	2235757121	2235897143	140022	525.96	399.77	13	30	-1	12.30	12.30
Saccade L	1	4	2235897143	2235925247	28104	534.35	415.53	422.41	379.30	2.39	167.07	0.36	84.95	6755.79	-6583.26	4764.74
Saccade R	1	4	2235897143	2235925247	28104	534.35	415.53	422.41	379.30	2.39	167.07	0.36	84.95	6755.79	-6583.26	4764.74
Fixation L	1	4	2235925247	2236057255	132008	420.60	376.58	16	42	-1	11.90	11.90
Fixation R	1	4	2235925247	2236057255	132008	420.60	376.58	16	42	-1	12.09	12.09
Saccade L	1	5	2236057255	2236101498	44243	416.80	354.08	593.46	358.98	3.98	175.89	0.32	89.98	7534.70	-5490.15	4502.41
Saccade R	1	5	2236057255	2236101498	44243	416.80	354.08	593.46	358.98	3.98	175.89	0.32	89.98	7534.70	-5490.15	4502.41
Fixation L	1	5	2236101498	2236263391	161893	599.14	364.37	20	19	-1	11.99	11.99
Fixation R	1	5	2236101498	2236263391	161893	599.14	364.37	20	19	-1	12.27	12.27
Saccade L	1	6	2236263391	2236293633	30242	594.47	368.86	730.35	372.28	3.09	201.74	0.53	102.08	8389.83	-8027.57	6026.47
Saccade R	1	6	2236263391	2236293633	30242	594.47	368.86	730.35	372.28	3.09	201.74	0.53	102.08	8389.83	-8027.57	6026.47
Fixation L	1	6	2236293633	2236517501	223868	750.60	371.61	31	9	-1	12.26	12.26
Fixation R	1	6	2236293633	2236517501	223868	750.60	371.61	31	9	-1	12.72	12.72
Saccade L	1	7	2236517501	2236541504	24003	761.89	374.65	816.53	379.42	1.14	77.73	0.50	47.35	3334.85	-3158.80	2286.31
Saccade R	1	7	2236517501	2236541504	24003	761.89	374.65	816.53	379.42	1.14	77.73	0.50	47.35	3334.85	-3158.80	2286.31
Fixation L	1	7	2236541504	2236631484	89980	813.98	379.27	20	5	-1	12.59	12.59
Fixation R	1	7	2236541504	2236631484	89980	813.98	379.27	20	5	-1	13.11	13.11
Saccade L	1	8	2236631484	2236681640	50156	825.85	379.96	596.13	397.05	5.12	257.32	0.32	102.01	11242.71	-10343.09	6129.03
Saccade R	1	8	2236631484	2236681640	50156	825.85	379.96	596.13	397.05	5.12	257.32	0.32	102.01	11242.71	-10343.09	6129.03
Fixation L	1	8	2236681640	2236993604	311964	601.91	389.51	34	25	-1	12.79	12.79
Fixation R	1	8	2236681640	2236993604	311964	601.91	389.51	34	25	-1	13.10	13.10
Saccade L	1	9	2236993604	2237041731	48127	617.06	380.00	433.07	486.61	5.01	206.30	0.33	104.03	8912.47	-5828.79	5040.47
Saccade R	1	9	2236993604	2237041731	48127	617.06	380.00	433.07	486.61	5.01	206.30	0.33	104.03	8912.47	-5828.79	5040.47
Fixation L	1	9	2237041731	2237505844	464113	431.26	481.71	34	24	-1	12.67	12.67
Fixation R	1	9	2237041731	2237505844	464113	431.26	481.71	34	24	-1	13.02	13.02
Saccade L	1	10	2237505844	2237564003	58159	434.00	486.08	888.33	374.73	10.48	333.87	0.35	180.28	15088.70	-10639.74	8763.87
Saccade R	1	10	2237505844	2237564003	58159	434.00	486.08	888.33	374.73	10.48	333.87	0.35	180.28	15088.70	-10639.74	8763.87
Fixation L	1	10	2237564003	2237725974	161971	892.83	376.87	20	18	-1	12.43	12.43
Fixation R	1	10	2237564003	2237725974	161971	892.83	376.87	20	18	-1	13.11	13.11
UserEvent	1	59	2237629350	# Message: UE-mouseclick left x=415 y=435
Saccade L	1	11	2237725974	2237800103	74129	898.80	386.30	447.05	517.72	11.40	371.94	0.32	153.84	16224.86	-13580.12	8141.54
Saccade R	1	11	2237725974	2237800103	74129	898.80	386.30	447.05	517.72	11.40	371.94	0.32	153.84	16224.86	-13580.12	8141.54
Fixation L	1	11	2237800103	2237978092	177989	447.25	524.31	26	31	-1	12.29	12.29
Fixation R	1	11	2237800103	2237978092	177989	447.25	524.31	26	31	-1	12.71	12.71
Saccade L	1	12	2237978092	2238012086	33994	436.23	521.25	455.78	575.36	1.41	68.51	0.53	41.42	2327.05	-2635.03	1745.09
Saccade R	1	12	2237978092	2238012086	33994	436.23	521.25	455.78	575.36	1.41	68.51	0.53	41.42	2327.05	-2635.03	1745.09
Fixation L	1	12	2238012086	2238424325	412239	455.77	573.86	29	34	-1	12.32	12.32
Fixation R	1	12	2238012086	2238424325	412239	455.77	573.86	29	34	-1	12.98	12.98
UserEvent	1	78	2238349274	# Message: UE-mouseclick left x=419 y=532
