[BeGaze]
Converted from:	C:\Program Files\SMI\Experiment Suite 360\Experiment Center 2\Results\RC-Attachment-Exp\P02-eye_data.idf
Date:	24.02.2012 09:57:30
Version:	BeGaze 3.0.181
Sample Rate:	500
Subject:	P02
Description:	Run2

Table Header for Fixations:
Event Type	Trial	Number	Start	End	Duration	Location X	Location Y	Dispersion X	Dispersion Y	Plane	Avg. Pupil Size X	Avg. Pupil Size Y

Table Header for Saccades:
Event Type	Trial	Number	Start	End	Duration	Start Loc.X	Start Loc.Y	End Loc.X	End Loc.Y	Amplitude	Peak Speed	Peak Speed At	Average Speed	Peak Accel.	Peak Decel.	Average Accel.

Table Header for Blinks:
Event Type	Trial	Number	Start	End	Duration

Table Header for User Events:
Event Type	Trial	Number	Start	Description

UserEvent	1	1	3837513241	# Message: Questionnaire23.jpg
Fixation L	1	1	3837527676	3837737790	210114	897.76	969.35	37	43	-1	13.40	13.40
Fixation R	1	1	3837527676	3837737790	210114	897.76	969.35	37	43	-1	13.92	13.92
Saccade L	1	1	3837737790	3837779832	42042	903.36	944.47	900.88	1006.13	1.72	63.06	0.76	40.81	2052.72	-1826.43	1400.99
Saccade R	1	1	3837737790	3837779832	42042	903.36	944.47	900.88	1006.13	1.72	63.06	0.76	40.81	2052.72	-1826.43	1400.99
Fixation L	1	2	3837779832	3837941762	161930	913.71	985.53	32	44	-1	13.73	13.73
Fixation R	1	2	3837779832	3837941762	161930	913.71	985.53	32	44	-1	14.48	14.48
Saccade L	1	2	3837941762	3838039908	98146	911.60	972.09	0.00	0.00	43.04	1578.91	0.80	438.55	44234.62	-38584.93	19324.36
Blink R	1	1	3837941762	3838149594	207832
Fixation L	1	3	3838149594	3838213878	64284	428.23	371.13	48	20	-1	13.85	13.85
Fixation R	1	3	3838149594	3838213878	64284	428.23	371.13	48	20	-1	14.21	14.21
Saccade L	1	3	3838213878	3838239911	26033	455.49	376.50	413.12	378.26	0.84	51.39	0.38	32.31	1167.26	-1691.84	1016.07
Saccade R	1	2	3838213878	3838239911	26033	455.49	376.50	413.12	378.26	0.84	51.39	0.38	32.31	1167.26	-1691.84	1016.07
Fixation L	1	4	3838268047	3838542444	274397	418.64	396.66	34	29	-1	13.80	13.80
Fixation R	1	4	3838268047	3838542444	274397	418.64	396.66	34	29	-1	14.35	14.35
Fixation L	1	5	3838562111	3838620711	58600	446.02	406.73	18	17	-1	13.72	13.72
Fixation R	1	5	3838562111	3838620711	58600	446.02	406.73	18	17	-1	14.42	14.42
Saccade L	1	4	3838620711	3838644156	23445	452.36	412.45	592.71	422.54	2.78	228.45	0.49	118.65	8728.58	-7002.16	5492.68
Saccade R	1	3	3838620711	3838644156	23445	452.36	412.45	592.71	422.54	2.78	228.45	0.49	118.65	8728.58	-7002.16	5492.68
Fixation L	1	6	3838664159	3838852229	188070	532.88	442.40	74	73	-1	13.67	13.67
Fixation R	1	6	3838664159	3838852229	188070	532.88	442.40	74	73	-1	14.41	14.41
Saccade L	1	5	3838852229	3838876240	24011	518.66	481.57	567.40	492.93	1.40	109.19	0.56	58.19	3861.96	-3880.94	2567.77
Saccade R	1	4	3838852229	3838876240	24011	518.66	481.57	567.40	492.93	1.40	109.19	0.56	58.19	3861.96	-3880.94	2567.77
Fixation L	1	7	3838876240	3838994341	118101	563.79	517.54	66	49	-1	13.73	13.73
Fixation R	1	7	3838876240	3838994341	118101	563.79	517.54	66	49	-1	14.39	14.39
Saccade L	1	6	3838994341	3839038224	43883	556.01	541.83	570.75	639.50	2.63	124.63	0.34	60.01	4715.12	-3778.15	2702.58
Saccade R	1	5	3838994341	3839038224	43883	556.01	541.83	570.75	639.50	2.63	124.63	0.34	60.01	4715.12	-3778.15	2702.58
Saccade L	1	7	3839042221	3839073488	31267	583.83	642.21	671.97	667.41	2.48	198.25	0.64	79.16	6805.64	-6249.44	3963.77
Saccade R	1	6	3839042221	3839073488	31267	583.83	642.21	671.97	667.41	2.48	198.25	0.64	79.16	6805.64	-6249.44	3963.77
Blink L	1	1	3839234389	3839314752	80363
Blink R	1	2	3839234389	3839314752	80363
Fixation L	1	8	3839314752	3839428483	113731	727.06	352.10	14	17	-1	13.97	13.97
Fixation R	1	8	3839314752	3839428483	113731	727.06	352.10	14	17	-1	14.51	14.51
Saccade L	1	8	3839428483	3839458452	29969	725.16	356.60	795.75	355.08	1.61	95.80	0.47	53.68	3850.21	-3785.20	2723.53
Saccade R	1	7	3839428483	3839458452	29969	725.16	356.60	795.75	355.08	1.61	95.80	0.47	53.68	3850.21	-3785.20	2723.53
Fixation L	1	9	3839458452	3839644588	186136	794.07	372.49	12	36	-1	14.07	14.07
Fixation R	1	9	3839458452	3839644588	186136	794.07	372.49	12	36	-1	14.46	14.46
Saccade L	1	9	3839644588	3839698819	54231	792.52	374.56	435.74	439.05	13.10	436.97	0.48	241.63	16083.17	-16027.38	11287.23
Saccade R	1	8	3839644588	3839698819	54231	792.52	374.56	435.74	439.05	13.10	436.97	0.48	241.63	16083.17	-16027.38	11287.23
Fixation L	1	10	3839716608	3840006681	290073	402.42	444.41	15	20	-1	14.22	14.22
Fixation R	1	10	3839716608	3840006681	290073	402.42	444.41	15	20	-1	14.70	14.70
Blink L	1	2	3840044719	3840076685	31966
Blink R	1	3	3840044719	3840076685	31966
Fixation L	1	11	3840076685	3840194912	118227	430.95	441.79	19	28	-1	14.33	14.33
Fixation R	1	11	3840076685	3840194912	118227	430.95	441.79	19	28	-1	15.19	15.19
Saccade L	1	10	3840194912	3840218870	23958	429.61	433.12	406.69	464.73	0.80	49.05	0.58	33.50	1881.28	-1696.08	1258.37
Saccade R	1	9	3840194912	3840218870	23958	429.61	433.12	406.69	464.73	0.80	49.05	0.58	33.50	1881.28	-1696.08	1258.37
Fixation L	1	12	3840218870	3840907028	688158	421.40	474.55	47	38	-1	14.24	14.24
Fixation R	1	12	3840218870	3840907028	688158	421.40	474.55	47	38	-1	14.97	14.97
Saccade L	1	11	3840907028	3840945351	38323	422.97	461.50	373.96	430.63	2.31	125.81	0.31	60.23	4900.89	-3758.04	2604.90
Saccade R	1	10	3840907028	3840945351	38323	422.97	461.50	373.96	430.63	2.31	125.81	0.31	60.23	4900.89	-3758.04	2604.90
Fixation L	1	13	3840945351	3841345850	400499	362.75	432.55	25	24	-1	14.39	14.39
Fixation R	1	13	3840945351	3841345850	400499	362.75	432.55	25	24	-1	15.10	15.10
Fixation L	1	14	3841365288	3841887491	522203	347.39	421.56	35	31	-1	14.44	14.44
Fixation R	1	14	3841365288	3841887491	522203	347.39	421.56	35	31	-1	14.91	14.91
Saccade L	1	12	3841887491	3841923526	36035	354.42	429.54	343.95	406.74	1.06	45.13	0.72	29.29	1295.27	-1301.23	890.65
Saccade R	1	11	3841887491	3841923526	36035	354.42	429.54	343.95	406.74	1.06	45.13	0.72	29.29	1295.27	-1301.23	890.65
Fixation L	1	15	3841923526	3842147604	224078	345.05	423.07	32	30	-1	14.14	14.14
Fixation R	1	15	3841923526	3842147604	224078	345.05	423.07	32	30	-1	14.47	14.47
Saccade L	1	13	3842147604	3842175622	28018	356.80	435.52	342.11	411.53	0.76	40.86	0.36	27.27	1029.19	-1139.47	780.91
Saccade R	1	12	3842147604	3842175622	28018	356.80	435.52	342.11	411.53	0.76	40.86	0.36	27.27	1029.19	-1139.47	780.91
Fixation L	1	16	3842175622	3842548019	372397	345.31	430.99	23	36	-1	13.97	13.97
Fixation R	1	16	3842175622	3842548019	372397	345.31	430.99	23	36	-1	14.38	14.38
UserEvent	1	127	3842535685	# Message: UE-mouseclick left x=363 y=438
Saccade L	1	14	3842548019	3842579869	31850	332.59	412.61	399.61	422.58	1.68	95.47	0.50	52.79	3002.15	-3244.85	2187.24
Saccade R	1	13	3842548019	3842579869	31850	332.59	412.61	399.61	422.58	1.68	95.47	0.50	52.79	3002.15	-3244.85	2187.24
Fixation L	1	17	3842579869	3842968220	388351	407.67	426.23	44	25	-1	13.66	13.66
Fixation R	1	17	3842579869	3842968220	388351	407.67	426.23	44	25	-1	14.18	14.18
Saccade L	1	15	3842968220	3843006348	38128	409.69	426.26	357.67	493.04	2.34	111.04	0.31	61.26	4402.95	-4298.78	3135.58
Saccade R	1	14	3842968220	3843006348	38128	409.69	426.26	357.67	493.04	2.34	111.04	0.31	61.26	4402.95	-4298.78	3135.58
Fixation L	1	18	3843006348	3843646352	640004	351.50	511.80	36	37	-1	13.79	13.79
Fixation R	1	18	3843006348	3843646352	640004	351.50	511.80	36	37	-1	14.21	14.21
UserEvent	1	153	3843503772	# Message: UE-mouseclick left x=370 y=524
