[BeGaze]
Converted from:	C:\Program Files\SMI\Experiment Suite 360\Experiment Center 2\Results\RC-Attachment-Exp\P16-eye_data.idf
Date:	18.03.2012 20:12:06
Version:	BeGaze 3.0.181
Sample Rate:	500
Subject:	P16
Description:	Run21

Table Header for Fixations:
Event Type	Trial	Number	Start	End	Duration	Location X	Location Y	Dispersion X	Dispersion Y	Plane	Avg. Pupil Size X	Avg. Pupil Size Y

Table Header for Saccades:
Event Type	Trial	Number	Start	End	Duration	Start Loc.X	Start Loc.Y	End Loc.X	End Loc.Y	Amplitude	Peak Speed	Peak Speed At	Average Speed	Peak Accel.	Peak Decel.	Average Accel.

Table Header for Blinks:
Event Type	Trial	Number	Start	End	Duration

Table Header for User Events:
Event Type	Trial	Number	Start	Description

UserEvent	1	1	1443173172	# Message: RC-N2forced-nonanim-1.jpg
Fixation L	1	1	1443175530	1443766417	590887	472.85	440.74	27	42	-1	9.93	9.93
Fixation R	1	1	1443175530	1443766417	590887	472.85	440.74	27	42	-1	10.03	10.03
Saccade L	1	1	1443766417	1443790422	24005	465.71	438.37	530.57	444.33	1.36	96.32	0.42	56.48	3880.95	-3777.70	2692.38
Saccade R	1	1	1443766417	1443790422	24005	465.71	438.37	530.57	444.33	1.36	96.32	0.42	56.48	3880.95	-3777.70	2692.38
Fixation L	1	2	1443790422	1443972436	182014	533.20	436.55	13	28	-1	10.05	10.05
Fixation R	1	2	1443790422	1443972436	182014	533.20	436.55	13	28	-1	10.15	10.15
Saccade L	1	2	1443972436	1443998584	26148	532.65	441.11	638.32	448.71	2.22	163.65	0.53	84.85	6696.74	-6651.91	4803.22
Saccade R	1	2	1443972436	1443998584	26148	532.65	441.11	638.32	448.71	2.22	163.65	0.53	84.85	6696.74	-6651.91	4803.22
Fixation L	1	3	1443998584	1444208550	209966	631.84	438.63	27	25	-1	10.33	10.33
Fixation R	1	3	1443998584	1444208550	209966	631.84	438.63	27	25	-1	10.44	10.44
Blink L	1	1	1444208550	1444338645	130095
Blink R	1	1	1444208550	1444338645	130095
Fixation L	1	4	1444338645	1444502643	163998	694.25	431.95	14	37	-1	9.93	9.93
Fixation R	1	4	1444338645	1444502643	163998	694.25	431.95	14	37	-1	10.32	10.32
Saccade L	1	3	1444502643	1444532632	29989	696.34	436.43	755.85	450.18	1.47	82.12	0.40	49.13	3446.44	-2850.51	2268.82
Saccade R	1	3	1444502643	1444532632	29989	696.34	436.43	755.85	450.18	1.47	82.12	0.40	49.13	3446.44	-2850.51	2268.82
Fixation L	1	5	1444532632	1445076873	544241	744.69	440.06	33	35	-1	10.01	10.01
Fixation R	1	5	1444532632	1445076873	544241	744.69	440.06	33	35	-1	10.35	10.35
Saccade L	1	4	1445076873	1445102858	25985	736.24	452.95	820.19	446.59	1.75	125.29	0.46	67.48	4986.60	-4945.08	3555.88
Saccade R	1	4	1445076873	1445102858	25985	736.24	452.95	820.19	446.59	1.75	125.29	0.46	67.48	4986.60	-4945.08	3555.88
Fixation L	1	6	1445102858	1445291110	188252	825.26	444.51	20	30	-1	9.76	9.76
Fixation R	1	6	1445102858	1445291110	188252	825.26	444.51	20	30	-1	10.27	10.27
Saccade L	1	5	1445291110	1445319097	27987	819.32	445.15	891.49	445.80	1.48	95.17	0.35	53.02	3135.53	-3422.23	2351.45
Saccade R	1	5	1445291110	1445319097	27987	819.32	445.15	891.49	445.80	1.48	95.17	0.35	53.02	3135.53	-3422.23	2351.45
Fixation L	1	7	1445319097	1445567602	248505	894.56	441.19	25	29	-1	9.91	9.91
Fixation R	1	7	1445319097	1445567602	248505	894.56	441.19	25	29	-1	10.18	10.18
Saccade L	1	6	1445567602	1445589092	21490	895.69	462.56	963.86	460.55	1.35	117.16	0.54	63.00	3541.38	-3659.96	2350.69
Saccade R	1	6	1445567602	1445589092	21490	895.69	462.56	963.86	460.55	1.35	117.16	0.54	63.00	3541.38	-3659.96	2350.69
Fixation L	1	8	1445589092	1445761203	172111	953.31	454.67	23	24	-1	9.72	9.72
Fixation R	1	8	1445589092	1445761203	172111	953.31	454.67	23	24	-1	10.28	10.28
Saccade L	1	7	1445761203	1445785203	24000	959.81	458.57	1018.39	446.55	1.27	88.41	0.50	52.72	3236.55	-3533.10	2379.31
Saccade R	1	7	1445761203	1445785203	24000	959.81	458.57	1018.39	446.55	1.27	88.41	0.50	52.72	3236.55	-3533.10	2379.31
Fixation L	1	9	1445785203	1445979297	194094	1014.42	440.12	24	16	-1	9.54	9.54
Fixation R	1	9	1445785203	1445979297	194094	1014.42	440.12	24	16	-1	10.06	10.06
Saccade L	1	8	1445979297	1446035320	56023	1015.15	443.59	1139.90	444.46	12.73	376.71	0.50	227.15	17622.33	-11807.84	8847.61
Saccade R	1	8	1445979297	1446035320	56023	1015.15	443.59	1139.90	444.46	12.73	376.71	0.50	227.15	17622.33	-11807.84	8847.61
Saccade L	1	9	1446039320	1446091331	52011	1147.43	439.81	1127.48	431.22	19.23	804.17	0.46	369.66	32031.75	-35644.96	24364.10
Saccade R	1	9	1446039320	1446091331	52011	1147.43	439.81	1127.48	431.22	19.23	804.17	0.46	369.66	32031.75	-35644.96	24364.10
Fixation L	1	10	1446091331	1446281438	190107	1128.82	440.87	19	22	-1	9.60	9.60
Fixation R	1	10	1446091331	1446281438	190107	1128.82	440.87	19	22	-1	10.03	10.03
Blink L	1	2	1446295450	1446503557	208107
Blink R	1	2	1446295450	1446503557	208107
Fixation L	1	11	1446503557	1446606126	102569	902.62	861.96	26	82	-1	8.92	8.92
Fixation R	1	11	1446503557	1446606126	102569	902.62	861.96	26	82	-1	9.52	9.52
Fixation L	1	12	1446619546	1447280268	660722	894.76	906.01	105	39	-1	10.23	10.23
Fixation R	1	12	1446619546	1447280268	660722	894.76	906.01	105	39	-1	10.43	10.43
Fixation L	1	13	1447299894	1447942119	642225	887.02	919.21	58	37	-1	11.28	11.28
Fixation R	1	13	1447299894	1447942119	642225	887.02	919.21	58	37	-1	11.59	11.59
Saccade L	1	10	1447942119	1447969693	27574	869.68	930.16	909.63	939.54	0.90	46.92	0.44	32.66	1845.66	-1765.72	1312.28
Saccade R	1	10	1447942119	1447969693	27574	869.68	930.16	909.63	939.54	0.90	46.92	0.44	32.66	1845.66	-1765.72	1312.28
Fixation L	1	14	1447969693	1448432354	462661	893.92	934.21	52	33	-1	11.60	11.60
Fixation R	1	14	1447969693	1448432354	462661	893.92	934.21	52	33	-1	11.75	11.75
