[BeGaze]
Converted from:	C:\Program Files\SMI\Experiment Suite 360\Experiment Center 2\Results\RC-Attachment-Exp\P25-eye_data.idf
Date:	18.03.2012 20:20:12
Version:	BeGaze 3.0.181
Sample Rate:	500
Subject:	P25
Description:	Run30

Table Header for Fixations:
Event Type	Trial	Number	Start	End	Duration	Location X	Location Y	Dispersion X	Dispersion Y	Plane	Avg. Pupil Size X	Avg. Pupil Size Y

Table Header for Saccades:
Event Type	Trial	Number	Start	End	Duration	Start Loc.X	Start Loc.Y	End Loc.X	End Loc.Y	Amplitude	Peak Speed	Peak Speed At	Average Speed	Peak Accel.	Peak Decel.	Average Accel.

Table Header for Blinks:
Event Type	Trial	Number	Start	End	Duration

Table Header for User Events:
Event Type	Trial	Number	Start	Description

UserEvent	1	1	10895265488	# Message: RC-nonforced-nonanim-2.jpg
Fixation L	1	1	10895268583	10895785127	516544	494.48	426.42	54	37	-1	12.00	12.00
Fixation R	1	1	10895268583	10895785127	516544	494.48	426.42	54	37	-1	12.15	12.15
Saccade L	1	1	10895785127	10895811060	25933	499.51	425.33	568.83	436.19	1.48	101.60	0.46	56.94	4102.95	-4061.24	2934.78
Saccade R	1	1	10895785127	10895811060	25933	499.51	425.33	568.83	436.19	1.48	101.60	0.46	56.94	4102.95	-4061.24	2934.78
Fixation L	1	2	10895811060	10895989172	178112	570.02	415.87	13	38	-1	12.02	12.02
Fixation R	1	2	10895811060	10895989172	178112	570.02	415.87	13	38	-1	12.18	12.18
Saccade L	1	2	10895989172	10896019186	30014	578.85	401.09	638.00	416.84	1.32	70.93	0.47	44.00	2879.85	-2630.02	1989.62
Saccade R	1	2	10895989172	10896019186	30014	578.85	401.09	638.00	416.84	1.32	70.93	0.47	44.00	2879.85	-2630.02	1989.62
Fixation L	1	3	10896019186	10896243374	224188	640.54	420.38	34	14	-1	12.22	12.22
Fixation R	1	3	10896019186	10896243374	224188	640.54	420.38	34	14	-1	12.52	12.52
Saccade L	1	3	10896243374	10896275311	31937	637.05	417.62	709.22	428.52	1.71	103.55	0.37	53.63	3669.69	-3717.42	2645.53
Saccade R	1	3	10896243374	10896275311	31937	637.05	417.62	709.22	428.52	1.71	103.55	0.37	53.63	3669.69	-3717.42	2645.53
Fixation L	1	4	10896275311	10896447275	171964	716.85	413.70	12	20	-1	12.50	12.50
Fixation R	1	4	10896275311	10896447275	171964	716.85	413.70	12	20	-1	12.63	12.63
Saccade L	1	4	10896447275	10896499483	52208	711.88	419.22	831.29	441.40	2.91	169.80	0.26	55.81	6542.99	-5702.74	2593.64
Saccade R	1	4	10896447275	10896499483	52208	711.88	419.22	831.29	441.40	2.91	169.80	0.26	55.81	6542.99	-5702.74	2593.64
Fixation L	1	5	10896499483	10896761822	262339	841.90	433.56	15	15	-1	12.22	12.22
Fixation R	1	5	10896499483	10896761822	262339	841.90	433.56	15	15	-1	12.47	12.47
Saccade L	1	5	10896761822	10896785516	23694	825.88	429.05	921.76	429.54	1.79	142.19	0.53	75.69	5650.94	-5599.75	3901.40
Saccade R	1	5	10896761822	10896785516	23694	825.88	429.05	921.76	429.54	1.79	142.19	0.53	75.69	5650.94	-5599.75	3901.40
Fixation L	1	6	10896785516	10897200200	414684	910.25	430.09	49	56	-1	12.00	12.00
Fixation R	1	6	10896785516	10897200200	414684	910.25	430.09	49	56	-1	12.34	12.34
Saccade L	1	6	10897200200	10897229629	29429	899.76	418.90	990.06	435.36	1.90	122.97	0.39	64.51	4929.70	-4537.42	3421.75
Saccade R	1	6	10897200200	10897229629	29429	899.76	418.90	990.06	435.36	1.90	122.97	0.39	64.51	4929.70	-4537.42	3421.75
Fixation L	1	7	10897229629	10897415771	186142	978.93	433.37	28	26	-1	12.73	12.73
Fixation R	1	7	10897229629	10897415771	186142	978.93	433.37	28	26	-1	13.10	13.10
Saccade L	1	7	10897415771	10897447746	31975	971.85	452.12	1093.36	452.13	2.69	176.31	0.50	84.23	6701.07	-6712.32	4887.96
Saccade R	1	7	10897415771	10897447746	31975	971.85	452.12	1093.36	452.13	2.69	176.31	0.50	84.23	6701.07	-6712.32	4887.96
Fixation L	1	8	10897447746	10897639861	192115	1105.05	459.55	21	24	-1	12.97	12.97
Fixation R	1	8	10897447746	10897639861	192115	1105.05	459.55	21	24	-1	13.54	13.54
Blink L	1	1	10897639861	10897861463	221602
Blink R	1	1	10897639861	10897861463	221602
Fixation L	1	9	10897861463	10898158110	296647	868.82	945.45	31	47	-1	13.67	13.67
Fixation R	1	9	10897861463	10898158110	296647	868.82	945.45	31	47	-1	14.15	14.15
Fixation L	1	10	10898174139	10898354092	179953	902.15	948.70	26	52	-1	13.18	13.18
Fixation R	1	10	10898174139	10898354092	179953	902.15	948.70	26	52	-1	13.79	13.79
Saccade L	1	8	10898354092	10898390211	36119	883.00	979.01	911.56	954.48	1.07	49.03	0.68	29.54	1200.24	-1240.47	810.81
Saccade R	1	8	10898354092	10898390211	36119	883.00	979.01	911.56	954.48	1.07	49.03	0.68	29.54	1200.24	-1240.47	810.81
Fixation L	1	11	10898390211	10898614205	223994	909.87	954.32	33	34	-1	13.15	13.15
Fixation R	1	11	10898390211	10898614205	223994	909.87	954.32	33	34	-1	13.60	13.60
