[BeGaze]
Converted from:	C:\Program Files\SMI\Experiment Suite 360\Experiment Center 2\Results\RC-Attachment-Exp\P34-eye_data.idf
Date:	18.03.2012 20:30:24
Version:	BeGaze 3.0.181
Sample Rate:	500
Subject:	P34
Description:	Run39

Table Header for Fixations:
Event Type	Trial	Number	Start	End	Duration	Location X	Location Y	Dispersion X	Dispersion Y	Plane	Avg. Pupil Size X	Avg. Pupil Size Y

Table Header for Saccades:
Event Type	Trial	Number	Start	End	Duration	Start Loc.X	Start Loc.Y	End Loc.X	End Loc.Y	Amplitude	Peak Speed	Peak Speed At	Average Speed	Peak Accel.	Peak Decel.	Average Accel.

Table Header for Blinks:
Event Type	Trial	Number	Start	End	Duration

Table Header for User Events:
Event Type	Trial	Number	Start	Description

UserEvent	1	1	4139640894	# Message: RC-N1forced-anim-1.jpg
Fixation L	1	1	4139652150	4139899416	247266	469.59	443.69	35	31	-1	14.24	14.24
Fixation R	1	1	4139652150	4139899416	247266	469.59	443.69	35	31	-1	14.08	14.08
Saccade L	1	1	4139899416	4139949378	49962	467.82	435.90	544.84	434.40	2.36	113.89	0.44	47.14	4281.67	-3622.28	2310.98
Saccade R	1	1	4139899416	4139949378	49962	467.82	435.90	544.84	434.40	2.36	113.89	0.44	47.14	4281.67	-3622.28	2310.98
Fixation L	1	2	4139949378	4140179723	230345	545.18	448.94	52	32	-1	14.14	14.14
Fixation R	1	2	4139949378	4140179723	230345	545.18	448.94	52	32	-1	13.94	13.94
Saccade L	1	2	4140179723	4140223495	43772	553.89	451.23	622.14	439.86	1.65	79.90	0.50	37.67	2671.94	-3122.44	1749.64
Saccade R	1	2	4140179723	4140223495	43772	553.89	451.23	622.14	439.86	1.65	79.90	0.50	37.67	2671.94	-3122.44	1749.64
Saccade L	1	3	4140269491	4140317494	48003	613.14	433.45	496.93	463.43	2.63	147.00	0.29	54.85	5431.27	-4984.48	2789.74
Saccade R	1	3	4140269491	4140317494	48003	613.14	433.45	496.93	463.43	2.63	147.00	0.29	54.85	5431.27	-4984.48	2789.74
Fixation L	1	3	4140317494	4140413616	96122	500.68	458.50	35	24	-1	14.02	14.02
Fixation R	1	3	4140317494	4140413616	96122	500.68	458.50	35	24	-1	13.77	13.77
Saccade L	1	4	4140413616	4140475624	62008	503.53	445.13	636.28	429.33	3.20	164.96	0.48	51.59	6196.01	-6146.85	3040.04
Saccade R	1	4	4140413616	4140475624	62008	503.53	445.13	636.28	429.33	3.20	164.96	0.48	51.59	6196.01	-6146.85	3040.04
Saccade L	1	5	4140475624	4140515638	40014	636.28	429.33	659.53	479.89	1.20	65.19	0.70	29.97	1671.81	-439.59	693.49
Saccade R	1	5	4140475624	4140515638	40014	636.28	429.33	659.53	479.89	1.20	65.19	0.70	29.97	1671.81	-439.59	693.49
Saccade L	1	6	4140515638	4140551604	35966	659.53	479.89	620.08	435.95	1.22	58.99	0.28	33.82	643.19	-1770.43	765.62
Saccade R	1	6	4140515638	4140551604	35966	659.53	479.89	620.08	435.95	1.22	58.99	0.28	33.82	643.19	-1770.43	765.62
Saccade L	1	7	4140551604	4140587621	36017	620.08	435.95	629.40	484.88	1.17	45.72	0.61	32.46	1228.91	-706.77	627.36
Saccade R	1	7	4140551604	4140587621	36017	620.08	435.95	629.40	484.88	1.17	45.72	0.61	32.46	1228.91	-706.77	627.36
Saccade L	1	8	4140587621	4140631626	44005	629.40	484.88	587.89	456.24	1.73	60.63	0.64	39.29	817.14	-1289.72	620.36
Saccade R	1	8	4140587621	4140631626	44005	629.40	484.88	587.89	456.24	1.73	60.63	0.64	39.29	817.14	-1289.72	620.36
Saccade L	1	9	4140631626	4140703772	72146	587.89	456.24	717.51	423.91	4.87	192.43	0.46	67.51	6169.18	-5347.74	2730.44
Saccade R	1	9	4140631626	4140703772	72146	587.89	456.24	717.51	423.91	4.87	192.43	0.46	67.51	6169.18	-5347.74	2730.44
Saccade L	1	10	4140703772	4140725741	21969	717.51	423.91	748.85	432.42	0.66	45.45	0.45	30.27	433.36	-881.61	504.70
Saccade R	1	10	4140703772	4140725741	21969	717.51	423.91	748.85	432.42	0.66	45.45	0.45	30.27	433.36	-881.61	504.70
Saccade L	1	11	4140729726	4140751722	21996	749.99	430.89	723.39	449.23	0.58	42.02	0.59	26.47	631.68	-967.32	567.49
Saccade R	1	11	4140729726	4140751722	21996	749.99	430.89	723.39	449.23	0.58	42.02	0.59	26.47	631.68	-967.32	567.49
Saccade L	1	12	4140799719	4140827787	28068	711.64	447.11	741.27	462.16	0.88	54.81	0.57	31.44	1647.69	-973.98	924.00
Saccade R	1	12	4140799719	4140827787	28068	711.64	447.11	741.27	462.16	0.88	54.81	0.57	31.44	1647.69	-973.98	924.00
Fixation L	1	4	4140827787	4140889721	61934	730.28	448.95	28	36	-1	14.05	14.05
Fixation R	1	4	4140827787	4140889721	61934	730.28	448.95	28	36	-1	14.01	14.01
Saccade L	1	13	4140889721	4140935845	46124	748.82	454.27	786.83	435.58	1.29	40.34	0.48	28.05	969.62	-1122.03	537.72
Saccade R	1	13	4140889721	4140935845	46124	748.82	454.27	786.83	435.58	1.29	40.34	0.48	28.05	969.62	-1122.03	537.72
Fixation L	1	5	4140935845	4141017845	82000	772.16	444.71	30	20	-1	13.92	13.92
Fixation R	1	5	4140935845	4141017845	82000	772.16	444.71	30	20	-1	13.90	13.90
Blink L	1	1	4141017845	4141203852	186007
Blink R	1	1	4141017845	4141203852	186007
Fixation L	1	6	4141203852	4141307951	104099	837.77	410.50	23	21	-1	13.59	13.59
Fixation R	1	6	4141203852	4141307951	104099	837.77	410.50	23	21	-1	13.41	13.41
Saccade L	1	14	4141307951	4141369944	61993	840.62	401.89	870.78	445.16	1.51	45.47	0.65	24.36	1204.59	-1665.76	853.34
Saccade R	1	14	4141307951	4141369944	61993	840.62	401.89	870.78	445.16	1.51	45.47	0.65	24.36	1204.59	-1665.76	853.34
Fixation L	1	7	4141369944	4141712076	342132	854.92	436.04	51	39	-1	13.75	13.75
Fixation R	1	7	4141369944	4141712076	342132	854.92	436.04	51	39	-1	13.51	13.51
Saccade L	1	15	4141712076	4141783210	71134	843.48	455.14	916.89	416.08	2.61	97.91	0.68	36.73	2998.69	-3734.68	1704.45
Saccade R	1	15	4141712076	4141783210	71134	843.48	455.14	916.89	416.08	2.61	97.91	0.68	36.73	2998.69	-3734.68	1704.45
Fixation L	1	8	4141783210	4141962177	178967	913.94	423.15	22	26	-1	13.49	13.49
Fixation R	1	8	4141783210	4141962177	178967	913.94	423.15	22	26	-1	13.13	13.13
Saccade L	1	16	4141962177	4142022328	60151	910.78	417.74	981.96	423.39	1.85	49.07	0.63	30.68	1026.21	-1461.34	828.30
Saccade R	1	16	4141962177	4142022328	60151	910.78	417.74	981.96	423.39	1.85	49.07	0.63	30.68	1026.21	-1461.34	828.30
Saccade L	1	17	4142026302	4142078304	52002	984.93	422.10	902.76	407.88	1.91	70.40	0.23	36.73	1898.02	-1431.47	1160.77
Saccade R	1	17	4142026302	4142078304	52002	984.93	422.10	902.76	407.88	1.91	70.40	0.23	36.73	1898.02	-1431.47	1160.77
Saccade L	1	18	4142103510	4142165135	61625	908.01	399.82	945.12	402.81	2.23	87.20	0.57	36.24	2973.49	-3003.95	1570.26
Saccade R	1	18	4142103510	4142165135	61625	908.01	399.82	945.12	402.81	2.23	87.20	0.57	36.24	2973.49	-3003.95	1570.26
Saccade L	1	19	4142287890	4142308555	20665	964.54	465.57	952.15	421.14	0.79	71.21	0.41	38.10	1051.01	-2224.91	1248.29
Saccade R	1	19	4142287890	4142308555	20665	964.54	465.57	952.15	421.14	0.79	71.21	0.41	38.10	1051.01	-2224.91	1248.29
Fixation L	1	9	4142308555	4142368417	59862	958.90	425.90	16	16	-1	13.63	13.63
Fixation R	1	9	4142308555	4142368417	59862	958.90	425.90	16	16	-1	13.39	13.39
Saccade L	1	20	4142368417	4142424421	56004	956.34	413.96	1049.10	408.03	2.25	109.04	0.54	40.19	3957.09	-3860.87	2132.87
Saccade R	1	20	4142368417	4142424421	56004	956.34	413.96	1049.10	408.03	2.25	109.04	0.54	40.19	3957.09	-3860.87	2132.87
Fixation L	1	10	4142424421	4142668525	244104	1031.64	412.65	25	41	-1	13.62	13.62
Fixation R	1	10	4142424421	4142668525	244104	1031.64	412.65	25	41	-1	13.40	13.40
Saccade L	1	21	4142668525	4142702522	33997	1032.60	427.44	1084.69	415.23	1.27	70.34	0.35	37.44	2872.05	-2718.17	2000.53
Saccade R	1	21	4142668525	4142702522	33997	1032.60	427.44	1084.69	415.23	1.27	70.34	0.35	37.44	2872.05	-2718.17	2000.53
Fixation L	1	11	4142702522	4142944648	242126	1092.74	431.73	29	39	-1	13.55	13.55
Fixation R	1	11	4142702522	4142944648	242126	1092.74	431.73	29	39	-1	13.37	13.37
Fixation L	1	12	4143022642	4143134822	112180	1166.43	444.66	23	28	-1	13.66	13.66
Fixation R	1	12	4143022642	4143134822	112180	1166.43	444.66	23	28	-1	13.39	13.39
Blink L	1	2	4143134822	4143374877	240055
Blink R	1	2	4143134822	4143374877	240055
Fixation L	1	13	4143374877	4143586872	211995	1107.73	429.96	1149	452	-1	13.26	13.26
Fixation R	1	13	4143374877	4143586872	211995	1107.73	429.96	1149	452	-1	13.19	13.19
Saccade L	1	22	4143604994	4143640989	35995	1125.23	421.10	1133.11	462.00	28.23	1578.38	0.61	784.41	43323.55	-56353.60	33567.79
Saccade R	1	22	4143604994	4143640989	35995	1125.23	421.10	1133.11	462.00	28.23	1578.38	0.61	784.41	43323.55	-56353.60	33567.79
Saccade L	1	23	4143666992	4143734993	68001	1137.77	460.85	1143.88	402.01	40.32	1962.89	0.21	592.89	78982.44	-72951.65	34208.41
Saccade R	1	23	4143666992	4143734993	68001	1137.77	460.85	1143.88	402.01	40.32	1962.89	0.21	592.89	78982.44	-72951.65	34208.41
Saccade L	1	24	4143769002	4143814987	45985	1134.33	434.67	1199.97	440.20	1.83	100.13	0.52	39.78	3266.51	-3784.65	2127.82
Saccade R	1	24	4143769002	4143814987	45985	1134.33	434.67	1199.97	440.20	1.83	100.13	0.52	39.78	3266.51	-3784.65	2127.82
Blink L	1	3	4143854987	4143927102	72115
Blink R	1	3	4143854987	4143927102	72115
Saccade L	1	25	4143927102	4143951106	24004	0.00	0.00	1186.03	458.22	27.15	2450.86	0.51	1131.00	38258.68	-93154.39	46498.61
Saccade R	1	25	4143927102	4143951106	24004	0.00	0.00	1186.03	458.22	27.15	2450.86	0.51	1131.00	38258.68	-93154.39	46498.61
Saccade L	1	26	4144093102	4144159094	65992	1196.34	409.40	1045.33	427.20	3.56	145.39	0.42	54.00	5734.08	-5443.37	3042.05
Saccade R	1	26	4144093102	4144159094	65992	1196.34	409.40	1045.33	427.20	3.56	145.39	0.42	54.00	5734.08	-5443.37	3042.05
Fixation L	1	14	4144159094	4144299857	140763	1066.49	437.47	46	19	-1	13.50	13.50
Fixation R	1	14	4144159094	4144299857	140763	1066.49	437.47	46	19	-1	13.26	13.26
Saccade L	1	27	4144299857	4144344362	44505	1086.92	435.64	1205.50	412.98	2.74	160.96	0.26	61.58	6689.66	-5786.10	3575.78
Saccade R	1	27	4144299857	4144344362	44505	1086.92	435.64	1205.50	412.98	2.74	160.96	0.26	61.58	6689.66	-5786.10	3575.78
Fixation L	1	15	4144344362	4144475340	130978	1216.16	409.48	23	20	-1	13.42	13.42
Fixation R	1	15	4144344362	4144475340	130978	1216.16	409.48	23	20	-1	13.16	13.16
Blink L	1	4	4144504483	4144784797	280314
Blink R	1	4	4144504483	4144784797	280314
Fixation L	1	16	4144784797	4144868073	83276	947.67	927.15	12	41	-1	13.98	13.98
Fixation R	1	16	4144784797	4144868073	83276	947.67	927.15	12	41	-1	14.02	14.02
Saccade L	1	28	4144868073	4144929455	61382	955.11	904.82	937.59	895.95	1.63	64.80	0.51	26.59	1882.54	-1510.98	838.45
Saccade R	1	28	4144868073	4144929455	61382	955.11	904.82	937.59	895.95	1.63	64.80	0.51	26.59	1882.54	-1510.98	838.45
Fixation L	1	17	4144929455	4145019278	89823	937.77	929.70	46	49	-1	14.33	14.33
Fixation R	1	17	4144929455	4145019278	89823	937.77	929.70	46	49	-1	14.21	14.21
Saccade L	1	29	4145019278	4145066652	47374	970.59	938.48	920.01	931.79	1.13	45.69	0.22	23.75	850.33	-1137.61	658.76
Saccade R	1	29	4145019278	4145066652	47374	970.59	938.48	920.01	931.79	1.13	45.69	0.22	23.75	850.33	-1137.61	658.76
Fixation L	1	18	4145066652	4145117566	50914	938.58	924.74	40	17	-1	14.01	14.01
Fixation R	1	18	4145066652	4145117566	50914	938.58	924.74	40	17	-1	13.82	13.82
Saccade L	1	30	4145117566	4145189602	72036	960.18	918.94	688.11	922.33	6.66	230.96	0.44	92.50	9945.02	-8399.71	4971.93
Saccade R	1	30	4145117566	4145189602	72036	960.18	918.94	688.11	922.33	6.66	230.96	0.44	92.50	9945.02	-8399.71	4971.93
Fixation L	1	19	4145189602	4145271678	82076	682.76	936.82	41	31	-1	13.68	13.68
Fixation R	1	19	4145189602	4145271678	82076	682.76	936.82	41	31	-1	13.31	13.31
Saccade L	1	31	4145271678	4145309676	37998	707.50	934.28	672.42	933.08	0.95	45.41	0.42	24.97	1186.42	-1332.89	741.20
Saccade R	1	31	4145271678	4145309676	37998	707.50	934.28	672.42	933.08	0.95	45.41	0.42	24.97	1186.42	-1332.89	741.20
Saccade L	1	32	4145309676	4145371676	62000	672.42	933.08	682.50	935.98	1.71	46.44	0.41	27.64	1395.67	-1208.43	723.65
Saccade R	1	32	4145309676	4145371676	62000	672.42	933.08	682.50	935.98	1.71	46.44	0.41	27.64	1395.67	-1208.43	723.65
Fixation L	1	20	4145371676	4145517685	146009	686.37	943.31	26	32	-1	13.66	13.66
Fixation R	1	20	4145371676	4145517685	146009	686.37	943.31	26	32	-1	13.30	13.30
Saccade L	1	33	4145517685	4145625798	108113	701.34	962.86	879.52	976.60	6.21	239.93	0.35	57.46	8691.78	-9613.99	2955.85
Saccade R	1	33	4145517685	4145625798	108113	701.34	962.86	879.52	976.60	6.21	239.93	0.35	57.46	8691.78	-9613.99	2955.85
Fixation L	1	21	4145625798	4145709879	84081	879.06	1002.94	9	56	-1	13.72	13.72
Fixation R	1	21	4145625798	4145709879	84081	879.06	1002.94	9	56	-1	13.64	13.64
Saccade L	1	34	4145709879	4145771789	61910	886.61	1034.08	941.95	920.65	2.98	131.62	0.65	48.08	4591.17	-5375.03	2425.58
Saccade R	1	34	4145709879	4145771789	61910	886.61	1034.08	941.95	920.65	2.98	131.62	0.65	48.08	4591.17	-5375.03	2425.58
Saccade L	1	35	4145805915	4145837907	31992	939.98	947.19	930.42	902.24	0.99	58.70	0.50	30.97	1769.09	-2148.62	1433.68
Saccade R	1	35	4145805915	4145837907	31992	939.98	947.19	930.42	902.24	0.99	58.70	0.50	30.97	1769.09	-2148.62	1433.68
Fixation L	1	22	4145837907	4146076024	238117	935.96	905.48	17	45	-1	14.02	14.02
Fixation R	1	22	4145837907	4146076024	238117	935.96	905.48	17	45	-1	13.88	13.88
