[BeGaze]
Converted from:	C:\Program Files\SMI\Experiment Suite 360\Experiment Center 2\Results\RC-Attachment-Exp\P26-eye_data.idf
Date:	18.03.2012 20:21:24
Version:	BeGaze 3.0.181
Sample Rate:	500
Subject:	P26
Description:	Run31

Table Header for Fixations:
Event Type	Trial	Number	Start	End	Duration	Location X	Location Y	Dispersion X	Dispersion Y	Plane	Avg. Pupil Size X	Avg. Pupil Size Y

Table Header for Saccades:
Event Type	Trial	Number	Start	End	Duration	Start Loc.X	Start Loc.Y	End Loc.X	End Loc.Y	Amplitude	Peak Speed	Peak Speed At	Average Speed	Peak Accel.	Peak Decel.	Average Accel.

Table Header for Blinks:
Event Type	Trial	Number	Start	End	Duration

Table Header for User Events:
Event Type	Trial	Number	Start	Description

UserEvent	1	1	12775096851	# Message: RC-N1forced-nonanim-3.jpg
Saccade L	1	1	12775122067	12775170069	48002	531.69	442.62	541.87	473.34	1.44	43.02	0.75	30.06	471.18	-689.54	312.92
Saccade R	1	1	12775122067	12775170069	48002	531.69	442.62	541.87	473.34	1.44	43.02	0.75	30.06	471.18	-689.54	312.92
Saccade L	1	2	12775174047	12775202061	28014	542.68	464.40	504.83	459.17	0.88	44.73	0.43	31.32	797.34	-1635.50	825.63
Saccade R	1	2	12775174047	12775202061	28014	542.68	464.40	504.83	459.17	0.88	44.73	0.43	31.32	797.34	-1635.50	825.63
Saccade L	1	3	12775214084	12775242038	27954	504.42	459.01	544.57	473.42	0.89	43.71	0.43	31.95	1530.09	-1539.40	1101.51
Saccade R	1	3	12775214084	12775242038	27954	504.42	459.01	544.57	473.42	0.89	43.71	0.43	31.95	1530.09	-1539.40	1101.51
Fixation L	1	1	12775242038	12775788269	546231	519.72	473.44	45	45	-1	12.19	12.19
Fixation R	1	1	12775242038	12775788269	546231	519.72	473.44	45	45	-1	11.90	11.90
Saccade L	1	4	12775788269	12775824325	36056	527.06	473.94	598.24	487.46	1.87	116.30	0.33	51.97	4146.42	-3849.21	2524.38
Saccade R	1	4	12775788269	12775824325	36056	527.06	473.94	598.24	487.46	1.87	116.30	0.33	51.97	4146.42	-3849.21	2524.38
Fixation L	1	2	12775824325	12776036504	212179	595.59	485.71	27	25	-1	10.95	10.95
Fixation R	1	2	12775824325	12776036504	212179	595.59	485.71	27	25	-1	10.84	10.84
Saccade L	1	5	12776036504	12776060388	23884	599.18	492.89	672.49	489.05	1.55	122.35	0.51	64.97	4756.44	-4266.40	3144.60
Saccade R	1	5	12776036504	12776060388	23884	599.18	492.89	672.49	489.05	1.55	122.35	0.51	64.97	4756.44	-4266.40	3144.60
Fixation L	1	3	12776060388	12776298505	238117	673.35	471.17	17	32	-1	10.94	10.94
Fixation R	1	3	12776060388	12776298505	238117	673.35	471.17	17	32	-1	10.82	10.82
Saccade L	1	6	12776298505	12776332531	34026	672.76	457.50	747.00	466.54	1.66	94.27	0.41	48.87	3947.98	-3272.27	2458.06
Saccade R	1	6	12776298505	12776332531	34026	672.76	457.50	747.00	466.54	1.66	94.27	0.41	48.87	3947.98	-3272.27	2458.06
Fixation L	1	4	12776332531	12776600927	268396	745.99	451.63	18	27	-1	10.86	10.86
Fixation R	1	4	12776332531	12776600927	268396	745.99	451.63	18	27	-1	10.70	10.70
Saccade L	1	7	12776600927	12776626998	26071	749.93	464.77	685.54	456.69	1.41	93.43	0.45	54.10	3485.74	-3623.61	2557.96
Saccade R	1	7	12776600927	12776626998	26071	749.93	464.77	685.54	456.69	1.41	93.43	0.45	54.10	3485.74	-3623.61	2557.96
Fixation L	1	5	12776626998	12776858734	231736	683.27	465.75	16	28	-1	10.65	10.65
Fixation R	1	5	12776626998	12776858734	231736	683.27	465.75	16	28	-1	10.52	10.52
Saccade L	1	8	12776858734	12776896746	38012	673.21	466.58	787.42	456.22	2.64	125.74	0.42	69.50	5035.49	-4848.04	3583.16
Saccade R	1	8	12776858734	12776896746	38012	673.21	466.58	787.42	456.22	2.64	125.74	0.42	69.50	5035.49	-4848.04	3583.16
Fixation L	1	6	12776896746	12777296301	399555	798.77	445.01	37	43	-1	10.72	10.72
Fixation R	1	6	12776896746	12777296301	399555	798.77	445.01	37	43	-1	10.57	10.57
Saccade L	1	9	12777296301	12777319835	23534	772.91	431.14	847.92	437.63	1.55	128.01	0.45	65.82	4287.99	-4959.03	3236.72
Saccade R	1	9	12777296301	12777319835	23534	772.91	431.14	847.92	437.63	1.55	128.01	0.45	65.82	4287.99	-4959.03	3236.72
Fixation L	1	7	12777319835	12777625086	305251	865.64	435.06	56	33	-1	10.58	10.58
Fixation R	1	7	12777319835	12777625086	305251	865.64	435.06	56	33	-1	10.30	10.30
Saccade L	1	10	12777625086	12777661085	35999	890.50	427.26	847.21	433.87	1.03	40.28	0.67	28.51	1048.75	-1557.27	827.36
Saccade R	1	10	12777625086	12777661085	35999	890.50	427.26	847.21	433.87	1.03	40.28	0.67	28.51	1048.75	-1557.27	827.36
Fixation L	1	8	12777661085	12777805214	144129	857.63	423.24	39	28	-1	10.43	10.43
Fixation R	1	8	12777661085	12777805214	144129	857.63	423.24	39	28	-1	10.47	10.47
Saccade L	1	11	12777805214	12777829203	23989	843.99	405.40	901.03	414.32	1.12	78.41	0.42	46.75	2574.77	-3127.35	2004.75
Saccade R	1	11	12777805214	12777829203	23989	843.99	405.40	901.03	414.32	1.12	78.41	0.42	46.75	2574.77	-3127.35	2004.75
Fixation L	1	9	12777829203	12777881200	51997	903.20	417.57	6	7	-1	10.40	10.40
Fixation R	1	9	12777829203	12777881200	51997	903.20	417.57	6	7	-1	10.37	10.37
Saccade L	1	12	12777881200	12777917198	35998	897.68	422.45	941.40	501.08	2.03	99.84	0.56	56.44	3615.46	-1718.39	1950.52
Saccade R	1	12	12777881200	12777917198	35998	897.68	422.45	941.40	501.08	2.03	99.84	0.56	56.44	3615.46	-1718.39	1950.52
Saccade L	1	13	12777917198	12777957208	40010	941.40	501.08	912.97	432.19	1.81	103.94	0.25	45.12	557.04	-3159.96	1283.51
Saccade R	1	13	12777917198	12777957208	40010	941.40	501.08	912.97	432.19	1.81	103.94	0.25	45.12	557.04	-3159.96	1283.51
Saccade L	1	14	12778003202	12778031201	27999	893.41	431.87	967.98	449.67	1.58	106.68	0.36	56.50	3596.79	-4060.32	2731.00
Saccade R	1	14	12778003202	12778031201	27999	893.41	431.87	967.98	449.67	1.58	106.68	0.36	56.50	3596.79	-4060.32	2731.00
Fixation L	1	10	12778031201	12778273998	242797	969.18	453.03	19	17	-1	10.15	10.15
Fixation R	1	10	12778031201	12778273998	242797	969.18	453.03	19	17	-1	9.96	9.96
Saccade L	1	15	12778273998	12778300047	26049	981.81	458.03	1021.21	445.51	0.82	42.59	0.44	31.66	1440.22	-1696.23	1112.53
Saccade R	1	15	12778273998	12778300047	26049	981.81	458.03	1021.21	445.51	0.82	42.59	0.44	31.66	1440.22	-1696.23	1112.53
Fixation L	1	11	12778300047	12778473435	173388	1021.92	448.03	47	16	-1	10.03	10.03
Fixation R	1	11	12778300047	12778473435	173388	1021.92	448.03	47	16	-1	9.78	9.78
Saccade L	1	16	12778473435	12778519449	46014	991.77	454.45	1093.72	421.79	2.56	134.54	0.26	55.68	5020.20	-3815.95	2507.71
Saccade R	1	16	12778473435	12778519449	46014	991.77	454.45	1093.72	421.79	2.56	134.54	0.26	55.68	5020.20	-3815.95	2507.71
Fixation L	1	12	12778519449	12778685556	166107	1095.09	425.39	35	54	-1	9.69	9.69
Fixation R	1	12	12778519449	12778685556	166107	1095.09	425.39	35	54	-1	9.21	9.21
Saccade L	1	17	12778685556	12778708450	22894	1085.16	436.82	1139.15	432.42	1.22	95.70	0.44	53.41	3436.83	-3644.55	2352.46
Saccade R	1	17	12778685556	12778708450	22894	1085.16	436.82	1139.15	432.42	1.22	95.70	0.44	53.41	3436.83	-3644.55	2352.46
Fixation L	1	13	12778708450	12778843547	135097	1159.40	443.16	39	17	-1	9.59	9.59
Fixation R	1	13	12778708450	12778843547	135097	1159.40	443.16	39	17	-1	8.88	8.88
Saccade L	1	18	12778843547	12778897688	54141	1176.43	442.20	942.55	924.83	13.32	440.97	0.42	246.06	18913.19	-15704.29	12258.80
Saccade R	1	18	12778843547	12778897688	54141	1176.43	442.20	942.55	924.83	13.32	440.97	0.42	246.06	18913.19	-15704.29	12258.80
Fixation L	1	14	12778897688	12779401904	504216	932.92	907.91	44	90	-1	10.32	10.32
Fixation R	1	14	12778897688	12779401904	504216	932.92	907.91	44	90	-1	10.26	10.26
