[BeGaze]
Converted from:	C:\Program Files\SMI\Experiment Suite 360\Experiment Center 2\Results\RC-Attachment-Exp\P06-eye_data.idf
Date:	18.03.2012 20:06:11
Version:	BeGaze 3.0.181
Sample Rate:	500
Subject:	P06
Description:	kibrisli

Table Header for Fixations:
Event Type	Trial	Number	Start	End	Duration	Location X	Location Y	Dispersion X	Dispersion Y	Plane	Avg. Pupil Size X	Avg. Pupil Size Y

Table Header for Saccades:
Event Type	Trial	Number	Start	End	Duration	Start Loc.X	Start Loc.Y	End Loc.X	End Loc.Y	Amplitude	Peak Speed	Peak Speed At	Average Speed	Peak Accel.	Peak Decel.	Average Accel.

Table Header for Blinks:
Event Type	Trial	Number	Start	End	Duration

Table Header for User Events:
Event Type	Trial	Number	Start	Description

UserEvent	1	1	7001258607	# Message: Questionnaire12.jpg
Fixation L	1	1	7001263724	7001636611	372887	842.28	952.90	32	47	-1	14.08	14.08
Fixation R	1	1	7001263724	7001636611	372887	842.28	952.90	32	47	-1	14.13	14.13
Saccade L	1	1	7001636611	7001706310	69699	860.02	966.26	373.20	384.18	17.12	522.56	0.28	245.66	23089.54	-10739.67	10858.70
Saccade R	1	1	7001636611	7001706310	69699	860.02	966.26	373.20	384.18	17.12	522.56	0.28	245.66	23089.54	-10739.67	10858.70
Saccade L	1	2	7001712286	7001740259	27973	369.71	384.64	404.99	415.55	0.92	45.11	0.37	33.05	1175.48	-1600.71	1025.77
Saccade R	1	2	7001712286	7001740259	27973	369.71	384.64	404.99	415.55	0.92	45.11	0.37	33.05	1175.48	-1600.71	1025.77
Fixation L	1	2	7001740259	7001846536	106277	398.91	410.75	19	31	-1	13.72	13.72
Fixation R	1	2	7001740259	7001846536	106277	398.91	410.75	19	31	-1	13.79	13.79
Saccade L	1	3	7001846536	7001898362	51826	396.58	393.50	419.27	424.73	1.58	40.93	0.69	30.47	1329.85	-1244.17	694.97
Saccade R	1	3	7001846536	7001898362	51826	396.58	393.50	419.27	424.73	1.58	40.93	0.69	30.47	1329.85	-1244.17	694.97
Fixation L	1	3	7001898362	7002146494	248132	400.24	401.79	43	38	-1	14.11	14.11
Fixation R	1	3	7001898362	7002146494	248132	400.24	401.79	43	38	-1	14.01	14.01
Saccade L	1	4	7002146494	7002176510	30016	384.98	402.41	506.18	358.65	2.69	178.25	0.51	89.62	7224.89	-7116.40	5259.96
Saccade R	1	4	7002146494	7002176510	30016	384.98	402.41	506.18	358.65	2.69	178.25	0.51	89.62	7224.89	-7116.40	5259.96
Fixation L	1	4	7002176510	7002352487	175977	507.52	359.87	24	30	-1	14.38	14.38
Fixation R	1	4	7002176510	7002352487	175977	507.52	359.87	24	30	-1	14.44	14.44
Saccade L	1	5	7002352487	7002388501	36014	500.34	379.45	395.37	397.85	2.36	109.13	0.50	65.44	4459.11	-4355.19	3312.35
Saccade R	1	5	7002352487	7002388501	36014	500.34	379.45	395.37	397.85	2.36	109.13	0.50	65.44	4459.11	-4355.19	3312.35
Fixation L	1	5	7002388501	7002608618	220117	406.47	409.24	28	44	-1	14.83	14.83
Fixation R	1	5	7002388501	7002608618	220117	406.47	409.24	28	44	-1	14.99	14.99
Saccade L	1	6	7002608618	7002634599	25981	396.45	426.74	543.77	410.89	3.09	233.60	0.54	118.94	9447.15	-9758.46	6856.50
Saccade R	1	6	7002608618	7002634599	25981	396.45	426.74	543.77	410.89	3.09	233.60	0.54	118.94	9447.15	-9758.46	6856.50
Fixation L	1	6	7002634599	7002804739	170140	556.14	428.26	36	25	-1	15.26	15.26
Fixation R	1	6	7002634599	7002804739	170140	556.14	428.26	36	25	-1	15.41	15.41
Saccade L	1	7	7002804739	7002829920	25181	558.62	432.67	592.38	420.13	0.79	43.37	0.32	31.39	1659.44	-1243.55	1029.27
Saccade R	1	7	7002804739	7002829920	25181	558.62	432.67	592.38	420.13	0.79	43.37	0.32	31.39	1659.44	-1243.55	1029.27
Fixation L	1	7	7002829920	7002989249	159329	589.78	410.60	40	20	-1	15.46	15.46
Fixation R	1	7	7002829920	7002989249	159329	589.78	410.60	40	20	-1	15.62	15.62
Saccade L	1	8	7002989249	7003028842	39593	578.25	400.10	755.24	407.03	3.97	180.10	0.44	100.30	7797.98	-7269.03	5555.94
Saccade R	1	8	7002989249	7003028842	39593	578.25	400.10	755.24	407.03	3.97	180.10	0.44	100.30	7797.98	-7269.03	5555.94
Fixation L	1	8	7003028842	7003162858	134016	750.02	412.13	32	37	-1	15.57	15.57
Fixation R	1	8	7003028842	7003162858	134016	750.02	412.13	32	37	-1	15.73	15.73
Saccade L	1	9	7003162858	7003184847	21989	735.22	431.79	764.25	407.03	0.70	41.45	0.55	31.73	8060.06	722.31	2841.99
Saccade R	1	9	7003162858	7003184847	21989	735.22	431.79	764.25	407.03	0.70	41.45	0.55	31.73	8060.06	722.31	2841.99
Saccade L	1	10	7003184847	7003227095	42248	764.25	407.03	526.79	432.24	5.17	245.73	0.29	122.47	9308.28	-8781.27	6366.04
Saccade R	1	10	7003184847	7003227095	42248	764.25	407.03	526.79	432.24	5.17	245.73	0.29	122.47	9308.28	-8781.27	6366.04
Fixation L	1	9	7003227095	7003475083	247988	521.27	423.66	33	34	-1	15.59	15.59
Fixation R	1	9	7003227095	7003475083	247988	521.27	423.66	33	34	-1	15.55	15.55
Saccade L	1	11	7003475083	7003502961	27878	515.88	431.50	600.91	409.93	1.87	124.68	0.43	67.16	4789.44	-4720.69	3454.92
Saccade R	1	11	7003475083	7003502961	27878	515.88	431.50	600.91	409.93	1.87	124.68	0.43	67.16	4789.44	-4720.69	3454.92
Fixation L	1	10	7003502961	7003619092	116131	592.10	408.98	37	16	-1	15.51	15.51
Fixation R	1	10	7003502961	7003619092	116131	592.10	408.98	37	16	-1	15.34	15.34
Saccade L	1	12	7003619092	7003647084	27992	591.11	412.63	688.30	400.87	2.11	142.85	0.57	75.45	5166.42	-5889.09	4018.69
Saccade R	1	12	7003619092	7003647084	27992	591.11	412.63	688.30	400.87	2.11	142.85	0.57	75.45	5166.42	-5889.09	4018.69
Fixation L	1	11	7003647084	7003815208	168124	685.45	405.07	21	28	-1	15.47	15.47
Fixation R	1	11	7003647084	7003815208	168124	685.45	405.07	21	28	-1	15.28	15.28
Saccade L	1	13	7003815208	7003851253	36045	676.94	413.63	877.95	388.85	4.42	226.97	0.45	122.55	9333.33	-9478.33	6931.14
Saccade R	1	13	7003815208	7003851253	36045	676.94	413.63	877.95	388.85	4.42	226.97	0.45	122.55	9333.33	-9478.33	6931.14
Fixation L	1	12	7003851253	7003927198	75945	870.08	373.67	25	26	-1	15.37	15.37
Fixation R	1	12	7003851253	7003927198	75945	870.08	373.67	25	26	-1	15.28	15.28
Saccade L	1	14	7003927198	7003955215	28017	871.10	361.37	865.80	407.30	0.90	42.83	0.50	32.20	1458.81	-1248.41	1034.54
Saccade R	1	14	7003927198	7003955215	28017	871.10	361.37	865.80	407.30	0.90	42.83	0.50	32.20	1458.81	-1248.41	1034.54
Saccade L	1	15	7003971421	7003993217	21796	876.03	409.08	852.15	382.71	0.71	46.34	0.45	32.53	1301.92	-1621.19	1031.07
Saccade R	1	15	7003971421	7003993217	21796	876.03	409.08	852.15	382.71	0.71	46.34	0.45	32.53	1301.92	-1621.19	1031.07
Saccade L	1	16	7004003221	7004041330	38109	851.13	381.56	912.63	400.42	2.65	169.08	0.37	69.66	6170.67	-4896.10	3394.40
Saccade R	1	16	7004003221	7004041330	38109	851.13	381.56	912.63	400.42	2.65	169.08	0.37	69.66	6170.67	-4896.10	3394.40
Fixation L	1	13	7004041330	7004263317	221987	929.29	359.02	61	76	-1	15.15	15.15
Fixation R	1	13	7004041330	7004263317	221987	929.29	359.02	61	76	-1	15.00	15.00
Saccade L	1	17	7004263317	7004333667	70350	954.38	350.34	393.24	500.05	13.43	374.99	0.37	190.97	15962.25	-11118.05	8418.05
Saccade R	1	17	7004263317	7004333667	70350	954.38	350.34	393.24	500.05	13.43	374.99	0.37	190.97	15962.25	-11118.05	8418.05
Saccade L	1	18	7004373464	7004403452	29988	373.53	476.15	385.73	510.72	0.98	46.95	0.60	32.68	1260.69	-800.08	760.95
Saccade R	1	18	7004373464	7004403452	29988	373.53	476.15	385.73	510.72	0.98	46.95	0.60	32.68	1260.69	-800.08	760.95
Saccade L	1	19	7004441444	7004467474	26030	374.10	491.70	390.86	512.40	0.80	46.78	0.31	30.81	1390.41	-691.84	585.28
Saccade R	1	19	7004441444	7004467474	26030	374.10	491.70	390.86	512.40	0.80	46.78	0.31	30.81	1390.41	-691.84	585.28
Saccade L	1	20	7004467474	7004527442	59968	390.86	512.40	386.07	519.57	2.17	59.68	0.70	36.12	1032.05	-1077.99	511.09
Saccade R	1	20	7004467474	7004527442	59968	390.86	512.40	386.07	519.57	2.17	59.68	0.70	36.12	1032.05	-1077.99	511.09
Fixation L	1	14	7004547829	7004675412	127583	333.11	460.23	406	575	-1	13.32	13.32
Fixation R	1	14	7004547829	7004675412	127583	333.11	460.23	406	575	-1	13.16	13.16
Saccade L	1	21	7004675412	7004701562	26150	397.57	537.09	348.85	538.50	0.94	48.88	0.31	35.81	956.71	-1763.67	910.53
Saccade R	1	21	7004675412	7004701562	26150	397.57	537.09	348.85	538.50	0.94	48.88	0.31	35.81	956.71	-1763.67	910.53
Saccade L	1	22	7004709579	7004739582	30003	348.77	539.23	408.41	536.55	1.36	81.23	0.47	45.21	2670.20	-2976.30	2077.07
Saccade R	1	22	7004709579	7004739582	30003	348.77	539.23	408.41	536.55	1.36	81.23	0.47	45.21	2670.20	-2976.30	2077.07
Fixation L	1	15	7004739582	7005007699	268117	381.55	525.90	44	55	-1	14.66	14.66
Fixation R	1	15	7004739582	7005007699	268117	381.55	525.90	44	55	-1	14.72	14.72
Saccade L	1	23	7005007699	7005033733	26034	392.78	557.63	356.29	509.54	1.25	78.44	0.38	48.00	3251.80	-2915.78	2156.49
Saccade R	1	23	7005007699	7005033733	26034	392.78	557.63	356.29	509.54	1.25	78.44	0.38	48.00	3251.80	-2915.78	2156.49
Fixation L	1	16	7005033733	7005097779	64046	371.87	522.09	40	22	-1	14.55	14.55
Fixation R	1	16	7005033733	7005097779	64046	371.87	522.09	40	22	-1	14.58	14.58
Saccade L	1	24	7005127799	7005165809	38010	362.68	525.80	245.87	528.10	3.70	249.09	0.58	97.40	8666.26	-5062.97	4553.72
Saccade R	1	24	7005127799	7005165809	38010	362.68	525.80	245.87	528.10	3.70	249.09	0.58	97.40	8666.26	-5062.97	4553.72
Saccade L	1	25	7005165809	7005239800	73991	245.87	528.10	253.58	458.76	7.17	183.21	0.27	96.91	4336.06	-4389.85	2482.76
Saccade R	1	25	7005165809	7005239800	73991	245.87	528.10	253.58	458.76	7.17	183.21	0.27	96.91	4336.06	-4389.85	2482.76
Saccade L	1	26	7005341813	7005385920	44107	415.71	558.27	268.27	471.35	3.92	157.41	0.68	88.93	4100.01	-5799.30	3097.37
Saccade R	1	26	7005341813	7005385920	44107	415.71	558.27	268.27	471.35	3.92	157.41	0.68	88.93	4100.01	-5799.30	3097.37
UserEvent	1	81	7005395607	# Message: UE-mouseclick left x=368 y=473
Saccade L	1	27	7005401931	7005431953	30022	265.49	476.59	309.47	494.33	1.22	67.83	0.47	40.63	2365.58	-1542.04	1178.29
Saccade R	1	27	7005401931	7005431953	30022	265.49	476.59	309.47	494.33	1.22	67.83	0.47	40.63	2365.58	-1542.04	1178.29
Fixation L	1	17	7005431953	7005552923	120970	267.66	396.02	407	582	-1	10.27	10.27
Fixation R	1	17	7005431953	7005552923	120970	267.66	396.02	407	582	-1	10.40	10.40
Saccade L	1	28	7005552923	7005596014	43091	384.76	545.95	399.73	566.70	22.93	1111.20	0.67	532.13	35143.83	-39943.61	24055.19
Saccade R	1	28	7005552923	7005596014	43091	384.76	545.95	399.73	566.70	22.93	1111.20	0.67	532.13	35143.83	-39943.61	24055.19
Saccade L	1	29	7005644077	7005670165	26088	397.96	561.47	363.18	529.76	0.87	45.30	0.46	33.53	24.27	-1287.70	660.75
Saccade R	1	29	7005644077	7005670165	26088	397.96	561.47	363.18	529.76	0.87	45.30	0.46	33.53	24.27	-1287.70	660.75
Fixation L	1	18	7005670165	7006098162	427997	386.34	516.88	43	50	-1	13.46	13.46
Fixation R	1	18	7005670165	7006098162	427997	386.34	516.88	43	50	-1	13.71	13.71
Saccade L	1	30	7006098162	7006128192	30030	384.78	490.09	360.03	565.21	1.77	111.27	0.55	58.89	3916.70	-3591.55	2717.47
Saccade R	1	30	7006098162	7006128192	30030	384.78	490.09	360.03	565.21	1.77	111.27	0.55	58.89	3916.70	-3591.55	2717.47
Fixation L	1	19	7006128192	7006298306	170114	366.63	544.73	50	45	-1	13.36	13.36
Fixation R	1	19	7006128192	7006298306	170114	366.63	544.73	50	45	-1	13.60	13.60
Saccade L	1	31	7006314281	7006368307	54026	387.37	551.91	278.66	464.31	3.26	180.41	0.26	60.26	4877.64	-5574.22	2299.25
Saccade R	1	31	7006314281	7006368307	54026	387.37	551.91	278.66	464.31	3.26	180.41	0.26	60.26	4877.64	-5574.22	2299.25
Saccade L	1	32	7006374314	7006431664	57350	273.90	459.28	375.24	530.22	3.73	114.35	0.35	65.01	3039.87	-2049.33	1664.32
Saccade R	1	32	7006374314	7006431664	57350	273.90	459.28	375.24	530.22	3.73	114.35	0.35	65.01	3039.87	-2049.33	1664.32
Saccade L	1	33	7006431664	7006456399	24735	375.24	530.22	312.03	462.63	1.93	152.61	0.52	77.87	3763.14	-5570.80	3296.97
Saccade R	1	33	7006431664	7006456399	24735	375.24	530.22	312.03	462.63	1.93	152.61	0.52	77.87	3763.14	-5570.80	3296.97
Saccade L	1	34	7006498409	7006530759	32350	292.43	470.54	381.59	554.72	2.92	177.67	0.65	90.19	6446.04	-7033.15	4810.40
Saccade R	1	34	7006498409	7006530759	32350	292.43	470.54	381.59	554.72	2.92	177.67	0.65	90.19	6446.04	-7033.15	4810.40
UserEvent	1	106	7006499532	# Message: UE-mouseclick left x=363 y=527
Saccade L	1	35	7006538432	7006565201	26769	381.79	553.29	363.56	544.25	0.97	62.70	0.46	36.36	1317.99	-1527.53	915.77
Saccade R	1	35	7006538432	7006565201	26769	381.79	553.29	363.56	544.25	0.97	62.70	0.46	36.36	1317.99	-1527.53	915.77
