[BeGaze]
Converted from:	C:\Program Files\SMI\Experiment Suite 360\Experiment Center 2\Results\RC-Attachment-Exp\P28-eye_data.idf
Date:	18.03.2012 20:23:37
Version:	BeGaze 3.0.181
Sample Rate:	500
Subject:	P28
Description:	Run33

Table Header for Fixations:
Event Type	Trial	Number	Start	End	Duration	Location X	Location Y	Dispersion X	Dispersion Y	Plane	Avg. Pupil Size X	Avg. Pupil Size Y

Table Header for Saccades:
Event Type	Trial	Number	Start	End	Duration	Start Loc.X	Start Loc.Y	End Loc.X	End Loc.Y	Amplitude	Peak Speed	Peak Speed At	Average Speed	Peak Accel.	Peak Decel.	Average Accel.

Table Header for Blinks:
Event Type	Trial	Number	Start	End	Duration

Table Header for User Events:
Event Type	Trial	Number	Start	Description

UserEvent	1	1	14374531210	# Message: RC-nonforced-anim-4.jpg
Fixation L	1	1	14374532946	14375135219	602273	484.61	470.91	34	40	-1	13.48	13.48
Fixation R	1	1	14374532946	14375135219	602273	484.61	470.91	34	40	-1	13.44	13.44
Blink L	1	1	14375135219	14375201179	65960
Blink R	1	1	14375135219	14375201179	65960
Saccade L	1	1	14375225271	14375255445	30174	495.95	483.20	561.88	472.94	1.40	72.80	0.40	46.38	3010.88	-2785.10	2100.53
Saccade R	1	1	14375225271	14375255445	30174	495.95	483.20	561.88	472.94	1.40	72.80	0.40	46.38	3010.88	-2785.10	2100.53
Fixation L	1	2	14375255445	14375397271	141826	550.61	451.83	20	39	-1	12.83	12.83
Fixation R	1	2	14375255445	14375397271	141826	550.61	451.83	20	39	-1	12.80	12.80
Saccade L	1	2	14375397271	14375429318	32047	544.86	432.90	626.07	420.52	1.76	92.23	0.44	54.99	3908.07	-3588.04	2740.51
Saccade R	1	2	14375397271	14375429318	32047	544.86	432.90	626.07	420.52	1.76	92.23	0.44	54.99	3908.07	-3588.04	2740.51
Fixation L	1	3	14375429318	14375677397	248079	636.99	432.54	35	29	-1	12.96	12.96
Fixation R	1	3	14375429318	14375677397	248079	636.99	432.54	35	29	-1	12.99	12.99
Saccade L	1	3	14375677397	14375705381	27984	630.17	433.69	739.53	431.83	2.35	173.40	0.44	84.14	6778.64	-6916.22	4952.00
Saccade R	1	3	14375677397	14375705381	27984	630.17	433.69	739.53	431.83	2.35	173.40	0.44	84.14	6778.64	-6916.22	4952.00
Fixation L	1	4	14375705381	14376025632	320251	727.37	440.90	48	27	-1	12.87	12.87
Fixation R	1	4	14375705381	14376025632	320251	727.37	440.90	48	27	-1	12.83	12.83
Saccade L	1	4	14376025632	14376067643	42011	704.43	446.29	807.32	442.58	2.32	121.04	0.33	55.15	5127.89	-3927.30	2640.13
Saccade R	1	4	14376025632	14376067643	42011	704.43	446.29	807.32	442.58	2.32	121.04	0.33	55.15	5127.89	-3927.30	2640.13
Fixation L	1	5	14376067643	14376199628	131985	811.14	435.42	16	32	-1	12.79	12.79
Fixation R	1	5	14376067643	14376199628	131985	811.14	435.42	16	32	-1	12.83	12.83
Blink L	1	2	14376199628	14376425762	226134
Blink R	1	2	14376199628	14376425762	226134
Saccade L	1	5	14376472278	14376500288	28010	884.22	457.77	785.25	438.62	2.31	182.84	0.34	82.40	5716.84	-3359.58	2749.36
Saccade R	1	5	14376472278	14376500288	28010	884.22	457.77	785.25	438.62	2.31	182.84	0.34	82.40	5716.84	-3359.58	2749.36
Saccade L	1	6	14376500288	14376525724	25436	785.25	438.62	873.12	464.55	1.92	157.46	0.37	75.66	2424.65	-5452.93	2917.37
Saccade R	1	6	14376500288	14376525724	25436	785.25	438.62	873.12	464.55	1.92	157.46	0.37	75.66	2424.65	-5452.93	2917.37
Fixation L	1	6	14376525724	14376603868	78144	876.62	449.99	30	25	-1	12.93	12.93
Fixation R	1	6	14376525724	14376603868	78144	876.62	449.99	30	25	-1	12.91	12.91
Saccade L	1	7	14376603868	14376651492	47624	859.28	445.05	988.35	448.18	3.95	187.26	0.39	82.96	7609.27	-7107.20	4863.78
Saccade R	1	7	14376603868	14376651492	47624	859.28	445.05	988.35	448.18	3.95	187.26	0.39	82.96	7609.27	-7107.20	4863.78
Fixation L	1	7	14376651492	14376861980	210488	983.92	447.57	35	36	-1	13.05	13.05
Fixation R	1	7	14376651492	14376861980	210488	983.92	447.57	35	36	-1	12.98	12.98
Saccade L	1	8	14376861980	14376899981	38001	1002.70	428.21	991.06	518.49	2.91	145.88	0.32	76.54	5619.54	-3711.05	2818.48
Saccade R	1	8	14376861980	14376899981	38001	1002.70	428.21	991.06	518.49	2.91	145.88	0.32	76.54	5619.54	-3711.05	2818.48
Saccade L	1	9	14376905972	14376929986	24014	989.29	520.81	993.96	429.09	1.98	170.67	0.50	82.54	4962.71	-6111.68	3851.31
Saccade R	1	9	14376905972	14376929986	24014	989.29	520.81	993.96	429.09	1.98	170.67	0.50	82.54	4962.71	-6111.68	3851.31
Fixation L	1	8	14376929986	14376987982	57996	1000.92	425.35	15	15	-1	12.87	12.87
Fixation R	1	8	14376929986	14376987982	57996	1000.92	425.35	15	15	-1	12.88	12.88
Saccade L	1	10	14376987982	14377026001	38019	1002.18	431.78	966.79	428.64	1.18	42.96	0.62	31.13	1462.36	-1677.42	1103.05
Saccade R	1	10	14376987982	14377026001	38019	1002.18	431.78	966.79	428.64	1.18	42.96	0.62	31.13	1462.36	-1677.42	1103.05
Fixation L	1	9	14377026001	14377204103	178102	959.56	434.21	19	20	-1	12.86	12.86
Fixation R	1	9	14377026001	14377204103	178102	959.56	434.21	19	20	-1	12.82	12.82
Saccade L	1	11	14377204103	14377232084	27981	964.36	429.40	1036.90	442.59	1.61	100.91	0.43	57.51	3927.38	-3736.31	2749.81
Saccade R	1	11	14377204103	14377232084	27981	964.36	429.40	1036.90	442.59	1.61	100.91	0.43	57.51	3927.38	-3736.31	2749.81
Fixation L	1	10	14377232084	14377348211	116127	1045.41	446.03	24	14	-1	12.96	12.96
Fixation R	1	10	14377232084	14377348211	116127	1045.41	446.03	24	14	-1	13.13	13.13
Saccade L	1	12	14377348211	14377388199	39988	1054.97	444.71	1128.17	456.94	2.27	130.65	0.70	56.72	4053.81	-5119.95	2693.99
Saccade R	1	12	14377348211	14377388199	39988	1054.97	444.71	1128.17	456.94	2.27	130.65	0.70	56.72	4053.81	-5119.95	2693.99
Fixation L	1	11	14377388199	14377662316	274117	1145.48	451.16	43	42	-1	13.26	13.26
Fixation R	1	11	14377388199	14377662316	274117	1145.48	451.16	43	42	-1	13.25	13.25
Saccade L	1	13	14377662316	14377741042	78726	1137.71	471.81	919.04	983.88	13.67	290.12	0.48	173.59	11929.79	-7277.94	6174.21
Saccade R	1	13	14377662316	14377741042	78726	1137.71	471.81	919.04	983.88	13.67	290.12	0.48	173.59	11929.79	-7277.94	6174.21
Fixation L	1	12	14377741042	14378052429	311387	908.15	1004.32	38	47	-1	13.88	13.88
Fixation R	1	12	14377741042	14378052429	311387	908.15	1004.32	38	47	-1	13.67	13.67
Saccade L	1	14	14378052429	14378096429	44000	906.80	999.07	912.27	1044.13	11.42	537.74	0.59	259.49	20637.51	-22289.25	14987.11
Saccade R	1	14	14378052429	14378096429	44000	906.80	999.07	912.27	1044.13	11.42	537.74	0.59	259.49	20637.51	-22289.25	14987.11
Saccade L	1	15	14378140546	14378166677	26131	903.16	1021.02	883.64	976.39	1.02	62.36	0.46	39.20	1792.80	-1623.08	1233.12
Saccade R	1	15	14378140546	14378166677	26131	903.16	1021.02	883.64	976.39	1.02	62.36	0.46	39.20	1792.80	-1623.08	1233.12
Fixation L	1	13	14378166677	14378246596	79919	888.38	960.06	13	27	-1	14.03	14.03
Fixation R	1	13	14378166677	14378246596	79919	888.38	960.06	13	27	-1	13.93	13.93
