[BeGaze]
Converted from:	C:\Program Files\SMI\Experiment Suite 360\Experiment Center 2\Results\RC-Attachment-Exp\P28-eye_data.idf
Date:	18.03.2012 20:23:06
Version:	BeGaze 3.0.181
Sample Rate:	500
Subject:	P28
Description:	Run33

Table Header for Fixations:
Event Type	Trial	Number	Start	End	Duration	Location X	Location Y	Dispersion X	Dispersion Y	Plane	Avg. Pupil Size X	Avg. Pupil Size Y

Table Header for Saccades:
Event Type	Trial	Number	Start	End	Duration	Start Loc.X	Start Loc.Y	End Loc.X	End Loc.Y	Amplitude	Peak Speed	Peak Speed At	Average Speed	Peak Accel.	Peak Decel.	Average Accel.

Table Header for Blinks:
Event Type	Trial	Number	Start	End	Duration

Table Header for User Events:
Event Type	Trial	Number	Start	Description

UserEvent	1	1	14098926189	# Message: RC-N1forced-anim-1.jpg
Saccade L	1	1	14098933780	14098957919	24139	481.66	488.35	451.10	463.09	0.80	46.31	0.42	33.31	0.00	-1410.60	634.60
Saccade R	1	1	14098933780	14098957919	24139	481.66	488.35	451.10	463.09	0.80	46.31	0.42	33.31	0.00	-1410.60	634.60
Fixation L	1	1	14098957919	14099526806	568887	463.02	452.59	35	40	-1	14.73	14.73
Fixation R	1	1	14098957919	14099526806	568887	463.02	452.59	35	40	-1	14.51	14.51
Saccade L	1	2	14099526806	14099560133	33327	456.15	457.49	592.64	448.52	2.86	169.83	0.52	85.88	7212.66	-6797.97	5122.36
Saccade R	1	2	14099526806	14099560133	33327	456.15	457.49	592.64	448.52	2.86	169.83	0.52	85.88	7212.66	-6797.97	5122.36
Fixation L	1	2	14099560133	14099738136	178003	595.60	449.63	21	15	-1	14.61	14.61
Fixation R	1	2	14099560133	14099738136	178003	595.60	449.63	21	15	-1	14.42	14.42
Saccade L	1	3	14099738136	14099764992	26856	602.39	447.19	688.43	438.89	1.78	120.02	0.53	66.30	4137.20	-4564.86	3118.03
Saccade R	1	3	14099738136	14099764992	26856	602.39	447.19	688.43	438.89	1.78	120.02	0.53	66.30	4137.20	-4564.86	3118.03
Fixation L	1	3	14099764992	14099962246	197254	703.97	455.41	24	27	-1	14.50	14.50
Fixation R	1	3	14099764992	14099962246	197254	703.97	455.41	24	27	-1	14.31	14.31
Saccade L	1	4	14099962246	14100004445	42199	696.97	438.53	752.50	443.88	1.33	58.77	0.62	31.58	1443.92	-1725.14	1012.56
Saccade R	1	4	14099962246	14100004445	42199	696.97	438.53	752.50	443.88	1.33	58.77	0.62	31.58	1443.92	-1725.14	1012.56
Fixation L	1	4	14100004445	14100156362	151917	764.01	439.67	25	33	-1	14.07	14.07
Fixation R	1	4	14100004445	14100156362	151917	764.01	439.67	25	33	-1	13.92	13.92
Saccade L	1	5	14100156362	14100182360	25998	773.28	441.08	846.48	445.10	1.53	105.91	0.54	58.99	4318.20	-4278.84	3103.09
Saccade R	1	5	14100156362	14100182360	25998	773.28	441.08	846.48	445.10	1.53	105.91	0.54	58.99	4318.20	-4278.84	3103.09
Fixation L	1	5	14100182360	14100398474	216114	856.93	442.06	31	14	-1	13.93	13.93
Fixation R	1	5	14100182360	14100398474	216114	856.93	442.06	31	14	-1	13.96	13.96
Saccade L	1	6	14100398474	14100430479	32005	861.67	442.20	906.03	448.41	1.06	48.44	0.64	33.07	1401.48	-1694.21	1096.21
Saccade R	1	6	14100398474	14100430479	32005	861.67	442.20	906.03	448.41	1.06	48.44	0.64	33.07	1401.48	-1694.21	1096.21
Fixation L	1	6	14100430479	14100542471	111992	921.94	438.95	29	28	-1	14.13	14.13
Fixation R	1	6	14100430479	14100542471	111992	921.94	438.95	29	28	-1	13.95	13.95
Saccade L	1	7	14100542471	14100566599	24128	933.56	428.91	934.06	464.56	0.73	43.70	0.34	30.37	1593.34	-224.88	585.81
Saccade R	1	7	14100542471	14100566599	24128	933.56	428.91	934.06	464.56	0.73	43.70	0.34	30.37	1593.34	-224.88	585.81
Fixation L	1	7	14100584644	14100696593	111949	917.97	484.10	24	33	-1	13.84	13.84
Fixation R	1	7	14100584644	14100696593	111949	917.97	484.10	24	33	-1	13.88	13.88
Saccade L	1	8	14100696593	14100726629	30036	927.44	494.07	1043.34	476.40	2.52	158.98	0.53	83.99	6529.23	-6211.79	4724.85
Saccade R	1	8	14100696593	14100726629	30036	927.44	494.07	1043.34	476.40	2.52	158.98	0.53	83.99	6529.23	-6211.79	4724.85
Fixation L	1	8	14100726629	14100936711	210082	1053.93	464.73	31	32	-1	13.90	13.90
Fixation R	1	8	14100726629	14100936711	210082	1053.93	464.73	31	32	-1	13.68	13.68
Saccade L	1	9	14100936711	14100969325	32614	1056.15	466.26	1189.26	465.90	2.87	183.15	0.43	88.01	7387.68	-7425.06	5339.17
Saccade R	1	9	14100936711	14100969325	32614	1056.15	466.26	1189.26	465.90	2.87	183.15	0.43	88.01	7387.68	-7425.06	5339.17
Fixation L	1	9	14100969325	14101052709	83384	1185.07	464.43	26	12	-1	13.77	13.77
Fixation R	1	9	14100969325	14101052709	83384	1185.07	464.43	26	12	-1	13.66	13.66
Blink L	1	1	14101052709	14101334821	282112
Blink R	1	1	14101052709	14101334821	282112
Fixation L	1	10	14101411199	14101510948	99749	876.45	951.10	28	19	-1	14.45	14.45
Fixation R	1	10	14101411199	14101510948	99749	876.45	951.10	28	19	-1	14.27	14.27
Saccade L	1	10	14101510948	14101535382	24434	872.49	943.86	863.38	997.16	1.10	71.94	0.41	45.19	2853.07	-2900.99	2025.26
Saccade R	1	10	14101510948	14101535382	24434	872.49	943.86	863.38	997.16	1.10	71.94	0.41	45.19	2853.07	-2900.99	2025.26
Fixation L	1	11	14101535382	14101773055	237673	866.06	1001.34	45	33	-1	14.08	14.08
Fixation R	1	11	14101535382	14101773055	237673	866.06	1001.34	45	33	-1	14.10	14.10
Saccade L	1	11	14101773055	14101807054	33999	867.93	1005.74	893.73	947.04	1.48	70.03	0.35	43.41	2709.23	-2421.03	1858.09
Saccade R	1	11	14101773055	14101807054	33999	867.93	1005.74	893.73	947.04	1.48	70.03	0.35	43.41	2709.23	-2421.03	1858.09
Fixation L	1	12	14101807054	14101889180	82126	896.25	945.42	23	8	-1	13.90	13.90
Fixation R	1	12	14101807054	14101889180	82126	896.25	945.42	23	8	-1	13.73	13.73
Saccade L	1	12	14101889180	14101933177	43997	910.38	945.34	858.14	965.76	1.64	52.21	0.80	37.33	1698.83	-2020.58	830.87
Saccade R	1	12	14101889180	14101933177	43997	910.38	945.34	858.14	965.76	1.64	52.21	0.80	37.33	1698.83	-2020.58	830.87
Saccade L	1	13	14101957702	14101981181	23479	857.50	962.67	891.02	978.93	0.72	41.42	0.40	30.46	1619.71	-1288.96	1029.85
Saccade R	1	13	14101957702	14101981181	23479	857.50	962.67	891.02	978.93	0.72	41.42	0.40	30.46	1619.71	-1288.96	1029.85
Fixation L	1	13	14101981181	14102053172	71991	890.14	974.95	28	11	-1	13.63	13.63
Fixation R	1	13	14101981181	14102053172	71991	890.14	974.95	28	11	-1	13.65	13.65
Fixation L	1	14	14102073167	14102171168	98001	895.99	984.83	21	12	-1	13.74	13.74
Fixation R	1	14	14102073167	14102171168	98001	895.99	984.83	21	12	-1	13.52	13.52
