[BeGaze]
Converted from:	C:\Program Files\SMI\Experiment Suite 360\Experiment Center 2\Results\RC-Attachment-Exp\P14-eye_data.idf
Date:	18.03.2012 20:11:06
Version:	BeGaze 3.0.181
Sample Rate:	500
Subject:	P14
Description:	Run19

Table Header for Fixations:
Event Type	Trial	Number	Start	End	Duration	Location X	Location Y	Dispersion X	Dispersion Y	Plane	Avg. Pupil Size X	Avg. Pupil Size Y

Table Header for Saccades:
Event Type	Trial	Number	Start	End	Duration	Start Loc.X	Start Loc.Y	End Loc.X	End Loc.Y	Amplitude	Peak Speed	Peak Speed At	Average Speed	Peak Accel.	Peak Decel.	Average Accel.

Table Header for Blinks:
Event Type	Trial	Number	Start	End	Duration

Table Header for User Events:
Event Type	Trial	Number	Start	Description

UserEvent	1	1	1597993284	# Message: RC-N1forced-nonanim-5.jpg
Fixation L	1	1	1597995008	1598300294	305286	503.55	458.65	29	32	-1	13.25	13.25
Fixation R	1	1	1597995008	1598300294	305286	503.55	458.65	29	32	-1	13.19	13.19
Saccade L	1	1	1598300294	1598332505	32211	493.53	444.60	505.51	484.30	1.04	44.34	0.44	32.14	1626.95	-1423.74	1116.33
Saccade R	1	1	1598300294	1598332505	32211	493.53	444.60	505.51	484.30	1.04	44.34	0.44	32.14	1626.95	-1423.74	1116.33
Fixation L	1	2	1598332505	1598562605	230100	505.88	472.65	23	32	-1	13.51	13.51
Fixation R	1	2	1598332505	1598562605	230100	505.88	472.65	23	32	-1	13.46	13.46
Saccade L	1	2	1598562605	1598584601	21996	499.40	478.12	555.61	471.91	1.22	96.93	0.55	55.24	3536.12	-3860.12	2447.91
Saccade R	1	2	1598562605	1598584601	21996	499.40	478.12	555.61	471.91	1.22	96.93	0.55	55.24	3536.12	-3860.12	2447.91
Fixation L	1	3	1598584601	1598726730	142129	557.95	467.85	13	13	-1	13.73	13.73
Fixation R	1	3	1598584601	1598726730	142129	557.95	467.85	13	13	-1	13.89	13.89
Saccade L	1	3	1598726730	1598748716	21986	559.76	465.88	627.34	474.57	1.41	112.55	0.55	64.27	4669.65	-4636.69	3143.88
Saccade R	1	3	1598726730	1598748716	21986	559.76	465.88	627.34	474.57	1.41	112.55	0.55	64.27	4669.65	-4636.69	3143.88
Fixation L	1	4	1598748716	1598890759	142043	631.95	467.91	18	39	-1	13.75	13.75
Fixation R	1	4	1598748716	1598890759	142043	631.95	467.91	18	39	-1	13.84	13.84
Saccade L	1	4	1598890759	1598922714	31955	639.48	472.39	701.93	483.44	1.56	104.52	0.75	48.70	3126.20	-3639.37	1733.42
Saccade R	1	4	1598890759	1598922714	31955	639.48	472.39	701.93	483.44	1.56	104.52	0.75	48.70	3126.20	-3639.37	1733.42
Fixation L	1	5	1598922714	1599094834	172120	698.27	471.28	15	23	-1	13.75	13.75
Fixation R	1	5	1598922714	1599094834	172120	698.27	471.28	15	23	-1	13.69	13.69
Fixation L	1	6	1599116837	1599352951	236114	770.84	468.99	33	49	-1	13.69	13.69
Fixation R	1	6	1599116837	1599352951	236114	770.84	468.99	33	49	-1	13.67	13.67
Fixation L	1	7	1599372946	1599889208	516262	823.64	465.10	1069	1038	-1	12.66	12.66
Fixation R	1	7	1599372946	1599631082	258136	844.85	475.84	36	17	-1	13.46	13.46
Saccade R	1	5	1599631082	1599727062	95980	857.84	480.57	914.53	472.71	50.53	2096.93	0.29	526.42	74940.32	-50337.39	26100.91
Fixation R	1	8	1599727062	1599889208	162146	900.16	488.06	22	29	-1	13.20	13.20
Saccade L	1	5	1599889208	1599911350	22142	896.11	493.45	958.11	476.05	1.43	112.12	0.54	64.38	3912.98	-4458.96	2813.64
Saccade R	1	6	1599889208	1599911350	22142	896.11	493.45	958.11	476.05	1.43	112.12	0.54	64.38	3912.98	-4458.96	2813.64
Fixation L	1	8	1599911350	1600053907	142557	953.75	472.91	12	15	-1	13.44	13.44
Fixation R	1	9	1599911350	1600053907	142557	953.75	472.91	12	15	-1	13.12	13.12
Saccade L	1	6	1600053907	1600077310	23403	959.34	462.59	1021.90	461.16	1.30	93.54	0.48	55.63	3366.82	-3361.27	2370.60
Saccade R	1	7	1600053907	1600077310	23403	959.34	462.59	1021.90	461.16	1.30	93.54	0.48	55.63	3366.82	-3361.27	2370.60
Fixation L	1	9	1600077310	1600197298	119988	1031.48	458.00	15	8	-1	13.37	13.37
Fixation R	1	10	1600077310	1600197298	119988	1031.48	458.00	15	8	-1	12.95	12.95
Saccade L	1	7	1600197298	1600223294	25996	1035.02	453.32	1116.35	457.63	1.75	121.77	0.46	67.37	4797.03	-5109.54	3560.58
Saccade R	1	8	1600197298	1600223294	25996	1035.02	453.32	1116.35	457.63	1.75	121.77	0.46	67.37	4797.03	-5109.54	3560.58
Fixation L	1	10	1600223294	1600453466	230172	1126.45	452.23	27	15	-1	13.09	13.09
Fixation R	1	11	1600223294	1600453466	230172	1126.45	452.23	27	15	-1	12.88	12.88
Saccade L	1	8	1600453466	1600517411	63945	1124.85	446.76	922.01	917.22	12.06	401.65	0.28	188.52	17567.46	-10689.91	8492.44
Saccade R	1	9	1600453466	1600517411	63945	1124.85	446.76	922.01	917.22	12.06	401.65	0.28	188.52	17567.46	-10689.91	8492.44
Fixation L	1	11	1600517411	1600663532	146121	915.95	942.66	31	35	-1	13.36	13.36
Fixation R	1	12	1600517411	1600663532	146121	915.95	942.66	31	35	-1	13.25	13.25
Saccade L	1	9	1600663532	1600694001	30469	924.30	934.69	940.38	983.32	1.08	51.10	0.46	35.47	1860.17	-1461.27	1113.77
Saccade R	1	10	1600663532	1600694001	30469	924.30	934.69	940.38	983.32	1.08	51.10	0.46	35.47	1860.17	-1461.27	1113.77
Saccade L	1	10	1600699526	1600727531	28005	939.30	985.26	899.45	956.17	1.02	53.28	0.43	36.33	1383.92	-2073.93	1278.69
Saccade R	1	11	1600699526	1600727531	28005	939.30	985.26	899.45	956.17	1.02	53.28	0.43	36.33	1383.92	-2073.93	1278.69
Fixation L	1	12	1600727531	1601014887	287356	915.91	960.67	47	26	-1	13.49	13.49
Fixation R	1	13	1600727531	1601014887	287356	915.91	960.67	47	26	-1	13.34	13.34
