[BeGaze]
Converted from:	C:\Program Files\SMI\Experiment Suite 360\Experiment Center 2\Results\RC-Attachment-Exp\P15-eye_data.idf
Date:	18.03.2012 20:11:19
Version:	BeGaze 3.0.181
Sample Rate:	500
Subject:	P15
Description:	Run20

Table Header for Fixations:
Event Type	Trial	Number	Start	End	Duration	Location X	Location Y	Dispersion X	Dispersion Y	Plane	Avg. Pupil Size X	Avg. Pupil Size Y

Table Header for Saccades:
Event Type	Trial	Number	Start	End	Duration	Start Loc.X	Start Loc.Y	End Loc.X	End Loc.Y	Amplitude	Peak Speed	Peak Speed At	Average Speed	Peak Accel.	Peak Decel.	Average Accel.

Table Header for Blinks:
Event Type	Trial	Number	Start	End	Duration

Table Header for User Events:
Event Type	Trial	Number	Start	Description

UserEvent	1	1	2355943269	# Message: Dist-orcop-3.jpg
Fixation L	1	1	2355945486	2356729490	784004	542.01	430.82	79	37	-1	13.11	13.11
Fixation R	1	1	2355945486	2356729490	784004	542.01	430.82	79	37	-1	12.66	12.66
Saccade L	1	1	2356729490	2356773450	43960	586.60	424.69	663.24	437.31	1.76	60.94	0.32	39.97	2520.43	-1527.48	1431.27
Saccade R	1	1	2356729490	2356773450	43960	586.60	424.69	663.24	437.31	1.76	60.94	0.32	39.97	2520.43	-1527.48	1431.27
Fixation L	1	2	2356773450	2357005616	232166	666.79	437.52	27	20	-1	12.92	12.92
Fixation R	1	2	2356773450	2357005616	232166	666.79	437.52	27	20	-1	12.41	12.41
Saccade L	1	2	2357005616	2357055570	49954	658.47	440.02	762.49	425.27	2.33	62.85	0.56	46.62	2377.19	-1955.62	1401.82
Saccade R	1	2	2357005616	2357055570	49954	658.47	440.02	762.49	425.27	2.33	62.85	0.56	46.62	2377.19	-1955.62	1401.82
Fixation L	1	3	2357055570	2357653794	598224	801.19	424.67	93	23	-1	13.01	13.01
Fixation R	1	3	2357055570	2357653794	598224	801.19	424.67	93	23	-1	12.67	12.67
Saccade L	1	3	2357653794	2357692025	38231	850.26	420.52	769.08	423.14	1.80	82.29	0.42	46.99	3457.51	-2694.92	2137.01
Saccade R	1	3	2357653794	2357692025	38231	850.26	420.52	769.08	423.14	1.80	82.29	0.42	46.99	3457.51	-2694.92	2137.01
Fixation L	1	4	2357692025	2357847970	155945	763.72	423.97	18	7	-1	13.30	13.30
Fixation R	1	4	2357692025	2357847970	155945	763.72	423.97	18	7	-1	12.69	12.69
Saccade L	1	4	2357847970	2357887993	40023	777.07	425.07	849.45	419.32	1.67	67.90	0.35	41.77	2594.59	-2086.39	1706.42
Saccade R	1	4	2357847970	2357887993	40023	777.07	425.07	849.45	419.32	1.67	67.90	0.35	41.77	2594.59	-2086.39	1706.42
Fixation L	1	5	2357887993	2358376147	488154	845.71	432.14	46	35	-1	13.39	13.39
Fixation R	1	5	2357887993	2358376147	488154	845.71	432.14	46	35	-1	13.13	13.13
Saccade L	1	5	2358376147	2358426150	50003	821.40	428.03	977.63	433.50	3.61	124.07	0.44	72.11	4727.94	-4666.29	3443.57
Saccade R	1	5	2358376147	2358426150	50003	821.40	428.03	977.63	433.50	3.61	124.07	0.44	72.11	4727.94	-4666.29	3443.57
Fixation L	1	6	2358426150	2358846927	420777	975.88	443.23	40	32	-1	13.24	13.24
Fixation R	1	6	2358426150	2358846927	420777	975.88	443.23	40	32	-1	13.18	13.18
Saccade L	1	6	2358846927	2358878259	31332	992.58	456.37	1046.65	441.28	1.19	61.69	0.43	38.10	2154.06	-2285.17	1641.28
Saccade R	1	6	2358846927	2358878259	31332	992.58	456.37	1046.65	441.28	1.19	61.69	0.43	38.10	2154.06	-2285.17	1641.28
Fixation L	1	7	2358878259	2359152505	274246	1056.10	446.73	19	28	-1	13.25	13.25
Fixation R	1	7	2358878259	2359152505	274246	1056.10	446.73	19	28	-1	13.27	13.27
Saccade L	1	7	2359152505	2359182504	29999	1053.28	448.35	997.03	449.38	1.34	76.77	0.51	44.68	3109.37	-3067.09	2211.67
Saccade R	1	7	2359152505	2359182504	29999	1053.28	448.35	997.03	449.38	1.34	76.77	0.51	44.68	3109.37	-3067.09	2211.67
Fixation L	1	8	2359182504	2359458659	276155	1010.98	464.38	24	27	-1	13.53	13.53
Fixation R	1	8	2359182504	2359458659	276155	1010.98	464.38	24	27	-1	13.40	13.40
Saccade L	1	8	2359458659	2359494625	35966	997.89	475.82	1083.84	470.93	1.81	88.08	0.36	50.38	3300.85	-2872.90	2210.60
Saccade R	1	8	2359458659	2359494625	35966	997.89	475.82	1083.84	470.93	1.81	88.08	0.36	50.38	3300.85	-2872.90	2210.60
Fixation L	1	9	2359494625	2359736706	242081	1086.34	460.89	7	22	-1	13.38	13.38
Fixation R	1	9	2359494625	2359736706	242081	1086.34	460.89	7	22	-1	13.41	13.41
Saccade L	1	9	2359736706	2359768741	32035	1083.37	463.17	1145.56	441.00	1.42	73.18	0.44	44.45	2970.32	-2674.29	2055.21
Saccade R	1	9	2359736706	2359768741	32035	1083.37	463.17	1145.56	441.00	1.42	73.18	0.44	44.45	2970.32	-2674.29	2055.21
Fixation L	1	10	2359768741	2359884895	116154	1144.90	437.57	6	8	-1	13.32	13.32
Fixation R	1	10	2359768741	2359884895	116154	1144.90	437.57	6	8	-1	13.22	13.22
Saccade L	1	10	2359884895	2359918729	33834	1141.95	435.08	1074.97	436.15	1.43	72.15	0.41	42.18	3102.05	-2498.30	2024.53
Saccade R	1	10	2359884895	2359918729	33834	1141.95	435.08	1074.97	436.15	1.43	72.15	0.41	42.18	3102.05	-2498.30	2024.53
Fixation L	1	11	2359918729	2360161063	242334	1076.13	429.77	19	25	-1	13.28	13.28
Fixation R	1	11	2359918729	2360161063	242334	1076.13	429.77	19	25	-1	13.23	13.23
Saccade L	1	11	2360161063	2360194970	33907	1081.51	448.31	1151.62	459.88	1.61	79.23	0.42	47.59	2872.64	-2682.27	1997.73
Saccade R	1	11	2360161063	2360194970	33907	1081.51	448.31	1151.62	459.88	1.61	79.23	0.42	47.59	2872.64	-2682.27	1997.73
Fixation L	1	12	2360194970	2361333438	1138468	1154.67	433.69	40	50	-1	12.95	12.95
Fixation R	1	12	2360194970	2361333438	1138468	1154.67	433.69	40	50	-1	12.88	12.88
Saccade L	1	12	2361333438	2361408357	74919	1167.25	420.00	671.85	432.03	11.94	316.18	0.40	159.38	11599.57	-8974.98	7064.42
Saccade R	1	12	2361333438	2361408357	74919	1167.25	420.00	671.85	432.03	11.94	316.18	0.40	159.38	11599.57	-8974.98	7064.42
Fixation L	1	13	2361408357	2361587560	179203	692.58	432.47	42	19	-1	12.99	12.99
Fixation R	1	13	2361408357	2361587560	179203	692.58	432.47	42	19	-1	12.55	12.55
Saccade L	1	13	2361587560	2361627560	40000	709.44	427.61	616.64	441.66	2.14	107.07	0.30	53.61	4300.22	-3464.73	2586.09
Saccade R	1	13	2361587560	2361627560	40000	709.44	427.61	616.64	441.66	2.14	107.07	0.30	53.61	4300.22	-3464.73	2586.09
Fixation L	1	14	2361627560	2361831678	204118	617.31	436.51	33	28	-1	12.95	12.95
Fixation R	1	14	2361627560	2361831678	204118	617.31	436.51	33	28	-1	12.46	12.46
Saccade L	1	14	2361831678	2361859549	27871	598.91	420.45	647.59	436.54	1.04	55.82	0.36	37.40	2025.24	-1773.03	1387.02
Saccade R	1	14	2361831678	2361859549	27871	598.91	420.45	647.59	436.54	1.04	55.82	0.36	37.40	2025.24	-1773.03	1387.02
Fixation L	1	15	2361859549	2362209787	350238	652.79	426.90	31	34	-1	12.85	12.85
Fixation R	1	15	2361859549	2362209787	350238	652.79	426.90	31	34	-1	12.45	12.45
Saccade L	1	15	2362209787	2362317790	108003	645.75	417.98	805.56	1012.44	14.51	242.97	0.54	134.33	5865.85	-5970.67	3830.94
Saccade R	1	15	2362209787	2362317790	108003	645.75	417.98	805.56	1012.44	14.51	242.97	0.54	134.33	5865.85	-5970.67	3830.94
Fixation L	1	16	2362317790	2362445141	127351	799.20	976.90	24	56	-1	12.95	12.95
Fixation R	1	16	2362317790	2362445141	127351	799.20	976.90	24	56	-1	12.94	12.94
Saccade L	1	16	2362445141	2362487906	42765	788.96	973.28	866.06	972.11	1.68	61.59	0.33	39.40	2488.33	-1344.21	1361.86
Saccade R	1	16	2362445141	2362487906	42765	788.96	973.28	866.06	972.11	1.68	61.59	0.33	39.40	2488.33	-1344.21	1361.86
Fixation L	1	17	2362487906	2363680375	1192469	859.44	963.92	42	35	-1	13.61	13.61
Fixation R	1	17	2362487906	2363680375	1192469	859.44	963.92	42	35	-1	13.50	13.50
