[BeGaze]
Converted from:	C:\Program Files\SMI\Experiment Suite 360\Experiment Center 2\Results\RC-Attachment-Exp\P33-eye_data.idf
Date:	18.03.2012 20:30:13
Version:	BeGaze 3.0.181
Sample Rate:	500
Subject:	P33
Description:	Run38

Table Header for Fixations:
Event Type	Trial	Number	Start	End	Duration	Location X	Location Y	Dispersion X	Dispersion Y	Plane	Avg. Pupil Size X	Avg. Pupil Size Y

Table Header for Saccades:
Event Type	Trial	Number	Start	End	Duration	Start Loc.X	Start Loc.Y	End Loc.X	End Loc.Y	Amplitude	Peak Speed	Peak Speed At	Average Speed	Peak Accel.	Peak Decel.	Average Accel.

Table Header for Blinks:
Event Type	Trial	Number	Start	End	Duration

Table Header for User Events:
Event Type	Trial	Number	Start	Description

UserEvent	1	1	3889701135	# Message: RC-N1forced-nonanim-6.jpg
Fixation L	1	1	3889702899	3890298711	595812	490.19	445.36	39	39	-1	12.20	12.20
Fixation R	1	1	3889702899	3890298711	595812	490.19	445.36	39	39	-1	12.92	12.92
Saccade L	1	1	3890298711	3890322714	24003	483.90	429.62	527.67	447.43	0.98	64.64	0.42	40.75	2672.28	-2333.48	1745.13
Saccade R	1	1	3890298711	3890322714	24003	483.90	429.62	527.67	447.43	0.98	64.64	0.42	40.75	2672.28	-2333.48	1745.13
Fixation L	1	2	3890322714	3890494830	172116	541.76	449.67	25	15	-1	12.04	12.04
Fixation R	1	2	3890322714	3890494830	172116	541.76	449.67	25	15	-1	12.84	12.84
Saccade L	1	2	3890494830	3890520849	26019	551.20	446.18	622.11	448.01	1.50	106.78	0.38	57.79	4414.03	-4010.96	2939.54
Saccade R	1	2	3890494830	3890520849	26019	551.20	446.18	622.11	448.01	1.50	106.78	0.38	57.79	4414.03	-4010.96	2939.54
Fixation L	1	3	3890520849	3890729654	208805	622.54	447.21	15	20	-1	12.15	12.15
Fixation R	1	3	3890520849	3890729654	208805	622.54	447.21	15	20	-1	12.97	12.97
Saccade L	1	3	3890729654	3890758945	29291	618.25	453.97	692.28	466.67	1.62	99.80	0.45	55.19	4161.17	-3420.40	2758.96
Saccade R	1	3	3890729654	3890758945	29291	618.25	453.97	692.28	466.67	1.62	99.80	0.45	55.19	4161.17	-3420.40	2758.96
Fixation L	1	4	3890758945	3890900943	141998	692.39	453.00	19	21	-1	11.94	11.94
Fixation R	1	4	3890758945	3890900943	141998	692.39	453.00	19	21	-1	12.82	12.82
Saccade L	1	4	3890900943	3890923191	22248	691.94	453.89	748.50	454.49	1.22	98.98	0.45	54.65	3890.00	-3935.66	2608.33
Saccade R	1	4	3890900943	3890923191	22248	691.94	453.89	748.50	454.49	1.22	98.98	0.45	54.65	3890.00	-3935.66	2608.33
Fixation L	1	5	3890923191	3891115351	192160	749.75	453.21	13	15	-1	11.71	11.71
Fixation R	1	5	3890923191	3891115351	192160	749.75	453.21	13	15	-1	12.47	12.47
Saccade L	1	5	3891115351	3891163238	47887	752.30	451.50	817.29	450.96	1.77	73.92	0.41	36.93	2635.96	-2064.43	1512.20
Saccade R	1	5	3891115351	3891163238	47887	752.30	451.50	817.29	450.96	1.77	73.92	0.41	36.93	2635.96	-2064.43	1512.20
Saccade L	1	6	3891213189	3891281180	67991	810.14	455.01	813.75	359.57	2.64	61.65	0.26	38.87	2552.10	-1239.97	895.59
Saccade R	1	6	3891213189	3891281180	67991	810.14	455.01	813.75	359.57	2.64	61.65	0.26	38.87	2552.10	-1239.97	895.59
Fixation L	1	6	3891281180	3891427270	146090	818.67	326.15	48	47	-1	11.62	11.62
Fixation R	1	6	3891281180	3891427270	146090	818.67	326.15	48	47	-1	12.33	12.33
Saccade L	1	7	3891427270	3891471199	43929	784.80	310.95	886.68	384.04	3.02	171.11	0.36	68.79	6121.86	-5905.30	3759.55
Saccade R	1	7	3891427270	3891471199	43929	784.80	310.95	886.68	384.04	3.02	171.11	0.36	68.79	6121.86	-5905.30	3759.55
Fixation L	1	7	3891471199	3891647285	176086	896.11	401.35	22	38	-1	11.57	11.57
Fixation R	1	7	3891471199	3891647285	176086	896.11	401.35	22	38	-1	12.22	12.22
Saccade L	1	8	3891647285	3891680214	32929	884.88	419.12	956.76	425.52	1.61	89.67	0.37	48.99	3520.99	-3072.16	2321.89
Saccade R	1	8	3891647285	3891680214	32929	884.88	419.12	956.76	425.52	1.61	89.67	0.37	48.99	3520.99	-3072.16	2321.89
Fixation L	1	8	3891680214	3891819411	139197	961.93	427.75	20	25	-1	11.59	11.59
Fixation R	1	8	3891680214	3891819411	139197	961.93	427.75	20	25	-1	12.19	12.19
Saccade L	1	9	3891819411	3891845406	25995	967.84	434.86	1011.41	437.42	0.95	56.98	0.46	36.49	1864.12	-1938.39	1336.84
Saccade R	1	9	3891819411	3891845406	25995	967.84	434.86	1011.41	437.42	0.95	56.98	0.46	36.49	1864.12	-1938.39	1336.84
Fixation L	1	9	3891845406	3892031519	186113	1018.97	435.08	36	18	-1	11.53	11.53
Fixation R	1	9	3891845406	3892031519	186113	1018.97	435.08	36	18	-1	12.12	12.12
Saccade L	1	10	3892031519	3892067531	36012	1008.49	446.19	1098.23	447.82	1.93	95.38	0.39	53.59	3994.65	-3404.58	2682.27
Saccade R	1	10	3892031519	3892067531	36012	1008.49	446.19	1098.23	447.82	1.93	95.38	0.39	53.59	3994.65	-3404.58	2682.27
Fixation L	1	10	3892067531	3892493631	426100	1094.15	443.78	46	24	-1	11.49	11.49
Fixation R	1	10	3892067531	3892493631	426100	1094.15	443.78	46	24	-1	12.08	12.08
Saccade L	1	11	3892493631	3892529624	35993	1082.64	440.92	1173.07	437.77	1.98	103.53	0.33	55.07	3950.15	-3472.01	2547.07
Saccade R	1	11	3892493631	3892529624	35993	1082.64	440.92	1173.07	437.77	1.98	103.53	0.33	55.07	3950.15	-3472.01	2547.07
Fixation L	1	11	3892529624	3892850712	321088	1168.54	442.39	41	23	-1	11.56	11.56
Fixation R	1	11	3892529624	3892850712	321088	1168.54	442.39	41	23	-1	12.11	12.11
Saccade L	1	12	3892850712	3892918059	67347	1156.93	440.02	995.03	795.58	8.99	241.72	0.49	133.56	8386.56	-5941.70	5283.52
Saccade R	1	12	3892850712	3892918059	67347	1156.93	440.02	995.03	795.58	8.99	241.72	0.49	133.56	8386.56	-5941.70	5283.52
Fixation L	1	12	3892918059	3892977860	59801	986.39	788.82	14	13	-1	11.87	11.87
Fixation R	1	12	3892918059	3892977860	59801	986.39	788.82	14	13	-1	12.52	12.52
Saccade L	1	13	3892977860	3893017876	40016	980.22	796.77	915.15	971.32	4.66	292.80	0.76	116.49	11507.42	-11480.84	7212.52
Saccade R	1	13	3892977860	3893017876	40016	980.22	796.77	915.15	971.32	4.66	292.80	0.76	116.49	11507.42	-11480.84	7212.52
Saccade L	1	14	3893043361	3893075985	32624	919.58	963.69	875.56	950.90	1.12	46.92	0.39	34.36	1681.42	-1292.44	1012.43
Saccade R	1	14	3893043361	3893075985	32624	919.58	963.69	875.56	950.90	1.12	46.92	0.39	34.36	1681.42	-1292.44	1012.43
Saccade L	1	15	3893081927	3893112364	30437	881.70	946.60	910.43	979.99	0.98	47.90	0.40	32.05	933.13	-1547.12	854.86
Saccade R	1	15	3893081927	3893112364	30437	881.70	946.60	910.43	979.99	0.98	47.90	0.40	32.05	933.13	-1547.12	854.86
Fixation L	1	13	3893112364	3893530094	417730	898.11	962.71	52	41	-1	11.96	11.96
Fixation R	1	13	3893112364	3893530094	417730	898.11	962.71	52	41	-1	12.53	12.53
