[BeGaze]
Converted from:	C:\Program Files\SMI\Experiment Suite 360\Experiment Center 2\Results\RC-Attachment-Exp\P13-eye_data.idf
Date:	18.03.2012 20:10:15
Version:	BeGaze 3.0.181
Sample Rate:	500
Subject:	P13
Description:	Run18

Table Header for Fixations:
Event Type	Trial	Number	Start	End	Duration	Location X	Location Y	Dispersion X	Dispersion Y	Plane	Avg. Pupil Size X	Avg. Pupil Size Y

Table Header for Saccades:
Event Type	Trial	Number	Start	End	Duration	Start Loc.X	Start Loc.Y	End Loc.X	End Loc.Y	Amplitude	Peak Speed	Peak Speed At	Average Speed	Peak Accel.	Peak Decel.	Average Accel.

Table Header for Blinks:
Event Type	Trial	Number	Start	End	Duration

Table Header for User Events:
Event Type	Trial	Number	Start	Description

UserEvent	1	1	4650965437	# Message: RC-nonforced-anim-4.jpg
Fixation L	1	1	4650966008	4651073985	107977	475.27	421.66	9	14	-1	13.76	13.76
Fixation R	1	1	4650966008	4651073985	107977	475.27	421.66	9	14	-1	13.22	13.22
Blink L	1	1	4651073985	4651270773	196788
Blink R	1	1	4651073985	4651270773	196788
Saccade L	1	1	4651324467	4651357836	33369	501.78	392.02	440.97	387.64	1.19	59.25	0.34	35.71	1898.40	-2054.24	1302.57
Saccade R	1	1	4651324467	4651357836	33369	501.78	392.02	440.97	387.64	1.19	59.25	0.34	35.71	1898.40	-2054.24	1302.57
Fixation L	1	2	4651357836	4651724315	366479	489.78	411.79	92	73	-1	14.17	14.17
Fixation R	1	2	4651357836	4651724315	366479	489.78	411.79	92	73	-1	13.56	13.56
Saccade L	1	2	4651724315	4651752461	28146	522.83	444.78	604.27	433.50	1.94	129.89	0.43	68.97	4994.44	-5223.19	3663.29
Saccade R	1	2	4651724315	4651752461	28146	522.83	444.78	604.27	433.50	1.94	129.89	0.43	68.97	4994.44	-5223.19	3663.29
Fixation L	1	3	4651752461	4651972438	219977	612.18	423.06	24	23	-1	13.29	13.29
Fixation R	1	3	4651752461	4651972438	219977	612.18	423.06	24	23	-1	12.69	12.69
Saccade L	1	3	4651972438	4651996439	24001	604.62	418.52	648.52	433.89	0.99	62.54	0.50	41.32	2256.21	-2624.20	1706.15
Saccade R	1	3	4651972438	4651996439	24001	604.62	418.52	648.52	433.89	0.99	62.54	0.50	41.32	2256.21	-2624.20	1706.15
Fixation L	1	4	4651996439	4652118676	122237	656.99	426.90	18	20	-1	13.09	13.09
Fixation R	1	4	4651996439	4652118676	122237	656.99	426.90	18	20	-1	12.49	12.49
Saccade L	1	4	4652118676	4652142437	23761	654.26	432.93	704.69	426.73	1.05	67.48	0.49	44.32	1989.34	-2642.21	1654.61
Saccade R	1	4	4652118676	4652142437	23761	654.26	432.93	704.69	426.73	1.05	67.48	0.49	44.32	1989.34	-2642.21	1654.61
Fixation L	1	5	4652142437	4652394553	252116	699.50	438.51	22	30	-1	13.69	13.69
Fixation R	1	5	4652142437	4652394553	252116	699.50	438.51	22	30	-1	13.10	13.10
Saccade L	1	5	4652394553	4652442929	48376	702.38	423.30	745.19	402.36	1.64	68.89	0.21	33.98	2548.30	-1884.40	1007.03
Saccade R	1	5	4652394553	4652442929	48376	702.38	423.30	745.19	402.36	1.64	68.89	0.21	33.98	2548.30	-1884.40	1007.03
Fixation L	1	6	4652442929	4652564681	121752	731.89	432.85	24	43	-1	13.94	13.94
Fixation R	1	6	4652442929	4652564681	121752	731.89	432.85	24	43	-1	13.32	13.32
Saccade L	1	6	4652564681	4652599198	34517	724.23	441.43	794.76	444.64	1.62	72.71	0.41	46.90	2880.94	-2359.68	1873.24
Saccade R	1	6	4652564681	4652599198	34517	724.23	441.43	794.76	444.64	1.62	72.71	0.41	46.90	2880.94	-2359.68	1873.24
Fixation L	1	7	4652599198	4652706667	107469	802.33	434.91	24	16	-1	14.09	14.09
Fixation R	1	7	4652599198	4652706667	107469	802.33	434.91	24	16	-1	13.47	13.47
Blink L	1	2	4652706667	4652944925	238258
Blink R	1	2	4652706667	4652944925	238258
Fixation L	1	8	4652944925	4652999389	54464	847.43	390.98	41	21	-1	14.41	14.41
Fixation R	1	8	4652944925	4652999389	54464	847.43	390.98	41	21	-1	13.52	13.52
Saccade L	1	7	4652999389	4653022907	23518	836.12	391.66	829.00	426.27	0.69	40.91	0.50	29.52	1065.64	-1236.26	783.15
Saccade R	1	7	4652999389	4653022907	23518	836.12	391.66	829.00	426.27	0.69	40.91	0.50	29.52	1065.64	-1236.26	783.15
Saccade L	1	8	4653044909	4653124331	79422	822.49	429.92	997.63	451.21	4.53	103.01	0.25	57.06	4086.30	-1918.09	1736.10
Saccade R	1	8	4653044909	4653124331	79422	822.49	429.92	997.63	451.21	4.53	103.01	0.25	57.06	4086.30	-1918.09	1736.10
Fixation L	1	9	4653124331	4653471041	346710	995.13	451.65	71	57	-1	14.80	14.80
Fixation R	1	9	4653124331	4653471041	346710	995.13	451.65	71	57	-1	14.36	14.36
Saccade L	1	9	4653471041	4653497018	25977	1044.77	443.00	1008.87	464.40	0.82	43.39	0.54	31.71	923.38	-1132.52	727.41
Saccade R	1	9	4653471041	4653497018	25977	1044.77	443.00	1008.87	464.40	0.82	43.39	0.54	31.71	923.38	-1132.52	727.41
Saccade L	1	10	4653503017	4653565145	62128	1013.37	466.84	1102.18	439.15	2.27	47.92	0.68	36.56	1076.04	-1283.70	660.76
Saccade R	1	10	4653503017	4653565145	62128	1013.37	466.84	1102.18	439.15	2.27	47.92	0.68	36.56	1076.04	-1283.70	660.76
Fixation L	1	10	4653565145	4653743285	178140	1098.05	441.79	18	33	-1	13.92	13.92
Fixation R	1	10	4653565145	4653743285	178140	1098.05	441.79	18	33	-1	13.41	13.41
Saccade L	1	11	4653743285	4653775134	31849	1095.71	433.32	1181.90	413.86	1.84	98.97	0.43	57.85	4081.81	-4134.19	3038.72
Saccade R	1	11	4653743285	4653775134	31849	1095.71	433.32	1181.90	413.86	1.84	98.97	0.43	57.85	4081.81	-4134.19	3038.72
Fixation L	1	11	4653775134	4653941257	166123	1165.64	426.53	29	26	-1	13.97	13.97
Fixation R	1	11	4653775134	4653941257	166123	1165.64	426.53	29	26	-1	13.42	13.42
Saccade L	1	12	4653941257	4653967250	25993	1167.26	437.61	1081.40	449.90	1.93	140.08	0.38	74.39	5088.10	-5514.06	3675.64
Saccade R	1	12	4653941257	4653967250	25993	1167.26	437.61	1081.40	449.90	1.93	140.08	0.38	74.39	5088.10	-5514.06	3675.64
Fixation L	1	12	4653967250	4654109375	142125	1099.34	441.15	32	17	-1	13.87	13.87
Fixation R	1	12	4653967250	4654109375	142125	1099.34	441.15	32	17	-1	13.22	13.22
Saccade L	1	13	4654109375	4654143399	34024	1094.51	433.46	953.71	442.23	3.44	203.82	0.59	101.23	8189.66	-8156.14	5932.96
Saccade R	1	13	4654109375	4654143399	34024	1094.51	433.46	953.71	442.23	3.44	203.82	0.59	101.23	8189.66	-8156.14	5932.96
Fixation L	1	13	4654143399	4654217371	73972	944.25	437.96	34	29	-1	14.00	14.00
Fixation R	1	13	4654143399	4654217371	73972	944.25	437.96	34	29	-1	13.23	13.23
Saccade L	1	14	4654217371	4654267366	49995	931.07	455.68	722.67	457.87	4.97	239.93	0.32	99.32	9959.03	-8361.39	5469.62
Saccade R	1	14	4654217371	4654267366	49995	931.07	455.68	722.67	457.87	4.97	239.93	0.32	99.32	9959.03	-8361.39	5469.62
Fixation L	1	14	4654267366	4654419492	152126	736.92	441.17	31	25	-1	14.24	14.24
Fixation R	1	14	4654267366	4654419492	152126	736.92	441.17	31	25	-1	13.57	13.57
Saccade L	1	15	4654419492	4654468149	48657	740.42	453.11	559.73	420.83	4.49	215.08	0.39	92.35	9064.59	-8276.17	5611.04
Saccade R	1	15	4654419492	4654468149	48657	740.42	453.11	559.73	420.83	4.49	215.08	0.39	92.35	9064.59	-8276.17	5611.04
Fixation L	1	15	4654468149	4654859598	391449	552.56	430.38	32	32	-1	14.66	14.66
Fixation R	1	15	4654468149	4654859598	391449	552.56	430.38	32	32	-1	14.12	14.12
Saccade L	1	16	4654859598	4654894049	34451	562.39	427.69	742.65	447.21	4.41	254.34	0.49	128.09	11013.73	-10651.69	7974.98
Saccade R	1	16	4654859598	4654894049	34451	562.39	427.69	742.65	447.21	4.41	254.34	0.49	128.09	11013.73	-10651.69	7974.98
Fixation L	1	16	4654894049	4655145751	251702	740.14	450.61	35	23	-1	14.53	14.53
Fixation R	1	16	4654894049	4655145751	251702	740.14	450.61	35	23	-1	14.21	14.21
Saccade L	1	17	4655145751	4655207715	61964	726.31	442.40	932.45	932.06	14.65	449.54	0.68	236.44	12445.81	-14352.70	8534.94
Saccade R	1	17	4655145751	4655207715	61964	726.31	442.40	932.45	932.06	14.65	449.54	0.68	236.44	12445.81	-14352.70	8534.94
Saccade L	1	18	4655207715	4655241970	34255	932.45	932.06	850.79	948.21	2.28	182.36	0.27	66.43	-1207.28	-13614.45	4615.78
Saccade R	1	18	4655207715	4655241970	34255	932.45	932.06	850.79	948.21	2.28	182.36	0.27	66.43	-1207.28	-13614.45	4615.78
Saccade L	1	19	4655259652	4655282460	22808	876.25	957.33	816.98	957.22	0.96	73.59	0.45	42.27	1987.20	-2639.80	1514.00
Saccade R	1	19	4655259652	4655282460	22808	876.25	957.33	816.98	957.22	0.96	73.59	0.45	42.27	1987.20	-2639.80	1514.00
Fixation L	1	17	4655282460	4655439833	157373	825.40	962.83	56	39	-1	14.69	14.69
Fixation R	1	17	4655282460	4655439833	157373	825.40	962.83	56	39	-1	15.20	15.20
Fixation L	1	18	4655461962	4655714079	252117	829.42	951.92	47	72	-1	14.56	14.56
Fixation R	1	18	4655461962	4655714079	252117	829.42	951.92	47	72	-1	15.25	15.25
