[BeGaze]
Converted from:	C:\Program Files\SMI\Experiment Suite 360\Experiment Center 2\Results\RC-Attachment-Exp\Deney02-eye_data.idf
Date:	18.03.2012 20:03:48
Version:	BeGaze 3.0.181
Sample Rate:	500
Subject:	Deney02
Description:	Run5

Table Header for Fixations:
Event Type	Trial	Number	Start	End	Duration	Location X	Location Y	Dispersion X	Dispersion Y	Plane	Avg. Pupil Size X	Avg. Pupil Size Y

Table Header for Saccades:
Event Type	Trial	Number	Start	End	Duration	Start Loc.X	Start Loc.Y	End Loc.X	End Loc.Y	Amplitude	Peak Speed	Peak Speed At	Average Speed	Peak Accel.	Peak Decel.	Average Accel.

Table Header for Blinks:
Event Type	Trial	Number	Start	End	Duration

Table Header for User Events:
Event Type	Trial	Number	Start	Description

UserEvent	1	1	3254235905	# Message: Dist-srcop-18.jpg
Fixation L	1	1	3254237709	3254813488	575779	508.71	454.18	33	29	-1	11.93	11.93
Fixation R	1	1	3254237709	3254813488	575779	508.71	454.18	33	29	-1	12.58	12.58
Saccade L	1	1	3254813488	3254836006	22518	510.65	459.90	544.00	445.00	0.78	52.15	0.44	34.62	2055.69	-1677.39	1293.53
Saccade R	1	1	3254813488	3254836006	22518	510.65	459.90	544.00	445.00	0.78	52.15	0.44	34.62	2055.69	-1677.39	1293.53
Fixation L	1	2	3254836006	3254985670	149664	551.21	434.35	15	28	-1	11.75	11.75
Fixation R	1	2	3254836006	3254985670	149664	551.21	434.35	15	28	-1	12.33	12.33
Saccade L	1	2	3254985670	3255021615	35945	547.62	435.05	621.60	436.80	1.65	89.09	0.56	46.01	3006.31	-3059.29	2126.58
Saccade R	1	2	3254985670	3255021615	35945	547.62	435.05	621.60	436.80	1.65	89.09	0.56	46.01	3006.31	-3059.29	2126.58
Fixation L	1	3	3255021615	3255187600	165985	620.34	434.43	33	29	-1	11.59	11.59
Fixation R	1	3	3255021615	3255187600	165985	620.34	434.43	33	29	-1	12.42	12.42
Saccade L	1	3	3255187600	3255223600	36000	620.70	424.20	707.22	433.51	1.98	103.43	0.33	55.07	4106.37	-3597.53	2701.42
Saccade R	1	3	3255187600	3255223600	36000	620.70	424.20	707.22	433.51	1.98	103.43	0.33	55.07	4106.37	-3597.53	2701.42
Fixation L	1	4	3255223600	3255361740	138140	709.74	440.30	13	16	-1	11.67	11.67
Fixation R	1	4	3255223600	3255361740	138140	709.74	440.30	13	16	-1	12.53	12.53
Saccade L	1	4	3255361740	3255387719	25979	709.46	450.07	782.34	448.73	1.56	111.78	0.38	60.11	4486.93	-3980.49	2958.70
Saccade R	1	4	3255361740	3255387719	25979	709.46	450.07	782.34	448.73	1.56	111.78	0.38	60.11	4486.93	-3980.49	2958.70
Fixation L	1	5	3255387719	3255593841	206122	795.22	434.54	22	31	-1	11.57	11.57
Fixation R	1	5	3255387719	3255593841	206122	795.22	434.54	22	31	-1	12.48	12.48
Saccade L	1	5	3255593841	3255639830	45989	805.99	439.42	694.76	439.72	2.40	112.07	0.27	52.28	3970.17	-3228.87	2146.66
Saccade R	1	5	3255593841	3255639830	45989	805.99	439.42	694.76	439.72	2.40	112.07	0.27	52.28	3970.17	-3228.87	2146.66
Fixation L	1	6	3255639830	3255793973	154143	702.08	423.27	27	24	-1	11.42	11.42
Fixation R	1	6	3255639830	3255793973	154143	702.08	423.27	27	24	-1	12.44	12.44
Saccade L	1	6	3255793973	3255846457	52484	694.34	424.05	864.51	426.47	3.76	161.03	0.30	71.66	6944.94	-5241.32	3534.59
Saccade R	1	6	3255793973	3255846457	52484	694.34	424.05	864.51	426.47	3.76	161.03	0.30	71.66	6944.94	-5241.32	3534.59
Fixation L	1	7	3255846457	3256088061	241604	870.00	437.88	36	30	-1	11.69	11.69
Fixation R	1	7	3255846457	3256088061	241604	870.00	437.88	36	30	-1	12.66	12.66
Saccade L	1	7	3256088061	3256120810	32749	871.07	444.28	797.33	437.77	1.56	100.30	0.37	47.58	3755.65	-3470.91	2332.30
Saccade R	1	7	3256088061	3256120810	32749	871.07	444.28	797.33	437.77	1.56	100.30	0.37	47.58	3755.65	-3470.91	2332.30
Fixation L	1	8	3256120810	3256350206	229396	793.41	434.20	19	14	-1	11.78	11.78
Fixation R	1	8	3256120810	3256350206	229396	793.41	434.20	19	14	-1	12.60	12.60
Saccade L	1	8	3256350206	3256374191	23985	792.25	439.08	882.31	436.01	1.88	142.47	0.50	78.59	5658.14	-5438.40	3918.05
Saccade R	1	8	3256350206	3256374191	23985	792.25	439.08	882.31	436.01	1.88	142.47	0.50	78.59	5658.14	-5438.40	3918.05
Fixation L	1	9	3256374191	3256608295	234104	884.95	431.35	27	18	-1	11.62	11.62
Fixation R	1	9	3256374191	3256608295	234104	884.95	431.35	27	18	-1	12.53	12.53
Saccade L	1	9	3256608295	3256630296	22001	898.00	444.94	828.35	437.48	1.51	119.50	0.45	68.76	4327.68	-4680.49	3094.04
Saccade R	1	9	3256608295	3256630296	22001	898.00	444.94	828.35	437.48	1.51	119.50	0.45	68.76	4327.68	-4680.49	3094.04
Fixation L	1	10	3256630296	3256832410	202114	830.69	439.81	12	17	-1	11.83	11.83
Fixation R	1	10	3256630296	3256832410	202114	830.69	439.81	12	17	-1	12.55	12.55
Saccade L	1	10	3256832410	3256870410	38000	831.54	445.36	903.16	438.24	1.60	73.75	0.42	42.24	3111.20	-2299.23	1816.46
Saccade R	1	10	3256832410	3256870410	38000	831.54	445.36	903.16	438.24	1.60	73.75	0.42	42.24	3111.20	-2299.23	1816.46
Fixation L	1	11	3256870410	3257220523	350113	894.46	434.58	39	39	-1	11.78	11.78
Fixation R	1	11	3256870410	3257220523	350113	894.46	434.58	39	39	-1	12.72	12.72
Saccade L	1	11	3257220523	3257246516	25993	872.45	410.18	924.38	412.74	1.10	69.84	0.46	42.23	2972.79	-2787.59	2087.59
Saccade R	1	11	3257220523	3257246516	25993	872.45	410.18	924.38	412.74	1.10	69.84	0.46	42.23	2972.79	-2787.59	2087.59
Fixation L	1	12	3257246516	3257384661	138145	936.72	424.41	20	20	-1	11.96	11.96
Fixation R	1	12	3257246516	3257384661	138145	936.72	424.41	20	20	-1	12.88	12.88
Saccade L	1	12	3257384661	3257408679	24018	939.42	431.80	1027.93	430.47	1.92	149.02	0.50	79.82	6257.26	-5811.39	4165.77
Saccade R	1	12	3257384661	3257408679	24018	939.42	431.80	1027.93	430.47	1.92	149.02	0.50	79.82	6257.26	-5811.39	4165.77
Fixation L	1	13	3257408679	3257598653	189974	1022.67	434.40	25	22	-1	11.89	11.89
Fixation R	1	13	3257408679	3257598653	189974	1022.67	434.40	25	22	-1	12.88	12.88
Saccade L	1	13	3257598653	3257628748	30095	1014.92	431.80	1096.03	437.38	1.76	103.39	0.46	58.51	4506.54	-3972.31	3049.70
Saccade R	1	13	3257598653	3257628748	30095	1014.92	431.80	1096.03	437.38	1.76	103.39	0.46	58.51	4506.54	-3972.31	3049.70
Fixation L	1	14	3257628748	3257880747	251999	1090.26	441.36	21	27	-1	11.90	11.90
Fixation R	1	14	3257628748	3257880747	251999	1090.26	441.36	21	27	-1	12.81	12.81
Blink L	1	1	3257880747	3258108862	228115
Blink R	1	1	3257880747	3258108862	228115
Saccade L	1	14	3258117957	3258172166	54209	914.98	836.18	935.62	902.60	1.72	40.70	0.47	31.75	843.94	-1109.53	659.90
Saccade R	1	14	3258117957	3258172166	54209	914.98	836.18	935.62	902.60	1.72	40.70	0.47	31.75	843.94	-1109.53	659.90
Saccade L	1	15	3258202986	3258233711	30725	934.47	903.94	915.58	977.13	1.93	113.35	0.52	62.78	4707.10	-4406.75	3196.01
Saccade R	1	15	3258202986	3258233711	30725	934.47	903.94	915.58	977.13	1.93	113.35	0.52	62.78	4707.10	-4406.75	3196.01
Fixation L	1	15	3258233711	3258601085	367374	901.80	953.46	26	54	-1	12.38	12.38
Fixation R	1	15	3258233711	3258601085	367374	901.80	953.46	26	54	-1	12.91	12.91
Fixation L	1	16	3258619085	3258733207	114122	902.32	943.25	18	23	-1	12.17	12.17
Fixation R	1	16	3258619085	3258733207	114122	902.32	943.25	18	23	-1	12.63	12.63
