[BeGaze]
Converted from:	C:\Program Files\SMI\Experiment Suite 360\Experiment Center 2\Results\RC-Attachment-Exp\Denek03-eye_data.idf
Date:	18.03.2012 20:03:59
Version:	BeGaze 3.0.181
Sample Rate:	500
Subject:	Denek03
Description:	Run6

Table Header for Fixations:
Event Type	Trial	Number	Start	End	Duration	Location X	Location Y	Dispersion X	Dispersion Y	Plane	Avg. Pupil Size X	Avg. Pupil Size Y

Table Header for Saccades:
Event Type	Trial	Number	Start	End	Duration	Start Loc.X	Start Loc.Y	End Loc.X	End Loc.Y	Amplitude	Peak Speed	Peak Speed At	Average Speed	Peak Accel.	Peak Decel.	Average Accel.

Table Header for Blinks:
Event Type	Trial	Number	Start	End	Duration

Table Header for User Events:
Event Type	Trial	Number	Start	Description

UserEvent	1	1	4739432048	# Message: Dist-orcop-3.jpg
Fixation L	1	1	4739437040	4739616266	179226	506.96	460.41	26	19	-1	16.73	16.73
Fixation R	1	1	4739437040	4739616266	179226	506.96	460.41	26	19	-1	16.94	16.94
Saccade L	1	1	4739616266	4739648108	31842	510.25	459.94	573.41	466.17	1.32	70.65	0.43	41.40	2638.61	-2527.21	1882.71
Saccade R	1	1	4739616266	4739648108	31842	510.25	459.94	573.41	466.17	1.32	70.65	0.43	41.40	2638.61	-2527.21	1882.71
Fixation L	1	2	4739648108	4739834181	186073	577.62	463.20	13	19	-1	16.72	16.72
Fixation R	1	2	4739648108	4739834181	186073	577.62	463.20	13	19	-1	17.04	17.04
Saccade L	1	2	4739834181	4739870171	35990	574.40	464.85	654.82	473.09	1.72	81.76	0.33	47.89	3116.65	-2757.91	2125.17
Saccade R	1	2	4739834181	4739870171	35990	574.40	464.85	654.82	473.09	1.72	81.76	0.33	47.89	3116.65	-2757.91	2125.17
Fixation L	1	3	4739870171	4740292433	422262	651.37	459.20	46	27	-1	16.54	16.54
Fixation R	1	3	4739870171	4740292433	422262	651.37	459.20	46	27	-1	16.72	16.72
Saccade L	1	3	4740292433	4740356406	63973	642.00	470.47	776.24	464.15	3.05	110.25	0.25	47.61	4537.36	-3601.93	1941.65
Saccade R	1	3	4740292433	4740356406	63973	642.00	470.47	776.24	464.15	3.05	110.25	0.25	47.61	4537.36	-3601.93	1941.65
Fixation L	1	4	4740356406	4740568561	212155	758.93	465.87	34	17	-1	16.62	16.62
Fixation R	1	4	4740356406	4740568561	212155	758.93	465.87	34	17	-1	16.71	16.71
Saccade L	1	4	4740568561	4740604516	35955	763.86	467.67	841.58	457.97	1.74	98.09	0.33	48.47	3870.32	-2987.03	2006.57
Saccade R	1	4	4740568561	4740604516	35955	763.86	467.67	841.58	457.97	1.74	98.09	0.33	48.47	3870.32	-2987.03	2006.57
Saccade L	1	5	4740644523	4740678521	33998	880.19	467.81	836.74	442.29	1.09	45.57	0.32	32.06	1282.08	-1366.77	1015.06
Saccade R	1	5	4740644523	4740678521	33998	880.19	467.81	836.74	442.29	1.09	45.57	0.32	32.06	1282.08	-1366.77	1015.06
Fixation L	1	5	4740678521	4740810637	132116	853.82	448.83	30	14	-1	16.36	16.36
Fixation R	1	5	4740678521	4740810637	132116	853.82	448.83	30	14	-1	16.54	16.54
Saccade L	1	6	4740810637	4740858638	48001	855.03	450.28	978.58	444.69	2.72	107.43	0.29	56.66	4749.53	-3676.28	2662.95
Saccade R	1	6	4740810637	4740858638	48001	855.03	450.28	978.58	444.69	2.72	107.43	0.29	56.66	4749.53	-3676.28	2662.95
Fixation L	1	6	4740858638	4741642999	784361	1002.08	447.07	81	36	-1	16.00	16.00
Fixation R	1	6	4740858638	4741642999	784361	1002.08	447.07	81	36	-1	16.16	16.16
Saccade L	1	7	4741642999	4741690977	47978	1036.34	455.15	1149.45	453.25	2.43	121.26	0.25	50.71	4997.17	-3839.65	2271.71
Saccade R	1	7	4741642999	4741690977	47978	1036.34	455.15	1149.45	453.25	2.43	121.26	0.25	50.71	4997.17	-3839.65	2271.71
Fixation L	1	7	4741690977	4742009088	318111	1137.04	446.97	32	25	-1	15.63	15.63
Fixation R	1	7	4741690977	4742009088	318111	1137.04	446.97	32	25	-1	15.74	15.74
Saccade L	1	8	4742009088	4742035089	26001	1145.95	437.36	1070.66	456.08	1.69	121.95	0.47	65.11	4902.97	-4064.27	3176.41
Saccade R	1	8	4742009088	4742035089	26001	1145.95	437.36	1070.66	456.08	1.69	121.95	0.47	65.11	4902.97	-4064.27	3176.41
Fixation L	1	8	4742035089	4742215222	180133	1053.78	448.53	25	26	-1	15.63	15.63
Fixation R	1	8	4742035089	4742215222	180133	1053.78	448.53	25	26	-1	15.73	15.73
Saccade L	1	9	4742215222	4742247215	31993	1064.99	452.88	1158.66	447.70	1.98	110.60	0.44	61.88	4121.09	-4341.06	3134.90
Saccade R	1	9	4742215222	4742247215	31993	1064.99	452.88	1158.66	447.70	1.98	110.60	0.44	61.88	4121.09	-4341.06	3134.90
Fixation L	1	9	4742247215	4742401326	154111	1152.49	447.24	24	16	-1	15.45	15.45
Fixation R	1	9	4742247215	4742401326	154111	1152.49	447.24	24	16	-1	15.50	15.50
Saccade L	1	10	4742401326	4742433344	32018	1147.07	454.73	1002.69	462.26	3.17	205.61	0.50	98.96	8268.75	-8194.20	6013.66
Saccade R	1	10	4742401326	4742433344	32018	1147.07	454.73	1002.69	462.26	3.17	205.61	0.50	98.96	8268.75	-8194.20	6013.66
Fixation L	1	10	4742433344	4742673487	240143	1001.23	449.57	38	26	-1	15.56	15.56
Fixation R	1	10	4742433344	4742673487	240143	1001.23	449.57	38	26	-1	15.59	15.59
Saccade L	1	11	4742673487	4742695468	21981	996.91	439.05	1030.93	435.37	0.72	53.37	0.45	32.95	1684.37	-1769.32	1200.62
Saccade R	1	11	4742673487	4742695468	21981	996.91	439.05	1030.93	435.37	0.72	53.37	0.45	32.95	1684.37	-1769.32	1200.62
Fixation L	1	11	4742695468	4742813433	117965	1042.19	440.23	19	28	-1	15.83	15.83
Fixation R	1	11	4742695468	4742813433	117965	1042.19	440.23	19	28	-1	15.83	15.83
Saccade L	1	12	4742813433	4742845429	31996	1037.11	441.42	1166.62	448.71	2.83	159.48	0.44	88.43	6621.34	-7115.55	5065.92
Saccade R	1	12	4742813433	4742845429	31996	1037.11	441.42	1166.62	448.71	2.83	159.48	0.44	88.43	6621.34	-7115.55	5065.92
Fixation L	1	12	4742845429	4743077547	232118	1164.72	446.78	16	21	-1	15.96	15.96
Fixation R	1	12	4742845429	4743077547	232118	1164.72	446.78	16	21	-1	15.94	15.94
Saccade L	1	13	4743077547	4743133563	56016	1161.13	445.05	538.73	440.10	13.84	430.74	0.43	247.12	18468.86	-14311.99	11253.86
Saccade R	1	13	4743077547	4743133563	56016	1161.13	445.05	538.73	440.10	13.84	430.74	0.43	247.12	18468.86	-14311.99	11253.86
Fixation L	1	13	4743163560	4743353670	190110	602.33	425.09	26	32	-1	16.33	16.33
Fixation R	1	13	4743163560	4743353670	190110	602.33	425.09	26	32	-1	16.21	16.21
Saccade L	1	14	4743353670	4743389826	36156	608.62	426.33	679.01	437.47	1.54	63.25	0.39	42.57	2538.40	-2151.06	1691.94
Saccade R	1	14	4743353670	4743389826	36156	608.62	426.33	679.01	437.47	1.54	63.25	0.39	42.57	2538.40	-2151.06	1691.94
Fixation L	1	14	4743389826	4743525780	135954	678.19	448.02	9	21	-1	16.35	16.35
Fixation R	1	14	4743389826	4743525780	135954	678.19	448.02	9	21	-1	16.38	16.38
Saccade L	1	15	4743525780	4743560170	34390	683.61	456.24	517.11	431.72	3.86	226.94	0.47	112.38	9597.37	-9469.09	6887.95
Saccade R	1	15	4743525780	4743560170	34390	683.61	456.24	517.11	431.72	3.86	226.94	0.47	112.38	9597.37	-9469.09	6887.95
Fixation L	1	15	4743560170	4743771928	211758	537.71	440.57	33	38	-1	16.54	16.54
Fixation R	1	15	4743560170	4743771928	211758	537.71	440.57	33	38	-1	16.47	16.47
Saccade L	1	16	4743771928	4743805896	33968	544.55	444.86	704.05	445.34	3.45	201.08	0.47	101.68	7982.16	-8410.53	6032.91
Saccade R	1	16	4743771928	4743805896	33968	544.55	444.86	704.05	445.34	3.45	201.08	0.47	101.68	7982.16	-8410.53	6032.91
Fixation L	1	16	4743805896	4744159999	354103	693.57	445.98	27	34	-1	16.63	16.63
Fixation R	1	16	4743805896	4744159999	354103	693.57	445.98	27	34	-1	16.63	16.63
Saccade L	1	17	4744159999	4744192077	32078	691.33	457.00	748.84	438.30	1.30	63.89	0.37	40.52	2739.26	-2174.09	1774.44
Saccade R	1	17	4744159999	4744192077	32078	691.33	457.00	748.84	438.30	1.30	63.89	0.37	40.52	2739.26	-2174.09	1774.44
Fixation L	1	17	4744192077	4744424130	232053	753.17	447.03	20	28	-1	16.38	16.38
Fixation R	1	17	4744192077	4744424130	232053	753.17	447.03	20	28	-1	16.40	16.40
Saccade L	1	18	4744424130	4744460112	35982	767.31	459.25	879.36	450.24	2.63	135.14	0.44	73.01	5378.53	-5444.00	3989.98
Saccade R	1	18	4744424130	4744460112	35982	767.31	459.25	879.36	450.24	2.63	135.14	0.44	73.01	5378.53	-5444.00	3989.98
Fixation L	1	18	4744460112	4744659936	199824	873.23	450.82	21	27	-1	16.18	16.18
Fixation R	1	18	4744460112	4744659936	199824	873.23	450.82	21	27	-1	16.15	16.15
Saccade L	1	19	4744659936	4744702227	42291	868.55	442.53	1006.64	434.37	2.97	141.65	0.24	70.26	6149.55	-4583.69	3416.96
Saccade R	1	19	4744659936	4744702227	42291	868.55	442.53	1006.64	434.37	2.97	141.65	0.24	70.26	6149.55	-4583.69	3416.96
Fixation L	1	19	4744702227	4744968359	266132	990.88	447.72	26	26	-1	16.15	16.15
Fixation R	1	19	4744702227	4744968359	266132	990.88	447.72	26	26	-1	16.18	16.18
Saccade L	1	20	4744968359	4745016862	48503	986.06	459.23	1125.25	440.08	3.41	170.46	0.29	70.24	7331.94	-6578.56	3982.20
Saccade R	1	20	4744968359	4745016862	48503	986.06	459.23	1125.25	440.08	3.41	170.46	0.29	70.24	7331.94	-6578.56	3982.20
Fixation L	1	20	4745016862	4745208462	191600	1115.09	453.93	17	38	-1	15.91	15.91
Fixation R	1	20	4745016862	4745208462	191600	1115.09	453.93	17	38	-1	15.95	15.95
Saccade L	1	21	4745208462	4745236461	27999	1114.94	441.06	1177.23	441.34	1.31	75.35	0.47	46.81	2902.32	-2896.12	2096.76
Saccade R	1	21	4745208462	4745236461	27999	1114.94	441.06	1177.23	441.34	1.31	75.35	0.47	46.81	2902.32	-2896.12	2096.76
Fixation L	1	21	4745236461	4745392635	156174	1169.78	443.86	24	15	-1	15.78	15.78
Fixation R	1	21	4745236461	4745392635	156174	1169.78	443.86	24	15	-1	15.86	15.86
Saccade L	1	22	4745392635	4745472724	80089	1158.59	449.41	802.63	1019.56	16.90	373.11	0.32	210.97	15581.87	-10081.40	8197.80
Saccade R	1	22	4745392635	4745472724	80089	1158.59	449.41	802.63	1019.56	16.90	373.11	0.32	210.97	15581.87	-10081.40	8197.80
Fixation L	1	22	4745472724	4745601447	128723	817.04	988.28	28	56	-1	16.44	16.44
Fixation R	1	22	4745472724	4745601447	128723	817.04	988.28	28	56	-1	16.32	16.32
Saccade L	1	23	4745601447	4745646730	45283	832.43	965.23	900.49	950.58	1.62	50.73	0.29	35.75	1764.83	-1060.10	987.34
Saccade R	1	23	4745601447	4745646730	45283	832.43	965.23	900.49	950.58	1.62	50.73	0.29	35.75	1764.83	-1060.10	987.34
Fixation L	1	23	4745646730	4746142800	496070	896.42	952.26	37	44	-1	16.10	16.10
Fixation R	1	23	4745646730	4746142800	496070	896.42	952.26	37	44	-1	15.98	15.98
