[BeGaze]
Converted from:	C:\Program Files\SMI\Experiment Suite 360\Experiment Center 2\Results\RC-Attachment-Exp\P20-eye_data.idf
Date:	18.03.2012 20:15:41
Version:	BeGaze 3.0.181
Sample Rate:	500
Subject:	P20
Description:	Run25

Table Header for Fixations:
Event Type	Trial	Number	Start	End	Duration	Location X	Location Y	Dispersion X	Dispersion Y	Plane	Avg. Pupil Size X	Avg. Pupil Size Y

Table Header for Saccades:
Event Type	Trial	Number	Start	End	Duration	Start Loc.X	Start Loc.Y	End Loc.X	End Loc.Y	Amplitude	Peak Speed	Peak Speed At	Average Speed	Peak Accel.	Peak Decel.	Average Accel.

Table Header for Blinks:
Event Type	Trial	Number	Start	End	Duration

Table Header for User Events:
Event Type	Trial	Number	Start	Description

UserEvent	1	1	19242346254	# Message: RC-N2forced-nonanim-3x.jpg
Fixation L	1	1	19242347055	19242691254	344199	495.48	449.23	20	29	-1	13.00	13.00
Fixation R	1	1	19242347055	19242691254	344199	495.48	449.23	20	29	-1	12.71	12.71
Saccade L	1	1	19242691254	19242715251	23997	484.29	448.35	562.12	457.20	1.65	127.05	0.50	68.64	5084.24	-4525.16	3447.65
Saccade R	1	1	19242691254	19242715251	23997	484.29	448.35	562.12	457.20	1.65	127.05	0.50	68.64	5084.24	-4525.16	3447.65
Fixation L	1	2	19242715251	19243179368	464117	565.56	451.01	17	26	-1	13.05	13.05
Fixation R	1	2	19242715251	19243179368	464117	565.56	451.01	17	26	-1	12.72	12.72
Saccade L	1	2	19243179368	19243213509	34141	561.67	462.75	640.67	460.29	1.73	94.67	0.41	50.74	3298.68	-3194.00	2285.25
Saccade R	1	2	19243179368	19243213509	34141	561.67	462.75	640.67	460.29	1.73	94.67	0.41	50.74	3298.68	-3194.00	2285.25
Fixation L	1	3	19243213509	19243813130	599621	647.42	450.02	17	26	-1	12.96	12.96
Fixation R	1	3	19243213509	19243813130	599621	647.42	450.02	17	26	-1	12.66	12.66
Saccade L	1	3	19243813130	19243849723	36593	650.74	439.61	731.52	453.40	1.84	97.61	0.56	50.15	3518.56	-3681.49	2583.77
Saccade R	1	3	19243813130	19243849723	36593	650.74	439.61	731.52	453.40	1.84	97.61	0.56	50.15	3518.56	-3681.49	2583.77
Fixation L	1	4	19243849723	19244590054	740331	742.80	450.61	24	34	-1	13.12	13.12
Fixation R	1	4	19243849723	19244590054	740331	742.80	450.61	24	34	-1	12.84	12.84
Saccade L	1	4	19244590054	19244620075	30021	747.46	435.65	820.51	432.57	1.56	96.56	0.40	51.91	4002.55	-3753.59	2786.70
Saccade R	1	4	19244590054	19244620075	30021	747.46	435.65	820.51	432.57	1.56	96.56	0.40	51.91	4002.55	-3753.59	2786.70
Fixation L	1	5	19244620075	19244858190	238115	823.04	440.33	19	32	-1	13.34	13.34
Fixation R	1	5	19244620075	19244858190	238115	823.04	440.33	19	32	-1	13.11	13.11
Saccade L	1	5	19244858190	19244894215	36025	823.05	458.75	920.86	453.28	2.18	135.96	0.33	60.38	5458.82	-4947.91	3353.01
Saccade R	1	5	19244858190	19244894215	36025	823.05	458.75	920.86	453.28	2.18	135.96	0.33	60.38	5458.82	-4947.91	3353.01
Fixation L	1	6	19244894215	19245042160	147945	924.35	458.54	10	17	-1	13.54	13.54
Fixation R	1	6	19244894215	19245042160	147945	924.35	458.54	10	17	-1	13.45	13.45
Saccade L	1	6	19245042160	19245066168	24008	922.05	447.99	997.22	446.03	1.59	117.28	0.50	66.29	4557.09	-4599.21	3193.52
Saccade R	1	6	19245042160	19245066168	24008	922.05	447.99	997.22	446.03	1.59	117.28	0.50	66.29	4557.09	-4599.21	3193.52
Fixation L	1	7	19245066168	19245312354	246186	991.86	454.08	14	18	-1	13.46	13.46
Fixation R	1	7	19245066168	19245312354	246186	991.86	454.08	14	18	-1	13.13	13.13
Saccade L	1	7	19245312354	19245354288	41934	987.16	462.27	1091.37	420.94	2.89	161.04	0.33	68.84	6430.82	-5820.16	3690.45
Saccade R	1	7	19245312354	19245354288	41934	987.16	462.27	1091.37	420.94	2.89	161.04	0.33	68.84	6430.82	-5820.16	3690.45
Fixation L	1	8	19245354288	19245810544	456256	1099.94	428.06	24	33	-1	13.26	13.26
Fixation R	1	8	19245354288	19245810544	456256	1099.94	428.06	24	33	-1	13.14	13.14
Saccade L	1	8	19245810544	19245860961	50417	1108.60	444.75	647.52	439.34	10.38	394.63	0.40	205.95	17242.61	-12422.40	10673.42
Saccade R	1	8	19245810544	19245860961	50417	1108.60	444.75	647.52	439.34	10.38	394.63	0.40	205.95	17242.61	-12422.40	10673.42
Fixation L	1	9	19245860961	19245972674	111713	635.75	445.24	20	8	-1	13.68	13.68
Fixation R	1	9	19245860961	19245972674	111713	635.75	445.24	20	8	-1	13.32	13.32
Saccade L	1	9	19245972674	19245998674	26000	637.49	447.30	551.91	449.00	1.80	132.11	0.46	69.10	5507.18	-5313.80	3908.18
Saccade R	1	9	19245972674	19245998674	26000	637.49	447.30	551.91	449.00	1.80	132.11	0.46	69.10	5507.18	-5313.80	3908.18
Fixation L	1	10	19245998674	19246124669	125995	555.99	452.84	13	21	-1	13.71	13.71
Fixation R	1	10	19245998674	19246124669	125995	555.99	452.84	13	21	-1	13.35	13.35
Saccade L	1	10	19246124669	19246196757	72088	559.05	439.63	877.28	1041.73	15.76	453.62	0.25	218.60	20041.92	-10264.66	9437.34
Saccade R	1	10	19246124669	19246196757	72088	559.05	439.63	877.28	1041.73	15.76	453.62	0.25	218.60	20041.92	-10264.66	9437.34
Fixation L	1	11	19246196757	19246688924	492167	886.09	1029.98	26	65	-1	13.97	13.97
Fixation R	1	11	19246196757	19246688924	492167	886.09	1029.98	26	65	-1	13.87	13.87
