[BeGaze]
Converted from:	C:\Program Files\SMI\Experiment Suite 360\Experiment Center 2\Results\RC-Attachment-Exp\P08-eye_data.idf
Date:	18.03.2012 20:07:28
Version:	BeGaze 3.0.181
Sample Rate:	500
Subject:	P08
Description:	Run13

Table Header for Fixations:
Event Type	Trial	Number	Start	End	Duration	Location X	Location Y	Dispersion X	Dispersion Y	Plane	Avg. Pupil Size X	Avg. Pupil Size Y

Table Header for Saccades:
Event Type	Trial	Number	Start	End	Duration	Start Loc.X	Start Loc.Y	End Loc.X	End Loc.Y	Amplitude	Peak Speed	Peak Speed At	Average Speed	Peak Accel.	Peak Decel.	Average Accel.

Table Header for Blinks:
Event Type	Trial	Number	Start	End	Duration

Table Header for User Events:
Event Type	Trial	Number	Start	Description

UserEvent	1	1	12170118167	# Message: RC-N2forced-nonanim-6.jpg
Fixation L	1	1	12170119532	12170699025	579493	478.43	472.27	24	41	-1	12.64	12.64
Fixation R	1	1	12170119532	12170699025	579493	478.43	472.27	24	41	-1	11.96	11.96
Saccade L	1	1	12170699025	12170721047	22022	480.71	480.85	533.03	482.23	1.10	82.29	0.55	49.89	3242.30	-3118.43	2176.17
Saccade R	1	1	12170699025	12170721047	22022	480.71	480.85	533.03	482.23	1.10	82.29	0.55	49.89	3242.30	-3118.43	2176.17
Fixation L	1	2	12170721047	12170861025	139978	531.16	478.28	16	10	-1	13.20	13.20
Fixation R	1	2	12170721047	12170861025	139978	531.16	478.28	16	10	-1	12.60	12.60
Saccade L	1	2	12170861025	12170889025	28000	531.06	481.29	598.83	482.22	1.50	94.55	0.58	53.46	3809.46	-3394.01	2634.28
Saccade R	1	2	12170861025	12170889025	28000	531.06	481.29	598.83	482.22	1.50	94.55	0.58	53.46	3809.46	-3394.01	2634.28
Fixation L	1	3	12170889025	12171187145	298120	612.41	479.32	58	25	-1	13.51	13.51
Fixation R	1	3	12170889025	12171187145	298120	612.41	479.32	58	25	-1	12.76	12.76
Saccade L	1	3	12171187145	12171211290	24145	630.44	494.45	725.88	485.87	2.08	168.99	0.51	85.98	6092.06	-6190.67	4198.52
Saccade R	1	3	12171187145	12171211290	24145	630.44	494.45	725.88	485.87	2.08	168.99	0.51	85.98	6092.06	-6190.67	4198.52
Fixation L	1	4	12171211290	12171365279	153989	719.16	484.09	24	21	-1	13.44	13.44
Fixation R	1	4	12171211290	12171365279	153989	719.16	484.09	24	21	-1	12.69	12.69
Saccade L	1	4	12171365279	12171393266	27987	724.94	486.61	783.35	494.41	1.30	77.95	0.50	46.60	2436.71	-3233.73	1993.16
Saccade R	1	4	12171365279	12171393266	27987	724.94	486.61	783.35	494.41	1.30	77.95	0.50	46.60	2436.71	-3233.73	1993.16
Fixation L	1	5	12171393266	12171547387	154121	788.43	495.47	22	23	-1	13.37	13.37
Fixation R	1	5	12171393266	12171547387	154121	788.43	495.47	22	23	-1	12.70	12.70
Fixation L	1	6	12171565558	12171709518	143960	832.39	491.36	22	17	-1	13.28	13.28
Fixation R	1	6	12171565558	12171709518	143960	832.39	491.36	22	17	-1	12.58	12.58
Saccade L	1	5	12171709518	12171733526	24008	842.54	483.64	895.78	490.72	1.15	78.98	0.50	47.78	2744.97	-3180.88	2102.92
Saccade R	1	5	12171709518	12171733526	24008	842.54	483.64	895.78	490.72	1.15	78.98	0.50	47.78	2744.97	-3180.88	2102.92
Fixation L	1	7	12171733526	12171903506	169980	910.41	490.50	31	35	-1	13.28	13.28
Fixation R	1	7	12171733526	12171903506	169980	910.41	490.50	31	35	-1	12.61	12.61
Saccade L	1	6	12171903506	12171937581	34075	905.27	485.91	984.18	491.57	1.76	89.14	0.47	51.61	3307.57	-3508.57	2456.18
Saccade R	1	6	12171903506	12171937581	34075	905.27	485.91	984.18	491.57	1.76	89.14	0.47	51.61	3307.57	-3508.57	2456.18
Fixation L	1	8	12171937581	12172115631	178050	979.55	491.34	16	18	-1	13.39	13.39
Fixation R	1	8	12171937581	12172115631	178050	979.55	491.34	16	18	-1	12.75	12.75
Saccade L	1	7	12172115631	12172143630	27999	985.02	489.26	1055.09	490.42	1.60	104.69	0.56	57.19	3631.19	-3987.14	2739.59
Saccade R	1	7	12172115631	12172143630	27999	985.02	489.26	1055.09	490.42	1.60	104.69	0.56	57.19	3631.19	-3987.14	2739.59
Fixation L	1	9	12172143630	12172627868	484238	1054.55	476.50	26	34	-1	13.27	13.27
Fixation R	1	9	12172143630	12172627868	484238	1054.55	476.50	26	34	-1	12.71	12.71
Saccade L	1	8	12172627868	12172652703	24835	1045.55	476.00	1106.70	479.29	1.29	84.13	0.52	51.85	3335.10	-3423.69	2400.19
Saccade R	1	8	12172627868	12172652703	24835	1045.55	476.00	1106.70	479.29	1.29	84.13	0.52	51.85	3335.10	-3423.69	2400.19
Fixation L	1	10	12172652703	12172761888	109185	1103.20	470.60	21	22	-1	13.71	13.71
Fixation R	1	10	12172652703	12172761888	109185	1103.20	470.60	21	22	-1	12.99	12.99
Saccade L	1	9	12172761888	12172787993	26105	1088.71	470.73	1166.99	474.50	1.71	118.59	0.59	65.57	4231.75	-4517.81	3188.23
Saccade R	1	9	12172761888	12172787993	26105	1088.71	470.73	1166.99	474.50	1.71	118.59	0.59	65.57	4231.75	-4517.81	3188.23
Fixation L	1	11	12172787993	12173428307	640314	1160.74	484.10	42	34	-1	14.10	14.10
Fixation R	1	11	12172787993	12173428307	640314	1160.74	484.10	42	34	-1	13.57	13.57
Saccade L	1	10	12173428307	12173516331	88024	1163.52	486.99	946.73	932.51	12.44	307.00	0.20	141.34	13379.58	-6459.39	4475.23
Saccade R	1	10	12173428307	12173516331	88024	1163.52	486.99	946.73	932.51	12.44	307.00	0.20	141.34	13379.58	-6459.39	4475.23
Fixation L	1	12	12173578298	12174024470	446172	901.16	967.05	21	30	-1	14.56	14.56
Fixation R	1	12	12173578298	12174024470	446172	901.16	967.05	21	30	-1	14.40	14.40
