[BeGaze]
Converted from:	C:\Program Files\SMI\Experiment Suite 360\Experiment Center 2\Results\RC-Attachment-Exp\P03-eye_data.idf
Date:	18.03.2012 20:04:41
Version:	BeGaze 3.0.181
Sample Rate:	500
Subject:	P03
Description:	Run8

Table Header for Fixations:
Event Type	Trial	Number	Start	End	Duration	Location X	Location Y	Dispersion X	Dispersion Y	Plane	Avg. Pupil Size X	Avg. Pupil Size Y

Table Header for Saccades:
Event Type	Trial	Number	Start	End	Duration	Start Loc.X	Start Loc.Y	End Loc.X	End Loc.Y	Amplitude	Peak Speed	Peak Speed At	Average Speed	Peak Accel.	Peak Decel.	Average Accel.

Table Header for Blinks:
Event Type	Trial	Number	Start	End	Duration

Table Header for User Events:
Event Type	Trial	Number	Start	Description

UserEvent	1	1	552530460	# Message: int-1.jpg
Fixation L	1	1	552542250	552806169	263919	453.83	412.41	23	28	-1	9.13	9.13
Fixation R	1	1	552542250	552806169	263919	453.83	412.41	23	28	-1	8.57	8.57
Saccade L	1	1	552806169	552842273	36104	459.55	425.62	615.62	433.17	3.35	170.70	0.50	92.88	7460.88	-7126.45	5346.60
Saccade R	1	1	552806169	552842273	36104	459.55	425.62	615.62	433.17	3.35	170.70	0.50	92.88	7460.88	-7126.45	5346.60
Fixation L	1	2	552842273	553066236	223963	612.58	436.47	14	19	-1	9.27	9.27
Fixation R	1	2	552842273	553066236	223963	612.58	436.47	14	19	-1	8.77	8.77
Saccade L	1	2	553066236	553094234	27998	610.19	437.61	504.48	445.67	2.28	149.14	0.55	81.51	6277.23	-6182.38	4526.29
Saccade R	1	2	553066236	553094234	27998	610.19	437.61	504.48	445.67	2.28	149.14	0.55	81.51	6277.23	-6182.38	4526.29
Fixation L	1	3	553094234	553276429	182195	518.20	447.50	24	20	-1	9.47	9.47
Fixation R	1	3	553094234	553276429	182195	518.20	447.50	24	20	-1	8.83	8.83
Saccade L	1	3	553276429	553322273	45844	519.39	451.78	613.55	448.71	2.20	98.17	0.61	47.93	3250.73	-3521.12	2169.38
Saccade R	1	3	553276429	553322273	45844	519.39	451.78	613.55	448.71	2.20	98.17	0.61	47.93	3250.73	-3521.12	2169.38
Fixation L	1	4	553322273	553626517	304244	604.01	444.59	22	17	-1	9.53	9.53
Fixation R	1	4	553322273	553626517	304244	604.01	444.59	22	17	-1	8.89	8.89
Saccade L	1	4	553626517	553658478	31961	600.43	439.46	715.04	437.35	2.51	153.38	0.38	78.41	6010.65	-6094.96	4306.41
Saccade R	1	4	553626517	553658478	31961	600.43	439.46	715.04	437.35	2.51	153.38	0.38	78.41	6010.65	-6094.96	4306.41
Fixation L	1	5	553658478	553958708	300230	710.52	443.87	28	17	-1	9.50	9.50
Fixation R	1	5	553658478	553958708	300230	710.52	443.87	28	17	-1	8.96	8.96
Saccade L	1	5	553958708	553992790	34082	710.49	450.86	822.78	437.65	2.58	147.13	0.41	75.57	6041.76	-6073.04	4407.94
Saccade R	1	5	553958708	553992790	34082	710.49	450.86	822.78	437.65	2.58	147.13	0.41	75.57	6041.76	-6073.04	4407.94
Fixation L	1	6	553992790	554266686	273896	821.62	445.15	13	21	-1	9.62	9.62
Fixation R	1	6	553992790	554266686	273896	821.62	445.15	13	21	-1	8.95	8.95
Saccade L	1	6	554266686	554300685	33999	824.39	435.10	938.22	445.02	2.57	133.39	0.38	75.64	5448.52	-5116.11	3874.39
Saccade R	1	6	554266686	554300685	33999	824.39	435.10	938.22	445.02	2.57	133.39	0.38	75.64	5448.52	-5116.11	3874.39
Fixation L	1	7	554300685	554538812	238127	943.09	441.00	18	23	-1	9.55	9.55
Fixation R	1	7	554300685	554538812	238127	943.09	441.00	18	23	-1	8.80	8.80
Saccade L	1	7	554538812	554586798	47986	944.77	434.12	1076.56	440.54	3.15	145.92	0.50	65.69	5388.22	-5473.23	3600.98
Saccade R	1	7	554538812	554586798	47986	944.77	434.12	1076.56	440.54	3.15	145.92	0.50	65.69	5388.22	-5473.23	3600.98
Fixation L	1	8	554586798	554879067	292269	1068.48	436.77	19	20	-1	9.63	9.63
Fixation R	1	8	554586798	554879067	292269	1068.48	436.77	19	20	-1	9.01	9.01
Saccade L	1	8	554879067	554911061	31994	1072.15	441.91	1214.14	421.81	3.10	173.54	0.44	96.88	7677.12	-7086.42	5408.85
Saccade R	1	8	554879067	554911061	31994	1072.15	441.91	1214.14	421.81	3.10	173.54	0.44	96.88	7677.12	-7086.42	5408.85
Fixation L	1	9	554911061	555131033	219972	1209.12	424.33	18	25	-1	9.55	9.55
Fixation R	1	9	554911061	555131033	219972	1209.12	424.33	18	25	-1	8.93	8.93
Saccade L	1	9	555131033	555194115	63082	1202.77	439.60	861.43	987.12	14.86	450.50	0.32	235.50	19684.08	-14548.58	11352.31
Saccade R	1	9	555131033	555194115	63082	1202.77	439.60	861.43	987.12	14.86	450.50	0.32	235.50	19684.08	-14548.58	11352.31
Fixation L	1	10	555194115	555329144	135029	845.21	984.76	28	50	-1	10.31	10.31
Fixation R	1	10	555194115	555329144	135029	845.21	984.76	28	50	-1	9.66	9.66
Saccade L	1	10	555329144	555357137	27993	846.79	957.31	828.65	996.71	0.89	45.90	0.36	31.85	1758.13	-1547.41	1187.13
Saccade R	1	10	555329144	555357137	27993	846.79	957.31	828.65	996.71	0.89	45.90	0.36	31.85	1758.13	-1547.41	1187.13
Saccade L	1	11	555371152	555407264	36112	827.46	998.51	678.39	963.74	3.36	165.07	0.50	93.16	7087.26	-7040.28	5138.24
Saccade R	1	11	555371152	555407264	36112	827.46	998.51	678.39	963.74	3.36	165.07	0.50	93.16	7087.26	-7040.28	5138.24
Saccade L	1	12	555415320	555445333	30013	677.05	961.30	666.61	1004.85	1.01	47.90	0.50	33.70	1611.50	-1301.40	970.34
Saccade R	1	12	555415320	555445333	30013	677.05	961.30	666.61	1004.85	1.01	47.90	0.50	33.70	1611.50	-1301.40	970.34
Fixation L	1	11	555445333	555579258	133925	672.69	979.92	18	42	-1	10.60	10.60
Fixation R	1	11	555445333	555579258	133925	672.69	979.92	18	42	-1	9.70	9.70
Saccade L	1	13	555579258	555603278	24020	675.13	995.93	634.43	992.72	0.83	49.59	0.45	34.59	1893.56	-1893.06	1393.09
Saccade R	1	13	555579258	555603278	24020	675.13	995.93	634.43	992.72	0.83	49.59	0.45	34.59	1893.56	-1893.06	1393.09
Fixation L	1	12	555603278	555789401	186123	629.04	1004.31	23	27	-1	10.41	10.41
Fixation R	1	12	555603278	555789401	186123	629.04	1004.31	23	27	-1	9.67	9.67
Saccade L	1	14	555789401	555837387	47986	620.72	995.68	842.33	1021.41	5.37	190.32	0.37	111.97	8318.78	-7728.94	5873.41
Saccade R	1	14	555789401	555837387	47986	620.72	995.68	842.33	1021.41	5.37	190.32	0.37	111.97	8318.78	-7728.94	5873.41
Saccade L	1	15	555873371	555927499	54128	843.55	990.51	999.38	962.42	5.00	248.23	0.26	92.34	10721.44	-9632.98	5004.60
Saccade R	1	15	555873371	555927499	54128	843.55	990.51	999.38	962.42	5.00	248.23	0.26	92.34	10721.44	-9632.98	5004.60
Fixation L	1	13	555927499	556159483	231984	1013.55	990.59	34	57	-1	9.90	9.90
Fixation R	1	13	555927499	556159483	231984	1013.55	990.59	34	57	-1	9.76	9.76
Saccade L	1	16	556159483	556191492	32009	998.31	1008.91	915.96	1014.98	1.83	93.90	0.50	57.29	3816.54	-3740.69	2789.03
Saccade R	1	16	556159483	556191492	32009	998.31	1008.91	915.96	1014.98	1.83	93.90	0.50	57.29	3816.54	-3740.69	2789.03
Fixation L	1	14	556191492	556339601	148109	920.66	996.48	24	38	-1	10.24	10.24
Fixation R	1	14	556191492	556339601	148109	920.66	996.48	24	38	-1	9.88	9.88
