[BeGaze]
Converted from:	C:\Program Files\SMI\Experiment Suite 360\Experiment Center 2\Results\RC-Attachment-Exp\P10-eye_data.idf
Date:	18.03.2012 20:08:16
Version:	BeGaze 3.0.181
Sample Rate:	500
Subject:	P10
Description:	Run15

Table Header for Fixations:
Event Type	Trial	Number	Start	End	Duration	Location X	Location Y	Dispersion X	Dispersion Y	Plane	Avg. Pupil Size X	Avg. Pupil Size Y

Table Header for Saccades:
Event Type	Trial	Number	Start	End	Duration	Start Loc.X	Start Loc.Y	End Loc.X	End Loc.Y	Amplitude	Peak Speed	Peak Speed At	Average Speed	Peak Accel.	Peak Decel.	Average Accel.

Table Header for Blinks:
Event Type	Trial	Number	Start	End	Duration

Table Header for User Events:
Event Type	Trial	Number	Start	Description

UserEvent	1	1	8345639643	# Message: Dist-srcop-12.jpg
Fixation L	1	1	8345642112	8345897321	255209	516.92	453.26	58	44	-1	10.87	10.87
Fixation R	1	1	8345642112	8345897321	255209	516.92	453.26	58	44	-1	10.75	10.75
Saccade L	1	1	8345897321	8345947321	50000	520.07	434.14	574.22	462.77	2.01	72.11	0.68	40.26	1640.68	-2629.72	1360.54
Saccade R	1	1	8345897321	8345947321	50000	520.07	434.14	574.22	462.77	2.01	72.11	0.68	40.26	1640.68	-2629.72	1360.54
Fixation L	1	2	8345947321	8346069353	122032	580.12	461.53	15	19	-1	11.00	11.00
Fixation R	1	2	8345947321	8346069353	122032	580.12	461.53	15	19	-1	10.76	10.76
Saccade L	1	2	8346069353	8346097378	28025	585.59	466.61	674.94	466.22	2.04	135.94	0.50	72.96	5328.11	-5746.22	3990.77
Saccade R	1	2	8346069353	8346097378	28025	585.59	466.61	674.94	466.22	2.04	135.94	0.50	72.96	5328.11	-5746.22	3990.77
Fixation L	1	3	8346097378	8346273439	176061	674.16	465.03	15	27	-1	11.15	11.15
Fixation R	1	3	8346097378	8346273439	176061	674.16	465.03	15	27	-1	10.86	10.86
Saccade L	1	3	8346273439	8346306410	32971	678.43	449.67	856.22	462.43	3.96	240.74	0.55	120.08	10016.45	-10493.18	7502.30
Saccade R	1	3	8346273439	8346306410	32971	678.43	449.67	856.22	462.43	3.96	240.74	0.55	120.08	10016.45	-10493.18	7502.30
Fixation L	1	4	8346306410	8346581580	275170	859.44	451.01	15	23	-1	10.95	10.95
Fixation R	1	4	8346306410	8346581580	275170	859.44	451.01	15	23	-1	10.95	10.95
Saccade L	1	4	8346581580	8346609594	28014	860.18	446.08	963.02	445.87	2.20	154.58	0.43	78.62	6308.66	-6069.17	4475.03
Saccade R	1	4	8346581580	8346609594	28014	860.18	446.08	963.02	445.87	2.20	154.58	0.43	78.62	6308.66	-6069.17	4475.03
Fixation L	1	5	8346609594	8346859700	250106	969.06	444.95	26	26	-1	10.73	10.73
Fixation R	1	5	8346609594	8346859700	250106	969.06	444.95	26	26	-1	10.80	10.80
Saccade L	1	5	8346859700	8346891681	31981	970.28	448.55	1075.42	457.96	2.30	142.37	0.44	71.84	5165.31	-5678.05	3981.75
Saccade R	1	5	8346859700	8346891681	31981	970.28	448.55	1075.42	457.96	2.30	142.37	0.44	71.84	5165.31	-5678.05	3981.75
Fixation L	1	6	8346891681	8347087799	196118	1078.78	442.31	26	30	-1	10.73	10.73
Fixation R	1	6	8346891681	8347087799	196118	1078.78	442.31	26	30	-1	10.85	10.85
Saccade L	1	6	8347087799	8347119800	32001	1090.25	431.93	1176.37	449.80	1.95	120.75	0.38	60.89	4971.77	-4482.77	3326.83
Saccade R	1	6	8347087799	8347119800	32001	1090.25	431.93	1176.37	449.80	1.95	120.75	0.38	60.89	4971.77	-4482.77	3326.83
Fixation L	1	7	8347119800	8347243921	124121	1184.83	452.34	27	14	-1	10.72	10.72
Fixation R	1	7	8347119800	8347243921	124121	1184.83	452.34	27	14	-1	10.78	10.78
Saccade L	1	7	8347243921	8347306753	62832	1165.51	449.61	896.19	961.88	15.17	512.66	0.52	241.50	18291.18	-21009.69	13331.04
Saccade R	1	7	8347243921	8347306753	62832	1165.51	449.61	896.19	961.88	15.17	512.66	0.52	241.50	18291.18	-21009.69	13331.04
Saccade L	1	8	8347340116	8347369932	29816	890.98	956.38	914.63	952.98	0.84	40.36	0.53	28.22	1279.77	-593.39	716.37
Saccade R	1	8	8347340116	8347369932	29816	890.98	956.38	914.63	952.98	0.84	40.36	0.53	28.22	1279.77	-593.39	716.37
Fixation L	1	8	8347369932	8347516066	146134	908.03	957.62	26	44	-1	11.09	11.09
Fixation R	1	8	8347369932	8347516066	146134	908.03	957.62	26	44	-1	10.97	10.97
Saccade L	1	9	8347516066	8347540736	24670	924.95	970.76	897.11	941.89	0.82	48.70	0.40	33.14	1486.89	-1365.30	1058.66
Saccade R	1	9	8347516066	8347540736	24670	924.95	970.76	897.11	941.89	0.82	48.70	0.40	33.14	1486.89	-1365.30	1058.66
Fixation L	1	9	8347540736	8347775421	234685	916.54	930.03	32	37	-1	11.07	11.07
Fixation R	1	9	8347540736	8347775421	234685	916.54	930.03	32	37	-1	11.28	11.28
