[BeGaze]
Converted from:	C:\Program Files\SMI\Experiment Suite 360\Experiment Center 2\Results\RC-Attachment-Exp\P01-eye_data.idf
Date:	24.02.2012 09:57:19
Version:	BeGaze 3.0.181
Sample Rate:	500
Subject:	P01
Description:	Run1

Table Header for Fixations:
Event Type	Trial	Number	Start	End	Duration	Location X	Location Y	Dispersion X	Dispersion Y	Plane	Avg. Pupil Size X	Avg. Pupil Size Y

Table Header for Saccades:
Event Type	Trial	Number	Start	End	Duration	Start Loc.X	Start Loc.Y	End Loc.X	End Loc.Y	Amplitude	Peak Speed	Peak Speed At	Average Speed	Peak Accel.	Peak Decel.	Average Accel.

Table Header for Blinks:
Event Type	Trial	Number	Start	End	Duration

Table Header for User Events:
Event Type	Trial	Number	Start	Description

UserEvent	1	1	2348360730	# Message: RC-nonforced-anim-5.jpg
Saccade L	1	1	2348401502	2348437501	35999	565.42	495.25	521.36	465.15	1.02	40.86	0.50	28.46	1254.46	-1235.34	922.12
Saccade R	1	1	2348401502	2348437501	35999	565.42	495.25	521.36	465.15	1.02	40.86	0.50	28.46	1254.46	-1235.34	922.12
Fixation L	1	1	2348437501	2348519487	81986	544.75	466.12	32	16	-1	11.17	11.17
Fixation R	1	1	2348437501	2348519487	81986	544.75	466.12	32	16	-1	10.93	10.93
Saccade L	1	2	2348519487	2348557587	38100	540.29	455.36	419.47	412.36	3.22	217.34	0.31	84.57	8036.40	-8294.48	5474.61
Saccade R	1	2	2348519487	2348557587	38100	540.29	455.36	419.47	412.36	3.22	217.34	0.31	84.57	8036.40	-8294.48	5474.61
Saccade L	1	3	2348571589	2348625073	53484	420.23	416.50	535.41	469.38	3.65	240.50	0.22	68.24	8914.36	-8252.66	4088.56
Saccade R	1	3	2348571589	2348625073	53484	420.23	416.50	535.41	469.38	3.65	240.50	0.22	68.24	8914.36	-8252.66	4088.56
Fixation L	1	2	2348625073	2348719585	94512	522.14	495.53	21	40	-1	11.25	11.25
Fixation R	1	2	2348625073	2348719585	94512	522.14	495.53	21	40	-1	11.11	11.11
Saccade L	1	4	2348719585	2348761582	41997	521.09	504.23	592.14	484.87	2.32	120.95	0.62	55.16	4085.34	-4716.64	3103.05
Saccade R	1	4	2348719585	2348761582	41997	521.09	504.23	592.14	484.87	2.32	120.95	0.62	55.16	4085.34	-4716.64	3103.05
Fixation L	1	3	2348761582	2348943719	182137	600.11	483.25	32	16	-1	11.33	11.33
Fixation R	1	3	2348761582	2348943719	182137	600.11	483.25	32	16	-1	11.18	11.18
Saccade L	1	5	2348943719	2348983716	39997	590.46	476.79	649.65	476.75	1.56	88.62	0.30	39.04	3093.62	-3141.47	2051.74
Saccade R	1	5	2348943719	2348983716	39997	590.46	476.79	649.65	476.75	1.56	88.62	0.30	39.04	3093.62	-3141.47	2051.74
Fixation L	1	4	2348983716	2349195840	212124	658.36	476.18	24	24	-1	11.41	11.41
Fixation R	1	4	2348983716	2349195840	212124	658.36	476.18	24	24	-1	11.35	11.35
Saccade L	1	6	2349195840	2349235836	39996	659.80	476.10	732.26	482.88	1.97	114.32	0.60	49.16	3911.34	-4380.06	2500.50
Saccade R	1	6	2349195840	2349235836	39996	659.80	476.10	732.26	482.88	1.97	114.32	0.60	49.16	3911.34	-4380.06	2500.50
Fixation L	1	5	2349235836	2349287809	51973	739.62	494.06	10	20	-1	11.31	11.31
Fixation R	1	5	2349235836	2349287809	51973	739.62	494.06	10	20	-1	11.16	11.16
Saccade L	1	7	2349287809	2349335811	48002	740.13	500.01	741.75	477.27	0.98	41.72	0.54	20.46	1012.14	-774.82	554.17
Saccade R	1	7	2349287809	2349335811	48002	740.13	500.01	741.75	477.27	0.98	41.72	0.54	20.46	1012.14	-774.82	554.17
Saccade L	1	8	2349409994	2349447939	37945	717.88	488.79	829.64	499.65	2.13	140.84	0.26	56.20	4273.28	-5225.02	2781.62
Saccade R	1	8	2349409994	2349447939	37945	717.88	488.79	829.64	499.65	2.13	140.84	0.26	56.20	4273.28	-5225.02	2781.62
Fixation L	1	6	2349447939	2349842085	394146	842.50	506.72	27	39	-1	11.43	11.43
Fixation R	1	6	2349447939	2349842085	394146	842.50	506.72	27	39	-1	11.21	11.21
Saccade L	1	9	2349842085	2349880166	38081	850.05	510.13	904.81	497.47	1.19	71.66	0.31	31.34	2675.40	-2539.59	1525.39
Saccade R	1	9	2349842085	2349880166	38081	850.05	510.13	904.81	497.47	1.19	71.66	0.31	31.34	2675.40	-2539.59	1525.39
Fixation L	1	7	2349880166	2350076171	196005	906.44	508.04	16	20	-1	11.49	11.49
Fixation R	1	7	2349880166	2350076171	196005	906.44	508.04	16	20	-1	11.35	11.35
Saccade L	1	10	2350076171	2350106171	30000	906.72	503.30	993.07	514.01	1.88	123.27	0.53	62.56	5331.63	-5137.24	3825.38
Saccade R	1	10	2350076171	2350106171	30000	906.72	503.30	993.07	514.01	1.88	123.27	0.53	62.56	5331.63	-5137.24	3825.38
Fixation L	1	8	2350106171	2350354290	248119	993.60	513.52	17	25	-1	11.45	11.45
Fixation R	1	8	2350106171	2350354290	248119	993.60	513.52	17	25	-1	11.28	11.28
Saccade L	1	11	2350354290	2350396280	41990	1000.94	506.23	1073.34	438.14	3.07	168.14	0.39	73.23	6739.24	-4738.90	3226.84
Saccade R	1	11	2350354290	2350396280	41990	1000.94	506.23	1073.34	438.14	3.07	168.14	0.39	73.23	6739.24	-4738.90	3226.84
Fixation L	1	9	2350412394	2350542389	129995	1073.93	470.61	59	38	-1	11.29	11.29
Fixation R	1	9	2350412394	2350542389	129995	1073.93	470.61	59	38	-1	11.25	11.25
Saccade L	1	12	2350542389	2350574468	32079	1103.39	457.09	1051.67	474.65	1.20	73.40	0.44	37.26	2928.66	-2916.65	2086.50
Saccade R	1	12	2350542389	2350574468	32079	1103.39	457.09	1051.67	474.65	1.20	73.40	0.44	37.26	2928.66	-2916.65	2086.50
Fixation L	1	10	2350574468	2350634473	60005	1073.17	469.25	41	10	-1	11.25	11.25
Fixation R	1	10	2350574468	2350634473	60005	1073.17	469.25	41	10	-1	11.23	11.23
Saccade L	1	13	2350634473	2350694631	60158	1094.01	468.77	1038.96	468.58	1.82	94.56	0.73	30.27	3481.06	-3600.22	1506.84
Saccade R	1	13	2350634473	2350694631	60158	1094.01	468.77	1038.96	468.58	1.82	94.56	0.73	30.27	3481.06	-3600.22	1506.84
Saccade L	1	14	2350700385	2350750510	50125	1039.38	466.81	1091.13	451.81	1.37	44.96	0.60	27.29	937.86	-1856.32	936.53
Saccade R	1	14	2350700385	2350750510	50125	1039.38	466.81	1091.13	451.81	1.37	44.96	0.60	27.29	937.86	-1856.32	936.53
Fixation L	1	11	2350750510	2350952505	201995	1090.70	459.97	35	24	-1	11.45	11.45
Fixation R	1	11	2350750510	2350952505	201995	1090.70	459.97	35	24	-1	11.40	11.40
Saccade L	1	15	2350952505	2351004625	52120	1068.40	473.30	1022.90	435.99	1.47	45.41	0.66	28.25	545.51	-1403.72	602.56
Saccade R	1	15	2350952505	2351004625	52120	1068.40	473.30	1022.90	435.99	1.47	45.41	0.66	28.25	545.51	-1403.72	602.56
Fixation L	1	12	2351004625	2351068639	64014	1004.45	435.54	33	15	-1	11.33	11.33
Fixation R	1	12	2351004625	2351068639	64014	1004.45	435.54	33	15	-1	11.30	11.30
Saccade L	1	16	2351068639	2351098623	29984	989.19	426.71	1142.81	427.39	3.44	259.25	0.40	114.68	10297.63	-10544.56	7492.04
Saccade R	1	16	2351068639	2351098623	29984	989.19	426.71	1142.81	427.39	3.44	259.25	0.40	114.68	10297.63	-10544.56	7492.04
Fixation L	1	13	2351098623	2351216669	118046	1140.60	441.18	17	41	-1	11.38	11.38
Fixation R	1	13	2351098623	2351216669	118046	1140.60	441.18	17	41	-1	11.30	11.30
Blink L	1	1	2351216669	2351320740	104071
Blink R	1	1	2351216669	2351320740	104071
Fixation L	1	14	2351320740	2351376731	55991	0.00	0.17	0	1	-1	0.64	0.64
Fixation R	1	14	2351320740	2351376731	55991	0.00	0.17	0	1	-1	0.64	0.64
Saccade L	1	17	2351376731	2351430746	54015	0.00	0.00	1008.62	738.76	38.56	2477.33	0.22	713.89	93326.86	-75775.61	40694.63
Saccade R	1	17	2351376731	2351430746	54015	0.00	0.00	1008.62	738.76	38.56	2477.33	0.22	713.89	93326.86	-75775.61	40694.63
Fixation L	1	15	2351526725	2352026979	500254	936.12	931.86	50	31	-1	11.28	11.28
Fixation R	1	15	2351526725	2352026979	500254	936.12	931.86	50	31	-1	11.16	11.16
