[BeGaze]
Converted from:	C:\Program Files\SMI\Experiment Suite 360\Experiment Center 2\Results\RC-Attachment-Exp\P06-eye_data.idf
Date:	18.03.2012 20:06:18
Version:	BeGaze 3.0.181
Sample Rate:	500
Subject:	P06
Description:	kibrisli

Table Header for Fixations:
Event Type	Trial	Number	Start	End	Duration	Location X	Location Y	Dispersion X	Dispersion Y	Plane	Avg. Pupil Size X	Avg. Pupil Size Y

Table Header for Saccades:
Event Type	Trial	Number	Start	End	Duration	Start Loc.X	Start Loc.Y	End Loc.X	End Loc.Y	Amplitude	Peak Speed	Peak Speed At	Average Speed	Peak Accel.	Peak Decel.	Average Accel.

Table Header for Blinks:
Event Type	Trial	Number	Start	End	Duration

Table Header for User Events:
Event Type	Trial	Number	Start	Description

UserEvent	1	1	7170098075	# Message: Questionnaire18.jpg
Blink L	1	1	7170109981	7170271524	161543
Blink R	1	1	7170109981	7170271524	161543
Saccade L	1	1	7170271524	7170315960	44436	813.61	874.85	860.48	904.08	1.31	42.06	0.33	29.44	799.01	-941.25	618.81
Saccade R	1	1	7170271524	7170315960	44436	813.61	874.85	860.48	904.08	1.31	42.06	0.33	29.44	799.01	-941.25	618.81
Fixation L	1	1	7170315960	7170497616	181656	851.26	912.02	32	16	-1	12.27	12.27
Fixation R	1	1	7170315960	7170497616	181656	851.26	912.02	32	16	-1	13.04	13.04
Saccade L	1	2	7170497616	7170565627	68011	843.70	914.23	328.20	335.91	17.75	506.58	0.26	261.00	22463.12	-10837.76	10860.01
Saccade R	1	2	7170497616	7170565627	68011	843.70	914.23	328.20	335.91	17.75	506.58	0.26	261.00	22463.12	-10837.76	10860.01
Fixation L	1	2	7170565627	7170773736	208109	349.04	347.07	41	48	-1	12.80	12.80
Fixation R	1	2	7170565627	7170773736	208109	349.04	347.07	41	48	-1	12.77	12.77
Saccade L	1	3	7170773736	7170815734	41998	353.97	348.39	532.92	358.19	3.93	187.11	0.29	93.59	7933.73	-6298.89	4821.19
Saccade R	1	3	7170773736	7170815734	41998	353.97	348.39	532.92	358.19	3.93	187.11	0.29	93.59	7933.73	-6298.89	4821.19
Fixation L	1	3	7170815734	7171027855	212121	539.10	367.51	24	68	-1	13.08	13.08
Fixation R	1	3	7170815734	7171027855	212121	539.10	367.51	24	68	-1	13.24	13.24
Saccade L	1	4	7171027855	7171061866	34011	553.79	407.20	588.46	387.39	1.38	82.00	0.35	40.52	3368.53	-2501.81	1866.93
Saccade R	1	4	7171027855	7171061866	34011	553.79	407.20	588.46	387.39	1.38	82.00	0.35	40.52	3368.53	-2501.81	1866.93
Fixation L	1	4	7171061866	7171225999	164133	606.47	386.78	41	15	-1	13.75	13.75
Fixation R	1	4	7171061866	7171225999	164133	606.47	386.78	41	15	-1	13.92	13.92
Saccade L	1	5	7171225999	7171267980	41981	629.08	395.71	690.77	382.15	1.62	51.81	0.34	38.48	1560.14	-1791.23	1225.80
Saccade R	1	5	7171225999	7171267980	41981	629.08	395.71	690.77	382.15	1.62	51.81	0.34	38.48	1560.14	-1791.23	1225.80
Fixation L	1	5	7171267980	7171419997	152017	693.65	386.99	13	16	-1	14.18	14.18
Fixation R	1	5	7171267980	7171419997	152017	693.65	386.99	13	16	-1	14.37	14.37
Saccade L	1	6	7171419997	7171444118	24121	692.56	389.34	750.67	392.52	1.24	90.29	0.50	51.52	3285.89	-3392.75	2344.32
Saccade R	1	6	7171419997	7171444118	24121	692.56	389.34	750.67	392.52	1.24	90.29	0.50	51.52	3285.89	-3392.75	2344.32
Fixation L	1	6	7171444118	7171572363	128245	764.99	390.03	33	21	-1	14.71	14.71
Fixation R	1	6	7171444118	7171572363	128245	764.99	390.03	33	21	-1	14.73	14.73
Saccade L	1	7	7171572363	7171616101	43738	786.84	387.56	582.18	425.33	4.72	223.63	0.31	107.96	9588.37	-8660.42	6224.73
Saccade R	1	7	7171572363	7171616101	43738	786.84	387.56	582.18	425.33	4.72	223.63	0.31	107.96	9588.37	-8660.42	6224.73
Saccade L	1	8	7171630156	7171654141	23985	586.33	431.54	575.57	398.18	0.74	40.01	0.33	30.86	1037.02	-1353.64	912.18
Saccade R	1	8	7171630156	7171654141	23985	586.33	431.54	575.57	398.18	0.74	40.01	0.33	30.86	1037.02	-1353.64	912.18
Fixation L	1	7	7171654141	7171946256	292115	583.60	421.45	32	55	-1	15.37	15.37
Fixation R	1	7	7171654141	7171946256	292115	583.60	421.45	32	55	-1	15.00	15.00
Saccade L	1	9	7171946256	7171974218	27962	592.07	449.10	544.49	406.10	1.32	75.20	0.43	47.38	3071.15	-2816.86	2148.86
Saccade R	1	9	7171946256	7171974218	27962	592.07	449.10	544.49	406.10	1.32	75.20	0.43	47.38	3071.15	-2816.86	2148.86
Fixation L	1	8	7171974218	7172146343	172125	534.08	394.78	51	17	-1	15.55	15.55
Fixation R	1	8	7171974218	7172146343	172125	534.08	394.78	51	17	-1	15.15	15.15
Saccade L	1	10	7172146343	7172192417	46074	511.05	389.68	746.31	381.43	5.84	252.05	0.48	126.71	10906.97	-10427.97	7451.23
Saccade R	1	10	7172146343	7172192417	46074	511.05	389.68	746.31	381.43	5.84	252.05	0.48	126.71	10906.97	-10427.97	7451.23
Fixation L	1	9	7172192417	7172376459	184042	759.41	378.68	62	23	-1	15.51	15.51
Fixation R	1	9	7172192417	7172376459	184042	759.41	378.68	62	23	-1	15.12	15.12
Saccade L	1	11	7172376459	7172400469	24010	719.04	365.37	817.82	385.64	2.19	169.47	0.50	91.20	6428.76	-6835.46	4686.58
Saccade R	1	11	7172376459	7172400469	24010	719.04	365.37	817.82	385.64	2.19	169.47	0.50	91.20	6428.76	-6835.46	4686.58
Fixation L	1	10	7172400469	7172648589	248120	850.23	379.99	70	22	-1	15.43	15.43
Fixation R	1	10	7172400469	7172648589	248120	850.23	379.99	70	22	-1	15.19	15.19
Saccade L	1	12	7172648589	7172670580	21991	884.70	372.79	901.27	403.92	0.70	43.59	0.45	31.84	1598.17	-1451.41	1059.61
Saccade R	1	12	7172648589	7172670580	21991	884.70	372.79	901.27	403.92	0.70	43.59	0.45	31.84	1598.17	-1451.41	1059.61
Saccade L	1	13	7172702578	7172776578	74000	910.20	408.75	375.71	500.33	13.21	387.56	0.46	178.47	15977.87	-12239.32	8102.57
Saccade R	1	13	7172702578	7172776578	74000	910.20	408.75	375.71	500.33	13.21	387.56	0.46	178.47	15977.87	-12239.32	8102.57
Fixation L	1	11	7172776578	7172886981	110403	360.85	481.38	49	30	-1	15.37	15.37
Fixation R	1	11	7172776578	7172886981	110403	360.85	481.38	49	30	-1	14.90	14.90
Saccade L	1	14	7172886981	7172928698	41717	343.38	474.48	396.81	502.03	1.36	41.36	0.47	32.51	1293.36	-646.74	626.89
Saccade R	1	14	7172886981	7172928698	41717	343.38	474.48	396.81	502.03	1.36	41.36	0.47	32.51	1293.36	-646.74	626.89
Saccade L	1	15	7172928698	7172958547	29849	396.81	502.03	407.15	536.86	0.91	40.16	0.47	30.62	384.46	-911.44	462.17
Saccade R	1	15	7172928698	7172958547	29849	396.81	502.03	407.15	536.86	0.91	40.16	0.47	30.62	384.46	-911.44	462.17
Saccade L	1	16	7172965199	7172992708	27509	401.50	542.02	366.18	482.69	1.51	99.61	0.49	55.04	3391.04	-4120.67	2655.86
Saccade R	1	16	7172965199	7172992708	27509	401.50	542.02	366.18	482.69	1.51	99.61	0.49	55.04	3391.04	-4120.67	2655.86
Fixation L	1	12	7172992708	7173072833	80125	357.36	477.05	14	12	-1	15.30	15.30
Fixation R	1	12	7172992708	7173072833	80125	357.36	477.05	14	12	-1	14.73	14.73
Saccade L	1	17	7173072833	7173096819	23986	359.88	470.21	389.13	496.39	0.80	47.92	0.48	33.21	1514.19	-1385.16	1008.64
Saccade R	1	17	7173072833	7173096819	23986	359.88	470.21	389.13	496.39	0.80	47.92	0.48	33.21	1514.19	-1385.16	1008.64
Fixation L	1	13	7173096819	7173795076	698257	382.14	490.71	51	48	-1	14.66	14.66
Fixation R	1	13	7173096819	7173795076	698257	382.14	490.71	51	48	-1	14.52	14.52
Saccade L	1	18	7173795076	7173817084	22008	352.33	481.95	396.23	489.48	0.90	64.78	0.48	40.70	1424.99	-2291.24	1308.94
Saccade R	1	18	7173795076	7173817084	22008	352.33	481.95	396.23	489.48	0.90	64.78	0.48	40.70	1424.99	-2291.24	1308.94
Fixation L	1	14	7173817084	7174015178	198094	396.14	504.02	11	29	-1	14.18	14.18
Fixation R	1	14	7173817084	7174015178	198094	396.14	504.02	11	29	-1	14.18	14.18
Saccade L	1	19	7174015178	7174053201	38023	398.98	520.09	492.50	431.25	3.10	192.32	0.32	81.64	7776.92	-6198.99	4314.42
Saccade R	1	19	7174015178	7174053201	38023	398.98	520.09	492.50	431.25	3.10	192.32	0.32	81.64	7776.92	-6198.99	4314.42
Fixation L	1	15	7174053201	7174325306	272105	495.31	420.34	36	29	-1	14.28	14.28
Fixation R	1	15	7174053201	7174325306	272105	495.31	420.34	36	29	-1	14.27	14.27
Saccade L	1	20	7174325306	7174353297	27991	475.20	403.24	534.87	398.49	1.30	82.47	0.43	46.57	2184.52	-3167.57	1933.90
Saccade R	1	20	7174325306	7174353297	27991	475.20	403.24	534.87	398.49	1.30	82.47	0.43	46.57	2184.52	-3167.57	1933.90
Fixation L	1	16	7174353297	7174501420	148123	525.61	404.59	22	42	-1	14.42	14.42
Fixation R	1	16	7174353297	7174501420	148123	525.61	404.59	22	42	-1	14.48	14.48
UserEvent	1	107	7174456530	# Message: UE-mouseclick left x=361 y=437
Saccade L	1	21	7174501420	7174529437	28017	522.17	402.76	404.63	404.45	2.61	181.72	0.43	93.31	7619.17	-6984.62	5308.20
Saccade R	1	21	7174501420	7174529437	28017	522.17	402.76	404.63	404.45	2.61	181.72	0.43	93.31	7619.17	-6984.62	5308.20
Fixation L	1	17	7174529437	7174861541	332104	416.12	404.19	23	35	-1	14.44	14.44
Fixation R	1	17	7174529437	7174861541	332104	416.12	404.19	23	35	-1	14.33	14.33
Saccade L	1	22	7174861541	7174907576	46035	407.96	393.88	385.14	581.28	4.42	246.80	0.31	96.04	9269.30	-7990.35	5156.47
Saccade R	1	22	7174861541	7174907576	46035	407.96	393.88	385.14	581.28	4.42	246.80	0.31	96.04	9269.30	-7990.35	5156.47
Saccade L	1	23	7174921651	7174943663	22012	388.10	580.19	360.35	566.08	0.67	41.00	0.54	30.62	1393.43	-547.51	688.14
Saccade R	1	23	7174921651	7174943663	22012	388.10	580.19	360.35	566.08	0.67	41.00	0.54	30.62	1393.43	-547.51	688.14
Saccade L	1	24	7174947540	7174969667	22127	355.68	564.72	401.82	578.38	0.88	64.24	0.59	39.92	1318.96	-1415.22	999.49
Saccade R	1	24	7174947540	7174969667	22127	355.68	564.72	401.82	578.38	0.88	64.24	0.59	39.92	1318.96	-1415.22	999.49
Saccade L	1	25	7175099661	7175129660	29999	352.94	540.30	391.16	589.43	1.28	65.24	0.40	42.61	1761.19	-2266.36	1552.48
Saccade R	1	25	7175099661	7175129660	29999	352.94	540.30	391.16	589.43	1.28	65.24	0.40	42.61	1761.19	-2266.36	1552.48
Fixation L	1	18	7175129660	7175399784	270124	357.76	558.46	56	55	-1	14.34	14.34
Fixation R	1	18	7175129660	7175399784	270124	357.76	558.46	56	55	-1	14.26	14.26
Saccade L	1	26	7175399784	7175427794	28010	377.04	577.15	344.16	549.99	0.89	45.51	0.36	31.63	1564.97	-1211.51	1009.09
Saccade R	1	26	7175399784	7175427794	28010	377.04	577.15	344.16	549.99	0.89	45.51	0.36	31.63	1564.97	-1211.51	1009.09
Fixation L	1	19	7175427794	7175625900	198106	367.69	567.17	37	34	-1	14.00	14.00
Fixation R	1	19	7175427794	7175625900	198106	367.69	567.17	37	34	-1	13.94	13.94
UserEvent	1	134	7175513715	# Message: UE-mouseclick left x=363 y=528
