[BeGaze]
Converted from:	C:\Program Files\SMI\Experiment Suite 360\Experiment Center 2\Results\RC-Attachment-Exp\P06-eye_data.idf
Date:	18.03.2012 20:06:13
Version:	BeGaze 3.0.181
Sample Rate:	500
Subject:	P06
Description:	kibrisli

Table Header for Fixations:
Event Type	Trial	Number	Start	End	Duration	Location X	Location Y	Dispersion X	Dispersion Y	Plane	Avg. Pupil Size X	Avg. Pupil Size Y

Table Header for Saccades:
Event Type	Trial	Number	Start	End	Duration	Start Loc.X	Start Loc.Y	End Loc.X	End Loc.Y	Amplitude	Peak Speed	Peak Speed At	Average Speed	Peak Accel.	Peak Decel.	Average Accel.

Table Header for Blinks:
Event Type	Trial	Number	Start	End	Duration

Table Header for User Events:
Event Type	Trial	Number	Start	Description

UserEvent	1	1	7041090689	# Message: Dist-srcop-18.jpg
Fixation L	1	1	7041093247	7041249913	156666	478.37	431.39	20	24	-1	11.01	11.01
Fixation R	1	1	7041093247	7041249913	156666	478.37	431.39	20	24	-1	11.34	11.34
Saccade L	1	1	7041249913	7041281945	32032	473.95	435.42	469.79	358.97	1.93	127.22	0.62	60.31	4357.65	-4693.91	3182.22
Saccade R	1	1	7041249913	7041281945	32032	473.95	435.42	469.79	358.97	1.93	127.22	0.62	60.31	4357.65	-4693.91	3182.22
Saccade L	1	2	7041331913	7041359918	28005	435.13	369.93	452.20	372.29	1.41	68.69	0.43	50.36	1705.37	-2116.32	1546.40
Saccade R	1	2	7041331913	7041359918	28005	435.13	369.93	452.20	372.29	1.41	68.69	0.43	50.36	1705.37	-2116.32	1546.40
Saccade L	1	3	7041367932	7041430091	62159	447.93	369.31	472.13	418.26	18.84	893.89	0.42	303.12	32187.44	-25001.28	13900.57
Saccade R	1	3	7041367932	7041430091	62159	447.93	369.31	472.13	418.26	18.84	893.89	0.42	303.12	32187.44	-25001.28	13900.57
Saccade L	1	4	7041430091	7041462038	31947	472.13	418.26	505.01	446.38	5.50	251.20	0.56	172.24	7710.02	-11384.49	5873.95
Saccade R	1	4	7041430091	7041462038	31947	472.13	418.26	505.01	446.38	5.50	251.20	0.56	172.24	7710.02	-11384.49	5873.95
Blink L	1	1	7041476052	7041500878	24826
Blink R	1	1	7041476052	7041500878	24826
Saccade L	1	5	7041528032	7041556037	28005	494.97	448.06	494.37	376.20	1.57	107.39	0.36	55.97	2162.33	-9335.06	2998.91
Saccade R	1	5	7041528032	7041556037	28005	494.97	448.06	494.37	376.20	1.57	107.39	0.36	55.97	2162.33	-9335.06	2998.91
Fixation L	1	2	7041556037	7041618030	61993	501.29	380.14	16	10	-1	10.69	10.69
Fixation R	1	2	7041556037	7041618030	61993	501.29	380.14	16	10	-1	11.05	11.05
Saccade L	1	6	7041618030	7041640063	22033	509.57	383.97	564.40	387.93	1.04	86.90	0.58	47.30	3162.00	-1248.45	1539.55
Saccade R	1	6	7041618030	7041640063	22033	509.57	383.97	564.40	387.93	1.04	86.90	0.58	47.30	3162.00	-1248.45	1539.55
Saccade L	1	7	7041640063	7041682157	42094	564.40	387.93	539.47	377.55	1.29	70.41	0.24	30.66	2213.30	-1230.72	665.26
Saccade R	1	7	7041640063	7041682157	42094	564.40	387.93	539.47	377.55	1.29	70.41	0.24	30.66	2213.30	-1230.72	665.26
Saccade L	1	8	7041682157	7041748152	65995	539.47	377.55	468.35	457.90	4.64	171.94	0.76	70.27	4885.69	-6279.59	2717.97
Saccade R	1	8	7041682157	7041748152	65995	539.47	377.55	468.35	457.90	4.64	171.94	0.76	70.27	4885.69	-6279.59	2717.97
Saccade L	1	9	7041770153	7041830165	60012	482.25	457.10	613.93	452.40	7.65	279.96	0.40	127.39	9835.17	-8521.85	4837.66
Saccade R	1	9	7041770153	7041830165	60012	482.25	457.10	613.93	452.40	7.65	279.96	0.40	127.39	9835.17	-8521.85	4837.66
Saccade L	1	10	7041844228	7041874154	29926	582.65	447.58	622.88	423.55	1.00	53.56	0.26	33.43	3807.68	-871.25	790.48
Saccade R	1	10	7041844228	7041874154	29926	582.65	447.58	622.88	423.55	1.00	53.56	0.26	33.43	3807.68	-871.25	790.48
Saccade L	1	11	7041874154	7041900633	26479	622.88	423.55	709.78	439.83	2.00	153.90	0.53	75.62	4837.32	-5683.14	3667.54
Saccade R	1	11	7041874154	7041900633	26479	622.88	423.55	709.78	439.83	2.00	153.90	0.53	75.62	4837.32	-5683.14	3667.54
Fixation L	1	3	7041900633	7042358389	457756	697.93	430.26	32	36	-1	11.43	11.43
Fixation R	1	3	7041900633	7042358389	457756	697.93	430.26	32	36	-1	11.95	11.95
Saccade L	1	12	7042358389	7042388394	30005	687.15	429.39	792.08	447.68	2.34	163.46	0.47	78.03	6608.00	-6329.96	4652.18
Saccade R	1	12	7042358389	7042388394	30005	687.15	429.39	792.08	447.68	2.34	163.46	0.47	78.03	6608.00	-6329.96	4652.18
Fixation L	1	4	7042388394	7043002632	614238	818.10	463.72	106	43	-1	12.32	12.32
Fixation R	1	4	7042388394	7043002632	614238	818.10	463.72	106	43	-1	12.55	12.55
Saccade L	1	13	7043002632	7043036756	34124	837.29	464.93	936.03	453.66	2.19	116.31	0.41	64.16	4853.10	-4387.84	3360.09
Saccade R	1	13	7043002632	7043036756	34124	837.29	464.93	936.03	453.66	2.19	116.31	0.41	64.16	4853.10	-4387.84	3360.09
Fixation L	1	5	7043036756	7043346646	309890	945.40	445.58	40	32	-1	12.79	12.79
Fixation R	1	5	7043036756	7043346646	309890	945.40	445.58	40	32	-1	12.99	12.99
Blink L	1	2	7043346646	7043418898	72252
Blink R	1	2	7043346646	7043418898	72252
Saccade L	1	14	7043450870	7043484884	34014	1030.67	393.54	1002.86	464.68	1.64	82.33	0.29	48.21	2568.13	-2833.04	1949.94
Saccade R	1	14	7043450870	7043484884	34014	1030.67	393.54	1002.86	464.68	1.64	82.33	0.29	48.21	2568.13	-2833.04	1949.94
Fixation L	1	6	7043484884	7043607004	122120	1028.72	457.28	38	19	-1	13.08	13.08
Fixation R	1	6	7043484884	7043607004	122120	1028.72	457.28	38	19	-1	13.20	13.20
Saccade L	1	15	7043607004	7043631933	24929	1022.68	449.40	1090.06	440.24	1.49	100.41	0.48	59.61	3921.19	-3761.26	2701.89
Saccade R	1	15	7043607004	7043631933	24929	1022.68	449.40	1090.06	440.24	1.49	100.41	0.48	59.61	3921.19	-3761.26	2701.89
Fixation L	1	7	7043631933	7043937313	305380	1110.48	443.25	43	25	-1	13.19	13.19
Fixation R	1	7	7043631933	7043937313	305380	1110.48	443.25	43	25	-1	13.18	13.18
Saccade L	1	16	7043937313	7043983124	45811	1126.72	435.07	1028.58	452.97	2.51	130.75	0.48	54.75	4884.60	-4597.83	3030.46
Saccade R	1	16	7043937313	7043983124	45811	1126.72	435.07	1028.58	452.97	2.51	130.75	0.48	54.75	4884.60	-4597.83	3030.46
Fixation L	1	8	7043983124	7044165233	182109	1034.32	446.14	31	39	-1	13.09	13.09
Fixation R	1	8	7043983124	7044165233	182109	1034.32	446.14	31	39	-1	13.19	13.19
Saccade L	1	17	7044165233	7044193425	28192	1053.10	421.72	1112.34	455.17	1.48	96.14	0.43	52.56	3037.79	-3908.16	2505.82
Saccade R	1	17	7044165233	7044193425	28192	1053.10	421.72	1112.34	455.17	1.48	96.14	0.43	52.56	3037.79	-3908.16	2505.82
Fixation L	1	9	7044193425	7044449416	255991	1126.45	427.13	45	63	-1	13.12	13.12
Fixation R	1	9	7044193425	7044449416	255991	1126.45	427.13	45	63	-1	13.30	13.30
Saccade L	1	18	7044449416	7044475364	25948	1095.36	447.29	1159.42	437.35	1.33	90.42	0.47	51.26	3557.71	-3568.85	2547.44
Saccade R	1	18	7044449416	7044475364	25948	1095.36	447.29	1159.42	437.35	1.33	90.42	0.47	51.26	3557.71	-3568.85	2547.44
Fixation L	1	10	7044475364	7044553376	78012	1135.58	444.01	50	20	-1	13.24	13.24
Fixation R	1	10	7044475364	7044553376	78012	1135.58	444.01	50	20	-1	13.21	13.21
Blink L	1	3	7044553376	7044825479	272103
Blink R	1	3	7044553376	7044825479	272103
Saccade L	1	19	7044825479	7044877729	52250	914.65	830.39	889.32	862.89	2.20	86.98	0.29	42.20	1787.80	-2452.18	1204.27
Saccade R	1	19	7044825479	7044877729	52250	914.65	830.39	889.32	862.89	2.20	86.98	0.29	42.20	1787.80	-2452.18	1204.27
Saccade L	1	20	7044885468	7044923672	38204	891.52	864.28	863.62	908.05	1.13	41.60	0.40	29.64	926.59	-1177.24	754.23
Saccade R	1	20	7044885468	7044923672	38204	891.52	864.28	863.62	908.05	1.13	41.60	0.40	29.64	926.59	-1177.24	754.23
Fixation L	1	11	7044923672	7045532468	608796	854.48	935.39	51	74	-1	13.71	13.71
Fixation R	1	11	7044923672	7045532468	608796	854.48	935.39	51	74	-1	13.88	13.88
