[BeGaze]
Converted from:	C:\Program Files\SMI\Experiment Suite 360\Experiment Center 2\Results\RC-Attachment-Exp\P27-eye_data.idf
Date:	18.03.2012 20:22:06
Version:	BeGaze 3.0.181
Sample Rate:	500
Subject:	P27
Description:	Run32

Table Header for Fixations:
Event Type	Trial	Number	Start	End	Duration	Location X	Location Y	Dispersion X	Dispersion Y	Plane	Avg. Pupil Size X	Avg. Pupil Size Y

Table Header for Saccades:
Event Type	Trial	Number	Start	End	Duration	Start Loc.X	Start Loc.Y	End Loc.X	End Loc.Y	Amplitude	Peak Speed	Peak Speed At	Average Speed	Peak Accel.	Peak Decel.	Average Accel.

Table Header for Blinks:
Event Type	Trial	Number	Start	End	Duration

Table Header for User Events:
Event Type	Trial	Number	Start	Description

UserEvent	1	1	13348374416	# Message: RC-nonforced-nonanim-1.jpg
Fixation L	1	1	13348374942	13349109214	734272	500.84	444.71	41	36	-1	12.55	12.55
Fixation R	1	1	13348374942	13349109214	734272	500.84	444.71	41	36	-1	13.15	13.15
Saccade L	1	1	13349109214	13349145230	36016	509.59	433.49	578.08	431.79	1.45	64.18	0.28	40.20	2499.38	-1861.40	1582.61
Saccade R	1	1	13349109214	13349145230	36016	509.59	433.49	578.08	431.79	1.45	64.18	0.28	40.20	2499.38	-1861.40	1582.61
Fixation L	1	2	13349145230	13349477354	332124	552.98	435.33	60	37	-1	12.39	12.39
Fixation R	1	2	13349145230	13349477354	332124	552.98	435.33	60	37	-1	12.98	12.98
Saccade L	1	2	13349477354	13349517320	39966	521.82	443.85	622.49	437.62	2.16	125.19	0.25	54.02	4508.34	-4232.95	2496.88
Saccade R	1	2	13349477354	13349517320	39966	521.82	443.85	622.49	437.62	2.16	125.19	0.25	54.02	4508.34	-4232.95	2496.88
Fixation L	1	3	13349517320	13349681462	164142	626.73	434.00	18	23	-1	12.33	12.33
Fixation R	1	3	13349517320	13349681462	164142	626.73	434.00	18	23	-1	12.97	12.97
Saccade L	1	3	13349681462	13349725435	43973	636.70	445.77	755.46	416.91	2.66	121.86	0.27	60.47	4585.76	-3261.17	2642.15
Saccade R	1	3	13349681462	13349725435	43973	636.70	445.77	755.46	416.91	2.66	121.86	0.27	60.47	4585.76	-3261.17	2642.15
Fixation L	1	4	13349725435	13349985592	260157	748.66	416.79	18	15	-1	12.30	12.30
Fixation R	1	4	13349725435	13349985592	260157	748.66	416.79	18	15	-1	13.02	13.02
Saccade L	1	4	13349985592	13350021602	36010	757.57	418.78	816.48	409.57	1.29	52.18	0.40	35.69	2247.69	-1674.40	1417.31
Saccade R	1	4	13349985592	13350021602	36010	757.57	418.78	816.48	409.57	1.29	52.18	0.40	35.69	2247.69	-1674.40	1417.31
Fixation L	1	5	13350021602	13350221670	200068	826.57	420.05	25	22	-1	12.20	12.20
Fixation R	1	5	13350021602	13350221670	200068	826.57	420.05	25	22	-1	12.91	12.91
Saccade L	1	5	13350221670	13350253701	32031	816.47	424.95	894.49	439.16	1.76	106.12	0.44	55.02	4310.70	-3781.12	2912.30
Saccade R	1	5	13350221670	13350253701	32031	816.47	424.95	894.49	439.16	1.76	106.12	0.44	55.02	4310.70	-3781.12	2912.30
Fixation L	1	6	13350253701	13350429788	176087	900.71	436.72	11	16	-1	12.36	12.36
Fixation R	1	6	13350253701	13350429788	176087	900.71	436.72	11	16	-1	13.21	13.21
Saccade L	1	6	13350429788	13350477793	48005	895.61	429.22	1048.74	427.85	3.36	127.67	0.25	69.94	5501.39	-3051.12	2900.73
Saccade R	1	6	13350429788	13350477793	48005	895.61	429.22	1048.74	427.85	3.36	127.67	0.25	69.94	5501.39	-3051.12	2900.73
Fixation L	1	7	13350477793	13350715906	238113	1041.31	420.53	47	13	-1	12.29	12.29
Fixation R	1	7	13350477793	13350715906	238113	1041.31	420.53	47	13	-1	13.23	13.23
Saccade L	1	7	13350715906	13350747904	31998	1025.10	415.36	1157.57	425.73	2.91	168.15	0.56	91.04	7158.86	-7052.33	5255.01
Saccade R	1	7	13350715906	13350747904	31998	1025.10	415.36	1157.57	425.73	2.91	168.15	0.56	91.04	7158.86	-7052.33	5255.01
Fixation L	1	8	13350747904	13350888105	140201	1168.75	443.77	19	41	-1	12.26	12.26
Fixation R	1	8	13350747904	13350888105	140201	1168.75	443.77	19	41	-1	13.10	13.10
Saccade L	1	8	13350888105	13351024051	135946	1159.73	453.16	931.25	876.20	11.77	173.68	0.50	86.59	6409.10	-4001.70	1866.34
Saccade R	1	8	13350888105	13351024051	135946	1159.73	453.16	931.25	876.20	11.77	173.68	0.50	86.59	6409.10	-4001.70	1866.34
Fixation L	1	9	13351024051	13351994510	970459	905.26	918.30	46	65	-1	12.85	12.85
Fixation R	1	9	13351024051	13351994510	970459	905.26	918.30	46	65	-1	13.79	13.79
