[BeGaze]
Converted from:	C:\Program Files\SMI\Experiment Suite 360\Experiment Center 2\Results\RC-Attachment-Exp\P28-eye_data.idf
Date:	18.03.2012 20:24:02
Version:	BeGaze 3.0.181
Sample Rate:	500
Subject:	P28
Description:	Run33

Table Header for Fixations:
Event Type	Trial	Number	Start	End	Duration	Location X	Location Y	Dispersion X	Dispersion Y	Plane	Avg. Pupil Size X	Avg. Pupil Size Y

Table Header for Saccades:
Event Type	Trial	Number	Start	End	Duration	Start Loc.X	Start Loc.Y	End Loc.X	End Loc.Y	Amplitude	Peak Speed	Peak Speed At	Average Speed	Peak Accel.	Peak Decel.	Average Accel.

Table Header for Blinks:
Event Type	Trial	Number	Start	End	Duration

Table Header for User Events:
Event Type	Trial	Number	Start	Description

UserEvent	1	1	14616636793	# Message: RC-nonforced-nonanim-6.jpg
Fixation L	1	1	14616637558	14617277754	640196	477.63	433.72	56	64	-1	13.40	13.40
Fixation R	1	1	14616637558	14617277754	640196	477.63	433.72	56	64	-1	13.18	13.18
Saccade L	1	1	14617277754	14617301759	24005	472.63	464.02	512.44	431.69	1.19	83.45	0.50	49.59	2924.47	-3033.68	2085.09
Saccade R	1	1	14617277754	14617301759	24005	472.63	464.02	512.44	431.69	1.19	83.45	0.50	49.59	2924.47	-3033.68	2085.09
Fixation L	1	2	14617301759	14617367880	66121	512.72	441.59	10	18	-1	13.39	13.39
Fixation R	1	2	14617301759	14617367880	66121	512.72	441.59	10	18	-1	13.16	13.16
Blink L	1	1	14617367880	14617568427	200547
Blink R	1	1	14617367880	14617568427	200547
Fixation L	1	3	14617568427	14617726026	157599	608.47	437.75	23	21	-1	13.06	13.06
Fixation R	1	3	14617568427	14617726026	157599	608.47	437.75	23	21	-1	13.09	13.09
Saccade L	1	2	14617726026	14617758065	32039	604.13	438.68	737.35	448.18	2.87	173.09	0.50	89.47	7170.36	-7358.33	5356.68
Saccade R	1	2	14617726026	14617758065	32039	604.13	438.68	737.35	448.18	2.87	173.09	0.50	89.47	7170.36	-7358.33	5356.68
Fixation L	1	4	14617758065	14617914110	156045	739.19	462.22	19	32	-1	13.24	13.24
Fixation R	1	4	14617758065	14617914110	156045	739.19	462.22	19	32	-1	13.51	13.51
Saccade L	1	3	14617930109	14617952406	22297	782.18	467.88	702.54	473.93	1.49	124.54	0.45	66.90	2648.34	-4552.26	2281.70
Saccade R	1	3	14617930109	14617952406	22297	782.18	467.88	702.54	473.93	1.49	124.54	0.45	66.90	2648.34	-4552.26	2281.70
Fixation L	1	5	14617952406	14618206236	253830	721.60	472.60	35	41	-1	13.09	13.09
Fixation R	1	5	14617952406	14618206236	253830	721.60	472.60	35	41	-1	13.32	13.32
Saccade L	1	4	14618206236	14618264223	57987	717.75	492.91	845.70	459.60	3.22	147.18	0.66	55.59	5395.08	-5875.66	2809.52
Saccade R	1	4	14618206236	14618264223	57987	717.75	492.91	845.70	459.60	3.22	147.18	0.66	55.59	5395.08	-5875.66	2809.52
Fixation L	1	6	14618264223	14618390342	126119	859.20	459.73	27	21	-1	12.89	12.89
Fixation R	1	6	14618264223	14618390342	126119	859.20	459.73	27	21	-1	13.01	13.01
Saccade L	1	5	14618390342	14618422342	32000	866.35	472.48	800.71	467.75	1.41	81.82	0.69	43.99	2783.00	-2836.65	1874.79
Saccade R	1	5	14618390342	14618422342	32000	866.35	472.48	800.71	467.75	1.41	81.82	0.69	43.99	2783.00	-2836.65	1874.79
Fixation L	1	7	14618422342	14618796452	374110	803.55	444.94	46	58	-1	12.99	12.99
Fixation R	1	7	14618422342	14618796452	374110	803.55	444.94	46	58	-1	12.96	12.96
Saccade L	1	6	14618796452	14618838458	42006	803.46	418.21	887.56	406.32	2.20	122.00	0.33	52.47	4855.17	-4197.87	2665.66
Saccade R	1	6	14618796452	14618838458	42006	803.46	418.21	887.56	406.32	2.20	122.00	0.33	52.47	4855.17	-4197.87	2665.66
Fixation L	1	8	14618838458	14619014581	176123	889.58	420.82	19	33	-1	13.06	13.06
Fixation R	1	8	14618838458	14619014581	176123	889.58	420.82	19	33	-1	13.30	13.30
Fixation L	1	9	14619034593	14619096591	61998	877.34	436.66	29	12	-1	13.19	13.19
Fixation R	1	9	14619034593	14619096591	61998	877.34	436.66	29	12	-1	13.31	13.31
Saccade L	1	7	14619096591	14619118868	22277	876.24	431.94	940.34	433.39	1.41	108.92	0.45	63.12	3929.16	-4009.39	2684.38
Saccade R	1	7	14619096591	14619118868	22277	876.24	431.94	940.34	433.39	1.41	108.92	0.45	63.12	3929.16	-4009.39	2684.38
Fixation L	1	10	14619118868	14619540816	421948	953.97	439.23	25	40	-1	13.20	13.20
Fixation R	1	10	14619118868	14619540816	421948	953.97	439.23	25	40	-1	13.33	13.33
Saccade L	1	8	14619540816	14619576804	35988	949.88	457.84	1054.94	432.38	2.49	146.53	0.41	69.27	5863.43	-5403.34	3914.99
Saccade R	1	8	14619540816	14619576804	35988	949.88	457.84	1054.94	432.38	2.49	146.53	0.41	69.27	5863.43	-5403.34	3914.99
Fixation L	1	11	14619576804	14619759223	182419	1066.47	442.77	16	22	-1	13.18	13.18
Fixation R	1	11	14619576804	14619759223	182419	1066.47	442.77	16	22	-1	13.29	13.29
Saccade L	1	9	14619759223	14619789101	29878	1071.31	443.04	1195.22	453.05	2.66	175.08	0.46	89.19	7210.74	-7195.22	5238.75
Saccade R	1	9	14619759223	14619789101	29878	1071.31	443.04	1195.22	453.05	2.66	175.08	0.46	89.19	7210.74	-7195.22	5238.75
Fixation L	1	12	14619789101	14619850928	61827	1181.16	452.74	36	7	-1	13.20	13.20
Fixation R	1	12	14619789101	14619850928	61827	1181.16	452.74	36	7	-1	13.45	13.45
Blink L	1	2	14619860920	14620127699	266779
Blink R	1	2	14619860920	14620127699	266779
Saccade L	1	10	14620155047	14620183042	27995	894.93	1015.48	919.22	965.22	1.08	61.68	0.51	38.45	2410.58	-2469.46	1776.29
Saccade R	1	10	14620155047	14620183042	27995	894.93	1015.48	919.22	965.22	1.08	61.68	0.51	38.45	2410.58	-2469.46	1776.29
Fixation L	1	13	14620183042	14620605275	422233	911.40	970.75	38	46	-1	13.59	13.59
Fixation R	1	13	14620183042	14620605275	422233	911.40	970.75	38	46	-1	13.65	13.65
