[BeGaze]
Converted from:	C:\Program Files\SMI\Experiment Suite 360\Experiment Center 2\Results\RC-Attachment-Exp\P22-eye_data.idf
Date:	18.03.2012 20:17:53
Version:	BeGaze 3.0.181
Sample Rate:	500
Subject:	P22
Description:	Run27

Table Header for Fixations:
Event Type	Trial	Number	Start	End	Duration	Location X	Location Y	Dispersion X	Dispersion Y	Plane	Avg. Pupil Size X	Avg. Pupil Size Y

Table Header for Saccades:
Event Type	Trial	Number	Start	End	Duration	Start Loc.X	Start Loc.Y	End Loc.X	End Loc.Y	Amplitude	Peak Speed	Peak Speed At	Average Speed	Peak Accel.	Peak Decel.	Average Accel.

Table Header for Blinks:
Event Type	Trial	Number	Start	End	Duration

Table Header for User Events:
Event Type	Trial	Number	Start	Description

UserEvent	1	1	2568649293	# Message: Dist-orthm-36.jpg
Fixation L	1	1	2568650369	2568921293	270924	517.28	468.05	35	31	-1	8.35	8.35
Fixation R	1	1	2568650369	2568921293	270924	517.28	468.05	35	31	-1	8.38	8.38
Saccade L	1	1	2568921293	2568945294	24001	499.14	452.94	566.69	458.81	1.48	113.71	0.50	61.46	4458.30	-4421.18	3124.71
Saccade R	1	1	2568921293	2568945294	24001	499.14	452.94	566.69	458.81	1.48	113.71	0.50	61.46	4458.30	-4421.18	3124.71
Fixation L	1	2	2568945294	2569011293	65999	574.34	460.03	10	11	-1	8.25	8.25
Fixation R	1	2	2568945294	2569011293	65999	574.34	460.03	10	11	-1	8.39	8.39
Saccade L	1	2	2569011293	2569033284	21991	574.28	469.47	627.87	460.89	1.17	90.06	0.45	53.09	3293.96	-3044.30	2164.07
Saccade R	1	2	2569011293	2569033284	21991	574.28	469.47	627.87	460.89	1.17	90.06	0.45	53.09	3293.96	-3044.30	2164.07
Fixation L	1	3	2569033284	2569195407	162123	634.11	476.73	26	20	-1	8.32	8.32
Fixation R	1	3	2569033284	2569195407	162123	634.11	476.73	26	20	-1	8.47	8.47
Saccade L	1	3	2569195407	2569221413	26006	622.04	477.36	734.15	480.77	2.54	190.30	0.54	97.69	7791.39	-7557.08	5488.14
Saccade R	1	3	2569195407	2569221413	26006	622.04	477.36	734.15	480.77	2.54	190.30	0.54	97.69	7791.39	-7557.08	5488.14
Fixation L	1	4	2569221413	2569377520	156107	743.37	488.66	13	18	-1	8.37	8.37
Fixation R	1	4	2569221413	2569377520	156107	743.37	488.66	13	18	-1	8.39	8.39
Saccade L	1	4	2569377520	2569401528	24008	748.61	493.89	662.37	481.06	1.76	131.43	0.42	73.50	5380.35	-5077.73	3712.61
Saccade R	1	4	2569377520	2569401528	24008	748.61	493.89	662.37	481.06	1.76	131.43	0.42	73.50	5380.35	-5077.73	3712.61
Fixation L	1	5	2569401528	2569479526	77998	675.37	484.40	17	7	-1	8.42	8.42
Fixation R	1	5	2569401528	2569479526	77998	675.37	484.40	17	7	-1	8.27	8.27
Saccade L	1	5	2569479526	2569501524	21998	673.37	481.42	637.40	488.04	0.77	51.79	0.45	35.14	1904.56	-2056.02	1354.66
Saccade R	1	5	2569479526	2569501524	21998	673.37	481.42	637.40	488.04	0.77	51.79	0.45	35.14	1904.56	-2056.02	1354.66
Fixation L	1	6	2569501524	2569647662	146138	638.08	480.13	7	18	-1	8.19	8.19
Fixation R	1	6	2569501524	2569647662	146138	638.08	480.13	7	18	-1	8.38	8.38
Saccade L	1	6	2569647662	2569673655	25993	640.65	474.35	721.43	465.80	1.78	121.29	0.54	68.51	5023.48	-4820.54	3535.76
Saccade R	1	6	2569647662	2569673655	25993	640.65	474.35	721.43	465.80	1.78	121.29	0.54	68.51	5023.48	-4820.54	3535.76
Fixation L	1	7	2569673655	2569843076	169421	731.35	474.79	17	23	-1	8.43	8.43
Fixation R	1	7	2569673655	2569843076	169421	731.35	474.79	17	23	-1	8.38	8.38
Saccade L	1	7	2569843076	2569867682	24606	737.17	478.13	787.23	463.34	1.12	75.01	0.59	45.47	2617.19	-2587.12	1894.12
Saccade R	1	7	2569843076	2569867682	24606	737.17	478.13	787.23	463.34	1.12	75.01	0.59	45.47	2617.19	-2587.12	1894.12
Fixation L	1	8	2569867682	2569959764	92082	795.90	475.75	16	30	-1	8.48	8.48
Fixation R	1	8	2569867682	2569959764	92082	795.90	475.75	16	30	-1	8.56	8.56
Saccade L	1	8	2569959764	2569989758	29994	795.54	454.81	858.57	479.55	1.40	84.67	0.40	46.55	2392.87	-2954.33	1923.93
Saccade R	1	8	2569959764	2569989758	29994	795.54	454.81	858.57	479.55	1.40	84.67	0.40	46.55	2392.87	-2954.33	1923.93
Fixation L	1	9	2569989758	2570163881	174123	858.32	468.07	11	30	-1	8.42	8.42
Fixation R	1	9	2569989758	2570163881	174123	858.32	468.07	11	30	-1	8.58	8.58
Saccade L	1	9	2570163881	2570197918	34037	855.71	472.08	929.09	482.15	1.62	78.84	0.41	47.46	3211.82	-2871.23	2241.00
Saccade R	1	9	2570163881	2570197918	34037	855.71	472.08	929.09	482.15	1.62	78.84	0.41	47.46	3211.82	-2871.23	2241.00
Fixation L	1	10	2570197918	2570387864	189946	928.11	474.68	19	32	-1	8.22	8.22
Fixation R	1	10	2570197918	2570387864	189946	928.11	474.68	19	32	-1	8.39	8.39
Saccade L	1	10	2570387864	2570423877	36013	919.80	452.13	978.05	473.94	1.49	79.67	0.37	41.34	2931.09	-2431.79	1670.90
Saccade R	1	10	2570387864	2570423877	36013	919.80	452.13	978.05	473.94	1.49	79.67	0.37	41.34	2931.09	-2431.79	1670.90
Fixation L	1	11	2570423877	2570473992	50115	964.22	475.96	20	24	-1	8.06	8.06
Fixation R	1	11	2570423877	2570473992	50115	964.22	475.96	20	24	-1	8.38	8.38
Saccade L	1	11	2570473992	2570495996	22004	956.63	458.92	1028.26	471.20	1.48	115.20	0.55	67.45	3772.47	-4238.60	2746.71
Saccade R	1	11	2570473992	2570495996	22004	956.63	458.92	1028.26	471.20	1.48	115.20	0.55	67.45	3772.47	-4238.60	2746.71
Fixation L	1	12	2570495996	2570662031	166035	1021.07	456.33	20	28	-1	8.13	8.13
Fixation R	1	12	2570495996	2570662031	166035	1021.07	456.33	20	28	-1	8.35	8.35
Saccade L	1	12	2570662031	2570700124	38093	1032.71	457.59	1087.30	450.31	1.71	95.10	0.37	45.00	3604.71	-2770.33	1990.52
Saccade R	1	12	2570662031	2570700124	38093	1032.71	457.59	1087.30	450.31	1.71	95.10	0.37	45.00	3604.71	-2770.33	1990.52
Fixation L	1	13	2570700124	2570996230	296106	1098.53	451.81	42	25	-1	8.16	8.16
Fixation R	1	13	2570700124	2570996230	296106	1098.53	451.81	42	25	-1	8.26	8.26
Blink L	1	1	2570996230	2571281268	285038
Blink R	1	1	2570996230	2571281268	285038
Fixation L	1	14	2571281268	2571718444	437176	917.16	925.50	37	90	-1	8.66	8.66
Fixation R	1	14	2571281268	2571718444	437176	917.16	925.50	37	90	-1	9.09	9.09
Saccade L	1	13	2571718444	2571742456	24012	931.39	955.10	891.57	948.92	0.88	56.34	0.50	36.65	2006.57	-2133.06	1404.42
Saccade R	1	13	2571718444	2571742456	24012	931.39	955.10	891.57	948.92	0.88	56.34	0.50	36.65	2006.57	-2133.06	1404.42
Fixation L	1	15	2571742456	2571964571	222115	897.04	963.52	19	31	-1	9.22	9.22
Fixation R	1	15	2571742456	2571964571	222115	897.04	963.52	19	31	-1	9.37	9.37
