[BeGaze]
Converted from:	C:\Program Files\SMI\Experiment Suite 360\Experiment Center 2\Results\RC-Attachment-Exp\P18-eye_data.idf
Date:	18.03.2012 20:13:52
Version:	BeGaze 3.0.181
Sample Rate:	500
Subject:	P18
Description:	Run23

Table Header for Fixations:
Event Type	Trial	Number	Start	End	Duration	Location X	Location Y	Dispersion X	Dispersion Y	Plane	Avg. Pupil Size X	Avg. Pupil Size Y

Table Header for Saccades:
Event Type	Trial	Number	Start	End	Duration	Start Loc.X	Start Loc.Y	End Loc.X	End Loc.Y	Amplitude	Peak Speed	Peak Speed At	Average Speed	Peak Accel.	Peak Decel.	Average Accel.

Table Header for Blinks:
Event Type	Trial	Number	Start	End	Duration

Table Header for User Events:
Event Type	Trial	Number	Start	Description

UserEvent	1	1	17115987218	# Message: Questionnaire12.jpg
Fixation L	1	1	17115996196	17116239872	243676	879.25	979.19	31	53	-1	12.16	12.16
Fixation R	1	1	17115996196	17116239872	243676	879.25	979.19	31	53	-1	12.26	12.26
Saccade L	1	1	17116239872	17116271978	32106	888.57	1004.56	876.90	969.53	0.99	50.68	0.32	30.93	2038.52	-1171.03	899.33
Saccade R	1	1	17116239872	17116271978	32106	888.57	1004.56	876.90	969.53	0.99	50.68	0.32	30.93	2038.52	-1171.03	899.33
Fixation L	1	2	17116271978	17116414001	142023	868.75	976.20	22	35	-1	11.98	11.98
Fixation R	1	2	17116271978	17116414001	142023	868.75	976.20	22	35	-1	12.45	12.45
Saccade L	1	2	17116414001	17116498011	84010	872.02	973.61	457.06	353.57	17.35	458.46	0.24	206.58	20191.00	-9019.15	8178.84
Saccade R	1	2	17116414001	17116498011	84010	872.02	973.61	457.06	353.57	17.35	458.46	0.24	206.58	20191.00	-9019.15	8178.84
Fixation L	1	3	17116498011	17116606103	108092	483.87	368.95	40	34	-1	11.08	11.08
Fixation R	1	3	17116498011	17116606103	108092	483.87	368.95	40	34	-1	11.60	11.60
Saccade L	1	3	17116626994	17116674124	47130	478.01	342.73	351.98	287.52	11.82	679.77	0.37	250.83	23615.31	-21267.47	13998.80
Saccade R	1	3	17116626994	17116674124	47130	478.01	342.73	351.98	287.52	11.82	679.77	0.37	250.83	23615.31	-21267.47	13998.80
Saccade L	1	4	17116674124	17116708093	33969	351.98	287.52	435.85	296.24	2.28	174.56	0.48	67.19	5088.17	-6042.97	3766.07
Saccade R	1	4	17116674124	17116708093	33969	351.98	287.52	435.85	296.24	2.28	174.56	0.48	67.19	5088.17	-6042.97	3766.07
Saccade L	1	5	17116736092	17116764075	27983	430.48	300.15	364.40	292.85	1.50	97.70	0.43	53.75	3925.16	-3256.00	2581.03
Saccade R	1	5	17116736092	17116764075	27983	430.48	300.15	364.40	292.85	1.50	97.70	0.43	53.75	3925.16	-3256.00	2581.03
Saccade L	1	6	17116782071	17116807049	24978	363.00	283.12	425.49	291.53	1.39	109.06	0.49	55.58	3383.63	-3939.43	2559.58
Saccade R	1	6	17116782071	17116807049	24978	363.00	283.12	425.49	291.53	1.39	109.06	0.49	55.58	3383.63	-3939.43	2559.58
Fixation L	1	4	17116807049	17116860194	53145	430.34	291.23	26	7	-1	11.12	11.12
Fixation R	1	4	17116807049	17116860194	53145	430.34	291.23	26	7	-1	11.51	11.51
Saccade L	1	7	17116860194	17116886301	26107	432.33	288.01	476.10	307.03	0.99	60.66	0.46	37.88	2305.41	-1162.32	1215.72
Saccade R	1	7	17116860194	17116886301	26107	432.33	288.01	476.10	307.03	0.99	60.66	0.46	37.88	2305.41	-1162.32	1215.72
Saccade L	1	8	17116890200	17116914213	24013	475.66	308.11	516.38	330.23	0.96	63.46	0.42	39.89	1317.63	-2232.19	1300.90
Saccade R	1	8	17116890200	17116914213	24013	475.66	308.11	516.38	330.23	0.96	63.46	0.42	39.89	1317.63	-2232.19	1300.90
Fixation L	1	5	17116914213	17117084313	170100	512.74	319.26	62	24	-1	10.90	10.90
Fixation R	1	5	17116914213	17117084313	170100	512.74	319.26	62	24	-1	11.46	11.46
Saccade L	1	9	17117084313	17117112315	28002	552.51	326.87	420.55	330.80	2.91	195.18	0.50	103.89	8218.82	-8233.72	5992.01
Saccade R	1	9	17117084313	17117112315	28002	552.51	326.87	420.55	330.80	2.91	195.18	0.50	103.89	8218.82	-8233.72	5992.01
Fixation L	1	6	17117112315	17117308328	196013	418.57	317.95	51	29	-1	10.61	10.61
Fixation R	1	6	17117112315	17117308328	196013	418.57	317.95	51	29	-1	11.07	11.07
Saccade L	1	10	17117308328	17117356429	48101	384.50	303.37	544.05	404.91	4.84	190.43	0.25	100.61	7741.36	-5910.52	4265.75
Saccade R	1	10	17117308328	17117356429	48101	384.50	303.37	544.05	404.91	4.84	190.43	0.25	100.61	7741.36	-5910.52	4265.75
Fixation L	1	7	17117356429	17117418432	62003	546.40	410.17	6	8	-1	10.56	10.56
Fixation R	1	7	17117356429	17117418432	62003	546.40	410.17	6	8	-1	11.02	11.02
Saccade L	1	11	17117418432	17117452426	33994	551.11	405.30	508.86	354.17	1.51	79.70	0.47	44.44	2932.76	-2681.40	2063.60
Saccade R	1	11	17117418432	17117452426	33994	551.11	405.30	508.86	354.17	1.51	79.70	0.47	44.44	2932.76	-2681.40	2063.60
Fixation L	1	8	17117452426	17117632542	180116	520.64	347.72	30	42	-1	10.59	10.59
Fixation R	1	8	17117452426	17117632542	180116	520.64	347.72	30	42	-1	10.93	10.93
Blink L	1	1	17117632542	17117768556	136014
Blink R	1	1	17117632542	17117768556	136014
Blink L	1	2	17117804537	17117864543	60006
Blink R	1	2	17117804537	17117864543	60006
Blink L	1	3	17117864543	17117884662	20119
Blink R	1	3	17117864543	17117884662	20119
Fixation L	1	9	17117899229	17117974652	75423	643.47	261.21	9	7	-1	10.25	10.25
Fixation R	1	9	17117899229	17117974652	75423	643.47	261.21	9	7	-1	10.72	10.72
Blink L	1	4	17118014652	17118040661	26009
Blink R	1	4	17118014652	17118040661	26009
Saccade L	1	12	17118040661	17118062652	21991	651.12	269.04	643.99	263.22	4.10	232.84	0.39	186.31	-4343.61	-10495.94	7493.29
Saccade R	1	12	17118040661	17118062652	21991	651.12	269.04	643.99	263.22	4.10	232.84	0.39	186.31	-4343.61	-10495.94	7493.29
Fixation L	1	10	17118062652	17118115274	52622	632.59	259.92	19	5	-1	10.11	10.11
Fixation R	1	10	17118062652	17118115274	52622	632.59	259.92	19	5	-1	10.73	10.73
Saccade L	1	13	17118115274	17118184774	69500	625.19	257.36	836.43	412.63	30.42	1437.65	0.40	437.69	44041.92	-46997.14	20069.35
Saccade R	1	13	17118115274	17118184774	69500	625.19	257.36	836.43	412.63	30.42	1437.65	0.40	437.69	44041.92	-46997.14	20069.35
Saccade L	1	14	17118214802	17118246971	32169	842.31	415.67	818.59	329.31	2.10	152.49	0.37	65.13	5471.09	-5128.86	3515.36
Saccade R	1	14	17118214802	17118246971	32169	842.31	415.67	818.59	329.31	2.10	152.49	0.37	65.13	5471.09	-5128.86	3515.36
Saccade L	1	15	17118296782	17118322797	26015	855.76	350.75	818.00	325.28	0.80	44.09	0.23	30.79	1252.63	-1072.85	854.56
Saccade R	1	15	17118296782	17118322797	26015	855.76	350.75	818.00	325.28	0.80	44.09	0.23	30.79	1252.63	-1072.85	854.56
Saccade L	1	16	17118336837	17118372766	35929	808.99	343.76	880.30	364.03	1.75	100.55	0.39	48.67	3192.17	-3009.82	2110.69
Saccade R	1	16	17118336837	17118372766	35929	808.99	343.76	880.30	364.03	1.75	100.55	0.39	48.67	3192.17	-3009.82	2110.69
Saccade L	1	17	17118372766	17118430891	58125	880.30	364.03	870.97	332.34	42.61	1849.22	0.41	733.14	69386.80	-49837.14	26156.60
Saccade R	1	17	17118372766	17118430891	58125	880.30	364.03	870.97	332.34	42.61	1849.22	0.41	733.14	69386.80	-49837.14	26156.60
Blink L	1	5	17118436981	17118494879	57898
Blink R	1	5	17118436981	17118494879	57898
Saccade L	1	18	17118498889	17118528906	30017	855.45	351.51	944.56	351.33	1.22	71.35	0.40	40.72	1297.30	-19123.30	3185.46
Saccade R	1	18	17118498889	17118528906	30017	855.45	351.51	944.56	351.33	1.22	71.35	0.40	40.72	1297.30	-19123.30	3185.46
Fixation L	1	11	17118528906	17118646299	117393	945.36	339.71	5	18	-1	10.05	10.05
Fixation R	1	11	17118528906	17118646299	117393	945.36	339.71	5	18	-1	10.69	10.69
Saccade L	1	19	17118646299	17118680883	34584	944.52	339.25	1022.47	303.50	1.97	102.65	0.36	57.08	4313.75	-4042.48	3040.86
Saccade R	1	19	17118646299	17118680883	34584	944.52	339.25	1022.47	303.50	1.97	102.65	0.36	57.08	4313.75	-4042.48	3040.86
Fixation L	1	12	17118680883	17118824993	144110	1022.15	324.95	19	67	-1	9.96	9.96
Fixation R	1	12	17118680883	17118824993	144110	1022.15	324.95	19	67	-1	10.73	10.73
Saccade L	1	20	17118824993	17118875001	50008	1010.41	370.28	959.31	360.62	39.43	1972.75	0.76	788.47	66254.19	-69735.22	37687.81
Saccade R	1	20	17118824993	17118875001	50008	1010.41	370.28	959.31	360.62	39.43	1972.75	0.76	788.47	66254.19	-69735.22	37687.81
Fixation L	1	13	17118875001	17118999108	124107	944.53	349.06	30	24	-1	10.01	10.01
Fixation R	1	13	17118875001	17118999108	124107	944.53	349.06	30	24	-1	10.50	10.50
Blink L	1	6	17118999108	17119085106	85998
Blink R	1	6	17118999108	17119085106	85998
Fixation L	1	14	17119085106	17119158159	73053	-0.20	0.00	2	0	-1	0.21	0.21
Fixation R	1	14	17119085106	17119158159	73053	-0.20	0.00	2	0	-1	0.28	0.28
Fixation L	1	15	17119249173	17119329250	80077	1030.49	313.26	17	28	-1	10.01	10.01
Fixation R	1	15	17119249173	17119329250	80077	1030.49	313.26	17	28	-1	10.76	10.76
Saccade L	1	21	17119329250	17119408098	78848	1031.86	295.44	417.38	343.06	15.08	396.62	0.39	191.31	13547.06	-12625.79	7680.58
Saccade R	1	21	17119329250	17119408098	78848	1031.86	295.44	417.38	343.06	15.08	396.62	0.39	191.31	13547.06	-12625.79	7680.58
Saccade L	1	22	17119412508	17119446040	33532	415.51	344.78	433.63	347.86	2.15	130.01	0.26	64.21	2147.93	-3282.83	2088.90
Saccade R	1	22	17119412508	17119446040	33532	415.51	344.78	433.63	347.86	2.15	130.01	0.26	64.21	2147.93	-3282.83	2088.90
Blink L	1	7	17119479237	17119537370	58133
Blink R	1	7	17119479237	17119537370	58133
Saccade L	1	23	17119589338	17119621336	31998	458.53	351.43	420.00	318.64	7.37	404.28	0.38	230.32	14275.56	-14085.53	9832.55
Saccade R	1	23	17119589338	17119621336	31998	458.53	351.43	420.00	318.64	7.37	404.28	0.38	230.32	14275.56	-14085.53	9832.55
Blink L	1	8	17119627342	17119671336	43994
Blink R	1	8	17119627342	17119671336	43994
Saccade L	1	24	17119671336	17119707334	35998	0.00	0.00	436.72	319.54	15.90	1044.00	0.67	441.57	26944.51	-39113.43	17603.02
Saccade R	1	24	17119671336	17119707334	35998	0.00	0.00	436.72	319.54	15.90	1044.00	0.67	441.57	26944.51	-39113.43	17603.02
Fixation L	1	16	17119707334	17119767462	60128	428.56	320.13	14	5	-1	10.27	10.27
Fixation R	1	16	17119707334	17119767462	60128	428.56	320.13	14	5	-1	10.56	10.56
Saccade L	1	25	17119867452	17119895465	28013	455.24	354.46	406.20	324.95	1.23	75.08	0.48	43.83	-690.95	-11993.21	4091.26
Saccade R	1	25	17119867452	17119895465	28013	455.24	354.46	406.20	324.95	1.23	75.08	0.48	43.83	-690.95	-11993.21	4091.26
Fixation L	1	17	17119895465	17120065565	170100	417.00	328.52	17	26	-1	10.63	10.63
Fixation R	1	17	17119895465	17120065565	170100	417.00	328.52	17	26	-1	10.89	10.89
Blink L	1	9	17120065565	17120103565	38000
Blink R	1	9	17120065565	17120103565	38000
Blink L	1	10	17120111578	17120166794	55216
Blink R	1	10	17120111578	17120166794	55216
Fixation L	1	18	17120166794	17120401794	235000	563.87	362.13	45	34	-1	10.74	10.74
Fixation R	1	18	17120166794	17120401794	235000	563.87	362.13	45	34	-1	11.00	11.00
Saccade L	1	26	17120401794	17120438239	36445	586.44	342.84	482.29	316.83	2.71	156.62	0.38	74.26	6336.17	-5674.85	4089.57
Saccade R	1	26	17120401794	17120438239	36445	586.44	342.84	482.29	316.83	2.71	156.62	0.38	74.26	6336.17	-5674.85	4089.57
Fixation L	1	19	17120438239	17120551675	113436	489.63	326.29	16	17	-1	10.92	10.92
Fixation R	1	19	17120438239	17120551675	113436	489.63	326.29	16	17	-1	11.26	11.26
Saccade L	1	27	17120551675	17120581799	30124	487.18	326.43	414.45	439.88	3.89	218.53	0.45	129.29	9218.10	-8546.67	6722.86
Saccade R	1	27	17120551675	17120581799	30124	487.18	326.43	414.45	439.88	3.89	218.53	0.45	129.29	9218.10	-8546.67	6722.86
Fixation L	1	20	17120581799	17120837377	255578	418.19	440.79	36	41	-1	11.24	11.24
Fixation R	1	20	17120581799	17120837377	255578	418.19	440.79	36	41	-1	11.47	11.47
Saccade L	1	28	17120837377	17120871783	34406	413.30	433.51	423.06	460.52	2.79	150.39	0.31	81.16	4789.24	-4272.89	2907.53
Saccade R	1	28	17120837377	17120871783	34406	413.30	433.51	423.06	460.52	2.79	150.39	0.31	81.16	4789.24	-4272.89	2907.53
Saccade L	1	29	17120916073	17120941921	25848	321.76	440.96	423.33	444.20	1.19	90.20	0.32	46.05	-655.53	-2839.41	1948.03
Saccade R	1	29	17120916073	17120941921	25848	321.76	440.96	423.33	444.20	1.19	90.20	0.32	46.05	-655.53	-2839.41	1948.03
Saccade L	1	30	17120981907	17121023909	42002	423.52	484.41	546.56	344.71	14.09	646.31	0.43	335.43	26933.90	-26837.93	20296.91
Saccade R	1	30	17120981907	17121023909	42002	423.52	484.41	546.56	344.71	14.09	646.31	0.43	335.43	26933.90	-26837.93	20296.91
Fixation L	1	21	17121023909	17121081912	58003	540.58	339.85	17	14	-1	11.19	11.19
Fixation R	1	21	17121023909	17121081912	58003	540.58	339.85	17	14	-1	11.54	11.54
Fixation L	1	22	17121101906	17121152025	50119	551.59	357.22	14	18	-1	11.18	11.18
Fixation R	1	22	17121101906	17121152025	50119	551.59	357.22	14	18	-1	11.49	11.49
Saccade L	1	31	17121166021	17121194022	28001	531.81	353.32	453.64	346.44	1.71	116.29	0.57	60.99	2780.84	-4959.84	2767.66
Saccade R	1	31	17121166021	17121194022	28001	531.81	353.32	453.64	346.44	1.71	116.29	0.57	60.99	2780.84	-4959.84	2767.66
Fixation L	1	23	17121194022	17121266029	72007	464.62	346.45	37	11	-1	11.17	11.17
Fixation R	1	23	17121194022	17121266029	72007	464.62	346.45	37	11	-1	11.27	11.27
Saccade L	1	32	17121266029	17121289312	23283	483.45	341.38	516.97	341.82	0.71	42.77	0.43	30.53	1252.93	-1223.86	864.51
Saccade R	1	32	17121266029	17121289312	23283	483.45	341.38	516.97	341.82	0.71	42.77	0.43	30.53	1252.93	-1223.86	864.51
Fixation L	1	24	17121289312	17121365225	75913	500.84	349.47	28	31	-1	11.23	11.23
Fixation R	1	24	17121289312	17121365225	75913	500.84	349.47	28	31	-1	11.39	11.39
Saccade L	1	33	17121365225	17121392145	26920	504.26	349.55	547.07	362.08	0.92	53.01	0.41	34.30	1790.04	-1837.17	1252.61
Saccade R	1	33	17121365225	17121392145	26920	504.26	349.55	547.07	362.08	0.92	53.01	0.41	34.30	1790.04	-1837.17	1252.61
Saccade L	1	34	17121402665	17121442997	40332	548.89	364.95	497.06	320.46	6.42	330.02	0.42	159.30	12983.22	-1707.22	5982.48
Saccade R	1	34	17121402665	17121442997	40332	548.89	364.95	497.06	320.46	6.42	330.02	0.42	159.30	12983.22	-1707.22	5982.48
Saccade L	1	35	17121442997	17121484999	42002	497.06	320.46	493.61	314.14	9.42	498.03	0.17	224.27	7835.70	-17216.95	9723.68
Saccade R	1	35	17121442997	17121484999	42002	497.06	320.46	493.61	314.14	9.42	498.03	0.17	224.27	7835.70	-17216.95	9723.68
Saccade L	1	36	17121520138	17121556861	36723	483.50	308.49	406.42	286.77	2.46	122.15	0.49	67.10	4227.44	-3735.25	2990.09
Saccade R	1	36	17121520138	17121556861	36723	483.50	308.49	406.42	286.77	2.46	122.15	0.49	67.10	4227.44	-3735.25	2990.09
Fixation L	1	25	17121598151	17121771665	173514	403.84	319.60	22	39	-1	11.06	11.06
Fixation R	1	25	17121598151	17121771665	173514	403.84	319.60	22	39	-1	11.31	11.31
Saccade L	1	37	17121771665	17121822245	50580	392.51	324.42	398.84	454.88	15.89	786.27	0.72	314.22	27453.15	-30217.35	18749.16
Saccade R	1	37	17121771665	17121822245	50580	392.51	324.42	398.84	454.88	15.89	786.27	0.72	314.22	27453.15	-30217.35	18749.16
Saccade L	1	38	17121822245	17121854410	32165	398.84	454.88	425.35	489.60	1.04	43.59	0.37	32.30	310.32	-19697.54	3346.93
Saccade R	1	38	17121822245	17121854410	32165	398.84	454.88	425.35	489.60	1.04	43.59	0.37	32.30	310.32	-19697.54	3346.93
Blink L	1	11	17121886368	17121952382	66014
Blink R	1	11	17121886368	17121952382	66014
Fixation L	1	26	17121952382	17122044390	92008	409.71	450.62	13	17	-1	11.13	11.13
Fixation R	1	26	17121952382	17122044390	92008	409.71	450.62	13	17	-1	11.48	11.48
Saccade L	1	39	17122044390	17122089748	45358	404.38	440.42	481.04	472.03	28.73	1303.20	0.66	633.42	42800.98	-12957.90	15896.06
Saccade R	1	39	17122044390	17122089748	45358	404.38	440.42	481.04	472.03	28.73	1303.20	0.66	633.42	42800.98	-12957.90	15896.06
Blink L	1	12	17122184501	17122303024	118523
Blink R	1	12	17122184501	17122303024	118523
UserEvent	1	152	17122228211	# Message: UE-mouseclick left x=369 y=474
Blink L	1	13	17122348485	17122424499	76014
Blink R	1	13	17122348485	17122424499	76014
Blink L	1	14	17122428481	17122542641	114160
Blink R	1	14	17122428481	17122542641	114160
Saccade L	1	40	17122542641	17122580595	37954	379.56	449.04	384.12	472.18	16.71	982.27	0.68	440.40	29606.61	-34937.81	21172.49
Saccade R	1	40	17122542641	17122580595	37954	379.56	449.04	384.12	472.18	16.71	982.27	0.68	440.40	29606.61	-34937.81	21172.49
Fixation L	1	27	17122580595	17122891938	311343	395.55	500.23	42	51	-1	10.68	10.68
Fixation R	1	27	17122580595	17122891938	311343	395.55	500.23	42	51	-1	11.01	11.01
Saccade L	1	41	17122891938	17122974743	82805	394.61	492.77	720.88	330.29	9.60	375.12	0.38	115.92	14970.58	-14103.32	6719.92
Saccade R	1	41	17122891938	17122974743	82805	394.61	492.77	720.88	330.29	9.60	375.12	0.38	115.92	14970.58	-14103.32	6719.92
Fixation L	1	28	17122974743	17123110822	136079	722.29	342.57	35	31	-1	10.69	10.69
Fixation R	1	28	17122974743	17123110822	136079	722.29	342.57	35	31	-1	11.08	11.08
Saccade L	1	42	17123110822	17123135828	25006	698.36	330.98	729.36	292.44	3.01	224.95	0.40	120.36	8505.14	-7279.26	5172.62
Saccade R	1	42	17123110822	17123135828	25006	698.36	330.98	729.36	292.44	3.01	224.95	0.40	120.36	8505.14	-7279.26	5172.62
UserEvent	1	176	17123132227	# Message: UE-mouseclick left x=364 y=531
