[BeGaze]
Converted from:	C:\Program Files\SMI\Experiment Suite 360\Experiment Center 2\Results\RC-Attachment-Exp\P15-eye_data.idf
Date:	18.03.2012 20:11:40
Version:	BeGaze 3.0.181
Sample Rate:	500
Subject:	P15
Description:	Run20

Table Header for Fixations:
Event Type	Trial	Number	Start	End	Duration	Location X	Location Y	Dispersion X	Dispersion Y	Plane	Avg. Pupil Size X	Avg. Pupil Size Y

Table Header for Saccades:
Event Type	Trial	Number	Start	End	Duration	Start Loc.X	Start Loc.Y	End Loc.X	End Loc.Y	Amplitude	Peak Speed	Peak Speed At	Average Speed	Peak Accel.	Peak Decel.	Average Accel.

Table Header for Blinks:
Event Type	Trial	Number	Start	End	Duration

Table Header for User Events:
Event Type	Trial	Number	Start	Description

UserEvent	1	1	2693014462	# Message: Questionnaire16.jpg
Fixation L	1	1	2693017443	2693396160	378717	849.66	951.61	45	39	-1	12.83	12.83
Fixation R	1	1	2693017443	2693396160	378717	849.66	951.61	45	39	-1	12.66	12.66
Saccade L	1	1	2693396160	2693484160	88000	853.38	941.27	441.61	370.44	16.00	363.75	0.25	181.78	15408.22	-7493.73	6352.39
Saccade R	1	1	2693396160	2693484160	88000	853.38	941.27	441.61	370.44	16.00	363.75	0.25	181.78	15408.22	-7493.73	6352.39
Fixation L	1	2	2693484160	2694048776	564616	453.94	380.46	43	33	-1	12.89	12.89
Fixation R	1	2	2693484160	2694048776	564616	453.94	380.46	43	33	-1	12.43	12.43
Saccade L	1	2	2694048776	2694074503	25727	481.26	370.92	437.87	372.99	0.87	48.03	0.46	33.98	1850.73	-1928.43	1341.21
Saccade R	1	2	2694048776	2694074503	25727	481.26	370.92	437.87	372.99	0.87	48.03	0.46	33.98	1850.73	-1928.43	1341.21
Fixation L	1	3	2694074503	2694348613	274110	436.91	361.51	20	26	-1	12.98	12.98
Fixation R	1	3	2694074503	2694348613	274110	436.91	361.51	20	26	-1	12.46	12.46
Saccade L	1	3	2694348613	2694382607	33994	437.67	356.18	503.35	351.63	1.43	75.03	0.35	42.02	2925.39	-2253.39	1759.00
Saccade R	1	3	2694348613	2694382607	33994	437.67	356.18	503.35	351.63	1.43	75.03	0.35	42.02	2925.39	-2253.39	1759.00
Fixation L	1	4	2694382607	2694774719	392112	518.67	362.06	27	44	-1	12.95	12.95
Fixation R	1	4	2694382607	2694774719	392112	518.67	362.06	27	44	-1	12.57	12.57
Saccade L	1	4	2694774719	2694826718	51999	516.52	390.37	583.40	357.00	1.96	72.74	0.27	37.62	2731.26	-2011.46	1332.88
Saccade R	1	4	2694774719	2694826718	51999	516.52	390.37	583.40	357.00	1.96	72.74	0.27	37.62	2731.26	-2011.46	1332.88
Fixation L	1	5	2694826718	2694992839	166121	578.69	353.45	26	7	-1	12.87	12.87
Fixation R	1	5	2694826718	2694992839	166121	578.69	353.45	26	7	-1	12.50	12.50
Saccade L	1	5	2694992839	2695024865	32026	589.61	353.32	674.26	367.39	1.84	109.92	0.37	57.45	4692.03	-4186.75	3119.94
Saccade R	1	5	2694992839	2695024865	32026	589.61	353.32	674.26	367.39	1.84	109.92	0.37	57.45	4692.03	-4186.75	3119.94
Fixation L	1	6	2695024865	2695208998	184133	676.11	357.57	9	16	-1	12.90	12.90
Fixation R	1	6	2695024865	2695208998	184133	676.11	357.57	9	16	-1	12.41	12.41
Saccade L	1	6	2695208998	2695242955	33957	677.71	360.85	736.38	353.13	1.28	60.32	0.35	37.79	2596.80	-1814.07	1534.51
Saccade R	1	6	2695208998	2695242955	33957	677.71	360.85	736.38	353.13	1.28	60.32	0.35	37.79	2596.80	-1814.07	1534.51
Fixation L	1	7	2695242955	2695388953	145998	743.29	353.46	16	8	-1	12.78	12.78
Fixation R	1	7	2695242955	2695388953	145998	743.29	353.46	16	8	-1	12.36	12.36
Saccade L	1	7	2695388953	2695416946	27993	734.57	356.45	769.67	380.65	0.92	45.17	0.36	32.78	1765.33	-1380.66	1172.35
Saccade R	1	7	2695388953	2695416946	27993	734.57	356.45	769.67	380.65	0.92	45.17	0.36	32.78	1765.33	-1380.66	1172.35
Fixation L	1	8	2695416946	2695663194	246248	762.22	381.75	14	17	-1	12.90	12.90
Fixation R	1	8	2695416946	2695663194	246248	762.22	381.75	14	17	-1	12.46	12.46
Saccade L	1	8	2695663194	2695757236	94042	761.73	370.92	385.85	543.37	10.05	196.10	0.30	106.85	8555.31	-4579.19	3389.86
Saccade R	1	8	2695663194	2695757236	94042	761.73	370.92	385.85	543.37	10.05	196.10	0.30	106.85	8555.31	-4579.19	3389.86
Fixation L	1	9	2695757236	2695909240	152004	387.71	547.45	20	18	-1	13.27	13.27
Fixation R	1	9	2695757236	2695909240	152004	387.71	547.45	20	18	-1	12.74	12.74
Saccade L	1	9	2695909240	2695933330	24090	399.52	539.78	433.80	521.79	0.76	43.12	0.58	31.38	1633.22	-1298.66	1102.69
Saccade R	1	9	2695909240	2695933330	24090	399.52	539.78	433.80	521.79	0.76	43.12	0.58	31.38	1633.22	-1298.66	1102.69
Fixation L	1	10	2695933330	2696151313	217983	421.65	522.78	21	16	-1	13.45	13.45
Fixation R	1	10	2695933330	2696151313	217983	421.65	522.78	21	16	-1	13.06	13.06
Saccade L	1	10	2696151313	2696177729	26416	414.93	532.07	400.71	487.35	0.91	51.58	0.38	34.31	1435.95	-1850.27	1243.57
Saccade R	1	10	2696151313	2696177729	26416	414.93	532.07	400.71	487.35	0.91	51.58	0.38	34.31	1435.95	-1850.27	1243.57
Fixation L	1	11	2696177729	2696913699	735970	402.60	480.61	38	44	-1	13.42	13.42
Fixation R	1	11	2696177729	2696913699	735970	402.60	480.61	38	44	-1	12.94	12.94
UserEvent	1	91	2696607347	# Message: UE-mouseclick left x=379 y=431
Saccade L	1	11	2696913699	2696973655	59956	392.21	455.39	424.10	565.07	2.77	110.54	0.53	46.21	3855.83	-3603.37	2051.21
Saccade R	1	11	2696913699	2696973655	59956	392.21	455.39	424.10	565.07	2.77	110.54	0.53	46.21	3855.83	-3603.37	2051.21
Fixation L	1	12	2696973655	2697469911	496256	422.34	575.92	31	21	-1	13.16	13.16
Fixation R	1	12	2696973655	2697469911	496256	422.34	575.92	31	21	-1	12.61	12.61
UserEvent	1	112	2697399352	# Message: UE-mouseclick left x=398 y=529
