[BeGaze]
Converted from:	C:\Program Files\SMI\Experiment Suite 360\Experiment Center 2\Results\RC-Attachment-Exp\P13-eye_data.idf
Date:	18.03.2012 20:10:00
Version:	BeGaze 3.0.181
Sample Rate:	500
Subject:	P13
Description:	Run18

Table Header for Fixations:
Event Type	Trial	Number	Start	End	Duration	Location X	Location Y	Dispersion X	Dispersion Y	Plane	Avg. Pupil Size X	Avg. Pupil Size Y

Table Header for Saccades:
Event Type	Trial	Number	Start	End	Duration	Start Loc.X	Start Loc.Y	End Loc.X	End Loc.Y	Amplitude	Peak Speed	Peak Speed At	Average Speed	Peak Accel.	Peak Decel.	Average Accel.

Table Header for Blinks:
Event Type	Trial	Number	Start	End	Duration

Table Header for User Events:
Event Type	Trial	Number	Start	Description

UserEvent	1	1	4416458276	# Message: Questionnaire4.jpg
Fixation L	1	1	4416463818	4416659903	196085	905.57	943.75	37	44	-1	15.13	15.13
Fixation R	1	1	4416463818	4416659903	196085	905.57	943.75	37	44	-1	14.37	14.37
Saccade L	1	1	4416659903	4416724135	64232	883.70	963.30	926.70	942.21	1.78	45.15	0.73	27.68	856.70	-1699.09	619.46
Saccade R	1	1	4416659903	4416724135	64232	883.70	963.30	926.70	942.21	1.78	45.15	0.73	27.68	856.70	-1699.09	619.46
Saccade L	1	2	4416753829	4416837109	83280	937.41	941.95	631.43	429.96	17.43	420.16	0.33	209.28	18359.83	-14893.54	9676.94
Saccade R	1	2	4416753829	4416837109	83280	937.41	941.95	631.43	429.96	17.43	420.16	0.33	209.28	18359.83	-14893.54	9676.94
Fixation L	1	2	4416837109	4416947081	109972	631.06	441.35	8	21	-1	16.27	16.27
Fixation R	1	2	4416837109	4416947081	109972	631.06	441.35	8	21	-1	15.28	15.28
Saccade L	1	3	4416947081	4416989260	42179	637.90	449.05	447.77	378.49	4.45	241.99	0.33	105.40	10487.80	-9697.52	6628.12
Saccade R	1	3	4416947081	4416989260	42179	637.90	449.05	447.77	378.49	4.45	241.99	0.33	105.40	10487.80	-9697.52	6628.12
Fixation L	1	3	4416989260	4417161203	171943	443.75	384.57	16	19	-1	15.70	15.70
Fixation R	1	3	4416989260	4417161203	171943	443.75	384.57	16	19	-1	14.57	14.57
Saccade L	1	4	4417161203	4417227196	65993	443.60	380.95	675.33	417.03	5.26	171.39	0.21	79.78	7563.61	-5360.15	3600.52
Saccade R	1	4	4417161203	4417227196	65993	443.60	380.95	675.33	417.03	5.26	171.39	0.21	79.78	7563.61	-5360.15	3600.52
Fixation L	1	4	4417227196	4417395320	168124	684.33	420.50	23	12	-1	15.43	15.43
Fixation R	1	4	4417227196	4417395320	168124	684.33	420.50	23	12	-1	14.54	14.54
Saccade L	1	5	4417395320	4417461310	65990	697.27	417.73	796.58	408.79	2.91	140.84	0.48	44.09	4984.14	-4888.57	2453.98
Saccade R	1	5	4417395320	4417461310	65990	697.27	417.73	796.58	408.79	2.91	140.84	0.48	44.09	4984.14	-4888.57	2453.98
Fixation L	1	5	4417461310	4417589449	128139	794.02	409.52	14	11	-1	15.60	15.60
Fixation R	1	5	4417461310	4417589449	128139	794.02	409.52	14	11	-1	14.93	14.93
Saccade L	1	6	4417589449	4417624730	35281	798.37	404.80	865.21	407.35	1.48	88.75	0.34	42.04	3691.16	-3437.15	2436.95
Saccade R	1	6	4417589449	4417624730	35281	798.37	404.80	865.21	407.35	1.48	88.75	0.34	42.04	3691.16	-3437.15	2436.95
Fixation L	1	6	4417624730	4417737432	112702	877.53	406.86	26	16	-1	15.90	15.90
Fixation R	1	6	4417624730	4417737432	112702	877.53	406.86	26	16	-1	15.17	15.17
Saccade L	1	7	4417737432	4417787377	49945	881.32	394.62	992.37	392.00	2.89	122.53	0.28	57.79	4569.86	-4474.02	3086.63
Saccade R	1	7	4417737432	4417787377	49945	881.32	394.62	992.37	392.00	2.89	122.53	0.28	57.79	4569.86	-4474.02	3086.63
Fixation L	1	7	4417787377	4418003624	216247	988.98	403.57	21	26	-1	15.97	15.97
Fixation R	1	7	4417787377	4418003624	216247	988.98	403.57	21	26	-1	15.32	15.32
Saccade L	1	8	4418003624	4418073543	69919	992.27	418.70	431.27	471.28	15.38	475.89	0.31	219.93	21145.16	-13054.32	10908.81
Saccade R	1	8	4418003624	4418073543	69919	992.27	418.70	431.27	471.28	15.38	475.89	0.31	219.93	21145.16	-13054.32	10908.81
Fixation L	1	8	4418073543	4418609293	535750	417.75	493.84	38	37	-1	16.41	16.41
Fixation R	1	8	4418073543	4418609293	535750	417.75	493.84	38	37	-1	15.25	15.25
Saccade L	1	9	4418609293	4418639904	30611	427.75	504.26	399.59	539.31	0.97	54.84	0.41	31.69	2183.01	-1962.06	1526.18
Saccade R	1	9	4418609293	4418639904	30611	427.75	504.26	399.59	539.31	0.97	54.84	0.41	31.69	2183.01	-1962.06	1526.18
Fixation L	1	9	4418639904	4418928031	288127	388.29	526.72	43	29	-1	16.06	16.06
Fixation R	1	9	4418639904	4418928031	288127	388.29	526.72	43	29	-1	15.22	15.22
Saccade L	1	10	4418928031	4419002031	74000	361.95	517.63	978.43	413.65	14.14	356.36	0.30	191.04	15772.00	-11417.25	8023.09
Saccade R	1	10	4418928031	4419002031	74000	361.95	517.63	978.43	413.65	14.14	356.36	0.30	191.04	15772.00	-11417.25	8023.09
Fixation L	1	10	4419002031	4419144140	142109	980.65	400.69	16	33	-1	15.91	15.91
Fixation R	1	10	4419002031	4419144140	142109	980.65	400.69	16	33	-1	15.52	15.52
Saccade L	1	11	4419144140	4419170514	26374	986.54	397.87	1056.57	389.81	1.57	116.59	0.45	59.44	4760.45	-4615.35	3333.15
Saccade R	1	11	4419144140	4419170514	26374	986.54	397.87	1056.57	389.81	1.57	116.59	0.45	59.44	4760.45	-4615.35	3333.15
Fixation L	1	11	4419170514	4419282188	111674	1059.34	379.48	9	17	-1	15.79	15.79
Fixation R	1	11	4419170514	4419282188	111674	1059.34	379.48	9	17	-1	15.03	15.03
Saccade L	1	12	4419282188	4419362151	79963	1059.35	377.43	396.15	482.09	18.29	500.49	0.54	228.78	17694.46	-17912.86	11626.15
Saccade R	1	12	4419282188	4419362151	79963	1059.35	377.43	396.15	482.09	18.29	500.49	0.54	228.78	17694.46	-17912.86	11626.15
UserEvent	1	73	4419299856	# Message: UE-mouseclick left x=368 y=510
Fixation L	1	12	4419362151	4419486325	124174	390.80	490.65	24	16	-1	15.23	15.23
Fixation R	1	12	4419362151	4419486325	124174	390.80	490.65	24	16	-1	14.05	14.05
Saccade L	1	13	4419486325	4419522271	35946	375.83	490.06	414.42	501.32	0.99	42.65	0.53	27.46	1620.64	-1488.32	1130.05
Saccade R	1	13	4419486325	4419522271	35946	375.83	490.06	414.42	501.32	0.99	42.65	0.53	27.46	1620.64	-1488.32	1130.05
Fixation L	1	13	4419522271	4419676403	154132	399.42	501.26	22	11	-1	15.27	15.27
Fixation R	1	13	4419522271	4419676403	154132	399.42	501.26	22	11	-1	14.05	14.05
Saccade L	1	14	4419676403	4419706422	30019	393.90	507.57	428.70	597.77	2.16	147.46	0.47	71.93	6244.17	-6178.62	4547.30
Saccade R	1	14	4419676403	4419706422	30019	393.90	507.57	428.70	597.77	2.16	147.46	0.47	71.93	6244.17	-6178.62	4547.30
Fixation L	1	14	4419706422	4419953565	247143	436.38	590.71	19	28	-1	15.73	15.73
Fixation R	1	14	4419706422	4419953565	247143	436.38	590.71	19	28	-1	14.89	14.89
UserEvent	1	89	4419923323	# Message: UE-mouseclick left x=440 y=567
Saccade L	1	15	4419953565	4419994524	40959	440.12	577.90	722.27	432.60	7.43	388.72	0.69	181.50	16490.93	0.00	6701.30
Saccade R	1	15	4419953565	4419994524	40959	440.12	577.90	722.27	432.60	7.43	388.72	0.69	181.50	16490.93	0.00	6701.30
