[BeGaze]
Converted from:	C:\Program Files\SMI\Experiment Suite 360\Experiment Center 2\Results\RC-Attachment-Exp\P09-eye_data.idf
Date:	18.03.2012 20:07:39
Version:	BeGaze 3.0.181
Sample Rate:	500
Subject:	P09
Description:	Run14

Table Header for Fixations:
Event Type	Trial	Number	Start	End	Duration	Location X	Location Y	Dispersion X	Dispersion Y	Plane	Avg. Pupil Size X	Avg. Pupil Size Y

Table Header for Saccades:
Event Type	Trial	Number	Start	End	Duration	Start Loc.X	Start Loc.Y	End Loc.X	End Loc.Y	Amplitude	Peak Speed	Peak Speed At	Average Speed	Peak Accel.	Peak Decel.	Average Accel.

Table Header for Blinks:
Event Type	Trial	Number	Start	End	Duration

Table Header for User Events:
Event Type	Trial	Number	Start	Description

UserEvent	1	1	7344389094	# Message: Questionnaire9.jpg
Fixation L	1	1	7344391482	7344840294	448812	860.17	932.71	31	32	-1	12.85	12.85
Fixation R	1	1	7344391482	7344840294	448812	860.17	932.71	31	32	-1	13.74	13.74
Saccade L	1	1	7344840294	7344938304	98010	853.00	935.77	413.93	512.44	15.15	414.78	0.22	154.60	17385.48	-8779.79	6535.23
Saccade R	1	1	7344840294	7344938304	98010	853.00	935.77	413.93	512.44	15.15	414.78	0.22	154.60	17385.48	-8779.79	6535.23
Fixation L	1	2	7344938304	7344992423	54119	421.15	513.08	10	10	-1	13.06	13.06
Fixation R	1	2	7344938304	7344992423	54119	421.15	513.08	10	10	-1	13.47	13.47
Saccade L	1	2	7344992423	7345038879	46456	424.91	519.70	382.72	371.55	3.59	200.51	0.30	77.17	8085.64	-6781.86	4115.98
Saccade R	1	2	7344992423	7345038879	46456	424.91	519.70	382.72	371.55	3.59	200.51	0.30	77.17	8085.64	-6781.86	4115.98
Fixation L	1	3	7345038879	7345306532	267653	379.06	381.12	39	33	-1	12.51	12.51
Fixation R	1	3	7345038879	7345306532	267653	379.06	381.12	39	33	-1	12.93	12.93
Saccade L	1	3	7345306532	7345337104	30572	393.33	386.32	499.07	393.08	2.38	160.94	0.39	77.76	6505.31	-6072.59	4473.64
Saccade R	1	3	7345306532	7345337104	30572	393.33	386.32	499.07	393.08	2.38	160.94	0.39	77.76	6505.31	-6072.59	4473.64
Fixation L	1	4	7345337104	7345616652	279548	508.37	379.28	30	39	-1	12.45	12.45
Fixation R	1	4	7345337104	7345616652	279548	508.37	379.28	30	39	-1	13.07	13.07
Saccade L	1	4	7345616652	7345664647	47995	496.96	382.90	651.43	366.63	3.83	192.83	0.29	79.76	8125.32	-6774.51	4553.07
Saccade R	1	4	7345616652	7345664647	47995	496.96	382.90	651.43	366.63	3.83	192.83	0.29	79.76	8125.32	-6774.51	4553.07
Fixation L	1	5	7345664647	7345838769	174122	653.37	362.17	14	25	-1	12.92	12.92
Fixation R	1	5	7345664647	7345838769	174122	653.37	362.17	14	25	-1	13.60	13.60
Saccade L	1	5	7345838769	7345869033	30264	645.39	375.33	728.20	359.15	1.87	121.58	0.40	61.88	4870.24	-4627.05	3424.00
Saccade R	1	5	7345838769	7345869033	30264	645.39	375.33	728.20	359.15	1.87	121.58	0.40	61.88	4870.24	-4627.05	3424.00
Fixation L	1	6	7345869033	7345942772	73739	724.86	355.31	8	9	-1	12.84	12.84
Fixation R	1	6	7345869033	7345942772	73739	724.86	355.31	8	9	-1	13.37	13.37
Saccade L	1	6	7345942772	7345966761	23989	724.10	350.78	752.23	373.20	0.74	44.13	0.42	30.91	1809.21	-1481.96	1167.81
Saccade R	1	6	7345942772	7345966761	23989	724.10	350.78	752.23	373.20	0.74	44.13	0.42	30.91	1809.21	-1481.96	1167.81
Fixation L	1	7	7345966761	7346018772	52011	749.17	378.92	14	7	-1	12.82	12.82
Fixation R	1	7	7345966761	7346018772	52011	749.17	378.92	14	7	-1	13.65	13.65
Saccade L	1	7	7346018772	7346044895	26123	740.38	381.98	847.19	378.86	2.33	166.37	0.46	89.31	6810.62	-6549.88	4814.05
Saccade R	1	7	7346018772	7346044895	26123	740.38	381.98	847.19	378.86	2.33	166.37	0.46	89.31	6810.62	-6549.88	4814.05
Fixation L	1	8	7346044895	7346801126	756231	850.34	373.31	38	54	-1	12.97	12.97
Fixation R	1	8	7346044895	7346801126	756231	850.34	373.31	38	54	-1	13.81	13.81
Saccade L	1	8	7346801126	7346825126	24000	848.68	353.55	846.09	385.83	0.81	47.92	0.50	33.58	1220.82	-323.34	580.58
Saccade R	1	8	7346801126	7346825126	24000	848.68	353.55	846.09	385.83	0.81	47.92	0.50	33.58	1220.82	-323.34	580.58
Saccade L	1	9	7346825126	7346849117	23991	846.09	385.83	841.96	346.29	0.88	61.59	0.58	36.66	746.56	-1176.97	574.22
Saccade R	1	9	7346825126	7346849117	23991	846.09	385.83	841.96	346.29	0.88	61.59	0.58	36.66	746.56	-1176.97	574.22
Fixation L	1	9	7346849117	7347039248	190131	848.12	374.19	17	45	-1	13.19	13.19
Fixation R	1	9	7346849117	7347039248	190131	848.12	374.19	17	45	-1	14.12	14.12
Saccade L	1	10	7347039248	7347107364	68116	838.38	392.99	394.63	484.63	18.13	730.80	0.38	266.12	29698.94	-27104.34	15958.49
Saccade R	1	10	7347039248	7347107364	68116	838.38	392.99	394.63	484.63	18.13	730.80	0.38	266.12	29698.94	-27104.34	15958.49
Fixation L	1	10	7347107364	7347884923	777559	401.04	495.02	42	59	-1	13.10	13.10
Fixation R	1	10	7347107364	7347884923	777559	401.04	495.02	42	59	-1	13.92	13.92
Saccade L	1	11	7347884923	7347907918	22995	406.59	509.60	404.31	465.73	0.92	62.55	0.35	39.97	1596.40	-2403.82	1399.66
Saccade R	1	11	7347884923	7347907918	22995	406.59	509.60	404.31	465.73	0.92	62.55	0.35	39.97	1596.40	-2403.82	1399.66
Fixation L	1	11	7347907918	7348137749	229831	406.75	473.78	32	43	-1	12.84	12.84
Fixation R	1	11	7347907918	7348137749	229831	406.75	473.78	32	43	-1	13.67	13.67
UserEvent	1	95	7348134930	# Message: UE-mouseclick left x=442 y=471
Saccade L	1	12	7348137749	7348175738	37989	388.31	492.31	533.24	393.84	4.37	258.88	0.58	115.05	10105.69	-10121.25	7233.39
Saccade R	1	12	7348137749	7348175738	37989	388.31	492.31	533.24	393.84	4.37	258.88	0.58	115.05	10105.69	-10121.25	7233.39
Fixation L	1	12	7348175738	7348381894	206156	537.58	398.50	19	27	-1	12.66	12.66
Fixation R	1	12	7348175738	7348381894	206156	537.58	398.50	19	27	-1	13.85	13.85
Saccade L	1	13	7348381894	7348422917	41023	540.25	403.97	567.92	364.30	1.26	42.45	0.19	30.60	1110.74	-912.92	786.04
Saccade R	1	13	7348381894	7348422917	41023	540.25	403.97	567.92	364.30	1.26	42.45	0.19	30.60	1110.74	-912.92	786.04
Fixation L	1	13	7348422917	7348545992	123075	569.52	377.40	17	23	-1	12.74	12.74
Fixation R	1	13	7348422917	7348545992	123075	569.52	377.40	17	23	-1	13.86	13.86
Saccade L	1	14	7348545992	7348585991	39999	559.39	379.12	675.00	394.47	3.26	196.29	0.40	81.44	7453.99	-7310.20	4631.14
Saccade R	1	14	7348545992	7348585991	39999	559.39	379.12	675.00	394.47	3.26	196.29	0.40	81.44	7453.99	-7310.20	4631.14
Fixation L	1	14	7348585991	7348784085	198094	683.66	380.01	19	29	-1	12.56	12.56
Fixation R	1	14	7348585991	7348784085	198094	683.66	380.01	19	29	-1	13.64	13.64
Fixation L	1	15	7348804153	7348856328	52175	680.42	346.26	16	18	-1	12.63	12.63
Fixation R	1	15	7348804153	7348856328	52175	680.42	346.26	16	18	-1	13.62	13.62
Saccade L	1	15	7348856328	7348882106	25778	668.12	352.55	774.93	355.83	2.28	158.19	0.53	88.46	6124.06	-6582.41	4589.41
Saccade R	1	15	7348856328	7348882106	25778	668.12	352.55	774.93	355.83	2.28	158.19	0.53	88.46	6124.06	-6582.41	4589.41
Saccade L	1	16	7348902439	7348928084	25645	785.33	359.16	819.12	342.16	0.79	41.49	0.53	30.66	1266.01	-622.99	683.13
Saccade R	1	16	7348902439	7348928084	25645	785.33	359.16	819.12	342.16	0.79	41.49	0.53	30.66	1266.01	-622.99	683.13
Fixation L	1	16	7348928084	7349106208	178124	801.38	347.15	31	16	-1	12.59	12.59
Fixation R	1	16	7348928084	7349106208	178124	801.38	347.15	31	16	-1	13.50	13.50
Saccade L	1	17	7349106208	7349132201	25993	797.89	352.22	877.13	347.99	1.62	118.46	0.46	62.38	4551.29	-4479.70	3199.51
Saccade R	1	17	7349106208	7349132201	25993	797.89	352.22	877.13	347.99	1.62	118.46	0.46	62.38	4551.29	-4479.70	3199.51
Fixation L	1	17	7349132201	7349272199	139998	885.28	374.46	26	49	-1	12.61	12.61
Fixation R	1	17	7349132201	7349272199	139998	885.28	374.46	26	49	-1	13.48	13.48
Saccade L	1	18	7349272199	7349306326	34127	879.80	376.77	681.54	371.63	4.31	244.92	0.41	126.35	10206.11	-10125.20	7408.30
Saccade R	1	18	7349272199	7349306326	34127	879.80	376.77	681.54	371.63	4.31	244.92	0.41	126.35	10206.11	-10125.20	7408.30
Fixation L	1	18	7349306326	7349610437	304111	690.60	369.34	29	28	-1	12.78	12.78
Fixation R	1	18	7349306326	7349610437	304111	690.60	369.34	29	28	-1	13.37	13.37
Saccade L	1	19	7349610437	7349672438	62001	686.77	373.42	405.93	582.93	7.85	330.00	0.29	126.58	14310.13	-10593.97	6937.72
Saccade R	1	19	7349610437	7349672438	62001	686.77	373.42	405.93	582.93	7.85	330.00	0.29	126.58	14310.13	-10593.97	6937.72
Fixation L	1	19	7349672438	7349880572	208134	397.17	575.90	54	15	-1	12.90	12.90
Fixation R	1	19	7349672438	7349880572	208134	397.17	575.90	54	15	-1	13.64	13.64
UserEvent	1	137	7349806701	# Message: UE-mouseclick left x=445 y=532
Saccade L	1	20	7349880572	7349910630	30058	436.65	576.73	414.55	544.25	0.98	44.99	0.64	32.76	1201.37	-1170.40	896.18
Saccade R	1	20	7349880572	7349910630	30058	436.65	576.73	414.55	544.25	0.98	44.99	0.64	32.76	1201.37	-1170.40	896.18
