[BeGaze]
Converted from:	C:\Program Files\SMI\Experiment Suite 360\Experiment Center 2\Results\RC-Attachment-Exp\Denek01-eye_data.idf
Date:	24.02.2012 09:57:41
Version:	BeGaze 3.0.181
Sample Rate:	500
Subject:	Denek01
Description:	Run4

Table Header for Fixations:
Event Type	Trial	Number	Start	End	Duration	Location X	Location Y	Dispersion X	Dispersion Y	Plane	Avg. Pupil Size X	Avg. Pupil Size Y

Table Header for Saccades:
Event Type	Trial	Number	Start	End	Duration	Start Loc.X	Start Loc.Y	End Loc.X	End Loc.Y	Amplitude	Peak Speed	Peak Speed At	Average Speed	Peak Accel.	Peak Decel.	Average Accel.

Table Header for Blinks:
Event Type	Trial	Number	Start	End	Duration

Table Header for User Events:
Event Type	Trial	Number	Start	Description

UserEvent	1	1	1798759866	# Message: Questionnaire8.jpg
Fixation L	1	1	1798767114	1799131034	363920	920.05	927.29	24	30	-1	13.87	13.87
Fixation R	1	1	1798767114	1799131034	363920	920.05	927.29	24	30	-1	15.02	15.02
Saccade L	1	1	1799131034	1799216998	85964	914.20	933.49	479.42	375.82	16.77	421.95	0.23	195.08	18642.81	-9971.76	8072.79
Saccade R	1	1	1799131034	1799216998	85964	914.20	933.49	479.42	375.82	16.77	421.95	0.23	195.08	18642.81	-9971.76	8072.79
Fixation L	1	2	1799216998	1799300995	83997	475.84	373.04	22	20	-1	14.19	14.19
Fixation R	1	2	1799216998	1799300995	83997	475.84	373.04	22	20	-1	14.88	14.88
Saccade L	1	2	1799300995	1799337071	36076	487.80	360.60	515.91	332.67	0.89	41.65	0.50	24.68	1346.58	-1561.11	1058.08
Saccade R	1	2	1799300995	1799337071	36076	487.80	360.60	515.91	332.67	0.89	41.65	0.50	24.68	1346.58	-1561.11	1058.08
Fixation L	1	3	1799337071	1799467224	130153	518.28	331.10	14	8	-1	14.32	14.32
Fixation R	1	3	1799337071	1799467224	130153	518.28	331.10	14	8	-1	14.99	14.99
Saccade L	1	3	1799467224	1799539108	71884	526.49	331.04	783.38	317.61	5.87	235.30	0.22	81.69	10464.47	-7901.29	4509.90
Saccade R	1	3	1799467224	1799539108	71884	526.49	331.04	783.38	317.61	5.87	235.30	0.22	81.69	10464.47	-7901.29	4509.90
Fixation L	1	4	1799539108	1799839462	300354	782.67	336.77	21	37	-1	15.16	15.16
Fixation R	1	4	1799539108	1799839462	300354	782.67	336.77	21	37	-1	15.94	15.94
Saccade L	1	4	1799839462	1799877224	37762	777.93	354.83	886.21	356.46	2.34	161.90	0.31	62.02	6155.35	-6233.17	3840.80
Saccade R	1	4	1799839462	1799877224	37762	777.93	354.83	886.21	356.46	2.34	161.90	0.31	62.02	6155.35	-6233.17	3840.80
Fixation L	1	5	1799877224	1799953341	76117	885.92	350.36	17	20	-1	15.88	15.88
Fixation R	1	5	1799877224	1799953341	76117	885.92	350.36	17	20	-1	16.89	16.89
Saccade L	1	5	1799953341	1800005342	52001	881.80	349.34	1010.90	321.00	3.40	196.16	0.27	65.43	7730.40	-6711.31	3821.06
Saccade R	1	5	1799953341	1800005342	52001	881.80	349.34	1010.90	321.00	3.40	196.16	0.27	65.43	7730.40	-6711.31	3821.06
Fixation L	1	6	1800005342	1800398509	393167	1020.41	339.86	30	41	-1	16.33	16.33
Fixation R	1	6	1800005342	1800398509	393167	1020.41	339.86	30	41	-1	17.34	17.34
Saccade L	1	6	1800398509	1800429813	31304	1014.44	345.84	1122.08	362.93	2.34	158.88	0.41	74.89	6638.35	-6594.39	4811.16
Saccade R	1	6	1800398509	1800429813	31304	1014.44	345.84	1122.08	362.93	2.34	158.88	0.41	74.89	6638.35	-6594.39	4811.16
Saccade L	1	7	1800474559	1800616158	141599	1111.11	339.59	563.58	355.66	14.68	397.18	0.26	103.66	17129.84	-12143.29	4817.00
Saccade R	1	7	1800474559	1800616158	141599	1111.11	339.59	563.58	355.66	14.68	397.18	0.26	103.66	17129.84	-12143.29	4817.00
Fixation L	1	7	1800616158	1800945703	329545	551.21	356.49	29	33	-1	16.38	16.38
Fixation R	1	7	1800616158	1800945703	329545	551.21	356.49	29	33	-1	17.24	17.24
Saccade L	1	8	1800945703	1801009826	64123	539.14	341.55	673.56	334.53	3.55	190.31	0.35	55.34	7800.35	-7613.07	3469.48
Saccade R	1	8	1800945703	1801009826	64123	539.14	341.55	673.56	334.53	3.55	190.31	0.35	55.34	7800.35	-7613.07	3469.48
Fixation L	1	8	1801009826	1801083809	73983	676.54	330.93	12	23	-1	16.27	16.27
Fixation R	1	8	1801009826	1801083809	73983	676.54	330.93	12	23	-1	17.22	17.22
Saccade L	1	9	1801083809	1801139834	56025	673.45	330.11	407.50	354.48	6.43	281.87	0.32	114.76	12458.84	-11223.77	7343.33
Saccade R	1	9	1801083809	1801139834	56025	673.45	330.11	407.50	354.48	6.43	281.87	0.32	114.76	12458.84	-11223.77	7343.33
Fixation L	1	9	1801139834	1801201808	61974	426.15	348.40	30	10	-1	16.22	16.22
Fixation R	1	9	1801139834	1801201808	61974	426.15	348.40	30	10	-1	17.08	17.08
Saccade L	1	10	1801201808	1801242279	40471	438.74	344.42	425.96	335.05	8.47	366.46	0.30	209.38	16409.69	-14200.66	11780.27
Saccade R	1	10	1801201808	1801242279	40471	438.74	344.42	425.96	335.05	8.47	366.46	0.30	209.38	16409.69	-14200.66	11780.27
Fixation L	1	10	1801242279	1801530035	287756	435.64	341.29	26	38	-1	16.13	16.13
Fixation R	1	10	1801242279	1801530035	287756	435.64	341.29	26	38	-1	17.03	17.03
Saccade L	1	11	1801530035	1801606031	75996	433.26	361.82	571.46	318.09	3.61	172.86	0.22	47.49	6835.99	-6391.58	2489.06
Saccade R	1	11	1801530035	1801606031	75996	433.26	361.82	571.46	318.09	3.61	172.86	0.22	47.49	6835.99	-6391.58	2489.06
Fixation L	1	11	1801606031	1801674277	68246	568.48	328.41	10	30	-1	15.72	15.72
Fixation R	1	11	1801606031	1801674277	68246	568.48	328.41	10	30	-1	16.59	16.59
Saccade L	1	12	1801674277	1801736023	61746	561.32	340.57	909.08	313.49	7.88	295.37	0.35	127.57	13146.05	-9087.74	7203.61
Saccade R	1	12	1801674277	1801736023	61746	561.32	340.57	909.08	313.49	7.88	295.37	0.35	127.57	13146.05	-9087.74	7203.61
Fixation L	1	12	1801736023	1801892150	156127	913.44	320.48	23	19	-1	15.33	15.33
Fixation R	1	12	1801736023	1801892150	156127	913.44	320.48	23	19	-1	16.48	16.48
Saccade L	1	13	1801892150	1801938181	46031	911.52	314.46	1093.67	326.40	4.26	219.99	0.43	92.50	9809.52	-9283.28	6210.41
Saccade R	1	13	1801892150	1801938181	46031	911.52	314.46	1093.67	326.40	4.26	219.99	0.43	92.50	9809.52	-9283.28	6210.41
Fixation L	1	13	1801938181	1802202256	264075	1093.58	335.88	21	37	-1	14.98	14.98
Fixation R	1	13	1801938181	1802202256	264075	1093.58	335.88	21	37	-1	16.25	16.25
Blink L	1	1	1802202256	1802404633	202377
Blink R	1	1	1802202256	1802404633	202377
Fixation L	1	14	1802404633	1802542366	137733	419.86	458.42	26	35	-1	14.85	14.85
Fixation R	1	14	1802404633	1802542366	137733	419.86	458.42	26	35	-1	15.63	15.63
Fixation L	1	15	1802591863	1804949431	2357568	382.73	442.42	60	80	-1	15.73	15.73
Fixation R	1	15	1802591863	1804949431	2357568	382.73	442.42	60	80	-1	16.72	16.72
UserEvent	1	139	1804301404	# Message: UE-mouseclick left x=399 y=477
UserEvent	1	155	1804901369	# Message: UE-mouseclick left x=412 y=513
