[BeGaze]
Converted from:	C:\Program Files\SMI\Experiment Suite 360\Experiment Center 2\Results\RC-Attachment-Exp\P22-eye_data.idf
Date:	18.03.2012 20:17:48
Version:	BeGaze 3.0.181
Sample Rate:	500
Subject:	P22
Description:	Run27

Table Header for Fixations:
Event Type	Trial	Number	Start	End	Duration	Location X	Location Y	Dispersion X	Dispersion Y	Plane	Avg. Pupil Size X	Avg. Pupil Size Y

Table Header for Saccades:
Event Type	Trial	Number	Start	End	Duration	Start Loc.X	Start Loc.Y	End Loc.X	End Loc.Y	Amplitude	Peak Speed	Peak Speed At	Average Speed	Peak Accel.	Peak Decel.	Average Accel.

Table Header for Blinks:
Event Type	Trial	Number	Start	End	Duration

Table Header for User Events:
Event Type	Trial	Number	Start	Description

UserEvent	1	1	2527439999	# Message: RC-N1forced-anim-6.jpg
Fixation L	1	1	2527449452	2527737388	287936	539.97	468.32	46	22	-1	8.85	8.85
Fixation R	1	1	2527449452	2527737388	287936	539.97	468.32	46	22	-1	9.07	9.07
Saccade L	1	1	2527737388	2527765474	28086	521.50	455.44	632.13	479.29	2.42	181.32	0.57	86.10	7256.65	-7301.59	5217.45
Saccade R	1	1	2527737388	2527765474	28086	521.50	455.44	632.13	479.29	2.42	181.32	0.57	86.10	7256.65	-7301.59	5217.45
Fixation L	1	2	2527765474	2527823382	57908	632.34	475.21	15	5	-1	8.93	8.93
Fixation R	1	2	2527765474	2527823382	57908	632.34	475.21	15	5	-1	9.13	9.13
Saccade L	1	2	2527823382	2527853502	30120	638.78	477.23	708.30	490.45	1.62	116.45	0.53	53.95	4586.56	-4631.33	3290.76
Saccade R	1	2	2527823382	2527853502	30120	638.78	477.23	708.30	490.45	1.62	116.45	0.53	53.95	4586.56	-4631.33	3290.76
Fixation L	1	3	2527853502	2528003196	149694	702.99	468.35	25	41	-1	8.96	8.96
Fixation R	1	3	2527853502	2528003196	149694	702.99	468.35	25	41	-1	9.16	9.16
Saccade L	1	3	2528003196	2528031496	28300	693.44	451.30	748.67	457.98	1.17	84.56	0.54	41.17	3289.20	-3183.39	2329.78
Saccade R	1	3	2528003196	2528031496	28300	693.44	451.30	748.67	457.98	1.17	84.56	0.54	41.17	3289.20	-3183.39	2329.78
Fixation L	1	4	2528031496	2528361618	330122	765.16	478.81	45	35	-1	8.91	8.91
Fixation R	1	4	2528031496	2528361618	330122	765.16	478.81	45	35	-1	9.04	9.04
Saccade L	1	4	2528361618	2528391746	30128	775.00	465.15	816.74	484.35	0.96	58.19	0.40	31.97	2134.14	-2157.84	1544.71
Saccade R	1	4	2528361618	2528391746	30128	775.00	465.15	816.74	484.35	0.96	58.19	0.40	31.97	2134.14	-2157.84	1544.71
Fixation L	1	5	2528391746	2528543732	151986	816.27	474.59	8	18	-1	8.65	8.65
Fixation R	1	5	2528391746	2528543732	151986	816.27	474.59	8	18	-1	8.82	8.82
Saccade L	1	5	2528543732	2528567730	23998	817.63	465.71	865.11	465.64	1.00	75.53	0.50	41.82	2828.93	-2858.57	1982.58
Saccade R	1	5	2528543732	2528567730	23998	817.63	465.71	865.11	465.64	1.00	75.53	0.50	41.82	2828.93	-2858.57	1982.58
Fixation L	1	6	2528567730	2528791851	224121	864.38	454.35	25	17	-1	8.59	8.59
Fixation R	1	6	2528567730	2528791851	224121	864.38	454.35	25	17	-1	8.71	8.71
Saccade L	1	6	2528791851	2528829848	37997	880.25	456.32	919.15	449.68	0.94	44.95	0.53	24.66	1546.79	-1645.92	1132.40
Saccade R	1	6	2528791851	2528829848	37997	880.25	456.32	919.15	449.68	0.94	44.95	0.53	24.66	1546.79	-1645.92	1132.40
Fixation L	1	7	2528829848	2528969965	140117	923.76	459.85	11	26	-1	8.46	8.46
Fixation R	1	7	2528829848	2528969965	140117	923.76	459.85	11	26	-1	8.64	8.64
Saccade L	1	7	2528969965	2529013087	43122	928.17	462.37	971.57	472.65	1.06	40.53	0.37	24.61	1382.57	-1377.66	1036.29
Saccade R	1	7	2528969965	2529013087	43122	928.17	462.37	971.57	472.65	1.06	40.53	0.37	24.61	1382.57	-1377.66	1036.29
Fixation L	1	8	2529013087	2529330506	317419	978.25	475.87	29	20	-1	8.40	8.40
Fixation R	1	8	2529013087	2529330506	317419	978.25	475.87	29	20	-1	8.59	8.59
Saccade L	1	8	2529330506	2529354092	23586	984.55	474.12	1043.06	470.41	1.13	96.22	0.41	47.99	3799.46	-3748.35	2705.32
Saccade R	1	8	2529330506	2529354092	23586	984.55	474.12	1043.06	470.41	1.13	96.22	0.41	47.99	3799.46	-3748.35	2705.32
Fixation L	1	9	2529354092	2529588199	234107	1051.23	461.78	21	27	-1	8.15	8.15
Fixation R	1	9	2529354092	2529588199	234107	1051.23	461.78	21	27	-1	8.26	8.26
Blink L	1	1	2529588199	2529860364	272165
Blink R	1	1	2529588199	2529860364	272165
Saccade L	1	9	2529860364	2529888931	28567	887.46	848.66	887.35	885.38	0.77	45.35	0.42	26.96	554.34	-1520.88	750.49
Saccade R	1	9	2529860364	2529888931	28567	887.46	848.66	887.35	885.38	0.77	45.35	0.42	26.96	554.34	-1520.88	750.49
Fixation L	1	10	2529888931	2530066448	177517	884.92	937.63	25	90	-1	8.12	8.12
Fixation R	1	10	2529888931	2530066448	177517	884.92	937.63	25	90	-1	8.72	8.72
Saccade L	1	10	2530066448	2530104433	37985	875.00	975.95	911.74	968.56	0.94	44.78	0.47	24.68	1593.62	-1137.12	858.39
Saccade R	1	10	2530066448	2530104433	37985	875.00	975.95	911.74	968.56	0.94	44.78	0.47	24.68	1593.62	-1137.12	858.39
Fixation L	1	11	2530104433	2530532984	428551	920.89	952.34	21	56	-1	9.03	9.03
Fixation R	1	11	2530104433	2530532984	428551	920.89	952.34	21	56	-1	9.24	9.24
