[BeGaze]
Converted from:	C:\Program Files\SMI\Experiment Suite 360\Experiment Center 2\Results\RC-Attachment-Exp\P11-eye_data.idf
Date:	18.03.2012 20:09:02
Version:	BeGaze 3.0.181
Sample Rate:	500
Subject:	P11
Description:	Run16

Table Header for Fixations:
Event Type	Trial	Number	Start	End	Duration	Location X	Location Y	Dispersion X	Dispersion Y	Plane	Avg. Pupil Size X	Avg. Pupil Size Y

Table Header for Saccades:
Event Type	Trial	Number	Start	End	Duration	Start Loc.X	Start Loc.Y	End Loc.X	End Loc.Y	Amplitude	Peak Speed	Peak Speed At	Average Speed	Peak Accel.	Peak Decel.	Average Accel.

Table Header for Blinks:
Event Type	Trial	Number	Start	End	Duration

Table Header for User Events:
Event Type	Trial	Number	Start	Description

UserEvent	1	1	10514066619	# Message: RC-nonforced-anim-5.jpg
Fixation L	1	1	10514072063	10514548204	476141	508.09	416.53	34	37	-1	13.10	13.10
Fixation R	1	1	10514072063	10514548204	476141	508.09	416.53	34	37	-1	12.32	12.32
Saccade L	1	1	10514548204	10514580181	31977	506.83	422.50	559.55	416.90	1.14	52.49	0.50	35.66	1832.66	-1884.72	1355.88
Saccade R	1	1	10514548204	10514580181	31977	506.83	422.50	559.55	416.90	1.14	52.49	0.50	35.66	1832.66	-1884.72	1355.88
Fixation L	1	2	10514580181	10514728177	147996	557.21	427.31	13	17	-1	13.36	13.36
Fixation R	1	2	10514580181	10514728177	147996	557.21	427.31	13	17	-1	12.58	12.58
Saccade L	1	2	10514728177	10514764200	36023	559.01	430.76	649.25	455.23	2.07	107.61	0.50	57.43	3994.23	-4306.00	2995.13
Saccade R	1	2	10514728177	10514764200	36023	559.01	430.76	649.25	455.23	2.07	107.61	0.50	57.43	3994.23	-4306.00	2995.13
Fixation L	1	3	10514764200	10514927269	163069	645.38	443.36	20	24	-1	13.22	13.22
Fixation R	1	3	10514764200	10514927269	163069	645.38	443.36	20	24	-1	12.41	12.41
Saccade L	1	3	10514927269	10514960321	33052	647.01	443.16	754.67	437.11	2.28	118.49	0.39	69.09	5053.82	-4539.15	3494.62
Saccade R	1	3	10514927269	10514960321	33052	647.01	443.16	754.67	437.11	2.28	118.49	0.39	69.09	5053.82	-4539.15	3494.62
Fixation L	1	4	10514960321	10515208427	248106	762.51	442.06	15	29	-1	13.15	13.15
Fixation R	1	4	10514960321	10515208427	248106	762.51	442.06	15	29	-1	12.47	12.47
Saccade L	1	4	10515208427	10515242432	34005	760.17	447.82	844.98	435.83	1.89	105.89	0.53	55.46	4215.62	-4010.10	2984.70
Saccade R	1	4	10515208427	10515242432	34005	760.17	447.82	844.98	435.83	1.89	105.89	0.53	55.46	4215.62	-4010.10	2984.70
Fixation L	1	5	10515242432	10515476539	234107	847.55	438.93	31	27	-1	13.22	13.22
Fixation R	1	5	10515242432	10515476539	234107	847.55	438.93	31	27	-1	12.54	12.54
Saccade L	1	5	10515476539	10515506538	29999	838.80	431.93	926.11	425.36	1.83	111.36	0.40	60.91	4603.15	-4232.39	3213.74
Saccade R	1	5	10515476539	10515506538	29999	838.80	431.93	926.11	425.36	1.83	111.36	0.40	60.91	4603.15	-4232.39	3213.74
Fixation L	1	6	10515506538	10515706658	200120	935.94	437.10	17	27	-1	13.44	13.44
Fixation R	1	6	10515506538	10515706658	200120	935.94	437.10	17	27	-1	12.73	12.73
Saccade L	1	6	10515706658	10515738654	31996	937.68	440.11	1025.12	432.44	1.90	112.12	0.44	59.52	4012.61	-4284.61	3053.66
Saccade R	1	6	10515706658	10515738654	31996	937.68	440.11	1025.12	432.44	1.90	112.12	0.44	59.52	4012.61	-4284.61	3053.66
Fixation L	1	7	10515738654	10515914854	176200	1024.77	439.70	32	31	-1	13.33	13.33
Fixation R	1	7	10515738654	10515914854	176200	1024.77	439.70	32	31	-1	12.71	12.71
Saccade L	1	7	10515914854	10515950773	35919	1018.46	432.28	1126.26	421.06	2.31	97.65	0.33	64.37	4202.12	-3439.90	2868.40
Saccade R	1	7	10515914854	10515950773	35919	1018.46	432.28	1126.26	421.06	2.31	97.65	0.33	64.37	4202.12	-3439.90	2868.40
Fixation L	1	8	10515950773	10516296893	346120	1140.27	447.31	27	44	-1	13.13	13.13
Fixation R	1	8	10515950773	10516296893	346120	1140.27	447.31	27	44	-1	12.67	12.67
Blink L	1	1	10516296893	10516623012	326119
Blink R	1	1	10516296893	10516623012	326119
Blink L	1	2	10516651716	10516761182	109466
Blink R	1	2	10516651716	10516761182	109466
Blink L	1	3	10516761182	10516827134	65952
Blink R	1	3	10516761182	10516827134	65952
Saccade L	1	8	10516855128	10516877129	22001	925.14	935.81	876.23	895.00	1.11	82.06	0.27	50.42	1801.80	-1309.69	900.09
Saccade R	1	8	10516855128	10516877129	22001	925.14	935.81	876.23	895.00	1.11	82.06	0.27	50.42	1801.80	-1309.69	900.09
Saccade L	1	9	10516928903	10516981258	52355	872.05	925.65	937.31	952.86	2.26	63.35	0.27	43.17	2298.92	-942.13	825.74
Saccade R	1	9	10516928903	10516981258	52355	872.05	925.65	937.31	952.86	2.26	63.35	0.27	43.17	2298.92	-942.13	825.74
Saccade L	1	10	10517011256	10517041851	30595	848.44	972.98	984.60	970.62	2.70	205.14	0.72	88.22	6977.60	-3142.29	2971.22
Saccade R	1	10	10517011256	10517041851	30595	848.44	972.98	984.60	970.62	2.70	205.14	0.72	88.22	6977.60	-3142.29	2971.22
Fixation L	1	9	10517065877	10517289372	223495	891.01	962.87	36	40	-1	13.50	13.50
Fixation R	1	9	10517065877	10517289372	223495	891.01	962.87	36	40	-1	13.57	13.57
