[BeGaze]
Converted from:	C:\Program Files\SMI\Experiment Suite 360\Experiment Center 2\Results\RC-Attachment-Exp\P15-eye_data.idf
Date:	18.03.2012 20:11:39
Version:	BeGaze 3.0.181
Sample Rate:	500
Subject:	P15
Description:	Run20

Table Header for Fixations:
Event Type	Trial	Number	Start	End	Duration	Location X	Location Y	Dispersion X	Dispersion Y	Plane	Avg. Pupil Size X	Avg. Pupil Size Y

Table Header for Saccades:
Event Type	Trial	Number	Start	End	Duration	Start Loc.X	Start Loc.Y	End Loc.X	End Loc.Y	Amplitude	Peak Speed	Peak Speed At	Average Speed	Peak Accel.	Peak Decel.	Average Accel.

Table Header for Blinks:
Event Type	Trial	Number	Start	End	Duration

Table Header for User Events:
Event Type	Trial	Number	Start	Description

UserEvent	1	1	2686677217	# Message: RC-N2forced-anim-4.jpg
Fixation L	1	1	2686677237	2686945337	268100	517.48	439.20	21	34	-1	11.26	11.26
Fixation R	1	1	2686677237	2686945337	268100	517.48	439.20	21	34	-1	10.89	10.89
Saccade L	1	1	2686945337	2686979476	34139	512.71	447.99	566.41	436.26	1.21	49.81	0.29	35.39	2055.48	-1598.52	1326.08
Saccade R	1	1	2686945337	2686979476	34139	512.71	447.99	566.41	436.26	1.21	49.81	0.29	35.39	2055.48	-1598.52	1326.08
Fixation L	1	2	2686979476	2687189476	210000	558.70	425.13	21	20	-1	11.06	11.06
Fixation R	1	2	2686979476	2687189476	210000	558.70	425.13	21	20	-1	10.89	10.89
Saccade L	1	2	2687189476	2687225438	35962	548.24	426.89	613.39	428.42	1.39	66.62	0.33	38.52	2603.51	-1934.95	1511.04
Saccade R	1	2	2687189476	2687225438	35962	548.24	426.89	613.39	428.42	1.39	66.62	0.33	38.52	2603.51	-1934.95	1511.04
Fixation L	1	3	2687225438	2687381261	155823	619.30	427.86	19	5	-1	11.22	11.22
Fixation R	1	3	2687225438	2687381261	155823	619.30	427.86	19	5	-1	10.94	10.94
Saccade L	1	3	2687381261	2687412937	31676	611.44	429.62	655.90	429.32	0.98	41.70	0.33	31.06	1706.24	-1382.78	1073.97
Saccade R	1	3	2687381261	2687412937	31676	611.44	429.62	655.90	429.32	0.98	41.70	0.33	31.06	1706.24	-1382.78	1073.97
Fixation L	1	4	2687412937	2687561554	148617	657.00	425.67	7	8	-1	11.00	11.00
Fixation R	1	4	2687412937	2687561554	148617	657.00	425.67	7	8	-1	10.94	10.94
Saccade L	1	4	2687561554	2687595678	34124	662.07	422.66	746.42	445.69	2.01	111.98	0.47	58.99	4201.92	-4527.67	3170.53
Saccade R	1	4	2687561554	2687595678	34124	662.07	422.66	746.42	445.69	2.01	111.98	0.47	58.99	4201.92	-4527.67	3170.53
Fixation L	1	5	2687595678	2688027786	432108	731.79	435.90	34	23	-1	11.24	11.24
Fixation R	1	5	2687595678	2688027786	432108	731.79	435.90	34	23	-1	11.00	11.00
Saccade L	1	5	2688027786	2688061786	34000	741.53	437.68	793.93	446.31	1.15	47.50	0.29	33.84	2068.84	-1308.31	1212.94
Saccade R	1	5	2688027786	2688061786	34000	741.53	437.68	793.93	446.31	1.15	47.50	0.29	33.84	2068.84	-1308.31	1212.94
Fixation L	1	6	2688061786	2688754136	692350	801.61	421.72	24	36	-1	11.43	11.43
Fixation R	1	6	2688061786	2688754136	692350	801.61	421.72	24	36	-1	11.22	11.22
Saccade L	1	6	2688754136	2688796142	42006	812.69	424.45	893.62	408.47	1.85	73.87	0.43	44.10	2835.33	-2322.15	1864.10
Saccade R	1	6	2688754136	2688796142	42006	812.69	424.45	893.62	408.47	1.85	73.87	0.43	44.10	2835.33	-2322.15	1864.10
Fixation L	1	7	2688796142	2689432368	636226	906.20	417.76	41	51	-1	11.25	11.25
Fixation R	1	7	2688796142	2689432368	636226	906.20	417.76	41	51	-1	11.09	11.09
Saccade L	1	7	2689432368	2689472623	40255	919.41	427.35	1013.51	428.21	2.18	107.61	0.35	54.07	4453.21	-3689.91	2637.69
Saccade R	1	7	2689432368	2689472623	40255	919.41	427.35	1013.51	428.21	2.18	107.61	0.35	54.07	4453.21	-3689.91	2637.69
Fixation L	1	8	2689472623	2689604491	131868	1025.17	435.10	16	12	-1	11.38	11.38
Fixation R	1	8	2689472623	2689604491	131868	1025.17	435.10	16	12	-1	11.24	11.24
Saccade L	1	8	2689604491	2689638498	34007	1023.09	431.31	961.10	431.54	1.33	64.03	0.36	39.15	2796.79	-1929.85	1619.48
Saccade R	1	8	2689604491	2689638498	34007	1023.09	431.31	961.10	431.54	1.33	64.03	0.36	39.15	2796.79	-1929.85	1619.48
Fixation L	1	9	2689638498	2689894749	256251	938.02	432.98	35	25	-1	12.06	12.06
Fixation R	1	9	2689638498	2689894749	256251	938.02	432.98	35	25	-1	11.79	11.79
Saccade L	1	9	2689894749	2689940073	45324	942.83	429.23	1046.74	412.30	2.38	80.87	0.35	52.43	3358.80	-2733.43	2241.36
Saccade R	1	9	2689894749	2689940073	45324	942.83	429.23	1046.74	412.30	2.38	80.87	0.35	52.43	3358.80	-2733.43	2241.36
Fixation L	1	10	2689940073	2690382844	442771	1055.37	421.95	47	42	-1	12.27	12.27
Fixation R	1	10	2689940073	2690382844	442771	1055.37	421.95	47	42	-1	12.18	12.18
Saccade L	1	10	2690382844	2690414861	32017	1055.90	441.83	1127.42	441.24	1.51	96.37	0.38	47.23	3745.32	-3102.50	2378.39
Saccade R	1	10	2690382844	2690414861	32017	1055.90	441.83	1127.42	441.24	1.51	96.37	0.38	47.23	3745.32	-3102.50	2378.39
Fixation L	1	11	2690414861	2690623141	208280	1129.12	443.71	11	19	-1	12.02	12.02
Fixation R	1	11	2690414861	2690623141	208280	1129.12	443.71	11	19	-1	11.82	11.82
Saccade L	1	11	2690623141	2690645009	21868	1127.13	436.69	1088.40	441.41	0.83	59.43	0.45	38.17	2447.39	-2153.17	1531.11
Saccade R	1	11	2690623141	2690645009	21868	1127.13	436.69	1088.40	441.41	0.83	59.43	0.45	38.17	2447.39	-2153.17	1531.11
Fixation L	1	12	2690645009	2690808969	163960	1070.58	439.72	28	10	-1	12.08	12.08
Fixation R	1	12	2690645009	2690808969	163960	1070.58	439.72	28	10	-1	11.79	11.79
Saccade L	1	12	2690808969	2690851258	42289	1065.73	433.39	1152.20	435.87	2.01	86.32	0.34	47.49	3718.06	-2697.50	2186.74
Saccade R	1	12	2690808969	2690851258	42289	1065.73	433.39	1152.20	435.87	2.01	86.32	0.34	47.49	3718.06	-2697.50	2186.74
Fixation L	1	13	2690851258	2691101193	249935	1146.31	428.58	20	19	-1	12.02	12.02
Fixation R	1	13	2690851258	2691101193	249935	1146.31	428.58	20	19	-1	11.94	11.94
Saccade L	1	13	2691101193	2691203203	102010	1147.90	437.56	878.00	908.35	12.71	210.66	0.38	124.59	7313.92	-5218.79	3381.77
Saccade R	1	13	2691101193	2691203203	102010	1147.90	437.56	878.00	908.35	12.71	210.66	0.38	124.59	7313.92	-5218.79	3381.77
Fixation L	1	14	2691203203	2691485319	282116	859.10	923.99	31	49	-1	12.28	12.28
Fixation R	1	14	2691203203	2691485319	282116	859.10	923.99	31	49	-1	11.57	11.57
Saccade L	1	14	2691485319	2691565312	79993	848.37	936.07	1102.36	468.01	12.30	322.47	0.25	153.73	14574.17	-8039.89	6362.91
Saccade R	1	14	2691485319	2691565312	79993	848.37	936.07	1102.36	468.01	12.30	322.47	0.25	153.73	14574.17	-8039.89	6362.91
Fixation L	1	15	2691565312	2691637320	72008	1123.33	482.28	37	30	-1	12.04	12.04
Fixation R	1	15	2691565312	2691637320	72008	1123.33	482.28	37	30	-1	11.66	11.66
Saccade L	1	15	2691637320	2691661446	24126	1129.92	494.22	1123.49	440.58	1.19	83.44	0.58	49.46	3162.45	-3320.03	2239.74
Saccade R	1	15	2691637320	2691661446	24126	1129.92	494.22	1123.49	440.58	1.19	83.44	0.58	49.46	3162.45	-3320.03	2239.74
Fixation L	1	16	2691661446	2691863420	201974	1117.59	448.04	32	40	-1	11.86	11.86
Fixation R	1	16	2691661446	2691863420	201974	1117.59	448.04	32	40	-1	11.61	11.61
Fixation L	1	17	2692031557	2692139545	107988	831.34	953.99	26	29	-1	12.50	12.50
Fixation R	1	17	2692031557	2692139545	107988	831.34	953.99	26	29	-1	11.68	11.68
Saccade L	1	16	2692139545	2692163544	23999	825.19	964.18	852.96	914.59	1.13	78.33	0.42	47.20	2764.70	-2057.94	1600.79
Saccade R	1	16	2692139545	2692163544	23999	825.19	964.18	852.96	914.59	1.13	78.33	0.42	47.20	2764.70	-2057.94	1600.79
Fixation L	1	18	2692163544	2692843900	680356	850.13	945.30	58	47	-1	12.58	12.58
Fixation R	1	18	2692163544	2692843900	680356	850.13	945.30	58	47	-1	11.83	11.83
Saccade L	1	17	2692843900	2692879931	36031	871.68	938.36	838.84	983.79	1.21	45.10	0.39	33.46	1805.68	-1359.42	1164.01
Saccade R	1	17	2692843900	2692879931	36031	871.68	938.36	838.84	983.79	1.21	45.10	0.39	33.46	1805.68	-1359.42	1164.01
