[BeGaze]
Converted from:	C:\Program Files\SMI\Experiment Suite 360\Experiment Center 2\Results\RC-Attachment-Exp\P15-eye_data.idf
Date:	18.03.2012 20:11:26
Version:	BeGaze 3.0.181
Sample Rate:	500
Subject:	P15
Description:	Run20

Table Header for Fixations:
Event Type	Trial	Number	Start	End	Duration	Location X	Location Y	Dispersion X	Dispersion Y	Plane	Avg. Pupil Size X	Avg. Pupil Size Y

Table Header for Saccades:
Event Type	Trial	Number	Start	End	Duration	Start Loc.X	Start Loc.Y	End Loc.X	End Loc.Y	Amplitude	Peak Speed	Peak Speed At	Average Speed	Peak Accel.	Peak Decel.	Average Accel.

Table Header for Blinks:
Event Type	Trial	Number	Start	End	Duration

Table Header for User Events:
Event Type	Trial	Number	Start	Description

UserEvent	1	1	2469229617	# Message: RC-N2forced-anim-2.jpg
Fixation L	1	1	2469230386	2469760710	530324	492.63	444.97	37	31	-1	11.94	11.94
Fixation R	1	1	2469230386	2469760710	530324	492.63	444.97	37	31	-1	11.39	11.39
Saccade L	1	1	2469760710	2469796697	35987	492.01	439.89	558.68	436.04	1.44	73.96	0.33	40.12	2777.32	-2345.05	1722.98
Saccade R	1	1	2469760710	2469796697	35987	492.01	439.89	558.68	436.04	1.44	73.96	0.33	40.12	2777.32	-2345.05	1722.98
Fixation L	1	2	2469796697	2469991189	194492	556.56	420.75	27	27	-1	11.83	11.83
Fixation R	1	2	2469796697	2469991189	194492	556.56	420.75	27	27	-1	11.33	11.33
Saccade L	1	2	2469991189	2470022915	31726	568.23	418.06	611.86	397.61	1.03	49.84	0.37	32.52	2086.67	-1559.72	1289.08
Saccade R	1	2	2469991189	2470022915	31726	568.23	418.06	611.86	397.61	1.03	49.84	0.37	32.52	2086.67	-1559.72	1289.08
Fixation L	1	3	2470022915	2470158806	135891	617.38	419.28	12	40	-1	11.91	11.91
Fixation R	1	3	2470022915	2470158806	135891	617.38	419.28	12	40	-1	11.45	11.45
Saccade L	1	3	2470158806	2470188809	30003	622.25	420.05	662.67	417.51	0.86	41.05	0.40	28.72	1656.63	-1535.03	1141.80
Saccade R	1	3	2470158806	2470188809	30003	622.25	420.05	662.67	417.51	0.86	41.05	0.40	28.72	1656.63	-1535.03	1141.80
Fixation L	1	4	2470188809	2470347666	158857	658.90	429.26	12	17	-1	11.98	11.98
Fixation R	1	4	2470188809	2470347666	158857	658.90	429.26	12	17	-1	11.62	11.62
Saccade L	1	4	2470347666	2470392029	44363	664.66	427.84	763.58	422.95	2.22	79.91	0.30	50.12	3110.74	-2701.41	2194.93
Saccade R	1	4	2470347666	2470392029	44363	664.66	427.84	763.58	422.95	2.22	79.91	0.30	50.12	3110.74	-2701.41	2194.93
Fixation L	1	5	2470392029	2470649048	257019	765.07	422.02	31	23	-1	12.03	12.03
Fixation R	1	5	2470392029	2470649048	257019	765.07	422.02	31	23	-1	11.65	11.65
Saccade L	1	5	2470649048	2470689045	39997	765.61	416.72	835.42	414.47	1.69	70.29	0.40	42.23	2565.71	-2358.39	1815.89
Saccade R	1	5	2470649048	2470689045	39997	765.61	416.72	835.42	414.47	1.69	70.29	0.40	42.23	2565.71	-2358.39	1815.89
Fixation L	1	6	2470689045	2470845167	156122	815.44	415.05	56	43	-1	12.00	12.00
Fixation R	1	6	2470689045	2470845167	156122	815.44	415.05	56	43	-1	11.72	11.72
Saccade L	1	6	2470845167	2470874548	29381	784.50	418.76	825.96	422.89	0.92	44.83	0.48	31.39	1165.55	-1788.60	1063.06
Saccade R	1	6	2470845167	2470874548	29381	784.50	418.76	825.96	422.89	0.92	44.83	0.48	31.39	1165.55	-1788.60	1063.06
Fixation L	1	7	2470874548	2471083259	208711	814.70	423.46	23	21	-1	12.19	12.19
Fixation R	1	7	2470874548	2471083259	208711	814.70	423.46	23	21	-1	11.81	11.81
Saccade L	1	7	2471083259	2471121284	38025	825.42	437.73	755.29	443.98	1.80	103.52	0.42	47.34	3905.91	-3575.26	2476.91
Saccade R	1	7	2471083259	2471121284	38025	825.42	437.73	755.29	443.98	1.80	103.52	0.42	47.34	3905.91	-3575.26	2476.91
Fixation L	1	8	2471121284	2471283279	161995	755.51	433.90	13	22	-1	12.20	12.20
Fixation R	1	8	2471121284	2471283279	161995	755.51	433.90	13	22	-1	11.90	11.90
Saccade L	1	8	2471283279	2471307883	24604	750.98	436.73	801.66	443.22	1.28	105.50	0.49	52.07	3416.62	-3340.12	2243.10
Saccade R	1	8	2471283279	2471307883	24604	750.98	436.73	801.66	443.22	1.28	105.50	0.49	52.07	3416.62	-3340.12	2243.10
Fixation L	1	9	2471307883	2471729475	421592	824.30	432.16	51	45	-1	12.46	12.46
Fixation R	1	9	2471307883	2471729475	421592	824.30	432.16	51	45	-1	12.07	12.07
Saccade L	1	9	2471729475	2471767600	38125	837.95	417.83	922.31	425.35	1.86	92.74	0.37	48.72	3893.91	-3135.34	2397.49
Saccade R	1	9	2471729475	2471767600	38125	837.95	417.83	922.31	425.35	1.86	92.74	0.37	48.72	3893.91	-3135.34	2397.49
Fixation L	1	10	2471767600	2471929634	162034	914.15	438.66	25	30	-1	12.40	12.40
Fixation R	1	10	2471767600	2471929634	162034	914.15	438.66	25	30	-1	12.13	12.13
Saccade L	1	10	2471929634	2471969628	39994	902.25	455.11	967.94	427.26	1.67	68.04	0.45	41.73	2923.58	-2413.76	1970.21
Saccade R	1	10	2471929634	2471969628	39994	902.25	455.11	967.94	427.26	1.67	68.04	0.45	41.73	2923.58	-2413.76	1970.21
Fixation L	1	11	2471969628	2472024669	55041	971.37	423.51	8	8	-1	12.55	12.55
Fixation R	1	11	2471969628	2472024669	55041	971.37	423.51	8	8	-1	12.13	12.13
Saccade L	1	11	2472024669	2472049635	24966	975.83	420.46	944.30	442.49	0.74	42.33	0.52	29.81	1699.45	-1495.57	1171.49
Saccade R	1	11	2472024669	2472049635	24966	975.83	420.46	944.30	442.49	0.74	42.33	0.52	29.81	1699.45	-1495.57	1171.49
Fixation L	1	12	2472049635	2472117756	68121	948.37	443.72	7	5	-1	12.60	12.60
Fixation R	1	12	2472049635	2472117756	68121	948.37	443.72	7	5	-1	12.29	12.29
Saccade L	1	12	2472117756	2472161848	44092	950.64	444.32	1049.61	444.31	2.18	87.77	0.32	49.53	3755.95	-2714.91	2212.34
Saccade R	1	12	2472117756	2472161848	44092	950.64	444.32	1049.61	444.31	2.18	87.77	0.32	49.53	3755.95	-2714.91	2212.34
Fixation L	1	13	2472161848	2472767991	606143	1078.60	438.65	89	28	-1	12.37	12.37
Fixation R	1	13	2472161848	2472767991	606143	1078.60	438.65	89	28	-1	12.28	12.28
Saccade L	1	13	2472767991	2472817983	49992	1128.10	442.14	1062.01	435.37	1.49	43.05	0.40	29.75	1477.16	-1083.19	865.71
Saccade R	1	13	2472767991	2472817983	49992	1128.10	442.14	1062.01	435.37	1.49	43.05	0.40	29.75	1477.16	-1083.19	865.71
Fixation L	1	14	2472817983	2472998115	180132	1064.27	433.74	17	13	-1	12.30	12.30
Fixation R	1	14	2472817983	2472998115	180132	1064.27	433.74	17	13	-1	12.13	12.13
Saccade L	1	14	2472998115	2473035491	37376	1058.88	437.84	1125.21	436.13	1.49	69.40	0.32	39.89	2817.88	-2246.08	1716.98
Saccade R	1	14	2472998115	2473035491	37376	1058.88	437.84	1125.21	436.13	1.49	69.40	0.32	39.89	2817.88	-2246.08	1716.98
Fixation L	1	15	2473035491	2473588340	552849	1132.22	427.75	26	40	-1	11.99	11.99
Fixation R	1	15	2473035491	2473588340	552849	1132.22	427.75	26	40	-1	11.85	11.85
Saccade L	1	15	2473588340	2473628165	39825	1131.29	420.32	1055.81	428.74	1.78	74.50	0.40	44.69	2995.52	-2641.85	2101.51
Saccade R	1	15	2473588340	2473628165	39825	1131.29	420.32	1055.81	428.74	1.78	74.50	0.40	44.69	2995.52	-2641.85	2101.51
Fixation L	1	16	2473628165	2473776451	148286	1064.98	416.04	29	32	-1	11.83	11.83
Fixation R	1	16	2473628165	2473776451	148286	1064.98	416.04	29	32	-1	11.64	11.64
Saccade L	1	16	2473776451	2473816644	40193	1074.84	404.86	1126.79	412.45	1.25	47.74	0.45	31.02	1667.44	-1424.26	1116.40
Saccade R	1	16	2473776451	2473816644	40193	1074.84	404.86	1126.79	412.45	1.25	47.74	0.45	31.02	1667.44	-1424.26	1116.40
Fixation L	1	17	2473816644	2474056574	239930	1134.43	413.39	19	20	-1	11.89	11.89
Fixation R	1	17	2473816644	2474056574	239930	1134.43	413.39	19	20	-1	11.74	11.74
Saccade L	1	17	2474056574	2474170563	113989	1126.96	416.97	835.68	922.73	14.17	246.84	0.26	124.30	8956.48	-4374.36	3284.08
Saccade R	1	17	2474056574	2474170563	113989	1126.96	416.97	835.68	922.73	14.17	246.84	0.26	124.30	8956.48	-4374.36	3284.08
Fixation L	1	18	2474170563	2474868918	698355	850.23	942.19	65	50	-1	12.42	12.42
Fixation R	1	18	2474170563	2474868918	698355	850.23	942.19	65	50	-1	12.18	12.18
