[BeGaze]
Converted from:	C:\Program Files\SMI\Experiment Suite 360\Experiment Center 2\Results\RC-Attachment-Exp\P07-eye_data.idf
Date:	18.03.2012 20:06:46
Version:	BeGaze 3.0.181
Sample Rate:	500
Subject:	P07
Description:	Run12

Table Header for Fixations:
Event Type	Trial	Number	Start	End	Duration	Location X	Location Y	Dispersion X	Dispersion Y	Plane	Avg. Pupil Size X	Avg. Pupil Size Y

Table Header for Saccades:
Event Type	Trial	Number	Start	End	Duration	Start Loc.X	Start Loc.Y	End Loc.X	End Loc.Y	Amplitude	Peak Speed	Peak Speed At	Average Speed	Peak Accel.	Peak Decel.	Average Accel.

Table Header for Blinks:
Event Type	Trial	Number	Start	End	Duration

Table Header for User Events:
Event Type	Trial	Number	Start	Description

UserEvent	1	1	11108968145	# Message: Dist-srthm-24.jpg
Fixation L	1	1	11108969410	11109484883	515473	498.83	481.05	29	45	-1	11.57	11.57
Fixation R	1	1	11108969410	11109484883	515473	498.83	481.05	29	45	-1	11.34	11.34
Saccade L	1	1	11109484883	11109516907	32024	487.89	473.07	530.00	471.92	0.96	49.06	0.56	29.85	1835.71	-1898.21	1355.66
Saccade R	1	1	11109484883	11109516907	32024	487.89	473.07	530.00	471.92	0.96	49.06	0.56	29.85	1835.71	-1898.21	1355.66
Fixation L	1	2	11109516907	11109677003	160096	536.72	477.11	20	15	-1	11.57	11.57
Fixation R	1	2	11109516907	11109677003	160096	536.72	477.11	20	15	-1	11.30	11.30
Saccade L	1	2	11109677003	11109723003	46000	524.84	483.45	621.96	491.26	2.22	121.08	0.30	48.20	5060.07	-4281.76	2700.86
Saccade R	1	2	11109677003	11109723003	46000	524.84	483.45	621.96	491.26	2.22	121.08	0.30	48.20	5060.07	-4281.76	2700.86
Fixation L	1	3	11109723003	11110017187	294184	622.36	492.17	11	16	-1	11.68	11.68
Fixation R	1	3	11109723003	11110017187	294184	622.36	492.17	11	16	-1	11.56	11.56
Saccade L	1	3	11110017187	11110071180	53993	618.32	483.05	701.07	482.67	1.86	67.86	0.30	34.49	2663.90	-1818.22	1350.71
Saccade R	1	3	11110017187	11110071180	53993	618.32	483.05	701.07	482.67	1.86	67.86	0.30	34.49	2663.90	-1818.22	1350.71
Saccade L	1	4	11110107178	11110139123	31945	714.25	492.47	757.88	476.92	1.11	58.46	0.44	34.61	2244.40	-2104.22	1563.08
Saccade R	1	4	11110107178	11110139123	31945	714.25	492.47	757.88	476.92	1.11	58.46	0.44	34.61	2244.40	-2104.22	1563.08
Fixation L	1	4	11110139123	11110329243	190120	754.08	491.07	13	24	-1	11.49	11.49
Fixation R	1	4	11110139123	11110329243	190120	754.08	491.07	13	24	-1	11.43	11.43
Saccade L	1	5	11110329243	11110359326	30083	757.19	501.41	810.45	507.40	1.11	66.08	0.42	36.92	2570.76	-2453.09	1800.24
Saccade R	1	5	11110329243	11110359326	30083	757.19	501.41	810.45	507.40	1.11	66.08	0.42	36.92	2570.76	-2453.09	1800.24
Fixation L	1	5	11110359326	11110499734	140408	808.39	506.03	5	13	-1	11.61	11.61
Fixation R	1	5	11110359326	11110499734	140408	808.39	506.03	5	13	-1	11.47	11.47
Saccade L	1	6	11110499734	11110529372	29638	809.27	504.52	769.96	501.18	0.83	45.00	0.39	27.87	1910.54	-1702.95	1313.00
Saccade R	1	6	11110499734	11110529372	29638	809.27	504.52	769.96	501.18	0.83	45.00	0.39	27.87	1910.54	-1702.95	1313.00
Fixation L	1	6	11110529372	11110639371	109999	769.04	498.65	6	10	-1	11.53	11.53
Fixation R	1	6	11110529372	11110639371	109999	769.04	498.65	6	10	-1	11.46	11.46
Saccade L	1	7	11110639371	11110691484	52113	768.22	493.33	870.38	492.96	2.37	94.18	0.35	45.53	3932.18	-2755.05	2187.08
Saccade R	1	7	11110639371	11110691484	52113	768.22	493.33	870.38	492.96	2.37	94.18	0.35	45.53	3932.18	-2755.05	2187.08
Fixation L	1	7	11110691484	11111025655	334171	906.07	475.98	69	31	-1	11.38	11.38
Fixation R	1	7	11110691484	11111025655	334171	906.07	475.98	69	31	-1	11.32	11.32
Saccade L	1	8	11111025655	11111053619	27964	919.08	464.98	983.57	461.44	1.39	95.46	0.43	49.73	3538.95	-3736.19	2613.44
Saccade R	1	8	11111025655	11111053619	27964	919.08	464.98	983.57	461.44	1.39	95.46	0.43	49.73	3538.95	-3736.19	2613.44
Fixation L	1	8	11111053619	11111215722	162103	995.24	461.30	16	13	-1	11.61	11.61
Fixation R	1	8	11111053619	11111215722	162103	995.24	461.30	16	13	-1	11.34	11.34
Saccade L	1	9	11111215722	11111251724	36002	997.15	458.25	1048.94	459.46	1.16	57.41	0.39	32.09	2356.76	-1867.46	1457.91
Saccade R	1	9	11111215722	11111251724	36002	997.15	458.25	1048.94	459.46	1.16	57.41	0.39	32.09	2356.76	-1867.46	1457.91
Fixation L	1	9	11111251724	11111421722	169998	1051.36	466.41	10	15	-1	11.56	11.56
Fixation R	1	9	11111251724	11111421722	169998	1051.36	466.41	10	15	-1	11.45	11.45
Saccade L	1	10	11111421722	11111458028	36306	1051.96	472.89	1125.95	461.52	1.61	81.72	0.39	44.30	3398.63	-3044.17	2327.24
Saccade R	1	10	11111421722	11111458028	36306	1051.96	472.89	1125.95	461.52	1.61	81.72	0.39	44.30	3398.63	-3044.17	2327.24
Fixation L	1	10	11111458028	11111751992	293964	1127.87	471.16	11	23	-1	11.59	11.59
Fixation R	1	10	11111458028	11111751992	293964	1127.87	471.16	11	23	-1	11.51	11.51
Saccade L	1	11	11111751992	11111818002	66010	1125.27	484.53	595.39	499.29	11.92	310.75	0.36	180.63	13335.95	-9828.03	7598.97
Saccade R	1	11	11111751992	11111818002	66010	1125.27	484.53	595.39	499.29	11.92	310.75	0.36	180.63	13335.95	-9828.03	7598.97
Fixation L	1	11	11111818002	11112172100	354098	595.54	483.94	18	30	-1	11.83	11.83
Fixation R	1	11	11111818002	11112172100	354098	595.54	483.94	18	30	-1	11.63	11.63
Saccade L	1	12	11112172100	11112218131	46031	595.44	485.16	735.50	465.40	3.17	125.37	0.39	68.79	5384.20	-4790.19	3703.97
Saccade R	1	12	11112172100	11112218131	46031	595.44	485.16	735.50	465.40	3.17	125.37	0.39	68.79	5384.20	-4790.19	3703.97
Fixation L	1	12	11112218131	11112290243	72112	740.57	466.68	8	9	-1	11.89	11.89
Fixation R	1	12	11112218131	11112290243	72112	740.57	466.68	8	9	-1	11.78	11.78
Saccade L	1	13	11112290243	11112330208	39965	743.24	460.78	836.85	448.79	2.11	121.61	0.35	52.75	4744.02	-4454.30	3031.09
Saccade R	1	13	11112290243	11112330208	39965	743.24	460.78	836.85	448.79	2.11	121.61	0.35	52.75	4744.02	-4454.30	3031.09
Fixation L	1	13	11112330208	11112528201	197993	842.03	439.33	9	18	-1	11.93	11.93
Fixation R	1	13	11112330208	11112528201	197993	842.03	439.33	9	18	-1	11.80	11.80
Saccade L	1	14	11112528201	11112588325	60124	845.15	430.97	1089.78	429.08	5.50	200.56	0.31	91.40	8807.09	-6932.53	4823.44
Saccade R	1	14	11112528201	11112588325	60124	845.15	430.97	1089.78	429.08	5.50	200.56	0.31	91.40	8807.09	-6932.53	4823.44
Fixation L	1	14	11112588325	11112658592	70267	1092.70	431.99	9	6	-1	12.37	12.37
Fixation R	1	14	11112588325	11112658592	70267	1092.70	431.99	9	6	-1	12.08	12.08
Saccade L	1	15	11112658592	11112690327	31735	1095.96	435.39	1175.29	441.01	1.70	104.75	0.50	53.64	4375.84	-4371.57	3201.66
Saccade R	1	15	11112658592	11112690327	31735	1095.96	435.39	1175.29	441.01	1.70	104.75	0.50	53.64	4375.84	-4371.57	3201.66
Fixation L	1	15	11112690327	11112836452	146125	1167.42	441.15	22	18	-1	12.44	12.44
Fixation R	1	15	11112690327	11112836452	146125	1167.42	441.15	22	18	-1	12.28	12.28
Saccade L	1	16	11112836452	11112914631	78179	1158.01	453.96	934.82	967.29	13.01	305.63	0.26	166.44	13691.00	-7654.63	5892.21
Saccade R	1	16	11112836452	11112914631	78179	1158.01	453.96	934.82	967.29	13.01	305.63	0.26	166.44	13691.00	-7654.63	5892.21
Fixation L	1	16	11112914631	11113182566	267935	924.40	965.07	23	11	-1	12.96	12.96
Fixation R	1	16	11112914631	11113182566	267935	924.40	965.07	23	11	-1	12.83	12.83
Saccade L	1	17	11113182566	11113248565	65999	929.58	964.09	642.70	969.05	6.55	252.72	0.24	99.28	11424.00	-8527.69	5334.68
Saccade R	1	17	11113182566	11113248565	65999	929.58	964.09	642.70	969.05	6.55	252.72	0.24	99.28	11424.00	-8527.69	5334.68
Fixation L	1	17	11113248565	11113454732	206167	641.23	963.80	14	20	-1	12.30	12.30
Fixation R	1	17	11113248565	11113454732	206167	641.23	963.80	14	20	-1	11.89	11.89
Saccade L	1	18	11113454732	11113528686	73954	640.90	954.49	501.93	568.76	9.46	220.57	0.27	127.93	9762.83	-7966.81	4406.39
Saccade R	1	18	11113454732	11113528686	73954	640.90	954.49	501.93	568.76	9.46	220.57	0.27	127.93	9762.83	-7966.81	4406.39
Fixation L	1	18	11113528686	11113616826	88140	515.26	568.53	25	5	-1	11.68	11.68
Fixation R	1	18	11113528686	11113616826	88140	515.26	568.53	25	5	-1	11.35	11.35
Saccade L	1	19	11113616826	11113656807	39981	522.60	566.99	521.96	468.12	2.26	130.06	0.35	56.48	5298.49	-5001.70	3448.87
Saccade R	1	19	11113616826	11113656807	39981	522.60	566.99	521.96	468.12	2.26	130.06	0.35	56.48	5298.49	-5001.70	3448.87
Fixation L	1	19	11113656807	11114099341	442534	522.85	485.48	19	43	-1	11.72	11.72
Fixation R	1	19	11113656807	11114099341	442534	522.85	485.48	19	43	-1	11.44	11.44
Saccade L	1	20	11114099341	11114182950	83609	522.43	485.29	929.40	968.91	14.58	314.68	0.21	174.39	13809.62	-10423.64	5915.39
Saccade R	1	20	11114099341	11114182950	83609	522.43	485.29	929.40	968.91	14.58	314.68	0.21	174.39	13809.62	-10423.64	5915.39
Fixation L	1	20	11114182950	11114679164	496214	921.16	976.56	26	43	-1	12.27	12.27
Fixation R	1	20	11114182950	11114679164	496214	921.16	976.56	26	43	-1	12.18	12.18
