[BeGaze]
Converted from:	C:\Program Files\SMI\Experiment Suite 360\Experiment Center 2\Results\RC-Attachment-Exp\P24-eye_data.idf
Date:	18.03.2012 20:18:57
Version:	BeGaze 3.0.181
Sample Rate:	500
Subject:	P24
Description:	Run29

Table Header for Fixations:
Event Type	Trial	Number	Start	End	Duration	Location X	Location Y	Dispersion X	Dispersion Y	Plane	Avg. Pupil Size X	Avg. Pupil Size Y

Table Header for Saccades:
Event Type	Trial	Number	Start	End	Duration	Start Loc.X	Start Loc.Y	End Loc.X	End Loc.Y	Amplitude	Peak Speed	Peak Speed At	Average Speed	Peak Accel.	Peak Decel.	Average Accel.

Table Header for Blinks:
Event Type	Trial	Number	Start	End	Duration

Table Header for User Events:
Event Type	Trial	Number	Start	Description

UserEvent	1	1	9907799296	# Message: Validation.jpg
Fixation L	1	1	9907800646	9908385052	584406	189.60	776.24	43	33	-1	14.17	14.17
Fixation R	1	1	9907800646	9908385052	584406	189.60	776.24	43	33	-1	13.26	13.26
Saccade L	1	1	9908385052	9908438851	53799	198.50	775.89	310.12	594.36	4.87	183.75	0.29	90.53	7682.15	-5553.39	4395.72
Saccade R	1	1	9908385052	9908438851	53799	198.50	775.89	310.12	594.36	4.87	183.75	0.29	90.53	7682.15	-5553.39	4395.72
Fixation L	1	2	9908438851	9908554976	116125	327.45	572.22	43	53	-1	14.96	14.96
Fixation R	1	2	9908438851	9908554976	116125	327.45	572.22	43	53	-1	13.92	13.92
Saccade L	1	2	9908554976	9908612983	58007	348.95	539.03	398.95	445.66	2.55	93.13	0.45	43.96	3060.50	-2748.82	1795.39
Saccade R	1	2	9908554976	9908612983	58007	348.95	539.03	398.95	445.66	2.55	93.13	0.45	43.96	3060.50	-2748.82	1795.39
Fixation L	1	3	9908612983	9908716980	103997	416.90	426.62	29	36	-1	15.05	15.05
Fixation R	1	3	9908612983	9908716980	103997	416.90	426.62	29	36	-1	14.12	14.12
Fixation L	1	4	9908777089	9909813552	1036463	478.14	308.95	85	33	-1	14.55	14.55
Fixation R	1	4	9908777089	9909813552	1036463	478.14	308.95	85	33	-1	13.72	13.72
Saccade L	1	3	9909813552	9909887670	74118	517.44	322.35	823.91	556.27	8.86	221.78	0.76	119.50	8591.27	-9150.38	5049.30
Saccade R	1	3	9909813552	9909887670	74118	517.44	322.35	823.91	556.27	8.86	221.78	0.76	119.50	8591.27	-9150.38	5049.30
Fixation L	1	5	9909887670	9909993558	105888	852.33	571.18	65	36	-1	15.44	15.44
Fixation R	1	5	9909887670	9909993558	105888	852.33	571.18	65	36	-1	14.75	14.75
Saccade L	1	4	9909993558	9910016793	23235	882.44	592.99	921.35	599.77	0.84	54.13	0.52	36.21	1856.34	-1925.91	1355.46
Saccade R	1	4	9909993558	9910016793	23235	882.44	592.99	921.35	599.77	0.84	54.13	0.52	36.21	1856.34	-1925.91	1355.46
Saccade L	1	5	9910041574	9910099697	58123	909.05	607.77	1154.85	757.93	6.69	282.44	0.45	115.03	10969.11	-10582.09	6624.86
Saccade R	1	5	9910041574	9910099697	58123	909.05	607.77	1154.85	757.93	6.69	282.44	0.45	115.03	10969.11	-10582.09	6624.86
Fixation L	1	6	9910099697	9910237666	137969	1190.06	772.86	67	20	-1	14.90	14.90
Fixation R	1	6	9910099697	9910237666	137969	1190.06	772.86	67	20	-1	14.57	14.57
Saccade L	1	6	9910237666	9910265672	28006	1222.18	775.88	1293.94	815.33	1.87	127.66	0.50	66.89	4836.60	-4902.87	3486.86
Saccade R	1	6	9910237666	9910265672	28006	1222.18	775.88	1293.94	815.33	1.87	127.66	0.50	66.89	4836.60	-4902.87	3486.86
Fixation L	1	7	9910265672	9910379790	114118	1306.24	817.10	32	10	-1	14.38	14.38
Fixation R	1	7	9910265672	9910379790	114118	1306.24	817.10	32	10	-1	14.28	14.28
Saccade L	1	7	9910379790	9910403807	24017	1323.82	812.69	1295.61	789.06	0.74	43.23	0.42	30.77	1835.51	-1562.01	1180.54
Saccade R	1	7	9910379790	9910403807	24017	1323.82	812.69	1295.61	789.06	0.74	43.23	0.42	30.77	1835.51	-1562.01	1180.54
Fixation L	1	8	9910403807	9911221707	817900	1272.87	793.74	75	37	-1	14.12	14.12
Fixation R	1	8	9910403807	9911221707	817900	1272.87	793.74	75	37	-1	13.66	13.66
Saccade L	1	8	9911221707	9911264160	42453	1253.83	783.47	1239.74	561.84	4.73	188.47	0.30	111.48	8340.04	-6923.28	5719.92
Saccade R	1	8	9911221707	9911264160	42453	1253.83	783.47	1239.74	561.84	4.73	188.47	0.30	111.48	8340.04	-6923.28	5719.92
Fixation L	1	9	9911264160	9911450260	186100	1248.57	511.32	18	86	-1	14.65	14.65
Fixation R	1	9	9911264160	9911450260	186100	1248.57	511.32	18	86	-1	14.06	14.06
Saccade L	1	9	9911450260	9911496254	45994	1257.86	476.15	1259.60	369.33	2.35	107.69	0.48	51.13	3959.36	-3758.58	2491.34
Saccade R	1	9	9911450260	9911496254	45994	1257.86	476.15	1259.60	369.33	2.35	107.69	0.48	51.13	3959.36	-3758.58	2491.34
Fixation L	1	10	9911496254	9911617227	120973	1254.07	347.96	26	40	-1	14.41	14.41
Fixation R	1	10	9911496254	9911617227	120973	1254.07	347.96	26	40	-1	13.67	13.67
Saccade L	1	10	9911617227	9911648304	31077	1244.48	335.31	1239.91	246.87	1.83	97.69	0.42	58.96	4076.13	-3994.63	2983.67
Saccade R	1	10	9911617227	9911648304	31077	1244.48	335.31	1239.91	246.87	1.83	97.69	0.42	58.96	4076.13	-3994.63	2983.67
Fixation L	1	11	9911648304	9912602725	954421	1226.79	268.31	49	54	-1	14.74	14.74
Fixation R	1	11	9911648304	9912602725	954421	1226.79	268.31	49	54	-1	13.91	13.91
Saccade L	1	11	9912602725	9912666777	64052	1207.41	293.99	956.78	509.32	7.60	231.83	0.50	118.66	9130.44	-7874.92	5682.73
Saccade R	1	11	9912602725	9912666777	64052	1207.41	293.99	956.78	509.32	7.60	231.83	0.50	118.66	9130.44	-7874.92	5682.73
Saccade L	1	12	9912682752	9912710737	27985	953.87	508.26	909.70	520.85	0.99	52.57	0.50	35.32	2008.96	-2037.93	1463.63
Saccade R	1	12	9912682752	9912710737	27985	953.87	508.26	909.70	520.85	0.99	52.57	0.50	35.32	2008.96	-2037.93	1463.63
Fixation L	1	12	9912710737	9912770755	60018	901.19	531.64	23	23	-1	15.31	15.31
Fixation R	1	12	9912710737	9912770755	60018	901.19	531.64	23	23	-1	14.22	14.22
Saccade L	1	13	9912770755	9912853509	82754	883.44	544.70	594.93	702.42	7.75	269.12	0.39	93.69	10918.71	-8364.98	4651.66
Saccade R	1	13	9912770755	9912853509	82754	883.44	544.70	594.93	702.42	7.75	269.12	0.39	93.69	10918.71	-8364.98	4651.66
Fixation L	1	13	9912853509	9912984847	131338	562.28	715.16	77	36	-1	15.75	15.75
Fixation R	1	13	9912853509	9912984847	131338	562.28	715.16	77	36	-1	14.17	14.17
Saccade L	1	14	9912984847	9913012848	28001	522.64	713.57	418.19	779.12	2.69	181.66	0.50	96.17	7658.83	-7483.47	5503.99
Saccade R	1	14	9912984847	9913012848	28001	522.64	713.57	418.19	779.12	2.69	181.66	0.50	96.17	7658.83	-7483.47	5503.99
Fixation L	1	14	9913012848	9913164972	152124	391.55	791.49	41	18	-1	15.55	15.55
Fixation R	1	14	9913012848	9913164972	152124	391.55	791.49	41	18	-1	14.01	14.01
Saccade L	1	15	9913164972	9913188946	23974	376.67	796.59	428.00	800.39	1.09	71.98	0.50	45.48	3077.51	-2928.67	2067.20
Saccade R	1	15	9913164972	9913188946	23974	376.67	796.59	428.00	800.39	1.09	71.98	0.50	45.48	3077.51	-2928.67	2067.20
Fixation L	1	15	9913188946	9913638558	449612	420.33	798.26	33	19	-1	15.37	15.37
Fixation R	1	15	9913188946	9913638558	449612	420.33	798.26	33	19	-1	13.75	13.75
