[BeGaze]
Converted from:	C:\Program Files\SMI\Experiment Suite 360\Experiment Center 2\Results\RC-Attachment-Exp\P21-eye_data.idf
Date:	18.03.2012 20:16:29
Version:	BeGaze 3.0.181
Sample Rate:	500
Subject:	P21
Description:	Run26

Table Header for Fixations:
Event Type	Trial	Number	Start	End	Duration	Location X	Location Y	Dispersion X	Dispersion Y	Plane	Avg. Pupil Size X	Avg. Pupil Size Y

Table Header for Saccades:
Event Type	Trial	Number	Start	End	Duration	Start Loc.X	Start Loc.Y	End Loc.X	End Loc.Y	Amplitude	Peak Speed	Peak Speed At	Average Speed	Peak Accel.	Peak Decel.	Average Accel.

Table Header for Blinks:
Event Type	Trial	Number	Start	End	Duration

Table Header for User Events:
Event Type	Trial	Number	Start	Description

UserEvent	1	1	19957485137	# Message: Questionnaire11.jpg
Fixation L	1	1	19957485872	19957896269	410397	841.02	920.78	24	31	-1	16.36	16.36
Fixation R	1	1	19957485872	19957896269	410397	841.02	920.78	24	31	-1	16.89	16.89
Saccade L	1	1	19957896269	19957966013	69744	848.90	917.18	484.65	292.83	16.27	416.32	0.31	233.27	17959.61	-12364.56	9776.91
Saccade R	1	1	19957896269	19957966013	69744	848.90	917.18	484.65	292.83	16.27	416.32	0.31	233.27	17959.61	-12364.56	9776.91
Saccade L	1	2	19957976033	19958028126	52093	484.23	294.54	523.80	342.73	1.57	40.28	0.31	30.17	1407.67	-677.90	587.51
Saccade R	1	2	19957976033	19958028126	52093	484.23	294.54	523.80	342.73	1.57	40.28	0.31	30.17	1407.67	-677.90	587.51
Fixation L	1	2	19958028126	19958104140	76014	523.98	352.65	14	18	-1	17.10	17.10
Fixation R	1	2	19958028126	19958104140	76014	523.98	352.65	14	18	-1	17.40	17.40
Saccade L	1	3	19958104140	19958150142	46002	532.27	362.12	417.94	354.89	2.48	94.64	0.30	53.94	3451.09	-2193.96	2039.23
Saccade R	1	3	19958104140	19958150142	46002	532.27	362.12	417.94	354.89	2.48	94.64	0.30	53.94	3451.09	-2193.96	2039.23
Fixation L	1	3	19958150142	19958330246	180104	434.73	358.13	26	21	-1	16.54	16.54
Fixation R	1	3	19958150142	19958330246	180104	434.73	358.13	26	21	-1	16.88	16.88
Saccade L	1	4	19958330246	19958377095	46849	439.46	362.81	640.62	359.02	4.50	179.87	0.34	95.95	7791.09	-5440.43	4778.85
Saccade R	1	4	19958330246	19958377095	46849	439.46	362.81	640.62	359.02	4.50	179.87	0.34	95.95	7791.09	-5440.43	4778.85
Fixation L	1	4	19958377095	19958562377	185282	616.40	366.03	40	13	-1	16.38	16.38
Fixation R	1	4	19958377095	19958562377	185282	616.40	366.03	40	13	-1	17.10	17.10
Saccade L	1	5	19958562377	19958614569	52192	601.96	365.86	806.73	374.84	4.52	200.67	0.31	86.52	8493.98	-6619.46	4500.94
Saccade R	1	5	19958562377	19958614569	52192	601.96	365.86	806.73	374.84	4.52	200.67	0.31	86.52	8493.98	-6619.46	4500.94
Fixation L	1	5	19958614569	19958790748	176179	783.89	376.50	40	16	-1	16.13	16.13
Fixation R	1	5	19958614569	19958790748	176179	783.89	376.50	40	16	-1	17.14	17.14
Saccade L	1	6	19958790748	19958838481	47733	768.21	382.07	902.80	381.58	3.05	105.92	0.29	63.92	4275.53	-3029.28	2667.40
Saccade R	1	6	19958790748	19958838481	47733	768.21	382.07	902.80	381.58	3.05	105.92	0.29	63.92	4275.53	-3029.28	2667.40
Fixation L	1	6	19958838481	19959050487	212006	894.79	376.12	26	26	-1	16.34	16.34
Fixation R	1	6	19958838481	19959050487	212006	894.79	376.12	26	26	-1	17.18	17.18
Saccade L	1	7	19959050487	19959102488	52001	896.99	361.79	678.64	352.24	4.95	206.66	0.35	95.14	8842.76	-7249.10	5088.95
Saccade R	1	7	19959050487	19959102488	52001	896.99	361.79	678.64	352.24	4.95	206.66	0.35	95.14	8842.76	-7249.10	5088.95
Fixation L	1	7	19959102488	19959190585	88097	690.99	352.67	24	16	-1	16.65	16.65
Fixation R	1	7	19959102488	19959190585	88097	690.99	352.67	24	16	-1	17.31	17.31
Fixation L	1	8	19959226591	19959304574	77983	708.63	357.03	11	15	-1	16.91	16.91
Fixation R	1	8	19959226591	19959304574	77983	708.63	357.03	11	15	-1	17.39	17.39
Saccade L	1	8	19959304574	19959358711	54137	702.14	351.13	894.47	356.08	4.28	124.13	0.54	78.98	5184.20	-3897.25	3114.74
Saccade R	1	8	19959304574	19959358711	54137	702.14	351.13	894.47	356.08	4.28	124.13	0.54	78.98	5184.20	-3897.25	3114.74
Fixation L	1	9	19959358711	19959522737	164026	869.74	360.60	40	16	-1	17.24	17.24
Fixation R	1	9	19959358711	19959522737	164026	869.74	360.60	40	16	-1	17.82	17.82
Saccade L	1	9	19959522737	19959572724	49987	855.08	361.67	1077.59	375.29	4.87	196.27	0.32	97.37	8446.49	-6865.41	5091.78
Saccade R	1	9	19959522737	19959572724	49987	855.08	361.67	1077.59	375.29	4.87	196.27	0.32	97.37	8446.49	-6865.41	5091.78
Fixation L	1	10	19959572724	19959794845	222121	1059.19	369.04	34	19	-1	17.52	17.52
Fixation R	1	10	19959572724	19959794845	222121	1059.19	369.04	34	19	-1	18.42	18.42
Saccade L	1	10	19959794845	19959840809	45964	1051.81	370.97	1169.43	376.98	2.58	100.77	0.26	56.23	3656.58	-2787.18	1902.38
Saccade R	1	10	19959794845	19959840809	45964	1051.81	370.97	1169.43	376.98	2.58	100.77	0.26	56.23	3656.58	-2787.18	1902.38
Fixation L	1	11	19959840809	19960024992	184183	1163.14	374.31	22	25	-1	16.53	16.53
Fixation R	1	11	19959840809	19960024992	184183	1163.14	374.31	22	25	-1	17.51	17.51
Saccade L	1	11	19960024992	19960096916	71924	1157.21	360.44	450.04	454.84	16.23	423.97	0.42	225.67	17653.27	-12793.48	9983.47
Saccade R	1	11	19960024992	19960096916	71924	1157.21	360.44	450.04	454.84	16.23	423.97	0.42	225.67	17653.27	-12793.48	9983.47
Fixation L	1	12	19960096916	19960223052	126136	490.52	443.27	73	29	-1	16.24	16.24
Fixation R	1	12	19960096916	19960223052	126136	490.52	443.27	73	29	-1	17.04	17.04
Saccade L	1	12	19960223052	19960273063	50011	522.60	430.00	381.00	462.39	3.19	135.88	0.34	63.88	5673.75	-4278.59	3182.65
Saccade R	1	12	19960223052	19960273063	50011	522.60	430.00	381.00	462.39	3.19	135.88	0.34	63.88	5673.75	-4278.59	3182.65
Fixation L	1	13	19960273063	19960429156	156093	406.40	457.81	44	19	-1	16.41	16.41
Fixation R	1	13	19960273063	19960429156	156093	406.40	457.81	44	19	-1	17.17	17.17
Saccade L	1	13	19960429156	19960479182	50026	420.14	469.37	517.66	372.34	3.21	92.63	0.64	64.21	3500.09	-3838.13	2414.58
Saccade R	1	13	19960429156	19960479182	50026	420.14	469.37	517.66	372.34	3.21	92.63	0.64	64.21	3500.09	-3838.13	2414.58
Fixation L	1	14	19960479182	19960827967	348785	493.53	378.88	37	23	-1	16.52	16.52
Fixation R	1	14	19960479182	19960827967	348785	493.53	378.88	37	23	-1	17.33	17.33
UserEvent	1	57	19960818293	# Message: UE-mouseclick left x=542 y=429
Saccade L	1	14	19960827967	19960877291	49324	494.91	376.16	381.08	486.63	3.51	149.83	0.31	71.23	6265.91	-4963.58	3605.67
Saccade R	1	14	19960827967	19960877291	49324	494.91	376.16	381.08	486.63	3.51	149.83	0.31	71.23	6265.91	-4963.58	3605.67
Fixation L	1	15	19960877291	19961153405	276114	400.06	479.77	42	26	-1	16.74	16.74
Fixation R	1	15	19960877291	19961153405	276114	400.06	479.77	42	26	-1	17.30	17.30
Saccade L	1	15	19961153405	19961199411	46006	391.49	467.11	450.95	558.38	2.39	91.75	0.35	51.92	3670.33	-2667.62	2168.62
Saccade R	1	15	19961153405	19961199411	46006	391.49	467.11	450.95	558.38	2.39	91.75	0.35	51.92	3670.33	-2667.62	2168.62
Fixation L	1	16	19961199411	19961507667	308256	436.01	542.33	49	35	-1	17.12	17.12
Fixation R	1	16	19961199411	19961507667	308256	436.01	542.33	49	35	-1	17.64	17.64
Saccade L	1	16	19961507667	19961548716	41049	423.92	525.19	406.77	444.28	1.90	66.66	0.44	46.19	2489.48	-2566.46	1862.63
Saccade R	1	16	19961507667	19961548716	41049	423.92	525.19	406.77	444.28	1.90	66.66	0.44	46.19	2489.48	-2566.46	1862.63
Fixation L	1	17	19961548716	19961891734	343018	409.38	452.41	22	45	-1	16.75	16.75
Fixation R	1	17	19961548716	19961891734	343018	409.38	452.41	22	45	-1	17.33	17.33
Saccade L	1	17	19961891734	19961943740	52006	407.87	469.32	478.43	549.51	2.58	94.93	0.35	49.58	3701.43	-2685.19	2046.75
Saccade R	1	17	19961891734	19961943740	52006	407.87	469.32	478.43	549.51	2.58	94.93	0.35	49.58	3701.43	-2685.19	2046.75
Fixation L	1	18	19961943740	19962324209	380469	470.59	541.42	30	26	-1	17.42	17.42
Fixation R	1	18	19961943740	19962324209	380469	470.59	541.42	30	26	-1	17.85	17.85
UserEvent	1	82	19962234164	# Message: UE-mouseclick left x=457 y=527
