[BeGaze]
Converted from:	C:\Program Files\SMI\Experiment Suite 360\Experiment Center 2\Results\RC-Attachment-Exp\Denek03-eye_data.idf
Date:	24.02.2012 09:58:01
Version:	BeGaze 3.0.181
Sample Rate:	500
Subject:	Denek03
Description:	Run6

Table Header for Fixations:
Event Type	Trial	Number	Start	End	Duration	Location X	Location Y	Dispersion X	Dispersion Y	Plane	Avg. Pupil Size X	Avg. Pupil Size Y

Table Header for Saccades:
Event Type	Trial	Number	Start	End	Duration	Start Loc.X	Start Loc.Y	End Loc.X	End Loc.Y	Amplitude	Peak Speed	Peak Speed At	Average Speed	Peak Accel.	Peak Decel.	Average Accel.

Table Header for Blinks:
Event Type	Trial	Number	Start	End	Duration

Table Header for User Events:
Event Type	Trial	Number	Start	Description

UserEvent	1	1	5220613897	# Message: Questionnaire18.jpg
Saccade L	1	1	5220632624	5220676810	44186	869.28	979.90	876.39	952.15	1.38	54.88	0.23	31.14	530.08	-888.59	476.20
Saccade R	1	1	5220632624	5220676810	44186	869.28	979.90	876.39	952.15	1.38	54.88	0.23	31.14	530.08	-888.59	476.20
Fixation L	1	1	5220676810	5220728630	51820	865.31	950.70	31	20	-1	15.09	15.09
Fixation R	1	1	5220676810	5220728630	51820	865.31	950.70	31	20	-1	15.38	15.38
Saccade L	1	2	5220728630	5220752755	24125	849.15	949.28	875.32	983.53	0.82	55.29	0.59	33.79	1503.94	-133.75	629.72
Saccade R	1	2	5220728630	5220752755	24125	849.15	949.28	875.32	983.53	0.82	55.29	0.59	33.79	1503.94	-133.75	629.72
Saccade L	1	3	5220752755	5220786089	33334	875.32	983.53	854.34	944.07	1.02	55.18	0.44	30.70	302.18	-2192.82	916.80
Saccade R	1	3	5220752755	5220786089	33334	875.32	983.53	854.34	944.07	1.02	55.18	0.44	30.70	302.18	-2192.82	916.80
Fixation L	1	2	5220786089	5220996888	210799	869.78	947.19	36	28	-1	15.40	15.40
Fixation R	1	2	5220786089	5220996888	210799	869.78	947.19	36	28	-1	15.56	15.56
Saccade L	1	4	5220996888	5221076838	79950	868.57	962.07	417.70	349.53	17.23	427.61	0.40	215.47	18094.68	-10833.38	9182.28
Saccade R	1	4	5220996888	5221076838	79950	868.57	962.07	417.70	349.53	17.23	427.61	0.40	215.47	18094.68	-10833.38	9182.28
Fixation L	1	3	5221076838	5221170926	94088	440.79	365.74	48	31	-1	15.61	15.61
Fixation R	1	3	5221076838	5221170926	94088	440.79	365.74	48	31	-1	15.61	15.61
Saccade L	1	5	5221170926	5221196849	25923	465.88	380.10	418.79	359.38	1.01	68.11	0.48	39.14	2278.65	-2101.57	1621.76
Saccade R	1	5	5221170926	5221196849	25923	465.88	380.10	418.79	359.38	1.01	68.11	0.48	39.14	2278.65	-2101.57	1621.76
Fixation L	1	4	5221196849	5221377320	180471	443.59	360.94	37	19	-1	15.50	15.50
Fixation R	1	4	5221196849	5221377320	180471	443.59	360.94	37	19	-1	15.60	15.60
Saccade L	1	6	5221377320	5221434956	57636	442.39	372.20	583.32	365.49	3.17	156.59	0.51	54.93	6378.67	-6173.54	3532.78
Saccade R	1	6	5221377320	5221434956	57636	442.39	372.20	583.32	365.49	3.17	156.59	0.51	54.93	6378.67	-6173.54	3532.78
Fixation L	1	5	5221434956	5221608571	173615	583.60	370.70	21	16	-1	16.00	16.00
Fixation R	1	5	5221434956	5221608571	173615	583.60	370.70	21	16	-1	16.09	16.09
Saccade L	1	7	5221608571	5221665082	56511	579.60	367.90	725.25	383.09	3.42	165.50	0.43	60.57	6865.03	-6352.05	3855.22
Saccade R	1	7	5221608571	5221665082	56511	579.60	367.90	725.25	383.09	3.42	165.50	0.43	60.57	6865.03	-6352.05	3855.22
Fixation L	1	6	5221665082	5221809052	143970	719.41	387.20	19	13	-1	16.63	16.63
Fixation R	1	6	5221665082	5221809052	143970	719.41	387.20	19	13	-1	16.75	16.75
Saccade L	1	8	5221809052	5221851222	42170	713.71	391.19	786.46	387.70	1.71	90.06	0.29	40.63	3918.53	-3232.21	2153.32
Saccade R	1	8	5221809052	5221851222	42170	713.71	391.19	786.46	387.70	1.71	90.06	0.29	40.63	3918.53	-3232.21	2153.32
Fixation L	1	7	5221851222	5221947189	95967	789.67	394.17	28	18	-1	16.77	16.77
Fixation R	1	7	5221851222	5221947189	95967	789.67	394.17	28	18	-1	16.93	16.93
Saccade L	1	9	5221947189	5222019196	72007	787.13	404.34	597.08	382.51	4.84	237.81	0.25	67.24	10225.32	-9108.77	4036.26
Saccade R	1	9	5221947189	5222019196	72007	787.13	404.34	597.08	382.51	4.84	237.81	0.25	67.24	10225.32	-9108.77	4036.26
Fixation L	1	8	5222019196	5222157302	138106	605.39	384.30	16	15	-1	16.59	16.59
Fixation R	1	8	5222019196	5222157302	138106	605.39	384.30	16	15	-1	16.68	16.68
Saccade L	1	10	5222157302	5222207292	49990	613.95	388.33	738.52	390.40	2.80	162.24	0.35	56.07	6785.69	-6534.28	3621.94
Saccade R	1	10	5222157302	5222207292	49990	613.95	388.33	738.52	390.40	2.80	162.24	0.35	56.07	6785.69	-6534.28	3621.94
Fixation L	1	9	5222207292	5222369424	162132	731.53	381.95	13	14	-1	16.45	16.45
Fixation R	1	9	5222207292	5222369424	162132	731.53	381.95	13	14	-1	16.55	16.55
Saccade L	1	11	5222369424	5222413696	44272	730.97	375.12	804.80	380.38	1.67	90.40	0.33	37.66	3652.22	-3068.29	2075.60
Saccade R	1	11	5222369424	5222413696	44272	730.97	375.12	804.80	380.38	1.67	90.40	0.33	37.66	3652.22	-3068.29	2075.60
Fixation L	1	10	5222413696	5222609926	196230	816.13	383.50	25	18	-1	16.37	16.37
Fixation R	1	10	5222413696	5222609926	196230	816.13	383.50	25	18	-1	16.57	16.57
Saccade L	1	12	5222609926	5222651642	41716	814.83	391.23	951.52	391.41	3.01	176.57	0.37	72.07	7709.00	-7128.59	4874.14
Saccade R	1	12	5222609926	5222651642	41716	814.83	391.23	951.52	391.41	3.01	176.57	0.37	72.07	7709.00	-7128.59	4874.14
Fixation L	1	11	5222651642	5223361743	710101	949.90	388.76	29	30	-1	16.03	16.03
Fixation R	1	11	5222651642	5223361743	710101	949.90	388.76	29	30	-1	16.30	16.30
Saccade L	1	13	5223361743	5223443864	82121	950.40	389.80	403.67	418.64	12.75	369.02	0.39	155.29	15475.98	-13981.80	7887.90
Saccade R	1	13	5223361743	5223443864	82121	950.40	389.80	403.67	418.64	12.75	369.02	0.39	155.29	15475.98	-13981.80	7887.90
Fixation L	1	12	5223443864	5223575902	132038	428.29	421.85	32	19	-1	15.86	15.86
Fixation R	1	12	5223443864	5223575902	132038	428.29	421.85	32	19	-1	16.05	16.05
Saccade L	1	14	5223575902	5223647985	72083	431.90	430.22	496.69	368.29	2.18	73.27	0.50	30.18	2615.32	-2164.67	1298.78
Saccade R	1	14	5223575902	5223647985	72083	431.90	430.22	496.69	368.29	2.18	73.27	0.50	30.18	2615.32	-2164.67	1298.78
Fixation L	1	13	5223647985	5223848004	200019	494.47	369.68	11	29	-1	15.89	15.89
Fixation R	1	13	5223647985	5223848004	200019	494.47	369.68	11	29	-1	16.11	16.11
Blink L	1	1	5223848004	5223942093	94089
Blink R	1	1	5223848004	5223942093	94089
Fixation L	1	14	5223942093	5224324201	382108	0.00	0.00	0	0	-1	0.45	0.45
Fixation R	1	14	5223942093	5224324201	382108	0.00	0.00	0	0	-1	0.56	0.56
Blink L	1	2	5224324201	5225889277	1565076
Blink R	1	2	5224324201	5225889277	1565076
Fixation L	1	15	5225889277	5225962891	73614	694.30	461.88	13	21	-1	15.53	15.53
Fixation R	1	15	5225889277	5225962891	73614	694.30	461.88	13	21	-1	15.23	15.23
Saccade L	1	15	5225962891	5226006881	43990	691.73	455.39	745.15	438.15	1.34	57.28	0.37	30.45	2311.09	-1748.77	1432.30
Saccade R	1	15	5225962891	5226006881	43990	691.73	455.39	745.15	438.15	1.34	57.28	0.37	30.45	2311.09	-1748.77	1432.30
Saccade L	1	16	5226050893	5226119200	68307	746.63	435.21	738.76	430.18	24.75	916.31	0.50	362.40	33496.03	-37640.70	14796.37
Saccade R	1	16	5226050893	5226119200	68307	746.63	435.21	738.76	430.18	24.75	916.31	0.50	362.40	33496.03	-37640.70	14796.37
Fixation L	1	16	5226119200	5226271070	151870	739.74	426.12	15	20	-1	15.37	15.37
Fixation R	1	16	5226119200	5226271070	151870	739.74	426.12	15	20	-1	15.18	15.18
Saccade L	1	17	5226271070	5226299358	28288	734.03	416.39	817.30	406.55	1.72	110.18	0.58	60.70	9868.82	905.44	5060.88
Saccade R	1	17	5226271070	5226299358	28288	734.03	416.39	817.30	406.55	1.72	110.18	0.58	60.70	9868.82	905.44	5060.88
Saccade L	1	18	5226299358	5226354991	55633	817.30	406.55	810.30	401.72	8.35	312.00	0.21	150.12	9868.82	-11032.21	6511.44
Saccade R	1	18	5226299358	5226354991	55633	817.30	406.55	810.30	401.72	8.35	312.00	0.21	150.12	9868.82	-11032.21	6511.44
Blink L	1	3	5226371004	5226529440	158436
Blink R	1	3	5226371004	5226529440	158436
Fixation L	1	17	5226529440	5226699507	170067	820.88	370.83	28	24	-1	15.76	15.76
Fixation R	1	17	5226529440	5226699507	170067	820.88	370.83	28	24	-1	15.31	15.31
Saccade L	1	19	5226699507	5226827279	127772	810.30	360.31	448.60	355.93	10.70	380.80	0.37	83.72	15347.08	-15056.62	4796.50
Saccade R	1	19	5226699507	5226827279	127772	810.30	360.31	448.60	355.93	10.70	380.80	0.37	83.72	15347.08	-15056.62	4796.50
Fixation L	1	18	5226827279	5227141339	314060	425.87	336.72	557	399	-1	14.98	14.98
Fixation R	1	18	5226827279	5227141339	314060	425.87	336.72	557	399	-1	14.75	14.75
Saccade L	1	20	5227141339	5227177337	35998	457.32	364.62	383.85	385.17	1.69	100.75	0.33	46.87	4244.27	-3893.76	2753.43
Saccade R	1	20	5227141339	5227177337	35998	457.32	364.62	383.85	385.17	1.69	100.75	0.33	46.87	4244.27	-3893.76	2753.43
Fixation L	1	19	5227177337	5227523445	346108	396.14	387.94	28	40	-1	16.25	16.25
Fixation R	1	19	5227177337	5227523445	346108	396.14	387.94	28	40	-1	16.24	16.24
Saccade L	1	21	5227523445	5227579611	56166	404.34	400.72	415.87	392.44	1.37	46.13	0.61	24.32	1044.11	-1533.31	880.63
Saccade R	1	21	5227523445	5227579611	56166	404.34	400.72	415.87	392.44	1.37	46.13	0.61	24.32	1044.11	-1533.31	880.63
Saccade L	1	22	5227601580	5227667572	65992	404.47	394.03	586.37	392.12	6.23	283.93	0.25	94.36	12195.94	-10857.84	5311.42
Saccade R	1	22	5227601580	5227667572	65992	404.47	394.03	586.37	392.12	6.23	283.93	0.25	94.36	12195.94	-10857.84	5311.42
Fixation L	1	20	5227667572	5227894129	226557	578.81	404.53	22	44	-1	16.09	16.09
Fixation R	1	20	5227667572	5227894129	226557	578.81	404.53	22	44	-1	16.28	16.28
Saccade L	1	23	5227894129	5227965992	71863	569.74	398.09	772.68	404.86	5.25	209.95	0.34	73.07	9052.57	-8134.59	4525.77
Saccade R	1	23	5227894129	5227965992	71863	569.74	398.09	772.68	404.86	5.25	209.95	0.34	73.07	9052.57	-8134.59	4525.77
Fixation L	1	21	5227965992	5228226752	260760	753.79	389.69	35	45	-1	15.65	15.65
Fixation R	1	21	5227965992	5228226752	260760	753.79	389.69	35	45	-1	15.97	15.97
Saccade L	1	24	5228226752	5228285804	59052	760.33	373.73	526.99	371.61	5.41	261.31	0.50	91.64	10831.26	-10728.92	5905.00
Saccade R	1	24	5228226752	5228285804	59052	760.33	373.73	526.99	371.61	5.41	261.31	0.50	91.64	10831.26	-10728.92	5905.00
Saccade L	1	25	5228292843	5228351912	59069	537.47	370.29	481.61	359.09	4.05	123.89	0.63	68.56	3479.84	-2187.08	1374.09
Saccade R	1	25	5228292843	5228351912	59069	537.47	370.29	481.61	359.09	4.05	123.89	0.63	68.56	3479.84	-2187.08	1374.09
Fixation L	1	22	5228418083	5228477941	59858	553.75	370.34	16	14	-1	15.30	15.30
Fixation R	1	22	5228418083	5228477941	59858	553.75	370.34	16	14	-1	15.53	15.53
Saccade L	1	26	5228477941	5228545176	67235	554.01	366.08	411.26	457.87	4.81	215.82	0.30	71.57	9414.01	-8313.26	4366.79
Saccade R	1	26	5228477941	5228545176	67235	554.01	366.08	411.26	457.87	4.81	215.82	0.30	71.57	9414.01	-8313.26	4366.79
Fixation L	1	23	5228545176	5228686032	140856	408.17	459.70	14	30	-1	15.37	15.37
Fixation R	1	23	5228545176	5228686032	140856	408.17	459.70	14	30	-1	15.48	15.48
Fixation L	1	24	5228748030	5228842280	94250	415.92	382.12	7	16	-1	15.51	15.51
Fixation R	1	24	5228748030	5228842280	94250	415.92	382.12	7	16	-1	15.74	15.74
Saccade L	1	27	5228842280	5228918224	75944	411.60	386.50	599.85	372.40	8.42	463.30	0.24	110.88	17032.95	-18562.89	7265.91
Saccade R	1	27	5228842280	5228918224	75944	411.60	386.50	599.85	372.40	8.42	463.30	0.24	110.88	17032.95	-18562.89	7265.91
Fixation L	1	25	5228918224	5229086161	167937	597.45	379.35	9	18	-1	15.85	15.85
Fixation R	1	25	5228918224	5229086161	167937	597.45	379.35	9	18	-1	15.97	15.97
Saccade L	1	28	5229086161	5229146301	60140	594.05	382.08	855.92	395.43	6.06	254.29	0.33	100.69	11079.93	-10439.56	6085.83
Saccade R	1	28	5229086161	5229146301	60140	594.05	382.08	855.92	395.43	6.06	254.29	0.33	100.69	11079.93	-10439.56	6085.83
Fixation L	1	26	5229146301	5229326345	180044	845.43	391.41	22	9	-1	16.29	16.29
Fixation R	1	26	5229146301	5229326345	180044	845.43	391.41	22	9	-1	16.23	16.23
Saccade L	1	29	5229326345	5229364287	37942	846.60	395.23	955.09	394.42	2.33	144.59	0.47	61.39	6008.03	-5740.33	3970.41
Saccade R	1	29	5229326345	5229364287	37942	846.60	395.23	955.09	394.42	2.33	144.59	0.47	61.39	6008.03	-5740.33	3970.41
Fixation L	1	27	5229364287	5229462373	98086	948.44	387.14	10	15	-1	16.44	16.44
Fixation R	1	27	5229364287	5229462373	98086	948.44	387.14	10	15	-1	16.15	16.15
Saccade L	1	30	5229462373	5229528416	66043	949.84	399.22	351.75	487.87	14.28	482.80	0.45	216.30	20656.81	-19112.42	12136.92
Saccade R	1	30	5229462373	5229528416	66043	949.84	399.22	351.75	487.87	14.28	482.80	0.45	216.30	20656.81	-19112.42	12136.92
Saccade L	1	31	5229535232	5229583052	47820	356.38	488.74	407.47	472.51	1.24	44.60	0.53	26.02	1315.01	-1613.48	953.56
Saccade R	1	31	5229535232	5229583052	47820	356.38	488.74	407.47	472.51	1.24	44.60	0.53	26.02	1315.01	-1613.48	953.56
Fixation L	1	28	5229583052	5230028608	445556	401.18	487.49	32	49	-1	16.87	16.87
Fixation R	1	28	5229583052	5230028608	445556	401.18	487.49	32	49	-1	16.34	16.34
Saccade L	1	32	5230028608	5230056610	28002	394.78	507.78	385.39	476.46	0.71	45.45	0.50	25.53	1768.74	-1621.36	1225.25
Saccade R	1	32	5230028608	5230056610	28002	394.78	507.78	385.39	476.46	0.71	45.45	0.50	25.53	1768.74	-1621.36	1225.25
Fixation L	1	29	5230056610	5230426737	370127	380.67	470.67	34	40	-1	16.93	16.93
Fixation R	1	29	5230056610	5230426737	370127	380.67	470.67	34	40	-1	16.46	16.46
Saccade L	1	33	5230426737	5230474863	48126	372.16	452.26	377.92	495.83	5.47	219.69	0.58	113.63	8859.08	-9523.58	5988.40
Saccade R	1	33	5230426737	5230474863	48126	372.16	452.26	377.92	495.83	5.47	219.69	0.58	113.63	8859.08	-9523.58	5988.40
Fixation L	1	30	5230474863	5230944516	469653	395.82	475.54	39	39	-1	17.35	17.35
Fixation R	1	30	5230474863	5230944516	469653	395.82	475.54	39	39	-1	16.99	16.99
UserEvent	1	233	5230635822	# Message: UE-mouseclick left x=360 y=438
Saccade L	1	34	5230944516	5231019687	75171	405.67	483.92	419.17	595.53	3.40	100.62	0.28	45.19	4252.61	-3252.02	1860.94
Saccade R	1	34	5230944516	5231019687	75171	405.67	483.92	419.17	595.53	3.40	100.62	0.28	45.19	4252.61	-3252.02	1860.94
Fixation L	1	31	5231019687	5231568165	548478	415.59	562.11	28	62	-1	17.36	17.36
Fixation R	1	31	5231019687	5231568165	548478	415.59	562.11	28	62	-1	17.13	17.13
UserEvent	1	253	5231467952	# Message: UE-mouseclick left x=401 y=531
