[BeGaze]
Converted from:	C:\Program Files\SMI\Experiment Suite 360\Experiment Center 2\Results\RC-Attachment-Exp\P31-eye_data.idf
Date:	18.03.2012 20:26:51
Version:	BeGaze 3.0.181
Sample Rate:	500
Subject:	P31
Description:	Run36

Table Header for Fixations:
Event Type	Trial	Number	Start	End	Duration	Location X	Location Y	Dispersion X	Dispersion Y	Plane	Avg. Pupil Size X	Avg. Pupil Size Y

Table Header for Saccades:
Event Type	Trial	Number	Start	End	Duration	Start Loc.X	Start Loc.Y	End Loc.X	End Loc.Y	Amplitude	Peak Speed	Peak Speed At	Average Speed	Peak Accel.	Peak Decel.	Average Accel.

Table Header for Blinks:
Event Type	Trial	Number	Start	End	Duration

Table Header for User Events:
Event Type	Trial	Number	Start	Description

UserEvent	1	1	4880117996	# Message: RC-nonforced-nonanim-2.jpg
Fixation L	1	1	4880121806	4880547337	425531	501.95	450.38	35	24	-1	10.81	10.81
Fixation R	1	1	4880121806	4880547337	425531	501.95	450.38	35	24	-1	11.23	11.23
Blink L	1	1	4880547337	4880707430	160093
Blink R	1	1	4880547337	4880707430	160093
Saccade L	1	1	4880713443	4880761427	47984	555.84	362.20	558.09	430.77	1.58	46.38	0.38	32.89	1131.55	-1608.73	627.08
Saccade R	1	1	4880713443	4880761427	47984	555.84	362.20	558.09	430.77	1.58	46.38	0.38	32.89	1131.55	-1608.73	627.08
Fixation L	1	2	4880761427	4880941429	180002	544.24	446.94	37	34	-1	10.82	10.82
Fixation R	1	2	4880761427	4880941429	180002	544.24	446.94	37	34	-1	11.66	11.66
Saccade L	1	2	4880941429	4880969808	28379	526.82	449.58	639.95	449.06	2.43	166.08	0.49	85.68	6688.94	-6883.19	4929.48
Saccade R	1	2	4880941429	4880969808	28379	526.82	449.58	639.95	449.06	2.43	166.08	0.49	85.68	6688.94	-6883.19	4929.48
Fixation L	1	3	4880969808	4881215546	245738	644.46	452.44	14	9	-1	10.82	10.82
Fixation R	1	3	4880969808	4881215546	245738	644.46	452.44	14	9	-1	11.48	11.48
Saccade L	1	3	4881215546	4881247540	31994	638.08	457.18	740.68	443.23	2.20	136.99	0.37	68.72	5650.78	-5086.82	3762.59
Saccade R	1	3	4881215546	4881247540	31994	638.08	457.18	740.68	443.23	2.20	136.99	0.37	68.72	5650.78	-5086.82	3762.59
Fixation L	1	4	4881247540	4881475658	228118	748.10	453.67	20	36	-1	10.79	10.79
Fixation R	1	4	4881247540	4881475658	228118	748.10	453.67	20	36	-1	11.31	11.31
Saccade L	1	4	4881475658	4881505779	30121	743.86	469.01	808.24	442.68	1.55	100.37	0.40	51.54	3438.94	-3477.87	2357.19
Saccade R	1	4	4881475658	4881505779	30121	743.86	469.01	808.24	442.68	1.55	100.37	0.40	51.54	3438.94	-3477.87	2357.19
Blink L	1	2	4881545780	4881717776	171996
Blink R	1	2	4881545780	4881717776	171996
Saccade L	1	5	4881737789	4881783899	46110	816.58	359.47	830.97	452.33	2.12	73.52	0.35	46.06	3083.10	-2173.54	1890.45
Saccade R	1	5	4881737789	4881783899	46110	816.58	359.47	830.97	452.33	2.12	73.52	0.35	46.06	3083.10	-2173.54	1890.45
Fixation L	1	5	4881783899	4881845918	62019	832.54	458.22	5	9	-1	10.64	10.64
Fixation R	1	5	4881783899	4881845918	62019	832.54	458.22	5	9	-1	11.37	11.37
Fixation L	1	6	4881865895	4882023899	158004	903.03	457.34	12	21	-1	10.94	10.94
Fixation R	1	6	4881865895	4882023899	158004	903.03	457.34	12	21	-1	11.61	11.61
Saccade L	1	6	4882023899	4882060019	36120	908.83	457.72	1016.03	473.70	2.50	127.35	0.55	69.32	4916.69	-5216.01	3760.88
Saccade R	1	6	4882023899	4882060019	36120	908.83	457.72	1016.03	473.70	2.50	127.35	0.55	69.32	4916.69	-5216.01	3760.88
Fixation L	1	7	4882060019	4882464127	404108	1008.51	452.16	37	45	-1	10.85	10.85
Fixation R	1	7	4882060019	4882464127	404108	1008.51	452.16	37	45	-1	11.46	11.46
Fixation L	1	8	4882484123	4882650101	165978	1054.52	441.81	22	8	-1	10.98	10.98
Fixation R	1	8	4882484123	4882650101	165978	1054.52	441.81	22	8	-1	11.67	11.67
Saccade L	1	7	4882650101	4882674248	24147	1059.59	444.65	931.81	452.75	2.53	206.27	0.42	104.92	8748.71	-8009.92	6004.71
Saccade R	1	7	4882650101	4882674248	24147	1059.59	444.65	931.81	452.75	2.53	206.27	0.42	104.92	8748.71	-8009.92	6004.71
Fixation L	1	9	4882674248	4882900362	226114	927.95	441.89	19	22	-1	10.91	10.91
Fixation R	1	9	4882674248	4882900362	226114	927.95	441.89	19	22	-1	11.73	11.73
Saccade L	1	8	4882900362	4882928369	28007	931.86	446.75	1008.32	449.02	1.72	114.32	0.50	61.26	4348.24	-4254.74	3129.11
Saccade R	1	8	4882900362	4882928369	28007	931.86	446.75	1008.32	449.02	1.72	114.32	0.50	61.26	4348.24	-4254.74	3129.11
Fixation L	1	10	4882928369	4883362551	434182	1031.40	473.38	40	44	-1	11.14	11.14
Fixation R	1	10	4882928369	4883362551	434182	1031.40	473.38	40	44	-1	11.84	11.84
Saccade L	1	9	4883362551	4883390469	27918	1048.10	481.14	1131.99	476.71	1.82	121.56	0.43	65.28	4835.50	-4697.76	3454.83
Saccade R	1	9	4883362551	4883390469	27918	1048.10	481.14	1131.99	476.71	1.82	121.56	0.43	65.28	4835.50	-4697.76	3454.83
Fixation L	1	11	4883390469	4883858702	468233	1136.50	462.42	24	44	-1	11.07	11.07
Fixation R	1	11	4883390469	4883858702	468233	1136.50	462.42	24	44	-1	11.72	11.72
Saccade L	1	10	4883858702	4883920705	62003	1130.46	452.21	836.94	185.62	9.04	278.53	0.29	145.74	12585.49	-7079.36	6602.53
Saccade R	1	10	4883858702	4883920705	62003	1130.46	452.21	836.94	185.62	9.04	278.53	0.29	145.74	12585.49	-7079.36	6602.53
Saccade L	1	11	4883954824	4884013841	59017	857.26	181.10	809.44	-14.09	4.67	222.34	0.24	79.10	9156.53	-8509.88	4372.56
Saccade R	1	11	4883954824	4884013841	59017	857.26	181.10	809.44	-14.09	4.67	222.34	0.24	79.10	9156.53	-8509.88	4372.56
Saccade L	1	12	4884046822	4884092245	45423	819.48	14.40	0.00	-0.47	16.64	1023.92	0.57	366.44	36594.22	-18644.45	15478.23
Saccade R	1	12	4884046822	4884092245	45423	819.48	14.40	0.00	-0.47	16.64	1023.92	0.57	366.44	36594.22	-18644.45	15478.23
Saccade L	1	13	4884114828	4884140750	25922	0.00	-0.30	0.00	-0.06	7.37	731.00	0.39	284.47	3310.68	-21318.01	9671.60
Saccade R	1	13	4884114828	4884140750	25922	0.00	-0.30	0.00	-0.06	7.37	731.00	0.39	284.47	3310.68	-21318.01	9671.60
Fixation L	1	12	4884140750	4884204942	64192	0.00	0.00	0	0	-1	10.79	10.79
Fixation R	1	12	4884140750	4884204942	64192	0.00	0.00	0	0	-1	11.40	11.40
Fixation L	1	13	4884288972	4884611137	322165	1088.49	474.08	38	31	-1	11.11	11.11
Fixation R	1	13	4884288972	4884611137	322165	1088.49	474.08	38	31	-1	11.75	11.75
Saccade L	1	14	4884611137	4884657051	45914	1071.06	461.45	727.93	446.91	7.63	312.74	0.39	166.11	14260.27	-11655.36	9338.06
Saccade R	1	14	4884611137	4884657051	45914	1071.06	461.45	727.93	446.91	7.63	312.74	0.39	166.11	14260.27	-11655.36	9338.06
Fixation L	1	14	4884657051	4885050877	393826	717.57	445.34	27	19	-1	10.70	10.70
Fixation R	1	14	4884657051	4885050877	393826	717.57	445.34	27	19	-1	11.27	11.27
Saccade L	1	15	4885050877	4885079289	28412	717.61	447.08	633.33	443.54	1.65	110.79	0.37	58.22	4618.59	-4104.10	3080.51
Saccade R	1	15	4885050877	4885079289	28412	717.61	447.08	633.33	443.54	1.65	110.79	0.37	58.22	4618.59	-4104.10	3080.51
Fixation L	1	15	4885079289	4885167283	87994	648.02	443.10	34	11	-1	10.65	10.65
Fixation R	1	15	4885079289	4885167283	87994	648.02	443.10	34	11	-1	11.14	11.14
Saccade L	1	16	4885167283	4885205290	38007	661.10	445.23	907.76	452.58	5.66	291.37	0.42	148.81	13128.34	-12325.93	9321.26
Saccade R	1	16	4885167283	4885205290	38007	661.10	445.23	907.76	452.58	5.66	291.37	0.42	148.81	13128.34	-12325.93	9321.26
Fixation L	1	16	4885205290	4885375409	170119	923.19	456.43	21	15	-1	10.44	10.44
Fixation R	1	16	4885205290	4885375409	170119	923.19	456.43	21	15	-1	11.27	11.27
Saccade L	1	17	4885375409	4885405406	29997	929.64	452.44	881.14	445.00	1.03	50.04	0.41	34.24	1914.70	-1762.22	1319.35
Saccade R	1	17	4885375409	4885405406	29997	929.64	452.44	881.14	445.00	1.03	50.04	0.41	34.24	1914.70	-1762.22	1319.35
Fixation L	1	17	4885405406	4885515403	109997	889.73	436.97	23	18	-1	10.36	10.36
Fixation R	1	17	4885405406	4885515403	109997	889.73	436.97	23	18	-1	11.30	11.30
Blink L	1	3	4885528831	4885763519	234688
Blink R	1	3	4885528831	4885763519	234688
Saccade L	1	18	4885841641	4885871652	30011	901.65	832.26	814.91	809.82	1.64	135.71	0.42	54.55	3376.47	-1273.36	1521.00
Saccade R	1	18	4885841641	4885871652	30011	901.65	832.26	814.91	809.82	1.64	135.71	0.42	54.55	3376.47	-1273.36	1521.00
Saccade L	1	19	4885871652	4885901635	29983	814.91	809.82	868.97	861.61	2.24	189.25	0.27	74.74	2929.84	-5073.49	2738.89
Saccade R	1	19	4885871652	4885901635	29983	814.91	809.82	868.97	861.61	2.24	189.25	0.27	74.74	2929.84	-5073.49	2738.89
Fixation L	1	18	4885901635	4888241161	2339526	913.40	869.82	82	72	-1	9.93	9.93
Fixation R	1	18	4885901635	4888241161	2339526	913.40	869.82	82	72	-1	10.73	10.73
Saccade L	1	20	4888241161	4888310683	69522	923.20	911.46	580.11	494.36	12.51	478.82	0.28	179.97	21147.10	-17066.01	9887.61
Saccade R	1	20	4888241161	4888310683	69522	923.20	911.46	580.11	494.36	12.51	478.82	0.28	179.97	21147.10	-17066.01	9887.61
Fixation L	1	19	4888310683	4888409468	98785	586.50	483.95	17	18	-1	10.89	10.89
Fixation R	1	19	4888310683	4888409468	98785	586.50	483.95	17	18	-1	11.53	11.53
Saccade L	1	21	4888409468	4888430681	21213	595.07	486.32	560.02	464.58	0.79	55.08	0.34	37.16	2027.33	-2152.01	1473.40
Saccade R	1	21	4888409468	4888430681	21213	595.07	486.32	560.02	464.58	0.79	55.08	0.34	37.16	2027.33	-2152.01	1473.40
Fixation L	1	20	4888430681	4888670801	240120	551.88	474.81	16	21	-1	10.64	10.64
Fixation R	1	20	4888430681	4888670801	240120	551.88	474.81	16	21	-1	11.14	11.14
Saccade L	1	22	4888670801	4888708799	37998	557.35	477.24	679.29	464.74	2.73	160.06	0.32	71.86	6777.92	-5799.24	3995.81
Saccade R	1	22	4888670801	4888708799	37998	557.35	477.24	679.29	464.74	2.73	160.06	0.32	71.86	6777.92	-5799.24	3995.81
Fixation L	1	21	4888708799	4888842912	134113	683.48	455.73	10	23	-1	10.16	10.16
Fixation R	1	21	4888708799	4888842912	134113	683.48	455.73	10	23	-1	10.84	10.84
Saccade L	1	23	4888842912	4888882914	40002	684.25	440.74	815.58	427.03	2.92	161.34	0.37	73.12	6389.13	-5792.84	3921.91
Saccade R	1	23	4888842912	4888882914	40002	684.25	440.74	815.58	427.03	2.92	161.34	0.37	73.12	6389.13	-5792.84	3921.91
Fixation L	1	22	4888882914	4889083031	200117	824.01	426.70	17	32	-1	10.13	10.13
Fixation R	1	22	4888882914	4889083031	200117	824.01	426.70	17	32	-1	10.86	10.86
Saccade L	1	24	4889083031	4889153048	70017	829.45	406.28	939.78	898.13	11.61	287.54	0.57	165.81	9588.68	-11622.12	6480.85
Saccade R	1	24	4889083031	4889153048	70017	829.45	406.28	939.78	898.13	11.61	287.54	0.57	165.81	9588.68	-11622.12	6480.85
Fixation L	1	23	4889153048	4889239068	86020	955.79	928.04	30	44	-1	9.81	9.81
Fixation R	1	23	4889153048	4889239068	86020	955.79	928.04	30	44	-1	10.43	10.43
Saccade L	1	25	4889239068	4889275148	36080	960.45	933.55	922.85	872.97	1.53	61.14	0.52	42.33	2617.15	-2220.49	1769.97
Saccade R	1	25	4889239068	4889275148	36080	960.45	933.55	922.85	872.97	1.53	61.14	0.52	42.33	2617.15	-2220.49	1769.97
Fixation L	1	24	4889275148	4889695272	420124	919.99	857.78	51	33	-1	9.62	9.62
Fixation R	1	24	4889275148	4889695272	420124	919.99	857.78	51	33	-1	10.38	10.38
