[BeGaze]
Converted from:	C:\Program Files\SMI\Experiment Suite 360\Experiment Center 2\Results\RC-Attachment-Exp\P30-eye_data.idf
Date:	18.03.2012 20:25:30
Version:	BeGaze 3.0.181
Sample Rate:	500
Subject:	P30
Description:	Run35

Table Header for Fixations:
Event Type	Trial	Number	Start	End	Duration	Location X	Location Y	Dispersion X	Dispersion Y	Plane	Avg. Pupil Size X	Avg. Pupil Size Y

Table Header for Saccades:
Event Type	Trial	Number	Start	End	Duration	Start Loc.X	Start Loc.Y	End Loc.X	End Loc.Y	Amplitude	Peak Speed	Peak Speed At	Average Speed	Peak Accel.	Peak Decel.	Average Accel.

Table Header for Blinks:
Event Type	Trial	Number	Start	End	Duration

Table Header for User Events:
Event Type	Trial	Number	Start	Description

UserEvent	1	1	3935198362	# Message: RC-N2forced-nonanim-1.jpg
Fixation L	1	1	3935198513	3935732615	534102	478.14	424.78	21	33	-1	13.52	13.52
Fixation R	1	1	3935198513	3935732615	534102	478.14	424.78	21	33	-1	12.65	12.65
Blink L	1	1	3935732615	3935762603	29988
Blink R	1	1	3935732615	3935762603	29988
Fixation L	1	2	3935762603	3935894586	131983	477.16	439.02	10	18	-1	13.33	13.33
Fixation R	1	2	3935762603	3935894586	131983	477.16	439.02	10	18	-1	12.52	12.52
Saccade L	1	1	3935894586	3935932608	38022	475.12	443.21	553.82	441.72	1.67	76.87	0.37	44.00	2994.12	-2451.91	1921.04
Saccade R	1	1	3935894586	3935932608	38022	475.12	443.21	553.82	441.72	1.67	76.87	0.37	44.00	2994.12	-2451.91	1921.04
Fixation L	1	3	3935932608	3936026738	94130	551.80	440.26	11	11	-1	13.26	13.26
Fixation R	1	3	3935932608	3936026738	94130	551.80	440.26	11	11	-1	12.41	12.41
Blink L	1	2	3936026738	3936230840	204102
Blink R	1	2	3936026738	3936230840	204102
Fixation L	1	4	3936230840	3936338826	107986	602.13	444.22	12	23	-1	13.32	13.32
Fixation R	1	4	3936230840	3936338826	107986	602.13	444.22	12	23	-1	12.51	12.51
Saccade L	1	2	3936338826	3936374827	36001	596.88	456.30	667.91	435.61	1.71	98.71	0.33	47.47	3299.87	-3099.35	2086.16
Saccade R	1	2	3936338826	3936374827	36001	596.88	456.30	667.91	435.61	1.71	98.71	0.33	47.47	3299.87	-3099.35	2086.16
Fixation L	1	5	3936374827	3936497181	122354	663.92	441.70	10	29	-1	13.68	13.68
Fixation R	1	5	3936374827	3936497181	122354	663.92	441.70	10	29	-1	12.97	12.97
Saccade L	1	3	3936497181	3936522947	25766	659.67	459.33	766.60	445.78	2.31	172.57	0.46	89.79	6760.81	-6832.17	4849.91
Saccade R	1	3	3936497181	3936522947	25766	659.67	459.33	766.60	445.78	2.31	172.57	0.46	89.79	6760.81	-6832.17	4849.91
Fixation L	1	6	3936522947	3936851108	328161	769.00	444.78	15	41	-1	13.82	13.82
Fixation R	1	6	3936522947	3936851108	328161	769.00	444.78	15	41	-1	13.14	13.14
Saccade L	1	4	3936851108	3936883310	32202	765.73	455.68	869.26	428.05	2.34	142.94	0.50	72.76	5797.62	-5540.28	4125.33
Saccade R	1	4	3936851108	3936883310	32202	765.73	455.68	869.26	428.05	2.34	142.94	0.50	72.76	5797.62	-5540.28	4125.33
Blink L	1	3	3936925067	3936955075	30008
Blink R	1	3	3936925067	3936955075	30008
Fixation L	1	7	3936955075	3937199187	244112	865.33	429.22	12	36	-1	13.49	13.49
Fixation R	1	7	3936955075	3937199187	244112	865.33	429.22	12	36	-1	12.84	12.84
Saccade L	1	5	3937199187	3937229184	29997	867.50	430.43	953.73	436.97	2.26	153.19	0.60	75.26	5925.48	-5972.18	4125.18
Saccade R	1	5	3937199187	3937229184	29997	867.50	430.43	953.73	436.97	2.26	153.19	0.60	75.26	5925.48	-5972.18	4125.18
Fixation L	1	8	3937229184	3937422708	193524	961.39	422.33	15	25	-1	13.57	13.57
Fixation R	1	8	3937229184	3937422708	193524	961.39	422.33	15	25	-1	13.06	13.06
Saccade L	1	6	3937422708	3937447319	24611	964.45	435.27	929.40	430.28	0.72	41.23	0.35	29.44	1118.69	-1203.95	843.75
Saccade R	1	6	3937422708	3937447319	24611	964.45	435.27	929.40	430.28	0.72	41.23	0.35	29.44	1118.69	-1203.95	843.75
Fixation L	1	9	3937447319	3937571426	124107	928.53	435.28	17	28	-1	13.69	13.69
Fixation R	1	9	3937447319	3937571426	124107	928.53	435.28	17	28	-1	13.18	13.18
Saccade L	1	7	3937571426	3937597677	26251	926.96	446.61	1052.44	448.97	2.65	191.70	0.53	100.88	7727.94	-7437.08	5499.27
Saccade R	1	7	3937571426	3937597677	26251	926.96	446.61	1052.44	448.97	2.65	191.70	0.53	100.88	7727.94	-7437.08	5499.27
Fixation L	1	10	3937597677	3937901858	304181	1038.50	430.14	27	33	-1	13.69	13.69
Fixation R	1	10	3937597677	3937901858	304181	1038.50	430.14	27	33	-1	13.39	13.39
Blink L	1	4	3937901858	3937981415	79557
Blink R	1	4	3937901858	3937981415	79557
Fixation L	1	11	3937981415	3938307670	326255	1100.87	402.66	1177	451	-1	13.05	13.05
Fixation R	1	11	3937981415	3938307670	326255	1100.87	402.66	1177	451	-1	12.99	12.99
Saccade L	1	8	3938307670	3938393803	86133	1169.81	433.47	901.81	997.73	14.93	335.27	0.30	173.38	13633.30	-7235.70	6150.05
Saccade R	1	8	3938307670	3938393803	86133	1169.81	433.47	901.81	997.73	14.93	335.27	0.30	173.38	13633.30	-7235.70	6150.05
Fixation L	1	12	3938393803	3938887911	494108	904.50	965.41	26	61	-1	13.96	13.96
Fixation R	1	12	3938393803	3938887911	494108	904.50	965.41	26	61	-1	14.00	14.00
