[BeGaze]
Converted from:	C:\Program Files\SMI\Experiment Suite 360\Experiment Center 2\Results\RC-Attachment-Exp\P31-eye_data.idf
Date:	18.03.2012 20:26:57
Version:	BeGaze 3.0.181
Sample Rate:	500
Subject:	P31
Description:	Run36

Table Header for Fixations:
Event Type	Trial	Number	Start	End	Duration	Location X	Location Y	Dispersion X	Dispersion Y	Plane	Avg. Pupil Size X	Avg. Pupil Size Y

Table Header for Saccades:
Event Type	Trial	Number	Start	End	Duration	Start Loc.X	Start Loc.Y	End Loc.X	End Loc.Y	Amplitude	Peak Speed	Peak Speed At	Average Speed	Peak Accel.	Peak Decel.	Average Accel.

Table Header for Blinks:
Event Type	Trial	Number	Start	End	Duration

Table Header for User Events:
Event Type	Trial	Number	Start	Description

UserEvent	1	1	4962454344	# Message: Questionnaire11.jpg
Fixation L	1	1	4962457233	4962826882	369649	928.01	907.68	37	30	-1	10.15	10.15
Fixation R	1	1	4962457233	4962826882	369649	928.01	907.68	37	30	-1	10.87	10.87
Saccade L	1	1	4962826882	4962903005	76123	926.36	924.22	445.93	474.08	15.71	558.09	0.26	206.36	25260.93	-15848.75	10673.71
Saccade R	1	1	4962826882	4962903005	76123	926.36	924.22	445.93	474.08	15.71	558.09	0.26	206.36	25260.93	-15848.75	10673.71
Saccade L	1	2	4962939043	4962965008	25965	465.15	465.86	434.19	412.85	1.49	113.09	0.38	57.45	3640.16	-4197.87	2786.94
Saccade R	1	2	4962939043	4962965008	25965	465.15	465.86	434.19	412.85	1.49	113.09	0.38	57.45	3640.16	-4197.87	2786.94
Fixation L	1	2	4962965008	4963039018	74010	432.17	407.29	8	9	-1	10.88	10.88
Fixation R	1	2	4962965008	4963039018	74010	432.17	407.29	8	9	-1	11.56	11.56
Saccade L	1	3	4963039018	4963063063	24045	434.66	406.50	405.29	379.64	0.78	45.89	0.50	32.31	1923.87	-1831.45	1337.10
Saccade R	1	3	4963039018	4963063063	24045	434.66	406.50	405.29	379.64	0.78	45.89	0.50	32.31	1923.87	-1831.45	1337.10
Fixation L	1	3	4963063063	4963195144	132081	409.66	388.67	9	22	-1	11.00	11.00
Fixation R	1	3	4963063063	4963195144	132081	409.66	388.67	9	22	-1	11.65	11.65
Saccade L	1	4	4963195144	4963237950	42806	410.58	395.30	561.43	372.80	3.43	194.47	0.33	80.06	8217.09	-6989.41	4581.81
Saccade R	1	4	4963195144	4963237950	42806	410.58	395.30	561.43	372.80	3.43	194.47	0.33	80.06	8217.09	-6989.41	4581.81
Fixation L	1	4	4963237950	4963379111	141161	565.19	377.58	5	10	-1	11.00	11.00
Fixation R	1	4	4963237950	4963379111	141161	565.19	377.58	5	10	-1	11.57	11.57
Saccade L	1	5	4963379111	4963401283	22172	565.01	377.90	615.40	373.97	1.05	77.65	0.45	47.33	3225.54	-2556.70	1978.70
Saccade R	1	5	4963379111	4963401283	22172	565.01	377.90	615.40	373.97	1.05	77.65	0.45	47.33	3225.54	-2556.70	1978.70
Fixation L	1	5	4963401283	4963469252	67969	619.41	393.20	12	34	-1	10.97	10.97
Fixation R	1	5	4963401283	4963469252	67969	619.41	393.20	12	34	-1	11.84	11.84
Saccade L	1	6	4963555257	4963581237	25980	585.67	402.44	722.77	383.35	2.51	193.33	0.46	96.69	6089.26	-7764.27	4579.94
Saccade R	1	6	4963555257	4963581237	25980	585.67	402.44	722.77	383.35	2.51	193.33	0.46	96.69	6089.26	-7764.27	4579.94
Fixation L	1	6	4963581237	4963765356	184119	717.63	369.99	24	21	-1	11.17	11.17
Fixation R	1	6	4963581237	4963765356	184119	717.63	369.99	24	21	-1	11.94	11.94
Saccade L	1	7	4963765356	4963795391	30035	730.11	378.59	786.14	364.42	1.23	66.65	0.40	41.06	2111.81	-2211.35	1591.83
Saccade R	1	7	4963765356	4963795391	30035	730.11	378.59	786.14	364.42	1.23	66.65	0.40	41.06	2111.81	-2211.35	1591.83
Fixation L	1	7	4963795391	4963903348	107957	805.32	371.30	34	9	-1	11.28	11.28
Fixation R	1	7	4963795391	4963903348	107957	805.32	371.30	34	9	-1	12.11	12.11
Saccade L	1	8	4963903348	4963929634	26286	818.15	370.57	920.22	376.66	2.23	162.90	0.53	84.74	6731.88	-6771.51	4848.26
Saccade R	1	8	4963903348	4963929634	26286	818.15	370.57	920.22	376.66	2.23	162.90	0.53	84.74	6731.88	-6771.51	4848.26
Fixation L	1	8	4963929634	4964085467	155833	933.97	366.76	24	18	-1	11.31	11.31
Fixation R	1	8	4963929634	4964085467	155833	933.97	366.76	24	18	-1	12.09	12.09
Saccade L	1	9	4964085467	4964125466	39999	945.44	367.32	1031.37	359.17	1.94	87.43	0.30	48.53	3728.67	-2678.82	2114.79
Saccade R	1	9	4964085467	4964125466	39999	945.44	367.32	1031.37	359.17	1.94	87.43	0.30	48.53	3728.67	-2678.82	2114.79
Fixation L	1	9	4964125466	4964289738	164272	1031.20	361.78	17	28	-1	11.27	11.27
Fixation R	1	9	4964125466	4964289738	164272	1031.20	361.78	17	28	-1	11.98	11.98
Saccade L	1	10	4964289738	4964317577	27839	1041.56	383.23	1141.70	372.81	2.82	212.92	0.50	101.20	7763.75	-7956.09	5403.22
Saccade R	1	10	4964289738	4964317577	27839	1041.56	383.23	1141.70	372.81	2.82	212.92	0.50	101.20	7763.75	-7956.09	5403.22
Fixation L	1	10	4964317577	4964453580	136003	1149.96	381.78	13	18	-1	11.23	11.23
Fixation R	1	10	4964317577	4964453580	136003	1149.96	381.78	13	18	-1	11.98	11.98
Blink L	1	1	4964453580	4964679705	226125
Blink R	1	1	4964453580	4964679705	226125
Fixation L	1	11	4964679705	4965524765	845060	394.94	505.95	83	61	-1	11.51	11.51
Fixation R	1	11	4964679705	4965524765	845060	394.94	505.95	83	61	-1	12.16	12.16
UserEvent	1	73	4965272540	# Message: UE-mouseclick left x=440 y=437
Saccade L	1	11	4965524765	4965554057	29292	370.39	494.89	440.79	574.12	2.49	152.63	0.52	85.11	6166.49	-6732.46	4816.96
Saccade R	1	11	4965524765	4965554057	29292	370.39	494.89	440.79	574.12	2.49	152.63	0.52	85.11	6166.49	-6732.46	4816.96
Fixation L	1	12	4965554057	4966077568	523511	447.11	571.36	27	46	-1	11.20	11.20
Fixation R	1	12	4965554057	4966077568	523511	447.11	571.36	27	46	-1	11.91	11.91
UserEvent	1	92	4966015993	# Message: UE-mouseclick left x=439 y=536
