[BeGaze]
Converted from:	C:\Program Files\SMI\Experiment Suite 360\Experiment Center 2\Results\RC-Attachment-Exp\P22-eye_data.idf
Date:	18.03.2012 20:17:11
Version:	BeGaze 3.0.181
Sample Rate:	500
Subject:	P22
Description:	Run27

Table Header for Fixations:
Event Type	Trial	Number	Start	End	Duration	Location X	Location Y	Dispersion X	Dispersion Y	Plane	Avg. Pupil Size X	Avg. Pupil Size Y

Table Header for Saccades:
Event Type	Trial	Number	Start	End	Duration	Start Loc.X	Start Loc.Y	End Loc.X	End Loc.Y	Amplitude	Peak Speed	Peak Speed At	Average Speed	Peak Accel.	Peak Decel.	Average Accel.

Table Header for Blinks:
Event Type	Trial	Number	Start	End	Duration

Table Header for User Events:
Event Type	Trial	Number	Start	Description

UserEvent	1	1	2167509563	# Message: RC-N1forced-nonanim-1.jpg
Fixation L	1	1	2167511041	2168033233	522192	528.89	454.90	31	30	-1	8.59	8.59
Fixation R	1	1	2167511041	2168033233	522192	528.89	454.90	31	30	-1	8.65	8.65
Saccade L	1	1	2168033233	2168057257	24024	530.83	441.53	601.46	461.31	1.53	111.53	0.51	63.67	4385.58	-4459.56	3173.95
Saccade R	1	1	2168033233	2168057257	24024	530.83	441.53	601.46	461.31	1.53	111.53	0.51	63.67	4385.58	-4459.56	3173.95
Fixation L	1	2	2168057257	2168117226	59969	604.14	460.55	12	5	-1	8.82	8.82
Fixation R	1	2	2168057257	2168117226	59969	604.14	460.55	12	5	-1	8.65	8.65
Saccade L	1	2	2168117226	2168143287	26061	608.90	458.15	685.75	475.37	1.75	121.68	0.46	67.04	5061.37	-5073.72	3638.82
Saccade R	1	2	2168117226	2168143287	26061	608.90	458.15	685.75	475.37	1.75	121.68	0.46	67.04	5061.37	-5073.72	3638.82
Fixation L	1	3	2168143287	2168319357	176070	692.88	475.01	17	17	-1	8.87	8.87
Fixation R	1	3	2168143287	2168319357	176070	692.88	475.01	17	17	-1	8.89	8.89
Saccade L	1	3	2168319357	2168343350	23993	681.29	461.33	753.33	471.82	1.59	118.68	0.50	66.30	4298.97	-4892.04	3221.13
Saccade R	1	3	2168319357	2168343350	23993	681.29	461.33	753.33	471.82	1.59	118.68	0.50	66.30	4298.97	-4892.04	3221.13
Fixation L	1	4	2168343350	2168507471	164121	759.95	464.67	12	24	-1	8.80	8.80
Fixation R	1	4	2168343350	2168507471	164121	759.95	464.67	12	24	-1	8.79	8.79
Saccade L	1	4	2168507471	2168535485	28014	754.43	450.13	807.50	461.50	1.18	71.87	0.43	42.17	2937.27	-2718.82	2006.08
Saccade R	1	4	2168507471	2168535485	28014	754.43	450.13	807.50	461.50	1.18	71.87	0.43	42.17	2937.27	-2718.82	2006.08
Fixation L	1	5	2168535485	2168887582	352097	822.19	465.46	35	26	-1	8.70	8.70
Fixation R	1	5	2168535485	2168887582	352097	822.19	465.46	35	26	-1	8.88	8.88
Saccade L	1	5	2168887582	2168909577	21995	836.97	463.33	803.19	450.27	0.77	51.12	0.50	34.83	1922.94	-1939.54	1336.74
Saccade R	1	5	2168887582	2168909577	21995	836.97	463.33	803.19	450.27	0.77	51.12	0.50	34.83	1922.94	-1939.54	1336.74
Fixation L	1	6	2168909577	2168993576	83999	800.23	459.68	13	21	-1	8.62	8.62
Fixation R	1	6	2168909577	2168993576	83999	800.23	459.68	13	21	-1	8.67	8.67
Saccade L	1	6	2168993576	2169015576	22000	791.15	468.27	845.79	465.76	1.19	91.10	0.47	54.01	3485.98	-3468.11	2363.73
Saccade R	1	6	2168993576	2169015576	22000	791.15	468.27	845.79	465.76	1.19	91.10	0.47	54.01	3485.98	-3468.11	2363.73
Fixation L	1	7	2169015576	2169157698	142122	855.10	464.04	13	16	-1	8.60	8.60
Fixation R	1	7	2169015576	2169157698	142122	855.10	464.04	13	16	-1	8.73	8.73
Saccade L	1	7	2169157698	2169179695	21997	846.33	470.31	885.76	457.47	0.78	51.57	0.45	35.36	1781.86	-1851.98	1251.33
Saccade R	1	7	2169157698	2169179695	21997	846.33	470.31	885.76	457.47	0.78	51.57	0.45	35.36	1781.86	-1851.98	1251.33
Fixation L	1	8	2169179695	2169408473	228778	888.05	451.38	26	24	-1	8.58	8.58
Fixation R	1	8	2169179695	2169408473	228778	888.05	451.38	26	24	-1	8.75	8.75
Saccade L	1	8	2169408473	2169441811	33338	882.71	460.04	921.83	446.97	0.97	46.43	0.22	29.16	1343.70	-1085.13	784.60
Saccade R	1	8	2169408473	2169441811	33338	882.71	460.04	921.83	446.97	0.97	46.43	0.22	29.16	1343.70	-1085.13	784.60
Fixation L	1	9	2169441811	2169759927	318116	955.35	464.67	61	41	-1	8.59	8.59
Fixation R	1	9	2169441811	2169759927	318116	955.35	464.67	61	41	-1	8.70	8.70
Saccade L	1	9	2169759927	2169783927	24000	976.83	481.66	1050.35	477.09	1.47	107.91	0.42	61.42	4402.92	-4084.83	2919.02
Saccade R	1	9	2169759927	2169783927	24000	976.83	481.66	1050.35	477.09	1.47	107.91	0.42	61.42	4402.92	-4084.83	2919.02
Fixation L	1	10	2169783927	2169984058	200131	1055.48	488.00	37	23	-1	8.36	8.36
Fixation R	1	10	2169783927	2170106045	322118	863.76	432.67	1254	1072	-1	8.15	8.15
Blink L	1	1	2169984058	2170198159	214101
Saccade R	1	10	2170106045	2170198159	92114	0.00	0.00	887.43	905.66	38.76	1679.26	0.31	420.84	34613.95	-56804.17	18575.96
Saccade L	1	10	2170252309	2170280168	27859	914.86	872.21	912.84	916.50	1.03	55.03	0.43	36.82	419.97	-1895.91	877.19
Saccade R	1	11	2170252309	2170280168	27859	914.86	872.21	912.84	916.50	1.03	55.03	0.43	36.82	419.97	-1895.91	877.19
Fixation L	1	11	2170280168	2170672413	392245	909.62	952.92	25	54	-1	9.31	9.31
Fixation R	1	11	2170280168	2170672413	392245	909.62	952.92	25	54	-1	9.71	9.71
