[BeGaze]
Converted from:	C:\Program Files\SMI\Experiment Suite 360\Experiment Center 2\Results\RC-Attachment-Exp\P31-eye_data.idf
Date:	18.03.2012 20:27:40
Version:	BeGaze 3.0.181
Sample Rate:	500
Subject:	P31
Description:	Run36

Table Header for Fixations:
Event Type	Trial	Number	Start	End	Duration	Location X	Location Y	Dispersion X	Dispersion Y	Plane	Avg. Pupil Size X	Avg. Pupil Size Y

Table Header for Saccades:
Event Type	Trial	Number	Start	End	Duration	Start Loc.X	Start Loc.Y	End Loc.X	End Loc.Y	Amplitude	Peak Speed	Peak Speed At	Average Speed	Peak Accel.	Peak Decel.	Average Accel.

Table Header for Blinks:
Event Type	Trial	Number	Start	End	Duration

Table Header for User Events:
Event Type	Trial	Number	Start	Description

UserEvent	1	1	5355277551	# Message: RC-N2forced-nonanim-6.jpg
Fixation L	1	1	5355278739	5355602852	324113	487.07	480.22	21	25	-1	10.81	10.81
Fixation R	1	1	5355278739	5355602852	324113	487.07	480.22	21	25	-1	11.48	11.48
Saccade L	1	1	5355602852	5355668851	65999	495.73	478.29	891.68	988.23	14.69	396.49	0.30	222.65	17489.31	-13504.71	9869.36
Saccade R	1	1	5355602852	5355668851	65999	495.73	478.29	891.68	988.23	14.69	396.49	0.30	222.65	17489.31	-13504.71	9869.36
Fixation L	1	2	5355668851	5355856950	188099	909.48	986.37	33	23	-1	10.22	10.22
Fixation R	1	2	5355668851	5355856950	188099	909.48	986.37	33	23	-1	11.27	11.27
Saccade L	1	2	5355856950	5355914990	58040	917.17	982.83	591.42	553.89	12.30	521.16	0.31	211.94	23106.67	-19008.42	12744.91
Saccade R	1	2	5355856950	5355914990	58040	917.17	982.83	591.42	553.89	12.30	521.16	0.31	211.94	23106.67	-19008.42	12744.91
Fixation L	1	3	5355914990	5356005065	90075	594.27	560.88	18	26	-1	10.65	10.65
Fixation R	1	3	5355914990	5356005065	90075	594.27	560.88	18	26	-1	11.09	11.09
Saccade L	1	3	5356005065	5356039089	34024	604.06	571.77	510.12	470.89	3.00	184.66	0.41	88.18	7834.63	-7248.42	5236.67
Saccade R	1	3	5356005065	5356039089	34024	604.06	571.77	510.12	470.89	3.00	184.66	0.41	88.18	7834.63	-7248.42	5236.67
Fixation L	1	4	5356039089	5356309187	270098	517.83	472.68	30	56	-1	10.47	10.47
Fixation R	1	4	5356039089	5356309187	270098	517.83	472.68	30	56	-1	10.96	10.96
Saccade L	1	4	5356309187	5356335205	26018	509.29	501.48	603.98	489.69	2.02	145.02	0.46	77.71	5867.38	-5778.72	4168.66
Saccade R	1	4	5356309187	5356335205	26018	509.29	501.48	603.98	489.69	2.02	145.02	0.46	77.71	5867.38	-5778.72	4168.66
Fixation L	1	5	5356335205	5356559300	224095	597.96	489.10	30	12	-1	10.41	10.41
Fixation R	1	5	5356335205	5356559300	224095	597.96	489.10	30	12	-1	11.02	11.02
Saccade L	1	5	5356559300	5356581298	21998	581.93	484.75	621.81	479.80	0.85	61.77	0.46	38.84	2456.39	-2394.66	1639.40
Saccade R	1	5	5356559300	5356581298	21998	581.93	484.75	621.81	479.80	0.85	61.77	0.46	38.84	2456.39	-2394.66	1639.40
Fixation L	1	6	5356581298	5356829428	248130	630.05	470.07	14	19	-1	10.63	10.63
Fixation R	1	6	5356581298	5356829428	248130	630.05	470.07	14	19	-1	11.29	11.29
Saccade L	1	6	5356829428	5356855872	26444	636.91	467.05	736.42	471.72	2.15	154.49	0.53	81.23	6486.69	-6555.67	4699.79
Saccade R	1	6	5356829428	5356855872	26444	636.91	467.05	736.42	471.72	2.15	154.49	0.53	81.23	6486.69	-6555.67	4699.79
Fixation L	1	7	5356855872	5357135529	279657	737.97	482.00	15	16	-1	10.99	10.99
Fixation R	1	7	5356855872	5357135529	279657	737.97	482.00	15	16	-1	11.45	11.45
Saccade L	1	7	5357135529	5357265527	129998	745.91	479.08	883.91	392.03	17.47	353.97	0.54	134.37	11045.61	-12325.53	4792.71
Saccade R	1	7	5357135529	5357265527	129998	745.91	479.08	883.91	392.03	17.47	353.97	0.54	134.37	11045.61	-12325.53	4792.71
Fixation L	1	8	5357265527	5357349736	84209	879.06	385.38	10	16	-1	10.48	10.48
Fixation R	1	8	5357265527	5357349736	84209	879.06	385.38	10	16	-1	11.16	11.16
Blink L	1	1	5357349736	5357564276	214540
Blink R	1	1	5357349736	5357564276	214540
Saccade L	1	8	5357581766	5357605802	24036	871.45	427.79	913.68	445.77	0.96	64.91	0.50	40.06	2439.90	-2222.46	1648.69
Saccade R	1	8	5357581766	5357605802	24036	871.45	427.79	913.68	445.77	0.96	64.91	0.50	40.06	2439.90	-2222.46	1648.69
Fixation L	1	9	5357605802	5357811754	205952	917.43	452.47	24	23	-1	10.43	10.43
Fixation R	1	9	5357605802	5357811754	205952	917.43	452.47	24	23	-1	11.07	11.07
Blink L	1	2	5357811754	5358011884	200130
Blink R	1	2	5357811754	5358011884	200130
Fixation L	1	10	5358011884	5358127868	115984	1017.47	436.31	25	55	-1	10.05	10.05
Fixation R	1	10	5358011884	5358127868	115984	1017.47	436.31	25	55	-1	10.70	10.70
Saccade L	1	9	5358127868	5358154034	26166	1019.75	450.30	907.66	453.01	2.70	205.21	0.54	103.07	8404.81	-7643.56	5495.04
Saccade R	1	9	5358127868	5358154034	26166	1019.75	450.30	907.66	453.01	2.70	205.21	0.54	103.07	8404.81	-7643.56	5495.04
Fixation L	1	11	5358154034	5358318003	163969	917.63	461.92	13	19	-1	10.34	10.34
Fixation R	1	11	5358154034	5358318003	163969	917.63	461.92	13	19	-1	10.82	10.82
Saccade L	1	10	5358318003	5358344328	26325	914.46	460.44	992.15	446.52	1.73	126.02	0.53	65.81	5165.65	-4900.23	3603.15
Saccade R	1	10	5358318003	5358344328	26325	914.46	460.44	992.15	446.52	1.73	126.02	0.53	65.81	5165.65	-4900.23	3603.15
Fixation L	1	12	5358344328	5358546110	201782	1004.75	449.46	20	28	-1	10.22	10.22
Fixation R	1	12	5358344328	5358546110	201782	1004.75	449.46	20	28	-1	10.67	10.67
Saccade L	1	11	5358546110	5358570105	23995	1005.16	471.16	1081.94	474.71	1.62	119.23	0.50	67.33	4142.94	-4543.72	3013.31
Saccade R	1	11	5358546110	5358570105	23995	1005.16	471.16	1081.94	474.71	1.62	119.23	0.50	67.33	4142.94	-4543.72	3013.31
Fixation L	1	13	5358570105	5358794247	224142	1088.38	469.51	22	15	-1	10.02	10.02
Fixation R	1	13	5358570105	5358794247	224142	1088.38	469.51	22	15	-1	10.68	10.68
Saccade L	1	12	5358794247	5358818263	24016	1093.49	465.46	1001.93	457.36	1.89	145.78	0.42	78.66	5366.10	-5544.18	3750.33
Saccade R	1	12	5358794247	5358818263	24016	1093.49	465.46	1001.93	457.36	1.89	145.78	0.42	78.66	5366.10	-5544.18	3750.33
Fixation L	1	14	5358818263	5358974347	156084	996.68	442.65	31	27	-1	10.12	10.12
Fixation R	1	14	5358818263	5358974347	156084	996.68	442.65	31	27	-1	10.63	10.63
Saccade L	1	13	5358974347	5359016769	42422	996.13	449.50	1087.41	445.93	2.14	91.27	0.39	50.53	3926.23	-2963.83	2252.92
Saccade R	1	13	5358974347	5359016769	42422	996.13	449.50	1087.41	445.93	2.14	91.27	0.39	50.53	3926.23	-2963.83	2252.92
Saccade L	1	14	5359024349	5359046356	22007	1089.95	443.04	1083.39	417.10	0.83	61.97	0.55	37.80	1598.20	-1504.44	1007.22
Saccade R	1	14	5359024349	5359046356	22007	1089.95	443.04	1083.39	417.10	0.83	61.97	0.55	37.80	1598.20	-1504.44	1007.22
Fixation L	1	15	5359046356	5359222350	175994	1055.89	413.38	56	7	-1	10.39	10.39
Fixation R	1	15	5359046356	5359222350	175994	1055.89	413.38	56	7	-1	10.91	10.91
Saccade L	1	15	5359222350	5359272459	50109	1037.10	416.37	1168.83	442.52	3.04	104.55	0.44	60.60	3712.34	-3443.69	2520.18
Saccade R	1	15	5359222350	5359272459	50109	1037.10	416.37	1168.83	442.52	3.04	104.55	0.44	60.60	3712.34	-3443.69	2520.18
Fixation L	1	16	5359272459	5359362471	90012	1164.43	458.83	23	23	-1	10.45	10.45
Fixation R	1	16	5359272459	5359362471	90012	1164.43	458.83	23	23	-1	11.16	11.16
Fixation L	1	17	5359400453	5359476585	76132	1151.09	472.48	12	13	-1	10.42	10.42
Fixation R	1	17	5359400453	5359476585	76132	1151.09	472.48	12	13	-1	11.27	11.27
Saccade L	1	16	5359476585	5359542670	66085	1159.15	481.24	667.49	488.81	11.44	336.38	0.45	173.08	12806.18	-11483.94	8301.59
Saccade R	1	16	5359476585	5359542670	66085	1159.15	481.24	667.49	488.81	11.44	336.38	0.45	173.08	12806.18	-11483.94	8301.59
Fixation L	1	18	5359542670	5359676569	133899	650.99	471.47	28	29	-1	10.85	10.85
Fixation R	1	18	5359542670	5359676569	133899	650.99	471.47	28	29	-1	11.22	11.22
Blink L	1	3	5359676569	5359928693	252124
Blink R	1	3	5359676569	5359928693	252124
Fixation L	1	19	5359928693	5360098808	170115	575.40	473.26	14	15	-1	10.86	10.86
Fixation R	1	19	5359928693	5360098808	170115	575.40	473.26	14	15	-1	11.56	11.56
Saccade L	1	17	5360098808	5360126237	27429	567.22	462.85	634.05	462.90	1.61	108.16	0.51	58.61	4128.49	-4411.76	2997.09
Saccade R	1	17	5360098808	5360126237	27429	567.22	462.85	634.05	462.90	1.61	108.16	0.51	58.61	4128.49	-4411.76	2997.09
Fixation L	1	20	5360126237	5360208815	82578	638.65	470.03	15	18	-1	10.73	10.73
Fixation R	1	20	5360126237	5360208815	82578	638.65	470.03	15	18	-1	11.33	11.33
Saccade L	1	18	5360208815	5360234888	26073	645.72	473.35	800.79	467.26	3.13	238.38	0.61	120.15	9786.79	-8554.73	6256.32
Saccade R	1	18	5360208815	5360234888	26073	645.72	473.35	800.79	467.26	3.13	238.38	0.61	120.15	9786.79	-8554.73	6256.32
Fixation L	1	21	5360246903	5360420925	174022	787.87	465.47	37	15	-1	10.26	10.26
Fixation R	1	21	5360246903	5360420925	174022	787.87	465.47	37	15	-1	11.19	11.19
Saccade L	1	19	5360420925	5360444923	23998	802.64	462.21	739.01	469.35	1.32	97.68	0.42	55.07	3721.11	-3772.38	2584.16
Saccade R	1	19	5360420925	5360444923	23998	802.64	462.21	739.01	469.35	1.32	97.68	0.42	55.07	3721.11	-3772.38	2584.16
Fixation L	1	22	5360444923	5360572939	128016	738.83	467.75	20	21	-1	10.42	10.42
Fixation R	1	22	5360444923	5360572939	128016	738.83	467.75	20	21	-1	11.19	11.19
Saccade L	1	20	5360572939	5360629043	56104	724.64	483.65	910.10	438.42	4.42	188.88	0.25	78.80	7586.17	-4767.29	3590.16
Saccade R	1	20	5360572939	5360629043	56104	724.64	483.65	910.10	438.42	4.42	188.88	0.25	78.80	7586.17	-4767.29	3590.16
Fixation L	1	23	5360629043	5360895161	266118	909.31	433.76	32	33	-1	10.54	10.54
Fixation R	1	23	5360629043	5360895161	266118	909.31	433.76	32	33	-1	11.33	11.33
Saccade L	1	21	5360895161	5360919171	24010	887.32	438.39	953.00	433.43	1.44	107.44	0.54	59.79	3900.64	-4445.20	2964.45
Saccade R	1	21	5360895161	5360919171	24010	887.32	438.39	953.00	433.43	1.44	107.44	0.54	59.79	3900.64	-4445.20	2964.45
Fixation L	1	24	5360919171	5361235276	316105	931.73	435.39	41	35	-1	10.59	10.59
Fixation R	1	24	5360919171	5361235276	316105	931.73	435.39	41	35	-1	11.30	11.30
Saccade L	1	22	5361235276	5361269268	33992	918.30	430.59	1022.21	432.00	2.23	141.97	0.35	65.69	5905.21	-5084.16	3532.81
Saccade R	1	22	5361235276	5361269268	33992	918.30	430.59	1022.21	432.00	2.23	141.97	0.35	65.69	5905.21	-5084.16	3532.81
Fixation L	1	25	5361269268	5361441401	172133	1033.58	431.68	29	21	-1	10.67	10.67
Fixation R	1	25	5361269268	5361441401	172133	1033.58	431.68	29	21	-1	11.66	11.66
Saccade L	1	23	5361441401	5361471735	30334	1045.21	444.32	1090.72	445.20	1.00	45.82	0.40	33.05	1570.85	-1584.12	1171.89
Saccade R	1	23	5361441401	5361471735	30334	1045.21	444.32	1090.72	445.20	1.00	45.82	0.40	33.05	1570.85	-1584.12	1171.89
Fixation L	1	26	5361471735	5361757500	285765	1105.55	444.27	30	30	-1	10.82	10.82
Fixation R	1	26	5361471735	5361757500	285765	1105.55	444.27	30	30	-1	11.79	11.79
Saccade L	1	24	5361757500	5361787612	30112	1108.38	452.57	1005.93	448.45	2.38	152.84	0.40	79.08	6340.24	-5718.14	4251.38
Saccade R	1	24	5361757500	5361787612	30112	1108.38	452.57	1005.93	448.45	2.38	152.84	0.40	79.08	6340.24	-5718.14	4251.38
Fixation L	1	27	5361787612	5362299739	512127	998.96	449.74	30	27	-1	10.79	10.79
Fixation R	1	27	5361787612	5362299739	512127	998.96	449.74	30	27	-1	11.76	11.76
Saccade L	1	25	5362299739	5362327732	27993	992.25	459.84	1038.00	439.91	1.02	54.10	0.48	36.34	2309.21	-2162.30	1632.19
Saccade R	1	25	5362299739	5362327732	27993	992.25	459.84	1038.00	439.91	1.02	54.10	0.48	36.34	2309.21	-2162.30	1632.19
Fixation L	1	28	5362327732	5362591860	264128	1030.58	444.05	18	38	-1	10.92	10.92
Fixation R	1	28	5362327732	5362591860	264128	1030.58	444.05	18	38	-1	11.95	11.95
Saccade L	1	26	5362591860	5362617989	26129	1032.48	455.33	1081.87	442.74	1.09	67.39	0.46	41.72	2733.67	-2661.19	1939.32
Saccade R	1	26	5362591860	5362617989	26129	1032.48	455.33	1081.87	442.74	1.09	67.39	0.46	41.72	2733.67	-2661.19	1939.32
Fixation L	1	29	5362617989	5362755975	137986	1081.57	445.13	13	9	-1	10.79	10.79
Fixation R	1	29	5362617989	5362755975	137986	1081.57	445.13	13	9	-1	11.88	11.88
Blink L	1	4	5362755975	5362986877	230902
Blink R	1	4	5362755975	5362986877	230902
Saccade L	1	27	5362986877	5363024234	37357	984.60	888.63	928.25	839.74	1.77	65.20	0.51	47.41	586.99	-6723.44	2197.79
Saccade R	1	27	5362986877	5363024234	37357	984.60	888.63	928.25	839.74	1.77	65.20	0.51	47.41	586.99	-6723.44	2197.79
Fixation L	1	30	5363024234	5363126087	101853	931.86	843.39	23	14	-1	9.50	9.50
Fixation R	1	30	5363024234	5363126087	101853	931.86	843.39	23	14	-1	10.75	10.75
Saccade L	1	28	5363126087	5363158087	32000	919.97	849.93	921.35	872.98	0.99	44.99	0.65	30.98	1192.82	-1572.81	876.08
Saccade R	1	28	5363126087	5363158087	32000	919.97	849.93	921.35	872.98	0.99	44.99	0.65	30.98	1192.82	-1572.81	876.08
Fixation L	1	31	5363158087	5363462221	304134	934.37	868.03	31	22	-1	9.66	9.66
Fixation R	1	31	5363158087	5363462221	304134	934.37	868.03	31	22	-1	10.68	10.68
