[BeGaze]
Converted from:	C:\Program Files\SMI\Experiment Suite 360\Experiment Center 2\Results\RC-Attachment-Exp\Denek01-eye_data.idf
Date:	18.03.2012 20:03:31
Version:	BeGaze 3.0.181
Sample Rate:	500
Subject:	Denek01
Description:	Run4

Table Header for Fixations:
Event Type	Trial	Number	Start	End	Duration	Location X	Location Y	Dispersion X	Dispersion Y	Plane	Avg. Pupil Size X	Avg. Pupil Size Y

Table Header for Saccades:
Event Type	Trial	Number	Start	End	Duration	Start Loc.X	Start Loc.Y	End Loc.X	End Loc.Y	Amplitude	Peak Speed	Peak Speed At	Average Speed	Peak Accel.	Peak Decel.	Average Accel.

Table Header for Blinks:
Event Type	Trial	Number	Start	End	Duration

Table Header for User Events:
Event Type	Trial	Number	Start	Description

UserEvent	1	1	1886957129	# Message: RC-N2forced-anim-3.jpg
Fixation L	1	1	1886958564	1887216587	258023	485.92	427.57	11	14	-1	14.07	14.07
Fixation R	1	1	1886958564	1887216587	258023	485.92	427.57	11	14	-1	15.01	15.01
Saccade L	1	1	1887216587	1887252652	36065	482.88	419.20	598.79	407.95	2.52	158.54	0.39	69.77	6601.46	-6135.88	4193.92
Saccade R	1	1	1887216587	1887252652	36065	482.88	419.20	598.79	407.95	2.52	158.54	0.39	69.77	6601.46	-6135.88	4193.92
Fixation L	1	2	1887252652	1887460671	208019	608.33	409.31	24	28	-1	14.01	14.01
Fixation R	1	2	1887252652	1887460671	208019	608.33	409.31	24	28	-1	14.96	14.96
Saccade L	1	2	1887460671	1887488709	28038	614.83	414.76	695.14	419.82	1.73	124.98	0.50	61.87	4919.61	-5095.33	3613.64
Saccade R	1	2	1887460671	1887488709	28038	614.83	414.76	695.14	419.82	1.73	124.98	0.50	61.87	4919.61	-5095.33	3613.64
Fixation L	1	3	1887488709	1887646830	158121	693.21	404.59	28	33	-1	14.13	14.13
Fixation R	1	3	1887488709	1887646830	158121	693.21	404.59	28	33	-1	15.31	15.31
Saccade L	1	3	1887646830	1887700814	53984	688.03	392.54	785.57	399.21	2.17	107.87	0.26	40.11	4413.33	-3784.90	1903.97
Saccade R	1	3	1887646830	1887700814	53984	688.03	392.54	785.57	399.21	2.17	107.87	0.26	40.11	4413.33	-3784.90	1903.97
Fixation L	1	4	1887700814	1887808822	108008	779.50	405.78	28	14	-1	14.08	14.08
Fixation R	1	4	1887700814	1887808822	108008	779.50	405.78	28	14	-1	15.47	15.47
Saccade L	1	4	1887808822	1887832843	24021	786.25	400.59	867.93	403.45	1.70	134.84	0.42	70.97	5112.02	-4912.05	3490.19
Saccade R	1	4	1887808822	1887832843	24021	786.25	400.59	867.93	403.45	1.70	134.84	0.42	70.97	5112.02	-4912.05	3490.19
Fixation L	1	5	1887832843	1888247187	414344	874.01	411.02	43	35	-1	14.26	14.26
Fixation R	1	5	1887832843	1888247187	414344	874.01	411.02	43	35	-1	15.54	15.54
Saccade L	1	5	1888247187	1888283063	35876	875.62	408.41	980.37	421.35	2.30	139.96	0.33	64.18	5506.38	-5342.41	3633.58
Saccade R	1	5	1888247187	1888283063	35876	875.62	408.41	980.37	421.35	2.30	139.96	0.33	64.18	5506.38	-5342.41	3633.58
Fixation L	1	6	1888283063	1888485192	202129	986.34	415.07	18	25	-1	14.28	14.28
Fixation R	1	6	1888283063	1888485192	202129	986.34	415.07	18	25	-1	15.48	15.48
Saccade L	1	6	1888485192	1888525165	39973	984.14	409.57	826.20	404.97	3.59	209.07	0.35	89.88	8668.13	-8362.90	5686.23
Saccade R	1	6	1888485192	1888525165	39973	984.14	409.57	826.20	404.97	3.59	209.07	0.35	89.88	8668.13	-8362.90	5686.23
Fixation L	1	7	1888525165	1888759289	234124	821.26	408.11	31	33	-1	14.38	14.38
Fixation R	1	7	1888525165	1888759289	234124	821.26	408.11	31	33	-1	15.54	15.54
Saccade L	1	7	1888759289	1888787297	28008	818.22	418.90	754.32	412.58	1.34	87.59	0.43	47.80	3116.12	-3517.21	2430.28
Saccade R	1	7	1888759289	1888787297	28008	818.22	418.90	754.32	412.58	1.34	87.59	0.43	47.80	3116.12	-3517.21	2430.28
Fixation L	1	8	1888787297	1888933286	145989	752.64	410.06	23	13	-1	14.48	14.48
Fixation R	1	8	1888787297	1888933286	145989	752.64	410.06	23	13	-1	15.76	15.76
Saccade L	1	8	1888933286	1888957392	24106	740.84	402.91	840.36	410.17	2.18	166.68	0.50	90.54	6862.39	-6755.82	4822.79
Saccade R	1	8	1888933286	1888957392	24106	740.84	402.91	840.36	410.17	2.18	166.68	0.50	90.54	6862.39	-6755.82	4822.79
Fixation L	1	9	1888957392	1889089385	131993	840.38	407.67	18	37	-1	14.63	14.63
Fixation R	1	9	1888957392	1889089385	131993	840.38	407.67	18	37	-1	15.83	15.83
Saccade L	1	9	1889089385	1889117435	28050	833.03	429.32	935.04	435.03	2.18	150.67	0.50	77.81	6068.60	-6245.18	4464.25
Saccade R	1	9	1889089385	1889117435	28050	833.03	429.32	935.04	435.03	2.18	150.67	0.50	77.81	6068.60	-6245.18	4464.25
Fixation L	1	10	1889117435	1889275501	158066	925.99	418.46	15	32	-1	14.68	14.68
Fixation R	1	10	1889117435	1889275501	158066	925.99	418.46	15	32	-1	15.85	15.85
Saccade L	1	10	1889275501	1889307502	32001	924.08	407.05	1003.15	418.45	1.82	113.88	0.50	56.94	4885.83	-4675.52	3428.01
Saccade R	1	10	1889275501	1889307502	32001	924.08	407.05	1003.15	418.45	1.82	113.88	0.50	56.94	4885.83	-4675.52	3428.01
Fixation L	1	11	1889307502	1889615631	308129	1005.75	408.51	18	20	-1	14.52	14.52
Fixation R	1	11	1889307502	1889615631	308129	1005.75	408.51	18	20	-1	15.93	15.93
Saccade L	1	11	1889615631	1889653634	38003	1019.87	411.07	1099.01	413.43	1.75	99.47	0.42	46.17	3357.00	-3638.35	2424.50
Saccade R	1	11	1889615631	1889653634	38003	1019.87	411.07	1099.01	413.43	1.75	99.47	0.42	46.17	3357.00	-3638.35	2424.50
Fixation L	1	12	1889653634	1889850296	196662	1105.37	419.27	13	30	-1	14.44	14.44
Fixation R	1	12	1889653634	1889850296	196662	1105.37	419.27	13	30	-1	16.00	16.00
Saccade L	1	12	1889850296	1889877870	27574	1104.97	411.63	1167.16	412.82	1.18	79.01	0.34	42.87	3225.48	-3000.25	2164.21
Saccade R	1	12	1889850296	1889877870	27574	1104.97	411.63	1167.16	412.82	1.18	79.01	0.34	42.87	3225.48	-3000.25	2164.21
Fixation L	1	13	1889877870	1890105844	227974	1167.95	420.32	16	25	-1	14.30	14.30
Fixation R	1	13	1889877870	1890105844	227974	1167.95	420.32	16	25	-1	15.97	15.97
Blink L	1	1	1890105844	1890273842	167998
Blink R	1	1	1890105844	1890273842	167998
Saccade L	1	13	1890277949	1890353966	76017	833.29	773.35	917.13	916.30	3.72	97.36	0.29	48.90	3508.34	-2354.18	1435.59
Saccade R	1	13	1890277949	1890353966	76017	833.29	773.35	917.13	916.30	3.72	97.36	0.29	48.90	3508.34	-2354.18	1435.59
Fixation L	1	14	1890353966	1890836194	482228	899.87	924.53	47	35	-1	14.17	14.17
Fixation R	1	14	1890353966	1890836194	482228	899.87	924.53	47	35	-1	15.36	15.36
