[BeGaze]
Converted from:	C:\Program Files\SMI\Experiment Suite 360\Experiment Center 2\Results\RC-Attachment-Exp\P23-eye_data.idf
Date:	18.03.2012 20:18:22
Version:	BeGaze 3.0.181
Sample Rate:	500
Subject:	P23
Description:	Run28

Table Header for Fixations:
Event Type	Trial	Number	Start	End	Duration	Location X	Location Y	Dispersion X	Dispersion Y	Plane	Avg. Pupil Size X	Avg. Pupil Size Y

Table Header for Saccades:
Event Type	Trial	Number	Start	End	Duration	Start Loc.X	Start Loc.Y	End Loc.X	End Loc.Y	Amplitude	Peak Speed	Peak Speed At	Average Speed	Peak Accel.	Peak Decel.	Average Accel.

Table Header for Blinks:
Event Type	Trial	Number	Start	End	Duration

Table Header for User Events:
Event Type	Trial	Number	Start	Description

UserEvent	1	1	4851294226	# Message: RC-N1forced-nonanim-3.jpg
Fixation L	1	1	4851296187	4851392560	96373	62.88	89.88	473	584	-1	3.65	3.65
Fixation R	1	1	4851296187	4851392560	96373	62.88	89.88	473	584	-1	2.73	2.73
Fixation L	1	2	4851472663	4851626676	154013	519.08	455.16	16	29	-1	12.73	12.73
Fixation R	1	2	4851472663	4851626676	154013	519.08	455.16	16	29	-1	13.01	13.01
Blink L	1	1	4851626676	4851868847	242171
Blink R	1	1	4851626676	4851868847	242171
Fixation L	1	3	4851868847	4852085079	216232	530.86	424.25	27	22	-1	11.87	11.87
Fixation R	1	3	4851868847	4852085079	216232	530.86	424.25	27	22	-1	12.18	12.18
Saccade L	1	1	4852085079	4852136887	51808	536.31	416.06	619.61	445.15	2.30	116.45	0.58	44.38	4143.84	-4724.64	2575.20
Saccade R	1	1	4852085079	4852136887	51808	536.31	416.06	619.61	445.15	2.30	116.45	0.58	44.38	4143.84	-4724.64	2575.20
Fixation L	1	4	4852136887	4852367010	230123	628.41	442.21	23	14	-1	11.79	11.79
Fixation R	1	4	4852136887	4852367010	230123	628.41	442.21	23	14	-1	12.11	12.11
Saccade L	1	2	4852367010	4852413006	45996	632.00	446.23	734.76	423.38	2.48	122.32	0.35	54.01	5130.81	-4608.93	3039.37
Saccade R	1	2	4852367010	4852413006	45996	632.00	446.23	734.76	423.38	2.48	122.32	0.35	54.01	5130.81	-4608.93	3039.37
Fixation L	1	5	4852413006	4852613563	200557	734.46	428.49	29	30	-1	11.19	11.19
Fixation R	1	5	4852413006	4852613563	200557	734.46	428.49	29	30	-1	11.66	11.66
Saccade L	1	3	4852613563	4852687141	73578	714.86	417.02	783.86	436.86	1.77	53.26	0.29	24.08	1935.75	-1545.25	825.33
Saccade R	1	3	4852613563	4852687141	73578	714.86	417.02	783.86	436.86	1.77	53.26	0.29	24.08	1935.75	-1545.25	825.33
Fixation L	1	6	4852687141	4852865278	178137	775.11	433.13	25	17	-1	10.92	10.92
Fixation R	1	6	4852687141	4852865278	178137	775.11	433.13	25	17	-1	11.46	11.46
Saccade L	1	4	4852865278	4852891874	26596	774.73	432.31	718.55	427.07	1.14	79.57	0.45	43.01	2849.29	-3118.06	2102.37
Saccade R	1	4	4852865278	4852891874	26596	774.73	432.31	718.55	427.07	1.14	79.57	0.45	43.01	2849.29	-3118.06	2102.37
Fixation L	1	7	4852891874	4853013451	121577	713.11	428.07	26	15	-1	10.96	10.96
Fixation R	1	7	4852891874	4853013451	121577	713.11	428.07	26	15	-1	11.41	11.41
Saccade L	1	5	4853013451	4853067360	53909	729.05	438.18	820.07	434.04	2.17	101.48	0.48	40.30	3928.47	-3677.35	2208.37
Saccade R	1	5	4853013451	4853067360	53909	729.05	438.18	820.07	434.04	2.17	101.48	0.48	40.30	3928.47	-3677.35	2208.37
Fixation L	1	8	4853067360	4853225356	157996	814.57	426.45	15	24	-1	10.95	10.95
Fixation R	1	8	4853067360	4853225356	157996	814.57	426.45	15	24	-1	11.44	11.44
Saccade L	1	6	4853225356	4853280235	54879	807.51	427.42	873.24	418.57	1.63	60.29	0.58	29.72	1842.90	-2368.78	1342.28
Saccade R	1	6	4853225356	4853280235	54879	807.51	427.42	873.24	418.57	1.63	60.29	0.58	29.72	1842.90	-2368.78	1342.28
Fixation L	1	9	4853280235	4853455472	175237	866.42	424.30	13	13	-1	10.95	10.95
Fixation R	1	9	4853280235	4853455472	175237	866.42	424.30	13	13	-1	11.58	11.58
Saccade L	1	7	4853455472	4853527175	71703	866.03	429.33	948.12	430.57	2.50	94.35	0.42	34.85	3756.13	-3296.98	1816.02
Saccade R	1	7	4853455472	4853527175	71703	866.03	429.33	948.12	430.57	2.50	94.35	0.42	34.85	3756.13	-3296.98	1816.02
Fixation L	1	10	4853527175	4853785614	258439	944.64	418.24	51	25	-1	11.08	11.08
Fixation R	1	10	4853527175	4853785614	258439	944.64	418.24	51	25	-1	11.87	11.87
Saccade L	1	8	4853785614	4853835711	50097	914.36	416.48	1049.23	418.45	3.10	144.64	0.42	61.95	6050.37	-5181.04	3629.14
Saccade R	1	8	4853785614	4853835711	50097	914.36	416.48	1049.23	418.45	3.10	144.64	0.42	61.95	6050.37	-5181.04	3629.14
Fixation L	1	11	4853835711	4854003711	168000	1048.14	411.49	31	16	-1	11.44	11.44
Fixation R	1	11	4853835711	4854003711	168000	1048.14	411.49	31	16	-1	12.39	12.39
Saccade L	1	9	4854003711	4854107826	104115	1069.12	425.28	693.64	413.79	8.66	248.90	0.42	83.22	9366.61	-8207.91	3889.59
Saccade R	1	9	4854003711	4854107826	104115	1069.12	425.28	693.64	413.79	8.66	248.90	0.42	83.22	9366.61	-8207.91	3889.59
Fixation L	1	12	4854107826	4854227860	120034	699.73	414.34	16	6	-1	11.87	11.87
Fixation R	1	12	4854107826	4854227860	120034	699.73	414.34	16	6	-1	12.40	12.40
Saccade L	1	10	4854227860	4854267984	40124	707.22	415.18	609.35	439.09	2.45	133.52	0.35	61.02	5628.01	-5397.38	3825.72
Saccade R	1	10	4854227860	4854267984	40124	707.22	415.18	609.35	439.09	2.45	133.52	0.35	61.02	5628.01	-5397.38	3825.72
Fixation L	1	13	4854267984	4854537941	269957	608.09	431.77	18	21	-1	12.22	12.22
Fixation R	1	13	4854267984	4854537941	269957	608.09	431.77	18	21	-1	12.51	12.51
Saccade L	1	11	4854537941	4854593935	55994	602.94	440.94	708.60	438.03	2.51	111.49	0.57	44.85	4444.81	-4443.05	2662.79
Saccade R	1	11	4854537941	4854593935	55994	602.94	440.94	708.60	438.03	2.51	111.49	0.57	44.85	4444.81	-4443.05	2662.79
Fixation L	1	14	4854593935	4854680481	86546	705.93	440.24	8	17	-1	12.46	12.46
Fixation R	1	14	4854593935	4854680481	86546	705.93	440.24	8	17	-1	12.89	12.89
Saccade L	1	12	4854680481	4854714061	33580	706.46	449.74	797.37	457.60	2.06	132.09	0.52	61.42	5500.83	-4973.92	3779.33
Saccade R	1	12	4854680481	4854714061	33580	706.46	449.74	797.37	457.60	2.06	132.09	0.52	61.42	5500.83	-4973.92	3779.33
Fixation L	1	15	4854714061	4854956176	242115	798.07	453.35	20	35	-1	12.44	12.44
Fixation R	1	15	4854714061	4854956176	242115	798.07	453.35	20	35	-1	13.08	13.08
Saccade L	1	13	4854956176	4855005392	49216	801.23	444.70	580.43	447.66	5.09	178.89	0.41	103.38	7771.19	-7225.50	5410.23
Saccade R	1	13	4854956176	4855005392	49216	801.23	444.70	580.43	447.66	5.09	178.89	0.41	103.38	7771.19	-7225.50	5410.23
Fixation L	1	16	4855005392	4855198294	192902	585.33	449.20	21	25	-1	12.73	12.73
Fixation R	1	16	4855005392	4855198294	192902	585.33	449.20	21	25	-1	13.04	13.04
Saccade L	1	14	4855198294	4855234305	36011	584.17	448.58	676.91	466.76	2.11	114.95	0.56	58.48	4683.52	-4875.41	3440.51
Saccade R	1	14	4855198294	4855234305	36011	584.17	448.58	676.91	466.76	2.11	114.95	0.56	58.48	4683.52	-4875.41	3440.51
Fixation L	1	17	4855234305	4855332321	98016	682.34	463.68	9	6	-1	12.88	12.88
Fixation R	1	17	4855234305	4855332321	98016	682.34	463.68	9	6	-1	13.23	13.23
Saccade L	1	15	4855332321	4855434411	102090	685.63	464.34	779.67	673.29	6.33	204.98	0.59	62.01	8147.49	-4448.31	2496.49
Saccade R	1	15	4855332321	4855434411	102090	685.63	464.34	779.67	673.29	6.33	204.98	0.59	62.01	8147.49	-4448.31	2496.49
Saccade L	1	16	4855434411	4855553375	118964	779.67	673.29	568.07	463.95	8.85	156.63	0.66	74.36	3617.48	-5025.66	1900.46
Saccade R	1	16	4855434411	4855553375	118964	779.67	673.29	568.07	463.95	8.85	156.63	0.66	74.36	3617.48	-5025.66	1900.46
Fixation L	1	18	4855553375	4855612411	59036	570.26	466.69	7	11	-1	13.16	13.16
Fixation R	1	18	4855553375	4855612411	59036	570.26	466.69	7	11	-1	13.41	13.41
Saccade L	1	17	4855612411	4855648409	35998	577.16	473.60	526.27	469.32	1.32	76.79	0.33	36.57	2839.16	-2565.01	1659.42
Saccade R	1	17	4855612411	4855648409	35998	577.16	473.60	526.27	469.32	1.32	76.79	0.33	36.57	2839.16	-2565.01	1659.42
Fixation L	1	19	4855648409	4855812527	164118	522.85	448.21	10	28	-1	13.22	13.22
Fixation R	1	19	4855648409	4855812527	164118	522.85	448.21	10	28	-1	13.48	13.48
Saccade L	1	18	4855812527	4855864521	51994	518.85	443.94	656.00	430.64	3.83	207.37	0.31	73.63	8734.22	-8135.26	4544.63
Saccade R	1	18	4855812527	4855864521	51994	518.85	443.94	656.00	430.64	3.83	207.37	0.31	73.63	8734.22	-8135.26	4544.63
Fixation L	1	20	4855864521	4855986641	122120	666.15	446.41	20	30	-1	13.20	13.20
Fixation R	1	20	4855864521	4855986641	122120	666.15	446.41	20	30	-1	13.58	13.58
Saccade L	1	19	4855986641	4856018649	32008	653.30	439.16	742.64	445.14	1.99	124.66	0.57	62.12	4902.89	-5387.31	3765.49
Saccade R	1	19	4855986641	4856018649	32008	653.30	439.16	742.64	445.14	1.99	124.66	0.57	62.12	4902.89	-5387.31	3765.49
Fixation L	1	21	4856018649	4856210633	191984	742.13	443.80	19	22	-1	13.10	13.10
Fixation R	1	21	4856018649	4856210633	191984	742.13	443.80	19	22	-1	13.72	13.72
Saccade L	1	20	4856210633	4856252016	41383	737.85	429.74	806.40	423.76	1.74	104.22	0.39	42.07	3868.76	-3789.17	2348.45
Saccade R	1	20	4856210633	4856252016	41383	737.85	429.74	806.40	423.76	1.74	104.22	0.39	42.07	3868.76	-3789.17	2348.45
Fixation L	1	22	4856252016	4856660867	408851	790.70	439.68	59	43	-1	13.05	13.05
Fixation R	1	22	4856252016	4856660867	408851	790.70	439.68	59	43	-1	13.65	13.65
Saccade L	1	21	4856660867	4856714956	54089	757.17	444.51	910.55	453.78	3.42	159.64	0.31	63.24	6496.18	-4720.48	3337.98
Saccade R	1	21	4856660867	4856714956	54089	757.17	444.51	910.55	453.78	3.42	159.64	0.31	63.24	6496.18	-4720.48	3337.98
Fixation L	1	23	4856714956	4856864991	150035	908.36	445.56	15	22	-1	13.10	13.10
Fixation R	1	23	4856714956	4856864991	150035	908.36	445.56	15	22	-1	13.75	13.75
Saccade L	1	22	4856864991	4856900986	35995	908.68	450.93	1028.87	445.05	2.64	143.60	0.57	73.26	6120.42	-6074.40	4469.87
Saccade R	1	22	4856864991	4856900986	35995	908.68	450.93	1028.87	445.05	2.64	143.60	0.57	73.26	6120.42	-6074.40	4469.87
Fixation L	1	24	4856900986	4857079126	178140	1015.88	435.46	22	21	-1	12.89	12.89
Fixation R	1	24	4856900986	4857079126	178140	1015.88	435.46	22	21	-1	13.71	13.71
Saccade L	1	23	4857079126	4857133353	54227	1014.82	440.31	1135.84	450.37	2.97	161.00	0.59	54.76	5711.55	-6286.98	3256.54
Saccade R	1	23	4857079126	4857133353	54227	1014.82	440.31	1135.84	450.37	2.97	161.00	0.59	54.76	5711.55	-6286.98	3256.54
Fixation L	1	25	4857133353	4857240297	106944	1121.23	446.49	31	29	-1	12.84	12.84
Fixation R	1	25	4857133353	4857240297	106944	1121.23	446.49	31	29	-1	13.59	13.59
Saccade L	1	24	4857240297	4857346071	105774	1126.45	435.28	814.12	899.79	14.41	467.46	0.41	136.25	18856.22	-18373.93	7890.91
Saccade R	1	24	4857240297	4857346071	105774	1126.45	435.28	814.12	899.79	14.41	467.46	0.41	136.25	18856.22	-18373.93	7890.91
Fixation L	1	26	4857346071	4857475399	129328	827.25	896.05	25	14	-1	13.45	13.45
Fixation R	1	26	4857346071	4857475399	129328	827.25	896.05	25	14	-1	13.78	13.78
Saccade L	1	25	4857475399	4857503217	27818	818.28	893.01	874.44	913.04	1.52	118.16	0.43	54.58	4009.00	-2571.71	2016.56
Saccade R	1	25	4857475399	4857503217	27818	818.28	893.01	874.44	913.04	1.52	118.16	0.43	54.58	4009.00	-2571.71	2016.56
Saccade L	1	26	4857503217	4857537213	33996	874.44	913.04	938.34	905.73	1.52	72.75	0.24	44.77	1428.29	-2662.37	1429.57
Saccade R	1	26	4857503217	4857537213	33996	874.44	913.04	938.34	905.73	1.52	72.75	0.24	44.77	1428.29	-2662.37	1429.57
Fixation L	1	27	4857537213	4858045455	508242	926.03	921.38	35	39	-1	13.06	13.06
Fixation R	1	27	4857537213	4858045455	508242	926.03	921.38	35	39	-1	13.35	13.35
