[BeGaze]
Converted from:	C:\Program Files\SMI\Experiment Suite 360\Experiment Center 2\Results\RC-Attachment-Exp\P18-eye_data.idf
Date:	18.03.2012 20:14:11
Version:	BeGaze 3.0.181
Sample Rate:	500
Subject:	P18
Description:	Run23

Table Header for Fixations:
Event Type	Trial	Number	Start	End	Duration	Location X	Location Y	Dispersion X	Dispersion Y	Plane	Avg. Pupil Size X	Avg. Pupil Size Y

Table Header for Saccades:
Event Type	Trial	Number	Start	End	Duration	Start Loc.X	Start Loc.Y	End Loc.X	End Loc.Y	Amplitude	Peak Speed	Peak Speed At	Average Speed	Peak Accel.	Peak Decel.	Average Accel.

Table Header for Blinks:
Event Type	Trial	Number	Start	End	Duration

Table Header for User Events:
Event Type	Trial	Number	Start	Description

UserEvent	1	1	17396063533	# Message: RC-N2forced-nonanim-5.jpg
Fixation L	1	1	17396064754	17396738956	674202	514.08	407.90	41	58	-1	9.60	9.60
Fixation R	1	1	17396064754	17396738956	674202	514.08	407.90	41	58	-1	9.80	9.80
Saccade L	1	1	17396738956	17396764952	25996	501.71	388.69	552.77	407.20	1.17	79.11	0.46	44.97	2963.87	-3061.89	2131.55
Saccade R	1	1	17396738956	17396764952	25996	501.71	388.69	552.77	407.20	1.17	79.11	0.46	44.97	2963.87	-3061.89	2131.55
Fixation L	1	2	17396764952	17396901070	136118	558.18	418.87	21	30	-1	9.68	9.68
Fixation R	1	2	17396764952	17396901070	136118	558.18	418.87	21	30	-1	9.88	9.88
Saccade L	1	2	17396901070	17396927098	26028	553.70	403.48	560.75	437.70	0.78	40.90	0.46	29.81	998.44	-1155.92	768.64
Saccade R	1	2	17396901070	17396927098	26028	553.70	403.48	560.75	437.70	0.78	40.90	0.46	29.81	998.44	-1155.92	768.64
Fixation L	1	3	17396927098	17397195185	268087	555.02	431.61	35	24	-1	9.66	9.66
Fixation R	1	3	17396927098	17397195185	268087	555.02	431.61	35	24	-1	9.94	9.94
Saccade L	1	3	17397195185	17397223600	28415	570.30	442.67	629.06	417.87	1.35	76.66	0.43	47.43	2333.83	-2944.21	1969.87
Saccade R	1	3	17397195185	17397223600	28415	570.30	442.67	629.06	417.87	1.35	76.66	0.43	47.43	2333.83	-2944.21	1969.87
Fixation L	1	4	17397223600	17397475312	251712	630.83	410.55	27	29	-1	9.62	9.62
Fixation R	1	4	17397223600	17397475312	251712	630.83	410.55	27	29	-1	9.88	9.88
Saccade L	1	4	17397475312	17397501346	26034	642.38	410.10	719.02	414.19	1.80	127.88	0.54	69.06	5246.99	-5017.87	3717.36
Saccade R	1	4	17397475312	17397501346	26034	642.38	410.10	719.02	414.19	1.80	127.88	0.54	69.06	5246.99	-5017.87	3717.36
Fixation L	1	5	17397501346	17397779410	278064	742.32	418.96	42	51	-1	9.55	9.55
Fixation R	1	5	17397501346	17397779410	278064	742.32	418.96	42	51	-1	9.84	9.84
Saccade L	1	5	17397779410	17397833419	54009	752.05	449.66	673.67	417.00	1.97	55.65	0.30	36.44	2057.26	-877.93	877.26
Saccade R	1	5	17397779410	17397833419	54009	752.05	449.66	673.67	417.00	1.97	55.65	0.30	36.44	2057.26	-877.93	877.26
Fixation L	1	6	17397833419	17398175641	342222	644.09	418.48	48	33	-1	9.59	9.59
Fixation R	1	6	17397833419	17398175641	342222	644.09	418.48	48	33	-1	9.84	9.84
Saccade L	1	6	17398175641	17398219142	43501	648.74	429.30	744.44	412.11	2.26	99.27	0.55	51.98	3470.72	-3843.97	2514.88
Saccade R	1	6	17398175641	17398219142	43501	648.74	429.30	744.44	412.11	2.26	99.27	0.55	51.98	3470.72	-3843.97	2514.88
Fixation L	1	7	17398219142	17398659767	440625	760.38	437.53	63	41	-1	9.56	9.56
Fixation R	1	7	17398219142	17398659767	440625	760.38	437.53	63	41	-1	9.89	9.89
Saccade L	1	7	17398659767	17398685792	26025	762.75	422.98	830.00	425.87	1.45	93.12	0.46	55.64	3524.99	-3335.26	2536.60
Saccade R	1	7	17398659767	17398685792	26025	762.75	422.98	830.00	425.87	1.45	93.12	0.46	55.64	3524.99	-3335.26	2536.60
Fixation L	1	8	17398685792	17398921863	236071	829.13	422.53	31	36	-1	9.53	9.53
Fixation R	1	8	17398685792	17398921863	236071	829.13	422.53	31	36	-1	10.06	10.06
Saccade L	1	8	17398921863	17398949859	27996	815.36	406.34	817.87	449.85	0.93	44.42	0.43	33.13	1624.74	-1576.98	1157.81
Saccade R	1	8	17398921863	17398949859	27996	815.36	406.34	817.87	449.85	0.93	44.42	0.43	33.13	1624.74	-1576.98	1157.81
Fixation L	1	9	17398949859	17399059980	110121	823.12	440.44	31	30	-1	9.61	9.61
Fixation R	1	9	17398949859	17399059980	110121	823.12	440.44	31	30	-1	10.04	10.04
Saccade L	1	9	17399059980	17399108027	48047	820.77	445.38	646.06	402.71	4.00	174.71	0.37	83.21	6907.66	-5204.41	4130.46
Saccade R	1	9	17399059980	17399108027	48047	820.77	445.38	646.06	402.71	4.00	174.71	0.37	83.21	6907.66	-5204.41	4130.46
Fixation L	1	10	17399108027	17399470091	362064	647.84	413.13	49	53	-1	9.73	9.73
Fixation R	1	10	17399108027	17399470091	362064	647.84	413.13	49	53	-1	10.05	10.05
Saccade L	1	10	17399470091	17399498111	28020	677.96	393.24	706.71	422.76	0.85	41.69	0.43	30.22	1613.84	-1410.90	1079.95
Saccade R	1	10	17399470091	17399498111	28020	677.96	393.24	706.71	422.76	0.85	41.69	0.43	30.22	1613.84	-1410.90	1079.95
Fixation L	1	11	17399498111	17399602209	104098	701.85	416.70	22	25	-1	9.91	9.91
Fixation R	1	11	17399498111	17399602209	104098	701.85	416.70	22	25	-1	10.09	10.09
Saccade L	1	11	17399602209	17399626211	24002	689.62	401.17	737.14	410.91	1.00	69.13	0.46	41.65	2474.45	-2721.10	1827.15
Saccade R	1	11	17399602209	17399626211	24002	689.62	401.17	737.14	410.91	1.00	69.13	0.46	41.65	2474.45	-2721.10	1827.15
Fixation L	1	12	17399626211	17399970325	344114	740.85	414.66	15	19	-1	9.91	9.91
Fixation R	1	12	17399626211	17399970325	344114	740.85	414.66	15	19	-1	10.15	10.15
Saccade L	1	12	17399970325	17399998337	28012	744.39	408.38	803.16	434.61	1.38	82.15	0.43	49.18	3433.53	-3320.80	2447.32
Saccade R	1	12	17399970325	17399998337	28012	744.39	408.38	803.16	434.61	1.38	82.15	0.43	49.18	3433.53	-3320.80	2447.32
Fixation L	1	13	17399998337	17400306461	308124	811.30	415.29	28	40	-1	9.89	9.89
Fixation R	1	13	17399998337	17400306461	308124	811.30	415.29	28	40	-1	10.05	10.05
Saccade L	1	13	17400306461	17400340573	34112	805.55	407.75	722.92	415.53	1.75	71.26	0.53	51.39	4922.29	-1024.08	2009.88
Saccade R	1	13	17400306461	17400340573	34112	805.55	407.75	722.92	415.53	1.75	71.26	0.53	51.39	4922.29	-1024.08	2009.88
Saccade L	1	14	17400340573	17400398570	57997	722.92	415.53	685.16	432.12	7.40	256.86	0.52	127.55	4922.29	-7768.16	4140.08
Saccade R	1	14	17400340573	17400398570	57997	722.92	415.53	685.16	432.12	7.40	256.86	0.52	127.55	4922.29	-7768.16	4140.08
Fixation L	1	14	17400398570	17400516563	117993	702.07	440.09	22	35	-1	9.98	9.98
Fixation R	1	14	17400398570	17400516563	117993	702.07	440.09	22	35	-1	10.25	10.25
Saccade L	1	15	17400516563	17400550546	33983	707.76	424.28	845.65	427.36	3.06	164.07	0.53	90.18	6854.68	-6806.26	5028.31
Saccade R	1	15	17400516563	17400550546	33983	707.76	424.28	845.65	427.36	3.06	164.07	0.53	90.18	6854.68	-6806.26	5028.31
Fixation L	1	15	17400550546	17400722665	172119	854.00	418.28	17	21	-1	10.00	10.00
Fixation R	1	15	17400550546	17400722665	172119	854.00	418.28	17	21	-1	10.35	10.35
Saccade L	1	16	17400722665	17400744659	21994	859.03	420.38	892.65	423.48	0.67	42.55	0.46	30.38	1737.93	-1340.87	1081.39
Saccade R	1	16	17400722665	17400744659	21994	859.03	420.38	892.65	423.48	0.67	42.55	0.46	30.38	1737.93	-1340.87	1081.39
Fixation L	1	16	17400744659	17400892795	148136	882.83	424.53	26	32	-1	9.88	9.88
Fixation R	1	16	17400744659	17400892795	148136	882.83	424.53	26	32	-1	10.17	10.17
Saccade L	1	17	17400892795	17400918782	25987	866.41	450.71	924.41	444.25	1.22	79.72	0.46	46.79	1821.23	-3111.88	1807.07
Saccade R	1	17	17400892795	17400918782	25987	866.41	450.71	924.41	444.25	1.22	79.72	0.46	46.79	1821.23	-3111.88	1807.07
Fixation L	1	17	17400918782	17401124902	206120	923.92	446.52	35	47	-1	9.61	9.61
Fixation R	1	17	17400918782	17401124902	206120	923.92	446.52	35	47	-1	9.98	9.98
Saccade L	1	18	17401124902	17401156933	32031	926.75	430.12	968.81	427.17	1.02	44.00	0.44	31.82	1287.15	-1757.23	1081.88
Saccade R	1	18	17401124902	17401156933	32031	926.75	430.12	968.81	427.17	1.02	44.00	0.44	31.82	1287.15	-1757.23	1081.88
Fixation L	1	18	17401156933	17401611098	454165	971.41	424.79	28	42	-1	9.64	9.64
Fixation R	1	18	17401156933	17401611098	454165	971.41	424.79	28	42	-1	9.95	9.95
Saccade L	1	19	17401611098	17401644999	33901	970.16	422.26	1044.70	429.91	1.61	89.09	0.35	47.37	3626.47	-2945.74	2188.39
Saccade R	1	19	17401611098	17401644999	33901	970.16	422.26	1044.70	429.91	1.61	89.09	0.35	47.37	3626.47	-2945.74	2188.39
Fixation L	1	19	17401644999	17401925127	280128	1080.01	433.17	51	37	-1	9.66	9.66
Fixation R	1	19	17401644999	17401925127	280128	1080.01	433.17	51	37	-1	9.98	9.98
Saccade L	1	20	17401925127	17401951243	26116	1084.71	445.34	1130.41	420.46	1.00	57.58	0.39	38.29	2281.84	-2149.35	1583.09
Saccade R	1	20	17401925127	17401951243	26116	1084.71	445.34	1130.41	420.46	1.00	57.58	0.39	38.29	2281.84	-2149.35	1583.09
Fixation L	1	20	17401951243	17402095234	143991	1149.67	424.46	41	12	-1	9.78	9.78
Fixation R	1	20	17401951243	17402095234	143991	1149.67	424.46	41	12	-1	10.07	10.07
Saccade L	1	21	17402095234	17402123275	28041	1167.41	418.26	1067.42	430.86	2.20	149.27	0.50	78.43	6082.97	-5960.12	4372.90
Saccade R	1	21	17402095234	17402123275	28041	1167.41	418.26	1067.42	430.86	2.20	149.27	0.50	78.43	6082.97	-5960.12	4372.90
Fixation L	1	21	17402123275	17402637471	514196	1069.62	441.31	48	31	-1	9.80	9.80
Fixation R	1	21	17402123275	17402637471	514196	1069.62	441.31	48	31	-1	10.14	10.14
Saccade L	1	22	17402637471	17402679463	41992	1085.68	446.91	1183.47	449.10	2.13	85.09	0.38	50.71	3592.88	-2840.93	2261.39
Saccade R	1	22	17402637471	17402679463	41992	1085.68	446.91	1183.47	449.10	2.13	85.09	0.38	50.71	3592.88	-2840.93	2261.39
Fixation L	1	22	17402679463	17402959605	280142	1152.23	449.62	79	32	-1	9.85	9.85
Fixation R	1	22	17402679463	17402959605	280142	1152.23	449.62	79	32	-1	10.17	10.17
Saccade L	1	23	17402959605	17403025719	66114	1157.10	427.17	707.50	420.42	10.19	307.80	0.30	154.11	12813.13	-7018.67	6462.55
Saccade R	1	23	17402959605	17403025719	66114	1157.10	427.17	707.50	420.42	10.19	307.80	0.30	154.11	12813.13	-7018.67	6462.55
Fixation L	1	23	17403025719	17403178087	152368	688.22	416.54	26	18	-1	9.86	9.86
Fixation R	1	23	17403025719	17403178087	152368	688.22	416.54	26	18	-1	10.13	10.13
Saccade L	1	24	17403178087	17403199744	21657	684.40	411.85	654.23	430.04	0.69	44.00	0.35	31.80	1701.70	-1604.05	1173.65
Saccade R	1	24	17403178087	17403199744	21657	684.40	411.85	654.23	430.04	0.69	44.00	0.35	31.80	1701.70	-1604.05	1173.65
Fixation L	1	24	17403199744	17403391829	192085	635.02	424.07	48	46	-1	9.85	9.85
Fixation R	1	24	17403199744	17403391829	192085	635.02	424.07	48	46	-1	10.20	10.20
Saccade L	1	25	17403391829	17403427843	36014	652.38	451.95	597.31	434.54	1.22	53.10	0.33	33.78	1708.66	-1376.42	1133.07
Saccade R	1	25	17403391829	17403427843	36014	652.38	451.95	597.31	434.54	1.22	53.10	0.33	33.78	1708.66	-1376.42	1133.07
Fixation L	1	25	17403427843	17403561939	134096	596.20	432.78	15	22	-1	9.90	9.90
Fixation R	1	25	17403427843	17403561939	134096	596.20	432.78	15	22	-1	10.12	10.12
Saccade L	1	26	17403561939	17403593923	31984	606.88	439.21	647.09	453.08	1.00	44.04	0.38	31.14	1283.86	-1140.38	880.84
Saccade R	1	26	17403561939	17403593923	31984	606.88	439.21	647.09	453.08	1.00	44.04	0.38	31.14	1283.86	-1140.38	880.84
Saccade L	1	27	17403619926	17403645934	26008	654.17	457.44	565.07	450.00	1.95	139.78	0.46	75.02	5608.55	-5107.42	3798.51
Saccade R	1	27	17403619926	17403645934	26008	654.17	457.44	565.07	450.00	1.95	139.78	0.46	75.02	5608.55	-5107.42	3798.51
Fixation L	1	26	17403645934	17403836035	190101	545.50	438.76	32	43	-1	9.70	9.70
Fixation R	1	26	17403645934	17403836035	190101	545.50	438.76	32	43	-1	10.01	10.01
Saccade L	1	28	17403836035	17403870070	34035	536.82	424.30	660.83	444.75	2.77	166.72	0.46	81.46	6744.44	-6549.09	4648.05
Saccade R	1	28	17403836035	17403870070	34035	536.82	424.30	660.83	444.75	2.77	166.72	0.46	81.46	6744.44	-6549.09	4648.05
Fixation L	1	27	17403870070	17404196148	326078	646.98	440.04	27	17	-1	9.66	9.66
Fixation R	1	27	17403870070	17404196148	326078	646.98	440.04	27	17	-1	10.11	10.11
Saccade L	1	29	17404196148	17404232190	36042	642.63	438.57	758.93	434.66	2.64	158.71	0.44	73.34	6231.36	-5957.98	4331.36
Saccade R	1	29	17404196148	17404232190	36042	642.63	438.57	758.93	434.66	2.64	158.71	0.44	73.34	6231.36	-5957.98	4331.36
Fixation L	1	28	17404232190	17404736410	504220	742.31	440.36	49	32	-1	9.69	9.69
Fixation R	1	28	17404232190	17404736410	504220	742.31	440.36	49	32	-1	10.07	10.07
Saccade L	1	30	17404736410	17404770378	33968	752.31	433.48	828.63	442.46	1.75	97.08	0.35	51.41	3304.58	-3329.81	2357.51
Saccade R	1	30	17404736410	17404770378	33968	752.31	433.48	828.63	442.46	1.75	97.08	0.35	51.41	3304.58	-3329.81	2357.51
Fixation L	1	29	17404770378	17405096532	326154	836.94	451.01	52	36	-1	9.60	9.60
Fixation R	1	29	17404770378	17405096532	326154	836.94	451.01	52	36	-1	10.01	10.01
Saccade L	1	31	17405096532	17405142530	45998	815.04	427.85	961.52	422.13	3.35	130.38	0.26	72.88	4334.44	-3521.07	2856.46
Saccade R	1	31	17405096532	17405142530	45998	815.04	427.85	961.52	422.13	3.35	130.38	0.26	72.88	4334.44	-3521.07	2856.46
Fixation L	1	30	17405142530	17405372616	230086	966.12	432.93	22	48	-1	9.62	9.62
Fixation R	1	30	17405142530	17405372616	230086	966.12	432.93	22	48	-1	9.81	9.81
Saccade L	1	32	17405372616	17405414702	42086	954.98	466.46	982.42	428.04	1.23	40.42	0.57	29.11	960.51	-1169.31	699.29
Saccade R	1	32	17405372616	17405414702	42086	954.98	466.46	982.42	428.04	1.23	40.42	0.57	29.11	960.51	-1169.31	699.29
Fixation L	1	31	17405414702	17405526771	112069	984.39	434.79	29	60	-1	9.52	9.52
Fixation R	1	31	17405414702	17405526771	112069	984.39	434.79	29	60	-1	9.98	9.98
Saccade L	1	33	17405526771	17405548768	21997	966.39	474.17	1059.57	439.00	2.07	173.78	0.45	94.12	6074.37	-6269.26	4185.12
Saccade R	1	33	17405526771	17405548768	21997	966.39	474.17	1059.57	439.00	2.07	173.78	0.45	94.12	6074.37	-6269.26	4185.12
Fixation L	1	32	17405548768	17405728714	179946	1086.40	433.17	59	45	-1	9.47	9.47
Fixation R	1	32	17405548768	17405728714	179946	1086.40	433.17	59	45	-1	9.75	9.75
Saccade L	1	34	17405728714	17405804836	76122	1086.31	442.85	1180.99	448.97	3.09	67.49	0.37	40.66	2036.04	-1544.36	992.78
Saccade R	1	34	17405728714	17405804836	76122	1086.31	442.85	1180.99	448.97	3.09	67.49	0.37	40.66	2036.04	-1544.36	992.78
Saccade L	1	35	17405846936	17405876832	29896	1165.02	457.02	1185.09	414.62	0.91	46.95	0.26	30.32	1293.10	-1150.99	801.99
Saccade R	1	35	17405846936	17405876832	29896	1165.02	457.02	1185.09	414.62	0.91	46.95	0.26	30.32	1293.10	-1150.99	801.99
Saccade L	1	36	17405912832	17405989101	76269	1178.98	409.16	964.49	853.95	11.22	391.15	0.66	147.12	15340.59	-16073.26	7809.23
Saccade R	1	36	17405912832	17405989101	76269	1178.98	409.16	964.49	853.95	11.22	391.15	0.66	147.12	15340.59	-16073.26	7809.23
Saccade L	1	37	17406004950	17406028952	24002	976.45	858.11	954.61	886.26	0.74	41.07	0.51	30.81	1152.72	-1333.21	933.15
Saccade R	1	37	17406004950	17406028952	24002	976.45	858.11	954.61	886.26	0.74	41.07	0.51	30.81	1152.72	-1333.21	933.15
Fixation L	1	33	17406028952	17406106948	77996	956.53	871.33	19	33	-1	9.55	9.55
Fixation R	1	33	17406028952	17406106948	77996	956.53	871.33	19	33	-1	10.01	10.01
Saccade L	1	38	17406106948	17406135148	28200	945.96	856.59	936.61	942.98	1.73	102.30	0.50	61.36	3965.37	-4167.93	2992.43
Saccade R	1	38	17406106948	17406135148	28200	945.96	856.59	936.61	942.98	1.73	102.30	0.50	61.36	3965.37	-4167.93	2992.43
Fixation L	1	34	17406135148	17406265126	129978	917.97	937.56	41	31	-1	9.99	9.99
Fixation R	1	34	17406135148	17406265126	129978	917.97	937.56	41	31	-1	10.28	10.28
Saccade L	1	39	17406265126	17406299068	33942	939.60	926.52	860.92	961.47	1.82	105.04	0.35	53.53	4086.85	-3623.84	2366.26
Saccade R	1	39	17406265126	17406299068	33942	939.60	926.52	860.92	961.47	1.82	105.04	0.35	53.53	4086.85	-3623.84	2366.26
Fixation L	1	35	17406319062	17406451057	131995	877.73	958.44	25	31	-1	10.33	10.33
Fixation R	1	35	17406319062	17406451057	131995	877.73	958.44	25	31	-1	10.51	10.51
Saccade L	1	40	17406451057	17406499075	48018	867.39	966.45	839.72	946.74	1.53	46.56	0.25	31.92	1710.22	-804.15	717.86
Saccade R	1	40	17406451057	17406499075	48018	867.39	966.45	839.72	946.74	1.53	46.56	0.25	31.92	1710.22	-804.15	717.86
Saccade L	1	41	17406507198	17406531055	23857	840.02	946.73	864.30	914.50	0.82	44.47	0.59	34.37	1544.04	200.22	902.01
Saccade R	1	41	17406507198	17406531055	23857	840.02	946.73	864.30	914.50	0.82	44.47	0.59	34.37	1544.04	200.22	902.01
Saccade L	1	42	17406531055	17406555179	24124	864.30	914.50	868.54	973.34	1.22	83.43	0.52	50.39	1594.17	-2751.90	1575.58
Saccade R	1	42	17406531055	17406555179	24124	864.30	914.50	868.54	973.34	1.22	83.43	0.52	50.39	1594.17	-2751.90	1575.58
Fixation L	1	36	17406555179	17406728170	172991	839.36	954.75	49	72	-1	10.11	10.11
Fixation R	1	36	17406555179	17406728170	172991	839.36	954.75	49	72	-1	10.52	10.52
