[BeGaze]
Converted from:	C:\Program Files\SMI\Experiment Suite 360\Experiment Center 2\Results\RC-Attachment-Exp\P16-eye_data.idf
Date:	18.03.2012 20:12:04
Version:	BeGaze 3.0.181
Sample Rate:	500
Subject:	P16
Description:	Run21

Table Header for Fixations:
Event Type	Trial	Number	Start	End	Duration	Location X	Location Y	Dispersion X	Dispersion Y	Plane	Avg. Pupil Size X	Avg. Pupil Size Y

Table Header for Saccades:
Event Type	Trial	Number	Start	End	Duration	Start Loc.X	Start Loc.Y	End Loc.X	End Loc.Y	Amplitude	Peak Speed	Peak Speed At	Average Speed	Peak Accel.	Peak Decel.	Average Accel.

Table Header for Blinks:
Event Type	Trial	Number	Start	End	Duration

Table Header for User Events:
Event Type	Trial	Number	Start	Description

UserEvent	1	1	1407225193	# Message: Questionnaire3.jpg
Fixation L	1	1	1407237553	1407519008	281455	879.35	924.30	24	29	-1	11.54	11.54
Fixation R	1	1	1407237553	1407519008	281455	879.35	924.30	24	29	-1	11.86	11.86
Saccade L	1	1	1407519008	1407581137	62129	873.27	932.45	528.13	438.87	13.71	451.26	0.34	220.68	19469.06	-11981.98	10634.62
Saccade R	1	1	1407519008	1407581137	62129	873.27	932.45	528.13	438.87	13.71	451.26	0.34	220.68	19469.06	-11981.98	10634.62
Fixation L	1	2	1407581137	1407682987	101850	537.84	449.10	20	25	-1	11.63	11.63
Fixation R	1	2	1407581137	1407682987	101850	537.84	449.10	20	25	-1	11.56	11.56
Saccade L	1	2	1407682987	1407719005	36018	542.64	452.31	410.18	360.47	3.65	195.69	0.46	101.30	8279.70	-8081.49	6047.18
Saccade R	1	2	1407682987	1407719005	36018	542.64	452.31	410.18	360.47	3.65	195.69	0.46	101.30	8279.70	-8081.49	6047.18
Fixation L	1	3	1407719005	1407995122	276117	417.76	376.93	19	42	-1	11.05	11.05
Fixation R	1	3	1407719005	1407995122	276117	417.76	376.93	19	42	-1	11.11	11.11
Saccade L	1	3	1407995122	1408025228	30106	413.99	408.73	508.42	385.80	2.00	119.58	0.40	66.28	4739.53	-4533.35	3435.46
Saccade R	1	3	1407995122	1408025228	30106	413.99	408.73	508.42	385.80	2.00	119.58	0.40	66.28	4739.53	-4533.35	3435.46
Fixation L	1	4	1408025228	1408137264	112036	512.44	378.59	11	12	-1	10.74	10.74
Fixation R	1	4	1408025228	1408137264	112036	512.44	378.59	11	12	-1	11.09	11.09
Saccade L	1	4	1408137264	1408169248	31984	516.20	375.55	510.22	375.44	5.62	212.35	0.47	175.80	10125.95	-6353.98	6376.02
Saccade R	1	4	1408137264	1408169248	31984	516.20	375.55	510.22	375.44	5.62	212.35	0.47	175.80	10125.95	-6353.98	6376.02
Saccade L	1	5	1408169248	1408208453	39205	510.22	375.44	640.15	383.46	2.86	149.89	0.31	73.01	836.17	-5491.78	2882.66
Saccade R	1	5	1408169248	1408208453	39205	510.22	375.44	640.15	383.46	2.86	149.89	0.31	73.01	836.17	-5491.78	2882.66
Saccade L	1	6	1408239208	1408265213	26005	635.68	389.56	633.35	388.22	5.40	244.71	0.31	207.48	11445.65	-11676.39	9186.14
Saccade R	1	6	1408239208	1408265213	26005	635.68	389.56	633.35	388.22	5.40	244.71	0.31	207.48	11445.65	-11676.39	9186.14
Saccade L	1	7	1408389333	1408429332	39999	632.73	353.28	770.70	362.22	3.14	142.33	0.50	78.60	5400.70	-5742.39	4064.31
Saccade R	1	7	1408389333	1408429332	39999	632.73	353.28	770.70	362.22	3.14	142.33	0.50	78.60	5400.70	-5742.39	4064.31
Fixation L	1	5	1408519326	1408597453	78127	784.80	364.60	48	31	-1	11.24	11.24
Fixation R	1	5	1408519326	1408597453	78127	784.80	364.60	48	31	-1	11.66	11.66
Blink L	1	1	1408597453	1408651449	53996
Blink R	1	1	1408597453	1408651449	53996
Fixation L	1	6	1408651449	1408901558	250109	852.66	365.09	18	26	-1	11.36	11.36
Fixation R	1	6	1408651449	1408901558	250109	852.66	365.09	18	26	-1	11.66	11.66
Saccade L	1	8	1408901558	1408928462	26904	847.79	374.81	756.28	360.74	2.02	140.05	0.52	75.25	5600.17	-5167.61	3894.30
Saccade R	1	8	1408901558	1408928462	26904	847.79	374.81	756.28	360.74	2.02	140.05	0.52	75.25	5600.17	-5167.61	3894.30
Fixation L	1	7	1408928462	1409037551	109089	774.39	354.12	23	18	-1	11.84	11.84
Fixation R	1	7	1408928462	1409037551	109089	774.39	354.12	23	18	-1	12.14	12.14
Saccade L	1	9	1409037551	1409061558	24007	774.34	352.14	838.47	347.57	1.25	87.43	0.50	52.15	3495.24	-3437.37	2499.63
Saccade R	1	9	1409037551	1409061558	24007	774.34	352.14	838.47	347.57	1.25	87.43	0.50	52.15	3495.24	-3437.37	2499.63
Fixation L	1	8	1409061558	1409259675	198117	833.30	349.46	25	18	-1	11.88	11.88
Fixation R	1	8	1409061558	1409259675	198117	833.30	349.46	25	18	-1	12.20	12.20
Saccade L	1	10	1409259675	1409309670	49995	839.93	347.84	517.80	449.53	7.50	271.54	0.32	150.06	11516.11	-7468.16	6471.15
Saccade R	1	10	1409259675	1409309670	49995	839.93	347.84	517.80	449.53	7.50	271.54	0.32	150.06	11516.11	-7468.16	6471.15
Fixation L	1	9	1409309670	1409467790	158120	526.71	448.53	22	26	-1	12.20	12.20
Fixation R	1	9	1409309670	1409467790	158120	526.71	448.53	22	26	-1	12.05	12.05
Saccade L	1	11	1409467790	1409499797	32007	538.73	467.48	390.08	465.35	3.18	181.66	0.50	99.42	7508.79	-7844.27	5701.09
Saccade R	1	11	1409467790	1409499797	32007	538.73	467.48	390.08	465.35	3.18	181.66	0.50	99.42	7508.79	-7844.27	5701.09
Fixation L	1	10	1409499797	1410110028	610231	398.37	457.02	44	36	-1	11.88	11.88
Fixation R	1	10	1409499797	1410110028	610231	398.37	457.02	44	36	-1	11.86	11.86
Saccade L	1	12	1410110028	1410140013	29985	386.19	443.95	359.00	373.49	1.70	88.54	0.40	56.61	3818.92	-3589.02	2743.27
Saccade R	1	12	1410110028	1410140013	29985	386.19	443.95	359.00	373.49	1.70	88.54	0.40	56.61	3818.92	-3589.02	2743.27
Fixation L	1	11	1410140013	1410384141	244128	370.09	394.24	22	32	-1	11.51	11.51
Fixation R	1	11	1410140013	1410384141	244128	370.09	394.24	22	32	-1	11.73	11.73
Saccade L	1	13	1410384141	1410408149	24008	381.29	404.80	370.39	474.58	1.43	106.75	0.58	59.73	4289.38	-3775.14	2859.67
Saccade R	1	13	1410384141	1410408149	24008	381.29	404.80	370.39	474.58	1.43	106.75	0.58	59.73	4289.38	-3775.14	2859.67
Fixation L	1	12	1410408149	1411810645	1402496	369.61	460.07	35	37	-1	11.69	11.69
Fixation R	1	12	1410408149	1411810645	1402496	369.61	460.07	35	37	-1	11.88	11.88
UserEvent	1	105	1411372110	# Message: UE-mouseclick left x=361 y=435
Saccade L	1	14	1411810645	1411848820	38175	357.23	466.41	373.36	569.11	2.23	113.96	0.32	58.30	4568.97	-3834.93	2821.23
Saccade R	1	14	1411810645	1411848820	38175	357.23	466.41	373.36	569.11	2.23	113.96	0.32	58.30	4568.97	-3834.93	2821.23
Fixation L	1	13	1411848820	1412300953	452133	382.82	547.02	44	45	-1	12.14	12.14
Fixation R	1	13	1411848820	1412300953	452133	382.82	547.02	44	45	-1	12.27	12.27
Fixation L	1	14	1412320922	1412627163	306241	374.96	540.01	23	22	-1	11.43	11.43
Fixation R	1	14	1412320922	1412627163	306241	374.96	540.01	23	22	-1	11.58	11.58
UserEvent	1	135	1412508058	# Message: UE-mouseclick left x=363 y=525
