[BeGaze]
Converted from:	C:\Program Files\SMI\Experiment Suite 360\Experiment Center 2\Results\RC-Attachment-Exp\P25-eye_data.idf
Date:	18.03.2012 20:20:30
Version:	BeGaze 3.0.181
Sample Rate:	500
Subject:	P25
Description:	Run30

Table Header for Fixations:
Event Type	Trial	Number	Start	End	Duration	Location X	Location Y	Dispersion X	Dispersion Y	Plane	Avg. Pupil Size X	Avg. Pupil Size Y

Table Header for Saccades:
Event Type	Trial	Number	Start	End	Duration	Start Loc.X	Start Loc.Y	End Loc.X	End Loc.Y	Amplitude	Peak Speed	Peak Speed At	Average Speed	Peak Accel.	Peak Decel.	Average Accel.

Table Header for Blinks:
Event Type	Trial	Number	Start	End	Duration

Table Header for User Events:
Event Type	Trial	Number	Start	Description

UserEvent	1	1	11060961737	# Message: Questionnaire16.jpg
Fixation L	1	1	11060977497	11061248764	271267	902.26	946.43	35	18	-1	13.12	13.12
Fixation R	1	1	11060977497	11061248764	271267	902.26	946.43	35	18	-1	13.57	13.57
Saccade L	1	1	11061248764	11061304719	55955	921.54	949.86	913.94	931.92	1.15	44.47	0.43	20.53	1110.53	-1032.83	606.11
Saccade R	1	1	11061248764	11061304719	55955	921.54	949.86	913.94	931.92	1.15	44.47	0.43	20.53	1110.53	-1032.83	606.11
Saccade L	1	2	11061312746	11061394685	81939	921.22	930.19	518.62	382.44	20.23	530.65	0.53	246.86	23363.77	-13266.32	12778.96
Saccade R	1	2	11061312746	11061394685	81939	921.22	930.19	518.62	382.44	20.23	530.65	0.53	246.86	23363.77	-13266.32	12778.96
Fixation L	1	2	11061394685	11061498767	104082	508.32	397.00	34	21	-1	13.63	13.63
Fixation R	1	2	11061394685	11061498767	104082	508.32	397.00	34	21	-1	13.80	13.80
Saccade L	1	3	11061498767	11061544821	46054	515.20	399.34	467.67	315.69	2.88	177.74	0.30	62.55	7056.68	-6606.82	3720.44
Saccade R	1	3	11061498767	11061544821	46054	515.20	399.34	467.67	315.69	2.88	177.74	0.30	62.55	7056.68	-6606.82	3720.44
Fixation L	1	3	11061544821	11061692787	147966	465.73	338.91	17	36	-1	13.59	13.59
Fixation R	1	3	11061544821	11061692787	147966	465.73	338.91	17	36	-1	13.79	13.79
Saccade L	1	4	11061692787	11061722769	29982	466.27	340.39	399.47	326.82	1.44	102.78	0.40	47.97	4131.86	-4150.83	2840.37
Saccade R	1	4	11061692787	11061722769	29982	466.27	340.39	399.47	326.82	1.44	102.78	0.40	47.97	4131.86	-4150.83	2840.37
Fixation L	1	4	11061722769	11061941508	218739	404.41	344.83	20	38	-1	13.55	13.55
Fixation R	1	4	11061722769	11061941508	218739	404.41	344.83	20	38	-1	13.92	13.92
Saccade L	1	5	11061941508	11061978882	37374	407.13	341.35	488.07	359.08	1.76	106.05	0.52	47.00	4219.37	-4095.65	2868.61
Saccade R	1	5	11061941508	11061978882	37374	407.13	341.35	488.07	359.08	1.76	106.05	0.52	47.00	4219.37	-4095.65	2868.61
Fixation L	1	5	11061978882	11062184995	206113	482.24	357.14	14	13	-1	13.75	13.75
Fixation R	1	5	11061978882	11062184995	206113	482.24	357.14	14	13	-1	14.20	14.20
Saccade L	1	6	11062184995	11062223006	38011	477.18	354.11	377.08	359.37	2.32	149.87	0.37	61.11	6356.51	-5855.79	3842.16
Saccade R	1	6	11062184995	11062223006	38011	477.18	354.11	377.08	359.37	2.32	149.87	0.37	61.11	6356.51	-5855.79	3842.16
Fixation L	1	6	11062223006	11062545111	322105	387.06	351.53	19	37	-1	14.14	14.14
Fixation R	1	6	11062223006	11062545111	322105	387.06	351.53	19	37	-1	14.42	14.42
Saccade L	1	7	11062545111	11062591235	46124	391.15	352.70	504.73	376.34	2.75	161.32	0.61	59.70	5894.83	-6630.65	3648.25
Saccade R	1	7	11062545111	11062591235	46124	391.15	352.70	504.73	376.34	2.75	161.32	0.61	59.70	5894.83	-6630.65	3648.25
Fixation L	1	7	11062591235	11062795232	203997	505.53	370.65	19	15	-1	14.31	14.31
Fixation R	1	7	11062591235	11062795232	203997	505.53	370.65	19	15	-1	14.64	14.64
Saccade L	1	8	11062795232	11062841223	45991	500.70	367.14	559.20	377.74	1.79	117.35	0.77	38.86	4337.03	-4355.02	2084.90
Saccade R	1	8	11062795232	11062841223	45991	500.70	367.14	559.20	377.74	1.79	117.35	0.77	38.86	4337.03	-4355.02	2084.90
Fixation L	1	8	11062841223	11063109385	268162	555.78	368.06	24	40	-1	14.17	14.17
Fixation R	1	8	11062841223	11063109385	268162	555.78	368.06	24	40	-1	14.50	14.50
Saccade L	1	9	11063109385	11063137468	28083	554.96	368.14	612.46	374.52	1.25	89.06	0.43	44.35	3381.26	-3527.57	2506.80
Saccade R	1	9	11063109385	11063137468	28083	554.96	368.14	612.46	374.52	1.25	89.06	0.43	44.35	3381.26	-3527.57	2506.80
Fixation L	1	9	11063137468	11063343458	205990	612.34	385.08	25	20	-1	13.90	13.90
Fixation R	1	9	11063137468	11063343458	205990	612.34	385.08	25	20	-1	14.27	14.27
Saccade L	1	10	11063343458	11063379668	36210	620.15	379.28	682.25	401.73	1.47	98.22	0.39	40.67	3924.74	-3613.69	2420.09
Saccade R	1	10	11063343458	11063379668	36210	620.15	379.28	682.25	401.73	1.47	98.22	0.39	40.67	3924.74	-3613.69	2420.09
Fixation L	1	10	11063379668	11063543578	163910	678.33	385.92	22	27	-1	13.96	13.96
Fixation R	1	10	11063379668	11063543578	163910	678.33	385.92	22	27	-1	14.39	14.39
Saccade L	1	11	11063543578	11063577580	34002	677.90	383.26	714.63	366.06	1.07	67.62	0.53	31.39	2540.32	-2639.71	1779.61
Saccade R	1	11	11063543578	11063577580	34002	677.90	383.26	714.63	366.06	1.07	67.62	0.53	31.39	2540.32	-2639.71	1779.61
Fixation L	1	11	11063577580	11063847703	270123	540.46	290.24	890	799	-1	10.64	10.64
Fixation R	1	11	11063577580	11063847703	270123	540.46	290.24	890	799	-1	11.26	11.26
Fixation L	1	12	11063969830	11064063818	93988	730.10	356.05	24	30	-1	14.21	14.21
Fixation R	1	12	11063969830	11064063818	93988	730.10	356.05	24	30	-1	14.77	14.77
Saccade L	1	12	11064063818	11064109904	46086	715.79	364.17	492.82	383.83	5.20	270.69	0.39	112.79	11647.78	-11389.57	7550.40
Saccade R	1	12	11064063818	11064109904	46086	715.79	364.17	492.82	383.83	5.20	270.69	0.39	112.79	11647.78	-11389.57	7550.40
Fixation L	1	13	11064109904	11064349928	240024	479.24	362.88	28	29	-1	14.48	14.48
Fixation R	1	13	11064109904	11064349928	240024	479.24	362.88	28	29	-1	14.89	14.89
Saccade L	1	13	11064349928	11064395931	46003	479.17	355.06	550.95	343.61	2.02	126.92	0.35	44.01	5064.70	-4776.95	2718.97
Saccade R	1	13	11064349928	11064395931	46003	479.17	355.06	550.95	343.61	2.02	126.92	0.35	44.01	5064.70	-4776.95	2718.97
Fixation L	1	14	11064395931	11064676044	280113	556.57	370.24	23	49	-1	14.64	14.64
Fixation R	1	14	11064395931	11064676044	280113	556.57	370.24	23	49	-1	15.32	15.32
Saccade L	1	14	11064676044	11064716040	39996	551.27	379.67	411.36	461.65	3.78	207.75	0.40	94.43	8989.28	-8823.43	6315.30
Saccade R	1	14	11064676044	11064716040	39996	551.27	379.67	411.36	461.65	3.78	207.75	0.40	94.43	8989.28	-8823.43	6315.30
Fixation L	1	15	11064716040	11065600516	884476	393.11	493.29	57	71	-1	15.05	15.05
Fixation R	1	15	11064716040	11065600516	884476	393.11	493.29	57	71	-1	15.54	15.54
UserEvent	1	77	11065533553	# Message: UE-mouseclick left x=400 y=467
Saccade L	1	15	11065600516	11065637358	36842	360.22	520.87	364.95	490.96	0.91	40.13	0.64	24.58	667.10	-713.91	412.34
Saccade R	1	15	11065600516	11065637358	36842	360.22	520.87	364.95	490.96	0.91	40.13	0.64	24.58	667.10	-713.91	412.34
Fixation L	1	16	11065637358	11065992641	355283	370.59	518.01	20	41	-1	15.08	15.08
Fixation R	1	16	11065637358	11065992641	355283	370.59	518.01	20	41	-1	15.48	15.48
Saccade L	1	16	11065992641	11066022622	29981	373.54	525.56	388.97	567.74	0.97	60.89	0.47	32.42	2449.28	-2374.32	1776.42
Saccade R	1	16	11065992641	11066022622	29981	373.54	525.56	388.97	567.74	0.97	60.89	0.47	32.42	2449.28	-2374.32	1776.42
Fixation L	1	17	11066022622	11066109649	87027	387.93	566.42	16	10	-1	15.16	15.16
Fixation R	1	17	11066022622	11066109649	87027	387.93	566.42	16	10	-1	15.54	15.54
UserEvent	1	87	11066046052	# Message: UE-mouseclick left x=385 y=529
