[BeGaze]
Converted from:	C:\Program Files\SMI\Experiment Suite 360\Experiment Center 2\Results\RC-Attachment-Exp\P22-eye_data.idf
Date:	18.03.2012 20:17:28
Version:	BeGaze 3.0.181
Sample Rate:	500
Subject:	P22
Description:	Run27

Table Header for Fixations:
Event Type	Trial	Number	Start	End	Duration	Location X	Location Y	Dispersion X	Dispersion Y	Plane	Avg. Pupil Size X	Avg. Pupil Size Y

Table Header for Saccades:
Event Type	Trial	Number	Start	End	Duration	Start Loc.X	Start Loc.Y	End Loc.X	End Loc.Y	Amplitude	Peak Speed	Peak Speed At	Average Speed	Peak Accel.	Peak Decel.	Average Accel.

Table Header for Blinks:
Event Type	Trial	Number	Start	End	Duration

Table Header for User Events:
Event Type	Trial	Number	Start	Description

UserEvent	1	1	2327508714	# Message: Dist-srcop-18.jpg
Fixation L	1	1	2327509883	2328030769	520886	531.07	470.08	27	40	-1	8.32	8.32
Fixation R	1	1	2327509883	2328030769	520886	531.07	470.08	27	40	-1	8.51	8.51
Saccade L	1	1	2328030769	2328068785	38016	535.20	485.55	604.27	487.88	1.63	77.77	0.37	42.78	2943.10	-2472.09	1822.87
Saccade R	1	1	2328030769	2328068785	38016	535.20	485.55	604.27	487.88	1.63	77.77	0.37	42.78	2943.10	-2472.09	1822.87
Fixation L	1	2	2328068785	2328210765	141980	609.13	471.45	27	23	-1	8.32	8.32
Fixation R	1	2	2328068785	2328210765	141980	609.13	471.45	27	23	-1	8.43	8.43
Saccade L	1	2	2328210765	2328238762	27997	601.08	466.07	662.37	487.48	1.39	86.90	0.43	49.60	3708.56	-3514.76	2601.26
Saccade R	1	2	2328210765	2328238762	27997	601.08	466.07	662.37	487.48	1.39	86.90	0.43	49.60	3708.56	-3514.76	2601.26
Fixation L	1	3	2328238762	2328362881	124119	666.80	481.66	9	19	-1	8.48	8.48
Fixation R	1	3	2328238762	2328362881	124119	666.80	481.66	9	19	-1	8.46	8.46
Saccade L	1	3	2328362881	2328392886	30005	665.00	469.71	718.20	450.12	1.21	63.05	0.33	40.18	2502.13	-2006.66	1604.93
Saccade R	1	3	2328362881	2328392886	30005	665.00	469.71	718.20	450.12	1.21	63.05	0.33	40.18	2502.13	-2006.66	1604.93
Fixation L	1	4	2328392886	2328637102	244216	729.40	452.94	14	25	-1	8.52	8.52
Fixation R	1	4	2328392886	2328637102	244216	729.40	452.94	14	25	-1	8.44	8.44
Saccade L	1	4	2328637102	2328661013	23911	732.55	443.06	809.06	448.05	1.61	124.46	0.52	67.26	5107.81	-4891.04	3449.80
Saccade R	1	4	2328637102	2328661013	23911	732.55	443.06	809.06	448.05	1.61	124.46	0.52	67.26	5107.81	-4891.04	3449.80
Fixation L	1	5	2328661013	2328812604	151591	820.02	464.50	34	37	-1	8.34	8.34
Fixation R	1	5	2328661013	2328812604	151591	820.02	464.50	34	37	-1	8.50	8.50
Saccade L	1	5	2328812604	2328837118	24514	801.76	454.60	879.85	456.75	1.55	119.09	0.43	63.38	3892.83	-4450.22	2958.43
Saccade R	1	5	2328812604	2328837118	24514	801.76	454.60	879.85	456.75	1.55	119.09	0.43	63.38	3892.83	-4450.22	2958.43
Fixation L	1	6	2328837118	2329013109	175991	882.54	467.20	25	18	-1	8.25	8.25
Fixation R	1	6	2328837118	2329013109	175991	882.54	467.20	25	18	-1	8.57	8.57
Saccade L	1	6	2329013109	2329055237	42128	878.33	465.05	938.07	470.79	1.32	49.23	0.52	31.31	1463.24	-1495.68	1061.49
Saccade R	1	6	2329013109	2329055237	42128	878.33	465.05	938.07	470.79	1.32	49.23	0.52	31.31	1463.24	-1495.68	1061.49
Fixation L	1	7	2329055237	2329219225	163988	941.84	466.19	8	15	-1	8.18	8.18
Fixation R	1	7	2329055237	2329219225	163988	941.84	466.19	8	15	-1	8.54	8.54
Saccade L	1	7	2329219225	2329243233	24008	942.78	462.67	898.10	463.61	0.94	60.66	0.42	39.29	2515.02	-2269.96	1680.85
Saccade R	1	7	2329219225	2329243233	24008	942.78	462.67	898.10	463.61	0.94	60.66	0.42	39.29	2515.02	-2269.96	1680.85
Fixation L	1	8	2329243233	2329571351	328118	892.86	467.44	32	21	-1	8.22	8.22
Fixation R	1	8	2329243233	2329571351	328118	892.86	467.44	32	21	-1	8.46	8.46
Saccade L	1	8	2329571351	2329595469	24118	886.95	477.94	935.23	484.22	0.99	64.69	0.42	40.91	2598.82	-2459.72	1761.95
Saccade R	1	8	2329571351	2329595469	24118	886.95	477.94	935.23	484.22	0.99	64.69	0.42	40.91	2598.82	-2459.72	1761.95
Fixation L	1	9	2329595469	2329765464	169995	945.48	476.97	18	14	-1	8.25	8.25
Fixation R	1	9	2329595469	2329765464	169995	945.48	476.97	18	14	-1	8.42	8.42
Saccade L	1	9	2329765464	2329793475	28011	949.68	477.83	1003.34	464.65	1.16	66.88	0.43	41.59	2798.73	-2558.45	1910.09
Saccade R	1	9	2329765464	2329793475	28011	949.68	477.83	1003.34	464.65	1.16	66.88	0.43	41.59	2798.73	-2558.45	1910.09
Fixation L	1	10	2329793475	2329997575	204100	1006.89	462.58	17	24	-1	8.20	8.20
Fixation R	1	10	2329793475	2329997575	204100	1006.89	462.58	17	24	-1	8.45	8.45
Saccade L	1	10	2329997575	2330026521	28946	1002.70	468.58	1081.01	470.61	1.85	115.63	0.48	63.83	4734.74	-4592.58	3334.87
Saccade R	1	10	2329997575	2330026521	28946	1002.70	468.58	1081.01	470.61	1.85	115.63	0.48	63.83	4734.74	-4592.58	3334.87
Fixation L	1	11	2330026521	2330113661	87140	1094.00	469.85	37	11	-1	8.17	8.17
Fixation R	1	11	2330026521	2330113661	87140	1094.00	469.85	37	11	-1	8.34	8.34
Blink L	1	1	2330117696	2330325713	208017
Blink R	1	1	2330117696	2330325713	208017
Blink L	1	2	2330325713	2330489319	163606
Saccade R	1	11	2330325713	2330357705	31992	0.00	0.00	918.47	1047.57	18.02	1371.46	0.25	563.15	30882.16	-28002.32	14897.30
Saccade L	1	11	2330489319	2330516058	26739	954.97	912.97	948.05	867.52	0.95	51.20	0.47	35.42	-110.96	-3762.95	1304.23
Saccade R	1	12	2330489319	2330516058	26739	954.97	912.97	948.05	867.52	0.95	51.20	0.47	35.42	-110.96	-3762.95	1304.23
Fixation L	1	12	2330516058	2331500283	984225	900.84	939.43	71	103	-1	8.79	8.79
Fixation R	1	12	2330516058	2331500283	984225	900.84	939.43	71	103	-1	9.24	9.24
