[BeGaze]
Converted from:	C:\Program Files\SMI\Experiment Suite 360\Experiment Center 2\Results\RC-Attachment-Exp\P24-eye_data.idf
Date:	18.03.2012 20:19:45
Version:	BeGaze 3.0.181
Sample Rate:	500
Subject:	P24
Description:	Run29

Table Header for Fixations:
Event Type	Trial	Number	Start	End	Duration	Location X	Location Y	Dispersion X	Dispersion Y	Plane	Avg. Pupil Size X	Avg. Pupil Size Y

Table Header for Saccades:
Event Type	Trial	Number	Start	End	Duration	Start Loc.X	Start Loc.Y	End Loc.X	End Loc.Y	Amplitude	Peak Speed	Peak Speed At	Average Speed	Peak Accel.	Peak Decel.	Average Accel.

Table Header for Blinks:
Event Type	Trial	Number	Start	End	Duration

Table Header for User Events:
Event Type	Trial	Number	Start	Description

UserEvent	1	1	10402198465	# Message: Questionnaire23.jpg
Fixation L	1	1	10402199267	10402588116	388849	860.60	967.92	33	24	-1	15.06	15.06
Fixation R	1	1	10402199267	10402588116	388849	860.60	967.92	33	24	-1	13.84	13.84
Saccade L	1	1	10402588116	10402664534	76418	880.90	954.88	482.87	380.71	16.65	393.57	0.24	217.87	16742.21	-8895.03	7616.21
Saccade R	1	1	10402588116	10402664534	76418	880.90	954.88	482.87	380.71	16.65	393.57	0.24	217.87	16742.21	-8895.03	7616.21
Fixation L	1	2	10402664534	10402756259	91725	486.22	392.53	22	17	-1	14.86	14.86
Fixation R	1	2	10402664534	10402756259	91725	486.22	392.53	22	17	-1	13.53	13.53
Saccade L	1	2	10402756259	10402792294	36035	498.60	397.90	422.89	348.42	2.18	118.77	0.39	60.53	4430.45	-4252.41	3017.73
Saccade R	1	2	10402756259	10402792294	36035	498.60	397.90	422.89	348.42	2.18	118.77	0.39	60.53	4430.45	-4252.41	3017.73
Fixation L	1	3	10402792294	10402916235	123941	420.35	348.23	12	7	-1	14.81	14.81
Fixation R	1	3	10402792294	10402916235	123941	420.35	348.23	12	7	-1	13.43	13.43
Saccade L	1	3	10402916235	10402960233	43998	427.18	350.34	582.34	369.84	3.46	183.42	0.36	78.66	7577.74	-6740.59	4555.54
Saccade R	1	3	10402916235	10402960233	43998	427.18	350.34	582.34	369.84	3.46	183.42	0.36	78.66	7577.74	-6740.59	4555.54
Fixation L	1	4	10402960233	10403056379	96146	592.59	360.39	16	13	-1	14.60	14.60
Fixation R	1	4	10402960233	10403056379	96146	592.59	360.39	16	13	-1	13.62	13.62
Blink L	1	1	10403056379	10403122374	65995
Blink R	1	1	10403056379	10403122374	65995
Fixation L	1	5	10403244569	10403378912	134343	710.00	371.83	17	21	-1	15.19	15.19
Fixation R	1	5	10403244569	10403378912	134343	710.00	371.83	17	21	-1	14.20	14.20
Saccade L	1	4	10403378912	10403406608	27696	715.46	371.98	761.56	387.81	1.01	54.82	0.44	36.48	1815.23	-2049.05	1412.13
Saccade R	1	4	10403378912	10403406608	27696	715.46	371.98	761.56	387.81	1.01	54.82	0.44	36.48	1815.23	-2049.05	1412.13
Fixation L	1	6	10403406608	10403594614	188006	756.99	391.93	15	15	-1	15.75	15.75
Fixation R	1	6	10403406608	10403594614	188006	756.99	391.93	15	15	-1	14.63	14.63
Saccade L	1	5	10403594614	10403626592	31978	754.90	394.69	670.18	395.60	1.76	87.96	0.44	55.10	3720.15	-3503.16	2737.97
Saccade R	1	5	10403594614	10403626592	31978	754.90	394.69	670.18	395.60	1.76	87.96	0.44	55.10	3720.15	-3503.16	2737.97
Fixation L	1	7	10403626592	10403910705	284113	674.10	397.06	26	30	-1	15.59	15.59
Fixation R	1	7	10403626592	10403910705	284113	674.10	397.06	26	30	-1	10.39	10.39
Saccade L	1	6	10403910705	10403948701	37996	662.40	405.58	794.81	396.63	3.02	187.32	0.37	79.57	7730.57	-6744.82	4746.89
Blink R	1	2	10403910705	10404152820	242115
Fixation L	1	8	10403948701	10404097640	148939	794.24	403.87	17	15	-1	15.67	15.67
Saccade L	1	7	10404097640	10404152820	55180	799.55	402.29	456.97	476.09	7.81	259.70	0.31	141.54	11353.36	-7684.75	6789.22
Fixation L	1	9	10404152820	10404220821	68001	444.45	473.26	20	9	-1	15.94	15.94
Fixation R	1	8	10404152820	10404220821	68001	444.45	473.26	20	9	-1	0.00	0.00
Blink L	1	2	10404220821	10404845044	624223
Blink R	1	3	10404220821	10404845044	624223
Fixation L	1	10	10404845044	10405128363	283319	392.05	478.04	27	10	-1	16.25	16.25
Fixation R	1	9	10404845044	10405128363	283319	392.05	478.04	27	10	-1	14.89	14.89
Saccade L	1	8	10405128363	10405175816	47453	387.19	477.76	525.34	388.76	3.86	157.99	0.36	81.27	6813.02	-4535.32	3881.80
Saccade R	1	6	10405128363	10405175816	47453	387.19	477.76	525.34	388.76	3.86	157.99	0.36	81.27	6813.02	-4535.32	3881.80
Fixation L	1	11	10405175816	10405434361	258545	506.67	378.97	27	28	-1	16.14	16.14
Fixation R	1	10	10405175816	10405434361	258545	506.67	378.97	27	28	-1	14.86	14.86
UserEvent	1	79	10405283010	# Message: UE-mouseclick left x=354 y=469
Fixation L	1	12	10405455535	10405607396	151861	458.67	375.97	17	20	-1	16.17	16.17
Fixation R	1	11	10405455535	10405607396	151861	458.67	375.97	17	20	-1	14.70	14.70
Saccade L	1	9	10405607396	10405645470	38074	460.07	386.35	619.14	377.67	3.53	182.47	0.40	92.82	7851.51	-7172.85	5289.91
Saccade R	1	7	10405607396	10405645470	38074	460.07	386.35	619.14	377.67	3.53	182.47	0.40	92.82	7851.51	-7172.85	5289.91
Fixation L	1	13	10405645470	10405768121	122651	622.62	374.73	13	11	-1	16.06	16.06
Fixation R	1	12	10405645470	10405768121	122651	622.62	374.73	13	11	-1	15.00	15.00
Saccade L	1	10	10405768121	10405813520	45399	628.74	379.11	395.26	492.69	5.74	246.77	0.40	126.53	11063.20	-9272.44	7130.33
Saccade R	1	8	10405768121	10405813520	45399	628.74	379.11	395.26	492.69	5.74	246.77	0.40	126.53	11063.20	-9272.44	7130.33
Fixation L	1	14	10405813520	10406103726	290206	385.18	487.96	52	37	-1	16.40	16.40
Fixation R	1	13	10405813520	10406103726	290206	385.18	487.96	52	37	-1	14.88	14.88
Saccade L	1	11	10406103726	10406129641	25915	378.30	457.11	361.30	504.97	1.01	59.00	0.46	39.06	1672.57	-1641.94	1192.72
Saccade R	1	9	10406103726	10406129641	25915	378.30	457.11	361.30	504.97	1.01	59.00	0.46	39.06	1672.57	-1641.94	1192.72
Saccade L	1	12	10406147664	10406181649	33985	363.05	505.29	380.62	464.71	1.27	58.92	0.23	37.36	1297.98	-1679.57	1089.37
Saccade R	1	10	10406147664	10406181649	33985	363.05	505.29	380.62	464.71	1.27	58.92	0.23	37.36	1297.98	-1679.57	1089.37
Fixation L	1	15	10406181649	10406874034	692385	383.89	479.10	21	30	-1	15.99	15.99
Fixation R	1	14	10406181649	10406874034	692385	383.89	479.10	21	30	-1	14.95	14.95
UserEvent	1	111	10406523138	# Message: UE-mouseclick left x=364 y=473
UserEvent	1	120	10406859015	# Message: UE-mouseclick left x=376 y=517
Saccade L	1	13	10406874034	10406906093	32059	381.95	469.75	398.45	536.44	1.81	98.45	0.59	56.55	4037.38	-4000.44	2885.90
Saccade R	1	11	10406874034	10406906093	32059	381.95	469.75	398.45	536.44	1.81	98.45	0.59	56.55	4037.38	-4000.44	2885.90
