[BeGaze]
Converted from:	C:\Program Files\SMI\Experiment Suite 360\Experiment Center 2\Results\RC-Attachment-Exp\P10-eye_data.idf
Date:	18.03.2012 20:08:17
Version:	BeGaze 3.0.181
Sample Rate:	500
Subject:	P10
Description:	Run15

Table Header for Fixations:
Event Type	Trial	Number	Start	End	Duration	Location X	Location Y	Dispersion X	Dispersion Y	Plane	Avg. Pupil Size X	Avg. Pupil Size Y

Table Header for Saccades:
Event Type	Trial	Number	Start	End	Duration	Start Loc.X	Start Loc.Y	End Loc.X	End Loc.Y	Amplitude	Peak Speed	Peak Speed At	Average Speed	Peak Accel.	Peak Decel.	Average Accel.

Table Header for Blinks:
Event Type	Trial	Number	Start	End	Duration

Table Header for User Events:
Event Type	Trial	Number	Start	Description

UserEvent	1	1	8353497984	# Message: Questionnaire10.jpg
Fixation L	1	1	8353508582	8353880782	372200	909.17	922.32	29	35	-1	10.26	10.26
Fixation R	1	1	8353508582	8353880782	372200	909.17	922.32	29	35	-1	10.28	10.28
Saccade L	1	1	8353880782	8353962923	82141	910.10	931.15	440.13	344.76	18.01	527.67	0.42	219.27	20767.86	-19175.60	11333.69
Saccade R	1	1	8353880782	8353962923	82141	910.10	931.15	440.13	344.76	18.01	527.67	0.42	219.27	20767.86	-19175.60	11333.69
Fixation L	1	2	8353962923	8354191028	228105	453.66	356.44	23	25	-1	10.40	10.40
Fixation R	1	2	8353962923	8354191028	228105	453.66	356.44	23	25	-1	10.17	10.17
Saccade L	1	2	8354191028	8354239035	48007	444.53	364.24	563.30	362.09	2.75	146.32	0.50	57.28	5905.72	-5624.00	3485.02
Saccade R	1	2	8354191028	8354239035	48007	444.53	364.24	563.30	362.09	2.75	146.32	0.50	57.28	5905.72	-5624.00	3485.02
Saccade L	1	3	8354239035	8354269026	29991	563.30	362.09	611.44	368.89	1.09	66.96	0.75	36.25	1902.29	-705.91	884.91
Saccade R	1	3	8354239035	8354269026	29991	563.30	362.09	611.44	368.89	1.09	66.96	0.75	36.25	1902.29	-705.91	884.91
Saccade L	1	4	8354269026	8354309653	40627	611.44	368.89	561.55	375.11	1.10	47.25	0.25	27.16	396.74	-1363.08	761.35
Saccade R	1	4	8354269026	8354309653	40627	611.44	368.89	561.55	375.11	1.10	47.25	0.25	27.16	396.74	-1363.08	761.35
Fixation L	1	3	8354309653	8354371024	61371	562.96	365.63	5	15	-1	10.51	10.51
Fixation R	1	3	8354309653	8354371024	61371	562.96	365.63	5	15	-1	10.43	10.43
Saccade L	1	5	8354371024	8354413035	42011	564.60	359.71	636.70	368.45	2.03	117.60	0.67	48.36	4399.94	-4036.33	2687.41
Saccade R	1	5	8354371024	8354413035	42011	564.60	359.71	636.70	368.45	2.03	117.60	0.67	48.36	4399.94	-4036.33	2687.41
Fixation L	1	4	8354413035	8354669131	256096	656.63	359.34	35	28	-1	10.74	10.74
Fixation R	1	4	8354413035	8354669131	256096	656.63	359.34	35	28	-1	10.73	10.73
Saccade L	1	6	8354669131	8354715132	46001	667.74	346.68	761.66	358.23	2.17	115.13	0.30	47.24	4571.52	-3907.10	2612.98
Saccade R	1	6	8354669131	8354715132	46001	667.74	346.68	761.66	358.23	2.17	115.13	0.30	47.24	4571.52	-3907.10	2612.98
Fixation L	1	5	8354715132	8355065711	350579	767.38	365.80	35	35	-1	11.11	11.11
Fixation R	1	5	8354715132	8355065711	350579	767.38	365.80	35	35	-1	11.10	11.10
Saccade L	1	7	8355065711	8355095380	29669	747.01	369.41	768.82	338.15	0.73	40.72	0.39	24.56	882.97	-1394.80	850.49
Saccade R	1	7	8355065711	8355095380	29669	747.01	369.41	768.82	338.15	0.73	40.72	0.39	24.56	882.97	-1394.80	850.49
Fixation L	1	6	8355095380	8355259498	164118	770.53	360.42	14	36	-1	11.47	11.47
Fixation R	1	6	8355095380	8355259498	164118	770.53	360.42	14	36	-1	11.35	11.35
Saccade L	1	8	8355259498	8355311822	52324	767.11	375.20	607.79	369.27	4.03	223.41	0.31	76.99	9552.80	-9080.55	4865.41
Saccade R	1	8	8355259498	8355311822	52324	767.11	375.20	607.79	369.27	4.03	223.41	0.31	76.99	9552.80	-9080.55	4865.41
Fixation L	1	7	8355311822	8355467492	155670	615.80	353.86	20	26	-1	11.74	11.74
Fixation R	1	7	8355311822	8355467492	155670	615.80	353.86	20	26	-1	11.56	11.56
Saccade L	1	9	8355467492	8355497496	30004	636.73	362.51	531.59	371.12	1.81	140.05	0.67	60.17	5083.51	-4941.11	3231.66
Saccade R	1	9	8355467492	8355497496	30004	636.73	362.51	531.59	371.12	1.81	140.05	0.67	60.17	5083.51	-4941.11	3231.66
Saccade L	1	10	8355525493	8355577622	52129	546.23	378.68	535.03	363.90	1.12	50.30	0.28	21.48	1737.38	-1652.95	773.96
Saccade R	1	10	8355525493	8355577622	52129	546.23	378.68	535.03	363.90	1.12	50.30	0.28	21.48	1737.38	-1652.95	773.96
Fixation L	1	8	8355577622	8355751622	174000	540.58	361.82	26	25	-1	12.08	12.08
Fixation R	1	8	8355577622	8355751622	174000	540.58	361.82	26	25	-1	11.75	11.75
Saccade L	1	11	8355751622	8355791614	39992	527.89	360.06	644.26	355.56	2.45	132.28	0.30	61.39	5575.15	-5148.74	3616.16
Saccade R	1	11	8355751622	8355791614	39992	527.89	360.06	644.26	355.56	2.45	132.28	0.30	61.39	5575.15	-5148.74	3616.16
Fixation L	1	9	8355791614	8356111852	320238	639.08	358.28	29	43	-1	12.28	12.28
Fixation R	1	9	8355791614	8356111852	320238	639.08	358.28	29	43	-1	12.03	12.03
Saccade L	1	12	8356111852	8356155856	44004	637.05	336.80	713.11	353.94	1.83	104.63	0.42	41.62	4112.14	-3853.98	2527.95
Saccade R	1	12	8356111852	8356155856	44004	637.05	336.80	713.11	353.94	1.83	104.63	0.42	41.62	4112.14	-3853.98	2527.95
Fixation L	1	10	8356155856	8356362404	206548	714.82	365.48	20	32	-1	12.40	12.40
Fixation R	1	10	8356155856	8356362404	206548	714.82	365.48	20	32	-1	12.15	12.15
Saccade L	1	13	8356362404	8356394632	32228	718.30	350.11	439.26	375.46	6.95	415.77	0.55	215.70	17568.69	-16055.33	12115.94
Saccade R	1	13	8356362404	8356394632	32228	718.30	350.11	439.26	375.46	6.95	415.77	0.55	215.70	17568.69	-16055.33	12115.94
Fixation L	1	11	8356408482	8356668093	259611	443.69	356.44	32	35	-1	12.53	12.53
Fixation R	1	11	8356408482	8356668093	259611	443.69	356.44	32	35	-1	12.16	12.16
Saccade L	1	14	8356668093	8356726090	57997	438.06	341.34	544.82	390.01	4.29	197.59	0.31	73.89	8293.11	-5666.64	3733.04
Saccade R	1	14	8356668093	8356726090	57997	438.06	341.34	544.82	390.01	4.29	197.59	0.31	73.89	8293.11	-5666.64	3733.04
Fixation L	1	12	8356726090	8356798089	71999	557.61	365.85	23	43	-1	12.62	12.62
Fixation R	1	12	8356726090	8356798089	71999	557.61	365.85	23	43	-1	12.18	12.18
Saccade L	1	15	8356856214	8356890269	34055	563.64	354.80	562.26	358.47	1.41	119.81	0.59	41.32	3636.43	-2498.25	1684.74
Saccade R	1	15	8356856214	8356890269	34055	563.64	354.80	562.26	358.47	1.41	119.81	0.59	41.32	3636.43	-2498.25	1684.74
Fixation L	1	13	8356910233	8356981075	70842	555.28	361.03	24	11	-1	12.48	12.48
Fixation R	1	13	8356910233	8356981075	70842	555.28	361.03	24	11	-1	12.17	12.17
Saccade L	1	16	8356981075	8357008211	27136	553.11	353.65	407.06	478.51	3.94	282.68	0.48	145.22	12121.09	-11610.36	8613.24
Saccade R	1	16	8356981075	8357008211	27136	553.11	353.65	407.06	478.51	3.94	282.68	0.48	145.22	12121.09	-11610.36	8613.24
Fixation L	1	14	8357008211	8357175220	167009	415.12	468.20	13	17	-1	12.61	12.61
Fixation R	1	14	8357008211	8357175220	167009	415.12	468.20	13	17	-1	12.29	12.29
Saccade L	1	17	8357175220	8357200378	25158	416.61	474.29	393.79	455.55	0.65	46.30	0.50	25.67	1809.17	-1607.09	1234.17
Saccade R	1	17	8357175220	8357200378	25158	416.61	474.29	393.79	455.55	0.65	46.30	0.50	25.67	1809.17	-1607.09	1234.17
Fixation L	1	15	8357200378	8357342533	142155	390.69	465.09	22	29	-1	12.73	12.73
Fixation R	1	15	8357200378	8357342533	142155	390.69	465.09	22	29	-1	12.43	12.43
Fixation L	1	16	8357564500	8357642453	77953	395.45	475.01	43	29	-1	12.85	12.85
Fixation R	1	16	8357564500	8357642453	77953	395.45	475.01	43	29	-1	12.60	12.60
Saccade L	1	18	8357642453	8357678444	35991	387.64	482.64	427.28	481.24	1.00	49.61	0.61	27.84	1808.32	-1170.63	957.18
Saccade R	1	18	8357642453	8357678444	35991	387.64	482.64	427.28	481.24	1.00	49.61	0.61	27.84	1808.32	-1170.63	957.18
Fixation L	1	17	8357678444	8357820585	142141	395.52	473.95	44	17	-1	12.88	12.88
Fixation R	1	17	8357678444	8357820585	142141	395.52	473.95	44	17	-1	12.45	12.45
Saccade L	1	19	8357820585	8357849285	28700	391.82	477.57	382.59	571.79	2.13	177.17	0.42	74.18	6472.72	-4333.13	3448.18
Saccade R	1	19	8357820585	8357849285	28700	391.82	477.57	382.59	571.79	2.13	177.17	0.42	74.18	6472.72	-4333.13	3448.18
UserEvent	1	112	8357842227	# Message: UE-mouseclick left x=370 y=438
Saccade L	1	20	8357937370	8357989625	52255	375.22	474.25	384.86	428.20	1.43	47.27	0.48	27.39	1208.48	-1440.11	858.38
Saccade R	1	20	8357937370	8357989625	52255	375.22	474.25	384.86	428.20	1.43	47.27	0.48	27.39	1208.48	-1440.11	858.38
Saccade L	1	21	8358024781	8358062696	37915	385.05	433.07	344.59	495.51	1.83	111.28	0.37	48.29	4254.00	-3621.18	2398.95
Saccade R	1	21	8358024781	8358062696	37915	385.05	433.07	344.59	495.51	1.83	111.28	0.37	48.29	4254.00	-3621.18	2398.95
Saccade L	1	22	8358062696	8358097366	34670	344.59	495.51	398.17	530.80	1.38	80.24	0.60	39.69	2678.55	-1580.92	1362.96
Saccade R	1	22	8358062696	8358097366	34670	344.59	495.51	398.17	530.80	1.38	80.24	0.60	39.69	2678.55	-1580.92	1362.96
Saccade L	1	23	8358097366	8358142694	45328	398.17	530.80	361.78	554.94	1.90	73.04	0.61	41.99	1645.51	-1615.81	824.41
Saccade R	1	23	8358097366	8358142694	45328	398.17	530.80	361.78	554.94	1.90	73.04	0.61	41.99	1645.51	-1615.81	824.41
Saccade L	1	24	8358142694	8358184159	41465	361.78	554.94	417.29	534.56	1.31	53.01	0.34	31.59	1053.34	-1641.02	927.54
Saccade R	1	24	8358142694	8358184159	41465	361.78	554.94	417.29	534.56	1.31	53.01	0.34	31.59	1053.34	-1641.02	927.54
Fixation L	1	18	8358184159	8358395433	211274	419.70	538.77	52	31	-1	12.70	12.70
Fixation R	1	18	8358184159	8358395433	211274	419.70	538.77	52	31	-1	12.37	12.37
Saccade L	1	25	8358395433	8358426804	31371	416.44	523.05	438.99	566.58	1.00	57.19	0.36	31.99	2058.50	-2275.65	1534.22
Saccade R	1	25	8358395433	8358426804	31371	416.44	523.05	438.99	566.58	1.00	57.19	0.36	31.99	2058.50	-2275.65	1534.22
Fixation L	1	19	8358426804	8358887093	460289	439.65	564.14	25	52	-1	12.43	12.43
Fixation R	1	19	8358426804	8358887093	460289	439.65	564.14	25	52	-1	12.18	12.18
UserEvent	1	136	8358768864	# Message: UE-mouseclick left x=412 y=538
