[BeGaze]
Converted from:	C:\Program Files\SMI\Experiment Suite 360\Experiment Center 2\Results\RC-Attachment-Exp\P11-eye_data.idf
Date:	18.03.2012 20:09:03
Version:	BeGaze 3.0.181
Sample Rate:	500
Subject:	P11
Description:	Run16

Table Header for Fixations:
Event Type	Trial	Number	Start	End	Duration	Location X	Location Y	Dispersion X	Dispersion Y	Plane	Avg. Pupil Size X	Avg. Pupil Size Y

Table Header for Saccades:
Event Type	Trial	Number	Start	End	Duration	Start Loc.X	Start Loc.Y	End Loc.X	End Loc.Y	Amplitude	Peak Speed	Peak Speed At	Average Speed	Peak Accel.	Peak Decel.	Average Accel.

Table Header for Blinks:
Event Type	Trial	Number	Start	End	Duration

Table Header for User Events:
Event Type	Trial	Number	Start	Description

UserEvent	1	1	10532453805	# Message: Dist-srthm-27.jpg
Fixation L	1	1	10532456934	10532594176	137242	509.67	420.92	24	28	-1	13.05	13.05
Fixation R	1	1	10532456934	10532594176	137242	509.67	420.92	24	28	-1	12.29	12.29
Saccade L	1	1	10532594176	10532658165	63989	504.31	417.17	502.83	409.80	1.94	45.94	0.44	30.33	930.63	-1348.07	524.77
Saccade R	1	1	10532594176	10532658165	63989	504.31	417.17	502.83	409.80	1.94	45.94	0.44	30.33	930.63	-1348.07	524.77
Fixation L	1	2	10532658165	10532758167	100002	511.49	421.50	21	27	-1	12.87	12.87
Fixation R	1	2	10532658165	10532758167	100002	511.49	421.50	21	27	-1	12.10	12.10
Saccade L	1	2	10532758167	10532786186	28019	520.03	419.43	570.75	411.64	1.09	58.97	0.36	38.83	2363.79	-2104.38	1589.51
Saccade R	1	2	10532758167	10532786186	28019	520.03	419.43	570.75	411.64	1.09	58.97	0.36	38.83	2363.79	-2104.38	1589.51
Fixation L	1	3	10532786186	10533200400	414214	582.00	420.05	87	34	-1	12.76	12.76
Fixation R	1	3	10532786186	10533200400	414214	582.00	420.05	87	34	-1	12.09	12.09
Saccade L	1	3	10533200400	10533230418	30018	641.13	425.00	714.18	423.29	1.59	96.74	0.47	53.05	3429.76	-3589.30	2515.50
Saccade R	1	3	10533200400	10533230418	30018	641.13	425.00	714.18	423.29	1.59	96.74	0.47	53.05	3429.76	-3589.30	2515.50
Fixation L	1	4	10533230418	10533440519	210101	723.24	445.80	45	40	-1	13.26	13.26
Fixation R	1	4	10533230418	10533440519	210101	723.24	445.80	45	40	-1	12.69	12.69
Saccade L	1	4	10533440519	10533474521	34002	729.20	456.62	820.55	451.41	1.90	96.53	0.47	55.95	3939.60	-3600.82	2743.62
Saccade R	1	4	10533440519	10533474521	34002	729.20	456.62	820.55	451.41	1.90	96.53	0.47	55.95	3939.60	-3600.82	2743.62
Fixation L	1	5	10533474521	10533672661	198140	813.15	440.69	26	26	-1	13.55	13.55
Fixation R	1	5	10533474521	10533672661	198140	813.15	440.69	26	26	-1	12.85	12.85
Saccade L	1	5	10533672661	10533708643	35982	816.65	425.97	750.56	427.08	1.50	71.17	0.44	41.55	2572.93	-2364.84	1811.44
Saccade R	1	5	10533672661	10533708643	35982	816.65	425.97	750.56	427.08	1.50	71.17	0.44	41.55	2572.93	-2364.84	1811.44
Fixation L	1	6	10533708643	10533858637	149994	754.17	433.27	14	16	-1	13.77	13.77
Fixation R	1	6	10533708643	10533858637	149994	754.17	433.27	14	16	-1	13.05	13.05
Saccade L	1	6	10533858637	10533885594	26957	755.97	431.19	824.58	423.27	1.48	88.07	0.52	54.99	3611.02	-3424.76	2610.40
Saccade R	1	6	10533858637	10533885594	26957	755.97	431.19	824.58	423.27	1.48	88.07	0.52	54.99	3611.02	-3424.76	2610.40
Fixation L	1	7	10533885594	10534088760	203166	817.04	432.21	24	21	-1	14.04	14.04
Fixation R	1	7	10533885594	10534088760	203166	817.04	432.21	24	21	-1	13.17	13.17
Saccade L	1	7	10534088760	10534126774	38014	821.93	432.31	920.07	434.10	2.13	87.12	0.32	55.95	3573.79	-2826.35	2352.59
Saccade R	1	7	10534088760	10534126774	38014	821.93	432.31	920.07	434.10	2.13	87.12	0.32	55.95	3573.79	-2826.35	2352.59
Fixation L	1	8	10534126774	10534178879	52105	918.82	437.47	10	7	-1	14.13	14.13
Fixation R	1	8	10534126774	10534178879	52105	918.82	437.47	10	7	-1	13.33	13.33
Saccade L	1	8	10534178879	10534203013	24134	913.44	438.48	995.53	434.70	1.70	122.09	0.49	70.46	4963.04	-4811.44	3487.00
Saccade R	1	8	10534178879	10534203013	24134	913.44	438.48	995.53	434.70	1.70	122.09	0.49	70.46	4963.04	-4811.44	3487.00
Fixation L	1	9	10534203013	10534505002	301989	995.64	439.95	34	29	-1	14.04	14.04
Fixation R	1	9	10534203013	10534505002	301989	995.64	439.95	34	29	-1	13.23	13.23
Saccade L	1	9	10534505002	10534529023	24021	1011.40	454.24	1085.15	453.07	1.55	112.40	0.42	64.58	4623.90	-4601.73	3220.21
Saccade R	1	9	10534505002	10534529023	24021	1011.40	454.24	1085.15	453.07	1.55	112.40	0.42	64.58	4623.90	-4601.73	3220.21
Fixation L	1	10	10534529023	10534745119	216096	1094.78	444.15	27	38	-1	13.68	13.68
Fixation R	1	10	10534529023	10534745119	216096	1094.78	444.15	27	38	-1	13.00	13.00
Saccade L	1	10	10534745119	10534781120	36001	1082.46	440.03	1153.82	435.15	1.61	74.72	0.33	44.66	3050.06	-2477.09	1968.20
Saccade R	1	10	10534745119	10534781120	36001	1082.46	440.03	1153.82	435.15	1.61	74.72	0.33	44.66	3050.06	-2477.09	1968.20
Fixation L	1	11	10534781120	10534847116	65996	1160.03	440.04	11	6	-1	13.59	13.59
Fixation R	1	11	10534781120	10534847116	65996	1160.03	440.04	11	6	-1	13.15	13.15
Saccade L	1	11	10534847116	10534877857	30741	1162.74	440.78	1158.87	444.95	10.50	408.13	0.41	341.51	19751.75	-19212.38	15303.08
Saccade R	1	11	10534847116	10534877857	30741	1162.74	440.78	1158.87	444.95	10.50	408.13	0.41	341.51	19751.75	-19212.38	15303.08
Fixation L	1	12	10534877857	10534949118	71261	1164.26	436.44	45	22	-1	13.35	13.35
Fixation R	1	12	10534877857	10534949118	71261	1164.26	436.44	45	22	-1	12.90	12.90
Saccade L	1	12	10534949118	10535013239	64121	1170.43	431.45	971.83	861.79	11.77	356.28	0.31	183.58	15554.77	-10531.96	8461.24
Saccade R	1	12	10534949118	10535013239	64121	1170.43	431.45	971.83	861.79	11.77	356.28	0.31	183.58	15554.77	-10531.96	8461.24
Blink L	1	1	10535121392	10535238650	117258
Blink R	1	1	10535121392	10535238650	117258
Fixation L	1	13	10535238650	10535303360	64710	880.33	430.46	15	16	-1	13.44	13.44
Fixation R	1	13	10535238650	10535303360	64710	880.33	430.46	15	16	-1	12.97	12.97
Saccade L	1	13	10535303360	10535341706	38346	880.92	431.34	910.54	408.53	2.95	149.18	0.66	76.91	4047.99	-5624.39	3338.73
Saccade R	1	13	10535303360	10535341706	38346	880.92	431.34	910.54	408.53	2.95	149.18	0.66	76.91	4047.99	-5624.39	3338.73
Fixation L	1	14	10535341706	10535417503	75797	902.93	400.62	28	21	-1	13.50	13.50
Fixation R	1	14	10535341706	10535417503	75797	902.93	400.62	28	21	-1	12.80	12.80
Saccade L	1	14	10535417503	10535463353	45850	887.89	393.14	927.93	446.27	1.67	59.93	0.65	36.35	1350.95	-1634.90	1014.52
Saccade R	1	14	10535417503	10535463353	45850	887.89	393.14	927.93	446.27	1.67	59.93	0.65	36.35	1350.95	-1634.90	1014.52
Fixation L	1	15	10535497495	10535661479	163984	934.43	446.88	39	31	-1	13.58	13.58
Fixation R	1	15	10535497495	10535661479	163984	934.43	446.88	39	31	-1	12.86	12.86
Saccade L	1	15	10535661479	10535705504	44025	941.27	466.04	781.95	445.58	3.55	151.90	0.73	80.72	3787.93	-5691.44	2219.30
Saccade R	1	15	10535661479	10535705504	44025	941.27	466.04	781.95	445.58	3.55	151.90	0.73	80.72	3787.93	-5691.44	2219.30
Fixation L	1	16	10535775471	10535831597	56126	786.33	437.38	45	21	-1	13.51	13.51
Fixation R	1	16	10535775471	10535831597	56126	786.33	437.38	45	21	-1	12.85	12.85
Blink L	1	2	10535831597	10536173766	342169
Blink R	1	2	10535831597	10536173766	342169
Saccade L	1	16	10536173766	10536223716	49950	0.00	0.00	842.31	933.95	30.96	2514.83	0.24	619.91	31380.29	-93290.61	31436.07
Saccade R	1	16	10536173766	10536223716	49950	0.00	0.00	842.31	933.95	30.96	2514.83	0.24	619.91	31380.29	-93290.61	31436.07
Fixation L	1	17	10536223716	10536284740	61024	838.13	949.66	15	23	-1	13.92	13.92
Fixation R	1	17	10536223716	10536284740	61024	838.13	949.66	15	23	-1	13.85	13.85
Saccade L	1	17	10536284740	10536321583	36843	824.91	952.49	923.68	967.01	2.48	120.40	0.44	67.39	4648.02	-4700.30	3481.65
Saccade R	1	17	10536284740	10536321583	36843	824.91	952.49	923.68	967.01	2.48	120.40	0.44	67.39	4648.02	-4700.30	3481.65
Saccade L	1	18	10536353835	10536384418	30583	917.62	958.68	955.39	986.52	1.15	53.72	0.52	37.66	1724.67	-1834.22	1331.15
Saccade R	1	18	10536353835	10536384418	30583	917.62	958.68	955.39	986.52	1.15	53.72	0.52	37.66	1724.67	-1834.22	1331.15
Saccade L	1	19	10536422318	10536445391	23073	970.22	995.61	878.66	967.57	1.89	164.50	0.33	82.06	4961.37	-6071.54	3481.81
Saccade R	1	19	10536422318	10536445391	23073	970.22	995.61	878.66	967.57	1.89	164.50	0.33	82.06	4961.37	-6071.54	3481.81
Fixation L	1	18	10536445391	10536690180	244789	886.61	965.38	30	19	-1	13.73	13.73
Fixation R	1	18	10536445391	10536690180	244789	886.61	965.38	30	19	-1	13.41	13.41
