[BeGaze]
Converted from:	C:\Program Files\SMI\Experiment Suite 360\Experiment Center 2\Results\RC-Attachment-Exp\P20-eye_data.idf
Date:	18.03.2012 20:15:40
Version:	BeGaze 3.0.181
Sample Rate:	500
Subject:	P20
Description:	Run25

Table Header for Fixations:
Event Type	Trial	Number	Start	End	Duration	Location X	Location Y	Dispersion X	Dispersion Y	Plane	Avg. Pupil Size X	Avg. Pupil Size Y

Table Header for Saccades:
Event Type	Trial	Number	Start	End	Duration	Start Loc.X	Start Loc.Y	End Loc.X	End Loc.Y	Amplitude	Peak Speed	Peak Speed At	Average Speed	Peak Accel.	Peak Decel.	Average Accel.

Table Header for Blinks:
Event Type	Trial	Number	Start	End	Duration

Table Header for User Events:
Event Type	Trial	Number	Start	Description

UserEvent	1	1	19223211811	# Message: Questionnaire13.jpg
Fixation L	1	1	19223213972	19223389069	175097	881.65	1017.29	17	20	-1	13.64	13.64
Fixation R	1	1	19223213972	19223389069	175097	881.65	1017.29	17	20	-1	13.31	13.31
Saccade L	1	1	19223389069	19223449075	60006	881.84	1002.07	854.05	967.21	5.03	166.24	0.57	83.79	3829.63	-5668.08	2778.29
Saccade R	1	1	19223389069	19223449075	60006	881.84	1002.07	854.05	967.21	5.03	166.24	0.57	83.79	3829.63	-5668.08	2778.29
Saccade L	1	2	19223449075	19223475578	26503	854.05	967.21	870.51	1010.36	0.97	59.91	0.46	36.65	499.57	-1994.41	893.88
Saccade R	1	2	19223449075	19223475578	26503	854.05	967.21	870.51	1010.36	0.97	59.91	0.46	36.65	499.57	-1994.41	893.88
Blink L	1	1	19223521266	19223599179	77913
Blink R	1	1	19223521266	19223599179	77913
Saccade L	1	3	19223647168	19223713250	66082	876.86	998.81	538.79	435.65	14.98	499.58	0.24	226.72	21771.65	-12707.47	9979.33
Saccade R	1	3	19223647168	19223713250	66082	876.86	998.81	538.79	435.65	14.98	499.58	0.24	226.72	21771.65	-12707.47	9979.33
Fixation L	1	2	19223713250	19223767162	53912	529.35	423.26	15	21	-1	13.48	13.48
Fixation R	1	2	19223713250	19223767162	53912	529.35	423.26	15	21	-1	13.03	13.03
Saccade L	1	4	19223767162	19223791201	24039	525.11	420.37	520.21	320.66	2.04	156.75	0.59	84.71	6481.85	-5775.84	4294.96
Saccade R	1	4	19223767162	19223791201	24039	525.11	420.37	520.21	320.66	2.04	156.75	0.59	84.71	6481.85	-5775.84	4294.96
Fixation L	1	3	19223791201	19223903306	112105	522.63	339.53	12	27	-1	13.44	13.44
Fixation R	1	3	19223791201	19223903306	112105	522.63	339.53	12	27	-1	12.99	12.99
Saccade L	1	5	19223903306	19223929258	25952	518.89	348.83	425.46	333.48	2.07	154.46	0.46	79.82	5943.97	-5801.91	4159.76
Saccade R	1	5	19223903306	19223929258	25952	518.89	348.83	425.46	333.48	2.07	154.46	0.46	79.82	5943.97	-5801.91	4159.76
Fixation L	1	4	19223929258	19224103392	174134	428.56	332.40	17	27	-1	13.23	13.23
Fixation R	1	4	19223929258	19224103392	174134	428.56	332.40	17	27	-1	12.76	12.76
Saccade L	1	6	19224103392	19224129376	25984	433.30	349.86	556.03	353.16	2.65	193.72	0.54	102.01	7293.47	-7766.94	5408.79
Saccade R	1	6	19224103392	19224129376	25984	433.30	349.86	556.03	353.16	2.65	193.72	0.54	102.01	7293.47	-7766.94	5408.79
Fixation L	1	5	19224129376	19224337368	207992	560.78	351.41	18	18	-1	13.53	13.53
Fixation R	1	5	19224129376	19224337368	207992	560.78	351.41	18	18	-1	13.17	13.17
Saccade L	1	7	19224337368	19224363397	26029	564.98	351.52	684.23	358.42	2.55	190.87	0.54	98.00	7820.92	-7700.72	5557.01
Saccade R	1	7	19224337368	19224363397	26029	564.98	351.52	684.23	358.42	2.55	190.87	0.54	98.00	7820.92	-7700.72	5557.01
Fixation L	1	6	19224363397	19224515517	152120	680.29	365.74	13	15	-1	14.05	14.05
Fixation R	1	6	19224363397	19224515517	152120	680.29	365.74	13	15	-1	13.60	13.60
Saccade L	1	8	19224515517	19224569940	54423	677.32	359.72	412.71	439.85	7.26	314.99	0.33	133.39	13893.70	-12364.25	8404.55
Saccade R	1	8	19224515517	19224569940	54423	677.32	359.72	412.71	439.85	7.26	314.99	0.33	133.39	13893.70	-12364.25	8404.55
Fixation L	1	7	19224569940	19225307869	737929	407.82	446.41	20	43	-1	14.33	14.33
Fixation R	1	7	19224569940	19225307869	737929	407.82	446.41	20	43	-1	14.04	14.04
UserEvent	1	31	19224927713	# Message: UE-mouseclick left x=398 y=430
Saccade L	1	9	19225307869	19225333829	25960	404.84	462.95	407.95	548.63	1.77	120.05	0.54	68.34	4792.17	-4724.33	3448.68
Saccade R	1	9	19225307869	19225333829	25960	404.84	462.95	407.95	548.63	1.77	120.05	0.54	68.34	4792.17	-4724.33	3448.68
Fixation L	1	8	19225333829	19225746967	413138	410.88	531.08	27	28	-1	14.30	14.30
Fixation R	1	8	19225333829	19225746967	413138	410.88	531.08	27	28	-1	13.98	13.98
UserEvent	1	43	19225623660	# Message: UE-mouseclick left x=403 y=529
