[BeGaze]
Converted from:	C:\Program Files\SMI\Experiment Suite 360\Experiment Center 2\Results\RC-Attachment-Exp\P27-eye_data.idf
Date:	18.03.2012 20:22:15
Version:	BeGaze 3.0.181
Sample Rate:	500
Subject:	P27
Description:	Run32

Table Header for Fixations:
Event Type	Trial	Number	Start	End	Duration	Location X	Location Y	Dispersion X	Dispersion Y	Plane	Avg. Pupil Size X	Avg. Pupil Size Y

Table Header for Saccades:
Event Type	Trial	Number	Start	End	Duration	Start Loc.X	Start Loc.Y	End Loc.X	End Loc.Y	Amplitude	Peak Speed	Peak Speed At	Average Speed	Peak Accel.	Peak Decel.	Average Accel.

Table Header for Blinks:
Event Type	Trial	Number	Start	End	Duration

Table Header for User Events:
Event Type	Trial	Number	Start	Description

UserEvent	1	1	13424859900	# Message: Questionnaire8.jpg
Fixation L	1	1	13424863277	13424971898	108621	885.35	918.93	22	16	-1	12.53	12.53
Fixation R	1	1	13424863277	13424971898	108621	885.35	918.93	22	16	-1	13.59	13.59
Fixation L	1	2	13425000505	13425126428	125923	899.83	917.51	10	22	-1	13.03	13.03
Fixation R	1	2	13425000505	13425126428	125923	899.83	917.51	10	22	-1	13.65	13.65
Saccade L	1	1	13425126428	13425186128	59700	904.10	905.59	692.86	718.68	7.65	247.34	0.39	128.08	11101.31	-8457.72	6853.16
Saccade R	1	1	13425126428	13425186128	59700	904.10	905.59	692.86	718.68	7.65	247.34	0.39	128.08	11101.31	-8457.72	6853.16
Saccade L	1	2	13425204124	13425260278	56154	690.76	723.55	489.35	562.58	6.50	273.67	0.32	115.81	11787.48	-9797.12	6330.33
Saccade R	1	2	13425204124	13425260278	56154	690.76	723.55	489.35	562.58	6.50	273.67	0.32	115.81	11787.48	-9797.12	6330.33
Saccade L	1	3	13425290103	13425330137	40034	470.69	542.31	437.83	447.34	2.30	112.70	0.35	57.50	4112.78	-3724.88	2715.03
Saccade R	1	3	13425290103	13425330137	40034	470.69	542.31	437.83	447.34	2.30	112.70	0.35	57.50	4112.78	-3724.88	2715.03
Fixation L	1	3	13425330137	13425380651	50514	436.33	442.75	3	9	-1	13.30	13.30
Fixation R	1	3	13425330137	13425380651	50514	436.33	442.75	3	9	-1	13.79	13.79
Saccade L	1	4	13425380651	13425414220	33569	435.21	441.30	428.36	368.59	1.55	83.28	0.40	46.04	3496.78	-2853.11	2293.47
Saccade R	1	4	13425380651	13425414220	33569	435.21	441.30	428.36	368.59	1.55	83.28	0.40	46.04	3496.78	-2853.11	2293.47
Fixation L	1	4	13425414220	13425718336	304116	431.94	369.82	41	10	-1	12.91	12.91
Fixation R	1	4	13425414220	13425718336	304116	431.94	369.82	41	10	-1	13.61	13.61
Saccade L	1	5	13425718336	13425746340	28004	440.36	371.46	540.39	366.80	2.14	146.37	0.50	76.44	6048.25	-5822.49	4275.44
Saccade R	1	5	13425718336	13425746340	28004	440.36	371.46	540.39	366.80	2.14	146.37	0.50	76.44	6048.25	-5822.49	4275.44
Fixation L	1	5	13425746340	13425952464	206124	551.10	358.12	32	18	-1	12.95	12.95
Fixation R	1	5	13425746340	13425952464	206124	551.10	358.12	32	18	-1	13.83	13.83
Saccade L	1	6	13425952464	13425974596	22132	553.35	351.22	599.57	354.30	0.97	66.99	0.45	43.77	2648.43	-2369.35	1738.78
Saccade R	1	6	13425952464	13425974596	22132	553.35	351.22	599.57	354.30	0.97	66.99	0.45	43.77	2648.43	-2369.35	1738.78
Fixation L	1	6	13425974596	13426324573	349977	613.57	352.18	32	24	-1	13.31	13.31
Fixation R	1	6	13425974596	13426324573	349977	613.57	352.18	32	24	-1	13.95	13.95
Saccade L	1	7	13426324573	13426369791	45218	602.54	343.08	739.23	346.80	3.07	125.72	0.32	67.90	5268.77	-3563.06	3040.73
Saccade R	1	7	13426324573	13426369791	45218	602.54	343.08	739.23	346.80	3.07	125.72	0.32	67.90	5268.77	-3563.06	3040.73
Fixation L	1	7	13426369791	13426478719	108928	740.51	353.48	5	11	-1	13.29	13.29
Fixation R	1	7	13426369791	13426478719	108928	740.51	353.48	5	11	-1	14.13	14.13
Saccade L	1	8	13426478719	13426516690	37971	741.36	355.69	840.74	335.06	2.45	146.02	0.32	64.63	5936.29	-5280.38	3676.79
Saccade R	1	8	13426478719	13426516690	37971	741.36	355.69	840.74	335.06	2.45	146.02	0.32	64.63	5936.29	-5280.38	3676.79
Fixation L	1	8	13426516690	13426634755	118065	835.82	337.71	11	9	-1	13.25	13.25
Fixation R	1	8	13426516690	13426634755	118065	835.82	337.71	11	9	-1	14.09	14.09
Saccade L	1	9	13426634755	13426672720	37965	833.97	342.04	962.31	337.32	2.80	143.15	0.42	73.71	6251.86	-5362.57	4180.50
Saccade R	1	9	13426634755	13426672720	37965	833.97	342.04	962.31	337.32	2.80	143.15	0.42	73.71	6251.86	-5362.57	4180.50
Fixation L	1	9	13426672720	13426906820	234100	968.79	340.29	17	17	-1	12.96	12.96
Fixation R	1	9	13426672720	13426906820	234100	968.79	340.29	17	17	-1	13.90	13.90
Fixation L	1	10	13427004939	13427861651	856712	393.06	477.87	52	55	-1	13.22	13.22
Fixation R	1	10	13427004939	13427861651	856712	393.06	477.87	52	55	-1	13.89	13.89
Blink L	1	1	13427861651	13427893290	31639
Blink R	1	1	13427861651	13427893290	31639
Fixation L	1	11	13427893290	13428091386	198096	389.28	455.40	16	21	-1	13.57	13.57
Fixation R	1	11	13427893290	13428091386	198096	389.28	455.40	16	21	-1	14.20	14.20
Saccade L	1	10	13428091386	13428113386	22000	394.21	452.29	375.32	478.88	0.66	40.83	0.46	30.10	1539.57	-1283.17	1018.11
Saccade R	1	10	13428091386	13428113386	22000	394.21	452.29	375.32	478.88	0.66	40.83	0.46	30.10	1539.57	-1283.17	1018.11
Fixation L	1	12	13428113386	13430118278	2004892	394.17	483.10	38	67	-1	13.98	13.98
Fixation R	1	12	13428113386	13430118278	2004892	394.17	483.10	38	67	-1	14.78	14.78
UserEvent	1	117	13429510166	# Message: UE-mouseclick left x=392 y=467
UserEvent	1	131	13430030165	# Message: UE-mouseclick left x=415 y=532
