[BeGaze]
Converted from:	C:\Program Files\SMI\Experiment Suite 360\Experiment Center 2\Results\RC-Attachment-Exp\P22-eye_data.idf
Date:	18.03.2012 20:17:15
Version:	BeGaze 3.0.181
Sample Rate:	500
Subject:	P22
Description:	Run27

Table Header for Fixations:
Event Type	Trial	Number	Start	End	Duration	Location X	Location Y	Dispersion X	Dispersion Y	Plane	Avg. Pupil Size X	Avg. Pupil Size Y

Table Header for Saccades:
Event Type	Trial	Number	Start	End	Duration	Start Loc.X	Start Loc.Y	End Loc.X	End Loc.Y	Amplitude	Peak Speed	Peak Speed At	Average Speed	Peak Accel.	Peak Decel.	Average Accel.

Table Header for Blinks:
Event Type	Trial	Number	Start	End	Duration

Table Header for User Events:
Event Type	Trial	Number	Start	Description

UserEvent	1	1	2208403617	# Message: Dist-orcop-9.jpg
Fixation L	1	1	2208405833	2208935028	529195	548.88	462.39	37	42	-1	8.25	8.25
Fixation R	1	1	2208405833	2208935028	529195	548.88	462.39	37	42	-1	8.30	8.30
Saccade L	1	1	2208935028	2208957169	22141	528.15	468.22	586.60	464.80	1.22	98.75	0.45	55.21	4000.09	-3805.80	2657.08
Saccade R	1	1	2208935028	2208957169	22141	528.15	468.22	586.60	464.80	1.22	98.75	0.45	55.21	4000.09	-3805.80	2657.08
Fixation L	1	2	2208957169	2209015590	58421	587.95	461.60	9	6	-1	8.24	8.24
Fixation R	1	2	2208957169	2209015590	58421	587.95	461.60	9	6	-1	8.46	8.46
Saccade L	1	2	2209015590	2209040059	24469	583.12	459.62	671.65	457.97	1.85	136.27	0.47	75.69	5593.02	-5657.81	3968.50
Saccade R	1	2	2209015590	2209040059	24469	583.12	459.62	671.65	457.97	1.85	136.27	0.47	75.69	5593.02	-5657.81	3968.50
Fixation L	1	3	2209040059	2209215136	175077	671.75	469.32	14	26	-1	8.55	8.55
Fixation R	1	3	2209040059	2209215136	175077	671.75	469.32	14	26	-1	8.58	8.58
Saccade L	1	3	2209215136	2209239140	24004	676.51	480.54	755.14	473.03	1.64	119.59	0.50	68.18	5020.60	-4821.14	3447.06
Saccade R	1	3	2209215136	2209239140	24004	676.51	480.54	755.14	473.03	1.64	119.59	0.50	68.18	5020.60	-4821.14	3447.06
Fixation L	1	4	2209239140	2209443390	204250	764.40	477.46	20	20	-1	8.56	8.56
Fixation R	1	4	2209239140	2209443390	204250	764.40	477.46	20	20	-1	8.69	8.69
Saccade L	1	4	2209443390	2209467271	23881	763.62	487.46	838.39	481.93	1.56	116.68	0.49	65.35	4853.43	-4614.73	3318.75
Saccade R	1	4	2209443390	2209467271	23881	763.62	487.46	838.39	481.93	1.56	116.68	0.49	65.35	4853.43	-4614.73	3318.75
Fixation L	1	5	2209467271	2209607512	140241	843.16	474.95	14	12	-1	8.45	8.45
Fixation R	1	5	2209467271	2209607512	140241	843.16	474.95	14	12	-1	8.81	8.81
Saccade L	1	5	2209607512	2209637248	29736	846.91	473.21	925.14	475.99	1.67	104.22	0.46	56.32	4350.87	-4129.32	3107.64
Saccade R	1	5	2209607512	2209637248	29736	846.91	473.21	925.14	475.99	1.67	104.22	0.46	56.32	4350.87	-4129.32	3107.64
Fixation L	1	6	2209637248	2210031495	394247	937.48	477.94	40	24	-1	8.41	8.41
Fixation R	1	6	2209637248	2210031495	394247	937.48	477.94	40	24	-1	8.65	8.65
Saccade L	1	6	2210031495	2210057615	26120	948.31	467.67	1014.89	468.95	1.42	99.56	0.50	54.53	4175.74	-3848.62	2831.84
Saccade R	1	6	2210031495	2210057615	26120	948.31	467.67	1014.89	468.95	1.42	99.56	0.50	54.53	4175.74	-3848.62	2831.84
Fixation L	1	7	2210057615	2210301607	243992	1024.65	466.31	21	22	-1	8.53	8.53
Fixation R	1	7	2210057615	2210301607	243992	1024.65	466.31	21	22	-1	8.58	8.58
Saccade L	1	7	2210301607	2210325604	23997	1025.34	456.82	949.70	464.87	1.59	116.92	0.66	66.23	4862.48	-4580.43	3316.37
Saccade R	1	7	2210301607	2210325604	23997	1025.34	456.82	949.70	464.87	1.59	116.92	0.66	66.23	4862.48	-4580.43	3316.37
Fixation L	1	8	2210325604	2210561718	236114	948.08	471.17	28	38	-1	8.69	8.69
Fixation R	1	8	2210325604	2210561718	236114	948.08	471.17	28	38	-1	8.76	8.76
Saccade L	1	8	2210561718	2210605733	44015	950.14	488.35	1076.34	469.09	3.41	196.03	0.64	77.38	7049.24	-7969.11	4541.96
Saccade R	1	8	2210561718	2210605733	44015	950.14	488.35	1076.34	469.09	3.41	196.03	0.64	77.38	7049.24	-7969.11	4541.96
Fixation L	1	9	2210605733	2211392067	786334	944.15	813.27	1102	1154	-1	9.54	9.54
Fixation R	1	9	2210605733	2210783843	178110	1084.87	470.46	28	29	-1	8.81	8.81
Saccade R	1	9	2210783843	2210911921	128078	1102.09	466.13	921.97	903.11	28.49	569.31	0.50	222.44	15739.01	-12899.32	7261.86
Fixation R	1	10	2210911921	2211392067	480146	908.36	946.11	31	72	-1	9.55	9.55
