[BeGaze]
Converted from:	C:\Program Files\SMI\Experiment Suite 360\Experiment Center 2\Results\RC-Attachment-Exp\P03-eye_data.idf
Date:	18.03.2012 20:04:59
Version:	BeGaze 3.0.181
Sample Rate:	500
Subject:	P03
Description:	Run8

Table Header for Fixations:
Event Type	Trial	Number	Start	End	Duration	Location X	Location Y	Dispersion X	Dispersion Y	Plane	Avg. Pupil Size X	Avg. Pupil Size Y

Table Header for Saccades:
Event Type	Trial	Number	Start	End	Duration	Start Loc.X	Start Loc.Y	End Loc.X	End Loc.Y	Amplitude	Peak Speed	Peak Speed At	Average Speed	Peak Accel.	Peak Decel.	Average Accel.

Table Header for Blinks:
Event Type	Trial	Number	Start	End	Duration

Table Header for User Events:
Event Type	Trial	Number	Start	Description

UserEvent	1	1	1357503636	# Message: Questionnaire19.jpg
Fixation L	1	1	1357508923	1357866180	357257	874.51	960.61	35	41	-1	11.09	11.09
Fixation R	1	1	1357508923	1357866180	357257	874.51	960.61	35	41	-1	10.36	10.36
Saccade L	1	1	1357866180	1357947129	80949	883.75	947.22	477.32	483.76	14.16	372.23	0.26	174.97	16556.05	-8207.13	7226.20
Saccade R	1	1	1357866180	1357947129	80949	883.75	947.22	477.32	483.76	14.16	372.23	0.26	174.97	16556.05	-8207.13	7226.20
Fixation L	1	2	1357947129	1358039272	92143	479.32	480.36	7	9	-1	10.27	10.27
Fixation R	1	2	1357947129	1358039272	92143	479.32	480.36	7	9	-1	9.46	9.46
Saccade L	1	2	1358039272	1358091468	52196	479.34	473.71	463.66	388.08	2.18	111.52	0.46	41.82	4450.86	-4354.48	2583.58
Saccade R	1	2	1358039272	1358091468	52196	479.34	473.71	463.66	388.08	2.18	111.52	0.46	41.82	4450.86	-4354.48	2583.58
Fixation L	1	3	1358091468	1358291370	199902	480.68	384.03	23	13	-1	10.02	10.02
Fixation R	1	3	1358091468	1358291370	199902	480.68	384.03	23	13	-1	9.17	9.17
Saccade L	1	3	1358291370	1358323399	32029	478.83	384.56	531.84	372.95	1.11	61.48	0.38	34.72	2361.98	-2367.32	1718.22
Saccade R	1	3	1358291370	1358323399	32029	478.83	384.56	531.84	372.95	1.11	61.48	0.38	34.72	2361.98	-2367.32	1718.22
Saccade L	1	4	1358367397	1358401390	33993	528.60	374.49	670.88	382.23	3.13	182.48	0.53	92.09	7827.35	-7791.73	5748.49
Saccade R	1	4	1358367397	1358401390	33993	528.60	374.49	670.88	382.23	3.13	182.48	0.53	92.09	7827.35	-7791.73	5748.49
Fixation L	1	4	1358401390	1358585488	184098	670.22	385.40	14	6	-1	10.10	10.10
Fixation R	1	4	1358401390	1358585488	184098	670.22	385.40	14	6	-1	9.25	9.25
Saccade L	1	5	1358585488	1358623524	38036	676.44	387.67	772.05	388.58	2.09	119.76	0.47	54.86	5000.95	-4904.64	3470.49
Saccade R	1	5	1358585488	1358623524	38036	676.44	387.67	772.05	388.58	2.09	119.76	0.47	54.86	5000.95	-4904.64	3470.49
Fixation L	1	5	1358623524	1358751499	127975	765.48	386.72	10	3	-1	10.24	10.24
Fixation R	1	5	1358623524	1358751499	127975	765.48	386.72	10	3	-1	9.31	9.31
Saccade L	1	6	1358751499	1358791501	40002	764.76	386.55	878.95	385.57	2.50	119.27	0.45	62.49	5286.66	-5037.59	3734.86
Saccade R	1	6	1358751499	1358791501	40002	764.76	386.55	878.95	385.57	2.50	119.27	0.45	62.49	5286.66	-5037.59	3734.86
Fixation L	1	6	1358791501	1359009590	218089	879.44	387.55	13	10	-1	10.16	10.16
Fixation R	1	6	1358791501	1359009590	218089	879.44	387.55	13	10	-1	9.67	9.67
Saccade L	1	7	1359009590	1359046267	36677	875.11	388.66	823.12	384.18	1.13	53.26	0.49	30.74	2182.58	-2099.85	1551.04
Saccade R	1	7	1359009590	1359046267	36677	875.11	388.66	823.12	384.18	1.13	53.26	0.49	30.74	2182.58	-2099.85	1551.04
Fixation L	1	7	1359046267	1359217725	171458	836.11	377.71	19	16	-1	10.50	10.50
Fixation R	1	7	1359046267	1359217725	171458	836.11	377.71	19	16	-1	9.85	9.85
Saccade L	1	8	1359217725	1359265704	47979	840.66	370.11	1005.24	370.55	3.61	155.46	0.29	75.22	6916.16	-5233.50	4111.11
Saccade R	1	8	1359217725	1359265704	47979	840.66	370.11	1005.24	370.55	3.61	155.46	0.29	75.22	6916.16	-5233.50	4111.11
Fixation L	1	8	1359265704	1359641952	376248	992.30	371.74	31	15	-1	10.53	10.53
Fixation R	1	8	1359265704	1359641952	376248	992.30	371.74	31	15	-1	9.81	9.81
Saccade L	1	9	1359641952	1359677950	35998	977.76	376.41	1080.70	364.12	2.28	136.26	0.44	63.24	5787.65	-5543.08	3976.93
Saccade R	1	9	1359641952	1359677950	35998	977.76	376.41	1080.70	364.12	2.28	136.26	0.44	63.24	5787.65	-5543.08	3976.93
Fixation L	1	9	1359677950	1359815936	137986	1075.83	373.29	13	18	-1	10.72	10.72
Fixation R	1	9	1359677950	1359815936	137986	1075.83	373.29	13	18	-1	9.91	9.91
Saccade L	1	10	1359815936	1359854055	38119	1066.61	382.05	1162.58	379.89	2.06	114.58	0.37	53.99	4759.15	-4528.36	3206.86
Saccade R	1	10	1359815936	1359854055	38119	1066.61	382.05	1162.58	379.89	2.06	114.58	0.37	53.99	4759.15	-4528.36	3206.86
Fixation L	1	10	1359854055	1360056046	201991	1156.12	380.58	16	9	-1	10.62	10.62
Fixation R	1	10	1359854055	1360056046	201991	1156.12	380.58	16	9	-1	9.90	9.90
Saccade L	1	11	1360056046	1360086353	30307	1157.08	383.13	1150.75	383.22	10.17	393.35	0.33	335.41	19489.81	-19467.30	15282.73
Saccade R	1	11	1360056046	1360086353	30307	1157.08	383.13	1150.75	383.22	10.17	393.35	0.33	335.41	19489.81	-19467.30	15282.73
Fixation L	1	11	1360086353	1360154181	67828	1155.11	384.83	7	4	-1	10.51	10.51
Fixation R	1	11	1360086353	1360154181	67828	1155.11	384.83	7	4	-1	9.81	9.81
Saccade L	1	12	1360154181	1360190046	35865	1152.00	386.62	1067.69	386.33	1.84	106.56	0.50	51.31	4382.50	-4392.79	3069.57
Saccade R	1	12	1360154181	1360190046	35865	1152.00	386.62	1067.69	386.33	1.84	106.56	0.50	51.31	4382.50	-4392.79	3069.57
Saccade L	1	13	1360199534	1360232165	32631	1068.53	387.45	1069.86	386.48	8.94	368.25	0.39	273.90	17890.89	-17979.49	14293.70
Saccade R	1	13	1360199534	1360232165	32631	1068.53	387.45	1069.86	386.48	8.94	368.25	0.39	273.90	17890.89	-17979.49	14293.70
Fixation L	1	12	1360232165	1360304161	71996	1073.17	385.07	8	5	-1	10.66	10.66
Fixation R	1	12	1360232165	1360304161	71996	1073.17	385.07	8	5	-1	9.90	9.90
Saccade L	1	14	1360304161	1360344160	39999	1073.12	387.89	1006.79	382.55	1.43	68.85	0.51	35.79	2663.63	-2643.30	1829.48
Saccade R	1	14	1360304161	1360344160	39999	1073.12	387.89	1006.79	382.55	1.43	68.85	0.51	35.79	2663.63	-2643.30	1829.48
Fixation L	1	13	1360344160	1360638275	294115	1012.53	387.68	14	13	-1	10.83	10.83
Fixation R	1	13	1360344160	1360638275	294115	1012.53	387.68	14	13	-1	10.05	10.05
Saccade L	1	15	1360638275	1360682275	44000	1010.26	391.73	909.74	396.54	2.31	119.48	0.41	52.61	4963.97	-4533.39	3132.72
Saccade R	1	15	1360638275	1360682275	44000	1010.26	391.73	909.74	396.54	2.31	119.48	0.41	52.61	4963.97	-4533.39	3132.72
Fixation L	1	14	1360682275	1360756546	74271	905.71	385.18	15	19	-1	10.73	10.73
Fixation R	1	14	1360682275	1360756546	74271	905.71	385.18	15	19	-1	1.07	1.07
Saccade L	1	16	1360756546	1360828394	71848	900.50	382.34	465.59	508.24	10.35	278.50	0.25	144.06	12602.81	-8507.00	6020.97
Blink R	1	1	1360756546	1361102507	345961
Fixation L	1	15	1360828394	1361079253	250859	448.34	501.59	26	12	-1	10.58	10.58
Blink L	1	1	1361079253	1362152966	1073713
Fixation R	1	15	1361102507	1361488614	386107	0.00	0.00	0	0	-1	0.00	0.00
Saccade R	1	16	1361822251	1362152966	330715	0.00	0.00	859.20	389.22	241.95	1828.38	0.95	731.59	69563.26	-69186.91	49016.27
Fixation L	1	16	1362152966	1362205437	52471	857.24	391.27	4	5	-1	10.41	10.41
Fixation R	1	16	1362152966	1362205437	52471	857.24	391.27	4	5	-1	9.72	9.72
Saccade L	1	17	1362205437	1362260967	55530	858.95	389.28	1011.60	378.92	3.52	142.26	0.50	63.35	5773.34	-5632.03	3736.38
Saccade R	1	17	1362205437	1362260967	55530	858.95	389.28	1011.60	378.92	3.52	142.26	0.50	63.35	5773.34	-5632.03	3736.38
Fixation L	1	17	1362260967	1362365077	104110	1011.07	377.71	3	4	-1	10.43	10.43
Fixation R	1	17	1362260967	1362365077	104110	1011.07	377.71	3	4	-1	9.63	9.63
Saccade L	1	18	1362365077	1362457077	92000	1013.69	378.07	414.10	492.27	14.41	296.87	0.22	156.63	13458.98	-8742.03	5252.73
Saccade R	1	18	1362365077	1362457077	92000	1013.69	378.07	414.10	492.27	14.41	296.87	0.22	156.63	13458.98	-8742.03	5252.73
Fixation L	1	18	1362457077	1362803303	346226	410.09	485.74	22	23	-1	10.57	10.57
Fixation R	1	18	1362457077	1362803303	346226	410.09	485.74	22	23	-1	9.64	9.64
Saccade L	1	19	1362803303	1362831312	28009	415.80	474.55	381.25	462.21	0.75	45.25	0.50	26.82	1842.71	-1587.33	1269.82
Saccade R	1	19	1362803303	1362831312	28009	415.80	474.55	381.25	462.21	0.75	45.25	0.50	26.82	1842.71	-1587.33	1269.82
Fixation L	1	19	1362831312	1364091796	1260484	396.37	478.55	56	38	-1	10.29	10.29
Fixation R	1	19	1362831312	1364091796	1260484	396.37	478.55	56	38	-1	9.47	9.47
UserEvent	1	138	1363239677	# Message: UE-mouseclick left x=372 y=472
UserEvent	1	156	1364014205	# Message: UE-mouseclick left x=387 y=517
