[BeGaze]
Converted from:	C:\Program Files\SMI\Experiment Suite 360\Experiment Center 2\Results\RC-Attachment-Exp\P33-eye_data.idf
Date:	18.03.2012 20:29:59
Version:	BeGaze 3.0.181
Sample Rate:	500
Subject:	P33
Description:	Run38

Table Header for Fixations:
Event Type	Trial	Number	Start	End	Duration	Location X	Location Y	Dispersion X	Dispersion Y	Plane	Avg. Pupil Size X	Avg. Pupil Size Y

Table Header for Saccades:
Event Type	Trial	Number	Start	End	Duration	Start Loc.X	Start Loc.Y	End Loc.X	End Loc.Y	Amplitude	Peak Speed	Peak Speed At	Average Speed	Peak Accel.	Peak Decel.	Average Accel.

Table Header for Blinks:
Event Type	Trial	Number	Start	End	Duration

Table Header for User Events:
Event Type	Trial	Number	Start	Description

UserEvent	1	1	3790782741	# Message: RC-nonforced-nonanim-5.jpg
Fixation L	1	1	3790786984	3791120205	333221	496.62	428.18	25	18	-1	11.53	11.53
Fixation R	1	1	3790786984	3791120205	333221	496.62	428.18	25	18	-1	12.02	12.02
Saccade L	1	1	3791120205	3791150231	30026	482.36	434.43	566.40	439.67	1.78	111.84	0.47	59.32	4635.04	-4459.78	3319.33
Saccade R	1	1	3791120205	3791150231	30026	482.36	434.43	566.40	439.67	1.78	111.84	0.47	59.32	4635.04	-4459.78	3319.33
Fixation L	1	2	3791150231	3791276212	125981	567.37	442.80	7	29	-1	11.92	11.92
Fixation R	1	2	3791150231	3791276212	125981	567.37	442.80	7	29	-1	12.56	12.56
Saccade L	1	2	3791276212	3791308471	32259	566.49	463.22	651.23	448.06	1.84	120.41	0.38	56.99	4660.88	-4241.89	3014.64
Saccade R	1	2	3791276212	3791308471	32259	566.49	463.22	651.23	448.06	1.84	120.41	0.38	56.99	4660.88	-4241.89	3014.64
Fixation L	1	3	3791308471	3791496314	187843	662.90	445.72	22	29	-1	11.55	11.55
Fixation R	1	3	3791308471	3791496314	187843	662.90	445.72	22	29	-1	12.33	12.33
Saccade L	1	3	3791496314	3791534302	37988	656.13	435.08	740.05	447.62	1.80	80.42	0.32	47.49	3325.85	-2429.20	2088.23
Saccade R	1	3	3791496314	3791534302	37988	656.13	435.08	740.05	447.62	1.80	80.42	0.32	47.49	3325.85	-2429.20	2088.23
Fixation L	1	4	3791534302	3791720423	186121	753.95	438.90	31	29	-1	11.37	11.37
Fixation R	1	4	3791534302	3791720423	186121	753.95	438.90	31	29	-1	12.06	12.06
Saccade L	1	4	3791720423	3791745235	24812	758.27	422.01	818.11	440.83	1.34	91.11	0.40	54.02	3652.87	-3322.90	2421.22
Saccade R	1	4	3791720423	3791745235	24812	758.27	422.01	818.11	440.83	1.34	91.11	0.40	54.02	3652.87	-3322.90	2421.22
Fixation L	1	5	3791745235	3791970537	225302	822.98	442.81	13	34	-1	11.36	11.36
Fixation R	1	5	3791745235	3791970537	225302	822.98	442.81	13	34	-1	12.00	12.00
Saccade L	1	5	3791970537	3792006620	36083	831.87	430.06	933.64	441.28	2.20	103.31	0.43	60.98	4206.45	-3705.57	2904.11
Saccade R	1	5	3791970537	3792006620	36083	831.87	430.06	933.64	441.28	2.20	103.31	0.43	60.98	4206.45	-3705.57	2904.11
Fixation L	1	6	3792006620	3792242652	236032	935.38	438.69	11	19	-1	11.37	11.37
Fixation R	1	6	3792006620	3792242652	236032	935.38	438.69	11	19	-1	11.75	11.75
Saccade L	1	6	3792242652	3792284654	42002	928.79	449.76	1037.98	423.06	2.44	117.71	0.29	58.00	4489.89	-3428.03	2586.85
Saccade R	1	6	3792242652	3792284654	42002	928.79	449.76	1037.98	423.06	2.44	117.71	0.29	58.00	4489.89	-3428.03	2586.85
Fixation L	1	7	3792284654	3792532783	248129	1048.95	431.98	26	27	-1	11.22	11.22
Fixation R	1	7	3792284654	3792532783	248129	1048.95	431.98	26	27	-1	11.71	11.71
Saccade L	1	7	3792532783	3792568763	35980	1038.61	431.79	1124.42	416.13	1.89	101.41	0.33	52.62	4234.13	-3480.99	2640.32
Saccade R	1	7	3792532783	3792568763	35980	1038.61	431.79	1124.42	416.13	1.89	101.41	0.33	52.62	4234.13	-3480.99	2640.32
Fixation L	1	8	3792568763	3792949004	380241	1134.15	427.78	47	42	-1	11.29	11.29
Fixation R	1	8	3792568763	3792949004	380241	1134.15	427.78	47	42	-1	11.67	11.67
Saccade L	1	8	3792949004	3792972998	23994	1152.50	418.52	1122.36	435.60	0.73	40.81	0.50	30.48	1167.28	-1307.47	876.91
Saccade R	1	8	3792949004	3792972998	23994	1152.50	418.52	1122.36	435.60	0.73	40.81	0.50	30.48	1167.28	-1307.47	876.91
Saccade L	1	9	3792983004	3793063363	80359	1123.04	434.31	873.86	961.95	14.29	257.79	0.56	177.88	10287.08	-9114.01	5253.95
Saccade R	1	9	3792983004	3793063363	80359	1123.04	434.31	873.86	961.95	14.29	257.79	0.56	177.88	10287.08	-9114.01	5253.95
Fixation L	1	9	3793063363	3793567352	503989	882.78	956.38	69	23	-1	11.81	11.81
Fixation R	1	9	3793063363	3793567352	503989	882.78	956.38	69	23	-1	12.35	12.35
