[BeGaze]
Converted from:	C:\Program Files\SMI\Experiment Suite 360\Experiment Center 2\Results\RC-Attachment-Exp\P05-eye_data.idf
Date:	18.03.2012 20:05:42
Version:	BeGaze 3.0.181
Sample Rate:	500
Subject:	P05
Description:	Kibrisli

Table Header for Fixations:
Event Type	Trial	Number	Start	End	Duration	Location X	Location Y	Dispersion X	Dispersion Y	Plane	Avg. Pupil Size X	Avg. Pupil Size Y

Table Header for Saccades:
Event Type	Trial	Number	Start	End	Duration	Start Loc.X	Start Loc.Y	End Loc.X	End Loc.Y	Amplitude	Peak Speed	Peak Speed At	Average Speed	Peak Accel.	Peak Decel.	Average Accel.

Table Header for Blinks:
Event Type	Trial	Number	Start	End	Duration

Table Header for User Events:
Event Type	Trial	Number	Start	Description

UserEvent	1	1	6076021025	# Message: RC-N1forced-anim-3.jpg
Fixation L	1	1	6076022826	6076118813	95987	0.00	0.00	0	0	-1	0.00	0.00
Fixation R	1	1	6076022826	6076118813	95987	0.00	0.00	0	0	-1	0.00	0.00
Fixation L	1	2	6076218961	6076609053	390092	499.36	435.79	22	37	-1	14.95	14.95
Fixation R	1	2	6076218961	6076609053	390092	499.36	435.79	22	37	-1	15.72	15.72
Fixation L	1	3	6076629050	6076885180	256130	545.88	439.47	16	28	-1	14.93	14.93
Fixation R	1	3	6076629050	6076885180	256130	545.88	439.47	16	28	-1	15.67	15.67
Saccade L	1	1	6076885180	6076909177	23997	554.78	452.28	617.46	453.39	1.35	100.14	0.50	56.25	4127.15	-4039.61	2838.72
Saccade R	1	1	6076885180	6076909177	23997	554.78	452.28	617.46	453.39	1.35	100.14	0.50	56.25	4127.15	-4039.61	2838.72
Fixation L	1	4	6076909177	6077099297	190120	624.39	449.89	16	12	-1	14.76	14.76
Fixation R	1	4	6076909177	6077099297	190120	624.39	449.89	16	12	-1	15.49	15.49
Saccade L	1	2	6077099297	6077125289	25992	626.87	443.53	727.16	444.90	2.12	163.20	0.54	81.68	6469.33	-6766.43	4776.05
Saccade R	1	2	6077099297	6077125289	25992	626.87	443.53	727.16	444.90	2.12	163.20	0.54	81.68	6469.33	-6766.43	4776.05
Fixation L	1	5	6077125289	6077239319	114030	731.09	439.06	15	12	-1	14.63	14.63
Fixation R	1	5	6077125289	6077239319	114030	731.09	439.06	15	12	-1	15.37	15.37
Blink L	1	1	6077239319	6077269330	30011
Blink R	1	1	6077239319	6077269330	30011
Fixation L	1	6	6077269330	6077341436	72106	734.57	442.77	7	12	-1	14.75	14.75
Fixation R	1	6	6077269330	6077341436	72106	734.57	442.77	7	12	-1	15.46	15.46
Saccade L	1	3	6077341436	6077365445	24009	731.67	441.85	806.03	454.39	1.66	124.06	0.50	69.31	5137.84	-4950.48	3524.51
Saccade R	1	3	6077341436	6077365445	24009	731.67	441.85	806.03	454.39	1.66	124.06	0.50	69.31	5137.84	-4950.48	3524.51
Fixation L	1	7	6077365445	6077807909	442464	809.81	456.65	17	24	-1	15.10	15.10
Fixation R	1	7	6077365445	6077807909	442464	809.81	456.65	17	24	-1	15.65	15.65
Saccade L	1	4	6077807909	6077831670	23761	803.50	467.59	894.93	465.00	1.96	155.60	0.49	82.58	6236.07	-5895.68	4100.15
Saccade R	1	4	6077807909	6077831670	23761	803.50	467.59	894.93	465.00	1.96	155.60	0.49	82.58	6236.07	-5895.68	4100.15
Fixation L	1	8	6077831670	6078153808	322138	895.32	461.73	16	20	-1	15.32	15.32
Fixation R	1	8	6077831670	6078153808	322138	895.32	461.73	16	20	-1	15.89	15.89
Saccade L	1	5	6078153808	6078179773	25965	895.17	459.64	994.45	462.66	2.08	152.72	0.46	80.19	10485.80	-2294.25	4575.39
Saccade R	1	5	6078153808	6078179773	25965	895.17	459.64	994.45	462.66	2.08	152.72	0.46	80.19	10485.80	-2294.25	4575.39
Saccade L	1	6	6078183771	6078241781	58010	989.81	462.05	1035.35	484.82	11.37	392.78	0.52	196.05	14546.68	-14191.52	9331.68
Saccade R	1	6	6078183771	6078241781	58010	989.81	462.05	1035.35	484.82	11.37	392.78	0.52	196.05	14546.68	-14191.52	9331.68
Saccade L	1	7	6078313769	6078337778	24009	1000.94	455.44	963.11	416.60	1.10	72.05	0.50	45.67	2875.50	-1687.43	1636.99
Saccade R	1	7	6078313769	6078337778	24009	1000.94	455.44	963.11	416.60	1.10	72.05	0.50	45.67	2875.50	-1687.43	1636.99
Saccade L	1	8	6078341781	6078366797	25016	961.33	413.53	989.03	450.17	0.85	50.80	0.32	34.14	597.60	-1707.97	847.60
Saccade R	1	8	6078341781	6078366797	25016	961.33	413.53	989.03	450.17	0.85	50.80	0.32	34.14	597.60	-1707.97	847.60
Fixation L	1	9	6078366797	6078451885	85088	1010.83	457.20	38	22	-1	14.93	14.93
Fixation R	1	9	6078366797	6078451885	85088	1010.83	457.20	38	22	-1	15.83	15.83
Saccade L	1	9	6078451885	6078481898	30013	1027.48	465.02	885.55	446.00	3.09	186.23	0.47	102.82	8222.63	-7385.77	5792.71
Saccade R	1	9	6078451885	6078481898	30013	1027.48	465.02	885.55	446.00	3.09	186.23	0.47	102.82	8222.63	-7385.77	5792.71
Fixation L	1	10	6078481898	6078847123	365225	886.59	452.14	30	27	-1	15.45	15.45
Fixation R	1	10	6078481898	6078847123	365225	886.59	452.14	30	27	-1	16.09	16.09
Blink L	1	2	6078847123	6078972192	125069
Blink R	1	2	6078847123	6078972192	125069
Saccade L	1	10	6079042134	6079066134	24000	969.45	472.75	1033.02	476.10	1.12	97.30	0.33	46.78	1778.21	-2406.48	1450.96
Saccade R	1	10	6079042134	6079066134	24000	969.45	472.75	1033.02	476.10	1.12	97.30	0.33	46.78	1778.21	-2406.48	1450.96
Saccade L	1	11	6079092126	6079116688	24562	1016.93	493.96	988.14	454.72	0.88	51.17	0.33	35.93	1242.13	-2203.87	1296.75
Saccade R	1	11	6079092126	6079116688	24562	1016.93	493.96	988.14	454.72	0.88	51.17	0.33	35.93	1242.13	-2203.87	1296.75
Fixation L	1	11	6079116688	6079228258	111570	986.42	460.05	8	14	-1	16.21	16.21
Fixation R	1	11	6079116688	6079228258	111570	986.42	460.05	8	14	-1	16.52	16.52
Saccade L	1	12	6079228258	6079250257	21999	991.01	455.79	1022.91	468.12	0.72	47.52	0.55	32.83	1423.02	-1823.58	1095.87
Saccade R	1	12	6079228258	6079250257	21999	991.01	455.79	1022.91	468.12	0.72	47.52	0.55	32.83	1423.02	-1823.58	1095.87
Saccade L	1	13	6079272250	6079296254	24004	1021.17	465.82	1025.52	426.00	0.89	54.40	0.50	37.07	2042.27	-2070.12	1369.16
Saccade R	1	13	6079272250	6079296254	24004	1021.17	465.82	1025.52	426.00	0.89	54.40	0.50	37.07	2042.27	-2070.12	1369.16
Saccade L	1	14	6079320247	6079376258	56011	1026.94	427.05	1125.42	451.09	2.52	101.65	0.68	44.98	18984.14	-3312.17	2515.41
Saccade R	1	14	6079320247	6079376258	56011	1026.94	427.05	1125.42	451.09	2.52	101.65	0.68	44.98	18984.14	-3312.17	2515.41
Saccade L	1	15	6079478403	6079502389	23986	1052.66	435.68	1162.93	447.25	2.28	176.07	0.50	94.87	7039.79	-6993.53	4895.42
Saccade R	1	15	6079478403	6079502389	23986	1052.66	435.68	1162.93	447.25	2.28	176.07	0.50	94.87	7039.79	-6993.53	4895.42
Fixation L	1	12	6079502389	6080075095	572706	1148.84	452.81	38	26	-1	14.96	14.96
Fixation R	1	12	6079502389	6080075095	572706	1148.84	452.81	38	26	-1	15.56	15.56
Blink L	1	3	6080075095	6080283224	208129
Blink R	1	3	6080075095	6080283224	208129
Fixation L	1	13	6080283224	6080372739	89515	1140.49	467.06	34	20	-1	15.20	15.20
Fixation R	1	13	6080283224	6080372739	89515	1140.49	467.06	34	20	-1	15.80	15.80
Blink L	1	4	6080372739	6080439086	66347
Blink R	1	4	6080372739	6080439086	66347
Saccade L	1	16	6080451119	6080555278	104159	1205.15	409.04	920.59	862.29	18.51	611.43	0.28	177.68	23861.45	-20491.44	8760.25
Saccade R	1	16	6080451119	6080555278	104159	1205.15	409.04	920.59	862.29	18.51	611.43	0.28	177.68	23861.45	-20491.44	8760.25
Saccade L	1	17	6080555278	6080598932	43654	920.59	862.29	895.59	908.55	10.19	417.17	0.63	233.36	19251.34	-19798.95	14741.63
Saccade R	1	17	6080555278	6080598932	43654	920.59	862.29	895.59	908.55	10.19	417.17	0.63	233.36	19251.34	-19798.95	14741.63
Fixation L	1	14	6080598932	6080700851	101919	887.32	923.44	12	27	-1	15.94	15.94
Fixation R	1	14	6080598932	6080700851	101919	887.32	923.44	12	27	-1	16.34	16.34
Fixation L	1	15	6080720848	6080946971	226123	862.88	924.20	10	13	-1	15.50	15.50
Fixation R	1	15	6080720848	6080946971	226123	862.88	924.20	10	13	-1	16.34	16.34
Blink L	1	5	6080946971	6081231271	284300
Blink R	1	5	6080946971	6081231271	284300
Saccade L	1	18	6081237092	6081263093	26001	909.40	851.45	872.64	873.10	0.89	44.70	0.39	34.24	858.87	-4797.13	1231.00
Saccade R	1	18	6081237092	6081263093	26001	909.40	851.45	872.64	873.10	0.89	44.70	0.39	34.24	858.87	-4797.13	1231.00
Fixation L	1	16	6081263093	6081313779	50686	879.99	877.86	25	11	-1	14.31	14.31
Fixation R	1	16	6081263093	6081313779	50686	879.99	877.86	25	11	-1	15.00	15.00
Blink L	1	6	6081313779	6081361342	47563
Blink R	1	6	6081313779	6081361342	47563
Fixation L	1	17	6081361342	6081783330	421988	882.13	910.28	29	30	-1	14.78	14.78
Fixation R	1	17	6081361342	6081783330	421988	882.13	910.28	29	30	-1	15.64	15.64
Saccade L	1	19	6081783330	6081829335	46005	887.67	912.99	876.21	947.91	28.36	1319.64	0.61	616.52	52921.01	-56383.67	40413.88
Saccade R	1	19	6081783330	6081829335	46005	887.67	912.99	876.21	947.91	28.36	1319.64	0.61	616.52	52921.01	-56383.67	40413.88
Fixation L	1	18	6081829335	6082047457	218122	917.36	942.00	62	14	-1	14.10	14.10
Fixation R	1	18	6081829335	6082047457	218122	917.36	942.00	62	14	-1	15.02	15.02
Saccade L	1	20	6082047457	6082076288	28831	929.80	949.24	886.08	911.47	1.23	71.77	0.35	42.69	2618.81	-2732.99	1948.96
Saccade R	1	20	6082047457	6082076288	28831	929.80	949.24	886.08	911.47	1.23	71.77	0.35	42.69	2618.81	-2732.99	1948.96
Fixation L	1	19	6082076288	6082292655	216367	889.72	915.58	13	8	-1	14.09	14.09
Fixation R	1	19	6082076288	6082292655	216367	889.72	915.58	13	8	-1	15.16	15.16
