[BeGaze]
Converted from:	C:\Program Files\SMI\Experiment Suite 360\Experiment Center 2\Results\RC-Attachment-Exp\Denek03-eye_data.idf
Date:	24.02.2012 09:57:55
Version:	BeGaze 3.0.181
Sample Rate:	500
Subject:	Denek03
Description:	Run6

Table Header for Fixations:
Event Type	Trial	Number	Start	End	Duration	Location X	Location Y	Dispersion X	Dispersion Y	Plane	Avg. Pupil Size X	Avg. Pupil Size Y

Table Header for Saccades:
Event Type	Trial	Number	Start	End	Duration	Start Loc.X	Start Loc.Y	End Loc.X	End Loc.Y	Amplitude	Peak Speed	Peak Speed At	Average Speed	Peak Accel.	Peak Decel.	Average Accel.

Table Header for Blinks:
Event Type	Trial	Number	Start	End	Duration

Table Header for User Events:
Event Type	Trial	Number	Start	Description

UserEvent	1	1	4710523067	# Message: Questionnaire2.jpg
Fixation L	1	1	4710530625	4710839720	309095	876.37	946.99	41	37	-1	16.08	16.08
Fixation R	1	1	4710530625	4710839720	309095	876.37	946.99	41	37	-1	16.24	16.24
Saccade L	1	1	4710839720	4710913088	73368	860.61	946.84	430.14	427.85	16.65	451.12	0.36	226.93	19485.37	-13095.95	10507.36
Saccade R	1	1	4710839720	4710913088	73368	860.61	946.84	430.14	427.85	16.65	451.12	0.36	226.93	19485.37	-13095.95	10507.36
Fixation L	1	2	4710913088	4710989788	76700	457.41	433.67	37	20	-1	15.84	15.84
Fixation R	1	2	4710913088	4710989788	76700	457.41	433.67	37	20	-1	15.81	15.81
Saccade L	1	2	4710989788	4711029716	39928	457.80	447.61	411.47	313.46	3.06	157.67	0.30	76.59	6072.61	-5147.93	3849.37
Saccade R	1	2	4710989788	4711029716	39928	457.80	447.61	411.47	313.46	3.06	157.67	0.30	76.59	6072.61	-5147.93	3849.37
Fixation L	1	3	4711029716	4711339976	310260	427.12	329.80	30	36	-1	15.64	15.64
Fixation R	1	3	4711029716	4711339976	310260	427.12	329.80	30	36	-1	15.79	15.79
Saccade L	1	3	4711339976	4711384179	44203	432.74	333.79	598.23	351.18	4.11	207.81	0.68	92.98	8204.04	-8861.95	5570.97
Saccade R	1	3	4711339976	4711384179	44203	432.74	333.79	598.23	351.18	4.11	207.81	0.68	92.98	8204.04	-8861.95	5570.97
Fixation L	1	4	4711384179	4711465960	81781	597.12	352.67	18	11	-1	16.02	16.02
Fixation R	1	4	4711384179	4711465960	81781	597.12	352.67	18	11	-1	16.06	16.06
Saccade L	1	4	4711465960	4711497936	31976	586.90	359.39	592.72	285.15	1.57	88.94	0.37	49.09	2863.17	-2959.01	2062.07
Saccade R	1	4	4711465960	4711497936	31976	586.90	359.39	592.72	285.15	1.57	88.94	0.37	49.09	2863.17	-2959.01	2062.07
Fixation L	1	5	4711497936	4711549955	52019	584.06	291.24	18	15	-1	16.10	16.10
Fixation R	1	5	4711497936	4711549955	52019	584.06	291.24	18	15	-1	16.19	16.19
Saccade L	1	5	4711549955	4711571936	21981	578.25	302.13	565.20	224.84	1.60	144.77	0.45	72.67	4978.55	-5169.78	3397.24
Saccade R	1	5	4711549955	4711571936	21981	578.25	302.13	565.20	224.84	1.60	144.77	0.45	72.67	4978.55	-5169.78	3397.24
Saccade L	1	6	4711612065	4711678063	65998	570.23	227.36	783.44	354.19	9.81	638.58	0.45	148.57	20914.94	-24180.02	10127.39
Saccade R	1	6	4711612065	4711678063	65998	570.23	227.36	783.44	354.19	9.81	638.58	0.45	148.57	20914.94	-24180.02	10127.39
Fixation L	1	6	4711678063	4711934207	256144	761.20	360.33	39	25	-1	16.20	16.20
Fixation R	1	6	4711678063	4711934207	256144	761.20	360.33	39	25	-1	16.44	16.44
Saccade L	1	7	4711934207	4711978182	43975	760.74	363.40	858.38	364.54	2.10	85.63	0.36	47.71	3614.63	-2710.26	2186.43
Saccade R	1	7	4711934207	4711978182	43975	760.74	363.40	858.38	364.54	2.10	85.63	0.36	47.71	3614.63	-2710.26	2186.43
Fixation L	1	7	4711978182	4712144343	166161	859.50	373.01	9	21	-1	16.14	16.14
Fixation R	1	7	4711978182	4712144343	166161	859.50	373.01	9	21	-1	16.46	16.46
Saccade L	1	8	4712144343	4712186320	41977	860.98	378.11	713.20	377.54	3.27	184.98	0.36	77.93	7670.02	-6379.50	4418.23
Saccade R	1	8	4712144343	4712186320	41977	860.98	378.11	713.20	377.54	3.27	184.98	0.36	77.93	7670.02	-6379.50	4418.23
Saccade L	1	9	4712202287	4712229304	27017	717.71	377.10	718.43	318.58	1.32	85.31	0.44	48.88	3166.95	-1370.16	1524.05
Saccade R	1	9	4712202287	4712229304	27017	717.71	377.10	718.43	318.58	1.32	85.31	0.44	48.88	3166.95	-1370.16	1524.05
Saccade L	1	10	4712229304	4712266296	36992	718.43	318.58	696.83	243.43	1.83	91.13	0.30	49.50	1854.42	-2829.20	1486.25
Saccade R	1	10	4712229304	4712266296	36992	718.43	318.58	696.83	243.43	1.83	91.13	0.30	49.50	1854.42	-2829.20	1486.25
Saccade L	1	11	4712270341	4712344290	73949	698.76	242.72	1048.01	377.09	10.78	311.10	0.38	145.82	11513.39	-11044.38	6995.87
Saccade R	1	11	4712270341	4712344290	73949	698.76	242.72	1048.01	377.09	10.78	311.10	0.38	145.82	11513.39	-11044.38	6995.87
Fixation L	1	8	4712344290	4712562427	218137	1020.25	375.39	50	11	-1	15.43	15.43
Fixation R	1	8	4712344290	4712562427	218137	1020.25	375.39	50	11	-1	15.72	15.72
Saccade L	1	12	4712562427	4712588432	26005	1015.60	375.08	1056.83	381.26	0.95	54.48	0.46	36.41	1901.56	-1805.13	1377.28
Saccade R	1	12	4712562427	4712588432	26005	1015.60	375.08	1056.83	381.26	0.95	54.48	0.46	36.41	1901.56	-1805.13	1377.28
Fixation L	1	9	4712588432	4712874510	286078	1053.93	383.48	34	20	-1	15.47	15.47
Fixation R	1	9	4712588432	4712874510	286078	1053.93	383.48	34	20	-1	15.80	15.80
Saccade L	1	13	4712874510	4712946568	72058	1054.54	380.42	441.99	623.29	17.32	644.44	0.25	240.30	28205.53	-20495.36	13953.90
Saccade R	1	13	4712874510	4712946568	72058	1054.54	380.42	441.99	623.29	17.32	644.44	0.25	240.30	28205.53	-20495.36	13953.90
Saccade L	1	14	4712970723	4713008645	37922	445.26	591.99	470.07	462.16	3.03	221.66	0.69	79.98	7511.79	-8208.56	4534.80
Saccade R	1	14	4712970723	4713008645	37922	445.26	591.99	470.07	462.16	3.03	221.66	0.69	79.98	7511.79	-8208.56	4534.80
Fixation L	1	10	4713008645	4713098650	90005	467.44	453.13	15	26	-1	15.63	15.63
Fixation R	1	10	4713008645	4713098650	90005	467.44	453.13	15	26	-1	16.03	16.03
Saccade L	1	15	4713098650	4713120856	22206	466.44	452.29	438.97	467.76	0.66	42.60	0.45	29.91	1177.56	-1590.71	954.32
Saccade R	1	15	4713098650	4713120856	22206	466.44	452.29	438.97	467.76	0.66	42.60	0.45	29.91	1177.56	-1590.71	954.32
Fixation L	1	11	4713120856	4713521047	400191	434.19	469.45	31	37	-1	15.91	15.91
Fixation R	1	11	4713120856	4713521047	400191	434.19	469.45	31	37	-1	16.31	16.31
Saccade L	1	16	4713521047	4713589696	68649	448.76	490.24	1053.14	624.34	18.61	829.53	0.52	271.04	23060.30	-31225.59	13805.01
Saccade R	1	16	4713521047	4713589696	68649	448.76	490.24	1053.14	624.34	18.61	829.53	0.52	271.04	23060.30	-31225.59	13805.01
Saccade L	1	17	4713655905	4713712909	57004	927.32	401.94	914.07	418.73	21.33	675.63	0.73	374.19	23068.95	-23298.46	14190.25
Blink R	1	1	4713655905	4713849016	193111
Saccade L	1	18	4713736852	4713849016	112164	910.33	421.88	707.42	428.52	15.65	350.74	0.43	139.52	7206.68	-10337.57	4634.96
Fixation L	1	12	4713849016	4714007087	158071	723.70	411.70	47	67	-1	15.44	15.44
Fixation R	1	12	4713849016	4714007087	158071	723.70	411.70	47	67	-1	16.28	16.28
Blink L	1	1	4714007087	4714191138	184051
Blink R	1	2	4714007087	4714191138	184051
Fixation L	1	13	4714277076	4714335204	58128	496.06	380.39	11	38	-1	15.92	15.92
Fixation R	1	13	4714277076	4714335204	58128	496.06	380.39	11	38	-1	4.71	4.56
Blink R	1	3	4714335204	4714363213	28009
Saccade L	1	19	4714363213	4714385861	22648	503.49	368.71	514.60	378.76	2.64	149.97	0.35	116.64	370.81	-3096.20	1809.09
Blink R	1	4	4714363213	4714405201	41988
Saccade L	1	20	4714409199	4714487194	77995	519.44	387.16	403.46	424.58	14.13	419.81	0.33	181.16	11903.20	-15444.17	5093.44
Blink R	1	5	4714409199	4714579416	170217
Saccade L	1	21	4714532324	4714579416	47092	426.62	425.00	443.00	444.43	8.01	261.39	0.34	170.12	12430.71	-11013.33	7908.12
Saccade L	1	22	4714579416	4714623362	43946	443.00	444.43	645.72	456.51	6.53	319.37	0.47	148.49	12278.12	-13283.56	8424.11
Saccade R	1	17	4714579416	4714623362	43946	443.00	444.43	645.72	456.51	6.53	319.37	0.47	148.49	12278.12	-13283.56	8424.11
Fixation L	1	14	4714623362	4714811304	187942	639.29	437.97	32	43	-1	15.24	15.24
Fixation R	1	14	4714623362	4714811304	187942	639.29	437.97	32	43	-1	7.51	7.51
Saccade L	1	23	4714811304	4714852487	41183	636.08	425.96	836.52	421.56	5.44	246.01	0.45	132.02	10914.90	-10561.28	7975.09
Saccade R	1	18	4714811304	4714852487	41183	636.08	425.96	836.52	421.56	5.44	246.01	0.45	132.02	10914.90	-10561.28	7975.09
Fixation L	1	15	4714852487	4715163542	311055	796.50	373.21	75	84	-1	15.10	15.10
Fixation R	1	15	4714852487	4715163542	311055	796.50	373.21	75	84	-1	15.90	15.90
Saccade L	1	24	4715163542	4715203542	40000	792.62	343.64	908.17	349.25	2.79	136.92	0.30	69.83	5654.99	-5042.50	3579.08
Saccade R	1	19	4715163542	4715203542	40000	792.62	343.64	908.17	349.25	2.79	136.92	0.30	69.83	5654.99	-5042.50	3579.08
Fixation L	1	16	4715203542	4715283319	79777	907.37	333.88	9	27	-1	15.65	15.65
Fixation R	1	16	4715203542	4715283319	79777	907.37	333.88	9	27	-1	16.39	16.39
Blink L	1	2	4715283319	4715313542	30223
Blink R	1	6	4715283319	4715313542	30223
Saccade L	1	25	4715336803	4715368563	31760	894.90	322.27	1132.06	361.45	5.36	334.65	0.47	168.64	14213.94	-12287.76	9822.83
Saccade R	1	20	4715336803	4715368563	31760	894.90	322.27	1132.06	361.45	5.36	334.65	0.47	168.64	14213.94	-12287.76	9822.83
Saccade L	1	26	4715368563	4715403537	34974	1132.06	361.45	1055.41	335.52	1.57	68.72	0.38	44.75	217.21	-9254.49	2215.43
Saccade R	1	21	4715368563	4715403537	34974	1132.06	361.45	1055.41	335.52	1.57	68.72	0.38	44.75	217.21	-9254.49	2215.43
Fixation L	1	17	4715403537	4715501648	98111	1051.15	334.63	32	24	-1	16.34	16.34
Fixation R	1	17	4715403537	4715501648	98111	1051.15	334.63	32	24	-1	16.65	16.65
Saccade L	1	27	4715501648	4715565955	64307	1040.87	339.86	357.08	464.74	17.44	671.06	0.44	271.14	27198.43	-27676.09	16769.31
Saccade R	1	22	4715501648	4715565955	64307	1040.87	339.86	357.08	464.74	17.44	671.06	0.44	271.14	27198.43	-27676.09	16769.31
Fixation L	1	18	4715565955	4715727951	161996	388.76	444.84	49	37	-1	16.79	16.79
Fixation R	1	18	4715565955	4715727951	161996	388.76	444.84	49	37	-1	17.03	17.03
Saccade L	1	28	4715755138	4715787770	32632	409.96	496.11	403.04	446.58	1.01	48.42	0.33	30.89	811.67	-1332.33	766.22
Saccade R	1	23	4715755138	4715787770	32632	409.96	496.11	403.04	446.58	1.01	48.42	0.33	30.89	811.67	-1332.33	766.22
Fixation L	1	19	4715861861	4715948845	86984	420.22	481.01	13	25	-1	17.36	17.36
Fixation R	1	19	4715861861	4715948845	86984	420.22	481.01	13	25	-1	17.49	17.49
Fixation L	1	20	4715979942	4716048633	68691	437.59	496.32	17	16	-1	17.62	17.62
Fixation R	1	20	4715979942	4716048633	68691	437.59	496.32	17	16	-1	17.78	17.78
Saccade L	1	29	4716048633	4716075933	27300	440.59	496.58	301.08	638.89	4.46	351.41	0.49	163.25	13378.50	-13425.29	9591.92
Saccade R	1	24	4716048633	4716075933	27300	440.59	496.58	301.08	638.89	4.46	351.41	0.49	163.25	13378.50	-13425.29	9591.92
Saccade L	1	30	4716087902	4716122172	34270	298.46	640.99	403.04	533.30	4.59	335.44	0.62	134.08	11892.11	-12385.24	8362.82
Saccade R	1	25	4716087902	4716122172	34270	298.46	640.99	403.04	533.30	4.59	335.44	0.62	134.08	11892.11	-12385.24	8362.82
Fixation L	1	21	4716122172	4716298001	175829	414.85	532.83	23	39	-1	17.94	17.94
Fixation R	1	21	4716122172	4716298001	175829	414.85	532.83	23	39	-1	18.03	18.03
Saccade L	1	31	4716298001	4716352036	54035	428.65	534.98	326.03	542.67	3.77	126.22	0.32	69.71	4834.17	-3988.97	2993.89
Saccade R	1	26	4716298001	4716352036	54035	428.65	534.98	326.03	542.67	3.77	126.22	0.32	69.71	4834.17	-3988.97	2993.89
Saccade L	1	32	4716470609	4716492117	21508	274.28	444.68	319.42	454.66	0.74	53.16	0.54	34.50	886.86	-1438.41	758.82
Saccade R	1	27	4716470609	4716492117	21508	274.28	444.68	319.42	454.66	0.74	53.16	0.54	34.50	886.86	-1438.41	758.82
Saccade L	1	33	4716590556	4716665077	74521	263.37	514.76	425.52	473.11	7.52	339.60	0.81	100.95	9633.07	-12384.89	4877.93
Saccade R	1	28	4716590556	4716665077	74521	263.37	514.76	425.52	473.11	7.52	339.60	0.81	100.95	9633.07	-12384.89	4877.93
Saccade L	1	34	4716710132	4716778243	68111	421.29	490.27	396.77	573.80	4.25	157.78	0.32	62.44	5608.82	-4642.84	2238.81
Saccade R	1	29	4716710132	4716778243	68111	421.29	490.27	396.77	573.80	4.25	157.78	0.32	62.44	5608.82	-4642.84	2238.81
Saccade L	1	35	4716814227	4716871361	57134	397.08	560.93	373.47	485.24	3.64	136.76	0.39	63.74	3620.89	-2954.14	2073.39
Saccade R	1	30	4716814227	4716871361	57134	397.08	560.93	373.47	485.24	3.64	136.76	0.39	63.74	3620.89	-2954.14	2073.39
Saccade L	1	36	4716924238	4716954909	30671	370.05	480.36	410.89	548.09	1.84	121.05	0.52	60.14	4524.11	-3135.85	2687.27
Saccade R	1	31	4716924238	4716954909	30671	370.05	480.36	410.89	548.09	1.84	121.05	0.52	60.14	4524.11	-3135.85	2687.27
Saccade L	1	37	4716984359	4717006341	21982	373.87	542.69	407.13	551.82	0.76	43.20	0.55	34.61	3863.86	-110.28	1069.01
Saccade R	1	32	4716984359	4717006341	21982	373.87	542.69	407.13	551.82	0.76	43.20	0.55	34.61	3863.86	-110.28	1069.01
Saccade L	1	38	4717006341	4717054356	48015	407.13	551.82	398.08	484.69	3.43	162.78	0.25	71.39	3903.79	-3202.44	2331.84
Saccade R	1	33	4717006341	4717054356	48015	407.13	551.82	398.08	484.69	3.43	162.78	0.25	71.39	3903.79	-3202.44	2331.84
Saccade L	1	39	4717116360	4717152584	36224	307.52	473.86	395.83	475.96	1.73	71.87	0.39	47.90	1440.34	-3000.16	1240.30
Saccade R	1	34	4717116360	4717152584	36224	307.52	473.86	395.83	475.96	1.73	71.87	0.39	47.90	1440.34	-3000.16	1240.30
Saccade L	1	40	4717152584	4717176351	23767	395.83	475.96	346.60	489.83	0.98	68.93	0.33	41.36	428.82	-2132.67	900.67
Saccade R	1	35	4717152584	4717176351	23767	395.83	475.96	346.60	489.83	0.98	68.93	0.33	41.36	428.82	-2132.67	900.67
Fixation L	1	22	4717176351	4717236335	59984	365.41	501.92	36	17	-1	17.58	17.58
Fixation R	1	22	4717176351	4717236335	59984	365.41	501.92	36	17	-1	17.78	17.78
Fixation L	1	23	4717254461	4717322460	67999	351.93	520.41	27	37	-1	17.54	17.54
Fixation R	1	23	4717254461	4717322460	67999	351.93	520.41	27	37	-1	17.97	17.97
Saccade L	1	41	4717322460	4717349540	27080	366.48	542.39	366.79	476.17	1.48	101.52	0.46	54.56	3357.42	-3480.38	2508.88
Saccade R	1	36	4717322460	4717349540	27080	366.48	542.39	366.79	476.17	1.48	101.52	0.46	54.56	3357.42	-3480.38	2508.88
Fixation L	1	24	4717349540	4717523540	174000	353.39	495.96	55	38	-1	17.69	17.69
Fixation R	1	24	4717349540	4717523540	174000	353.39	495.96	55	38	-1	17.93	17.93
Saccade L	1	42	4717523540	4717550011	26471	322.32	479.70	430.54	499.64	2.60	219.23	0.42	98.06	9145.75	-3818.04	4228.37
Saccade R	1	37	4717523540	4717550011	26471	322.32	479.70	430.54	499.64	2.60	219.23	0.42	98.06	9145.75	-3818.04	4228.37
Blink L	1	3	4717550011	4717714344	164333
Blink R	1	7	4717550011	4717714344	164333
Saccade L	1	43	4717714344	4717740597	26253	410.18	436.16	453.81	495.28	1.31	85.25	0.42	49.73	-140.54	-5555.56	2430.23
Saccade R	1	38	4717714344	4717740597	26253	410.18	436.16	453.81	495.28	1.31	85.25	0.42	49.73	-140.54	-5555.56	2430.23
Fixation L	1	25	4717740597	4718522920	782323	433.46	480.19	53	60	-1	17.87	17.87
Fixation R	1	25	4717740597	4718522920	782323	433.46	480.19	53	60	-1	17.81	17.81
Saccade L	1	44	4718522920	4718587059	64139	450.32	465.19	503.94	426.79	13.98	595.97	0.19	217.95	39040.59	-14226.96	12924.40
Saccade R	1	39	4718522920	4718587059	64139	450.32	465.19	503.94	426.79	13.98	595.97	0.19	217.95	39040.59	-14226.96	12924.40
Fixation L	1	26	4718587059	4719389370	802311	8.34	8.52	544	449	-1	0.35	0.35
Fixation R	1	26	4718587059	4719389370	802311	8.34	8.52	544	449	-1	0.31	0.31
UserEvent	1	256	4721152278	# Message: UE-mouseclick left x=360 y=474
UserEvent	1	291	4722624578	# Message: UE-mouseclick left x=399 y=532
