[BeGaze]
Converted from:	C:\Program Files\SMI\Experiment Suite 360\Experiment Center 2\Results\RC-Attachment-Exp\P03-eye_data.idf
Date:	24.02.2012 09:58:20
Version:	BeGaze 3.0.181
Sample Rate:	500
Subject:	P03
Description:	Run8

Table Header for Fixations:
Event Type	Trial	Number	Start	End	Duration	Location X	Location Y	Dispersion X	Dispersion Y	Plane	Avg. Pupil Size X	Avg. Pupil Size Y

Table Header for Saccades:
Event Type	Trial	Number	Start	End	Duration	Start Loc.X	Start Loc.Y	End Loc.X	End Loc.Y	Amplitude	Peak Speed	Peak Speed At	Average Speed	Peak Accel.	Peak Decel.	Average Accel.

Table Header for Blinks:
Event Type	Trial	Number	Start	End	Duration

Table Header for User Events:
Event Type	Trial	Number	Start	Description

UserEvent	1	1	1195063860	# Message: RC-nonforced-anim-4.jpg
Fixation L	1	1	1195065696	1195397205	331509	496.93	468.00	17	33	-1	10.70	10.70
Fixation R	1	1	1195065696	1195397205	331509	496.93	468.00	17	33	-1	9.40	9.40
Saccade L	1	1	1195397205	1195429290	32085	497.74	470.80	584.45	472.90	1.86	103.02	0.44	57.95	4483.16	-4164.46	3128.95
Saccade R	1	1	1195397205	1195429290	32085	497.74	470.80	584.45	472.90	1.86	103.02	0.44	57.95	4483.16	-4164.46	3128.95
Fixation L	1	2	1195429290	1195695425	266135	574.80	468.40	19	10	-1	10.82	10.82
Fixation R	1	2	1195429290	1195695425	266135	574.80	468.40	19	10	-1	9.47	9.47
Saccade L	1	2	1195695425	1195727399	31974	579.27	465.54	661.32	470.07	1.75	94.21	0.43	54.74	4077.12	-3807.43	2838.58
Saccade R	1	2	1195695425	1195727399	31974	579.27	465.54	661.32	470.07	1.75	94.21	0.43	54.74	4077.12	-3807.43	2838.58
Fixation L	1	3	1195727399	1195913468	186069	657.55	462.96	10	13	-1	10.64	10.64
Fixation R	1	3	1195727399	1195913468	186069	657.55	462.96	10	13	-1	9.45	9.45
Saccade L	1	3	1195913468	1195947561	34093	656.24	457.39	742.46	462.57	1.84	94.86	0.47	53.85	4047.61	-3878.78	2896.67
Saccade R	1	3	1195913468	1195947561	34093	656.24	457.39	742.46	462.57	1.84	94.86	0.47	53.85	4047.61	-3878.78	2896.67
Fixation L	1	4	1195947561	1196341630	394069	737.63	461.59	9	6	-1	10.47	10.47
Fixation R	1	4	1195947561	1196341630	394069	737.63	461.59	9	6	-1	9.46	9.46
Blink L	1	1	1196341630	1196563785	222155
Blink R	1	1	1196341630	1196563785	222155
Fixation L	1	5	1196563785	1196735849	172064	769.64	455.79	7	10	-1	10.42	10.42
Fixation R	1	5	1196563785	1196735849	172064	769.64	455.79	7	10	-1	9.50	9.50
Saccade L	1	4	1196735849	1196761870	26021	769.94	461.82	815.52	471.95	0.98	58.97	0.54	37.54	2500.02	-2387.25	1761.11
Saccade R	1	4	1196735849	1196761870	26021	769.94	461.82	815.52	471.95	0.98	58.97	0.54	37.54	2500.02	-2387.25	1761.11
Fixation L	1	6	1196761870	1196969853	207983	812.14	469.16	10	8	-1	10.55	10.55
Fixation R	1	6	1196761870	1196969853	207983	812.14	469.16	10	8	-1	9.57	9.57
Saccade L	1	5	1196969853	1197001868	32015	808.51	469.82	897.60	459.36	1.92	107.45	0.44	60.00	4687.68	-4478.17	3312.91
Saccade R	1	5	1196969853	1197001868	32015	808.51	469.82	897.60	459.36	1.92	107.45	0.44	60.00	4687.68	-4478.17	3312.91
Fixation L	1	7	1197001868	1197204216	202348	891.10	461.90	13	6	-1	10.23	10.23
Fixation R	1	7	1197001868	1197204216	202348	891.10	461.90	13	6	-1	9.41	9.41
Saccade L	1	6	1197204216	1197239963	35747	889.16	462.53	963.90	455.14	1.60	78.17	0.38	44.84	3350.07	-2833.87	2244.35
Saccade R	1	6	1197204216	1197239963	35747	889.16	462.53	963.90	455.14	1.60	78.17	0.38	44.84	3350.07	-2833.87	2244.35
Fixation L	1	8	1197239963	1197422083	182120	965.19	455.28	5	6	-1	10.36	10.36
Fixation R	1	8	1197239963	1197422083	182120	965.19	455.28	5	6	-1	9.35	9.35
Saccade L	1	7	1197422083	1197454095	32012	966.43	459.11	1033.58	461.10	1.41	71.90	0.48	44.19	3122.32	-2910.89	2174.92
Saccade R	1	7	1197422083	1197454095	32012	966.43	459.11	1033.58	461.10	1.41	71.90	0.48	44.19	3122.32	-2910.89	2174.92
Fixation L	1	9	1197454095	1197844234	390139	1013.06	463.71	39	6	-1	10.39	10.39
Fixation R	1	9	1197454095	1197844234	390139	1013.06	463.71	39	6	-1	9.28	9.28
Saccade L	1	8	1197844234	1197876317	32083	1004.75	462.41	1077.56	452.41	1.49	79.17	0.38	46.34	3294.61	-3139.26	2332.30
Saccade R	1	8	1197844234	1197876317	32083	1004.75	462.41	1077.56	452.41	1.49	79.17	0.38	46.34	3294.61	-3139.26	2332.30
Fixation L	1	10	1197876317	1198178426	302109	1076.29	453.04	13	16	-1	10.42	10.42
Fixation R	1	10	1197876317	1198178426	302109	1076.29	453.04	13	16	-1	9.35	9.35
Saccade L	1	9	1198178426	1198204920	26494	1080.96	453.44	1122.02	447.60	0.87	50.39	0.46	32.91	2095.24	-1886.45	1423.60
Saccade R	1	9	1198178426	1198204920	26494	1080.96	453.44	1122.02	447.60	0.87	50.39	0.46	32.91	2095.24	-1886.45	1423.60
Fixation L	1	11	1198204920	1198430543	225623	1113.25	452.59	13	11	-1	10.54	10.54
Fixation R	1	11	1198204920	1198430543	225623	1113.25	452.59	13	11	-1	9.37	9.37
Saccade L	1	10	1198430543	1198458675	28132	1114.01	458.57	1060.32	456.28	1.13	69.14	0.43	40.13	2784.50	-2643.15	1961.15
Saccade R	1	10	1198430543	1198458675	28132	1114.01	458.57	1060.32	456.28	1.13	69.14	0.43	40.13	2784.50	-2643.15	1961.15
Fixation L	1	12	1198458675	1198598538	139863	1062.32	457.79	11	5	-1	10.48	10.48
Fixation R	1	12	1198458675	1198598538	139863	1062.32	457.79	11	5	-1	9.30	9.30
Saccade L	1	11	1198598538	1198660658	62120	1056.56	457.82	701.59	465.13	7.95	237.99	0.32	127.97	10656.14	-5938.82	5790.61
Saccade R	1	11	1198598538	1198660658	62120	1056.56	457.82	701.59	465.13	7.95	237.99	0.32	127.97	10656.14	-5938.82	5790.61
Fixation L	1	13	1198660658	1198744655	83997	702.36	463.60	6	7	-1	10.40	10.40
Fixation R	1	13	1198660658	1198744655	83997	702.36	463.60	6	7	-1	9.22	9.22
Saccade L	1	12	1198744655	1198784651	39996	705.27	461.65	593.90	459.39	2.41	107.49	0.40	60.24	4689.01	-4138.75	3219.91
Saccade R	1	12	1198744655	1198784651	39996	705.27	461.65	593.90	459.39	2.41	107.49	0.40	60.24	4689.01	-4138.75	3219.91
Fixation L	1	14	1198784651	1199331268	546617	580.95	461.06	44	9	-1	10.53	10.53
Fixation R	1	14	1198784651	1199331268	546617	580.95	461.06	44	9	-1	9.33	9.33
Saccade L	1	13	1199331268	1199364898	33630	557.12	458.82	674.12	467.56	2.53	140.98	0.41	75.18	6082.20	-5894.12	4376.88
Saccade R	1	13	1199331268	1199364898	33630	557.12	458.82	674.12	467.56	2.53	140.98	0.41	75.18	6082.20	-5894.12	4376.88
Fixation L	1	15	1199364898	1199549006	184108	674.00	465.62	7	9	-1	10.52	10.52
Fixation R	1	15	1199364898	1199549006	184108	674.00	465.62	7	9	-1	9.48	9.48
Saccade L	1	14	1199549006	1199580996	31990	674.79	459.57	740.42	459.20	1.49	76.00	0.49	46.47	3267.84	-3128.94	2325.52
Saccade R	1	14	1199549006	1199580996	31990	674.79	459.57	740.42	459.20	1.49	76.00	0.49	46.47	3267.84	-3128.94	2325.52
Fixation L	1	16	1199580996	1199818122	237126	735.52	462.79	11	8	-1	10.53	10.53
Fixation R	1	16	1199580996	1199818122	237126	735.52	462.79	11	8	-1	9.53	9.53
Saccade L	1	15	1199818122	1199845118	26996	739.42	460.35	793.72	457.78	1.17	66.77	0.41	43.16	2805.69	-2668.81	1956.34
Saccade R	1	15	1199818122	1199845118	26996	739.42	460.35	793.72	457.78	1.17	66.77	0.41	43.16	2805.69	-2668.81	1956.34
Fixation L	1	17	1199845118	1200121392	276274	789.89	459.81	10	9	-1	10.65	10.65
Fixation R	1	17	1199845118	1200121392	276274	789.89	459.81	10	9	-1	9.57	9.57
Saccade L	1	16	1200121392	1200185744	64352	788.48	465.08	869.95	469.22	18.54	602.68	0.31	288.16	22071.41	-18521.10	14133.44
Saccade R	1	16	1200121392	1200185744	64352	788.48	465.08	869.95	469.22	18.54	602.68	0.31	288.16	22071.41	-18521.10	14133.44
Blink L	1	2	1200209246	1210495933	10286687
Blink R	1	2	1200209246	1210495933	10286687
Fixation L	1	18	1210495933	1210547931	51998	892.55	958.11	4	5	-1	10.92	10.92
Fixation R	1	18	1210495933	1210547931	51998	892.55	958.11	4	5	-1	11.68	11.68
Saccade L	1	17	1210547931	1210577938	30007	895.69	959.80	962.21	942.07	1.48	83.14	0.47	49.29	3349.06	-3391.49	2477.45
Saccade R	1	17	1210547931	1210577938	30007	895.69	959.80	962.21	942.07	1.48	83.14	0.47	49.29	3349.06	-3391.49	2477.45
Fixation L	1	19	1210577938	1210842300	264362	957.76	940.85	11	18	-1	10.82	10.82
Fixation R	1	19	1210577938	1210842300	264362	957.76	940.85	11	18	-1	11.32	11.32
Saccade L	1	18	1210842300	1210876713	34413	955.80	938.54	897.65	926.88	1.41	74.56	0.41	40.86	2977.21	-2571.53	1994.87
Saccade R	1	18	1210842300	1210876713	34413	955.80	938.54	897.65	926.88	1.41	74.56	0.41	40.86	2977.21	-2571.53	1994.87
Fixation L	1	20	1210876713	1211016158	139445	903.46	930.23	9	13	-1	11.33	11.33
Fixation R	1	20	1210876713	1211016158	139445	903.46	930.23	9	13	-1	10.94	10.94
