[BeGaze]
Converted from:	C:\Program Files\SMI\Experiment Suite 360\Experiment Center 2\Results\RC-Attachment-Exp\P27-eye_data.idf
Date:	18.03.2012 20:22:05
Version:	BeGaze 3.0.181
Sample Rate:	500
Subject:	P27
Description:	Run32

Table Header for Fixations:
Event Type	Trial	Number	Start	End	Duration	Location X	Location Y	Dispersion X	Dispersion Y	Plane	Avg. Pupil Size X	Avg. Pupil Size Y

Table Header for Saccades:
Event Type	Trial	Number	Start	End	Duration	Start Loc.X	Start Loc.Y	End Loc.X	End Loc.Y	Amplitude	Peak Speed	Peak Speed At	Average Speed	Peak Accel.	Peak Decel.	Average Accel.

Table Header for Blinks:
Event Type	Trial	Number	Start	End	Duration

Table Header for User Events:
Event Type	Trial	Number	Start	Description

UserEvent	1	1	13328381770	# Message: Questionnaire3.jpg
Fixation L	1	1	13328382638	13328696655	314017	892.12	925.94	29	15	-1	13.14	13.14
Fixation R	1	1	13328382638	13328696655	314017	892.12	925.94	29	15	-1	13.98	13.98
Saccade L	1	1	13328696655	13328792413	95758	906.17	918.86	424.38	457.34	20.05	452.36	0.32	209.40	20293.94	-13039.75	9456.49
Saccade R	1	1	13328696655	13328792413	95758	906.17	918.86	424.38	457.34	20.05	452.36	0.32	209.40	20293.94	-13039.75	9456.49
Fixation L	1	2	13328792413	13328866528	74115	424.01	457.91	13	15	-1	13.29	13.29
Fixation R	1	2	13328792413	13328866528	74115	424.01	457.91	13	15	-1	13.97	13.97
Saccade L	1	2	13328866528	13328906965	40437	430.24	449.91	0.00	0.00	14.36	969.13	0.69	355.24	33422.15	-38008.08	21908.70
Saccade R	1	2	13328866528	13328906965	40437	430.24	449.91	0.00	0.00	14.36	969.13	0.69	355.24	33422.15	-38008.08	21908.70
Saccade L	1	3	13328946490	13328988493	42003	368.12	373.26	394.65	358.88	11.08	1077.79	0.33	263.72	20909.31	-36822.01	16126.52
Saccade R	1	3	13328946490	13328988493	42003	368.12	373.26	394.65	358.88	11.08	1077.79	0.33	263.72	20909.31	-36822.01	16126.52
Fixation L	1	3	13328988493	13329060543	72050	394.55	332.66	22	44	-1	13.25	13.25
Fixation R	1	3	13328988493	13329060543	72050	394.55	332.66	22	44	-1	13.59	13.59
Saccade L	1	4	13329060543	13329088686	28143	408.08	335.97	380.31	260.21	1.90	124.55	0.35	67.65	3841.18	-2969.69	2542.17
Saccade R	1	4	13329060543	13329088686	28143	408.08	335.97	380.31	260.21	1.90	124.55	0.35	67.65	3841.18	-2969.69	2542.17
Saccade L	1	5	13329138614	13329176616	38002	386.78	268.51	481.04	242.27	2.00	86.33	0.47	52.63	3255.59	-2883.47	2227.69
Saccade R	1	5	13329138614	13329176616	38002	386.78	268.51	481.04	242.27	2.00	86.33	0.47	52.63	3255.59	-2883.47	2227.69
Fixation L	1	4	13329176616	13329336759	160143	469.74	230.82	26	26	-1	13.86	13.86
Fixation R	1	4	13329176616	13329336759	160143	469.74	230.82	26	26	-1	13.66	13.66
Saccade L	1	6	13329398748	13329428778	30030	537.44	236.60	681.34	215.77	3.45	294.60	0.60	115.04	8308.79	-8439.39	5528.60
Saccade R	1	6	13329398748	13329428778	30030	537.44	236.60	681.34	215.77	3.45	294.60	0.60	115.04	8308.79	-8439.39	5528.60
Saccade L	1	7	13329428778	13329456725	27947	681.34	215.77	538.14	248.39	3.46	330.49	0.64	123.83	9628.55	-8484.36	5266.10
Saccade R	1	7	13329428778	13329456725	27947	681.34	215.77	538.14	248.39	3.46	330.49	0.64	123.83	9628.55	-8484.36	5266.10
Saccade L	1	8	13329511421	13329544734	33313	541.61	253.33	674.06	257.29	2.32	160.32	0.34	69.58	3207.58	-4432.61	2344.79
Saccade R	1	8	13329511421	13329544734	33313	541.61	253.33	674.06	257.29	2.32	160.32	0.34	69.58	3207.58	-4432.61	2344.79
Saccade L	1	9	13329560725	13329592757	32032	676.71	214.65	709.45	281.73	1.53	92.21	0.62	47.71	3147.61	-3351.88	2114.66
Saccade R	1	9	13329560725	13329592757	32032	676.71	214.65	709.45	281.73	1.53	92.21	0.62	47.71	3147.61	-3351.88	2114.66
Saccade L	1	10	13329670849	13329692894	22045	788.08	237.98	712.74	264.47	1.65	147.02	0.46	74.74	1271.20	-4324.31	2020.30
Saccade R	1	10	13329670849	13329692894	22045	788.08	237.98	712.74	264.47	1.65	147.02	0.46	74.74	1271.20	-4324.31	2020.30
Saccade L	1	11	13329720876	13329742842	21966	689.69	255.35	767.30	252.61	1.47	116.71	0.46	67.02	3736.62	-3606.59	2419.15
Saccade R	1	11	13329720876	13329742842	21966	689.69	255.35	767.30	252.61	1.47	116.71	0.46	67.02	3736.62	-3606.59	2419.15
Saccade L	1	12	13329758860	13329792937	34077	781.26	250.50	726.89	276.88	1.48	96.20	0.37	43.51	2212.09	-2490.14	1384.25
Saccade R	1	12	13329758860	13329792937	34077	781.26	250.50	726.89	276.88	1.48	96.20	0.37	43.51	2212.09	-2490.14	1384.25
Fixation L	1	5	13329792937	13329888927	95990	706.90	270.61	29	52	-1	13.45	13.45
Fixation R	1	5	13329792937	13329888927	95990	706.90	270.61	29	52	-1	14.45	14.45
Saccade L	1	13	13330022972	13330056268	33296	375.78	282.58	343.94	311.55	1.09	41.60	0.30	32.82	268.10	-1265.46	718.86
Saccade R	1	13	13330022972	13330056268	33296	375.78	282.58	343.94	311.55	1.09	41.60	0.30	32.82	268.10	-1265.46	718.86
Saccade L	1	14	13330073017	13330098993	25976	337.75	312.53	377.45	329.67	0.88	48.96	0.38	33.86	1679.21	-1791.90	1253.66
Saccade R	1	14	13330073017	13330098993	25976	337.75	312.53	377.45	329.67	0.88	48.96	0.38	33.86	1679.21	-1791.90	1253.66
Saccade L	1	15	13330112994	13330139046	26052	378.22	330.84	323.18	337.74	1.44	105.51	0.54	55.43	4068.49	-2382.68	2191.22
Saccade R	1	15	13330112994	13330139046	26052	378.22	330.84	323.18	337.74	1.44	105.51	0.54	55.43	4068.49	-2382.68	2191.22
Saccade L	1	16	13330145353	13330179116	33763	322.53	329.55	283.56	354.60	2.73	126.08	0.58	80.73	4047.66	-4944.25	3205.72
Saccade R	1	16	13330145353	13330179116	33763	322.53	329.55	283.56	354.60	2.73	126.08	0.58	80.73	4047.66	-4944.25	3205.72
Saccade L	1	17	13330186962	13330233123	46161	286.15	347.53	320.48	338.01	2.71	95.39	0.48	58.81	2349.88	-2919.63	1797.71
Saccade R	1	17	13330186962	13330233123	46161	286.15	347.53	320.48	338.01	2.71	95.39	0.48	58.81	2349.88	-2919.63	1797.71
Saccade L	1	18	13330249079	13330275647	26568	310.10	337.37	298.61	332.28	1.55	77.14	0.53	58.43	2624.32	-2210.12	1942.00
Saccade R	1	18	13330249079	13330275647	26568	310.10	337.37	298.61	332.28	1.55	77.14	0.53	58.43	2624.32	-2210.12	1942.00
Fixation L	1	6	13330275647	13330465378	189731	309.78	357.02	26	44	-1	11.78	11.78
Fixation R	1	6	13330275647	13330465378	189731	309.78	357.02	26	44	-1	14.73	14.73
Saccade L	1	19	13330465378	13330495201	29823	307.53	362.29	290.62	316.42	1.09	50.56	0.46	36.49	1916.42	-1970.90	1460.60
Saccade R	1	19	13330465378	13330495201	29823	307.53	362.29	290.62	316.42	1.09	50.56	0.46	36.49	1916.42	-1970.90	1460.60
Fixation L	1	7	13330495201	13330545399	50198	290.31	316.96	10	6	-1	11.85	11.85
Fixation R	1	7	13330495201	13330545399	50198	290.31	316.96	10	6	-1	14.91	14.91
Fixation L	1	8	13330617518	13330703316	85798	306.76	320.48	13	32	-1	14.41	14.41
Fixation R	1	8	13330617518	13330703316	85798	306.76	320.48	13	32	-1	14.76	14.76
Saccade L	1	20	13330703316	13330743343	40027	299.02	299.26	301.52	287.13	4.06	218.40	0.80	101.33	5049.70	-2335.22	2683.85
Saccade R	1	20	13330703316	13330743343	40027	299.02	299.26	301.52	287.13	4.06	218.40	0.80	101.33	5049.70	-2335.22	2683.85
Saccade L	1	21	13330749307	13330781344	32037	523.23	286.67	294.64	314.32	3.11	214.96	0.31	96.94	2345.67	-6127.12	2907.98
Saccade R	1	21	13330749307	13330781344	32037	523.23	286.67	294.64	314.32	3.11	214.96	0.31	96.94	2345.67	-6127.12	2907.98
Fixation L	1	9	13330781344	13330836044	54700	311.97	327.37	37	20	-1	14.31	14.31
Fixation R	1	9	13330781344	13330836044	54700	311.97	327.37	37	20	-1	14.52	14.52
Saccade L	1	22	13330836044	13330873307	37263	333.16	335.74	319.24	314.71	2.03	84.30	0.57	54.54	2798.53	-2470.63	1868.07
Saccade R	1	22	13330836044	13330873307	37263	333.16	335.74	319.24	314.71	2.03	84.30	0.57	54.54	2798.53	-2470.63	1868.07
Saccade L	1	23	13330873307	13330907303	33996	319.24	314.71	306.70	283.56	1.86	78.28	0.65	54.74	2183.49	-3380.11	1894.27
Saccade R	1	23	13330873307	13330907303	33996	319.24	314.71	306.70	283.56	1.86	78.28	0.65	54.74	2183.49	-3380.11	1894.27
Fixation L	1	10	13330907303	13331051481	144178	311.30	296.11	24	39	-1	16.15	16.15
Fixation R	1	10	13330907303	13331051481	144178	311.30	296.11	24	39	-1	14.68	14.68
UserEvent	1	65	13330985434	# Message: UE-mouseclick left x=407 y=440
Saccade L	1	24	13331051481	13331078107	26626	317.98	306.45	321.12	299.91	1.57	72.71	0.45	59.01	2690.71	-2890.83	2164.16
Saccade R	1	24	13331051481	13331078107	26626	317.98	306.45	321.12	299.91	1.57	72.71	0.45	59.01	2690.71	-2890.83	2164.16
Saccade L	1	25	13331103431	13331157957	54526	316.37	311.67	302.64	310.86	2.87	88.08	0.70	52.72	3017.30	-2960.35	2167.15
Saccade R	1	25	13331103431	13331157957	54526	316.37	311.67	302.64	310.86	2.87	88.08	0.70	52.72	3017.30	-2960.35	2167.15
Saccade L	1	26	13331168611	13331225893	57282	307.82	321.02	336.69	319.77	5.30	198.12	0.37	92.48	7304.82	-4019.38	2548.90
Saccade R	1	26	13331168611	13331225893	57282	307.82	321.02	336.69	319.77	5.30	198.12	0.37	92.48	7304.82	-4019.38	2548.90
Saccade L	1	27	13331312077	13331369949	57872	300.42	320.87	324.75	381.49	6.50	285.97	0.34	112.29	9370.60	-6863.74	4896.45
Saccade R	1	27	13331312077	13331369949	57872	300.42	320.87	324.75	381.49	6.50	285.97	0.34	112.29	9370.60	-6863.74	4896.45
Saccade L	1	28	13331529708	13331569690	39982	347.77	416.58	339.22	426.73	2.79	211.43	0.20	69.70	4245.60	-5433.85	2554.35
Saccade R	1	28	13331529708	13331569690	39982	347.77	416.58	339.22	426.73	2.79	211.43	0.20	69.70	4245.60	-5433.85	2554.35
Saccade L	1	29	13331681656	13331771416	89760	602.77	200.62	600.59	222.09	14.26	376.19	0.49	158.90	6617.44	-6792.75	2904.97
Saccade R	1	29	13331681656	13331771416	89760	602.77	200.62	600.59	222.09	14.26	376.19	0.49	158.90	6617.44	-6792.75	2904.97
UserEvent	1	86	13331745321	# Message: UE-mouseclick left x=415 y=522
Saccade L	1	30	13331799615	13331833816	34201	408.41	212.99	612.11	244.39	5.97	347.53	0.36	174.60	10630.44	0.00	3236.02
Saccade R	1	30	13331799615	13331833816	34201	408.41	212.99	612.11	244.39	5.97	347.53	0.36	174.60	10630.44	0.00	3236.02
