[BeGaze]
Converted from:	C:\Program Files\SMI\Experiment Suite 360\Experiment Center 2\Results\RC-Attachment-Exp\P04-eye_data.idf
Date:	18.03.2012 20:05:25
Version:	BeGaze 3.0.181
Sample Rate:	500
Subject:	P04
Description:	Run9

Table Header for Fixations:
Event Type	Trial	Number	Start	End	Duration	Location X	Location Y	Dispersion X	Dispersion Y	Plane	Avg. Pupil Size X	Avg. Pupil Size Y

Table Header for Saccades:
Event Type	Trial	Number	Start	End	Duration	Start Loc.X	Start Loc.Y	End Loc.X	End Loc.Y	Amplitude	Peak Speed	Peak Speed At	Average Speed	Peak Accel.	Peak Decel.	Average Accel.

Table Header for Blinks:
Event Type	Trial	Number	Start	End	Duration

Table Header for User Events:
Event Type	Trial	Number	Start	Description

UserEvent	1	1	5388146668	# Message: Dist-srthm-27.jpg
Fixation L	1	1	5388149020	5388652856	503836	504.11	432.71	28	18	-1	12.11	12.11
Fixation R	1	1	5388149020	5388652856	503836	504.11	432.71	28	18	-1	11.74	11.74
Saccade L	1	1	5388652856	5388680818	27962	498.14	435.85	544.20	427.47	0.97	60.00	0.36	34.65	2452.87	-2290.92	1635.33
Saccade R	1	1	5388652856	5388680818	27962	498.14	435.85	544.20	427.47	0.97	60.00	0.36	34.65	2452.87	-2290.92	1635.33
Fixation L	1	2	5388680818	5388866769	185951	546.08	430.53	12	10	-1	11.90	11.90
Fixation R	1	2	5388680818	5388866769	185951	546.08	430.53	12	10	-1	11.64	11.64
Saccade L	1	2	5388866769	5388904799	38030	551.98	428.53	616.04	425.95	1.41	67.55	0.37	36.98	2682.43	-2330.25	1735.05
Saccade R	1	2	5388866769	5388904799	38030	551.98	428.53	616.04	425.95	1.41	67.55	0.37	36.98	2682.43	-2330.25	1735.05
Fixation L	1	3	5388904799	5389156917	252118	621.02	429.61	17	19	-1	11.88	11.88
Fixation R	1	3	5388904799	5389156917	252118	621.02	429.61	17	19	-1	11.55	11.55
Saccade L	1	3	5389156917	5389193025	36108	618.41	428.94	697.98	424.47	1.73	96.14	0.44	47.90	3880.99	-3651.05	2658.46
Saccade R	1	3	5389156917	5389193025	36108	618.41	428.94	697.98	424.47	1.73	96.14	0.44	47.90	3880.99	-3651.05	2658.46
Fixation L	1	4	5389193025	5389551132	358107	701.64	433.01	29	15	-1	12.37	12.37
Fixation R	1	4	5389193025	5389551132	358107	701.64	433.01	29	15	-1	11.93	11.93
Saccade L	1	4	5389551132	5389585155	34023	712.67	435.26	812.21	426.97	2.31	135.53	0.45	67.93	5614.15	-5374.98	3987.04
Saccade R	1	4	5389551132	5389585155	34023	712.67	435.26	812.21	426.97	2.31	135.53	0.45	67.93	5614.15	-5374.98	3987.04
Fixation L	1	5	5389585155	5390393492	808337	838.60	432.82	50	20	-1	13.13	13.13
Fixation R	1	5	5389585155	5390393492	808337	838.60	432.82	50	20	-1	12.52	12.52
Saccade L	1	5	5390393492	5390423509	30017	833.40	435.20	914.32	430.30	1.79	115.98	0.47	59.59	4375.92	-4652.99	3313.54
Saccade R	1	5	5390393492	5390423509	30017	833.40	435.20	914.32	430.30	1.79	115.98	0.47	59.59	4375.92	-4652.99	3313.54
Fixation L	1	6	5390423509	5390659629	236120	914.58	433.09	11	12	-1	13.60	13.60
Fixation R	1	6	5390423509	5390659629	236120	914.58	433.09	11	12	-1	13.14	13.14
Saccade L	1	6	5390659629	5390715612	55983	919.01	434.97	1021.53	505.11	3.02	96.86	0.21	54.03	4111.61	-2368.83	2151.78
Saccade R	1	6	5390659629	5390715612	55983	919.01	434.97	1021.53	505.11	3.02	96.86	0.21	54.03	4111.61	-2368.83	2151.78
Saccade L	1	7	5390757607	5390793670	36063	1019.76	507.16	978.77	451.09	1.52	84.74	0.33	42.14	3528.87	-3058.15	2253.91
Saccade R	1	7	5390757607	5390793670	36063	1019.76	507.16	978.77	451.09	1.52	84.74	0.33	42.14	3528.87	-3058.15	2253.91
Saccade L	1	8	5390853839	5390885734	31895	988.48	466.16	922.03	434.18	1.58	104.91	0.37	49.50	3053.00	-3911.46	2466.58
Saccade R	1	8	5390853839	5390885734	31895	988.48	466.16	922.03	434.18	1.58	104.91	0.37	49.50	3053.00	-3911.46	2466.58
Fixation L	1	7	5390885734	5391065782	180048	922.48	440.03	11	16	-1	13.49	13.49
Fixation R	1	7	5390885734	5391065782	180048	922.48	440.03	11	16	-1	12.82	12.82
Saccade L	1	9	5391065782	5391103879	38097	925.77	443.65	964.86	480.84	1.58	80.95	0.37	41.56	3371.42	-2648.14	2050.16
Saccade R	1	9	5391065782	5391103879	38097	925.77	443.65	964.86	480.84	1.58	80.95	0.37	41.56	3371.42	-2648.14	2050.16
Fixation L	1	8	5391103879	5391239853	135974	962.87	462.08	25	28	-1	12.99	12.99
Fixation R	1	8	5391103879	5391239853	135974	962.87	462.08	25	28	-1	12.81	12.81
Saccade L	1	10	5391239853	5391287850	47997	951.01	459.16	1057.09	434.05	3.23	146.94	0.58	67.24	5015.54	-5965.38	3542.32
Saccade R	1	10	5391239853	5391287850	47997	951.01	459.16	1057.09	434.05	3.23	146.94	0.58	67.24	5015.54	-5965.38	3542.32
Fixation L	1	9	5391287850	5391646107	358257	1059.00	439.13	25	25	-1	13.60	13.60
Fixation R	1	9	5391287850	5391646107	358257	1059.00	439.13	25	25	-1	13.01	13.01
Saccade L	1	11	5391646107	5391688100	41993	1049.79	443.89	1130.16	446.28	1.81	95.52	0.57	43.13	3492.25	-3607.96	2411.76
Saccade R	1	11	5391646107	5391688100	41993	1049.79	443.89	1130.16	446.28	1.81	95.52	0.57	43.13	3492.25	-3607.96	2411.76
Fixation L	1	10	5391688100	5392120211	432111	1117.81	440.82	32	23	-1	12.92	12.92
Fixation R	1	10	5391688100	5392120211	432111	1117.81	440.82	32	23	-1	12.54	12.54
Saccade L	1	12	5392120211	5392196351	76140	1121.15	437.77	937.82	840.17	10.17	283.78	0.26	133.61	12351.93	-7128.71	5395.45
Saccade R	1	12	5392120211	5392196351	76140	1121.15	437.77	937.82	840.17	10.17	283.78	0.26	133.61	12351.93	-7128.71	5395.45
Fixation L	1	11	5392196351	5392308362	112011	933.23	846.55	15	13	-1	13.23	13.23
Fixation R	1	11	5392196351	5392308362	112011	933.23	846.55	15	13	-1	12.46	12.46
Saccade L	1	13	5392308362	5392338327	29965	939.08	851.53	886.48	944.70	2.34	153.96	0.47	78.12	6379.93	-6236.56	4665.87
Saccade R	1	13	5392308362	5392338327	29965	939.08	851.53	886.48	944.70	2.34	153.96	0.47	78.12	6379.93	-6236.56	4665.87
Fixation L	1	12	5392338327	5392758573	420246	890.73	946.93	30	32	-1	13.06	13.06
Fixation R	1	12	5392338327	5392758573	420246	890.73	946.93	30	32	-1	12.36	12.36
Blink L	1	1	5392758573	5393000771	242198
Blink R	1	1	5392758573	5393000771	242198
Fixation L	1	13	5393000771	5393168696	167925	889.47	933.13	15	76	-1	12.53	12.53
Fixation R	1	13	5393000771	5393168696	167925	889.47	933.13	15	76	-1	11.90	11.90
Saccade L	1	14	5393168696	5393198697	30001	883.91	956.81	923.02	934.92	0.96	49.46	0.49	32.07	2026.92	-1912.40	1423.41
Saccade R	1	14	5393168696	5393198697	30001	883.91	956.81	923.02	934.92	0.96	49.46	0.49	32.07	2026.92	-1912.40	1423.41
Fixation L	1	14	5393198697	5393570935	372238	932.45	948.60	18	29	-1	12.53	12.53
Fixation R	1	14	5393198697	5393570935	372238	932.45	948.60	18	29	-1	11.65	11.65
