[BeGaze]
Converted from:	C:\Program Files\SMI\Experiment Suite 360\Experiment Center 2\Results\RC-Attachment-Exp\P20-eye_data.idf
Date:	18.03.2012 20:15:59
Version:	BeGaze 3.0.181
Sample Rate:	500
Subject:	P20
Description:	Run25

Table Header for Fixations:
Event Type	Trial	Number	Start	End	Duration	Location X	Location Y	Dispersion X	Dispersion Y	Plane	Avg. Pupil Size X	Avg. Pupil Size Y

Table Header for Saccades:
Event Type	Trial	Number	Start	End	Duration	Start Loc.X	Start Loc.Y	End Loc.X	End Loc.Y	Amplitude	Peak Speed	Peak Speed At	Average Speed	Peak Accel.	Peak Decel.	Average Accel.

Table Header for Blinks:
Event Type	Trial	Number	Start	End	Duration

Table Header for User Events:
Event Type	Trial	Number	Start	Description

UserEvent	1	1	19466196218	# Message: RC-nonforced-anim-6.jpg
Fixation L	1	1	19466198037	19466894385	696348	504.74	443.15	22	47	-1	12.54	12.54
Fixation R	1	1	19466198037	19466894385	696348	504.74	443.15	22	47	-1	12.29	12.29
Saccade L	1	1	19466894385	19466918450	24065	509.89	434.65	577.52	448.81	1.53	118.41	0.50	63.50	4122.95	-4761.73	3098.00
Saccade R	1	1	19466894385	19466918450	24065	509.89	434.65	577.52	448.81	1.53	118.41	0.50	63.50	4122.95	-4761.73	3098.00
Fixation L	1	2	19466918450	19467014442	95992	579.56	450.81	17	12	-1	13.07	13.07
Fixation R	1	2	19466918450	19467014442	95992	579.56	450.81	17	12	-1	12.98	12.98
Fixation L	1	3	19467032363	19467332501	300138	547.20	450.28	34	30	-1	13.11	13.11
Fixation R	1	3	19467032363	19467332501	300138	547.20	450.28	34	30	-1	12.94	12.94
Saccade L	1	2	19467332501	19467356482	23981	560.40	445.80	614.87	451.67	1.03	70.55	0.42	42.87	2498.21	-2689.17	1847.95
Saccade R	1	2	19467332501	19467356482	23981	560.40	445.80	614.87	451.67	1.03	70.55	0.42	42.87	2498.21	-2689.17	1847.95
Fixation L	1	4	19467356482	19467534588	178106	618.10	452.38	15	17	-1	13.03	13.03
Fixation R	1	4	19467356482	19467534588	178106	618.10	452.38	15	17	-1	12.87	12.87
Saccade L	1	3	19467534588	19467556606	22018	625.49	458.66	664.72	459.55	0.80	56.41	0.55	36.51	2087.47	-1845.24	1364.81
Saccade R	1	3	19467534588	19467556606	22018	625.49	458.66	664.72	459.55	0.80	56.41	0.55	36.51	2087.47	-1845.24	1364.81
Fixation L	1	5	19467556606	19468505054	948448	672.64	448.76	45	35	-1	12.95	12.95
Fixation R	1	5	19467556606	19468505054	948448	672.64	448.76	45	35	-1	12.78	12.78
Saccade L	1	4	19468505054	19468537070	32016	671.44	437.69	739.19	447.70	1.44	79.21	0.38	44.83	3265.22	-2782.93	2133.99
Saccade R	1	4	19468505054	19468537070	32016	671.44	437.69	739.19	447.70	1.44	79.21	0.38	44.83	3265.22	-2782.93	2133.99
Fixation L	1	6	19468537070	19469085295	548225	767.99	444.89	60	19	-1	12.92	12.92
Fixation R	1	6	19468537070	19469085295	548225	767.99	444.89	60	19	-1	12.78	12.78
Saccade L	1	5	19469085295	19469113293	27998	783.10	446.61	838.80	447.45	1.16	69.07	0.43	41.39	2760.28	-2383.93	1795.04
Saccade R	1	5	19469085295	19469113293	27998	783.10	446.61	838.80	447.45	1.16	69.07	0.43	41.39	2760.28	-2383.93	1795.04
Fixation L	1	7	19469113293	19469261411	148118	843.35	446.35	18	13	-1	12.89	12.89
Fixation R	1	7	19469113293	19469261411	148118	843.35	446.35	18	13	-1	12.84	12.84
Saccade L	1	6	19469261411	19469285393	23982	830.16	441.46	911.54	445.29	1.70	131.17	0.50	70.81	5132.40	-5511.71	3747.46
Saccade R	1	6	19469261411	19469285393	23982	830.16	441.46	911.54	445.29	1.70	131.17	0.50	70.81	5132.40	-5511.71	3747.46
Fixation L	1	8	19469285393	19469483472	198079	919.20	456.99	17	24	-1	12.91	12.91
Fixation R	1	8	19469285393	19469483472	198079	919.20	456.99	17	24	-1	12.93	12.93
Saccade L	1	7	19469483472	19469507511	24039	922.78	470.91	961.44	468.02	0.80	52.41	0.41	33.35	2107.25	-2014.57	1419.90
Saccade R	1	7	19469483472	19469507511	24039	922.78	470.91	961.44	468.02	0.80	52.41	0.41	33.35	2107.25	-2014.57	1419.90
Fixation L	1	9	19469507511	19470688008	1180497	962.00	456.16	51	26	-1	12.36	12.36
Fixation R	1	9	19469507511	19470688008	1180497	962.00	456.16	51	26	-1	12.33	12.33
Saccade L	1	8	19470705996	19470735963	29967	958.31	452.52	1056.44	446.02	2.00	121.89	0.53	66.75	4085.38	-5073.73	3386.63
Saccade R	1	8	19470705996	19470735963	29967	958.31	452.52	1056.44	446.02	2.00	121.89	0.53	66.75	4085.38	-5073.73	3386.63
Fixation L	1	10	19470735963	19470821974	86011	1060.44	443.89	6	6	-1	12.10	12.10
Fixation R	1	10	19470735963	19470821974	86011	1060.44	443.89	6	6	-1	12.11	12.11
Fixation L	1	11	19470841977	19470968190	126213	1068.60	434.77	41	35	-1	12.06	12.06
Fixation R	1	11	19470841977	19470968190	126213	1068.60	434.77	41	35	-1	12.04	12.04
Saccade L	1	9	19470968190	19471002078	33888	1058.75	425.81	1065.33	443.53	0.88	40.62	0.66	26.00	1244.15	-934.01	752.96
Saccade R	1	9	19470968190	19471002078	33888	1058.75	425.81	1065.33	443.53	0.88	40.62	0.66	26.00	1244.15	-934.01	752.96
Fixation L	1	12	19471002078	19471070106	68028	1058.73	432.75	13	20	-1	12.08	12.08
Fixation R	1	12	19471002078	19471070106	68028	1058.73	432.75	13	20	-1	12.07	12.07
Saccade L	1	10	19471070106	19471100324	30218	1054.29	430.47	1115.44	364.52	2.19	137.84	0.53	72.40	5416.82	-4990.59	3811.83
Saccade R	1	10	19471070106	19471100324	30218	1054.29	430.47	1115.44	364.52	2.19	137.84	0.53	72.40	5416.82	-4990.59	3811.83
Saccade L	1	11	19471108085	19471130201	22116	1120.76	363.94	1120.97	416.72	1.21	95.39	0.45	54.66	3068.18	-1157.01	1474.44
Saccade R	1	11	19471108085	19471130201	22116	1120.76	363.94	1120.97	416.72	1.21	95.39	0.45	54.66	3068.18	-1157.01	1474.44
Saccade L	1	12	19471134199	19471164352	30153	1128.94	420.00	1092.83	375.08	1.41	65.51	0.27	46.81	752.02	-2345.83	1158.58
Saccade R	1	12	19471134199	19471164352	30153	1128.94	420.00	1092.83	375.08	1.41	65.51	0.27	46.81	752.02	-2345.83	1158.58
Fixation L	1	13	19471164352	19471252197	87845	1102.38	374.78	29	31	-1	12.03	12.03
Fixation R	1	13	19471164352	19471252197	87845	1102.38	374.78	29	31	-1	12.09	12.09
Saccade L	1	13	19471252197	19471274195	21998	1115.31	355.02	1088.36	335.51	1.04	83.76	0.46	47.18	2132.98	-1758.91	1269.31
Saccade R	1	13	19471252197	19471274195	21998	1115.31	355.02	1088.36	335.51	1.04	83.76	0.46	47.18	2132.98	-1758.91	1269.31
Saccade L	1	14	19471470340	19471510374	40034	1108.65	261.08	1056.37	232.93	1.72	66.46	0.25	42.86	2003.37	-1929.75	1549.92
Saccade R	1	14	19471470340	19471510374	40034	1108.65	261.08	1056.37	232.93	1.72	66.46	0.25	42.86	2003.37	-1929.75	1549.92
Fixation L	1	14	19471510374	19471732423	222049	1058.58	228.03	29	27	-1	12.62	12.62
Fixation R	1	14	19471510374	19471732423	222049	1058.58	228.03	29	27	-1	12.63	12.63
Fixation L	1	15	19471754422	19471832419	77997	1054.93	211.83	35	7	-1	12.82	12.82
Fixation R	1	15	19471754422	19471832419	77997	1054.93	211.83	35	7	-1	12.80	12.80
Saccade L	1	15	19471850420	19471918432	68012	1030.75	213.10	631.91	437.90	15.65	438.25	0.21	230.04	14927.50	-13487.07	8247.42
Saccade R	1	15	19471850420	19471918432	68012	1030.75	213.10	631.91	437.90	15.65	438.25	0.21	230.04	14927.50	-13487.07	8247.42
Fixation L	1	16	19471918432	19472052534	134102	627.97	439.69	14	9	-1	13.10	13.10
Fixation R	1	16	19471918432	19472052534	134102	627.97	439.69	14	9	-1	12.94	12.94
Saccade L	1	16	19472052534	19472074536	22002	635.10	439.84	587.31	442.18	1.00	75.10	0.45	45.30	3020.57	-2932.47	2026.71
Saccade R	1	16	19472052534	19472074536	22002	635.10	439.84	587.31	442.18	1.00	75.10	0.45	45.30	3020.57	-2932.47	2026.71
Fixation L	1	17	19472074536	19472248777	174241	585.56	439.74	13	23	-1	12.99	12.99
Fixation R	1	17	19472074536	19472248777	174241	585.56	439.74	13	23	-1	12.98	12.98
Saccade L	1	17	19472248777	19472274656	25879	583.74	451.08	696.59	447.92	2.41	175.24	0.46	93.17	7204.04	-6973.81	5155.40
Saccade R	1	17	19472248777	19472274656	25879	583.74	451.08	696.59	447.92	2.41	175.24	0.46	93.17	7204.04	-6973.81	5155.40
Fixation L	1	18	19472274656	19472474812	200156	698.79	451.14	17	17	-1	12.86	12.86
Fixation R	1	18	19472274656	19472474812	200156	698.79	451.14	17	17	-1	12.89	12.89
Saccade L	1	18	19472474812	19472550763	75951	700.33	449.85	959.03	820.65	10.22	363.31	0.24	134.54	15473.91	-7984.17	6304.57
Saccade R	1	18	19472474812	19472550763	75951	700.33	449.85	959.03	820.65	10.22	363.31	0.24	134.54	15473.91	-7984.17	6304.57
Fixation L	1	19	19472550763	19472696762	145999	963.62	822.31	25	26	-1	13.02	13.02
Fixation R	1	19	19472550763	19472696762	145999	963.62	822.31	25	26	-1	12.89	12.89
Saccade L	1	19	19472696762	19472738916	42154	966.28	830.12	953.10	988.58	3.48	194.69	0.38	82.49	8134.35	-7219.34	5095.76
Saccade R	1	19	19472696762	19472738916	42154	966.28	830.12	953.10	988.58	3.48	194.69	0.38	82.49	8134.35	-7219.34	5095.76
Fixation L	1	20	19472738916	19472886902	147986	950.60	1000.09	13	30	-1	13.47	13.47
Fixation R	1	20	19472738916	19472886902	147986	950.60	1000.09	13	30	-1	13.37	13.37
Saccade L	1	20	19472886902	19472921210	34308	954.36	1003.98	847.47	998.78	2.44	162.94	0.64	71.13	6163.95	-6097.14	4088.81
Saccade R	1	20	19472886902	19472921210	34308	954.36	1003.98	847.47	998.78	2.44	162.94	0.64	71.13	6163.95	-6097.14	4088.81
Fixation L	1	21	19472921210	19473001001	79791	857.04	992.20	16	10	-1	13.83	13.83
Fixation R	1	21	19472921210	19473001001	79791	857.04	992.20	16	10	-1	13.30	13.30
Fixation L	1	22	19473021029	19473238987	217958	847.72	984.25	27	23	-1	13.70	13.70
Fixation R	1	22	19473021029	19473238987	217958	847.72	984.25	27	23	-1	13.45	13.45
