[BeGaze]
Converted from:	C:\Program Files\SMI\Experiment Suite 360\Experiment Center 2\Results\RC-Attachment-Exp\P34-eye_data.idf
Date:	18.03.2012 20:30:56
Version:	BeGaze 3.0.181
Sample Rate:	500
Subject:	P34
Description:	Run39

Table Header for Fixations:
Event Type	Trial	Number	Start	End	Duration	Location X	Location Y	Dispersion X	Dispersion Y	Plane	Avg. Pupil Size X	Avg. Pupil Size Y

Table Header for Saccades:
Event Type	Trial	Number	Start	End	Duration	Start Loc.X	Start Loc.Y	End Loc.X	End Loc.Y	Amplitude	Peak Speed	Peak Speed At	Average Speed	Peak Accel.	Peak Decel.	Average Accel.

Table Header for Blinks:
Event Type	Trial	Number	Start	End	Duration

Table Header for User Events:
Event Type	Trial	Number	Start	Description

UserEvent	1	1	4414159982	# Message: RC-N2forced-nonanim-3x.jpg
Fixation L	1	1	4414160806	4415069568	908762	521.25	461.44	49	58	-1	15.66	15.66
Fixation R	1	1	4414160806	4415069568	908762	521.25	461.44	49	58	-1	15.58	15.58
Blink L	1	1	4415069568	4415237248	167680
Blink R	1	1	4415069568	4415237248	167680
Fixation L	1	2	4415271232	4415489348	218116	589.02	444.89	28	28	-1	15.44	15.44
Fixation R	1	2	4415271232	4415489348	218116	589.02	444.89	28	28	-1	15.57	15.57
Blink L	1	2	4415489348	4415721865	232517
Blink R	1	2	4415489348	4415721865	232517
Fixation L	1	3	4415721865	4415905578	183713	550.11	438.28	23	34	-1	14.85	14.85
Fixation R	1	3	4415721865	4415905578	183713	550.11	438.28	23	34	-1	14.71	14.71
Fixation L	1	4	4415929585	4416033574	103989	585.41	463.72	38	31	-1	15.22	15.22
Fixation R	1	4	4415929585	4416033574	103989	585.41	463.72	38	31	-1	15.00	15.00
Saccade L	1	1	4416033574	4416061581	28007	606.08	464.54	560.05	450.11	1.10	61.69	0.57	39.12	1790.83	-2455.66	1548.55
Saccade R	1	1	4416033574	4416061581	28007	606.08	464.54	560.05	450.11	1.10	61.69	0.57	39.12	1790.83	-2455.66	1548.55
Fixation L	1	5	4416061581	4416139703	78122	581.91	458.50	48	16	-1	14.97	14.97
Fixation R	1	5	4416061581	4416139703	78122	581.91	458.50	48	16	-1	14.87	14.87
Saccade L	1	2	4416139703	4416161700	21997	588.26	457.86	668.29	452.27	1.72	153.91	0.46	78.26	5584.53	-5588.09	3493.39
Saccade R	1	2	4416139703	4416161700	21997	588.26	457.86	668.29	452.27	1.72	153.91	0.46	78.26	5584.53	-5588.09	3493.39
Fixation L	1	6	4416161700	4416339707	178007	670.60	451.95	44	28	-1	14.40	14.40
Fixation R	1	6	4416161700	4416339707	178007	670.60	451.95	44	28	-1	14.43	14.43
Saccade L	1	3	4416339707	4416381692	41985	659.32	440.09	768.74	412.03	2.49	121.69	0.33	59.25	4833.74	-3751.23	2847.17
Saccade R	1	3	4416339707	4416381692	41985	659.32	440.09	768.74	412.03	2.49	121.69	0.33	59.25	4833.74	-3751.23	2847.17
Fixation L	1	7	4416381692	4416765927	384235	769.95	428.83	35	42	-1	14.26	14.26
Fixation R	1	7	4416381692	4416765927	384235	769.95	428.83	35	42	-1	13.97	13.97
Saccade L	1	4	4416765927	4416795359	29432	765.95	455.75	847.40	450.59	1.84	118.34	0.48	62.43	4455.84	-4599.60	3271.42
Saccade R	1	4	4416765927	4416795359	29432	765.95	455.75	847.40	450.59	1.84	118.34	0.48	62.43	4455.84	-4599.60	3271.42
Fixation L	1	8	4416795359	4416967916	172557	848.95	441.50	23	22	-1	14.22	14.22
Fixation R	1	8	4416795359	4416967916	172557	848.95	441.50	23	22	-1	13.97	13.97
Saccade L	1	5	4417020043	4417054042	33999	810.74	464.41	752.35	459.75	1.17	56.44	0.29	34.32	1765.23	-1646.95	1273.14
Saccade R	1	5	4417020043	4417054042	33999	810.74	464.41	752.35	459.75	1.17	56.44	0.29	34.32	1765.23	-1646.95	1273.14
Fixation L	1	9	4417054042	4417186037	131995	760.29	440.84	46	36	-1	14.28	14.28
Fixation R	1	9	4417054042	4417186037	131995	760.29	440.84	46	36	-1	14.04	14.04
Saccade L	1	6	4417186037	4417218163	32126	788.33	447.24	867.92	421.52	1.80	106.80	0.37	56.00	4135.09	-3900.85	2826.68
Saccade R	1	6	4417186037	4417218163	32126	788.33	447.24	867.92	421.52	1.80	106.80	0.37	56.00	4135.09	-3900.85	2826.68
Fixation L	1	10	4417218163	4417366156	147993	847.33	427.24	40	12	-1	14.60	14.60
Fixation R	1	10	4417218163	4417366156	147993	847.33	427.24	40	12	-1	14.24	14.24
Blink L	1	3	4417366156	4417556168	190012
Blink R	1	3	4417366156	4417556168	190012
Fixation L	1	11	4417556168	4417650269	94101	893.12	424.88	19	34	-1	14.86	14.86
Fixation R	1	11	4417556168	4417650269	94101	893.12	424.88	19	34	-1	14.61	14.61
Saccade L	1	7	4417650269	4417680269	30000	878.80	432.31	926.76	419.14	1.32	75.57	0.47	43.89	2437.87	-2669.94	1836.26
Saccade R	1	7	4417650269	4417680269	30000	878.80	432.31	926.76	419.14	1.32	75.57	0.47	43.89	2437.87	-2669.94	1836.26
Fixation L	1	12	4417680269	4417928386	248117	915.92	439.83	23	43	-1	14.78	14.78
Fixation R	1	12	4417680269	4417928386	248117	915.92	439.83	23	43	-1	14.60	14.60
Saccade L	1	8	4417928386	4417964559	36173	907.26	417.41	1000.31	421.35	2.29	132.43	0.39	63.20	4885.47	-4875.36	3420.74
Saccade R	1	8	4417928386	4417964559	36173	907.26	417.41	1000.31	421.35	2.29	132.43	0.39	63.20	4885.47	-4875.36	3420.74
Fixation L	1	13	4417964559	4418772752	808193	998.22	444.37	55	55	-1	14.33	14.33
Fixation R	1	13	4417964559	4418772752	808193	998.22	444.37	55	55	-1	14.20	14.20
Saccade L	1	9	4418772752	4418806728	33976	992.26	457.99	1111.27	438.52	3.07	198.28	0.41	90.33	8056.84	-7869.81	5614.00
Saccade R	1	9	4418772752	4418806728	33976	992.26	457.99	1111.27	438.52	3.07	198.28	0.41	90.33	8056.84	-7869.81	5614.00
Fixation L	1	14	4418806728	4419445087	638359	1147.35	428.81	80	40	-1	14.55	14.55
Fixation R	1	14	4418806728	4419445087	638359	1147.35	428.81	80	40	-1	14.37	14.37
Blink L	1	4	4419445087	4419625097	180010
Blink R	1	4	4419445087	4419625097	180010
Fixation L	1	15	4419625097	4419767997	142900	712.26	409.40	25	14	-1	14.27	14.27
Fixation R	1	15	4419625097	4419767997	142900	712.26	409.40	25	14	-1	13.72	13.72
Blink L	1	5	4419767997	4419967308	199311
Blink R	1	5	4419767997	4419967308	199311
Fixation L	1	16	4419967308	4420285424	318116	919.50	961.75	40	71	-1	14.46	14.46
Fixation R	1	16	4419967308	4420285424	318116	919.50	961.75	40	71	-1	14.22	14.22
Saccade L	1	10	4420285424	4420311426	26002	921.88	967.33	939.08	925.69	0.96	53.65	0.46	36.92	1629.81	-2105.90	1363.74
Saccade R	1	10	4420285424	4420311426	26002	921.88	967.33	939.08	925.69	0.96	53.65	0.46	36.92	1629.81	-2105.90	1363.74
Fixation L	1	17	4420311426	4420451542	140116	939.33	942.64	5	28	-1	13.85	13.85
Fixation R	1	17	4420311426	4420451542	140116	939.33	942.64	5	28	-1	13.81	13.81
