[BeGaze]
Converted from:	C:\Program Files\SMI\Experiment Suite 360\Experiment Center 2\Results\RC-Attachment-Exp\P26-eye_data.idf
Date:	18.03.2012 20:21:35
Version:	BeGaze 3.0.181
Sample Rate:	500
Subject:	P26
Description:	Run31

Table Header for Fixations:
Event Type	Trial	Number	Start	End	Duration	Location X	Location Y	Dispersion X	Dispersion Y	Plane	Avg. Pupil Size X	Avg. Pupil Size Y

Table Header for Saccades:
Event Type	Trial	Number	Start	End	Duration	Start Loc.X	Start Loc.Y	End Loc.X	End Loc.Y	Amplitude	Peak Speed	Peak Speed At	Average Speed	Peak Accel.	Peak Decel.	Average Accel.

Table Header for Blinks:
Event Type	Trial	Number	Start	End	Duration

Table Header for User Events:
Event Type	Trial	Number	Start	Description

UserEvent	1	1	12894376302	# Message: Dist-srthm-24.jpg
Fixation L	1	1	12894377552	12895033762	656210	536.15	478.67	32	57	-1	10.72	10.72
Fixation R	1	1	12894377552	12895033762	656210	536.15	478.67	32	57	-1	10.47	10.47
Fixation L	1	2	12895053765	12895251875	198110	584.77	464.68	23	26	-1	10.54	10.54
Fixation R	1	2	12895053765	12895251875	198110	584.77	464.68	23	26	-1	10.36	10.36
Saccade L	1	1	12895251875	12895291884	40009	574.22	477.09	692.41	467.43	2.62	147.85	0.35	65.50	6162.80	-5458.17	3800.02
Saccade R	1	1	12895251875	12895291884	40009	574.22	477.09	692.41	467.43	2.62	147.85	0.35	65.50	6162.80	-5458.17	3800.02
Fixation L	1	3	12895291884	12895474006	182122	683.12	455.14	29	34	-1	10.39	10.39
Fixation R	1	3	12895291884	12895474006	182122	683.12	455.14	29	34	-1	10.35	10.35
Saccade L	1	2	12895474006	12895514039	40033	688.20	446.12	776.48	441.07	1.92	72.73	0.40	47.87	2795.34	-2474.07	1968.79
Saccade R	1	2	12895474006	12895514039	40033	688.20	446.12	776.48	441.07	1.92	72.73	0.40	47.87	2795.34	-2474.07	1968.79
Fixation L	1	4	12895514039	12895664128	150089	766.65	447.68	30	16	-1	10.54	10.54
Fixation R	1	4	12895514039	12895664128	150089	766.65	447.68	30	16	-1	10.36	10.36
Saccade L	1	3	12895664128	12895686139	22011	748.13	456.71	819.16	457.66	1.50	123.94	0.45	68.05	4806.03	-4480.59	3071.87
Saccade R	1	3	12895664128	12895686139	22011	748.13	456.71	819.16	457.66	1.50	123.94	0.45	68.05	4806.03	-4480.59	3071.87
Fixation L	1	5	12895686139	12896010230	324091	849.90	458.18	43	32	-1	10.52	10.52
Fixation R	1	5	12895686139	12896010230	324091	849.90	458.18	43	32	-1	10.29	10.29
Saccade L	1	4	12896010230	12896040232	30002	848.06	471.31	891.97	450.62	1.02	48.00	0.27	34.00	1773.57	-1736.34	1326.41
Saccade R	1	4	12896010230	12896040232	30002	848.06	471.31	891.97	450.62	1.02	48.00	0.27	34.00	1773.57	-1736.34	1326.41
Fixation L	1	6	12896040232	12896440341	400109	898.17	464.45	31	36	-1	10.18	10.18
Fixation R	1	6	12896040232	12896440341	400109	898.17	464.45	31	36	-1	9.92	9.92
Saccade L	1	5	12896440341	12896464463	24122	898.30	461.86	937.28	449.28	0.89	58.03	0.41	37.09	2203.49	-2150.15	1467.17
Saccade R	1	5	12896440341	12896464463	24122	898.30	461.86	937.28	449.28	0.89	58.03	0.41	37.09	2203.49	-2150.15	1467.17
Fixation L	1	7	12896464463	12896810579	346116	946.62	457.77	15	28	-1	10.27	10.27
Fixation R	1	7	12896464463	12896810579	346116	946.62	457.77	15	28	-1	10.01	10.01
Saccade L	1	6	12896810579	12896849074	38495	943.04	443.93	1002.20	434.41	1.47	61.79	0.47	38.29	2163.50	-2369.20	1643.79
Saccade R	1	6	12896810579	12896849074	38495	943.04	443.93	1002.20	434.41	1.47	61.79	0.47	38.29	2163.50	-2369.20	1643.79
Fixation L	1	8	12896849074	12896908580	59506	997.57	443.60	23	22	-1	10.14	10.14
Fixation R	1	8	12896849074	12896908580	59506	997.57	443.60	23	22	-1	9.76	9.76
Saccade L	1	7	12896908580	12896936571	27991	984.43	450.08	996.24	406.44	0.97	48.94	0.43	34.69	1832.40	-1638.77	1210.53
Saccade R	1	7	12896908580	12896936571	27991	984.43	450.08	996.24	406.44	0.97	48.94	0.43	34.69	1832.40	-1638.77	1210.53
Saccade L	1	8	12896942573	12896980576	38003	996.80	407.68	1000.46	467.51	1.48	57.47	0.46	38.84	1899.84	-1406.01	1122.59
Saccade R	1	8	12896942573	12896980576	38003	996.80	407.68	1000.46	467.51	1.48	57.47	0.46	38.84	1899.84	-1406.01	1122.59
Saccade L	1	9	12896980576	12897020594	40018	1000.46	467.51	1074.19	437.72	2.27	115.89	0.40	56.82	3420.25	-3752.30	2577.57
Saccade R	1	9	12896980576	12897020594	40018	1000.46	467.51	1074.19	437.72	2.27	115.89	0.40	56.82	3420.25	-3752.30	2577.57
Fixation L	1	9	12897020594	12897201249	180655	1073.64	436.59	40	39	-1	10.09	10.09
Fixation R	1	9	12897020594	12897201249	180655	1073.64	436.59	40	39	-1	9.34	9.34
Saccade L	1	10	12897201249	12897226692	25443	1070.85	426.54	1119.98	419.96	1.07	70.60	0.45	42.01	2644.09	-2271.39	1710.47
Saccade R	1	10	12897201249	12897226692	25443	1070.85	426.54	1119.98	419.96	1.07	70.60	0.45	42.01	2644.09	-2271.39	1710.47
Fixation L	1	10	12897226692	12897368809	142117	1114.77	406.15	16	20	-1	9.95	9.95
Fixation R	1	10	12897226692	12897368809	142117	1114.77	406.15	16	20	-1	8.97	8.97
Saccade L	1	11	12897368809	12897437084	68275	1109.83	404.76	919.16	902.28	13.23	330.09	0.58	193.84	13566.51	-12957.92	8476.39
Saccade R	1	11	12897368809	12897437084	68275	1109.83	404.76	919.16	902.28	13.23	330.09	0.58	193.84	13566.51	-12957.92	8476.39
Fixation L	1	11	12897437084	12898471270	1034186	908.33	915.07	51	50	-1	11.01	11.01
Fixation R	1	11	12897437084	12898471270	1034186	908.33	915.07	51	50	-1	10.77	10.77
Saccade L	1	12	12898471270	12898501273	30003	909.63	926.21	884.89	938.50	1.41	86.47	0.40	47.15	3000.92	-2764.58	1930.79
Saccade R	1	12	12898471270	12898501273	30003	909.63	926.21	884.89	938.50	1.41	86.47	0.40	47.15	3000.92	-2764.58	1930.79
Fixation L	1	12	12898501273	12898801491	300218	877.65	940.40	26	29	-1	11.92	11.92
Fixation R	1	12	12898501273	12898801491	300218	877.65	940.40	26	29	-1	11.91	11.91
Saccade L	1	13	12898801491	12898827411	25920	876.91	944.01	918.83	941.02	0.93	55.61	0.54	35.77	2216.94	-2135.13	1539.93
Saccade R	1	13	12898801491	12898827411	25920	876.91	944.01	918.83	941.02	0.93	55.61	0.54	35.77	2216.94	-2135.13	1539.93
Fixation L	1	13	12898827411	12899081503	254092	918.07	931.06	22	38	-1	12.15	12.15
Fixation R	1	13	12898827411	12899081503	254092	918.07	931.06	22	38	-1	11.72	11.72
