[BeGaze]
Converted from:	C:\Program Files\SMI\Experiment Suite 360\Experiment Center 2\Results\RC-Attachment-Exp\P17-eye_data.idf
Date:	18.03.2012 20:12:59
Version:	BeGaze 3.0.181
Sample Rate:	500
Subject:	P17
Description:	Run22

Table Header for Fixations:
Event Type	Trial	Number	Start	End	Duration	Location X	Location Y	Dispersion X	Dispersion Y	Plane	Avg. Pupil Size X	Avg. Pupil Size Y

Table Header for Saccades:
Event Type	Trial	Number	Start	End	Duration	Start Loc.X	Start Loc.Y	End Loc.X	End Loc.Y	Amplitude	Peak Speed	Peak Speed At	Average Speed	Peak Accel.	Peak Decel.	Average Accel.

Table Header for Blinks:
Event Type	Trial	Number	Start	End	Duration

Table Header for User Events:
Event Type	Trial	Number	Start	Description

UserEvent	1	1	16084587445	# Message: Dist-srcop-12.jpg
Fixation L	1	1	16084588580	16085322782	734202	504.96	454.30	33	34	-1	12.98	12.98
Fixation R	1	1	16084588580	16085322782	734202	504.96	454.30	33	34	-1	12.54	12.54
Saccade L	1	1	16085322782	16085350908	28126	495.84	452.60	556.07	461.64	1.30	71.22	0.43	46.25	2929.65	-2646.96	2025.53
Saccade R	1	1	16085322782	16085350908	28126	495.84	452.60	556.07	461.64	1.30	71.22	0.43	46.25	2929.65	-2646.96	2025.53
Fixation L	1	2	16085350908	16085811016	460108	590.84	449.38	74	24	-1	12.86	12.86
Fixation R	1	2	16085350908	16085811016	460108	590.84	449.38	74	24	-1	12.52	12.52
Saccade L	1	2	16085811016	16085851020	40004	601.53	443.24	707.40	443.28	2.33	113.52	0.40	58.33	4327.12	-4032.42	2949.07
Saccade R	1	2	16085811016	16085851020	40004	601.53	443.24	707.40	443.28	2.33	113.52	0.40	58.33	4327.12	-4032.42	2949.07
Fixation L	1	3	16085851020	16085969161	118141	711.55	449.11	22	17	-1	12.83	12.83
Fixation R	1	3	16085851020	16085969161	118141	711.55	449.11	22	17	-1	12.55	12.55
Blink L	1	1	16085969161	16086144701	175540
Blink R	1	1	16085969161	16086144701	175540
Saccade L	1	3	16086149124	16086173633	24509	787.99	445.99	834.96	435.83	1.00	61.14	0.41	40.75	832.07	-2225.66	1172.73
Saccade R	1	3	16086149124	16086173633	24509	787.99	445.99	834.96	435.83	1.00	61.14	0.41	40.75	832.07	-2225.66	1172.73
Fixation L	1	4	16086173633	16086356987	183354	840.93	450.17	13	34	-1	13.01	13.01
Fixation R	1	4	16086173633	16086356987	183354	840.93	450.17	13	34	-1	12.59	12.59
Saccade L	1	4	16086356987	16086383363	26376	846.07	452.76	890.35	453.21	0.91	51.43	0.31	34.33	2153.20	-1887.78	1435.47
Saccade R	1	4	16086356987	16086383363	26376	846.07	452.76	890.35	453.21	0.91	51.43	0.31	34.33	2153.20	-1887.78	1435.47
Fixation L	1	5	16086383363	16086643366	260003	887.72	448.74	31	23	-1	12.67	12.67
Fixation R	1	5	16086383363	16086643366	260003	887.72	448.74	31	23	-1	12.25	12.25
Saccade L	1	5	16086643366	16086668355	24989	897.75	440.00	957.06	445.83	1.46	111.27	0.51	58.43	3990.95	-4216.74	2794.41
Saccade R	1	5	16086643366	16086668355	24989	897.75	440.00	957.06	445.83	1.46	111.27	0.51	58.43	3990.95	-4216.74	2794.41
Fixation L	1	6	16086668355	16086879476	211121	974.31	447.96	38	23	-1	12.00	12.00
Fixation R	1	6	16086668355	16086879476	211121	974.31	447.96	38	23	-1	11.59	11.59
Saccade L	1	6	16086879476	16086920894	41418	980.48	447.63	1067.76	419.02	2.09	83.54	0.29	50.49	3213.50	-2262.15	1946.63
Saccade R	1	6	16086879476	16086920894	41418	980.48	447.63	1067.76	419.02	2.09	83.54	0.29	50.49	3213.50	-2262.15	1946.63
Fixation L	1	7	16086920894	16087149587	228693	1079.25	425.43	21	22	-1	11.66	11.66
Fixation R	1	7	16086920894	16087149587	228693	1079.25	425.43	21	22	-1	11.35	11.35
Saccade L	1	7	16087149587	16087182324	32737	1072.88	431.95	1136.74	433.20	1.45	72.97	0.37	44.27	2995.42	-2712.15	2028.24
Saccade R	1	7	16087149587	16087182324	32737	1072.88	431.95	1136.74	433.20	1.45	72.97	0.37	44.27	2995.42	-2712.15	2028.24
Fixation L	1	8	16087182324	16087591775	409451	1151.86	436.49	46	25	-1	11.95	11.95
Fixation R	1	8	16087182324	16087591775	409451	1151.86	436.49	46	25	-1	11.56	11.56
Saccade L	1	8	16087591775	16087621868	30093	1166.01	438.68	1105.00	430.08	1.31	71.20	0.42	43.42	3002.87	-2518.54	2002.02
Saccade R	1	8	16087591775	16087621868	30093	1166.01	438.68	1105.00	430.08	1.31	71.20	0.42	43.42	3002.87	-2518.54	2002.02
Fixation L	1	9	16087621868	16087879940	258072	1092.52	435.64	36	22	-1	12.61	12.61
Fixation R	1	9	16087621868	16087879940	258072	1092.52	435.64	36	22	-1	12.04	12.04
Saccade L	1	9	16087879940	16087903959	24019	1072.28	451.26	1134.01	449.86	1.40	98.96	0.50	58.15	3314.30	-4013.34	2491.14
Saccade R	1	9	16087879940	16087903959	24019	1072.28	451.26	1134.01	449.86	1.40	98.96	0.50	58.15	3314.30	-4013.34	2491.14
Fixation L	1	10	16087903959	16088049928	145969	1144.52	446.53	35	12	-1	13.17	13.17
Fixation R	1	10	16087903959	16088049928	145969	1144.52	446.53	35	12	-1	12.60	12.60
Blink L	1	2	16088049928	16088252570	202642
Blink R	1	2	16088049928	16088252570	202642
Fixation L	1	11	16088268061	16088478165	210104	1140.24	435.85	24	31	-1	13.63	13.63
Fixation R	1	11	16088268061	16088478165	210104	1140.24	435.85	24	31	-1	12.81	12.81
Saccade L	1	10	16088478165	16088503038	24873	1134.89	440.20	1053.51	437.46	1.75	125.83	0.54	70.33	5106.79	-5345.69	3612.07
Saccade R	1	10	16088478165	16088503038	24873	1134.89	440.20	1053.51	437.46	1.75	125.83	0.54	70.33	5106.79	-5345.69	3612.07
Fixation L	1	12	16088503038	16088724277	221239	1052.83	450.29	37	36	-1	13.45	13.45
Fixation R	1	12	16088503038	16088724277	221239	1052.83	450.29	37	36	-1	12.81	12.81
Saccade L	1	11	16088724277	16088796275	71998	1041.13	436.54	976.59	975.37	13.63	324.94	0.42	189.32	13479.28	-8673.90	7518.11
Saccade R	1	11	16088724277	16088796275	71998	1041.13	436.54	976.59	975.37	13.63	324.94	0.42	189.32	13479.28	-8673.90	7518.11
Fixation L	1	13	16088796275	16089040407	244132	986.10	964.78	22	71	-1	13.55	13.55
Fixation R	1	13	16088796275	16089040407	244132	986.10	964.78	22	71	-1	12.96	12.96
Saccade L	1	12	16089040407	16089066380	25973	990.33	957.66	901.73	953.49	2.00	140.40	0.60	77.06	5677.67	-4479.89	3634.98
Saccade R	1	12	16089040407	16089066380	25973	990.33	957.66	901.73	953.49	2.00	140.40	0.60	77.06	5677.67	-4479.89	3634.98
Fixation L	1	14	16089066380	16089274505	208125	899.10	934.19	43	26	-1	14.10	14.10
Fixation R	1	14	16089066380	16089274505	208125	899.10	934.19	43	26	-1	13.36	13.36
Saccade L	1	13	16089274505	16089300496	25991	915.45	950.14	886.44	929.02	0.81	45.75	0.79	31.04	1574.61	0.00	439.64
Saccade R	1	13	16089274505	16089300496	25991	915.45	950.14	886.44	929.02	0.81	45.75	0.79	31.04	1574.61	0.00	439.64
