[BeGaze]
Converted from:	C:\Program Files\SMI\Experiment Suite 360\Experiment Center 2\Results\RC-Attachment-Exp\P03-eye_data.idf
Date:	18.03.2012 20:05:06
Version:	BeGaze 3.0.181
Sample Rate:	500
Subject:	P03
Description:	Run8

Table Header for Fixations:
Event Type	Trial	Number	Start	End	Duration	Location X	Location Y	Dispersion X	Dispersion Y	Plane	Avg. Pupil Size X	Avg. Pupil Size Y

Table Header for Saccades:
Event Type	Trial	Number	Start	End	Duration	Start Loc.X	Start Loc.Y	End Loc.X	End Loc.Y	Amplitude	Peak Speed	Peak Speed At	Average Speed	Peak Accel.	Peak Decel.	Average Accel.

Table Header for Blinks:
Event Type	Trial	Number	Start	End	Duration

Table Header for User Events:
Event Type	Trial	Number	Start	Description

UserEvent	1	1	1643949370	# Message: RC-N2forced-nonanim-6.jpg
Fixation L	1	1	1643969040	1644252031	282991	497.85	454.30	10	15	-1	9.85	9.85
Fixation R	1	1	1643969040	1644252031	282991	497.85	454.30	10	15	-1	8.98	8.98
Saccade L	1	1	1644252031	1644279127	27096	498.81	449.54	573.00	445.27	1.56	102.58	0.48	57.68	4311.76	-4137.52	3070.07
Saccade R	1	1	1644252031	1644279127	27096	498.81	449.54	573.00	445.27	1.56	102.58	0.48	57.68	4311.76	-4137.52	3070.07
Fixation L	1	2	1644279127	1644475249	196122	574.68	442.44	17	10	-1	9.38	9.38
Fixation R	1	2	1644279127	1644475249	196122	574.68	442.44	17	10	-1	8.74	8.74
Saccade L	1	2	1644475249	1644509191	33942	575.41	439.76	641.15	442.52	1.48	67.76	0.59	43.69	2233.11	-2668.05	1832.49
Saccade R	1	2	1644475249	1644509191	33942	575.41	439.76	641.15	442.52	1.48	67.76	0.59	43.69	2233.11	-2668.05	1832.49
Fixation L	1	3	1644509191	1644731376	222185	648.04	444.40	15	15	-1	9.23	9.23
Fixation R	1	3	1644509191	1644731376	222185	648.04	444.40	15	15	-1	8.69	8.69
Saccade L	1	3	1644731376	1644767350	35974	650.53	440.34	725.59	438.97	1.63	73.33	0.39	45.24	3066.88	-2599.44	2069.14
Saccade R	1	3	1644731376	1644767350	35974	650.53	440.34	725.59	438.97	1.63	73.33	0.39	45.24	3066.88	-2599.44	2069.14
Fixation L	1	4	1644767350	1645027467	260117	730.62	442.28	13	6	-1	9.24	9.24
Fixation R	1	4	1644767350	1645027467	260117	730.62	442.28	13	6	-1	8.80	8.80
Saccade L	1	4	1645027467	1645057474	30007	737.86	442.95	663.88	439.07	1.55	85.79	0.47	51.62	3683.52	-3380.47	2583.31
Saccade R	1	4	1645027467	1645057474	30007	737.86	442.95	663.88	439.07	1.55	85.79	0.47	51.62	3683.52	-3380.47	2583.31
Fixation L	1	5	1645057474	1645437709	380235	672.84	445.74	27	15	-1	9.35	9.35
Fixation R	1	5	1645057474	1645437709	380235	672.84	445.74	27	15	-1	8.74	8.74
Saccade L	1	5	1645437709	1645463703	25994	669.04	442.25	747.40	440.97	1.64	104.65	0.58	62.95	4422.10	-4123.92	3102.21
Saccade R	1	5	1645437709	1645463703	25994	669.04	442.25	747.40	440.97	1.64	104.65	0.58	62.95	4422.10	-4123.92	3102.21
Fixation L	1	6	1645463703	1645729832	266129	748.76	441.79	11	14	-1	9.35	9.35
Fixation R	1	6	1645463703	1645729832	266129	748.76	441.79	11	14	-1	8.83	8.83
Saccade L	1	6	1645729832	1645759811	29979	743.90	438.22	817.37	441.09	1.54	90.44	0.47	51.35	3612.96	-3523.01	2592.34
Saccade R	1	6	1645729832	1645759811	29979	743.90	438.22	817.37	441.09	1.54	90.44	0.47	51.35	3612.96	-3523.01	2592.34
Fixation L	1	7	1645759811	1646005942	246131	812.30	437.96	19	15	-1	9.44	9.44
Fixation R	1	7	1645759811	1646005942	246131	812.30	437.96	19	15	-1	8.71	8.71
Saccade L	1	7	1646005942	1646031927	25985	819.29	446.64	766.02	450.99	1.09	68.19	0.46	42.01	2911.91	-2614.16	1996.31
Saccade R	1	7	1646005942	1646031927	25985	819.29	446.64	766.02	450.99	1.09	68.19	0.46	42.01	2911.91	-2614.16	1996.31
Fixation L	1	8	1646031927	1646282042	250115	775.25	445.00	19	12	-1	9.54	9.54
Fixation R	1	8	1646031927	1646282042	250115	775.25	445.00	19	12	-1	8.98	8.98
Saccade L	1	8	1646282042	1646318042	36000	779.82	447.44	869.96	439.67	1.99	94.94	0.46	55.18	3987.61	-3682.97	2763.95
Saccade R	1	8	1646282042	1646318042	36000	779.82	447.44	869.96	439.67	1.99	94.94	0.46	55.18	3987.61	-3682.97	2763.95
Fixation L	1	9	1646318042	1646478056	160014	869.95	435.44	18	14	-1	9.52	9.52
Fixation R	1	9	1646318042	1646478056	160014	869.95	435.44	18	14	-1	8.94	8.94
Saccade L	1	9	1646478056	1646504160	26104	869.41	435.45	933.91	436.96	1.37	90.13	0.38	52.31	3417.44	-3258.39	2379.87
Saccade R	1	9	1646478056	1646504160	26104	869.41	435.45	933.91	436.96	1.37	90.13	0.38	52.31	3417.44	-3258.39	2379.87
Fixation L	1	10	1646504160	1646914276	410116	934.15	437.80	14	24	-1	9.57	9.57
Fixation R	1	10	1646504160	1646914276	410116	934.15	437.80	14	24	-1	8.96	8.96
Saccade L	1	10	1646914276	1646954271	39995	934.32	444.05	1036.99	433.73	2.25	96.96	0.35	56.14	3984.26	-3043.03	2559.47
Saccade R	1	10	1646914276	1646954271	39995	934.32	444.05	1036.99	433.73	2.25	96.96	0.35	56.14	3984.26	-3043.03	2559.47
Fixation L	1	11	1646954271	1647406524	452253	1024.03	439.00	41	29	-1	9.45	9.45
Fixation R	1	11	1646954271	1647406524	452253	1024.03	439.00	41	29	-1	8.84	8.84
Saccade L	1	11	1647406524	1647440499	33975	1001.16	441.54	1108.83	442.49	2.28	123.29	0.47	67.00	5275.08	-4807.76	3688.98
Saccade R	1	11	1647406524	1647440499	33975	1001.16	441.54	1108.83	442.49	2.28	123.29	0.47	67.00	5275.08	-4807.76	3688.98
Fixation L	1	12	1647440499	1647588523	148024	1109.11	442.33	10	15	-1	9.38	9.38
Fixation R	1	12	1647440499	1647588523	148024	1109.11	442.33	10	15	-1	8.91	8.91
Saccade L	1	12	1647588523	1647614863	26340	1108.05	437.26	1152.38	440.97	0.91	48.83	0.38	34.41	1787.96	-1943.91	1357.17
Saccade R	1	12	1647588523	1647614863	26340	1108.05	437.26	1152.38	440.97	0.91	48.83	0.38	34.41	1787.96	-1943.91	1357.17
Fixation L	1	13	1647614863	1647773244	158381	1152.68	440.49	9	9	-1	9.41	9.41
Fixation R	1	13	1647614863	1647773244	158381	1152.68	440.49	9	9	-1	8.88	8.88
Saccade L	1	13	1647773244	1647804641	31397	1150.89	436.74	1045.30	438.18	2.18	120.58	0.55	69.55	5190.42	-5040.19	3802.43
Saccade R	1	13	1647773244	1647804641	31397	1150.89	436.74	1045.30	438.18	2.18	120.58	0.55	69.55	5190.42	-5040.19	3802.43
Fixation L	1	14	1647804641	1648092905	288264	1048.94	438.81	16	24	-1	9.72	9.72
Fixation R	1	14	1647804641	1648092905	288264	1048.94	438.81	16	24	-1	9.11	9.11
Saccade L	1	14	1648092905	1648122844	29939	1050.40	446.57	969.55	440.34	1.73	97.45	0.47	57.68	3849.66	-4004.70	2873.25
Saccade R	1	14	1648092905	1648122844	29939	1050.40	446.57	969.55	440.34	1.73	97.45	0.47	57.68	3849.66	-4004.70	2873.25
Fixation L	1	15	1648122844	1648699865	577021	966.27	451.66	17	20	-1	9.84	9.84
Fixation R	1	15	1648122844	1648699865	577021	966.27	451.66	17	20	-1	9.21	9.21
Saccade L	1	15	1648699865	1648725066	25201	962.51	455.92	922.57	455.78	0.80	46.23	0.44	31.91	1911.20	-1758.91	1270.85
Saccade R	1	15	1648699865	1648725066	25201	962.51	455.92	922.57	455.78	0.80	46.23	0.44	31.91	1911.20	-1758.91	1270.85
Fixation L	1	16	1648725066	1648915186	190120	912.70	454.91	19	18	-1	9.89	9.89
Fixation R	1	16	1648725066	1648915186	190120	912.70	454.91	19	18	-1	9.25	9.25
Saccade L	1	16	1648915186	1648951275	36089	911.50	467.19	821.15	454.94	2.01	91.34	0.44	55.63	3842.24	-3452.69	2673.89
Saccade R	1	16	1648915186	1648951275	36089	911.50	467.19	821.15	454.94	2.01	91.34	0.44	55.63	3842.24	-3452.69	2673.89
Fixation L	1	17	1648951275	1649105206	153931	822.93	452.97	11	18	-1	9.87	9.87
Fixation R	1	17	1648951275	1649105206	153931	822.93	452.97	11	18	-1	9.25	9.25
Saccade L	1	17	1649105206	1649137181	31975	821.05	452.37	730.16	447.34	2.06	122.93	0.37	64.56	5031.85	-4616.42	3458.60
Saccade R	1	17	1649105206	1649137181	31975	821.05	452.37	730.16	447.34	2.06	122.93	0.37	64.56	5031.85	-4616.42	3458.60
Fixation L	1	18	1649137181	1649335359	198178	730.07	446.34	17	12	-1	9.82	9.82
Fixation R	1	18	1649137181	1649335359	198178	730.07	446.34	17	12	-1	9.24	9.24
Saccade L	1	18	1649335359	1649361419	26060	722.78	447.06	783.22	446.22	1.34	86.54	0.46	51.28	3349.03	-3355.64	2424.45
Saccade R	1	18	1649335359	1649361419	26060	722.78	447.06	783.22	446.22	1.34	86.54	0.46	51.28	3349.03	-3355.64	2424.45
Fixation L	1	19	1649361419	1649571425	210006	785.36	442.88	20	16	-1	9.73	9.73
Fixation R	1	19	1649361419	1649571425	210006	785.36	442.88	20	16	-1	9.19	9.19
Saccade L	1	19	1649571425	1649605410	33985	792.17	435.35	876.67	428.42	1.80	91.56	0.41	52.88	3604.29	-3255.85	2506.26
Saccade R	1	19	1649571425	1649605410	33985	792.17	435.35	876.67	428.42	1.80	91.56	0.41	52.88	3604.29	-3255.85	2506.26
Fixation L	1	20	1649605410	1649975651	370241	883.91	434.23	16	23	-1	9.71	9.71
Fixation R	1	20	1649605410	1649975651	370241	883.91	434.23	16	23	-1	9.12	9.12
Saccade L	1	20	1649975651	1649997641	21990	875.17	442.54	835.79	437.44	0.86	57.10	0.46	38.92	2180.63	-2057.91	1497.81
Saccade R	1	20	1649975651	1649997641	21990	875.17	442.54	835.79	437.44	0.86	57.10	0.46	38.92	2180.63	-2057.91	1497.81
Fixation L	1	21	1649997641	1650187636	189995	838.49	439.49	16	10	-1	9.80	9.80
Fixation R	1	21	1649997641	1650187636	189995	838.49	439.49	16	10	-1	9.09	9.09
Saccade L	1	21	1650187636	1650220796	33160	839.33	431.61	917.51	430.59	1.75	85.07	0.42	52.75	3466.37	-3478.80	2548.10
Saccade R	1	21	1650187636	1650220796	33160	839.33	431.61	917.51	430.59	1.75	85.07	0.42	52.75	3466.37	-3478.80	2548.10
Fixation L	1	22	1650220796	1650463744	242948	915.19	435.54	14	15	-1	9.71	9.71
Fixation R	1	22	1650220796	1650463744	242948	915.19	435.54	14	15	-1	9.06	9.06
Saccade L	1	22	1650463744	1650507897	44153	919.19	432.26	1017.40	435.12	2.22	94.14	0.41	50.38	3998.05	-3189.95	2409.00
Saccade R	1	22	1650463744	1650507897	44153	919.19	432.26	1017.40	435.12	2.22	94.14	0.41	50.38	3998.05	-3189.95	2409.00
Fixation L	1	23	1650507897	1650671864	163967	1018.10	435.77	8	18	-1	9.68	9.68
Fixation R	1	23	1650507897	1650671864	163967	1018.10	435.77	8	18	-1	9.01	9.01
Saccade L	1	23	1650671864	1650707865	36001	1021.37	440.72	1139.45	435.46	2.56	134.36	0.44	71.04	5458.62	-5320.97	3895.48
Saccade R	1	23	1650671864	1650707865	36001	1021.37	440.72	1139.45	435.46	2.56	134.36	0.44	71.04	5458.62	-5320.97	3895.48
Fixation L	1	24	1650707865	1650965981	258116	1136.59	444.12	14	16	-1	9.59	9.59
Fixation R	1	24	1650707865	1650965981	258116	1136.59	444.12	14	16	-1	9.01	9.01
Saccade L	1	24	1650965981	1651027979	61998	1131.75	447.62	956.08	969.49	12.31	329.61	0.39	198.63	13728.00	-11591.25	8230.01
Saccade R	1	24	1650965981	1651027979	61998	1131.75	447.62	956.08	969.49	12.31	329.61	0.39	198.63	13728.00	-11591.25	8230.01
Fixation L	1	25	1651027979	1651238102	210123	952.13	963.82	17	30	-1	10.14	10.14
Fixation R	1	25	1651027979	1651238102	210123	952.13	963.82	17	30	-1	9.67	9.67
Saccade L	1	25	1651238102	1651264088	25986	954.59	956.62	907.63	938.30	1.05	61.76	0.54	40.43	2565.50	-2478.44	1813.32
Saccade R	1	25	1651238102	1651264088	25986	954.59	956.62	907.63	938.30	1.05	61.76	0.54	40.43	2565.50	-2478.44	1813.32
Fixation L	1	26	1651316349	1651524208	207859	894.84	953.82	16	59	-1	9.77	9.77
Fixation R	1	26	1651316349	1651524208	207859	894.84	953.82	16	59	-1	9.55	9.55
