[BeGaze]
Converted from:	C:\Program Files\SMI\Experiment Suite 360\Experiment Center 2\Results\RC-Attachment-Exp\P35-eye_data.idf
Date:	18.03.2012 20:32:39
Version:	BeGaze 3.0.181
Sample Rate:	500
Subject:	P35
Description:	Run40

Table Header for Fixations:
Event Type	Trial	Number	Start	End	Duration	Location X	Location Y	Dispersion X	Dispersion Y	Plane	Avg. Pupil Size X	Avg. Pupil Size Y

Table Header for Saccades:
Event Type	Trial	Number	Start	End	Duration	Start Loc.X	Start Loc.Y	End Loc.X	End Loc.Y	Amplitude	Peak Speed	Peak Speed At	Average Speed	Peak Accel.	Peak Decel.	Average Accel.

Table Header for Blinks:
Event Type	Trial	Number	Start	End	Duration

Table Header for User Events:
Event Type	Trial	Number	Start	Description

UserEvent	1	1	2317355018	# Message: Questionnaire22.jpg
Fixation L	1	1	2317357868	2317603949	246081	864.53	959.03	13	50	-1	11.20	11.20
Fixation R	1	1	2317357868	2317603949	246081	864.53	959.03	13	50	-1	11.47	11.47
Saccade L	1	1	2317603949	2317651919	47970	860.84	963.09	839.36	542.93	9.75	381.77	0.37	203.28	17065.32	-14703.80	11495.52
Saccade R	1	1	2317603949	2317651919	47970	860.84	963.09	839.36	542.93	9.75	381.77	0.37	203.28	17065.32	-14703.80	11495.52
Fixation L	1	2	2317651919	2317791917	139998	837.02	546.69	10	18	-1	10.89	10.89
Fixation R	1	2	2317651919	2317791917	139998	837.02	546.69	10	18	-1	11.15	11.15
Saccade L	1	2	2317791917	2317855917	64000	836.66	549.05	465.12	390.31	9.10	324.93	0.28	142.18	14196.46	-8994.59	7097.83
Saccade R	1	2	2317791917	2317855917	64000	836.66	549.05	465.12	390.31	9.10	324.93	0.28	142.18	14196.46	-8994.59	7097.83
Fixation L	1	3	2317855917	2318010055	154138	468.23	405.55	16	26	-1	11.32	11.32
Fixation R	1	3	2317855917	2318010055	154138	468.23	405.55	16	26	-1	11.59	11.59
Saccade L	1	3	2318010055	2318036118	26063	478.67	414.84	460.55	381.93	0.76	42.09	0.38	29.21	1411.74	-1124.46	930.29
Saccade R	1	3	2318010055	2318036118	26063	478.67	414.84	460.55	381.93	0.76	42.09	0.38	29.21	1411.74	-1124.46	930.29
Fixation L	1	4	2318036118	2318142157	106039	459.63	376.09	18	10	-1	11.47	11.47
Fixation R	1	4	2318036118	2318142157	106039	459.63	376.09	18	10	-1	11.73	11.73
Saccade L	1	4	2318142157	2318190155	47998	461.48	373.54	642.96	364.04	4.07	203.00	0.33	84.70	8766.94	-7110.96	4763.97
Saccade R	1	4	2318142157	2318190155	47998	461.48	373.54	642.96	364.04	4.07	203.00	0.33	84.70	8766.94	-7110.96	4763.97
Fixation L	1	5	2318190155	2318536273	346118	659.90	378.22	49	38	-1	11.85	11.85
Fixation R	1	5	2318190155	2318536273	346118	659.90	378.22	49	38	-1	12.25	12.25
Saccade L	1	5	2318536273	2318566964	30691	688.52	389.29	756.87	383.21	1.65	94.19	0.46	53.67	3764.33	-3613.44	2663.91
Saccade R	1	5	2318536273	2318566964	30691	688.52	389.29	756.87	383.21	1.65	94.19	0.46	53.67	3764.33	-3613.44	2663.91
Fixation L	1	6	2318566964	2318752398	185434	777.85	382.93	41	28	-1	12.37	12.37
Fixation R	1	6	2318566964	2318752398	185434	777.85	382.93	41	28	-1	13.06	13.06
Saccade L	1	6	2318752398	2318820439	68041	785.62	391.60	405.12	510.06	9.64	291.06	0.24	141.62	13112.39	-8192.10	6580.30
Saccade R	1	6	2318752398	2318820439	68041	785.62	391.60	405.12	510.06	9.64	291.06	0.24	141.62	13112.39	-8192.10	6580.30
Fixation L	1	7	2318820439	2319868877	1048438	416.97	485.18	44	54	-1	12.44	12.44
Fixation R	1	7	2318820439	2319868877	1048438	416.97	485.18	44	54	-1	12.99	12.99
UserEvent	1	55	2319540198	# Message: UE-mouseclick left x=398 y=443
Saccade L	1	7	2319868877	2319908882	40005	403.96	469.97	436.56	571.05	2.36	118.06	0.32	59.11	4831.58	-3703.25	2855.10
Saccade R	1	7	2319868877	2319908882	40005	403.96	469.97	436.56	571.05	2.36	118.06	0.32	59.11	4831.58	-3703.25	2855.10
Fixation L	1	8	2319908882	2320187000	278118	444.56	577.48	21	42	-1	12.25	12.25
Fixation R	1	8	2319908882	2320187000	278118	444.56	577.48	21	42	-1	12.86	12.86
UserEvent	1	70	2320099817	# Message: UE-mouseclick left x=408 y=529
