[BeGaze]
Converted from:	C:\Program Files\SMI\Experiment Suite 360\Experiment Center 2\Results\RC-Attachment-Exp\P04-eye_data.idf
Date:	18.03.2012 20:05:29
Version:	BeGaze 3.0.181
Sample Rate:	500
Subject:	P04
Description:	Run9

Table Header for Fixations:
Event Type	Trial	Number	Start	End	Duration	Location X	Location Y	Dispersion X	Dispersion Y	Plane	Avg. Pupil Size X	Avg. Pupil Size Y

Table Header for Saccades:
Event Type	Trial	Number	Start	End	Duration	Start Loc.X	Start Loc.Y	End Loc.X	End Loc.Y	Amplitude	Peak Speed	Peak Speed At	Average Speed	Peak Accel.	Peak Decel.	Average Accel.

Table Header for Blinks:
Event Type	Trial	Number	Start	End	Duration

Table Header for User Events:
Event Type	Trial	Number	Start	Description

UserEvent	1	1	5507656163	# Message: RC-nonforced-nonanim-6.jpg
Fixation L	1	1	5507656752	5508114177	457425	497.61	436.76	43	22	-1	13.27	13.27
Fixation R	1	1	5507656752	5508114177	457425	497.61	436.76	43	22	-1	12.93	12.93
Saccade L	1	1	5508114177	5508138167	23990	521.18	442.01	563.01	429.93	0.88	58.50	0.42	36.89	2209.45	-2139.28	1536.65
Saccade R	1	1	5508114177	5508138167	23990	521.18	442.01	563.01	429.93	0.88	58.50	0.42	36.89	2209.45	-2139.28	1536.65
Fixation L	1	2	5508138167	5508324265	186098	570.05	435.32	19	18	-1	12.62	12.62
Fixation R	1	2	5508138167	5508324265	186098	570.05	435.32	19	18	-1	12.19	12.19
Blink L	1	1	5508324265	5508508397	184132
Blink R	1	1	5508324265	5508508397	184132
Fixation L	1	3	5508508397	5508619078	110681	552.00	444.02	17	17	-1	12.50	12.50
Fixation R	1	3	5508508397	5508619078	110681	552.00	444.02	17	17	-1	11.91	11.91
Saccade L	1	2	5508619078	5508642407	23329	549.24	448.21	619.63	453.94	1.47	110.31	0.48	62.89	4472.44	-4292.20	3051.78
Saccade R	1	2	5508619078	5508642407	23329	549.24	448.21	619.63	453.94	1.47	110.31	0.48	62.89	4472.44	-4292.20	3051.78
Fixation L	1	4	5508642407	5509042640	400233	640.24	448.99	52	21	-1	12.90	12.90
Fixation R	1	4	5508642407	5509042640	400233	640.24	448.99	52	21	-1	12.15	12.15
Saccade L	1	3	5509042640	5509068665	26025	653.51	445.11	727.46	448.78	1.52	101.84	0.46	58.53	4066.91	-4108.36	2967.28
Saccade R	1	3	5509042640	5509068665	26025	653.51	445.11	727.46	448.78	1.52	101.84	0.46	58.53	4066.91	-4108.36	2967.28
Fixation L	1	5	5509068665	5509592758	524093	726.00	447.07	28	14	-1	12.94	12.94
Fixation R	1	5	5509068665	5509592758	524093	726.00	447.07	28	14	-1	12.26	12.26
Saccade L	1	4	5509592758	5509625272	32514	728.59	450.14	813.70	447.42	1.88	96.51	0.43	57.87	4104.55	-3844.21	2940.53
Saccade R	1	4	5509592758	5509625272	32514	728.59	450.14	813.70	447.42	1.88	96.51	0.43	57.87	4104.55	-3844.21	2940.53
Fixation L	1	6	5509625272	5509966992	341720	822.18	444.96	15	19	-1	12.78	12.78
Fixation R	1	6	5509625272	5509966992	341720	822.18	444.96	15	19	-1	12.17	12.17
Saccade L	1	5	5509966992	5509994997	28005	817.82	434.81	877.76	455.88	1.32	79.27	0.49	47.15	3262.24	-3117.78	2308.72
Saccade R	1	5	5509966992	5509994997	28005	817.82	434.81	877.76	455.88	1.32	79.27	0.49	47.15	3262.24	-3117.78	2308.72
Fixation L	1	7	5509994997	5510195119	200122	880.59	442.92	14	20	-1	12.79	12.79
Fixation R	1	7	5509994997	5510195119	200122	880.59	442.92	14	20	-1	12.10	12.10
Saccade L	1	6	5510195119	5510219118	23999	875.14	440.64	932.80	438.20	1.21	84.33	0.50	50.49	3494.19	-3302.82	2366.64
Saccade R	1	6	5510195119	5510219118	23999	875.14	440.64	932.80	438.20	1.21	84.33	0.50	50.49	3494.19	-3302.82	2366.64
Fixation L	1	8	5510219118	5510683252	464134	941.37	444.10	17	14	-1	13.13	13.13
Fixation R	1	8	5510219118	5510683252	464134	941.37	444.10	17	14	-1	12.44	12.44
Saccade L	1	7	5510683252	5510711354	28102	948.20	446.42	1002.11	444.73	1.11	60.38	0.53	39.33	2577.61	-2279.72	1770.39
Saccade R	1	7	5510683252	5510711354	28102	948.20	446.42	1002.11	444.73	1.11	60.38	0.53	39.33	2577.61	-2279.72	1770.39
Fixation L	1	9	5510711354	5510915413	204059	1002.35	450.09	15	15	-1	13.74	13.74
Fixation R	1	9	5510711354	5510915413	204059	1002.35	450.09	15	15	-1	13.21	13.21
Saccade L	1	8	5510915413	5510937686	22273	1002.93	446.52	1039.35	448.84	0.78	50.77	0.45	35.05	2038.36	-1894.85	1321.38
Saccade R	1	8	5510915413	5510937686	22273	1002.93	446.52	1039.35	448.84	0.78	50.77	0.45	35.05	2038.36	-1894.85	1321.38
Fixation L	1	10	5510937686	5511479719	542033	1035.48	449.13	18	22	-1	13.90	13.90
Fixation R	1	10	5510937686	5511479719	542033	1035.48	449.13	18	22	-1	13.18	13.18
Saccade L	1	9	5511479719	5511509715	29996	1040.07	450.99	1101.69	451.41	1.39	76.81	0.40	46.49	3111.30	-2720.51	2092.41
Saccade R	1	9	5511479719	5511509715	29996	1040.07	450.99	1101.69	451.41	1.39	76.81	0.40	46.49	3111.30	-2720.51	2092.41
Fixation L	1	11	5511509715	5511944394	434679	1113.77	447.29	42	16	-1	13.76	13.76
Fixation R	1	11	5511509715	5511944394	434679	1113.77	447.29	42	16	-1	13.16	13.16
Saccade L	1	10	5511944394	5511977872	33478	1127.37	442.54	1012.59	449.22	2.68	153.79	0.52	80.18	6223.26	-6225.13	4515.15
Saccade R	1	10	5511944394	5511977872	33478	1127.37	442.54	1012.59	449.22	2.68	153.79	0.52	80.18	6223.26	-6225.13	4515.15
Fixation L	1	12	5511977872	5512544199	566327	1010.54	445.63	13	21	-1	13.68	13.68
Fixation R	1	12	5511977872	5512544199	566327	1010.54	445.63	13	21	-1	13.06	13.06
Saccade L	1	11	5512544199	5512620376	76177	1003.63	445.43	914.05	941.03	11.79	273.12	0.26	154.81	11915.28	-6430.26	5832.02
Saccade R	1	11	5512544199	5512620376	76177	1003.63	445.43	914.05	941.03	11.79	273.12	0.26	154.81	11915.28	-6430.26	5832.02
Fixation L	1	13	5512620376	5512778220	157844	907.21	940.16	21	23	-1	14.30	14.30
Fixation R	1	13	5512620376	5512778220	157844	907.21	940.16	21	23	-1	13.55	13.55
Saccade L	1	12	5512778220	5512802315	24095	914.34	936.11	893.23	978.39	0.96	63.94	0.50	39.67	2685.68	-2480.34	1827.22
Saccade R	1	12	5512778220	5512802315	24095	914.34	936.11	893.23	978.39	0.96	63.94	0.50	39.67	2685.68	-2480.34	1827.22
Fixation L	1	14	5512802315	5512952316	150001	886.86	963.99	30	36	-1	14.12	14.12
Fixation R	1	14	5512802315	5512952316	150001	886.86	963.99	30	36	-1	13.37	13.37
Saccade L	1	13	5512952316	5513014315	61999	874.21	949.16	858.14	501.54	10.34	310.14	0.29	166.75	14025.58	-10146.28	7929.88
Saccade R	1	13	5512952316	5513014315	61999	874.21	949.16	858.14	501.54	10.34	310.14	0.29	166.75	14025.58	-10146.28	7929.88
Fixation L	1	15	5513014315	5513118431	104116	855.71	503.64	12	13	-1	12.73	12.73
Fixation R	1	15	5513014315	5513118431	104116	855.71	503.64	12	13	-1	12.18	12.18
Saccade L	1	14	5513118431	5513176867	58436	854.46	502.23	940.33	944.62	10.24	366.23	0.31	175.31	15937.83	-9955.18	8788.64
Saccade R	1	14	5513118431	5513176867	58436	854.46	502.23	940.33	944.62	10.24	366.23	0.31	175.31	15937.83	-9955.18	8788.64
Fixation L	1	16	5513176867	5513410640	233773	943.25	952.43	23	30	-1	12.69	12.69
Fixation R	1	16	5513176867	5513410640	233773	943.25	952.43	23	30	-1	11.91	11.91
Saccade L	1	15	5513410640	5513434558	23918	947.68	970.24	889.13	952.87	1.31	93.08	0.58	54.66	3480.52	-3559.98	2526.17
Saccade R	1	15	5513410640	5513434558	23918	947.68	970.24	889.13	952.87	1.31	93.08	0.58	54.66	3480.52	-3559.98	2526.17
Fixation L	1	17	5513434558	5513678680	244122	887.41	947.99	21	29	-1	12.77	12.77
Fixation R	1	17	5513434558	5513678680	244122	887.41	947.99	21	29	-1	12.15	12.15
