[BeGaze]
Converted from:	C:\Program Files\SMI\Experiment Suite 360\Experiment Center 2\Results\RC-Attachment-Exp\P13-eye_data.idf
Date:	18.03.2012 20:10:12
Version:	BeGaze 3.0.181
Sample Rate:	500
Subject:	P13
Description:	Run18

Table Header for Fixations:
Event Type	Trial	Number	Start	End	Duration	Location X	Location Y	Dispersion X	Dispersion Y	Plane	Avg. Pupil Size X	Avg. Pupil Size Y

Table Header for Saccades:
Event Type	Trial	Number	Start	End	Duration	Start Loc.X	Start Loc.Y	End Loc.X	End Loc.Y	Amplitude	Peak Speed	Peak Speed At	Average Speed	Peak Accel.	Peak Decel.	Average Accel.

Table Header for Blinks:
Event Type	Trial	Number	Start	End	Duration

Table Header for User Events:
Event Type	Trial	Number	Start	Description

UserEvent	1	1	4611022229	# Message: Questionnaire13.jpg
Saccade L	1	1	4611038508	4611088875	50367	838.57	959.51	885.14	967.26	1.22	43.12	0.29	24.23	1319.53	-938.71	713.37
Saccade R	1	1	4611038508	4611088875	50367	838.57	959.51	885.14	967.26	1.22	43.12	0.29	24.23	1319.53	-938.71	713.37
Fixation L	1	1	4611088875	4611284651	195776	871.48	956.98	36	23	-1	14.30	14.30
Fixation R	1	1	4611088875	4611284651	195776	871.48	956.98	36	23	-1	14.10	14.10
Saccade L	1	2	4611284651	4611362742	78091	880.83	956.81	837.24	928.33	2.05	44.52	0.61	26.31	1642.75	-1331.59	965.74
Saccade R	1	2	4611284651	4611362742	78091	880.83	956.81	837.24	928.33	2.05	44.52	0.61	26.31	1642.75	-1331.59	965.74
Fixation L	1	2	4611476733	4611564777	88044	564.83	386.28	35	38	-1	14.58	14.58
Fixation R	1	2	4611476733	4611564777	88044	564.83	386.28	35	38	-1	13.90	13.90
Saccade L	1	3	4611564777	4611612763	47986	568.65	392.24	535.08	350.45	1.31	53.74	0.33	27.28	2101.18	-1729.93	1083.86
Saccade R	1	3	4611564777	4611612763	47986	568.65	392.24	535.08	350.45	1.31	53.74	0.33	27.28	2101.18	-1729.93	1083.86
Fixation L	1	3	4611612763	4611674857	62094	525.24	358.67	14	26	-1	14.39	14.39
Fixation R	1	3	4611612763	4611674857	62094	525.24	358.67	14	26	-1	13.60	13.60
Saccade L	1	4	4611674857	4611722849	47992	529.85	359.92	395.55	344.29	3.35	172.49	0.67	69.81	7212.35	-7122.18	4244.48
Saccade R	1	4	4611674857	4611722849	47992	529.85	359.92	395.55	344.29	3.35	172.49	0.67	69.81	7212.35	-7122.18	4244.48
Fixation L	1	4	4611722849	4611820863	98014	405.43	344.15	29	7	-1	14.04	14.04
Fixation R	1	4	4611722849	4611820863	98014	405.43	344.15	29	7	-1	13.23	13.23
Saccade L	1	5	4611820863	4611856843	35980	387.81	342.60	417.84	352.97	0.88	43.32	0.61	24.46	931.34	-1362.78	725.34
Saccade R	1	5	4611820863	4611856843	35980	387.81	342.60	417.84	352.97	0.88	43.32	0.61	24.46	931.34	-1362.78	725.34
Fixation L	1	5	4611856843	4611914971	58128	409.86	360.14	13	11	-1	14.13	14.13
Fixation R	1	5	4611856843	4611914971	58128	409.86	360.14	13	11	-1	13.38	13.38
Saccade L	1	6	4611914971	4611988961	73990	403.83	364.21	579.87	394.57	4.27	192.98	0.23	57.71	8341.02	-7250.03	3179.14
Saccade R	1	6	4611914971	4611988961	73990	403.83	364.21	579.87	394.57	4.27	192.98	0.23	57.71	8341.02	-7250.03	3179.14
Fixation L	1	6	4611988961	4612108977	120016	576.04	382.37	16	41	-1	14.14	14.14
Fixation R	1	6	4611988961	4612108977	120016	576.04	382.37	16	41	-1	13.87	13.87
Saccade L	1	7	4612108977	4612146965	37988	567.45	360.21	639.08	369.07	1.58	91.89	0.53	41.59	3745.12	-3506.78	2544.43
Saccade R	1	7	4612108977	4612146965	37988	567.45	360.21	639.08	369.07	1.58	91.89	0.53	41.59	3745.12	-3506.78	2544.43
Fixation L	1	7	4612146965	4612200404	53439	636.40	361.99	7	10	-1	14.21	14.21
Fixation R	1	7	4612146965	4612200404	53439	636.40	361.99	7	10	-1	13.90	13.90
Saccade L	1	8	4612200404	4612295242	94838	634.70	362.41	703.05	366.47	2.42	67.80	0.68	25.49	2196.97	-2545.45	1104.60
Saccade R	1	8	4612200404	4612295242	94838	634.70	362.41	703.05	366.47	2.42	67.80	0.68	25.49	2196.97	-2545.45	1104.60
Fixation L	1	8	4612295242	4612379137	83895	705.98	367.03	10	5	-1	14.77	14.77
Fixation R	1	8	4612295242	4612379137	83895	705.98	367.03	10	5	-1	14.32	14.32
Saccade L	1	9	4612379137	4612458311	79174	707.50	369.03	367.99	451.33	8.50	321.21	0.45	107.33	13808.39	-12162.57	6433.77
Saccade R	1	9	4612379137	4612458311	79174	707.50	369.03	367.99	451.33	8.50	321.21	0.45	107.33	13808.39	-12162.57	6433.77
Fixation L	1	9	4612458311	4612725375	267064	369.91	479.24	20	42	-1	15.71	15.71
Fixation R	1	9	4612458311	4612725375	267064	369.91	479.24	20	42	-1	14.83	14.83
Saccade L	1	10	4612725375	4612753319	27944	369.88	488.27	367.96	522.33	0.72	42.33	0.50	25.72	1713.84	-1472.61	1170.35
Saccade R	1	10	4612725375	4612753319	27944	369.88	488.27	367.96	522.33	0.72	42.33	0.50	25.72	1713.84	-1472.61	1170.35
Fixation L	1	10	4612753319	4612923317	169998	365.38	508.30	17	28	-1	15.98	15.98
Fixation R	1	10	4612753319	4612923317	169998	365.38	508.30	17	28	-1	15.18	15.18
Saccade L	1	11	4612923317	4612991325	68008	361.27	497.76	363.56	461.88	1.49	42.01	0.24	21.89	1579.98	-1115.88	626.77
Saccade R	1	11	4612923317	4612991325	68008	361.27	497.76	363.56	461.88	1.49	42.01	0.24	21.89	1579.98	-1115.88	626.77
Fixation L	1	11	4612991325	4613305592	314267	359.44	463.80	29	42	-1	15.51	15.51
Fixation R	1	11	4612991325	4613305592	314267	359.44	463.80	29	42	-1	15.03	15.03
Saccade L	1	12	4613305592	4613337555	31963	376.29	469.77	358.82	436.25	0.84	40.32	0.50	26.16	1647.64	-1377.20	1112.96
Saccade R	1	12	4613305592	4613337555	31963	376.29	469.77	358.82	436.25	0.84	40.32	0.50	26.16	1647.64	-1377.20	1112.96
Fixation L	1	12	4613337555	4613867784	530229	376.69	472.84	44	74	-1	15.40	15.40
Fixation R	1	12	4613337555	4613867784	530229	376.69	472.84	44	74	-1	14.99	14.99
UserEvent	1	64	4613501794	# Message: UE-mouseclick left x=359 y=435
Saccade L	1	13	4613867784	4613904218	36434	376.90	482.67	444.88	579.16	2.98	182.40	0.56	81.71	7490.07	-7469.50	5400.22
Saccade R	1	13	4613867784	4613904218	36434	376.90	482.67	444.88	579.16	2.98	182.40	0.56	81.71	7490.07	-7469.50	5400.22
Fixation L	1	13	4613904218	4614257915	353697	431.24	555.20	37	48	-1	15.41	15.41
Fixation R	1	13	4613904218	4614257915	353697	431.24	555.20	37	48	-1	14.78	14.78
UserEvent	1	83	4614221753	# Message: UE-mouseclick left x=437 y=529
Saccade L	1	14	4614257915	4614301108	43193	443.15	557.53	425.83	338.79	6.74	335.37	0.50	156.13	14434.38	-13192.94	10026.84
Saccade R	1	14	4614257915	4614301108	43193	443.15	557.53	425.83	338.79	6.74	335.37	0.50	156.13	14434.38	-13192.94	10026.84
Fixation L	1	14	4614301108	4614356178	55070	436.57	356.95	15	24	-1	14.84	14.84
Fixation R	1	14	4614301108	4614356178	55070	436.57	356.95	15	24	-1	14.15	14.15
