[BeGaze]
Converted from:	C:\Program Files\SMI\Experiment Suite 360\Experiment Center 2\Results\RC-Attachment-Exp\P30-eye_data.idf
Date:	18.03.2012 20:25:22
Version:	BeGaze 3.0.181
Sample Rate:	500
Subject:	P30
Description:	Run35

Table Header for Fixations:
Event Type	Trial	Number	Start	End	Duration	Location X	Location Y	Dispersion X	Dispersion Y	Plane	Avg. Pupil Size X	Avg. Pupil Size Y

Table Header for Saccades:
Event Type	Trial	Number	Start	End	Duration	Start Loc.X	Start Loc.Y	End Loc.X	End Loc.Y	Amplitude	Peak Speed	Peak Speed At	Average Speed	Peak Accel.	Peak Decel.	Average Accel.

Table Header for Blinks:
Event Type	Trial	Number	Start	End	Duration

Table Header for User Events:
Event Type	Trial	Number	Start	Description

UserEvent	1	1	3864565483	# Message: Validation.jpg
Fixation L	1	1	3864568360	3865172999	604639	897.68	628.10	34	35	-1	13.79	13.79
Fixation R	1	1	3864568360	3865172999	604639	897.68	628.10	34	35	-1	13.25	13.25
Saccade L	1	1	3865172999	3865247132	74133	903.99	620.65	422.29	261.96	13.68	310.17	0.41	184.55	12565.00	-10739.12	6983.40
Saccade R	1	1	3865172999	3865247132	74133	903.99	620.65	422.29	261.96	13.68	310.17	0.41	184.55	12565.00	-10739.12	6983.40
Fixation L	1	2	3865247132	3865409105	161973	415.57	262.19	21	30	-1	13.37	13.37
Fixation R	1	2	3865247132	3865409105	161973	415.57	262.19	21	30	-1	12.72	12.72
Fixation L	1	3	3865429101	3865547335	118234	414.03	269.64	22	44	-1	13.38	13.38
Fixation R	1	3	3865429101	3865547335	118234	414.03	269.64	22	44	-1	12.60	12.60
Fixation L	1	4	3865567215	3865931326	364111	432.14	273.36	36	35	-1	13.51	13.51
Fixation R	1	4	3865567215	3865931326	364111	432.14	273.36	36	35	-1	12.82	12.82
Saccade L	1	2	3865931326	3865959344	28018	436.84	265.26	409.50	296.34	0.86	41.54	0.50	30.68	1410.60	-1501.62	1058.85
Saccade R	1	2	3865931326	3865959344	28018	436.84	265.26	409.50	296.34	0.86	41.54	0.50	30.68	1410.60	-1501.62	1058.85
Fixation L	1	5	3865959344	3866605789	646445	424.66	290.07	43	60	-1	13.48	13.48
Fixation R	1	5	3865959344	3866605789	646445	424.66	290.07	43	60	-1	12.76	12.76
Saccade L	1	3	3866605789	3866627692	21903	419.20	257.51	437.05	287.77	0.68	42.17	0.36	31.07	709.90	-1449.38	821.99
Saccade R	1	3	3866605789	3866627692	21903	419.20	257.51	437.05	287.77	0.68	42.17	0.36	31.07	709.90	-1449.38	821.99
Saccade L	1	4	3866643693	3866745736	102043	441.89	290.35	739.01	471.70	9.28	239.68	0.39	90.94	9529.32	-4453.16	3337.13
Saccade R	1	4	3866643693	3866745736	102043	441.89	290.35	739.01	471.70	9.28	239.68	0.39	90.94	9529.32	-4453.16	3337.13
Saccade L	1	5	3866745736	3866823825	78089	739.01	471.70	1175.54	745.06	11.89	302.33	0.31	152.23	12763.95	-8808.82	6287.73
Saccade R	1	5	3866745736	3866823825	78089	739.01	471.70	1175.54	745.06	11.89	302.33	0.31	152.23	12763.95	-8808.82	6287.73
Fixation L	1	6	3866823825	3866997826	174001	1191.77	759.72	32	32	-1	13.51	13.51
Fixation R	1	6	3866823825	3866997826	174001	1191.77	759.72	32	32	-1	13.64	13.64
Blink L	1	1	3866997826	3867111933	114107
Blink R	1	1	3866997826	3867111933	114107
Blink L	1	2	3867111933	3867164719	52786
Blink R	1	2	3867111933	3867164719	52786
Blink L	1	3	3867198934	3867315927	116993
Blink R	1	3	3867198934	3867315927	116993
Saccade L	1	6	3867416052	3867442050	25998	1357.47	851.07	1266.19	855.76	1.46	109.41	0.33	56.31	1309.39	-3435.62	1270.86
Saccade R	1	6	3867416052	3867442050	25998	1357.47	851.07	1266.19	855.76	1.46	109.41	0.33	56.31	1309.39	-3435.62	1270.86
Saccade L	1	7	3867448065	3867475048	26983	1264.05	859.07	1341.99	787.38	2.56	204.35	0.44	94.93	6373.23	-7310.56	4803.61
Saccade R	1	7	3867448065	3867475048	26983	1264.05	859.07	1341.99	787.38	2.56	204.35	0.44	94.93	6373.23	-7310.56	4803.61
Blink L	1	4	3867498053	3867614064	116011
Blink R	1	4	3867498053	3867614064	116011
Saccade L	1	8	3867644171	3867668171	24000	0.00	0.00	1261.16	798.63	31.87	2877.67	0.50	1327.81	109540.45	-109243.41	76413.57
Saccade R	1	8	3867644171	3867668171	24000	0.00	0.00	1261.16	798.63	31.87	2877.67	0.50	1327.81	109540.45	-109243.41	76413.57
Fixation L	1	7	3867668171	3867791187	123016	1273.55	786.99	34	20	-1	14.68	14.68
Fixation R	1	7	3867668171	3867791187	123016	1273.55	786.99	34	20	-1	14.61	14.61
Saccade L	1	9	3867791187	3867814170	22983	1295.22	796.52	1335.89	796.39	0.82	52.05	0.39	35.69	1808.92	-2001.07	1337.89
Saccade R	1	9	3867791187	3867814170	22983	1295.22	796.52	1335.89	796.39	0.82	52.05	0.39	35.69	1808.92	-2001.07	1337.89
Saccade L	1	10	3867840179	3867864169	23990	1339.63	795.99	1289.46	792.88	1.03	63.25	0.50	42.86	94376.87	441.46	21681.51
Saccade R	1	10	3867840179	3867864169	23990	1339.63	795.99	1289.46	792.88	1.03	63.25	0.50	42.86	94376.87	441.46	21681.51
Blink L	1	5	3867864169	3867924168	59999
Blink R	1	5	3867864169	3867924168	59999
Blink L	1	6	3867986296	3868172508	186212
Blink R	1	6	3867986296	3868172508	186212
Saccade L	1	11	3868178546	3868212414	33868	1261.50	339.92	1305.02	321.27	1.71	101.70	0.41	50.58	2318.16	-2715.09	1515.83
Saccade R	1	11	3868178546	3868212414	33868	1261.50	339.92	1305.02	321.27	1.71	101.70	0.41	50.58	2318.16	-2715.09	1515.83
Saccade L	1	12	3868218771	3868248911	30140	1302.25	318.13	1236.73	266.41	1.81	112.67	0.45	59.92	3665.92	-4447.93	2988.74
Saccade R	1	12	3868218771	3868248911	30140	1302.25	318.13	1236.73	266.41	1.81	112.67	0.45	59.92	3665.92	-4447.93	2988.74
Saccade L	1	13	3868276590	3868302407	25817	1227.96	262.96	1289.16	298.36	1.50	112.89	0.38	58.16	4255.37	-4257.64	3012.09
Saccade R	1	13	3868276590	3868302407	25817	1227.96	262.96	1289.16	298.36	1.50	112.89	0.38	58.16	4255.37	-4257.64	3012.09
Fixation L	1	8	3868302407	3868358412	56005	1275.82	300.46	27	10	-1	13.93	13.93
Fixation R	1	8	3868302407	3868358412	56005	1275.82	300.46	27	10	-1	13.73	13.73
Saccade L	1	14	3868470533	3868506770	36237	1300.75	297.86	1254.13	238.60	1.90	85.59	0.40	52.35	2552.64	-2264.00	1538.98
Saccade R	1	14	3868470533	3868506770	36237	1300.75	297.86	1254.13	238.60	1.90	85.59	0.40	52.35	2552.64	-2264.00	1538.98
Fixation L	1	9	3868526533	3868590542	64009	1207.17	246.01	62	51	-1	14.13	14.13
Fixation R	1	9	3868526533	3868590542	64009	1207.17	246.01	62	51	-1	13.76	13.76
Fixation L	1	10	3868605793	3868708690	102897	1223.81	239.20	46	16	-1	14.11	14.11
Fixation R	1	10	3868605793	3868708690	102897	1223.81	239.20	46	16	-1	13.89	13.89
Saccade L	1	15	3868708690	3868736650	27960	1246.18	239.29	1249.95	284.29	0.97	50.75	0.42	34.84	1899.29	-1973.20	1389.88
Saccade R	1	15	3868708690	3868736650	27960	1246.18	239.29	1249.95	284.29	0.97	50.75	0.42	34.84	1899.29	-1973.20	1389.88
Fixation L	1	11	3868736650	3869071532	334882	1267.62	262.80	54	44	-1	13.98	13.98
Fixation R	1	11	3868736650	3869071532	334882	1267.62	262.80	54	44	-1	13.71	13.71
Saccade L	1	16	3869071532	3869096769	25237	1271.10	287.78	1221.07	285.27	1.04	67.82	0.52	41.30	2249.99	-1601.66	1466.02
Saccade R	1	16	3869071532	3869096769	25237	1271.10	287.78	1221.07	285.27	1.04	67.82	0.52	41.30	2249.99	-1601.66	1466.02
Fixation L	1	12	3869096769	3869368982	272213	1243.60	312.98	62	75	-1	14.32	14.32
Fixation R	1	12	3869096769	3869368982	272213	1243.60	312.98	62	75	-1	13.98	13.98
Saccade L	1	17	3869368982	3869390988	22006	1195.05	354.96	1237.72	342.61	0.84	63.93	0.27	38.38	1538.04	-1918.50	1153.01
Saccade R	1	17	3869368982	3869390988	22006	1195.05	354.96	1237.72	342.61	0.84	63.93	0.27	38.38	1538.04	-1918.50	1153.01
Fixation L	1	13	3869390988	3869502905	111917	1225.57	343.53	61	22	-1	14.31	14.31
Fixation R	1	13	3869390988	3869502905	111917	1225.57	343.53	61	22	-1	14.10	14.10
Saccade L	1	18	3869502905	3869613011	110106	1186.43	350.25	629.17	795.97	45.72	855.09	0.30	415.19	34471.96	-25509.40	14862.72
Saccade R	1	18	3869502905	3869613011	110106	1186.43	350.25	629.17	795.97	45.72	855.09	0.30	415.19	34471.96	-25509.40	14862.72
Fixation L	1	14	3869613011	3869763537	150526	599.83	812.82	62	27	-1	15.01	15.01
Fixation R	1	14	3869613011	3869763537	150526	599.83	812.82	62	27	-1	14.25	14.25
Saccade L	1	19	3869763537	3869797008	33471	569.55	805.61	440.56	817.74	3.09	174.83	0.47	92.19	6747.58	-7118.41	5124.06
Saccade R	1	19	3869763537	3869797008	33471	569.55	805.61	440.56	817.74	3.09	174.83	0.47	92.19	6747.58	-7118.41	5124.06
Fixation L	1	15	3869797008	3870515376	718368	406.66	804.53	69	58	-1	15.24	15.24
Fixation R	1	15	3869797008	3870515376	718368	406.66	804.53	69	58	-1	14.63	14.63
