[BeGaze]
Converted from:	C:\Program Files\SMI\Experiment Suite 360\Experiment Center 2\Results\RC-Attachment-Exp\P17-eye_data.idf
Date:	18.03.2012 20:13:27
Version:	BeGaze 3.0.181
Sample Rate:	500
Subject:	P17
Description:	Run22

Table Header for Fixations:
Event Type	Trial	Number	Start	End	Duration	Location X	Location Y	Dispersion X	Dispersion Y	Plane	Avg. Pupil Size X	Avg. Pupil Size Y

Table Header for Saccades:
Event Type	Trial	Number	Start	End	Duration	Start Loc.X	Start Loc.Y	End Loc.X	End Loc.Y	Amplitude	Peak Speed	Peak Speed At	Average Speed	Peak Accel.	Peak Decel.	Average Accel.

Table Header for Blinks:
Event Type	Trial	Number	Start	End	Duration

Table Header for User Events:
Event Type	Trial	Number	Start	Description

UserEvent	1	1	16515369246	# Message: RC-nonforced-nonanim-6.jpg
Fixation L	1	1	16515371150	16515515293	144143	493.02	448.15	33	15	-1	12.75	12.75
Fixation R	1	1	16515371150	16515515293	144143	493.02	448.15	33	15	-1	12.20	12.20
Saccade L	1	1	16515515293	16515537298	22005	482.50	456.86	539.22	454.29	1.32	107.89	0.45	60.06	4228.27	-3990.62	2824.69
Saccade R	1	1	16515515293	16515537298	22005	482.50	456.86	539.22	454.29	1.32	107.89	0.45	60.06	4228.27	-3990.62	2824.69
Fixation L	1	2	16515537298	16515803382	266084	548.81	451.71	39	26	-1	12.49	12.49
Fixation R	1	2	16515537298	16515803382	266084	548.81	451.71	39	26	-1	11.98	11.98
Saccade L	1	2	16515803382	16515835419	32037	577.04	445.43	627.55	442.65	1.15	54.00	0.50	35.96	1950.46	-1909.95	1412.65
Saccade R	1	2	16515803382	16515835419	32037	577.04	445.43	627.55	442.65	1.15	54.00	0.50	35.96	1950.46	-1909.95	1412.65
Fixation L	1	3	16515835419	16516077484	242065	636.83	431.93	19	22	-1	12.14	12.14
Fixation R	1	3	16515835419	16516077484	242065	636.83	431.93	19	22	-1	11.62	11.62
Saccade L	1	3	16516077484	16516107485	30001	644.32	437.02	731.90	436.76	1.86	111.87	0.47	62.07	4716.76	-4668.91	3434.85
Saccade R	1	3	16516077484	16516107485	30001	644.32	437.02	731.90	436.76	1.86	111.87	0.47	62.07	4716.76	-4668.91	3434.85
Fixation L	1	4	16516107485	16516279477	171992	737.77	439.92	13	17	-1	12.54	12.54
Fixation R	1	4	16516107485	16516279477	171992	737.77	439.92	13	17	-1	11.87	11.87
Saccade L	1	4	16516279477	16516303501	24024	735.76	434.17	695.49	426.29	0.84	50.33	0.50	35.02	1819.95	-1890.97	1327.99
Saccade R	1	4	16516279477	16516303501	24024	735.76	434.17	695.49	426.29	0.84	50.33	0.50	35.02	1819.95	-1890.97	1327.99
Fixation L	1	5	16516303501	16516653716	350215	673.09	434.10	40	15	-1	12.81	12.81
Fixation R	1	5	16516303501	16516653716	350215	673.09	434.10	40	15	-1	12.07	12.07
Saccade L	1	5	16516653716	16516681709	27993	654.93	437.28	716.83	443.26	1.32	81.23	0.43	47.27	3099.49	-3240.88	2260.23
Saccade R	1	5	16516653716	16516681709	27993	654.93	437.28	716.83	443.26	1.32	81.23	0.43	47.27	3099.49	-3240.88	2260.23
Fixation L	1	6	16516681709	16516915817	234108	720.95	460.36	22	30	-1	12.77	12.77
Fixation R	1	6	16516681709	16516915817	234108	720.95	460.36	22	30	-1	12.34	12.34
Saccade L	1	6	16516915817	16516943812	27995	733.04	461.35	829.53	442.07	2.09	137.08	0.50	74.63	5601.88	-5264.27	3983.85
Saccade R	1	6	16516915817	16516943812	27995	733.04	461.35	829.53	442.07	2.09	137.08	0.50	74.63	5601.88	-5264.27	3983.85
Fixation L	1	7	16516943812	16517327925	384113	839.66	438.94	41	31	-1	12.47	12.47
Fixation R	1	7	16516943812	16517327925	384113	839.66	438.94	41	31	-1	11.85	11.85
Saccade L	1	7	16517327925	16517350052	22127	845.50	426.15	876.37	439.44	0.69	41.02	0.45	30.98	1468.48	-1240.70	955.88
Saccade R	1	7	16517327925	16517350052	22127	845.50	426.15	876.37	439.44	0.69	41.02	0.45	30.98	1468.48	-1240.70	955.88
Fixation L	1	8	16517350052	16517558044	207992	883.67	435.99	22	17	-1	11.95	11.95
Fixation R	1	8	16517350052	16517558044	207992	883.67	435.99	22	17	-1	11.22	11.22
Saccade L	1	8	16517558044	16517584059	26015	893.66	430.06	947.21	431.33	1.14	74.31	0.46	43.92	2721.44	-2473.01	1838.21
Saccade R	1	8	16517558044	16517584059	26015	893.66	430.06	947.21	431.33	1.14	74.31	0.46	43.92	2721.44	-2473.01	1838.21
Fixation L	1	9	16517584059	16517824153	240094	953.48	424.99	29	27	-1	11.47	11.47
Fixation R	1	9	16517584059	16517824153	240094	953.48	424.99	29	27	-1	10.89	10.89
Saccade L	1	9	16517824153	16517850147	25994	959.37	437.75	1015.72	424.36	1.24	82.37	0.40	47.72	3364.38	-3010.24	2215.47
Saccade R	1	9	16517824153	16517850147	25994	959.37	437.75	1015.72	424.36	1.24	82.37	0.40	47.72	3364.38	-3010.24	2215.47
Fixation L	1	10	16517850147	16518016269	166122	1030.00	431.28	32	17	-1	10.99	10.99
Fixation R	1	10	16517850147	16518016269	166122	1030.00	431.28	32	17	-1	10.57	10.57
Blink L	1	1	16518016269	16518202269	186000
Blink R	1	1	16518016269	16518202269	186000
Fixation L	1	11	16518202269	16518494529	292260	1087.51	418.56	17	41	-1	10.74	10.74
Fixation R	1	11	16518202269	16518494529	292260	1087.51	418.56	17	41	-1	10.33	10.33
Saccade L	1	10	16518494529	16518516524	21995	1092.32	421.57	1124.39	426.73	0.67	43.02	0.45	30.63	1766.53	-1445.11	1115.05
Saccade R	1	10	16518494529	16518516524	21995	1092.32	421.57	1124.39	426.73	0.67	43.02	0.45	30.63	1766.53	-1445.11	1115.05
Fixation L	1	12	16518516524	16518702496	185972	1131.96	420.70	18	27	-1	11.07	11.07
Fixation R	1	12	16518516524	16518702496	185972	1131.96	420.70	18	27	-1	10.70	10.70
Saccade L	1	11	16518702496	16518780608	78112	1137.00	424.26	887.29	847.25	11.55	299.69	0.26	147.88	12845.82	-8520.24	6208.13
Saccade R	1	11	16518702496	16518780608	78112	1137.00	424.26	887.29	847.25	11.55	299.69	0.26	147.88	12845.82	-8520.24	6208.13
Fixation L	1	13	16518780608	16518908606	127998	886.46	860.50	14	19	-1	11.64	11.64
Fixation R	1	13	16518780608	16518908606	127998	886.46	860.50	14	19	-1	10.44	10.44
Saccade L	1	12	16518908606	16518940631	32025	885.81	856.88	907.94	920.56	1.61	92.58	0.44	50.15	3792.01	-3502.23	2630.06
Saccade R	1	12	16518908606	16518940631	32025	885.81	856.88	907.94	920.56	1.61	92.58	0.44	50.15	3792.01	-3502.23	2630.06
Fixation L	1	14	16518940631	16520721423	1780792	908.50	915.17	42	45	-1	13.71	13.71
Fixation R	1	14	16518940631	16520721423	1780792	908.50	915.17	42	45	-1	12.80	12.80
