[BeGaze]
Converted from:	C:\Program Files\SMI\Experiment Suite 360\Experiment Center 2\Results\RC-Attachment-Exp\P32-eye_data.idf
Date:	18.03.2012 20:28:05
Version:	BeGaze 3.0.181
Sample Rate:	500
Subject:	P32
Description:	Run37

Table Header for Fixations:
Event Type	Trial	Number	Start	End	Duration	Location X	Location Y	Dispersion X	Dispersion Y	Plane	Avg. Pupil Size X	Avg. Pupil Size Y

Table Header for Saccades:
Event Type	Trial	Number	Start	End	Duration	Start Loc.X	Start Loc.Y	End Loc.X	End Loc.Y	Amplitude	Peak Speed	Peak Speed At	Average Speed	Peak Accel.	Peak Decel.	Average Accel.

Table Header for Blinks:
Event Type	Trial	Number	Start	End	Duration

Table Header for User Events:
Event Type	Trial	Number	Start	Description

UserEvent	1	1	5815560694	# Message: Questionnaire8.jpg
Fixation L	1	1	5815580831	5815922280	341449	904.23	945.73	24	45	-1	14.91	14.91
Fixation R	1	1	5815580831	5815922280	341449	904.23	945.73	24	45	-1	15.79	15.79
Saccade L	1	1	5815922280	5816008765	86485	894.13	961.23	560.46	370.92	16.91	555.28	0.37	195.49	22601.96	-16555.13	9904.74
Saccade R	1	1	5815922280	5816008765	86485	894.13	961.23	560.46	370.92	16.91	555.28	0.37	195.49	22601.96	-16555.13	9904.74
Saccade L	1	2	5816047805	5816091322	43517	574.76	382.43	472.81	359.73	2.27	121.95	0.25	52.24	4828.79	-3687.71	2208.54
Saccade R	1	2	5816047805	5816091322	43517	574.76	382.43	472.81	359.73	2.27	121.95	0.25	52.24	4828.79	-3687.71	2208.54
Saccade L	1	3	5816124789	5816160701	35912	463.90	371.10	383.15	370.55	2.00	118.79	0.39	55.78	4427.60	-4145.58	2846.73
Saccade R	1	3	5816124789	5816160701	35912	463.90	371.10	383.15	370.55	2.00	118.79	0.39	55.78	4427.60	-4145.58	2846.73
Fixation L	1	2	5816160701	5816390815	230114	392.31	358.11	28	34	-1	15.11	15.11
Fixation R	1	2	5816160701	5816390815	230114	392.31	358.11	28	34	-1	15.71	15.71
Saccade L	1	4	5816390815	5816420814	29999	407.66	374.58	446.74	350.88	1.06	48.78	0.47	35.41	1951.39	-1724.82	1322.99
Saccade R	1	4	5816390815	5816420814	29999	407.66	374.58	446.74	350.88	1.06	48.78	0.47	35.41	1951.39	-1724.82	1322.99
Fixation L	1	3	5816420814	5816612934	192120	449.36	348.97	17	33	-1	15.77	15.77
Fixation R	1	3	5816420814	5816612934	192120	449.36	348.97	17	33	-1	16.36	16.36
Saccade L	1	5	5816612934	5816641776	28842	460.85	371.44	499.10	360.97	0.89	40.19	0.42	30.72	1482.84	-1404.07	993.02
Saccade R	1	5	5816612934	5816641776	28842	460.85	371.44	499.10	360.97	0.89	40.19	0.42	30.72	1482.84	-1404.07	993.02
Fixation L	1	4	5816641776	5816943045	301269	497.43	354.93	22	53	-1	16.54	16.54
Fixation R	1	4	5816641776	5816943045	301269	497.43	354.93	22	53	-1	17.23	17.23
Saccade L	1	6	5816943045	5816971047	28002	498.63	342.36	565.72	332.55	1.40	84.25	0.36	49.99	3229.70	-3076.33	2264.73
Saccade R	1	6	5816943045	5816971047	28002	498.63	342.36	565.72	332.55	1.40	84.25	0.36	49.99	3229.70	-3076.33	2264.73
Fixation L	1	5	5816971047	5817079170	108123	570.49	345.79	9	21	-1	16.69	16.69
Fixation R	1	5	5816971047	5817079170	108123	570.49	345.79	9	21	-1	17.47	17.47
Saccade L	1	7	5817079170	5817123167	43997	569.18	347.89	660.37	359.23	2.12	96.55	0.32	48.09	4028.40	-2530.46	2004.76
Saccade R	1	7	5817079170	5817123167	43997	569.18	347.89	660.37	359.23	2.12	96.55	0.32	48.09	4028.40	-2530.46	2004.76
Fixation L	1	6	5817123167	5817299331	176164	669.76	357.57	19	31	-1	16.62	16.62
Fixation R	1	6	5817123167	5817299331	176164	669.76	357.57	19	31	-1	17.46	17.46
Saccade L	1	8	5817299331	5817343287	43956	665.20	349.45	796.78	348.38	2.86	153.10	0.27	65.00	5866.48	-5032.05	3197.08
Saccade R	1	8	5817299331	5817343287	43956	665.20	349.45	796.78	348.38	2.86	153.10	0.27	65.00	5866.48	-5032.05	3197.08
Fixation L	1	7	5817343287	5817600312	257025	800.11	363.38	24	37	-1	16.69	16.69
Fixation R	1	7	5817343287	5817600312	257025	800.11	363.38	24	37	-1	17.29	17.29
Saccade L	1	9	5817600312	5817631394	31082	803.40	345.00	848.23	346.76	0.90	40.98	0.36	29.09	1733.09	-1023.81	960.46
Saccade R	1	9	5817600312	5817631394	31082	803.40	345.00	848.23	346.76	0.90	40.98	0.36	29.09	1733.09	-1023.81	960.46
Fixation L	1	8	5817631394	5818175631	544237	832.07	349.73	65	47	-1	16.47	16.47
Fixation R	1	8	5817631394	5818175631	544237	832.07	349.73	65	47	-1	17.14	17.14
Saccade L	1	10	5818175631	5818212082	36451	830.12	350.72	957.60	350.71	2.82	148.39	0.38	77.32	6255.34	-5662.94	4255.14
Saccade R	1	10	5818175631	5818212082	36451	830.12	350.72	957.60	350.71	2.82	148.39	0.38	77.32	6255.34	-5662.94	4255.14
Fixation L	1	9	5818212082	5818800580	588498	947.03	342.96	49	33	-1	16.61	16.61
Fixation R	1	9	5818212082	5818800580	588498	947.03	342.96	49	33	-1	17.29	17.29
Saccade L	1	11	5818800580	5818829861	29281	919.47	343.38	983.39	347.29	1.29	73.73	0.32	44.06	3074.44	-2582.39	1981.36
Saccade R	1	11	5818800580	5818829861	29281	919.47	343.38	983.39	347.29	1.29	73.73	0.32	44.06	3074.44	-2582.39	1981.36
Fixation L	1	10	5818829861	5818991983	162122	982.14	343.20	20	12	-1	16.35	16.35
Fixation R	1	10	5818829861	5818991983	162122	982.14	343.20	20	12	-1	16.77	16.77
Saccade L	1	12	5818991983	5819031982	39999	968.74	348.91	1085.39	354.85	2.54	118.14	0.36	63.48	5040.02	-3942.26	3123.79
Saccade R	1	12	5818991983	5819031982	39999	968.74	348.91	1085.39	354.85	2.54	118.14	0.36	63.48	5040.02	-3942.26	3123.79
Fixation L	1	11	5819031982	5819320102	288120	1083.80	349.69	31	28	-1	15.95	15.95
Fixation R	1	11	5819031982	5819320102	288120	1083.80	349.69	31	28	-1	16.52	16.52
Saccade L	1	13	5819320102	5819348101	27999	1076.56	347.41	1114.77	352.55	0.98	54.27	0.43	34.84	2009.62	-1517.03	1262.05
Saccade R	1	13	5819320102	5819348101	27999	1076.56	347.41	1114.77	352.55	0.98	54.27	0.43	34.84	2009.62	-1517.03	1262.05
Saccade L	1	14	5819396091	5819418091	22000	1134.92	353.91	1099.90	362.43	0.68	49.02	0.53	30.89	18.12	-830.58	347.19
Saccade R	1	14	5819396091	5819418091	22000	1134.92	353.91	1099.90	362.43	0.68	49.02	0.53	30.89	18.12	-830.58	347.19
Fixation L	1	12	5819418091	5819558212	140121	1110.83	361.28	26	47	-1	16.00	16.00
Fixation R	1	12	5819418091	5819558212	140121	1110.83	361.28	26	47	-1	16.48	16.48
Saccade L	1	15	5819558212	5819584210	25998	1111.73	381.28	1111.70	345.45	0.79	40.17	0.46	30.46	1365.04	-1172.51	886.25
Saccade R	1	15	5819558212	5819584210	25998	1111.73	381.28	1111.70	345.45	0.79	40.17	0.46	30.46	1365.04	-1172.51	886.25
Fixation L	1	13	5819584210	5819742344	158134	1112.34	355.14	12	34	-1	15.82	15.82
Fixation R	1	13	5819584210	5819742344	158134	1112.34	355.14	12	34	-1	16.37	16.37
Saccade L	1	16	5819742344	5819814328	71984	1110.99	343.93	442.46	462.85	15.49	398.80	0.36	215.20	16979.02	-11650.90	8836.42
Saccade R	1	16	5819742344	5819814328	71984	1110.99	343.93	442.46	462.85	15.49	398.80	0.36	215.20	16979.02	-11650.90	8836.42
Fixation L	1	14	5819814328	5819922330	108002	447.63	447.01	21	36	-1	16.04	16.04
Fixation R	1	14	5819814328	5819922330	108002	447.63	447.01	21	36	-1	16.31	16.31
Saccade L	1	17	5819922330	5819962323	39993	457.55	465.17	394.76	479.82	1.49	66.73	0.30	37.27	1700.82	-1690.05	1100.00
Saccade R	1	17	5819922330	5819962323	39993	457.55	465.17	394.76	479.82	1.49	66.73	0.30	37.27	1700.82	-1690.05	1100.00
Fixation L	1	15	5819962323	5820248602	286279	400.45	480.19	32	26	-1	15.98	15.98
Fixation R	1	15	5819962323	5820248602	286279	400.45	480.19	32	26	-1	16.37	16.37
Saccade L	1	18	5820248602	5820280575	31973	392.52	494.51	358.11	510.32	0.97	40.48	0.67	30.34	1342.63	-1430.31	982.81
Saccade R	1	18	5820248602	5820280575	31973	392.52	494.51	358.11	510.32	0.97	40.48	0.67	30.34	1342.63	-1430.31	982.81
Fixation L	1	16	5820280575	5820448019	167444	367.53	495.97	25	35	-1	16.52	16.52
Fixation R	1	16	5820280575	5820448019	167444	367.53	495.97	25	35	-1	16.86	16.86
Saccade L	1	19	5820448019	5820472566	24547	380.24	482.24	377.38	516.72	0.76	44.76	0.47	31.14	1628.85	-1580.99	1125.82
Saccade R	1	19	5820448019	5820472566	24547	380.24	482.24	377.38	516.72	0.76	44.76	0.47	31.14	1628.85	-1580.99	1125.82
Fixation L	1	17	5820472566	5821603674	1131108	351.78	501.66	48	54	-1	15.37	15.37
Fixation R	1	17	5820472566	5821603674	1131108	351.78	501.66	48	54	-1	16.15	16.15
UserEvent	1	145	5821277499	# Message: UE-mouseclick left x=362 y=471
Saccade L	1	20	5821603674	5821649157	45483	353.64	480.05	393.17	556.85	2.15	97.60	0.37	47.35	3337.39	-3142.75	2039.29
Saccade R	1	20	5821603674	5821649157	45483	353.64	480.05	393.17	556.85	2.15	97.60	0.37	47.35	3337.39	-3142.75	2039.29
Fixation L	1	18	5821649157	5821994239	345082	401.44	544.83	40	43	-1	14.94	14.94
Fixation R	1	18	5821649157	5821994239	345082	401.44	544.83	40	43	-1	15.72	15.72
UserEvent	1	160	5821844356	# Message: UE-mouseclick left x=403 y=530
