[BeGaze]
Converted from:	C:\Program Files\SMI\Experiment Suite 360\Experiment Center 2\Results\RC-Attachment-Exp\deneme-eye_data.idf
Date:	18.03.2012 20:03:19
Version:	BeGaze 3.0.181
Sample Rate:	500
Subject:	deneme
Description:	Run3

Table Header for Fixations:
Event Type	Trial	Number	Start	End	Duration	Location X	Location Y	Dispersion X	Dispersion Y	Plane	Avg. Pupil Size X	Avg. Pupil Size Y

Table Header for Saccades:
Event Type	Trial	Number	Start	End	Duration	Start Loc.X	Start Loc.Y	End Loc.X	End Loc.Y	Amplitude	Peak Speed	Peak Speed At	Average Speed	Peak Accel.	Peak Decel.	Average Accel.

Table Header for Blinks:
Event Type	Trial	Number	Start	End	Duration

Table Header for User Events:
Event Type	Trial	Number	Start	Description

UserEvent	1	1	8749163849	# Message: Questionnaire14.jpg
Fixation L	1	1	8749174989	8749566817	391828	858.41	964.27	25	40	-1	10.06	10.06
Fixation R	1	1	8749174989	8749566817	391828	858.41	964.27	25	40	-1	9.91	9.91
Fixation L	1	2	8749638823	8749785015	146192	462.94	487.63	12	19	-1	9.79	9.79
Fixation R	1	2	8749638823	8749785015	146192	462.94	487.63	12	19	-1	9.26	9.26
Saccade L	1	1	8749785015	8749810935	25920	468.51	476.25	404.57	462.81	1.37	90.85	0.54	53.02	3658.09	-3473.04	2546.26
Saccade R	1	1	8749785015	8749810935	25920	468.51	476.25	404.57	462.81	1.37	90.85	0.54	53.02	3658.09	-3473.04	2546.26
Fixation L	1	3	8749810935	8749982937	172002	405.52	462.46	14	23	-1	9.71	9.71
Fixation R	1	3	8749810935	8749982937	172002	405.52	462.46	14	23	-1	9.30	9.30
Blink L	1	1	8749982937	8750285191	302254
Blink R	1	1	8749982937	8750285191	302254
Saccade L	1	2	8750295175	8750323179	28004	435.59	345.24	432.75	355.01	0.93	43.43	0.50	33.33	1399.72	-1752.50	1217.12
Saccade R	1	2	8750295175	8750323179	28004	435.59	345.24	432.75	355.01	0.93	43.43	0.50	33.33	1399.72	-1752.50	1217.12
Saccade L	1	3	8750341173	8750403171	61998	433.89	355.51	533.01	364.92	15.19	534.63	0.32	244.99	19449.46	-12448.62	9530.53
Saccade R	1	3	8750341173	8750403171	61998	433.89	355.51	533.01	364.92	15.19	534.63	0.32	244.99	19449.46	-12448.62	9530.53
Saccade L	1	4	8750415183	8750471168	55985	535.52	367.86	542.08	370.64	10.82	218.70	0.50	193.19	9803.89	-2556.15	2728.13
Saccade R	1	4	8750415183	8750471168	55985	535.52	367.86	542.08	370.64	10.82	218.70	0.50	193.19	9803.89	-2556.15	2728.13
Saccade L	1	5	8750471168	8750497169	26001	542.08	370.64	543.99	372.59	4.77	219.09	0.54	183.42	4499.86	-8022.84	2723.77
Saccade R	1	5	8750471168	8750497169	26001	542.08	370.64	543.99	372.59	4.77	219.09	0.54	183.42	4499.86	-8022.84	2723.77
Fixation L	1	4	8750497169	8750547305	50136	491.27	339.51	543	376	-1	9.50	9.50
Fixation R	1	4	8750497169	8750547305	50136	491.27	339.51	543	376	-1	9.01	9.01
Saccade L	1	6	8750547305	8750575288	27983	539.88	365.54	586.78	375.82	1.07	54.05	0.50	38.10	1699.76	-1986.67	1214.51
Saccade R	1	6	8750547305	8750575288	27983	539.88	365.54	586.78	375.82	1.07	54.05	0.50	38.10	1699.76	-1986.67	1214.51
Saccade L	1	7	8750633403	8750669493	36090	579.94	368.36	677.02	371.58	2.28	126.88	0.50	63.15	4629.35	-5246.31	3496.54
Saccade R	1	7	8750633403	8750669493	36090	579.94	368.36	677.02	371.58	2.28	126.88	0.50	63.15	4629.35	-5246.31	3496.54
Fixation L	1	5	8750669493	8750864379	194886	675.25	372.84	15	10	-1	10.40	10.40
Fixation R	1	5	8750669493	8750864379	194886	675.25	372.84	15	10	-1	9.96	9.96
Fixation L	1	6	8750883409	8750999410	116001	621.28	370.63	13	8	-1	10.45	10.45
Fixation R	1	6	8750883409	8750999410	116001	621.28	370.63	13	8	-1	9.91	9.91
Saccade L	1	8	8750999410	8751037423	38013	619.64	372.58	400.73	466.50	5.53	303.82	0.58	145.49	12846.23	-12913.99	9390.99
Saccade R	1	8	8750999410	8751037423	38013	619.64	372.58	400.73	466.50	5.53	303.82	0.58	145.49	12846.23	-12913.99	9390.99
Fixation L	1	7	8751037423	8752001889	964466	402.93	451.37	19	47	-1	10.38	10.38
Fixation R	1	7	8751037423	8752001889	964466	402.93	451.37	19	47	-1	9.83	9.83
UserEvent	1	66	8751730677	# Message: UE-mouseclick left x=405 y=444
Saccade L	1	9	8752001889	8752031903	30014	402.81	445.64	403.68	517.28	1.64	96.61	0.47	54.67	3827.90	-3939.37	2840.51
Saccade R	1	9	8752001889	8752031903	30014	402.81	445.64	403.68	517.28	1.64	96.61	0.47	54.67	3827.90	-3939.37	2840.51
Fixation L	1	8	8752031903	8752289994	258091	412.02	517.93	24	35	-1	10.37	10.37
Fixation R	1	8	8752031903	8752289994	258091	412.02	517.93	24	35	-1	9.86	9.86
Saccade L	1	10	8752289994	8752330082	40088	415.60	538.33	428.34	395.93	3.28	174.08	0.40	81.73	6863.94	-6486.89	4618.76
Saccade R	1	10	8752289994	8752330082	40088	415.60	538.33	428.34	395.93	3.28	174.08	0.40	81.73	6863.94	-6486.89	4618.76
UserEvent	1	82	8752314305	# Message: UE-mouseclick left x=423 y=532
Fixation L	1	9	8752330082	8752434098	104016	431.08	399.44	23	11	-1	10.40	10.40
Fixation R	1	9	8752330082	8752434098	104016	431.08	399.44	23	11	-1	9.83	9.83
