[BeGaze]
Converted from:	C:\Program Files\SMI\Experiment Suite 360\Experiment Center 2\Results\RC-Attachment-Exp\Deney02-eye_data.idf
Date:	24.02.2012 09:57:50
Version:	BeGaze 3.0.181
Sample Rate:	500
Subject:	Deney02
Description:	Run5

Table Header for Fixations:
Event Type	Trial	Number	Start	End	Duration	Location X	Location Y	Dispersion X	Dispersion Y	Plane	Avg. Pupil Size X	Avg. Pupil Size Y

Table Header for Saccades:
Event Type	Trial	Number	Start	End	Duration	Start Loc.X	Start Loc.Y	End Loc.X	End Loc.Y	Amplitude	Peak Speed	Peak Speed At	Average Speed	Peak Accel.	Peak Decel.	Average Accel.

Table Header for Blinks:
Event Type	Trial	Number	Start	End	Duration

Table Header for User Events:
Event Type	Trial	Number	Start	Description

UserEvent	1	1	3234607490	# Message: RC-nonforced-nonanim-3.jpg
Fixation L	1	1	3234609121	3234901048	291927	484.02	466.20	24	27	-1	11.35	11.35
Fixation R	1	1	3234609121	3234901048	291927	484.02	466.20	24	27	-1	11.95	11.95
Fixation L	1	2	3234921042	3235099163	178121	527.82	465.68	23	7	-1	11.81	11.81
Fixation R	1	2	3234921042	3235099163	178121	527.82	465.68	23	7	-1	12.51	12.51
Saccade L	1	1	3235099163	3235123074	23911	528.83	465.66	597.44	467.41	1.44	109.29	0.50	60.18	4558.44	-4367.03	3137.44
Saccade R	1	1	3235099163	3235123074	23911	528.83	465.66	597.44	467.41	1.44	109.29	0.50	60.18	4558.44	-4367.03	3137.44
Fixation L	1	3	3235123074	3235315162	192088	604.24	455.91	18	34	-1	11.79	11.79
Fixation R	1	3	3235123074	3235315162	192088	604.24	455.91	18	34	-1	12.65	12.65
Saccade L	1	2	3235315162	3235345164	30002	616.96	459.05	690.83	448.06	1.68	103.20	0.47	55.97	3928.92	-3805.08	2805.76
Saccade R	1	2	3235315162	3235345164	30002	616.96	459.05	690.83	448.06	1.68	103.20	0.47	55.97	3928.92	-3805.08	2805.76
Fixation L	1	4	3235345164	3235575271	230107	700.40	449.10	20	18	-1	11.86	11.86
Fixation R	1	4	3235345164	3235575271	230107	700.40	449.10	20	18	-1	12.82	12.82
Blink L	1	1	3235575271	3235721383	146112
Blink R	1	1	3235575271	3235721383	146112
Saccade L	1	3	3235721383	3235761408	40025	728.16	382.72	802.62	444.23	2.74	181.56	0.20	68.53	-1357.12	-8660.88	3396.36
Saccade R	1	3	3235721383	3235761408	40025	728.16	382.72	802.62	444.23	2.74	181.56	0.20	68.53	-1357.12	-8660.88	3396.36
Fixation L	1	5	3235761408	3236029499	268091	792.92	446.99	29	14	-1	11.89	11.89
Fixation R	1	5	3235761408	3236029499	268091	792.92	446.99	29	14	-1	13.04	13.04
Saccade L	1	4	3236029499	3236051920	22421	779.94	454.07	863.97	456.16	1.70	132.86	0.45	75.81	5102.04	-4931.52	3483.30
Saccade R	1	4	3236029499	3236051920	22421	779.94	454.07	863.97	456.16	1.70	132.86	0.45	75.81	5102.04	-4931.52	3483.30
Fixation L	1	6	3236051920	3236329616	277696	860.04	435.46	24	31	-1	12.06	12.06
Fixation R	1	6	3236051920	3236329616	277696	860.04	435.46	24	31	-1	13.04	13.04
Saccade L	1	5	3236329616	3236365609	35993	869.42	447.15	973.37	443.36	2.32	138.63	0.39	64.45	4983.42	-5119.28	3442.38
Saccade R	1	5	3236329616	3236365609	35993	869.42	447.15	973.37	443.36	2.32	138.63	0.39	64.45	4983.42	-5119.28	3442.38
Fixation L	1	7	3236365609	3236649730	284121	976.37	434.92	22	19	-1	11.90	11.90
Fixation R	1	7	3236365609	3236649730	284121	976.37	434.92	22	19	-1	12.83	12.83
Saccade L	1	6	3236649730	3236673721	23991	975.07	435.20	1048.72	429.92	1.46	110.45	0.50	60.93	3969.82	-4326.27	2918.63
Saccade R	1	6	3236649730	3236673721	23991	975.07	435.20	1048.72	429.92	1.46	110.45	0.50	60.93	3969.82	-4326.27	2918.63
Fixation L	1	8	3236673721	3236856518	182797	1039.10	436.62	25	20	-1	11.78	11.78
Fixation R	1	8	3236673721	3236856518	182797	1039.10	436.62	25	20	-1	12.66	12.66
Saccade L	1	7	3236856518	3236884093	27575	1028.53	432.62	984.65	437.06	0.97	52.31	0.41	35.32	1610.33	-1890.56	1255.58
Saccade R	1	7	3236856518	3236884093	27575	1028.53	432.62	984.65	437.06	0.97	52.31	0.41	35.32	1610.33	-1890.56	1255.58
Fixation L	1	9	3236884093	3236940017	55924	986.36	439.45	11	13	-1	11.91	11.91
Fixation R	1	9	3236884093	3236940017	55924	986.36	439.45	11	13	-1	12.70	12.70
Saccade L	1	8	3236940017	3236963982	23965	986.34	445.27	1084.75	429.87	2.00	150.51	0.50	83.45	6219.61	-6172.16	4329.69
Saccade R	1	8	3236940017	3236963982	23965	986.34	445.27	1084.75	429.87	2.00	150.51	0.50	83.45	6219.61	-6172.16	4329.69
Fixation L	1	10	3236963982	3237340228	376246	1084.44	432.81	29	25	-1	11.82	11.82
Fixation R	1	10	3236963982	3237340228	376246	1084.44	432.81	29	25	-1	12.77	12.77
Saccade L	1	9	3237340228	3237362084	21856	1079.27	436.90	1129.60	446.20	1.05	85.92	0.54	48.23	3025.88	-3431.47	2172.10
Saccade R	1	9	3237340228	3237362084	21856	1079.27	436.90	1129.60	446.20	1.05	85.92	0.54	48.23	3025.88	-3431.47	2172.10
Fixation L	1	11	3237362084	3237612575	250491	1123.28	450.60	32	16	-1	11.91	11.91
Fixation R	1	11	3237362084	3237612575	250491	1123.28	450.60	32	16	-1	12.76	12.76
Blink L	1	2	3237612575	3237886684	274109
Blink R	1	2	3237612575	3237886684	274109
Saccade L	1	10	3237934376	3237962310	27934	916.97	916.10	916.66	974.37	1.21	71.66	0.43	43.18	2598.89	-2432.39	1827.41
Saccade R	1	10	3237934376	3237962310	27934	916.97	916.10	916.66	974.37	1.21	71.66	0.43	43.18	2598.89	-2432.39	1827.41
Fixation L	1	12	3237962310	3238498548	536238	911.08	957.00	37	43	-1	12.19	12.19
Fixation R	1	12	3237962310	3238498548	536238	911.08	957.00	37	43	-1	12.81	12.81
