[BeGaze]
Converted from:	C:\Program Files\SMI\Experiment Suite 360\Experiment Center 2\Results\RC-Attachment-Exp\P13-eye_data.idf
Date:	18.03.2012 20:09:59
Version:	BeGaze 3.0.181
Sample Rate:	500
Subject:	P13
Description:	Run18

Table Header for Fixations:
Event Type	Trial	Number	Start	End	Duration	Location X	Location Y	Dispersion X	Dispersion Y	Plane	Avg. Pupil Size X	Avg. Pupil Size Y

Table Header for Saccades:
Event Type	Trial	Number	Start	End	Duration	Start Loc.X	Start Loc.Y	End Loc.X	End Loc.Y	Amplitude	Peak Speed	Peak Speed At	Average Speed	Peak Accel.	Peak Decel.	Average Accel.

Table Header for Blinks:
Event Type	Trial	Number	Start	End	Duration

Table Header for User Events:
Event Type	Trial	Number	Start	Description

UserEvent	1	1	4393870255	# Message: RC-N2forced-anim-1.jpg
Fixation L	1	1	4393872450	4394103137	230687	484.94	434.67	27	19	-1	14.65	14.65
Fixation R	1	1	4393872450	4394103137	230687	484.94	434.67	27	19	-1	13.78	13.78
Saccade L	1	1	4394103137	4394127115	23978	481.28	432.91	524.30	435.30	0.90	55.36	0.42	37.34	2294.16	-2211.92	1543.99
Saccade R	1	1	4394103137	4394127115	23978	481.28	432.91	524.30	435.30	0.90	55.36	0.42	37.34	2294.16	-2211.92	1543.99
Fixation L	1	2	4394127115	4394267232	140117	528.12	437.41	9	14	-1	14.52	14.52
Fixation R	1	2	4394127115	4394267232	140117	528.12	437.41	9	14	-1	13.56	13.56
Saccade L	1	2	4394267232	4394303283	36051	531.15	427.72	624.94	429.18	2.05	104.68	0.39	56.80	4238.28	-3902.71	2963.79
Saccade R	1	2	4394267232	4394303283	36051	531.15	427.72	624.94	429.18	2.05	104.68	0.39	56.80	4238.28	-3902.71	2963.79
Fixation L	1	3	4394303283	4394463558	160275	629.49	426.75	13	15	-1	13.91	13.91
Fixation R	1	3	4394303283	4394463558	160275	629.49	426.75	13	15	-1	13.23	13.23
Saccade L	1	3	4394463558	4394499536	35978	633.56	433.26	725.90	428.23	2.03	98.20	0.45	56.37	3872.49	-3807.47	2826.09
Saccade R	1	3	4394463558	4394499536	35978	633.56	433.26	725.90	428.23	2.03	98.20	0.45	56.37	3872.49	-3807.47	2826.09
Fixation L	1	4	4394499536	4394721471	221935	734.29	433.27	22	11	-1	13.90	13.90
Fixation R	1	4	4394499536	4394721471	221935	734.29	433.27	22	11	-1	13.33	13.33
Saccade L	1	4	4394721471	4394749519	28048	740.17	437.12	801.75	430.48	1.30	78.34	0.44	46.20	3238.68	-2727.72	2162.80
Saccade R	1	4	4394721471	4394749519	28048	740.17	437.12	801.75	430.48	1.30	78.34	0.44	46.20	3238.68	-2727.72	2162.80
Fixation L	1	5	4394749519	4395158247	408728	829.48	439.05	52	23	-1	14.56	14.56
Fixation R	1	5	4394749519	4395158247	408728	829.48	439.05	52	23	-1	13.94	13.94
Saccade L	1	5	4395158247	4395179736	21489	851.15	451.33	890.46	455.49	0.77	52.06	0.43	35.74	1945.05	-1902.21	1331.61
Saccade R	1	5	4395158247	4395179736	21489	851.15	451.33	890.46	455.49	0.77	52.06	0.43	35.74	1945.05	-1902.21	1331.61
Fixation L	1	6	4395179736	4395359705	179969	891.73	445.86	13	25	-1	14.65	14.65
Fixation R	1	6	4395179736	4395359705	179969	891.73	445.86	13	25	-1	13.95	13.95
Saccade L	1	6	4395359705	4395393701	33996	895.84	444.36	982.24	431.68	1.91	107.44	0.41	56.20	4014.23	-4000.56	2910.51
Saccade R	1	6	4395359705	4395393701	33996	895.84	444.36	982.24	431.68	1.91	107.44	0.41	56.20	4014.23	-4000.56	2910.51
Fixation L	1	7	4395393701	4395755813	362112	989.82	441.53	24	20	-1	15.11	15.11
Fixation R	1	7	4395393701	4395755813	362112	989.82	441.53	24	20	-1	14.31	14.31
Saccade L	1	7	4395755813	4395797935	42122	1001.87	448.84	1140.42	418.42	3.17	135.64	0.53	75.28	5474.76	-5369.85	3980.99
Saccade R	1	7	4395755813	4395797935	42122	1001.87	448.84	1140.42	418.42	3.17	135.64	0.53	75.28	5474.76	-5369.85	3980.99
Fixation L	1	8	4395797935	4395989964	192029	1139.45	425.36	9	21	-1	15.38	15.38
Fixation R	1	8	4395797935	4395989964	192029	1139.45	425.36	9	21	-1	14.37	14.37
Saccade L	1	8	4395989964	4396108066	118102	1139.26	431.10	905.62	1015.80	18.23	423.43	0.64	154.36	12137.53	-14050.01	6023.82
Saccade R	1	8	4395989964	4396108066	118102	1139.26	431.10	905.62	1015.80	18.23	423.43	0.64	154.36	12137.53	-14050.01	6023.82
Saccade L	1	9	4396108066	4396132049	23983	905.62	1015.80	931.33	952.22	1.56	114.50	0.33	65.15	1843.31	-4211.50	2168.97
Saccade R	1	9	4396108066	4396132049	23983	905.62	1015.80	931.33	952.22	1.56	114.50	0.33	65.15	1843.31	-4211.50	2168.97
Saccade L	1	10	4396180049	4396208103	28054	918.63	962.94	894.81	961.16	0.91	48.62	0.43	32.37	1078.12	-676.76	603.94
Saccade R	1	10	4396180049	4396208103	28054	918.63	962.94	894.81	961.16	0.91	48.62	0.43	32.37	1078.12	-676.76	603.94
Saccade L	1	11	4396208103	4396232089	23986	894.81	961.16	868.93	976.39	0.87	52.10	0.70	36.07	1044.59	-135.29	471.05
Saccade R	1	11	4396208103	4396232089	23986	894.81	961.16	868.93	976.39	0.87	52.10	0.70	36.07	1044.59	-135.29	471.05
Saccade L	1	12	4396236760	4396260056	23296	866.54	993.10	909.15	938.67	1.31	92.00	0.48	56.30	1877.37	-2641.44	1709.70
Saccade R	1	12	4396236760	4396260056	23296	866.54	993.10	909.15	938.67	1.31	92.00	0.48	56.30	1877.37	-2641.44	1709.70
Saccade L	1	13	4396266051	4396292070	26019	919.85	939.68	897.11	982.13	0.98	56.72	0.31	37.62	946.07	-1908.57	1104.38
Saccade R	1	13	4396266051	4396292070	26019	919.85	939.68	897.11	982.13	0.98	56.72	0.31	37.62	946.07	-1908.57	1104.38
Fixation L	1	9	4396292070	4396620318	328248	872.13	980.40	48	38	-1	15.90	15.90
Fixation R	1	9	4396292070	4396620318	328248	872.13	980.40	48	38	-1	14.77	14.77
