[BeGaze]
Converted from:	C:\Program Files\SMI\Experiment Suite 360\Experiment Center 2\Results\RC-Attachment-Exp\P10-eye_data.idf
Date:	18.03.2012 20:08:04
Version:	BeGaze 3.0.181
Sample Rate:	500
Subject:	P10
Description:	Run15

Table Header for Fixations:
Event Type	Trial	Number	Start	End	Duration	Location X	Location Y	Dispersion X	Dispersion Y	Plane	Avg. Pupil Size X	Avg. Pupil Size Y

Table Header for Saccades:
Event Type	Trial	Number	Start	End	Duration	Start Loc.X	Start Loc.Y	End Loc.X	End Loc.Y	Amplitude	Peak Speed	Peak Speed At	Average Speed	Peak Accel.	Peak Decel.	Average Accel.

Table Header for Blinks:
Event Type	Trial	Number	Start	End	Duration

Table Header for User Events:
Event Type	Trial	Number	Start	Description

UserEvent	1	1	8042600322	# Message: Validation.jpg
Saccade L	1	1	8042637363	8042732183	94820	175.26	746.84	800.25	240.42	27.03	623.27	0.27	285.10	27446.24	-15981.67	14459.86
Saccade R	1	1	8042637363	8042732183	94820	175.26	746.84	800.25	240.42	27.03	623.27	0.27	285.10	27446.24	-15981.67	14459.86
Fixation L	1	1	8042797114	8042911116	114002	793.54	231.91	35	53	-1	11.91	11.91
Fixation R	1	1	8042797114	8042911116	114002	793.54	231.91	35	53	-1	11.99	11.99
Saccade L	1	2	8042911116	8042955106	43990	812.89	218.78	379.81	205.14	9.65	395.62	0.45	219.41	17155.24	-16947.86	12454.36
Saccade R	1	2	8042911116	8042955106	43990	812.89	218.78	379.81	205.14	9.65	395.62	0.45	219.41	17155.24	-16947.86	12454.36
Fixation L	1	2	8042955106	8043507345	552239	405.80	222.29	58	52	-1	12.18	12.18
Fixation R	1	2	8042955106	8043507345	552239	405.80	222.29	58	52	-1	12.05	12.05
Saccade L	1	3	8043507345	8043561353	54008	424.56	230.61	337.92	183.56	2.57	109.82	0.44	47.63	4055.72	-3597.73	2249.66
Saccade R	1	3	8043507345	8043561353	54008	424.56	230.61	337.92	183.56	2.57	109.82	0.44	47.63	4055.72	-3597.73	2249.66
Saccade L	1	4	8043589352	8043623350	33998	340.72	162.42	400.97	211.60	1.55	85.12	0.69	45.59	2350.49	-2759.90	1747.60
Saccade R	1	4	8043589352	8043623350	33998	340.72	162.42	400.97	211.60	1.55	85.12	0.69	45.59	2350.49	-2759.90	1747.60
Fixation L	1	3	8043623350	8043800505	177155	420.87	211.10	35	13	-1	11.78	11.78
Fixation R	1	3	8043623350	8043800505	177155	420.87	211.10	35	13	-1	11.62	11.62
Saccade L	1	5	8043800505	8043837466	36961	434.19	219.25	416.52	236.99	1.97	105.52	0.68	53.32	2977.15	-3454.53	1979.34
Saccade R	1	5	8043800505	8043837466	36961	434.19	219.25	416.52	236.99	1.97	105.52	0.68	53.32	2977.15	-3454.53	1979.34
Fixation L	1	4	8043837466	8044231838	394372	424.82	235.21	33	86	-1	11.77	11.77
Fixation R	1	4	8043837466	8044231838	394372	424.82	235.21	33	86	-1	11.75	11.75
Fixation L	1	5	8044333707	8044561840	228133	415.34	224.38	43	116	-1	12.34	12.34
Fixation R	1	5	8044333707	8044561840	228133	415.34	224.38	43	116	-1	12.26	12.26
Saccade L	1	6	8044561840	8044583926	22086	435.01	232.54	429.50	316.78	1.50	136.61	0.45	68.01	4204.22	-4358.41	2781.19
Saccade R	1	6	8044561840	8044583926	22086	435.01	232.54	429.50	316.78	1.50	136.61	0.45	68.01	4204.22	-4358.41	2781.19
Saccade L	1	7	8044591832	8044637820	45988	426.57	317.90	424.38	263.32	1.74	71.76	0.70	37.89	1734.16	-2866.59	1258.06
Saccade R	1	7	8044591832	8044637820	45988	426.57	317.90	424.38	263.32	1.74	71.76	0.70	37.89	1734.16	-2866.59	1258.06
Saccade L	1	8	8044664244	8044741951	77707	428.86	255.76	888.51	602.37	12.91	484.02	0.28	166.10	20982.33	-18792.30	9314.30
Saccade R	1	8	8044664244	8044741951	77707	428.86	255.76	888.51	602.37	12.91	484.02	0.28	166.10	20982.33	-18792.30	9314.30
Saccade L	1	9	8044752273	8044810338	58065	890.73	598.60	946.11	614.36	1.90	59.35	0.41	32.74	1619.91	-1314.24	784.58
Saccade R	1	9	8044752273	8044810338	58065	890.73	598.60	946.11	614.36	1.90	59.35	0.41	32.74	1619.91	-1314.24	784.58
Saccade L	1	10	8044853946	8044921946	68000	993.04	619.38	1165.17	769.28	5.52	272.19	0.58	81.16	10480.38	-10514.43	4821.51
Saccade R	1	10	8044853946	8044921946	68000	993.04	619.38	1165.17	769.28	5.52	272.19	0.58	81.16	10480.38	-10514.43	4821.51
Fixation L	1	6	8044921946	8045036062	114116	1185.11	784.42	29	23	-1	12.68	12.68
Fixation R	1	6	8044921946	8045036062	114116	1185.11	784.42	29	23	-1	13.25	13.25
Saccade L	1	11	8045036062	8045070067	34005	1193.65	791.44	1341.16	914.68	4.70	284.72	0.42	138.17	12091.33	-11962.38	8755.47
Saccade R	1	11	8045036062	8045070067	34005	1193.65	791.44	1341.16	914.68	4.70	284.72	0.42	138.17	12091.33	-11962.38	8755.47
Fixation L	1	7	8045070067	8045144059	73992	1335.89	905.50	27	21	-1	12.84	12.84
Fixation R	1	7	8045070067	8045144059	73992	1335.89	905.50	27	21	-1	13.41	13.41
Saccade L	1	12	8045166062	8045198062	32000	1375.37	888.29	1317.06	866.02	1.42	85.44	0.39	44.51	601.92	-2477.81	1242.47
Saccade R	1	12	8045166062	8045198062	32000	1375.37	888.29	1317.06	866.02	1.42	85.44	0.39	44.51	601.92	-2477.81	1242.47
Fixation L	1	8	8045198062	8045264188	66126	1323.39	857.48	15	13	-1	12.87	12.87
Fixation R	1	8	8045198062	8045264188	66126	1323.39	857.48	15	13	-1	13.24	13.24
Saccade L	1	13	8045264188	8045292183	27995	1333.97	855.06	1276.07	795.20	1.75	111.65	0.36	62.46	4492.13	-4269.23	3072.79
Saccade R	1	13	8045264188	8045292183	27995	1333.97	855.06	1276.07	795.20	1.75	111.65	0.36	62.46	4492.13	-4269.23	3072.79
Fixation L	1	9	8045292183	8045502187	210004	1258.97	791.15	41	12	-1	12.87	12.87
Fixation R	1	9	8045292183	8045502187	210004	1258.97	791.15	41	12	-1	13.07	13.07
Saccade L	1	14	8045502187	8045530624	28437	1259.78	793.56	1298.97	778.69	0.83	47.82	0.57	29.05	1002.09	-613.15	610.40
Saccade R	1	14	8045502187	8045530624	28437	1259.78	793.56	1298.97	778.69	0.83	47.82	0.57	29.05	1002.09	-613.15	610.40
Fixation L	1	10	8045530624	8046034415	503791	1255.23	781.23	72	30	-1	12.17	12.17
Fixation R	1	10	8045530624	8046034415	503791	1255.23	781.23	72	30	-1	12.20	12.20
Saccade L	1	15	8046034415	8046096858	62443	1230.89	770.54	1274.90	394.49	9.48	386.74	0.39	151.85	16732.41	-15385.89	9390.52
Saccade R	1	15	8046034415	8046096858	62443	1230.89	770.54	1274.90	394.49	9.48	386.74	0.39	151.85	16732.41	-15385.89	9390.52
Saccade L	1	16	8046096858	8046126910	30052	1274.90	394.49	1265.55	350.76	1.02	46.79	0.59	34.07	1080.30	-1559.11	945.13
Saccade R	1	16	8046096858	8046126910	30052	1274.90	394.49	1265.55	350.76	1.02	46.79	0.59	34.07	1080.30	-1559.11	945.13
Fixation L	1	11	8046126910	8047377015	1250105	1233.02	226.46	85	163	-1	12.01	12.01
Fixation R	1	11	8046126910	8047377015	1250105	1233.02	226.46	85	163	-1	12.19	12.19
Saccade L	1	17	8047709671	8047761255	51584	564.59	702.65	578.56	728.19	25.63	1202.40	0.77	496.85	44835.44	-46125.31	27719.88
Saccade R	1	17	8047709671	8047761255	51584	564.59	702.65	578.56	728.19	25.63	1202.40	0.77	496.85	44835.44	-46125.31	27719.88
Saccade L	1	18	8047773267	8047819257	45990	572.63	720.35	431.57	822.22	4.31	237.27	0.65	93.71	8907.38	-9425.01	5625.21
Saccade R	1	18	8047773267	8047819257	45990	572.63	720.35	431.57	822.22	4.31	237.27	0.65	93.71	8907.38	-9425.01	5625.21
Saccade L	1	19	8047827260	8047850783	23523	427.50	826.14	398.81	831.56	0.70	41.76	0.42	29.81	807.99	-1629.10	838.91
Saccade R	1	19	8047827260	8047850783	23523	427.50	826.14	398.81	831.56	0.70	41.76	0.42	29.81	807.99	-1629.10	838.91
Fixation L	1	12	8047850783	8048451579	600796	417.16	833.25	43	24	-1	14.13	14.13
Fixation R	1	12	8047850783	8048451579	600796	417.16	833.25	43	24	-1	13.84	13.84
