[BeGaze]
Converted from:	C:\Program Files\SMI\Experiment Suite 360\Experiment Center 2\Results\RC-Attachment-Exp\P04-eye_data.idf
Date:	24.02.2012 09:58:25
Version:	BeGaze 3.0.181
Sample Rate:	500
Subject:	P04
Description:	Run9

Table Header for Fixations:
Event Type	Trial	Number	Start	End	Duration	Location X	Location Y	Dispersion X	Dispersion Y	Plane	Avg. Pupil Size X	Avg. Pupil Size Y

Table Header for Saccades:
Event Type	Trial	Number	Start	End	Duration	Start Loc.X	Start Loc.Y	End Loc.X	End Loc.Y	Amplitude	Peak Speed	Peak Speed At	Average Speed	Peak Accel.	Peak Decel.	Average Accel.

Table Header for Blinks:
Event Type	Trial	Number	Start	End	Duration

Table Header for User Events:
Event Type	Trial	Number	Start	Description

UserEvent	1	1	4945500274	# Message: Validation.jpg
Blink L	1	1	4945501816	4945785506	283690
Blink R	1	1	4945501816	4945785506	283690
Saccade L	1	1	4945785506	4945808653	23147	825.92	277.27	772.46	278.67	1.03	74.01	0.48	44.50	-863.75	-6235.22	3034.02
Saccade R	1	1	4945785506	4945808653	23147	825.92	277.27	772.46	278.67	1.03	74.01	0.48	44.50	-863.75	-6235.22	3034.02
Fixation L	1	1	4945808653	4945896640	87987	784.70	295.85	19	26	-1	14.10	14.10
Fixation R	1	1	4945808653	4945896640	87987	784.70	295.85	19	26	-1	13.46	13.46
Saccade L	1	2	4945896640	4945960703	64063	790.23	302.24	426.97	247.03	8.47	309.94	0.26	132.19	13278.32	-7679.22	6402.97
Saccade R	1	2	4945896640	4945960703	64063	790.23	302.24	426.97	247.03	8.47	309.94	0.26	132.19	13278.32	-7679.22	6402.97
Fixation L	1	2	4945960703	4947109258	1148555	430.30	279.84	53	53	-1	14.01	14.01
Fixation R	1	2	4945960703	4947109258	1148555	430.30	279.84	53	53	-1	13.71	13.71
Saccade L	1	3	4947109258	4947148937	39679	462.52	302.45	689.50	406.67	5.75	306.53	0.45	144.79	12859.67	-12433.87	9121.15
Saccade R	1	3	4947109258	4947148937	39679	462.52	302.45	689.50	406.67	5.75	306.53	0.45	144.79	12859.67	-12433.87	9121.15
Fixation L	1	3	4947148937	4947293241	144304	721.76	420.15	65	24	-1	15.22	15.22
Fixation R	1	3	4947148937	4947293241	144304	721.76	420.15	65	24	-1	15.25	15.25
Saccade L	1	4	4947293241	4947343249	50008	752.14	431.53	1031.55	595.00	7.65	353.38	0.40	152.91	14825.15	-12743.99	9040.45
Saccade R	1	4	4947293241	4947343249	50008	752.14	431.53	1031.55	595.00	7.65	353.38	0.40	152.91	14825.15	-12743.99	9040.45
Fixation L	1	4	4947343249	4947483360	140111	1061.72	611.30	51	30	-1	14.75	14.75
Fixation R	1	4	4947343249	4947483360	140111	1061.72	611.30	51	30	-1	15.00	15.00
Saccade L	1	5	4947483360	4947559358	75998	1076.00	619.96	1346.26	817.26	7.82	351.29	0.37	102.96	14398.99	-13314.21	6304.95
Saccade R	1	5	4947483360	4947559358	75998	1076.00	619.96	1346.26	817.26	7.82	351.29	0.37	102.96	14398.99	-13314.21	6304.95
Fixation L	1	5	4947559358	4947679480	120122	1346.13	820.66	13	8	-1	13.72	13.72
Fixation R	1	5	4947559358	4947679480	120122	1346.13	820.66	13	8	-1	14.04	14.04
Saccade L	1	6	4947679480	4947705484	26004	1350.69	822.65	1268.55	786.68	1.97	145.48	0.46	75.87	5994.35	-5546.06	4118.35
Saccade R	1	6	4947679480	4947705484	26004	1350.69	822.65	1268.55	786.68	1.97	145.48	0.46	75.87	5994.35	-5546.06	4118.35
Fixation L	1	6	4947705484	4948517839	812355	1269.21	784.10	28	20	-1	13.54	13.54
Fixation R	1	6	4947705484	4948517839	812355	1269.21	784.10	28	20	-1	13.44	13.44
Saccade L	1	7	4948517839	4948569846	52007	1257.51	778.88	1260.09	562.79	4.98	265.81	0.31	95.75	11029.30	-9921.90	5528.19
Saccade R	1	7	4948517839	4948569846	52007	1257.51	778.88	1260.09	562.79	4.98	265.81	0.31	95.75	11029.30	-9921.90	5528.19
Fixation L	1	7	4948569846	4948710231	140385	1253.99	505.94	18	103	-1	13.35	13.35
Fixation R	1	7	4948569846	4948710231	140385	1253.99	505.94	18	103	-1	13.09	13.09
Saccade L	1	8	4948710231	4948742052	31821	1241.57	459.37	1253.63	352.31	2.43	147.05	0.49	76.26	5587.59	-5970.85	4209.73
Saccade R	1	8	4948710231	4948742052	31821	1241.57	459.37	1253.63	352.31	2.43	147.05	0.49	76.26	5587.59	-5970.85	4209.73
Fixation L	1	8	4948742052	4948834190	92138	1258.10	337.47	13	42	-1	13.23	13.23
Fixation R	1	8	4948742052	4948834190	92138	1258.10	337.47	13	42	-1	12.82	12.82
Saccade L	1	9	4948834190	4948866242	32052	1252.40	312.92	1250.37	255.06	1.40	81.49	0.37	43.69	2630.08	-2776.18	1780.79
Saccade R	1	9	4948834190	4948866242	32052	1252.40	312.92	1250.37	255.06	1.40	81.49	0.37	43.69	2630.08	-2776.18	1780.79
Fixation L	1	9	4948866242	4948943970	77728	1243.08	276.12	17	28	-1	13.18	13.18
Fixation R	1	9	4948866242	4948943970	77728	1243.08	276.12	17	28	-1	12.65	12.65
Saccade L	1	10	4948943970	4948969958	25988	1233.26	274.24	1268.78	203.18	1.61	109.94	0.46	62.00	4213.21	-2923.08	2599.92
Saccade R	1	10	4948943970	4948969958	25988	1233.26	274.24	1268.78	203.18	1.61	109.94	0.46	62.00	4213.21	-2923.08	2599.92
Saccade L	1	11	4948969958	4949000087	30129	1268.78	203.18	1233.39	216.26	0.98	49.06	0.28	32.57	494.50	-2351.27	1038.22
Saccade R	1	11	4948969958	4949000087	30129	1268.78	203.18	1233.39	216.26	0.98	49.06	0.28	32.57	494.50	-2351.27	1038.22
Fixation L	1	10	4949000087	4949136092	136005	1223.81	213.35	17	3	-1	13.41	13.41
Fixation R	1	10	4949000087	4949136092	136005	1223.81	213.35	17	3	-1	12.83	12.83
Saccade L	1	12	4949136092	4949162082	25990	1223.08	215.75	1235.31	256.74	0.88	48.50	0.46	33.98	1753.62	-1679.94	1233.08
Saccade R	1	12	4949136092	4949162082	25990	1223.08	215.75	1235.31	256.74	0.88	48.50	0.46	33.98	1753.62	-1679.94	1233.08
Fixation L	1	11	4949162082	4949934440	772358	1236.19	270.10	59	29	-1	14.24	14.24
Fixation R	1	11	4949162082	4949934440	772358	1236.19	270.10	59	29	-1	13.73	13.73
Saccade L	1	13	4949934440	4950006440	72000	1274.60	274.91	880.34	530.58	10.65	445.14	0.22	147.88	18024.46	-11686.82	6792.19
Saccade R	1	13	4949934440	4950006440	72000	1274.60	274.91	880.34	530.58	10.65	445.14	0.22	147.88	18024.46	-11686.82	6792.19
Fixation L	1	12	4950006440	4950130612	124172	847.64	531.43	57	12	-1	15.18	15.18
Fixation R	1	12	4950006440	4950130612	124172	847.64	531.43	57	12	-1	14.43	14.43
Saccade L	1	14	4950130612	4950174559	43947	824.26	537.29	630.73	642.06	5.12	270.81	0.40	116.47	11718.73	-10558.05	7178.24
Saccade R	1	14	4950130612	4950174559	43947	824.26	537.29	630.73	642.06	5.12	270.81	0.40	116.47	11718.73	-10558.05	7178.24
Fixation L	1	13	4950174559	4950300711	126152	594.97	664.90	61	35	-1	14.86	14.86
Fixation R	1	13	4950174559	4950300711	126152	594.97	664.90	61	35	-1	14.20	14.20
Saccade L	1	15	4950300711	4950346688	45977	572.35	678.89	416.54	780.41	4.37	217.34	0.30	95.11	8995.86	-7613.62	5206.19
Saccade R	1	15	4950300711	4950346688	45977	572.35	678.89	416.54	780.41	4.37	217.34	0.30	95.11	8995.86	-7613.62	5206.19
Fixation L	1	14	4950346688	4950518689	172001	392.22	781.15	38	17	-1	13.70	13.70
Fixation R	1	14	4950346688	4950518689	172001	392.22	781.15	38	17	-1	13.41	13.41
Fixation L	1	15	4950538679	4950961096	422417	410.36	768.13	29	23	-1	12.74	12.74
Fixation R	1	15	4950538679	4950961096	422417	410.36	768.13	29	23	-1	12.63	12.63
