[BeGaze]
Converted from:	C:\Program Files\SMI\Experiment Suite 360\Experiment Center 2\Results\RC-Attachment-Exp\P11-eye_data.idf
Date:	18.03.2012 20:08:52
Version:	BeGaze 3.0.181
Sample Rate:	500
Subject:	P11
Description:	Run16

Table Header for Fixations:
Event Type	Trial	Number	Start	End	Duration	Location X	Location Y	Dispersion X	Dispersion Y	Plane	Avg. Pupil Size X	Avg. Pupil Size Y

Table Header for Saccades:
Event Type	Trial	Number	Start	End	Duration	Start Loc.X	Start Loc.Y	End Loc.X	End Loc.Y	Amplitude	Peak Speed	Peak Speed At	Average Speed	Peak Accel.	Peak Decel.	Average Accel.

Table Header for Blinks:
Event Type	Trial	Number	Start	End	Duration

Table Header for User Events:
Event Type	Trial	Number	Start	Description

UserEvent	1	1	10373332383	# Message: RC-N2forced-anim-3.jpg
Fixation L	1	1	10373341939	10373797859	455920	509.65	450.52	16	36	-1	14.89	14.89
Fixation R	1	1	10373341939	10373797859	455920	509.65	450.52	16	36	-1	14.19	14.19
Saccade L	1	1	10373797859	10373835841	37982	507.12	426.40	544.84	459.32	1.05	43.60	0.42	27.58	1485.15	-1637.20	1172.49
Saccade R	1	1	10373797859	10373835841	37982	507.12	426.40	544.84	459.32	1.05	43.60	0.42	27.58	1485.15	-1637.20	1172.49
Fixation L	1	2	10373835841	10374494084	658243	549.03	441.67	24	34	-1	15.20	15.20
Fixation R	1	2	10373835841	10374494084	658243	549.03	441.67	24	34	-1	14.30	14.30
Blink L	1	1	10374494084	10374767111	273027
Blink R	1	1	10374494084	10374767111	273027
Saccade L	1	2	10374767111	10374790207	23096	627.71	334.65	663.98	352.60	0.64	43.37	0.74	27.92	1219.21	-472.32	715.61
Saccade R	1	2	10374767111	10374790207	23096	627.71	334.65	663.98	352.60	0.64	43.37	0.74	27.92	1219.21	-472.32	715.61
Saccade L	1	3	10374790207	10374868320	78113	663.98	352.60	659.45	435.89	3.79	89.18	0.59	48.53	1735.79	-3106.99	1382.72
Saccade R	1	3	10374790207	10374868320	78113	663.98	352.60	659.45	435.89	3.79	89.18	0.59	48.53	1735.79	-3106.99	1382.72
Fixation L	1	3	10374868320	10375188433	320113	660.49	451.24	19	29	-1	15.35	15.35
Fixation R	1	3	10374868320	10375188433	320113	660.49	451.24	19	29	-1	14.83	14.83
Saccade L	1	4	10375188433	10375264438	76005	668.14	446.26	766.63	464.81	2.72	101.06	0.61	35.74	3458.27	-3850.49	1651.29
Saccade R	1	4	10375188433	10375264438	76005	668.14	446.26	766.63	464.81	2.72	101.06	0.61	35.74	3458.27	-3850.49	1651.29
Fixation L	1	4	10375264438	10375382554	118116	767.21	463.52	8	25	-1	14.95	14.95
Fixation R	1	4	10375264438	10375382554	118116	767.21	463.52	8	25	-1	14.35	14.35
Saccade L	1	5	10375382554	10375446552	63998	766.39	474.75	548.24	459.38	5.04	174.80	0.41	78.69	7499.76	-6598.82	4332.78
Saccade R	1	5	10375382554	10375446552	63998	766.39	474.75	548.24	459.38	5.04	174.80	0.41	78.69	7499.76	-6598.82	4332.78
Fixation L	1	5	10375446552	10375794685	348133	553.31	467.55	25	40	-1	8.83	8.83
Fixation R	1	5	10375446552	10375794685	348133	553.31	467.55	25	40	-1	13.88	13.88
Blink L	1	2	10375794685	10375896795	102110
Saccade R	1	6	10375794685	10375816672	21987	562.41	483.24	563.18	457.00	0.60	51.34	0.45	27.20	1463.06	-1696.13	1050.50
Saccade R	1	7	10375840531	10375896795	56264	568.83	456.87	660.59	482.11	2.38	96.39	0.36	42.38	3676.77	-3361.51	2157.76
Fixation L	1	6	10375896795	10376040862	144067	657.29	480.13	17	24	-1	6.36	6.36
Fixation R	1	6	10375896795	10376040862	144067	657.29	480.13	17	24	-1	13.92	13.92
Blink L	1	3	10376040862	10376113688	72826
Blink R	1	2	10376040862	10376113688	72826
Fixation L	1	7	10376113688	10376255200	141512	760.36	446.97	19	18	-1	15.16	15.16
Fixation R	1	7	10376113688	10376255200	141512	760.36	446.97	19	18	-1	13.97	13.97
Saccade L	1	6	10376255200	10376303258	48058	762.23	433.66	836.99	435.66	2.71	119.37	0.37	56.38	4653.80	-4808.22	3436.80
Saccade R	1	8	10376255200	10376303258	48058	762.23	433.66	836.99	435.66	2.71	119.37	0.37	56.38	4653.80	-4808.22	3436.80
Fixation L	1	8	10376303258	10376655044	351786	839.75	418.52	15	38	-1	15.57	15.57
Fixation R	1	8	10376303258	10376655044	351786	839.75	418.52	15	38	-1	14.31	14.31
Saccade L	1	7	10376655044	10376697027	41983	842.92	403.08	764.62	401.37	1.70	81.08	0.39	40.59	3305.34	-2837.36	2172.27
Saccade R	1	9	10376655044	10376697027	41983	842.92	403.08	764.62	401.37	1.70	81.08	0.39	40.59	3305.34	-2837.36	2172.27
Saccade L	1	8	10376739150	10376771152	32002	769.98	406.57	763.13	409.53	11.98	588.52	0.48	374.46	25273.02	-22011.99	18051.65
Saccade R	1	10	10376739150	10376771152	32002	769.98	406.57	763.13	409.53	11.98	588.52	0.48	374.46	25273.02	-22011.99	18051.65
Fixation L	1	9	10376771152	10376905147	133995	762.82	412.48	9	17	-1	15.53	15.53
Fixation R	1	9	10376771152	10376905147	133995	762.82	412.48	9	17	-1	14.39	14.39
Saccade L	1	9	10376905147	10376943150	38003	759.50	416.77	838.27	416.45	1.67	74.78	0.37	44.02	3112.59	-2897.31	2202.16
Saccade R	1	11	10376905147	10376943150	38003	759.50	416.77	838.27	416.45	1.67	74.78	0.37	44.02	3112.59	-2897.31	2202.16
Fixation L	1	10	10376943150	10377151422	208272	838.17	425.77	15	35	-1	5.94	5.94
Fixation R	1	10	10376943150	10377151422	208272	838.17	425.77	15	35	-1	14.52	14.52
Blink L	1	4	10377151422	10377781497	630075
Blink R	1	3	10377151422	10377781497	630075
Fixation L	1	11	10377781497	10377845499	64002	1016.90	434.72	7	15	-1	14.70	14.70
Fixation R	1	11	10377781497	10377845499	64002	1016.90	434.72	7	15	-1	13.97	13.97
Saccade L	1	10	10377845499	10377889631	44132	1013.25	439.33	1123.93	427.53	2.42	104.21	0.41	54.78	4235.77	-4052.10	2969.92
Saccade R	1	12	10377845499	10377889631	44132	1013.25	439.33	1123.93	427.53	2.42	104.21	0.41	54.78	4235.77	-4052.10	2969.92
Fixation L	1	12	10377889631	10378103620	213989	1122.41	436.84	10	15	-1	14.49	14.49
Fixation R	1	12	10377889631	10378103620	213989	1122.41	436.84	10	15	-1	13.94	13.94
Saccade L	1	11	10378103620	10378181790	78170	1124.84	440.40	895.87	958.06	13.21	275.53	0.45	169.04	10753.50	-8206.96	5884.02
Saccade R	1	13	10378103620	10378181790	78170	1124.84	440.40	895.87	958.06	13.21	275.53	0.45	169.04	10753.50	-8206.96	5884.02
Fixation L	1	13	10378181790	10378689986	508196	897.34	964.58	34	36	-1	14.60	14.60
Fixation R	1	13	10378181790	10378689986	508196	897.34	964.58	34	36	-1	14.29	14.29
