[BeGaze]
Converted from:	C:\Program Files\SMI\Experiment Suite 360\Experiment Center 2\Results\RC-Attachment-Exp\P03-eye_data.idf
Date:	18.03.2012 20:04:59
Version:	BeGaze 3.0.181
Sample Rate:	500
Subject:	P03
Description:	Run8

Table Header for Fixations:
Event Type	Trial	Number	Start	End	Duration	Location X	Location Y	Dispersion X	Dispersion Y	Plane	Avg. Pupil Size X	Avg. Pupil Size Y

Table Header for Saccades:
Event Type	Trial	Number	Start	End	Duration	Start Loc.X	Start Loc.Y	End Loc.X	End Loc.Y	Amplitude	Peak Speed	Peak Speed At	Average Speed	Peak Accel.	Peak Decel.	Average Accel.

Table Header for Blinks:
Event Type	Trial	Number	Start	End	Duration

Table Header for User Events:
Event Type	Trial	Number	Start	Description

UserEvent	1	1	1344917604	# Message: RC-nonforced-anim-5.jpg
Fixation L	1	1	1344923162	1345089650	166488	530.46	510.34	31	27	-1	10.65	10.65
Fixation R	1	1	1344923162	1345089650	166488	530.46	510.34	31	27	-1	9.58	9.58
Saccade L	1	1	1345089650	1345183803	94153	507.62	510.50	512.54	506.31	7.76	294.01	0.51	82.37	9231.14	-7845.77	3605.51
Saccade R	1	1	1345089650	1345183803	94153	507.62	510.50	512.54	506.31	7.76	294.01	0.51	82.37	9231.14	-7845.77	3605.51
Saccade L	1	2	1345199790	1345227767	27977	510.11	509.32	539.32	474.68	0.90	52.08	0.50	32.26	2091.78	-1613.74	1269.72
Saccade R	1	2	1345199790	1345227767	27977	510.11	509.32	539.32	474.68	0.90	52.08	0.50	32.26	2091.78	-1613.74	1269.72
Saccade L	1	3	1345233769	1345281768	47999	536.74	473.05	637.55	470.80	2.48	150.47	0.29	51.73	5698.73	-5968.94	3126.89
Saccade R	1	3	1345233769	1345281768	47999	536.74	473.05	637.55	470.80	2.48	150.47	0.29	51.73	5698.73	-5968.94	3126.89
Fixation L	1	2	1345281768	1345487884	206116	626.17	466.13	20	18	-1	10.50	10.50
Fixation R	1	2	1345281768	1345487884	206116	626.17	466.13	20	18	-1	9.86	9.86
Saccade L	1	4	1345487884	1345521884	34000	624.00	454.93	695.61	454.16	1.53	90.46	0.47	45.10	3835.63	-3777.50	2737.31
Saccade R	1	4	1345487884	1345521884	34000	624.00	454.93	695.61	454.16	1.53	90.46	0.47	45.10	3835.63	-3777.50	2737.31
Fixation L	1	3	1345521884	1345633877	111993	690.72	452.42	7	3	-1	10.40	10.40
Fixation R	1	3	1345521884	1345633877	111993	690.72	452.42	7	3	-1	9.48	9.48
Saccade L	1	5	1345633877	1345673882	40005	692.53	451.46	564.16	455.10	2.81	147.44	0.45	70.12	6544.40	-6288.33	4515.81
Saccade R	1	5	1345633877	1345673882	40005	692.53	451.46	564.16	455.10	2.81	147.44	0.45	70.12	6544.40	-6288.33	4515.81
Fixation L	1	4	1345673882	1345929096	255214	564.60	456.35	17	18	-1	10.28	10.28
Fixation R	1	4	1345673882	1345929096	255214	564.60	456.35	17	18	-1	9.48	9.48
Blink L	1	1	1345929096	1346144119	215023
Blink R	1	1	1345929096	1346144119	215023
Fixation L	1	5	1346144119	1346302225	158106	675.41	459.18	13	16	-1	10.31	10.31
Fixation R	1	5	1346144119	1346302225	158106	675.41	459.18	13	16	-1	9.50	9.50
Saccade L	1	6	1346302225	1346354223	51998	677.30	453.35	778.55	462.06	2.61	123.02	0.65	50.28	4771.47	-4820.84	2827.99
Saccade R	1	6	1346302225	1346354223	51998	677.30	453.35	778.55	462.06	2.61	123.02	0.65	50.28	4771.47	-4820.84	2827.99
Fixation L	1	6	1346354223	1346710334	356111	772.05	458.72	29	13	-1	10.14	10.14
Fixation R	1	6	1346354223	1346710334	356111	772.05	458.72	29	13	-1	9.42	9.42
Saccade L	1	7	1346710334	1346746347	36013	781.40	450.93	828.96	449.12	1.04	50.83	0.53	28.94	1938.45	-1997.58	1429.67
Saccade R	1	7	1346710334	1346746347	36013	781.40	450.93	828.96	449.12	1.04	50.83	0.53	28.94	1938.45	-1997.58	1429.67
Fixation L	1	7	1346746347	1346885260	138913	826.01	456.84	22	21	-1	10.08	10.08
Fixation R	1	7	1346746347	1346885260	138913	826.01	456.84	22	21	-1	9.28	9.28
Saccade L	1	8	1346885260	1346922453	37193	818.53	466.31	904.38	444.32	1.90	106.87	0.46	51.06	4439.92	-4302.37	3124.50
Saccade R	1	8	1346885260	1346922453	37193	818.53	466.31	904.38	444.32	1.90	106.87	0.46	51.06	4439.92	-4302.37	3124.50
Fixation L	1	8	1346922453	1347322885	400432	902.97	452.92	17	22	-1	10.14	10.14
Fixation R	1	8	1346922453	1347322885	400432	902.97	452.92	17	22	-1	9.41	9.41
Saccade L	1	9	1347322885	1347365041	42156	900.07	452.69	992.16	444.49	2.01	88.92	0.37	47.74	3845.96	-3322.51	2501.52
Saccade R	1	9	1347322885	1347365041	42156	900.07	452.69	992.16	444.49	2.01	88.92	0.37	47.74	3845.96	-3322.51	2501.52
Fixation L	1	9	1347365041	1347628793	263752	992.95	448.97	19	24	-1	10.14	10.14
Fixation R	1	9	1347365041	1347628793	263752	992.95	448.97	19	24	-1	9.35	9.35
Saccade L	1	10	1347628793	1347674796	46003	997.16	436.32	1103.57	443.53	2.36	118.45	0.41	51.21	5128.78	-4452.11	3085.87
Saccade R	1	10	1347628793	1347674796	46003	997.16	436.32	1103.57	443.53	2.36	118.45	0.41	51.21	5128.78	-4452.11	3085.87
Fixation L	1	10	1347674796	1347906906	232110	1104.68	445.43	18	7	-1	10.02	10.02
Fixation R	1	10	1347674796	1347906906	232110	1104.68	445.43	18	7	-1	9.35	9.35
Saccade L	1	11	1347906906	1347940905	33999	1102.54	448.38	1015.76	444.21	1.83	105.10	0.41	53.76	4184.52	-4293.44	3103.42
Saccade R	1	11	1347906906	1347940905	33999	1102.54	448.38	1015.76	444.21	1.83	105.10	0.41	53.76	4184.52	-4293.44	3103.42
Fixation L	1	11	1347940905	1348321022	380117	1015.76	455.36	21	22	-1	10.04	10.04
Fixation R	1	11	1347940905	1348321022	380117	1015.76	455.36	21	22	-1	9.28	9.28
Saccade L	1	12	1348321022	1348355014	33992	1009.74	455.93	1060.23	461.35	1.10	59.89	0.47	32.36	2423.57	-2415.89	1751.27
Saccade R	1	12	1348321022	1348355014	33992	1009.74	455.93	1060.23	461.35	1.10	59.89	0.47	32.36	2423.57	-2415.89	1751.27
Fixation L	1	12	1348355014	1348515141	160127	1062.41	458.10	9	10	-1	9.96	9.96
Fixation R	1	12	1348355014	1348515141	160127	1062.41	458.10	9	10	-1	9.30	9.30
Saccade L	1	13	1348515141	1348587148	72007	1064.26	456.19	923.34	963.66	12.28	298.50	0.50	170.50	12185.97	-12952.18	7630.45
Saccade R	1	13	1348515141	1348587148	72007	1064.26	456.19	923.34	963.66	12.28	298.50	0.50	170.50	12185.97	-12952.18	7630.45
Fixation L	1	13	1348587148	1348795360	208212	920.33	960.28	9	23	-1	10.50	10.50
Fixation R	1	13	1348587148	1348795360	208212	920.33	960.28	9	23	-1	10.64	10.64
Saccade L	1	14	1348795360	1348828074	32714	918.18	957.75	867.82	959.00	1.18	66.98	0.55	35.99	2787.21	-2524.77	1960.26
Saccade R	1	14	1348795360	1348828074	32714	918.18	957.75	867.82	959.00	1.18	66.98	0.55	35.99	2787.21	-2524.77	1960.26
Fixation L	1	14	1348828074	1349073427	245353	881.33	964.13	30	28	-1	10.90	10.90
Fixation R	1	14	1348828074	1349073427	245353	881.33	964.13	30	28	-1	10.16	10.16
