[BeGaze]
Converted from:	C:\Program Files\SMI\Experiment Suite 360\Experiment Center 2\Results\RC-Attachment-Exp\P26-eye_data.idf
Date:	18.03.2012 20:21:15
Version:	BeGaze 3.0.181
Sample Rate:	500
Subject:	P26
Description:	Run31

Table Header for Fixations:
Event Type	Trial	Number	Start	End	Duration	Location X	Location Y	Dispersion X	Dispersion Y	Plane	Avg. Pupil Size X	Avg. Pupil Size Y

Table Header for Saccades:
Event Type	Trial	Number	Start	End	Duration	Start Loc.X	Start Loc.Y	End Loc.X	End Loc.Y	Amplitude	Peak Speed	Peak Speed At	Average Speed	Peak Accel.	Peak Decel.	Average Accel.

Table Header for Blinks:
Event Type	Trial	Number	Start	End	Duration

Table Header for User Events:
Event Type	Trial	Number	Start	Description

UserEvent	1	1	12678962020	# Message: Dist-srcop-12.jpg
Fixation L	1	1	12678962673	12679092584	129911	539.46	445.52	49	15	-1	11.03	11.03
Fixation R	1	1	12678962673	12679092584	129911	539.46	445.52	49	15	-1	10.93	10.93
Saccade L	1	1	12679092584	12679118561	25977	564.22	450.09	532.28	472.55	0.82	43.34	0.46	31.48	1741.94	-1688.95	1204.14
Saccade R	1	1	12679092584	12679118561	25977	564.22	450.09	532.28	472.55	0.82	43.34	0.46	31.48	1741.94	-1688.95	1204.14
Fixation L	1	2	12679118561	12679600788	482227	536.04	478.54	52	35	-1	11.09	11.09
Fixation R	1	2	12679118561	12679600788	482227	536.04	478.54	52	35	-1	10.95	10.95
Saccade L	1	2	12679600788	12679626799	26011	513.46	493.82	599.70	481.78	1.95	141.05	0.54	74.83	5689.03	-5490.97	3992.00
Saccade R	1	2	12679600788	12679626799	26011	513.46	493.82	599.70	481.78	1.95	141.05	0.54	74.83	5689.03	-5490.97	3992.00
Fixation L	1	3	12679626799	12679798777	171978	610.04	486.24	17	24	-1	11.13	11.13
Fixation R	1	3	12679626799	12679798777	171978	610.04	486.24	17	24	-1	11.11	11.11
Saccade L	1	3	12679798777	12679820779	22002	602.32	479.59	640.52	481.83	0.78	56.25	0.46	35.37	1967.75	-1917.77	1363.21
Saccade R	1	3	12679798777	12679820779	22002	602.32	479.59	640.52	481.83	0.78	56.25	0.46	35.37	1967.75	-1917.77	1363.21
Fixation L	1	4	12679820779	12679958402	137623	655.25	478.10	26	14	-1	11.12	11.12
Fixation R	1	4	12679820779	12679958402	137623	655.25	478.10	26	14	-1	11.09	11.09
Saccade L	1	4	12679958402	12679990896	32494	653.45	475.78	758.87	474.74	2.20	117.26	0.39	67.60	4824.95	-4540.47	3473.46
Saccade R	1	4	12679958402	12679990896	32494	653.45	475.78	758.87	474.74	2.20	117.26	0.39	67.60	4824.95	-4540.47	3473.46
Fixation L	1	5	12679990896	12680163053	172157	754.59	467.28	28	32	-1	11.11	11.11
Fixation R	1	5	12679990896	12680163053	172157	754.59	467.28	28	32	-1	11.10	11.10
Saccade L	1	5	12680163053	12680187015	23962	740.92	449.13	783.19	452.92	0.89	56.16	0.42	37.24	2319.33	-1927.45	1440.44
Saccade R	1	5	12680163053	12680187015	23962	740.92	449.13	783.19	452.92	0.89	56.16	0.42	37.24	2319.33	-1927.45	1440.44
Fixation L	1	6	12680187015	12680379143	192128	791.21	458.20	24	26	-1	10.89	10.89
Fixation R	1	6	12680187015	12680379143	192128	791.21	458.20	24	26	-1	10.79	10.79
Saccade L	1	6	12680379143	12680413145	34002	791.46	463.41	878.96	460.59	1.90	101.54	0.47	55.86	4015.86	-3857.18	2901.26
Saccade R	1	6	12680379143	12680413145	34002	791.46	463.41	878.96	460.59	1.90	101.54	0.47	55.86	4015.86	-3857.18	2901.26
Fixation L	1	7	12680413145	12681025411	612266	897.26	462.29	42	43	-1	10.52	10.52
Fixation R	1	7	12680413145	12681025411	612266	897.26	462.29	42	43	-1	10.36	10.36
Saccade L	1	7	12681025411	12681057361	31950	912.26	476.68	992.06	468.27	1.82	94.78	0.50	56.84	4074.60	-3561.79	2802.68
Saccade R	1	7	12681025411	12681057361	31950	912.26	476.68	992.06	468.27	1.82	94.78	0.50	56.84	4074.60	-3561.79	2802.68
Fixation L	1	8	12681057361	12681271473	214112	993.38	473.13	16	60	-1	10.27	10.27
Fixation R	1	8	12681057361	12681271473	214112	993.38	473.13	16	60	-1	10.31	10.31
Saccade L	1	8	12681271473	12681303526	32053	980.28	427.45	1064.52	412.67	1.84	104.40	0.39	57.42	3409.56	-3909.18	2655.20
Saccade R	1	8	12681271473	12681303526	32053	980.28	427.45	1064.52	412.67	1.84	104.40	0.39	57.42	3409.56	-3909.18	2655.20
Fixation L	1	9	12681303526	12681381475	77949	1074.04	424.92	20	41	-1	10.39	10.39
Fixation R	1	9	12681303526	12681381475	77949	1074.04	424.92	20	41	-1	9.89	9.89
Fixation L	1	10	12681399468	12681835765	436297	1110.78	442.13	69	41	-1	10.27	10.27
Fixation R	1	10	12681399468	12681835765	436297	1110.78	442.13	69	41	-1	9.98	9.98
Saccade L	1	9	12681835765	12681901718	65953	1140.88	413.76	867.08	893.63	12.86	338.20	0.36	195.03	14023.87	-10296.83	8396.51
Saccade R	1	9	12681835765	12681901718	65953	1140.88	413.76	867.08	893.63	12.86	338.20	0.36	195.03	14023.87	-10296.83	8396.51
Fixation L	1	11	12681901718	12682061828	160110	869.77	894.34	21	43	-1	10.78	10.78
Fixation R	1	11	12681901718	12682061828	160110	869.77	894.34	21	43	-1	10.70	10.70
Saccade L	1	10	12682061828	12682084432	22604	856.14	917.50	925.91	922.72	1.54	120.34	0.53	68.14	3900.45	-4367.54	2803.99
Saccade R	1	10	12682061828	12682084432	22604	856.14	917.50	925.91	922.72	1.54	120.34	0.53	68.14	3900.45	-4367.54	2803.99
Fixation L	1	12	12682084432	12682610078	525646	919.43	918.95	59	45	-1	11.19	11.19
Fixation R	1	12	12682084432	12682610078	525646	919.43	918.95	59	45	-1	11.00	11.00
