[BeGaze]
Converted from:	C:\Program Files\SMI\Experiment Suite 360\Experiment Center 2\Results\RC-Attachment-Exp\P34-eye_data.idf
Date:	18.03.2012 20:30:49
Version:	BeGaze 3.0.181
Sample Rate:	500
Subject:	P34
Description:	Run39

Table Header for Fixations:
Event Type	Trial	Number	Start	End	Duration	Location X	Location Y	Dispersion X	Dispersion Y	Plane	Avg. Pupil Size X	Avg. Pupil Size Y

Table Header for Saccades:
Event Type	Trial	Number	Start	End	Duration	Start Loc.X	Start Loc.Y	End Loc.X	End Loc.Y	Amplitude	Peak Speed	Peak Speed At	Average Speed	Peak Accel.	Peak Decel.	Average Accel.

Table Header for Blinks:
Event Type	Trial	Number	Start	End	Duration

Table Header for User Events:
Event Type	Trial	Number	Start	Description

UserEvent	1	1	4358204178	# Message: Dist-srcop-15.jpg
Fixation L	1	1	4358220829	4358448957	228128	577.12	448.05	19	29	-1	13.89	13.89
Fixation R	1	1	4358220829	4358448957	228128	577.12	448.05	19	29	-1	13.71	13.71
Saccade L	1	1	4358448957	4358495076	46119	582.95	447.50	525.93	431.05	1.38	67.29	0.63	29.84	2526.89	-2731.71	1614.29
Saccade R	1	1	4358448957	4358495076	46119	582.95	447.50	525.93	431.05	1.38	67.29	0.63	29.84	2526.89	-2731.71	1614.29
Fixation L	1	2	4358495076	4358827288	332212	532.93	429.49	26	30	-1	13.90	13.90
Fixation R	1	2	4358495076	4358827288	332212	532.93	429.49	26	30	-1	13.68	13.68
Saccade L	1	2	4358827288	4358857174	29886	517.95	426.23	601.57	447.50	1.90	135.95	0.46	63.46	5380.84	-5636.11	3948.12
Saccade R	1	2	4358827288	4358857174	29886	517.95	426.23	601.57	447.50	1.90	135.95	0.46	63.46	5380.84	-5636.11	3948.12
Fixation L	1	3	4358857174	4358981181	124007	602.71	442.30	34	14	-1	13.81	13.81
Fixation R	1	3	4358857174	4358981181	124007	602.71	442.30	34	14	-1	13.85	13.85
Saccade L	1	3	4358981181	4359021161	39980	584.74	445.31	691.47	439.42	2.41	153.99	0.40	60.24	6035.70	-5386.22	3426.74
Saccade R	1	3	4358981181	4359021161	39980	584.74	445.31	691.47	439.42	2.41	153.99	0.40	60.24	6035.70	-5386.22	3426.74
Fixation L	1	4	4359021161	4359359395	338234	701.47	430.12	48	31	-1	14.22	14.22
Fixation R	1	4	4359021161	4359359395	338234	701.47	430.12	48	31	-1	14.00	14.00
Saccade L	1	4	4359359395	4359404069	44674	700.08	448.70	801.21	432.20	2.34	111.05	0.40	52.38	4611.92	-4322.54	2972.83
Saccade R	1	4	4359359395	4359404069	44674	700.08	448.70	801.21	432.20	2.34	111.05	0.40	52.38	4611.92	-4322.54	2972.83
Fixation L	1	5	4359404069	4359573509	169440	797.96	434.57	16	11	-1	14.05	14.05
Fixation R	1	5	4359404069	4359573509	169440	797.96	434.57	16	11	-1	14.02	14.02
Saccade L	1	5	4359573509	4359621534	48025	799.37	436.27	851.26	462.00	1.65	99.93	0.29	34.32	4036.19	-3461.13	1902.88
Saccade R	1	5	4359573509	4359621534	48025	799.37	436.27	851.26	462.00	1.65	99.93	0.29	34.32	4036.19	-3461.13	1902.88
Fixation L	1	6	4359621534	4359801501	179967	854.86	455.37	30	16	-1	14.11	14.11
Fixation R	1	6	4359621534	4359801501	179967	854.86	455.37	30	16	-1	13.90	13.90
Fixation L	1	7	4359853628	4359961678	108050	937.50	426.11	32	11	-1	14.03	14.03
Fixation R	1	7	4359853628	4359961678	108050	937.50	426.11	32	11	-1	13.88	13.88
Blink L	1	1	4359961678	4360227739	266061
Blink R	1	1	4359961678	4360227739	266061
Fixation L	1	8	4360227739	4360319104	91365	951.77	427.01	10	20	-1	13.84	13.84
Fixation R	1	8	4360227739	4360319104	91365	951.77	427.01	10	20	-1	13.72	13.72
Saccade L	1	6	4360319104	4360350779	31675	945.98	412.89	1043.42	426.81	2.10	142.52	0.46	66.45	5652.39	-5914.22	4188.89
Saccade R	1	6	4360319104	4360350779	31675	945.98	412.89	1043.42	426.81	2.10	142.52	0.46	66.45	5652.39	-5914.22	4188.89
Fixation L	1	9	4360350779	4360547853	197074	1052.85	425.51	33	31	-1	13.87	13.87
Fixation R	1	9	4360350779	4360547853	197074	1052.85	425.51	33	31	-1	13.76	13.76
Saccade L	1	7	4360547853	4360593854	46001	1042.38	443.85	1119.12	430.18	2.82	179.71	0.30	61.30	6287.80	-5972.14	3145.32
Saccade R	1	7	4360547853	4360593854	46001	1042.38	443.85	1119.12	430.18	2.82	179.71	0.30	61.30	6287.80	-5972.14	3145.32
Fixation L	1	10	4360593854	4360761968	168114	1123.05	441.85	35	24	-1	13.74	13.74
Fixation R	1	10	4360593854	4360761968	168114	1123.05	441.85	35	24	-1	13.59	13.59
Blink L	1	2	4360761968	4360928003	166035
Blink R	1	2	4360761968	4360928003	166035
Saccade L	1	8	4360928003	4360989284	61281	1026.60	1009.79	904.57	840.40	25.28	1602.20	0.36	412.45	28862.79	-64474.07	22442.90
Saccade R	1	8	4360928003	4360989284	61281	1026.60	1009.79	904.57	840.40	25.28	1602.20	0.36	412.45	28862.79	-64474.07	22442.90
Saccade L	1	9	4360989284	4361050308	61024	904.57	840.40	905.74	908.61	1.75	59.13	0.34	28.68	1983.47	-1495.60	985.15
Saccade R	1	9	4360989284	4361050308	61024	904.57	840.40	905.74	908.61	1.75	59.13	0.34	28.68	1983.47	-1495.60	985.15
Fixation L	1	11	4361050308	4361907156	856848	926.71	907.91	81	57	-1	14.14	14.14
Fixation R	1	11	4361050308	4361907156	856848	926.71	907.91	81	57	-1	13.90	13.90
