[BeGaze]
Converted from:	C:\Program Files\SMI\Experiment Suite 360\Experiment Center 2\Results\RC-Attachment-Exp\P34-eye_data.idf
Date:	18.03.2012 20:30:42
Version:	BeGaze 3.0.181
Sample Rate:	500
Subject:	P34
Description:	Run39

Table Header for Fixations:
Event Type	Trial	Number	Start	End	Duration	Location X	Location Y	Dispersion X	Dispersion Y	Plane	Avg. Pupil Size X	Avg. Pupil Size Y

Table Header for Saccades:
Event Type	Trial	Number	Start	End	Duration	Start Loc.X	Start Loc.Y	End Loc.X	End Loc.Y	Amplitude	Peak Speed	Peak Speed At	Average Speed	Peak Accel.	Peak Decel.	Average Accel.

Table Header for Blinks:
Event Type	Trial	Number	Start	End	Duration

Table Header for User Events:
Event Type	Trial	Number	Start	Description

UserEvent	1	1	4303294979	# Message: RC-N1forced-nonanim-2.jpg
Fixation L	1	1	4303305321	4303431453	126132	468.48	376.37	39	38	-1	13.38	13.38
Fixation R	1	1	4303305321	4303431453	126132	468.48	376.37	39	38	-1	12.82	12.82
Saccade L	1	1	4303431453	4303493441	61988	472.25	370.88	464.00	376.74	8.84	245.71	0.61	142.60	9185.82	-10546.37	5052.92
Saccade R	1	1	4303431453	4303493441	61988	472.25	370.88	464.00	376.74	8.84	245.71	0.61	142.60	9185.82	-10546.37	5052.92
Fixation L	1	2	4303493441	4303625539	132098	467.88	377.50	18	37	-1	13.89	13.89
Fixation R	1	2	4303493441	4303625539	132098	467.88	377.50	18	37	-1	13.43	13.43
Blink L	1	1	4303625539	4303851558	226019
Blink R	1	1	4303625539	4303851558	226019
Fixation L	1	3	4303851558	4304031674	180116	513.52	408.54	29	55	-1	13.85	13.85
Fixation R	1	3	4303851558	4304031674	180116	513.52	408.54	29	55	-1	13.64	13.64
Saccade L	1	2	4304031674	4304075680	44006	522.26	420.21	593.02	426.95	1.75	88.31	0.32	39.74	3789.78	-3248.65	2231.27
Saccade R	1	2	4304031674	4304075680	44006	522.26	420.21	593.02	426.95	1.75	88.31	0.32	39.74	3789.78	-3248.65	2231.27
Fixation L	1	4	4304075680	4304187893	112213	594.39	428.55	13	24	-1	14.03	14.03
Fixation R	1	4	4304075680	4304187893	112213	594.39	428.55	13	24	-1	13.72	13.72
Saccade L	1	3	4304187893	4304239784	51891	600.67	440.37	709.66	409.58	2.65	118.98	0.27	51.14	4881.57	-3767.26	2533.75
Saccade R	1	3	4304187893	4304239784	51891	600.67	440.37	709.66	409.58	2.65	118.98	0.27	51.14	4881.57	-3767.26	2533.75
Fixation L	1	5	4304239784	4304375794	136010	701.89	420.41	15	29	-1	13.69	13.69
Fixation R	1	5	4304239784	4304375794	136010	701.89	420.41	15	29	-1	13.54	13.54
Saccade L	1	4	4304375794	4304411962	36168	695.65	408.71	794.72	423.54	2.11	127.31	0.44	58.47	5052.97	-5223.55	3658.25
Saccade R	1	4	4304375794	4304411962	36168	695.65	408.71	794.72	423.54	2.11	127.31	0.44	58.47	5052.97	-5223.55	3658.25
Fixation L	1	6	4304411962	4304589935	177973	798.45	420.59	33	53	-1	13.76	13.76
Fixation R	1	6	4304411962	4304589935	177973	798.45	420.59	33	53	-1	13.47	13.47
Saccade L	1	5	4304589935	4304629907	39972	795.85	449.55	893.49	440.56	2.12	108.49	0.50	52.97	4490.27	-4517.65	3107.68
Saccade R	1	5	4304589935	4304629907	39972	795.85	449.55	893.49	440.56	2.12	108.49	0.50	52.97	4490.27	-4517.65	3107.68
Fixation L	1	7	4304629907	4304714030	84123	879.07	443.05	32	6	-1	13.68	13.68
Fixation R	1	7	4304629907	4304714030	84123	879.07	443.05	32	6	-1	13.33	13.33
Saccade L	1	6	4304714030	4304748004	33974	860.58	443.30	891.12	403.44	1.04	47.84	0.41	30.54	1469.32	-1701.21	1009.88
Saccade R	1	6	4304714030	4304748004	33974	860.58	443.30	891.12	403.44	1.04	47.84	0.41	30.54	1469.32	-1701.21	1009.88
Saccade L	1	7	4304748004	4304776015	28011	891.12	403.44	874.86	448.16	0.83	54.52	0.64	29.51	1577.77	-584.76	735.33
Saccade R	1	7	4304748004	4304776015	28011	891.12	403.44	874.86	448.16	0.83	54.52	0.64	29.51	1577.77	-584.76	735.33
Saccade L	1	8	4304776015	4304818024	42009	874.86	448.16	853.85	412.26	0.99	42.52	0.24	23.47	317.99	-1235.46	615.89
Saccade R	1	8	4304776015	4304818024	42009	874.86	448.16	853.85	412.26	0.99	42.52	0.24	23.47	317.99	-1235.46	615.89
Saccade L	1	9	4304846003	4304903996	57993	858.23	405.49	953.12	432.60	2.50	119.86	0.52	43.09	4317.65	-4391.27	2423.18
Saccade R	1	9	4304846003	4304903996	57993	858.23	405.49	953.12	432.60	2.50	119.86	0.52	43.09	4317.65	-4391.27	2423.18
Fixation L	1	8	4304903996	4305074119	170123	944.95	426.27	18	41	-1	13.57	13.57
Fixation R	1	8	4304903996	4305074119	170123	944.95	426.27	18	41	-1	13.34	13.34
Saccade L	1	10	4305074119	4305114114	39995	950.88	440.16	946.94	383.95	1.21	52.11	0.45	30.16	2044.73	-1906.17	1417.39
Saccade R	1	10	4305074119	4305114114	39995	950.88	440.16	946.94	383.95	1.21	52.11	0.45	30.16	2044.73	-1906.17	1417.39
Fixation L	1	9	4305114114	4305276235	162121	944.59	399.17	18	57	-1	13.59	13.59
Fixation R	1	9	4305114114	4305276235	162121	944.59	399.17	18	57	-1	13.37	13.37
Saccade L	1	11	4305276235	4305316237	40002	932.00	438.63	1023.20	401.43	2.23	106.74	0.35	55.68	3825.75	-3363.47	2436.87
Saccade R	1	11	4305276235	4305316237	40002	932.00	438.63	1023.20	401.43	2.23	106.74	0.35	55.68	3825.75	-3363.47	2436.87
Fixation L	1	10	4305316237	4305450228	133991	1015.53	406.86	13	40	-1	13.73	13.73
Fixation R	1	10	4305316237	4305450228	133991	1015.53	406.86	13	40	-1	13.45	13.45
Saccade L	1	12	4305450228	4305498418	48190	1011.30	389.16	1079.11	423.80	1.76	65.51	0.42	36.45	2616.03	-2068.58	1536.59
Saccade R	1	12	4305450228	4305498418	48190	1011.30	389.16	1079.11	423.80	1.76	65.51	0.42	36.45	2616.03	-2068.58	1536.59
Saccade L	1	13	4305506358	4305530347	23989	1075.72	429.54	1077.11	382.61	0.89	62.92	0.42	37.30	1777.31	-1641.97	1180.20
Saccade R	1	13	4305506358	4305530347	23989	1075.72	429.54	1077.11	382.61	0.89	62.92	0.42	37.30	1777.31	-1641.97	1180.20
Saccade L	1	14	4305530347	4305570359	40012	1077.11	382.61	1075.79	433.68	1.06	49.65	0.35	26.38	1179.62	-1619.65	976.12
Saccade R	1	14	4305530347	4305570359	40012	1077.11	382.61	1075.79	433.68	1.06	49.65	0.35	26.38	1179.62	-1619.65	976.12
Fixation L	1	11	4305570359	4305636347	65988	1071.75	416.36	14	49	-1	13.67	13.67
Fixation R	1	11	4305570359	4305636347	65988	1071.75	416.36	14	49	-1	13.38	13.38
Saccade L	1	15	4305636347	4305690360	54013	1064.35	390.58	1135.92	433.58	1.93	68.73	0.63	35.69	1917.84	-2610.61	1471.06
Saccade R	1	15	4305636347	4305690360	54013	1064.35	390.58	1135.92	433.58	1.93	68.73	0.63	35.69	1917.84	-2610.61	1471.06
Fixation L	1	12	4305690360	4305814526	124166	1138.25	428.81	23	12	-1	13.74	13.74
Fixation R	1	12	4305690360	4305814526	124166	1138.25	428.81	23	12	-1	13.41	13.41
Blink L	1	2	4305814526	4306038630	224104
Blink R	1	2	4305814526	4306038630	224104
Fixation L	1	13	4306038630	4306150581	111951	870.73	944.39	24	84	-1	13.86	13.86
Fixation R	1	13	4306038630	4306150581	111951	870.73	944.39	24	84	-1	13.73	13.73
Saccade L	1	16	4306150581	4306192587	42006	884.90	982.59	939.54	938.50	2.07	109.21	0.43	49.19	4263.79	-4454.01	3056.32
Saccade R	1	16	4306150581	4306192587	42006	884.90	982.59	939.54	938.50	2.07	109.21	0.43	49.19	4263.79	-4454.01	3056.32
Fixation L	1	14	4306192587	4306490693	298106	953.51	925.37	43	32	-1	13.99	13.99
Fixation R	1	14	4306192587	4306490693	298106	953.51	925.37	43	32	-1	13.93	13.93
