[BeGaze]
Converted from:	C:\Program Files\SMI\Experiment Suite 360\Experiment Center 2\Results\RC-Attachment-Exp\P08-eye_data.idf
Date:	18.03.2012 20:07:19
Version:	BeGaze 3.0.181
Sample Rate:	500
Subject:	P08
Description:	Run13

Table Header for Fixations:
Event Type	Trial	Number	Start	End	Duration	Location X	Location Y	Dispersion X	Dispersion Y	Plane	Avg. Pupil Size X	Avg. Pupil Size Y

Table Header for Saccades:
Event Type	Trial	Number	Start	End	Duration	Start Loc.X	Start Loc.Y	End Loc.X	End Loc.Y	Amplitude	Peak Speed	Peak Speed At	Average Speed	Peak Accel.	Peak Decel.	Average Accel.

Table Header for Blinks:
Event Type	Trial	Number	Start	End	Duration

Table Header for User Events:
Event Type	Trial	Number	Start	Description

UserEvent	1	1	12011218387	# Message: Questionnaire19.jpg
Fixation L	1	1	12011222218	12011664024	441806	927.74	959.93	37	34	-1	13.72	13.72
Fixation R	1	1	12011222218	12011664024	441806	927.74	959.93	37	34	-1	13.73	13.73
Saccade L	1	1	12011664024	12011735977	71953	915.91	965.69	554.33	504.47	13.45	472.53	0.22	186.97	21134.26	-13618.63	9100.58
Saccade R	1	1	12011664024	12011735977	71953	915.91	965.69	554.33	504.47	13.45	472.53	0.22	186.97	21134.26	-13618.63	9100.58
Saccade L	1	2	12011745976	12011787976	42000	544.62	499.79	506.48	361.76	9.38	421.34	0.67	223.29	13716.84	-15234.80	8381.52
Saccade R	1	2	12011745976	12011787976	42000	544.62	499.79	506.48	361.76	9.38	421.34	0.67	223.29	13716.84	-15234.80	8381.52
Saccade L	1	3	12011787976	12011812102	24126	506.48	361.76	474.06	412.54	1.12	69.98	0.33	46.28	-880.13	-11806.42	3752.95
Saccade R	1	3	12011787976	12011812102	24126	506.48	361.76	474.06	412.54	1.12	69.98	0.33	46.28	-880.13	-11806.42	3752.95
Fixation L	1	2	12011812102	12011888122	76020	472.25	418.38	11	23	-1	14.36	14.36
Fixation R	1	2	12011812102	12011888122	76020	472.25	418.38	11	23	-1	13.99	13.99
Saccade L	1	4	12011888122	12011914110	25988	464.64	430.03	413.21	387.74	1.51	101.56	0.54	58.08	4021.48	-3689.89	2782.41
Saccade R	1	4	12011888122	12011914110	25988	464.64	430.03	413.21	387.74	1.51	101.56	0.54	58.08	4021.48	-3689.89	2782.41
Fixation L	1	3	12011914110	12012084588	170478	424.45	400.73	18	34	-1	13.62	13.62
Fixation R	1	3	12011914110	12012084588	170478	424.45	400.73	18	34	-1	13.54	13.54
Saccade L	1	5	12012084588	12012116765	32177	421.47	402.57	557.88	484.33	3.24	182.99	0.42	100.63	7714.62	-5849.33	5172.59
Saccade R	1	5	12012084588	12012116765	32177	421.47	402.57	557.88	484.33	3.24	182.99	0.42	100.63	7714.62	-5849.33	5172.59
Fixation L	1	4	12012140241	12012290261	150020	546.19	408.93	18	25	-1	13.77	13.77
Fixation R	1	4	12012140241	12012290261	150020	546.19	408.93	18	25	-1	13.59	13.59
Saccade L	1	6	12012290261	12012320482	30221	545.87	407.24	701.21	409.39	3.26	207.57	0.47	107.86	8795.76	-8745.75	6476.18
Saccade R	1	6	12012290261	12012320482	30221	545.87	407.24	701.21	409.39	3.26	207.57	0.47	107.86	8795.76	-8745.75	6476.18
Fixation L	1	5	12012320482	12012524341	203859	698.74	418.50	23	18	-1	14.32	14.32
Fixation R	1	5	12012320482	12012524341	203859	698.74	418.50	23	18	-1	14.23	14.23
Saccade L	1	7	12012524341	12012552375	28034	691.40	416.88	847.79	425.91	3.28	228.90	0.57	116.84	9627.35	-8258.43	6562.93
Saccade R	1	7	12012524341	12012552375	28034	691.40	416.88	847.79	425.91	3.28	228.90	0.57	116.84	9627.35	-8258.43	6562.93
Fixation L	1	6	12012552375	12012742456	190081	829.13	423.46	31	20	-1	14.57	14.57
Fixation R	1	6	12012552375	12012742456	190081	829.13	423.46	31	20	-1	14.31	14.31
Saccade L	1	8	12012742456	12012766473	24017	831.62	438.56	897.17	433.27	1.33	89.79	0.50	55.50	3012.18	-3649.28	2334.69
Saccade R	1	8	12012742456	12012766473	24017	831.62	438.56	897.17	433.27	1.33	89.79	0.50	55.50	3012.18	-3649.28	2334.69
Fixation L	1	7	12012766473	12013248698	482225	916.18	420.77	55	31	-1	14.65	14.65
Fixation R	1	7	12012766473	12013248698	482225	916.18	420.77	55	31	-1	14.19	14.19
Saccade L	1	9	12013248698	12013283506	34808	933.27	405.33	1030.62	413.02	2.32	131.57	0.40	66.54	5514.13	-5121.85	3717.61
Saccade R	1	9	12013248698	12013283506	34808	933.27	405.33	1030.62	413.02	2.32	131.57	0.40	66.54	5514.13	-5121.85	3717.61
Fixation L	1	8	12013283506	12014037067	753561	1021.26	434.97	33	53	-1	15.52	15.52
Fixation R	1	8	12013283506	12014037067	753561	1021.26	434.97	33	53	-1	15.11	15.11
Saccade L	1	10	12014037067	12014069071	32004	1011.25	443.51	1116.68	439.36	2.27	139.37	0.44	71.06	5468.34	-5300.39	3893.47
Saccade R	1	10	12014037067	12014069071	32004	1011.25	443.51	1116.68	439.36	2.27	139.37	0.44	71.06	5468.34	-5300.39	3893.47
Fixation L	1	9	12014069071	12014209056	139985	1115.14	436.92	24	10	-1	15.97	15.97
Fixation R	1	9	12014069071	12014209056	139985	1115.14	436.92	24	10	-1	15.59	15.59
Saccade L	1	11	12014209056	12014237208	28152	1104.87	432.24	1201.77	425.34	2.02	128.14	0.50	71.64	5578.41	-4776.03	3800.36
Saccade R	1	11	12014209056	12014237208	28152	1104.87	432.24	1201.77	425.34	2.02	128.14	0.50	71.64	5578.41	-4776.03	3800.36
Fixation L	1	10	12014237208	12014311242	74034	1187.21	434.59	22	22	-1	16.03	16.03
Fixation R	1	10	12014237208	12014311242	74034	1187.21	434.59	22	22	-1	15.47	15.47
Saccade L	1	12	12014311242	12014337272	26030	1185.92	444.22	1190.49	406.02	0.80	40.28	0.58	30.63	1456.22	-1364.44	998.25
Saccade R	1	12	12014311242	12014337272	26030	1185.92	444.22	1190.49	406.02	0.80	40.28	0.58	30.63	1456.22	-1364.44	998.25
Saccade L	1	13	12014347217	12014415226	68009	1189.85	405.71	437.73	528.70	17.78	459.13	0.32	261.44	20043.56	-13857.69	11019.55
Saccade R	1	13	12014347217	12014415226	68009	1189.85	405.71	437.73	528.70	17.78	459.13	0.32	261.44	20043.56	-13857.69	11019.55
Fixation L	1	11	12014415226	12014559969	144743	442.73	530.51	18	17	-1	15.68	15.68
Fixation R	1	11	12014415226	12014559969	144743	442.73	530.51	18	17	-1	15.03	15.03
Fixation L	1	12	12014581333	12015103560	522227	393.84	522.36	38	29	-1	15.84	15.84
Fixation R	1	12	12014581333	12015103560	522227	393.84	522.36	38	29	-1	14.90	14.90
UserEvent	1	100	12015162539	# Message: UE-mouseclick left x=390 y=470
Saccade L	1	14	12015229653	12015251590	21937	410.83	488.43	399.12	538.47	0.96	67.60	0.54	43.87	1798.25	-1744.93	1276.27
Saccade R	1	14	12015229653	12015251590	21937	410.83	488.43	399.12	538.47	0.96	67.60	0.54	43.87	1798.25	-1744.93	1276.27
Saccade L	1	15	12015279963	12015305562	25599	394.04	513.41	393.96	565.63	1.11	70.92	0.49	43.45	1659.83	-2877.80	1653.37
Saccade R	1	15	12015279963	12015305562	25599	394.04	513.41	393.96	565.63	1.11	70.92	0.49	43.45	1659.83	-2877.80	1653.37
Fixation L	1	13	12015305562	12015526214	220652	392.30	574.92	16	18	-1	15.66	15.66
Fixation R	1	13	12015305562	12015526214	220652	392.30	574.92	16	18	-1	14.57	14.57
Saccade L	1	16	12015526214	12015573753	47539	392.06	569.68	680.15	420.47	7.30	281.40	0.37	153.63	12387.05	-9596.51	7833.16
Saccade R	1	16	12015526214	12015573753	47539	392.06	569.68	680.15	420.47	7.30	281.40	0.37	153.63	12387.05	-9596.51	7833.16
Fixation L	1	14	12015573753	12015791914	218161	689.06	429.35	28	25	-1	15.95	15.95
Fixation R	1	14	12015573753	12015791914	218161	689.06	429.35	28	25	-1	15.19	15.19
UserEvent	1	115	12015722862	# Message: UE-mouseclick left x=382 y=531
