[BeGaze]
Converted from:	C:\Program Files\SMI\Experiment Suite 360\Experiment Center 2\Results\RC-Attachment-Exp\P09-eye_data.idf
Date:	18.03.2012 20:07:53
Version:	BeGaze 3.0.181
Sample Rate:	500
Subject:	P09
Description:	Run14

Table Header for Fixations:
Event Type	Trial	Number	Start	End	Duration	Location X	Location Y	Dispersion X	Dispersion Y	Plane	Avg. Pupil Size X	Avg. Pupil Size Y

Table Header for Saccades:
Event Type	Trial	Number	Start	End	Duration	Start Loc.X	Start Loc.Y	End Loc.X	End Loc.Y	Amplitude	Peak Speed	Peak Speed At	Average Speed	Peak Accel.	Peak Decel.	Average Accel.

Table Header for Blinks:
Event Type	Trial	Number	Start	End	Duration

Table Header for User Events:
Event Type	Trial	Number	Start	Description

UserEvent	1	1	7683918377	# Message: Questionnaire19.jpg
Fixation L	1	1	7683930483	7684091563	161080	899.77	911.19	26	36	-1	12.09	12.09
Fixation R	1	1	7683930483	7684091563	161080	899.77	911.19	26	36	-1	13.19	13.19
Saccade L	1	1	7684116647	7684138612	21965	887.86	931.05	901.05	897.88	0.64	41.99	0.36	29.25	405.01	-1311.36	613.22
Saccade R	1	1	7684116647	7684138612	21965	887.86	931.05	901.05	897.88	0.64	41.99	0.36	29.25	405.01	-1311.36	613.22
Fixation L	1	2	7684138612	7684424718	286106	883.14	904.89	65	42	-1	12.14	12.14
Fixation R	1	2	7684138612	7684424718	286106	883.14	904.89	65	42	-1	13.10	13.10
Saccade L	1	2	7684424718	7684496769	72051	847.42	923.31	411.22	419.11	15.41	439.98	0.25	213.82	19705.89	-12732.50	9450.56
Saccade R	1	2	7684424718	7684496769	72051	847.42	923.31	411.22	419.11	15.41	439.98	0.25	213.82	19705.89	-12732.50	9450.56
Saccade L	1	3	7684545358	7684578864	33506	442.11	446.74	363.24	310.45	3.42	219.59	0.34	102.02	8704.65	-9089.51	6218.55
Saccade R	1	3	7684545358	7684578864	33506	442.11	446.74	363.24	310.45	3.42	219.59	0.34	102.02	8704.65	-9089.51	6218.55
Fixation L	1	3	7684578864	7684774849	195985	371.25	316.80	15	36	-1	11.95	11.95
Fixation R	1	3	7684578864	7684774849	195985	371.25	316.80	15	36	-1	12.57	12.57
Saccade L	1	4	7684774849	7684806837	31988	378.62	301.97	502.86	341.88	3.00	195.10	0.56	93.81	8121.61	-7886.73	5622.63
Saccade R	1	4	7684774849	7684806837	31988	378.62	301.97	502.86	341.88	3.00	195.10	0.56	93.81	8121.61	-7886.73	5622.63
Fixation L	1	4	7684806837	7685032958	226121	513.53	337.20	30	36	-1	11.89	11.89
Fixation R	1	4	7684806837	7685032958	226121	513.53	337.20	30	36	-1	12.55	12.55
Saccade L	1	5	7685032958	7685074955	41997	513.83	346.95	641.51	340.09	2.96	178.58	0.67	70.43	6691.13	-7039.44	4129.33
Saccade R	1	5	7685032958	7685074955	41997	513.83	346.95	641.51	340.09	2.96	178.58	0.67	70.43	6691.13	-7039.44	4129.33
Fixation L	1	5	7685074955	7685219080	144125	630.11	346.99	30	28	-1	11.95	11.95
Fixation R	1	5	7685074955	7685219080	144125	630.11	346.99	30	28	-1	12.76	12.76
Saccade L	1	6	7685219080	7685251096	32016	632.82	348.91	402.26	361.54	4.97	290.77	0.50	155.11	12496.77	-12794.53	9295.87
Saccade R	1	6	7685219080	7685251096	32016	632.82	348.91	402.26	361.54	4.97	290.77	0.50	155.11	12496.77	-12794.53	9295.87
Fixation L	1	6	7685251096	7685457222	206126	401.01	360.47	18	25	-1	12.23	12.23
Fixation R	1	6	7685251096	7685457222	206126	401.01	360.47	18	25	-1	12.82	12.82
Saccade L	1	7	7685457222	7685481196	23974	411.44	369.03	349.02	344.55	1.34	88.06	0.50	55.81	3200.99	-3423.18	2365.94
Saccade R	1	7	7685457222	7685481196	23974	411.44	369.03	349.02	344.55	1.34	88.06	0.50	55.81	3200.99	-3423.18	2365.94
Saccade L	1	8	7685527194	7685553196	26002	349.85	330.64	387.14	368.33	1.07	61.88	0.46	41.11	2527.37	-2223.71	1730.99
Saccade R	1	8	7685527194	7685553196	26002	349.85	330.64	387.14	368.33	1.07	61.88	0.46	41.11	2527.37	-2223.71	1730.99
Saccade L	1	9	7685601201	7685633318	32117	378.84	362.65	534.92	373.83	3.39	202.75	0.46	105.60	8513.30	-8730.47	6311.98
Saccade R	1	9	7685601201	7685633318	32117	378.84	362.65	534.92	373.83	3.39	202.75	0.46	105.60	8513.30	-8730.47	6311.98
Fixation L	1	7	7685633318	7685781319	148001	525.27	364.57	20	27	-1	12.40	12.40
Fixation R	1	7	7685633318	7685781319	148001	525.27	364.57	20	27	-1	13.11	13.11
Saccade L	1	10	7685781319	7685817314	35995	526.93	351.87	666.52	375.01	3.29	160.87	0.50	91.41	6937.77	-6969.84	5249.12
Saccade R	1	10	7685781319	7685817314	35995	526.93	351.87	666.52	375.01	3.29	160.87	0.50	91.41	6937.77	-6969.84	5249.12
Fixation L	1	8	7685817314	7686000828	183514	664.10	357.68	12	45	-1	12.35	12.35
Fixation R	1	8	7685817314	7686000828	183514	664.10	357.68	12	45	-1	13.20	13.20
Saccade L	1	11	7686000828	7686027438	26610	655.92	333.57	813.20	346.56	3.16	237.00	0.48	118.63	9531.45	-9500.56	7046.01
Saccade R	1	11	7686000828	7686027438	26610	655.92	333.57	813.20	346.56	3.16	237.00	0.48	118.63	9531.45	-9500.56	7046.01
Fixation L	1	9	7686027438	7686259552	232114	816.16	349.42	32	33	-1	12.19	12.19
Fixation R	1	9	7686027438	7686259552	232114	816.16	349.42	32	33	-1	13.04	13.04
Saccade L	1	12	7686259552	7686281555	22003	825.61	338.25	915.97	358.27	1.97	160.90	0.56	89.33	6444.61	-6141.91	4233.41
Saccade R	1	12	7686259552	7686281555	22003	825.61	338.25	915.97	358.27	1.97	160.90	0.56	89.33	6444.61	-6141.91	4233.41
Fixation L	1	10	7686281555	7686427552	145997	908.08	349.35	32	30	-1	12.13	12.13
Fixation R	1	10	7686281555	7686427552	145997	908.08	349.35	32	30	-1	12.95	12.95
Saccade L	1	13	7686427552	7686453678	26126	912.54	341.85	804.22	352.59	2.28	163.02	0.54	87.41	6395.06	-6590.22	4639.53
Saccade R	1	13	7686427552	7686453678	26126	912.54	341.85	804.22	352.59	2.28	163.02	0.54	87.41	6395.06	-6590.22	4639.53
Fixation L	1	11	7686453678	7686724058	270380	806.62	357.21	16	34	-1	12.22	12.22
Fixation R	1	11	7686453678	7686724058	270380	806.62	357.21	16	34	-1	12.86	12.86
Saccade L	1	14	7686724058	7686749797	25739	805.46	376.72	881.91	363.85	1.67	117.12	0.48	64.97	4835.49	-4854.74	3449.95
Saccade R	1	14	7686724058	7686749797	25739	805.46	376.72	881.91	363.85	1.67	117.12	0.48	64.97	4835.49	-4854.74	3449.95
Fixation L	1	12	7686749797	7686873817	124020	877.03	368.44	20	35	-1	12.23	12.23
Fixation R	1	12	7686749797	7686873817	124020	877.03	368.44	20	35	-1	12.87	12.87
Saccade L	1	15	7686873817	7686902349	28532	879.09	358.11	976.03	367.45	2.16	140.20	0.42	75.62	5785.13	-5706.10	4137.93
Saccade R	1	15	7686873817	7686902349	28532	879.09	358.11	976.03	367.45	2.16	140.20	0.42	75.62	5785.13	-5706.10	4137.93
Fixation L	1	13	7686902349	7687091946	189597	989.44	355.59	36	41	-1	12.31	12.31
Fixation R	1	13	7686902349	7687091946	189597	989.44	355.59	36	41	-1	12.97	12.97
Saccade L	1	16	7687091946	7687115941	23995	985.01	341.36	950.24	355.43	0.82	52.57	0.54	34.07	1611.02	-1690.30	1157.40
Saccade R	1	16	7687091946	7687115941	23995	985.01	341.36	950.24	355.43	0.82	52.57	0.54	34.07	1611.02	-1690.30	1157.40
Fixation L	1	14	7687115941	7687308031	192090	945.60	365.15	44	17	-1	12.57	12.57
Fixation R	1	14	7687115941	7687308031	192090	945.60	365.15	44	17	-1	13.03	13.03
Saccade L	1	17	7687308031	7687338029	29998	916.53	368.22	1040.76	380.88	2.64	154.36	0.40	88.00	6052.76	-6488.75	4599.19
Saccade R	1	17	7687308031	7687338029	29998	916.53	368.22	1040.76	380.88	2.64	154.36	0.40	88.00	6052.76	-6488.75	4599.19
Fixation L	1	15	7687338029	7687432023	93994	1040.29	362.52	32	34	-1	12.82	12.82
Fixation R	1	15	7687338029	7687432023	93994	1040.29	362.52	32	34	-1	13.48	13.48
Fixation L	1	16	7687450025	7687596145	146120	1035.61	364.75	24	38	-1	12.75	12.75
Fixation R	1	16	7687450025	7687596145	146120	1035.61	364.75	24	38	-1	13.45	13.45
Saccade L	1	18	7687596145	7687618148	22003	1029.18	364.47	1040.90	325.21	0.74	48.99	0.46	33.75	1617.31	-1487.15	1150.27
Saccade R	1	18	7687596145	7687618148	22003	1029.18	364.47	1040.90	325.21	0.74	48.99	0.46	33.75	1617.31	-1487.15	1150.27
Saccade L	1	19	7687628157	7687656330	28173	1037.77	328.24	1142.89	356.86	2.47	173.49	0.57	87.68	6697.16	-6397.68	4477.35
Saccade R	1	19	7687628157	7687656330	28173	1037.77	328.24	1142.89	356.86	2.47	173.49	0.57	87.68	6697.16	-6397.68	4477.35
Fixation L	1	17	7687656330	7687790273	133943	1129.22	352.71	23	34	-1	12.44	12.44
Fixation R	1	17	7687656330	7687790273	133943	1129.22	352.71	23	34	-1	13.24	13.24
Fixation L	1	18	7687836423	7688016917	180494	1128.72	358.08	14	34	-1	12.52	12.52
Fixation R	1	18	7687836423	7688016917	180494	1128.72	358.08	14	34	-1	13.32	13.32
Saccade L	1	20	7688016917	7688040265	23348	1123.40	356.44	1231.00	350.23	2.21	186.60	0.49	94.62	7261.68	-6971.08	4916.31
Saccade R	1	20	7688016917	7688040265	23348	1123.40	356.44	1231.00	350.23	2.21	186.60	0.49	94.62	7261.68	-6971.08	4916.31
Fixation L	1	19	7688040265	7688198391	158126	1222.71	352.43	35	22	-1	12.56	12.56
Fixation R	1	19	7688040265	7688198391	158126	1222.71	352.43	35	22	-1	13.32	13.32
Saccade L	1	21	7688198391	7688226387	27996	1228.41	360.11	1168.83	347.80	1.93	130.66	0.50	68.91	5038.43	-4980.83	3601.10
Saccade R	1	21	7688198391	7688226387	27996	1228.41	360.11	1168.83	347.80	1.93	130.66	0.50	68.91	5038.43	-4980.83	3601.10
Fixation L	1	20	7688226387	7688378509	152122	1155.30	354.00	35	20	-1	12.54	12.54
Fixation R	1	20	7688226387	7688378509	152122	1155.30	354.00	35	20	-1	13.40	13.40
Saccade L	1	22	7688378509	7688404506	25997	1152.65	348.51	1276.82	348.52	2.76	213.38	0.54	106.33	8579.57	-7927.66	5830.27
Saccade R	1	22	7688378509	7688404506	25997	1152.65	348.51	1276.82	348.52	2.76	213.38	0.54	106.33	8579.57	-7927.66	5830.27
Fixation L	1	21	7688404506	7688634629	230123	1265.58	341.73	31	32	-1	12.74	12.74
Fixation R	1	21	7688404506	7688634629	230123	1265.58	341.73	31	32	-1	13.70	13.70
Saccade L	1	23	7688634629	7688657847	23218	1264.54	323.68	1183.19	335.36	1.63	123.80	0.52	70.32	4754.94	-4160.21	3035.76
Saccade R	1	23	7688634629	7688657847	23218	1264.54	323.68	1183.19	335.36	1.63	123.80	0.52	70.32	4754.94	-4160.21	3035.76
Fixation L	1	22	7688657847	7688988771	330924	1194.37	326.70	40	45	-1	13.50	13.50
Fixation R	1	22	7688657847	7688988771	330924	1194.37	326.70	40	45	-1	14.36	14.36
Fixation L	1	23	7689006767	7689078747	71980	1179.85	368.94	18	25	-1	13.50	13.50
Fixation R	1	23	7689006767	7689078747	71980	1179.85	368.94	18	25	-1	14.33	14.33
Fixation L	1	24	7689112770	7689300868	188098	1144.54	400.26	1193	449	-1	12.77	12.77
Fixation R	1	24	7689112770	7689300868	188098	1144.54	400.26	1193	449	-1	13.81	13.81
Saccade L	1	24	7689306881	7689370913	64032	0.00	0.00	1167.02	390.78	54.94	1984.96	0.72	857.96	44408.02	-74904.28	36465.71
Saccade R	1	24	7689306881	7689370913	64032	0.00	0.00	1167.02	390.78	54.94	1984.96	0.72	857.96	44408.02	-74904.28	36465.71
Fixation L	1	25	7689370913	7689477005	106092	1174.83	403.96	24	29	-1	13.32	13.32
Fixation R	1	25	7689370913	7689477005	106092	1174.83	403.96	24	29	-1	14.38	14.38
Fixation L	1	26	7689554980	7689671109	116129	1176.95	382.88	22	32	-1	13.40	13.40
Fixation R	1	26	7689554980	7689671109	116129	1176.95	382.88	22	32	-1	14.47	14.47
Saccade L	1	25	7689671109	7689705503	34394	1170.56	385.66	1179.19	379.53	26.29	1228.47	0.35	764.29	47697.57	-52787.39	37592.97
Saccade R	1	25	7689671109	7689705503	34394	1170.56	385.66	1179.19	379.53	26.29	1228.47	0.35	764.29	47697.57	-52787.39	37592.97
Blink L	1	1	7689743828	7689781101	37273
Blink R	1	1	7689743828	7689781101	37273
Fixation L	1	27	7689781101	7689987224	206123	1180.37	380.71	32	43	-1	13.27	13.27
Fixation R	1	27	7689781101	7689987224	206123	1180.37	380.71	32	43	-1	14.51	14.51
Blink L	1	2	7689987224	7690035224	48000
Blink R	1	2	7689987224	7690035224	48000
Fixation L	1	28	7690035224	7690249346	214122	1193.49	355.85	35	28	-1	13.68	13.68
Fixation R	1	28	7690035224	7690249346	214122	1193.49	355.85	35	28	-1	15.07	15.07
Saccade L	1	26	7690249346	7690277834	28488	1191.72	353.32	1105.12	355.83	1.81	118.35	0.63	63.44	4428.43	-4168.28	3020.85
Saccade R	1	26	7690249346	7690277834	28488	1191.72	353.32	1105.12	355.83	1.81	118.35	0.63	63.44	4428.43	-4168.28	3020.85
Fixation L	1	29	7690277834	7690593465	315631	1118.52	343.70	26	26	-1	13.90	13.90
Fixation R	1	29	7690277834	7690593465	315631	1118.52	343.70	26	26	-1	15.23	15.23
Blink L	1	3	7690640976	7690678461	37485
Blink R	1	3	7690640976	7690678461	37485
Blink L	1	4	7690693460	7690765908	72448
Blink R	1	4	7690693460	7690765908	72448
Fixation L	1	30	7690857584	7691071693	214109	1187.55	373.27	29	24	-1	13.51	13.51
Fixation R	1	30	7690857584	7691071693	214109	1187.55	373.27	29	24	-1	14.75	14.75
Saccade L	1	27	7691071693	7691097702	26009	1190.54	377.24	1117.31	379.78	1.64	113.68	0.48	63.12	4554.77	-4411.72	3166.93
Saccade R	1	27	7691071693	7691097702	26009	1190.54	377.24	1117.31	379.78	1.64	113.68	0.48	63.12	4554.77	-4411.72	3166.93
Fixation L	1	31	7691097702	7691157699	59997	1121.17	374.07	11	14	-1	13.62	13.62
Fixation R	1	31	7691097702	7691157699	59997	1121.17	374.07	11	14	-1	14.98	14.98
Saccade L	1	28	7691157699	7691201699	44000	1121.46	374.89	1021.95	335.77	20.61	827.63	0.39	468.35	35640.64	-31789.79	25284.43
Saccade R	1	28	7691157699	7691201699	44000	1121.46	374.89	1021.95	335.77	20.61	827.63	0.39	468.35	35640.64	-31789.79	25284.43
Saccade L	1	29	7691218303	7691328816	110513	1135.71	357.02	1128.87	354.58	23.25	406.59	0.79	210.43	15806.75	-17801.99	7246.57
Saccade R	1	29	7691218303	7691328816	110513	1135.71	357.02	1128.87	354.58	23.25	406.59	0.79	210.43	15806.75	-17801.99	7246.57
Fixation L	1	32	7691357860	7691626846	268986	1131.32	360.02	19	38	-1	14.07	14.07
Fixation R	1	32	7691357860	7691626846	268986	1131.32	360.02	19	38	-1	15.38	15.38
Saccade L	1	30	7691626846	7691653937	27091	1126.00	359.96	1191.90	354.77	1.34	80.56	0.48	49.58	3067.86	-2957.24	2224.92
Saccade R	1	30	7691626846	7691653937	27091	1126.00	359.96	1191.90	354.77	1.34	80.56	0.48	49.58	3067.86	-2957.24	2224.92
Fixation L	1	33	7691653937	7691781936	127999	1185.15	360.72	23	20	-1	13.87	13.87
Fixation R	1	33	7691653937	7691781936	127999	1185.15	360.72	23	20	-1	15.20	15.20
Saccade L	1	31	7691781936	7691810151	28215	1180.26	358.08	1123.64	360.64	1.28	77.25	0.35	45.27	2921.30	-3106.53	2144.92
Saccade R	1	31	7691781936	7691810151	28215	1180.26	358.08	1123.64	360.64	1.28	77.25	0.35	45.27	2921.30	-3106.53	2144.92
Fixation L	1	34	7691810151	7692124283	314132	1124.54	371.79	17	40	-1	13.57	13.57
Fixation R	1	34	7691810151	7692124283	314132	1124.54	371.79	17	40	-1	14.75	14.75
Saccade L	1	32	7692124283	7692156176	31893	1120.46	370.06	1222.98	360.33	2.13	115.09	0.56	66.75	4996.08	-4814.51	3658.44
Saccade R	1	32	7692124283	7692156176	31893	1120.46	370.06	1222.98	360.33	2.13	115.09	0.56	66.75	4996.08	-4814.51	3658.44
Fixation L	1	35	7692156176	7692372305	216129	1206.71	364.80	26	27	-1	13.06	13.06
Fixation R	1	35	7692156176	7692372305	216129	1206.71	364.80	26	27	-1	14.28	14.28
Saccade L	1	33	7692372305	7692394170	21865	1197.73	372.39	1276.76	364.72	1.63	125.91	0.46	74.69	4747.07	-4460.97	3093.86
Saccade R	1	33	7692372305	7692394170	21865	1197.73	372.39	1276.76	364.72	1.63	125.91	0.46	74.69	4747.07	-4460.97	3093.86
Fixation L	1	36	7692394170	7692655683	261513	1270.89	357.57	26	34	-1	12.74	12.74
Fixation R	1	36	7692394170	7692655683	261513	1270.89	357.57	26	34	-1	14.05	14.05
Saccade L	1	34	7692655683	7692734638	78955	1268.90	354.92	480.00	399.39	19.19	441.10	0.32	243.10	18100.44	-15487.93	9568.96
Saccade R	1	34	7692655683	7692734638	78955	1268.90	354.92	480.00	399.39	19.19	441.10	0.32	243.10	18100.44	-15487.93	9568.96
Fixation L	1	37	7692734638	7692849418	114780	482.98	412.07	17	34	-1	13.37	13.37
Fixation R	1	37	7692734638	7692849418	114780	482.98	412.07	17	34	-1	14.15	14.15
Saccade L	1	35	7692849418	7692872404	22986	485.16	423.94	452.62	389.16	1.09	73.04	0.59	47.47	2844.22	-1902.69	1772.76
Saccade R	1	35	7692849418	7692872404	22986	485.16	423.94	452.62	389.16	1.09	73.04	0.59	47.47	2844.22	-1902.69	1772.76
Fixation L	1	38	7692872404	7693034562	162158	463.88	377.06	21	30	-1	13.24	13.24
Fixation R	1	38	7692872404	7693034562	162158	463.88	377.06	21	30	-1	14.10	14.10
Saccade L	1	36	7693034562	7693068530	33968	453.69	374.92	600.72	372.65	3.13	183.77	0.35	92.18	7130.11	-7220.87	5039.89
Saccade R	1	36	7693034562	7693068530	33968	453.69	374.92	600.72	372.65	3.13	183.77	0.35	92.18	7130.11	-7220.87	5039.89
Fixation L	1	39	7693068530	7693219839	151309	618.73	370.40	25	24	-1	13.00	13.00
Fixation R	1	39	7693068530	7693219839	151309	618.73	370.40	25	24	-1	13.98	13.98
Saccade L	1	37	7693219839	7693250657	30818	605.45	356.36	706.03	367.56	2.21	138.49	0.35	71.66	5047.89	-5435.50	3799.55
Saccade R	1	37	7693219839	7693250657	30818	605.45	356.36	706.03	367.56	2.21	138.49	0.35	71.66	5047.89	-5435.50	3799.55
Fixation L	1	40	7693250657	7693436685	186028	718.03	353.39	28	24	-1	12.94	12.94
Fixation R	1	40	7693250657	7693436685	186028	718.03	353.39	28	24	-1	13.87	13.87
Saccade L	1	38	7693436685	7693468900	32215	732.31	351.80	815.17	355.34	1.91	110.04	0.38	59.40	4291.46	-4370.71	3114.79
Saccade R	1	38	7693436685	7693468900	32215	732.31	351.80	815.17	355.34	1.91	110.04	0.38	59.40	4291.46	-4370.71	3114.79
Fixation L	1	41	7693468900	7693874894	405994	807.49	355.25	24	55	-1	12.99	12.99
Fixation R	1	41	7693468900	7693874894	405994	807.49	355.25	24	55	-1	14.00	14.00
Saccade L	1	39	7693874894	7693902891	27997	808.41	336.78	890.80	349.85	1.84	118.28	0.44	65.69	5070.04	-5013.60	3667.21
Saccade R	1	39	7693874894	7693902891	27997	808.41	336.78	890.80	349.85	1.84	118.28	0.44	65.69	5070.04	-5013.60	3667.21
Fixation L	1	42	7693902891	7694253656	350765	887.57	357.22	39	48	-1	12.93	12.93
Fixation R	1	42	7693902891	7694253656	350765	887.57	357.22	39	48	-1	13.93	13.93
Saccade L	1	40	7694253656	7694279142	25486	873.06	336.55	981.53	339.65	2.20	165.18	0.45	86.45	6896.37	-6595.20	4782.57
Saccade R	1	40	7694253656	7694279142	25486	873.06	336.55	981.53	339.65	2.20	165.18	0.45	86.45	6896.37	-6595.20	4782.57
Fixation L	1	43	7694279142	7694467127	187985	980.95	348.07	28	19	-1	12.94	12.94
Fixation R	1	43	7694279142	7694467127	187985	980.95	348.07	28	19	-1	13.94	13.94
Saccade L	1	41	7694467127	7694509121	41994	971.46	354.74	1050.03	349.25	1.78	75.15	0.38	42.36	3105.53	-2357.57	1750.90
Saccade R	1	41	7694467127	7694509121	41994	971.46	354.74	1050.03	349.25	1.78	75.15	0.38	42.36	3105.53	-2357.57	1750.90
Fixation L	1	44	7694509121	7694727458	218337	1064.18	364.12	25	33	-1	12.87	12.87
Fixation R	1	44	7694509121	7694727458	218337	1064.18	364.12	25	33	-1	13.93	13.93
Saccade L	1	42	7694727458	7694757243	29785	1058.49	367.09	1159.46	347.26	2.43	155.82	0.55	81.73	5946.96	-6322.57	4448.55
Saccade R	1	42	7694727458	7694757243	29785	1058.49	367.09	1159.46	347.26	2.43	155.82	0.55	81.73	5946.96	-6322.57	4448.55
Fixation L	1	45	7694757243	7695235486	478243	1170.58	347.94	32	35	-1	13.05	13.05
Fixation R	1	45	7694757243	7695235486	478243	1170.58	347.94	32	35	-1	14.14	14.14
Saccade L	1	43	7695235486	7695263909	28423	1173.51	363.06	1004.07	362.15	3.80	250.00	0.57	133.72	10456.70	-9969.26	7327.30
Saccade R	1	43	7695235486	7695263909	28423	1173.51	363.06	1004.07	362.15	3.80	250.00	0.57	133.72	10456.70	-9969.26	7327.30
Fixation L	1	46	7695263909	7695456422	192513	1018.43	358.52	26	21	-1	13.09	13.09
Fixation R	1	46	7695263909	7695456422	192513	1018.43	358.52	26	21	-1	14.14	14.14
Saccade L	1	44	7695456422	7695520119	63697	1021.93	352.21	397.82	483.23	14.67	401.50	0.51	230.30	17185.68	-14096.70	10546.04
Saccade R	1	44	7695456422	7695520119	63697	1021.93	352.21	397.82	483.23	14.67	401.50	0.51	230.30	17185.68	-14096.70	10546.04
Fixation L	1	47	7695520119	7695679728	159609	405.47	473.80	17	32	-1	13.42	13.42
Fixation R	1	47	7695520119	7695679728	159609	405.47	473.80	17	32	-1	14.17	14.17
Blink L	1	5	7695679728	7695728930	49202
Blink R	1	5	7695679728	7695728930	49202
Saccade L	1	45	7695733826	7695779589	45763	390.64	499.80	465.57	503.57	10.70	436.83	0.49	233.90	16620.08	-12372.47	10002.31
Saccade R	1	45	7695733826	7695779589	45763	390.64	499.80	465.57	503.57	10.70	436.83	0.49	233.90	16620.08	-12372.47	10002.31
Fixation L	1	48	7695825723	7696950356	1124633	405.96	476.95	32	44	-1	12.93	12.93
Fixation R	1	48	7695825723	7696950356	1124633	405.96	476.95	32	44	-1	13.76	13.76
UserEvent	1	316	7696487180	# Message: UE-mouseclick left x=403 y=476
UserEvent	1	327	7696871193	# Message: UE-mouseclick left x=413 y=527
