[BeGaze]
Converted from:	C:\Program Files\SMI\Experiment Suite 360\Experiment Center 2\Results\RC-Attachment-Exp\P27-eye_data.idf
Date:	18.03.2012 20:22:50
Version:	BeGaze 3.0.181
Sample Rate:	500
Subject:	P27
Description:	Run32

Table Header for Fixations:
Event Type	Trial	Number	Start	End	Duration	Location X	Location Y	Dispersion X	Dispersion Y	Plane	Avg. Pupil Size X	Avg. Pupil Size Y

Table Header for Saccades:
Event Type	Trial	Number	Start	End	Duration	Start Loc.X	Start Loc.Y	End Loc.X	End Loc.Y	Amplitude	Peak Speed	Peak Speed At	Average Speed	Peak Accel.	Peak Decel.	Average Accel.

Table Header for Blinks:
Event Type	Trial	Number	Start	End	Duration

Table Header for User Events:
Event Type	Trial	Number	Start	Description

UserEvent	1	1	13736656535	# Message: RC-nonforced-anim-6.jpg
Fixation L	1	1	13736656683	13737312930	656247	529.25	438.62	49	49	-1	12.14	12.14
Fixation R	1	1	13736656683	13737312930	656247	529.25	438.62	49	49	-1	12.78	12.78
Saccade L	1	1	13737312930	13737340975	28045	506.40	424.13	588.51	411.88	1.78	115.83	0.43	63.59	4869.64	-4679.40	3413.87
Saccade R	1	1	13737312930	13737340975	28045	506.40	424.13	588.51	411.88	1.78	115.83	0.43	63.59	4869.64	-4679.40	3413.87
Fixation L	1	2	13737340975	13737885203	544228	571.56	431.80	37	42	-1	12.27	12.27
Fixation R	1	2	13737340975	13737885203	544228	571.56	431.80	37	42	-1	12.89	12.89
Saccade L	1	2	13737885203	13737935170	49967	566.94	448.26	702.90	439.75	3.03	123.63	0.32	60.55	5115.33	-3916.58	2942.67
Saccade R	1	2	13737885203	13737935170	49967	566.94	448.26	702.90	439.75	3.03	123.63	0.32	60.55	5115.33	-3916.58	2942.67
Fixation L	1	3	13737935170	13738647515	712345	665.96	422.88	71	29	-1	12.14	12.14
Fixation R	1	3	13737935170	13738647515	712345	665.96	422.88	71	29	-1	12.74	12.74
Saccade L	1	3	13738647515	13738677527	30012	656.61	417.91	750.58	417.01	2.05	124.20	0.52	68.38	5198.92	-4966.04	3693.95
Saccade R	1	3	13738647515	13738677527	30012	656.61	417.91	750.58	417.01	2.05	124.20	0.52	68.38	5198.92	-4966.04	3693.95
Fixation L	1	4	13738677527	13739055636	378109	758.47	419.52	19	32	-1	12.13	12.13
Fixation R	1	4	13738677527	13739055636	378109	758.47	419.52	19	32	-1	12.76	12.76
Saccade L	1	4	13739055636	13739099969	44333	756.43	422.17	845.49	403.07	2.24	97.21	0.50	50.45	3384.02	-3273.50	2354.44
Saccade R	1	4	13739055636	13739099969	44333	756.43	422.17	845.49	403.07	2.24	97.21	0.50	50.45	3384.02	-3273.50	2354.44
Fixation L	1	5	13739099969	13739445737	345768	855.04	411.44	23	23	-1	12.20	12.20
Fixation R	1	5	13739099969	13739445737	345768	855.04	411.44	23	23	-1	12.92	12.92
Saccade L	1	5	13739445737	13739489867	44130	854.13	402.62	917.22	417.77	1.44	53.65	0.32	32.58	2214.43	-1343.42	1167.99
Saccade R	1	5	13739445737	13739489867	44130	854.13	402.62	917.22	417.77	1.44	53.65	0.32	32.58	2214.43	-1343.42	1167.99
Fixation L	1	6	13739489867	13739857978	368111	914.75	424.36	23	28	-1	12.31	12.31
Fixation R	1	6	13739489867	13739857978	368111	914.75	424.36	23	28	-1	13.05	13.05
Saccade L	1	6	13739857978	13739897983	40005	904.98	420.28	1024.05	417.28	2.60	132.63	0.35	64.89	5534.96	-4688.06	3437.97
Saccade R	1	6	13739857978	13739897983	40005	904.98	420.28	1024.05	417.28	2.60	132.63	0.35	64.89	5534.96	-4688.06	3437.97
Fixation L	1	7	13739897983	13740343079	445096	1027.53	428.71	27	47	-1	12.13	12.13
Fixation R	1	7	13739897983	13740343079	445096	1027.53	428.71	27	47	-1	12.90	12.90
Saccade L	1	7	13740343079	13740376216	33137	1023.19	437.47	1111.87	444.98	1.85	101.00	0.34	55.94	4120.17	-3348.84	2539.27
Saccade R	1	7	13740343079	13740376216	33137	1023.19	437.47	1111.87	444.98	1.85	101.00	0.34	55.94	4120.17	-3348.84	2539.27
Fixation L	1	8	13740376216	13740518327	142111	1124.78	437.44	26	13	-1	12.03	12.03
Fixation R	1	8	13740376216	13740518327	142111	1124.78	437.44	26	13	-1	12.81	12.81
Saccade L	1	8	13740518327	13740666834	148507	1110.56	444.93	886.32	896.63	12.67	148.43	0.34	85.31	5994.33	-4682.90	2007.64
Saccade R	1	8	13740518327	13740666834	148507	1110.56	444.93	886.32	896.63	12.67	148.43	0.34	85.31	5994.33	-4682.90	2007.64
Fixation L	1	9	13740666834	13741480694	813860	872.02	922.78	58	55	-1	12.55	12.55
Fixation R	1	9	13740666834	13741480694	813860	872.02	922.78	58	55	-1	13.38	13.38
Saccade L	1	9	13741480694	13741508671	27977	865.14	924.46	906.22	928.29	0.88	41.89	0.54	31.35	1531.11	-1617.91	1118.32
Saccade R	1	9	13741480694	13741508671	27977	865.14	924.46	906.22	928.29	0.88	41.89	0.54	31.35	1531.11	-1617.91	1118.32
Fixation L	1	10	13741508671	13741942223	433552	912.45	928.28	41	17	-1	12.32	12.32
Fixation R	1	10	13741508671	13741942223	433552	912.45	928.28	41	17	-1	13.22	13.22
