[BeGaze]
Converted from:	C:\Program Files\SMI\Experiment Suite 360\Experiment Center 2\Results\RC-Attachment-Exp\P16-eye_data.idf
Date:	18.03.2012 20:12:24
Version:	BeGaze 3.0.181
Sample Rate:	500
Subject:	P16
Description:	Run21

Table Header for Fixations:
Event Type	Trial	Number	Start	End	Duration	Location X	Location Y	Dispersion X	Dispersion Y	Plane	Avg. Pupil Size X	Avg. Pupil Size Y

Table Header for Saccades:
Event Type	Trial	Number	Start	End	Duration	Start Loc.X	Start Loc.Y	End Loc.X	End Loc.Y	Amplitude	Peak Speed	Peak Speed At	Average Speed	Peak Accel.	Peak Decel.	Average Accel.

Table Header for Blinks:
Event Type	Trial	Number	Start	End	Duration

Table Header for User Events:
Event Type	Trial	Number	Start	Description

UserEvent	1	1	1749350823	# Message: Dist-srthm-21.jpg
Fixation L	1	1	1749353776	1749895897	542121	508.60	451.52	30	17	-1	10.61	10.61
Fixation R	1	1	1749353776	1749895897	542121	508.60	451.52	30	17	-1	10.66	10.66
Saccade L	1	1	1749895897	1749923860	27963	495.30	447.82	559.89	454.32	1.40	87.51	0.43	50.24	3655.53	-3136.44	2421.17
Saccade R	1	1	1749895897	1749923860	27963	495.30	447.82	559.89	454.32	1.40	87.51	0.43	50.24	3655.53	-3136.44	2421.17
Fixation L	1	2	1749923860	1750234104	310244	554.02	445.97	28	16	-1	10.49	10.49
Fixation R	1	2	1749923860	1750234104	310244	554.02	445.97	28	16	-1	10.54	10.54
Saccade L	1	2	1750234104	1750276057	41953	544.97	447.14	634.60	455.32	2.02	91.70	0.62	48.14	2990.17	-3589.06	2253.85
Saccade R	1	2	1750234104	1750276057	41953	544.97	447.14	634.60	455.32	2.02	91.70	0.62	48.14	2990.17	-3589.06	2253.85
Fixation L	1	3	1750276057	1750466119	190062	635.07	458.72	23	33	-1	10.32	10.32
Fixation R	1	3	1750276057	1750466119	190062	635.07	458.72	23	33	-1	10.30	10.30
Saccade L	1	3	1750466119	1750496209	30090	624.47	445.62	738.10	452.66	2.35	138.08	0.54	78.16	5330.18	-5268.70	3990.52
Saccade R	1	3	1750466119	1750496209	30090	624.47	445.62	738.10	452.66	2.35	138.08	0.54	78.16	5330.18	-5268.70	3990.52
Fixation L	1	4	1750496209	1750706201	209992	731.45	449.99	19	32	-1	10.18	10.18
Fixation R	1	4	1750496209	1750706201	209992	731.45	449.99	19	32	-1	10.38	10.38
Saccade L	1	4	1750706201	1750732198	25997	733.31	457.33	784.08	461.55	1.16	70.92	0.38	44.52	2811.60	-2139.72	1704.95
Saccade R	1	4	1750706201	1750732198	25997	733.31	457.33	784.08	461.55	1.16	70.92	0.38	44.52	2811.60	-2139.72	1704.95
Fixation L	1	5	1750732198	1750928346	196148	782.60	450.50	14	19	-1	9.93	9.93
Fixation R	1	5	1750732198	1750928346	196148	782.60	450.50	14	19	-1	10.21	10.21
Saccade L	1	5	1750928346	1750952321	23975	781.38	446.21	841.57	449.00	1.24	89.74	0.50	51.62	3592.02	-3570.24	2531.11
Saccade R	1	5	1750928346	1750952321	23975	781.38	446.21	841.57	449.00	1.24	89.74	0.50	51.62	3592.02	-3570.24	2531.11
Fixation L	1	6	1750952321	1751098431	146110	844.29	441.24	13	30	-1	9.65	9.65
Fixation R	1	6	1750952321	1751098431	146110	844.29	441.24	13	30	-1	10.03	10.03
Saccade L	1	6	1751098431	1751130433	32002	844.88	434.51	845.61	436.82	7.53	318.15	0.44	235.23	14597.20	-14496.56	11530.50
Saccade R	1	6	1751098431	1751130433	32002	844.88	434.51	845.61	436.82	7.53	318.15	0.44	235.23	14597.20	-14496.56	11530.50
Fixation L	1	7	1751130433	1751228487	98054	846.02	433.49	7	19	-1	9.53	9.53
Fixation R	1	7	1751130433	1751228487	98054	846.02	433.49	7	19	-1	9.85	9.85
Saccade L	1	7	1751228487	1751266428	37941	844.83	440.59	842.51	427.72	8.31	387.80	0.31	219.08	15905.43	-14225.40	11156.68
Saccade R	1	7	1751228487	1751266428	37941	844.83	440.59	842.51	427.72	8.31	387.80	0.31	219.08	15905.43	-14225.40	11156.68
Fixation L	1	8	1751266428	1751326896	60468	843.71	427.01	36	35	-1	9.38	9.38
Fixation R	1	8	1751266428	1751326896	60468	843.71	427.01	36	35	-1	9.77	9.77
Saccade L	1	8	1751326896	1751360830	33934	851.78	434.52	953.64	429.23	2.39	133.06	0.52	70.53	5403.41	-5425.95	3917.02
Saccade R	1	8	1751326896	1751360830	33934	851.78	434.52	953.64	429.23	2.39	133.06	0.52	70.53	5403.41	-5425.95	3917.02
Fixation L	1	9	1751360830	1751812660	451830	961.33	439.71	27	43	-1	9.13	9.13
Fixation R	1	9	1751360830	1751812660	451830	961.33	439.71	27	43	-1	9.57	9.57
Saccade L	1	9	1751812660	1751841985	29325	975.73	445.40	1043.06	438.58	1.47	87.42	0.41	50.08	3442.17	-3258.29	2374.44
Saccade R	1	9	1751812660	1751841985	29325	975.73	445.40	1043.06	438.58	1.47	87.42	0.41	50.08	3442.17	-3258.29	2374.44
Fixation L	1	10	1751841985	1752060771	218786	1035.98	426.66	21	30	-1	8.87	8.87
Fixation R	1	10	1751841985	1752060771	218786	1035.98	426.66	21	30	-1	9.29	9.29
Saccade L	1	10	1752060771	1752084767	23996	1039.68	424.17	1075.50	425.34	0.74	42.33	0.42	30.89	1399.92	-1598.86	1052.10
Saccade R	1	10	1752060771	1752084767	23996	1039.68	424.17	1075.50	425.34	0.74	42.33	0.42	30.89	1399.92	-1598.86	1052.10
Fixation L	1	11	1752084767	1752198910	114143	1075.04	435.20	6	24	-1	8.98	8.98
Fixation R	1	11	1752084767	1752198910	114143	1075.04	435.20	6	24	-1	9.35	9.35
Saccade L	1	11	1752198910	1752220893	21983	1075.24	448.05	1112.48	438.01	0.80	56.83	0.47	36.35	1834.98	-2112.84	1405.36
Saccade R	1	11	1752198910	1752220893	21983	1075.24	448.05	1112.48	438.01	0.80	56.83	0.47	36.35	1834.98	-2112.84	1405.36
Fixation L	1	12	1752220893	1752403054	182161	1116.68	438.39	12	18	-1	9.33	9.33
Fixation R	1	12	1752220893	1752403054	182161	1116.68	438.39	12	18	-1	9.74	9.74
Saccade L	1	12	1752403054	1752433002	29948	1111.99	438.98	1111.55	438.91	9.77	386.56	0.60	326.35	18339.24	-18629.07	14436.28
Saccade R	1	12	1752403054	1752433002	29948	1111.99	438.98	1111.55	438.91	9.77	386.56	0.60	326.35	18339.24	-18629.07	14436.28
Fixation L	1	13	1752433002	1752707116	274114	1124.23	441.35	38	34	-1	9.72	9.72
Fixation R	1	13	1752433002	1752707116	274114	1124.23	441.35	38	34	-1	10.23	10.23
Saccade L	1	13	1752707116	1752733123	26007	1120.72	445.55	1034.16	456.94	2.00	142.87	0.51	76.90	5634.90	-5170.11	3771.11
Saccade R	1	13	1752707116	1752733123	26007	1120.72	445.55	1034.16	456.94	2.00	142.87	0.51	76.90	5634.90	-5170.11	3771.11
Fixation L	1	14	1752733123	1752932526	199403	1035.10	449.33	22	19	-1	9.77	9.77
Fixation R	1	14	1752733123	1752932526	199403	1035.10	449.33	22	19	-1	10.50	10.50
Blink L	1	1	1752932526	1753126661	194135
Saccade R	1	14	1752932526	1752979236	46710	1046.77	443.74	0.00	0.00	31.85	2514.29	0.72	681.79	87586.43	-94301.25	46032.34
Fixation R	1	15	1752979236	1753061230	81994	0.00	0.00	0	0	-1	5.77	5.77
Saccade R	1	15	1753061230	1753126661	65431	0.00	0.00	951.29	728.39	38.25	2390.60	0.28	584.63	97261.88	-93051.72	38322.84
Fixation L	1	15	1753126661	1753289347	162686	957.10	746.74	18	48	-1	9.74	9.74
Fixation R	1	16	1753126661	1753289347	162686	957.10	746.74	18	48	-1	10.00	10.00
Saccade L	1	14	1753289347	1753319390	30043	955.90	758.72	883.43	829.35	2.22	148.83	0.47	73.76	6042.03	-5765.34	4247.57
Saccade R	1	16	1753289347	1753319390	30043	955.90	758.72	883.43	829.35	2.22	148.83	0.47	73.76	6042.03	-5765.34	4247.57
Fixation L	1	16	1753319390	1753429338	109948	884.32	829.40	23	13	-1	9.72	9.72
Fixation R	1	17	1753319390	1753429338	109948	884.32	829.40	23	13	-1	9.93	9.93
Saccade L	1	15	1753429338	1753455518	26180	894.61	880.58	877.83	810.59	0.80	47.20	0.65	30.59	1267.04	-1182.47	796.93
Saccade R	1	17	1753429338	1753455518	26180	894.61	880.58	877.83	810.59	0.80	47.20	0.65	30.59	1267.04	-1182.47	796.93
Fixation L	1	17	1753455518	1753655480	199962	882.50	803.74	28	37	-1	9.54	9.54
Fixation R	1	18	1753455518	1753655480	199962	882.50	803.74	28	37	-1	10.04	10.04
Saccade L	1	16	1753655480	1753678620	23140	873.14	800.85	912.94	835.93	1.03	72.22	0.52	44.70	2808.54	-2516.84	1845.55
Saccade R	1	18	1753655480	1753678620	23140	873.14	800.85	912.94	835.93	1.03	72.22	0.52	44.70	2808.54	-2516.84	1845.55
Saccade L	1	17	1753699468	1753740991	41523	902.76	829.09	910.02	858.09	1.42	61.47	0.29	34.21	2035.29	-1344.79	1121.41
Saccade R	1	19	1753699468	1753740991	41523	902.76	829.09	910.02	858.09	1.42	61.47	0.29	34.21	2035.29	-1344.79	1121.41
Fixation L	1	18	1753740991	1753937567	196576	913.34	889.99	28	56	-1	10.60	10.60
Fixation R	1	19	1753740991	1753937567	196576	913.34	889.99	28	56	-1	11.32	11.32
Fixation L	1	19	1753957571	1754279682	322111	883.50	926.65	33	35	-1	11.17	11.17
Fixation R	1	20	1753957571	1754279682	322111	883.50	926.65	33	35	-1	11.61	11.61
Saccade L	1	18	1754279682	1754307807	28125	871.18	934.73	924.89	925.29	1.10	62.84	0.44	39.21	2401.27	-2250.95	1727.84
Saccade R	1	20	1754279682	1754307807	28125	871.18	934.73	924.89	925.29	1.10	62.84	0.44	39.21	2401.27	-2250.95	1727.84
Fixation L	1	20	1754307807	1754722028	414221	911.64	936.47	31	33	-1	11.52	11.52
Fixation R	1	21	1754307807	1754722028	414221	911.64	936.47	31	33	-1	11.83	11.83
Saccade L	1	19	1754722028	1754745912	23884	901.80	943.51	857.90	939.11	0.85	54.89	0.41	35.77	2131.28	-1912.89	1395.60
Saccade R	1	21	1754722028	1754745912	23884	901.80	943.51	857.90	939.11	0.85	54.89	0.41	35.77	2131.28	-1912.89	1395.60
Fixation L	1	21	1754745912	1755302141	556229	867.63	935.72	47	27	-1	12.18	12.18
Fixation R	1	22	1754745912	1755302141	556229	867.63	935.72	47	27	-1	12.18	12.18
