[BeGaze]
Converted from:	C:\Program Files\SMI\Experiment Suite 360\Experiment Center 2\Results\RC-Attachment-Exp\Denek04-eye_data.idf
Date:	18.03.2012 20:04:37
Version:	BeGaze 3.0.181
Sample Rate:	500
Subject:	Denek04
Description:	Run7

Table Header for Fixations:
Event Type	Trial	Number	Start	End	Duration	Location X	Location Y	Dispersion X	Dispersion Y	Plane	Avg. Pupil Size X	Avg. Pupil Size Y

Table Header for Saccades:
Event Type	Trial	Number	Start	End	Duration	Start Loc.X	Start Loc.Y	End Loc.X	End Loc.Y	Amplitude	Peak Speed	Peak Speed At	Average Speed	Peak Accel.	Peak Decel.	Average Accel.

Table Header for Blinks:
Event Type	Trial	Number	Start	End	Duration

Table Header for User Events:
Event Type	Trial	Number	Start	Description

UserEvent	1	1	6851879896	# Message: Dist-orthm-30.jpg
Fixation L	1	1	6851883023	6852079065	196042	465.64	485.69	8	17	-1	11.62	11.62
Fixation R	1	1	6851883023	6852079065	196042	465.64	485.69	8	17	-1	11.66	11.66
Saccade L	1	1	6852079065	6852107031	27966	470.72	485.74	494.11	457.56	0.84	41.62	0.57	30.21	1729.92	-1662.35	1191.88
Saccade R	1	1	6852079065	6852107031	27966	470.72	485.74	494.11	457.56	0.84	41.62	0.57	30.21	1729.92	-1662.35	1191.88
Fixation L	1	2	6852107031	6852199172	92141	492.85	452.56	8	14	-1	11.59	11.59
Fixation R	1	2	6852107031	6852199172	92141	492.85	452.56	8	14	-1	11.93	11.93
Saccade L	1	2	6852199172	6852221176	22004	488.91	449.85	528.76	446.67	0.76	51.81	0.55	34.52	2104.15	-2019.39	1450.28
Saccade R	1	2	6852199172	6852221176	22004	488.91	449.85	528.76	446.67	0.76	51.81	0.55	34.52	2104.15	-2019.39	1450.28
Fixation L	1	3	6852221176	6852459146	237970	522.78	456.50	20	16	-1	11.58	11.58
Fixation R	1	3	6852221176	6852459146	237970	522.78	456.50	20	16	-1	12.01	12.01
Saccade L	1	3	6852459146	6852489261	30115	518.76	460.04	585.15	438.67	1.58	105.08	0.40	52.38	3972.71	-3689.27	2661.49
Saccade R	1	3	6852459146	6852489261	30115	518.76	460.04	585.15	438.67	1.58	105.08	0.40	52.38	3972.71	-3689.27	2661.49
Fixation L	1	4	6852489261	6852663423	174162	584.86	450.05	17	26	-1	11.76	11.76
Fixation R	1	4	6852489261	6852663423	174162	584.86	450.05	17	26	-1	11.97	11.97
Saccade L	1	4	6852663423	6852689419	25996	586.30	455.67	650.91	443.10	1.38	97.26	0.46	53.15	3723.63	-3679.84	2673.01
Saccade R	1	4	6852663423	6852689419	25996	586.30	455.67	650.91	443.10	1.38	97.26	0.46	53.15	3723.63	-3679.84	2673.01
Fixation L	1	5	6852689419	6852899417	209998	644.33	445.50	13	20	-1	11.63	11.63
Fixation R	1	5	6852689419	6852899417	209998	644.33	445.50	13	20	-1	12.05	12.05
Fixation L	1	6	6852917375	6853179482	262107	675.90	453.06	12	30	-1	11.64	11.64
Fixation R	1	6	6852917375	6853179482	262107	675.90	453.06	12	30	-1	12.19	12.19
Saccade L	1	5	6853179482	6853205544	26062	677.69	436.77	783.79	446.85	2.24	162.47	0.54	85.94	6483.01	-6245.57	4600.52
Saccade R	1	5	6853179482	6853205544	26062	677.69	436.77	783.79	446.85	2.24	162.47	0.54	85.94	6483.01	-6245.57	4600.52
Fixation L	1	7	6853205544	6853467604	262060	779.01	446.12	23	19	-1	11.46	11.46
Fixation R	1	7	6853205544	6853467604	262060	779.01	446.12	23	19	-1	12.16	12.16
Saccade L	1	6	6853467604	6853492001	24397	776.76	447.04	834.09	435.88	1.37	102.32	0.49	56.00	3773.63	-3807.48	2653.92
Saccade R	1	6	6853467604	6853492001	24397	776.76	447.04	834.09	435.88	1.37	102.32	0.49	56.00	3773.63	-3807.48	2653.92
Fixation L	1	8	6853492001	6853825938	333937	823.79	446.69	27	30	-1	11.34	11.34
Fixation R	1	8	6853492001	6853825938	333937	823.79	446.69	27	30	-1	11.88	11.88
Saccade L	1	7	6853825938	6853861525	35587	821.85	452.27	934.70	429.43	2.81	172.02	0.50	78.93	6650.18	-6994.48	4842.70
Saccade R	1	7	6853825938	6853861525	35587	821.85	452.27	934.70	429.43	2.81	172.02	0.50	78.93	6650.18	-6994.48	4842.70
Fixation L	1	9	6853861525	6854125947	264422	935.28	438.43	15	17	-1	11.23	11.23
Fixation R	1	9	6853861525	6854125947	264422	935.28	438.43	15	17	-1	11.75	11.75
Saccade L	1	8	6854125947	6854149995	24048	925.02	440.03	1020.34	432.78	2.02	160.48	0.50	83.90	6491.89	-5685.84	4241.47
Saccade R	1	8	6854125947	6854149995	24048	925.02	440.03	1020.34	432.78	2.02	160.48	0.50	83.90	6491.89	-5685.84	4241.47
Fixation L	1	10	6854149995	6854350093	200098	997.44	432.71	37	20	-1	11.25	11.25
Fixation R	1	10	6854149995	6854350093	200098	997.44	432.71	37	20	-1	11.87	11.87
Saccade L	1	9	6854350093	6854382080	31987	1016.93	429.24	964.43	445.23	1.16	53.65	0.44	36.21	2106.50	-1789.22	1441.07
Saccade R	1	9	6854350093	6854382080	31987	1016.93	429.24	964.43	445.23	1.16	53.65	0.44	36.21	2106.50	-1789.22	1441.07
Fixation L	1	11	6854382080	6854590181	208101	977.26	434.71	31	18	-1	11.16	11.16
Fixation R	1	11	6854382080	6854590181	208101	977.26	434.71	31	18	-1	11.83	11.83
Saccade L	1	10	6854590181	6854614788	24607	968.09	442.26	1065.31	432.51	2.06	150.68	0.49	83.69	6217.23	-5600.88	4131.92
Saccade R	1	10	6854590181	6854614788	24607	968.09	442.26	1065.31	432.51	2.06	150.68	0.49	83.69	6217.23	-5600.88	4131.92
Fixation L	1	12	6854614788	6854744186	129398	1052.92	437.77	19	21	-1	11.15	11.15
Fixation R	1	12	6854614788	6854744186	129398	1052.92	437.77	19	21	-1	11.83	11.83
Saccade L	1	11	6854744186	6854770180	25994	1048.64	428.65	1139.40	431.17	1.95	146.27	0.54	75.13	5832.48	-4931.43	3914.04
Saccade R	1	11	6854744186	6854770180	25994	1048.64	428.65	1139.40	431.17	1.95	146.27	0.54	75.13	5832.48	-4931.43	3914.04
Fixation L	1	13	6854770180	6855150408	380228	1125.36	438.61	44	25	-1	11.23	11.23
Fixation R	1	13	6854770180	6855150408	380228	1125.36	438.61	44	25	-1	11.83	11.83
Saccade L	1	12	6855150408	6855176440	26032	1127.80	428.96	1077.16	442.09	1.22	83.46	0.46	46.85	3490.32	-3196.03	2349.52
Saccade R	1	12	6855150408	6855176440	26032	1127.80	428.96	1077.16	442.09	1.22	83.46	0.46	46.85	3490.32	-3196.03	2349.52
Fixation L	1	14	6855176440	6855398542	222102	1076.05	441.14	15	17	-1	11.31	11.31
Fixation R	1	14	6855176440	6855398542	222102	1076.05	441.14	15	17	-1	11.82	11.82
Saccade L	1	13	6855398542	6855422522	23980	1071.94	448.14	1138.55	450.07	1.54	120.19	0.58	64.18	4829.18	-4444.65	3146.63
Saccade R	1	13	6855398542	6855422522	23980	1071.94	448.14	1138.55	450.07	1.54	120.19	0.58	64.18	4829.18	-4444.65	3146.63
Fixation L	1	15	6855422522	6855666634	244112	1137.63	449.35	18	32	-1	11.19	11.19
Fixation R	1	15	6855422522	6855666634	244112	1137.63	449.35	18	32	-1	11.68	11.68
Blink L	1	1	6855670634	6855794630	123996
Blink R	1	1	6855670634	6855794630	123996
Saccade L	1	14	6855794630	6855818622	23992	983.13	419.99	1081.68	437.02	2.17	202.26	0.42	90.59	-2078.89	-6757.18	4367.12
Saccade R	1	14	6855794630	6855818622	23992	983.13	419.99	1081.68	437.02	2.17	202.26	0.42	90.59	-2078.89	-6757.18	4367.12
Fixation L	1	16	6855818622	6855890661	72039	1097.09	444.93	22	12	-1	11.33	11.33
Fixation R	1	16	6855818622	6855890661	72039	1097.09	444.93	22	12	-1	11.78	11.78
Saccade L	1	15	6855890661	6855915947	25286	1095.55	439.02	1158.28	438.84	1.62	113.62	0.47	63.95	4255.13	-4165.37	2751.05
Saccade R	1	15	6855890661	6855915947	25286	1095.55	439.02	1158.28	438.84	1.62	113.62	0.47	63.95	4255.13	-4165.37	2751.05
Fixation L	1	17	6855915947	6856168735	252788	1149.02	458.65	31	29	-1	11.47	11.47
Fixation R	1	17	6855915947	6856330699	414752	1068.80	615.06	311	530	-1	9.14	9.14
Saccade L	1	16	6856168735	6856234860	66125	1132.17	466.70	885.78	968.96	13.98	391.00	0.70	211.44	13775.61	-16255.62	9120.61
Fixation L	1	18	6856234860	6856330699	95839	886.17	951.13	52	28	-1	11.79	11.79
Fixation L	1	19	6856349320	6856412868	63548	892.88	939.65	14	11	-1	11.86	11.86
Fixation R	1	18	6856349320	6856412868	63548	892.88	939.65	14	11	-1	12.37	12.37
Saccade L	1	17	6856412868	6856455032	42164	902.16	934.17	869.40	988.49	1.61	55.81	0.43	38.22	2202.51	-1738.67	1305.80
Saccade R	1	16	6856412868	6856455032	42164	902.16	934.17	869.40	988.49	1.61	55.81	0.43	38.22	2202.51	-1738.67	1305.80
Fixation L	1	20	6856527229	6856837088	309859	868.31	945.35	46	26	-1	11.75	11.75
Fixation R	1	19	6856527229	6856837088	309859	868.31	945.35	46	26	-1	12.29	12.29
