[BeGaze]
Converted from:	C:\Program Files\SMI\Experiment Suite 360\Experiment Center 2\Results\RC-Attachment-Exp\P34-eye_data.idf
Date:	18.03.2012 20:31:29
Version:	BeGaze 3.0.181
Sample Rate:	500
Subject:	P34
Description:	Run39

Table Header for Fixations:
Event Type	Trial	Number	Start	End	Duration	Location X	Location Y	Dispersion X	Dispersion Y	Plane	Avg. Pupil Size X	Avg. Pupil Size Y

Table Header for Saccades:
Event Type	Trial	Number	Start	End	Duration	Start Loc.X	Start Loc.Y	End Loc.X	End Loc.Y	Amplitude	Peak Speed	Peak Speed At	Average Speed	Peak Accel.	Peak Decel.	Average Accel.

Table Header for Blinks:
Event Type	Trial	Number	Start	End	Duration

Table Header for User Events:
Event Type	Trial	Number	Start	Description

UserEvent	1	1	4721016807	# Message: RC-nonforced-nonanim-6.jpg
Fixation L	1	1	4721017271	4721382222	364951	544.36	453.87	47	37	-1	14.54	14.54
Fixation R	1	1	4721017271	4721382222	364951	544.36	453.87	47	37	-1	14.43	14.43
Saccade L	1	1	4721382222	4721418213	35991	544.26	449.96	636.82	429.36	2.04	90.98	0.50	56.65	3675.27	-3529.68	2720.65
Saccade R	1	1	4721382222	4721418213	35991	544.26	449.96	636.82	429.36	2.04	90.98	0.50	56.65	3675.27	-3529.68	2720.65
Fixation L	1	2	4721418213	4721578344	160131	634.28	418.01	15	26	-1	13.95	13.95
Fixation R	1	2	4721418213	4721578344	160131	634.28	418.01	15	26	-1	13.92	13.92
Saccade L	1	2	4721578344	4721602359	24015	641.19	407.19	680.59	397.37	0.80	46.00	0.50	33.36	1668.78	-1489.42	1136.61
Saccade R	1	2	4721578344	4721602359	24015	641.19	407.19	680.59	397.37	0.80	46.00	0.50	33.36	1668.78	-1489.42	1136.61
Fixation L	1	3	4721602359	4721728327	125968	685.99	413.64	14	29	-1	13.60	13.60
Fixation R	1	3	4721602359	4721728327	125968	685.99	413.64	14	29	-1	13.67	13.67
Saccade L	1	3	4721728327	4721754446	26119	690.43	402.54	748.99	404.39	1.30	81.72	0.54	49.64	3174.39	-3323.50	2319.20
Saccade R	1	3	4721728327	4721754446	26119	690.43	402.54	748.99	404.39	1.30	81.72	0.54	49.64	3174.39	-3323.50	2319.20
Fixation L	1	4	4721754446	4721978564	224118	746.30	424.15	21	44	-1	13.63	13.63
Fixation R	1	4	4721754446	4721978564	224118	746.30	424.15	21	44	-1	13.43	13.43
Saccade L	1	4	4721978564	4722004589	26025	742.12	435.18	804.40	427.03	1.49	92.43	0.61	57.09	3775.25	-3993.89	2802.73
Saccade R	1	4	4721978564	4722004589	26025	742.12	435.18	804.40	427.03	1.49	92.43	0.61	57.09	3775.25	-3993.89	2802.73
Fixation L	1	5	4722004589	4722222556	217967	829.98	417.88	39	28	-1	13.77	13.77
Fixation R	1	5	4722004589	4722222556	217967	829.98	417.88	39	28	-1	13.56	13.56
Fixation L	1	6	4722242901	4722426674	183773	899.62	406.67	42	34	-1	14.00	14.00
Fixation R	1	6	4722242901	4722426674	183773	899.62	406.67	42	34	-1	13.71	13.71
Saccade L	1	5	4722426674	4722474673	47999	912.30	397.19	785.86	425.68	2.92	150.23	0.25	60.82	5919.51	-4423.06	2435.42
Saccade R	1	5	4722426674	4722474673	47999	912.30	397.19	785.86	425.68	2.92	150.23	0.25	60.82	5919.51	-4423.06	2435.42
Saccade L	1	6	4722474673	4722496673	22000	785.86	425.68	827.48	420.63	0.70	48.90	0.44	31.61	-138.25	-1552.52	626.87
Saccade R	1	6	4722474673	4722496673	22000	785.86	425.68	827.48	420.63	0.70	48.90	0.44	31.61	-138.25	-1552.52	626.87
Fixation L	1	7	4722496673	4722584871	88198	819.49	416.33	15	23	-1	14.08	14.08
Fixation R	1	7	4722496673	4722584871	88198	819.49	416.33	15	23	-1	13.85	13.85
Saccade L	1	7	4722584871	4722614795	29924	818.73	430.09	896.25	443.92	1.95	137.96	0.60	65.22	4906.26	-5282.42	3426.35
Saccade R	1	7	4722584871	4722614795	29924	818.73	430.09	896.25	443.92	1.95	137.96	0.60	65.22	4906.26	-5282.42	3426.35
Fixation L	1	8	4722614795	4722732812	118017	895.50	432.90	12	16	-1	14.07	14.07
Fixation R	1	8	4722614795	4722732812	118017	895.50	432.90	12	16	-1	13.87	13.87
Blink L	1	1	4722732812	4722928905	196093
Blink R	1	1	4722732812	4722928905	196093
Fixation L	1	9	4722928905	4723012906	84001	930.22	413.73	14	20	-1	13.86	13.86
Fixation R	1	9	4722928905	4723012906	84001	930.22	413.73	14	20	-1	13.65	13.65
Saccade L	1	8	4723012906	4723066979	54073	930.45	406.92	979.32	434.32	1.93	53.56	0.37	35.63	1920.84	-1239.82	1061.40
Saccade R	1	8	4723012906	4723066979	54073	930.45	406.92	979.32	434.32	1.93	53.56	0.37	35.63	1920.84	-1239.82	1061.40
Fixation L	1	10	4723066979	4723263018	196039	979.75	446.52	27	31	-1	13.95	13.95
Fixation R	1	10	4723066979	4723263018	196039	979.75	446.52	27	31	-1	13.72	13.72
Saccade L	1	9	4723263018	4723301467	38449	966.84	452.43	1061.30	450.65	2.10	96.52	0.44	54.72	3791.37	-3347.47	2603.13
Saccade R	1	9	4723263018	4723301467	38449	966.84	452.43	1061.30	450.65	2.10	96.52	0.44	54.72	3791.37	-3347.47	2603.13
Fixation L	1	11	4723301467	4723571132	269665	1048.27	434.84	30	41	-1	13.41	13.41
Fixation R	1	11	4723301467	4723571132	269665	1048.27	434.84	30	41	-1	13.11	13.11
Saccade L	1	10	4723571132	4723601429	30297	1043.35	407.93	1134.52	408.04	2.19	137.36	0.53	72.19	5921.98	-6006.41	4292.60
Saccade R	1	10	4723571132	4723601429	30297	1043.35	407.93	1134.52	408.04	2.19	137.36	0.53	72.19	5921.98	-6006.41	4292.60
Fixation L	1	12	4723601429	4723833251	231822	1143.29	428.38	30	44	-1	13.27	13.27
Fixation R	1	12	4723601429	4723833251	231822	1143.29	428.38	30	44	-1	13.16	13.16
Blink L	1	2	4723833251	4724041369	208118
Blink R	1	2	4723833251	4724041369	208118
Fixation L	1	13	4724116301	4724633596	517295	933.23	914.98	92	35	-1	13.57	13.57
Fixation R	1	13	4724116301	4724633596	517295	933.23	914.98	92	35	-1	13.53	13.53
