[BeGaze]
Converted from:	C:\Program Files\SMI\Experiment Suite 360\Experiment Center 2\Results\RC-Attachment-Exp\P19-eye_data.idf
Date:	18.03.2012 20:14:34
Version:	BeGaze 3.0.181
Sample Rate:	500
Subject:	P19
Description:	Run24

Table Header for Fixations:
Event Type	Trial	Number	Start	End	Duration	Location X	Location Y	Dispersion X	Dispersion Y	Plane	Avg. Pupil Size X	Avg. Pupil Size Y

Table Header for Saccades:
Event Type	Trial	Number	Start	End	Duration	Start Loc.X	Start Loc.Y	End Loc.X	End Loc.Y	Amplitude	Peak Speed	Peak Speed At	Average Speed	Peak Accel.	Peak Decel.	Average Accel.

Table Header for Blinks:
Event Type	Trial	Number	Start	End	Duration

Table Header for User Events:
Event Type	Trial	Number	Start	Description

UserEvent	1	1	18063902079	# Message: Dist-orcop-6.jpg
Saccade L	1	1	18063943894	18064021899	78005	0.00	0.00	504.48	415.97	29.82	806.08	0.38	382.29	33196.28	-19089.70	12010.22
Saccade R	1	1	18063943894	18064021899	78005	0.00	0.00	504.48	415.97	29.82	806.08	0.38	382.29	33196.28	-19089.70	12010.22
Fixation L	1	1	18064021899	18064610105	588206	498.59	438.69	52	44	-1	13.62	13.62
Fixation R	1	1	18064021899	18064610105	588206	498.59	438.69	52	44	-1	13.47	13.47
Saccade L	1	2	18064610105	18064642102	31997	498.88	426.36	558.23	441.92	1.30	67.75	0.38	40.59	2380.34	-2054.57	1576.08
Saccade R	1	2	18064610105	18064642102	31997	498.88	426.36	558.23	441.92	1.30	67.75	0.38	40.59	2380.34	-2054.57	1576.08
Fixation L	1	2	18064642102	18064840239	198137	558.84	432.71	27	16	-1	13.07	13.07
Fixation R	1	2	18064642102	18064840239	198137	558.84	432.71	27	16	-1	12.94	12.94
Saccade L	1	3	18064840239	18064866227	25988	543.44	439.34	637.77	461.34	2.03	147.67	0.46	78.00	5412.51	-5559.67	3928.85
Saccade R	1	3	18064840239	18064866227	25988	543.44	439.34	637.77	461.34	2.03	147.67	0.46	78.00	5412.51	-5559.67	3928.85
Fixation L	1	3	18064866227	18065016339	150112	642.19	451.85	33	36	-1	12.88	12.88
Fixation R	1	3	18064866227	18065016339	150112	642.19	451.85	33	36	-1	12.89	12.89
Saccade L	1	4	18065016339	18065072356	56017	642.66	464.79	707.04	437.85	1.98	71.05	0.21	35.33	2691.56	-2059.38	1097.65
Saccade R	1	4	18065016339	18065072356	56017	642.66	464.79	707.04	437.85	1.98	71.05	0.21	35.33	2691.56	-2059.38	1097.65
Fixation L	1	4	18065072356	18065204462	132106	710.26	459.59	21	43	-1	12.94	12.94
Fixation R	1	4	18065072356	18065204462	132106	710.26	459.59	21	43	-1	12.85	12.85
Saccade L	1	5	18065204462	18065238454	33992	700.53	457.73	803.66	465.60	2.26	149.49	0.35	66.57	5170.44	-5538.97	3681.45
Saccade R	1	5	18065204462	18065238454	33992	700.53	457.73	803.66	465.60	2.26	149.49	0.35	66.57	5170.44	-5538.97	3681.45
Fixation L	1	5	18065238454	18065396453	157999	795.10	453.45	25	24	-1	13.01	13.01
Fixation R	1	5	18065238454	18065396453	157999	795.10	453.45	25	24	-1	12.91	12.91
Saccade L	1	6	18065396453	18065437020	40567	788.42	455.86	869.87	467.78	1.80	85.89	0.30	44.32	3179.85	-2457.67	1724.84
Saccade R	1	6	18065396453	18065437020	40567	788.42	455.86	869.87	467.78	1.80	85.89	0.30	44.32	3179.85	-2457.67	1724.84
Saccade L	1	7	18065464478	18065486631	22153	879.32	452.70	877.95	488.69	0.72	45.92	0.37	32.58	1301.44	-1616.48	1062.66
Saccade R	1	7	18065464478	18065486631	22153	879.32	452.70	877.95	488.69	0.72	45.92	0.37	32.58	1301.44	-1616.48	1062.66
Fixation L	1	6	18065486631	18065718753	232122	871.81	476.87	55	49	-1	12.87	12.87
Fixation R	1	6	18065486631	18065718753	232122	871.81	476.87	55	49	-1	12.81	12.81
Saccade L	1	8	18065718753	18065746687	27934	852.60	451.57	933.58	448.82	1.73	117.23	0.36	62.11	4334.19	-4468.73	3132.03
Saccade R	1	8	18065718753	18065746687	27934	852.60	451.57	933.58	448.82	1.73	117.23	0.36	62.11	4334.19	-4468.73	3132.03
Fixation L	1	7	18065746687	18066012845	266158	940.75	454.36	49	28	-1	12.99	12.99
Fixation R	1	7	18065746687	18066012845	266158	940.75	454.36	49	28	-1	12.83	12.83
Saccade L	1	9	18066012845	18066042799	29954	923.28	457.95	1012.77	439.95	1.99	121.37	0.57	66.51	5139.26	-4822.50	3640.23
Saccade R	1	9	18066012845	18066042799	29954	923.28	457.95	1012.77	439.95	1.99	121.37	0.57	66.51	5139.26	-4822.50	3640.23
Fixation L	1	8	18066042799	18066176793	133994	1009.28	448.39	39	25	-1	13.00	13.00
Fixation R	1	8	18066042799	18066176793	133994	1009.28	448.39	39	25	-1	13.01	13.01
Saccade L	1	10	18066244947	18066284911	39964	1020.44	445.63	1090.64	458.40	1.85	93.38	0.35	46.29	3659.04	-3062.43	2170.62
Saccade R	1	10	18066244947	18066284911	39964	1020.44	445.63	1090.64	458.40	1.85	93.38	0.35	46.29	3659.04	-3062.43	2170.62
Fixation L	1	9	18066284911	18066470906	185995	1092.33	463.15	24	53	-1	13.13	13.13
Fixation R	1	9	18066284911	18066470906	185995	1092.33	463.15	24	53	-1	13.06	13.06
Saccade L	1	11	18066470906	18066498919	28013	1091.85	474.88	1160.43	474.59	1.42	84.39	0.36	50.58	3563.94	-3319.59	2464.29
Saccade R	1	11	18066470906	18066498919	28013	1091.85	474.88	1160.43	474.59	1.42	84.39	0.36	50.58	3563.94	-3319.59	2464.29
Fixation L	1	10	18066498919	18066753027	254108	1156.85	466.96	35	20	-1	13.17	13.17
Fixation R	1	10	18066498919	18066753027	254108	1156.85	466.96	35	20	-1	12.97	12.97
Saccade L	1	12	18066753027	18066783137	30110	1137.67	471.99	1194.30	478.46	1.20	64.97	0.33	39.90	2502.88	-2147.31	1641.30
Saccade R	1	12	18066753027	18066783137	30110	1137.67	471.99	1194.30	478.46	1.20	64.97	0.33	39.90	2502.88	-2147.31	1641.30
Fixation L	1	11	18066783137	18066937149	154012	1195.69	474.64	17	14	-1	13.26	13.26
Fixation R	1	11	18066783137	18066937149	154012	1195.69	474.64	17	14	-1	13.11	13.11
Saccade L	1	13	18066937149	18067003152	66003	1203.75	471.92	949.63	428.22	6.04	254.67	0.28	91.52	11088.52	-9323.47	4963.60
Saccade R	1	13	18066937149	18067003152	66003	1203.75	471.92	949.63	428.22	6.04	254.67	0.28	91.52	11088.52	-9323.47	4963.60
Fixation L	1	12	18067003152	18067267265	264113	959.28	441.41	36	33	-1	13.63	13.63
Fixation R	1	12	18067003152	18067267265	264113	959.28	441.41	36	33	-1	13.27	13.27
Saccade L	1	14	18067267265	18067319405	52140	970.24	437.91	578.97	423.20	9.99	408.54	0.42	191.63	17162.20	-13253.68	10466.03
Saccade R	1	14	18067267265	18067319405	52140	970.24	437.91	578.97	423.20	9.99	408.54	0.42	191.63	17162.20	-13253.68	10466.03
Fixation L	1	13	18067319405	18067585494	266089	577.80	430.31	32	31	-1	13.85	13.85
Fixation R	1	13	18067319405	18067585494	266089	577.80	430.31	32	31	-1	13.40	13.40
Saccade L	1	15	18067585494	18067615486	29992	557.21	437.08	624.50	426.34	1.55	92.23	0.53	51.55	3741.85	-3689.09	2689.08
Saccade R	1	15	18067585494	18067615486	29992	557.21	437.08	624.50	426.34	1.55	92.23	0.53	51.55	3741.85	-3689.09	2689.08
Fixation L	1	14	18067615486	18067771486	156000	630.74	444.54	19	31	-1	13.49	13.49
Fixation R	1	14	18067615486	18067771486	156000	630.74	444.54	19	31	-1	13.36	13.36
Saccade L	1	16	18067771486	18067797489	26003	639.16	449.16	702.70	443.91	1.35	91.04	0.54	51.79	3658.54	-3848.97	2698.98
Saccade R	1	16	18067771486	18067797489	26003	639.16	449.16	702.70	443.91	1.35	91.04	0.54	51.79	3658.54	-3848.97	2698.98
Fixation L	1	15	18067797489	18067998201	200712	707.74	451.95	21	42	-1	13.40	13.40
Fixation R	1	15	18067797489	18067998201	200712	707.74	451.95	21	42	-1	13.21	13.21
Saccade L	1	17	18067998201	18068033633	35432	699.12	470.96	811.56	476.94	2.50	141.89	0.38	70.67	5965.64	-5425.81	3880.05
Saccade R	1	17	18067998201	18068033633	35432	699.12	470.96	811.56	476.94	2.50	141.89	0.38	70.67	5965.64	-5425.81	3880.05
Fixation L	1	16	18068033633	18068303709	270076	800.93	452.32	36	42	-1	13.24	13.24
Fixation R	1	16	18068033633	18068303709	270076	800.93	452.32	36	42	-1	13.06	13.06
Saccade L	1	18	18068303709	18068341707	37998	818.73	459.65	872.17	442.37	1.87	116.64	0.53	49.29	3589.49	-3968.50	2406.84
Saccade R	1	18	18068303709	18068341707	37998	818.73	459.65	872.17	442.37	1.87	116.64	0.53	49.29	3589.49	-3968.50	2406.84
Fixation L	1	17	18068341707	18068631826	290119	895.63	442.13	35	49	-1	13.26	13.26
Fixation R	1	17	18068341707	18068631826	290119	895.63	442.13	35	49	-1	13.01	13.01
Saccade L	1	19	18068631826	18068685816	53990	901.00	453.97	1023.94	428.85	3.04	130.71	0.26	56.33	4923.97	-4016.29	2227.90
Saccade R	1	19	18068631826	18068685816	53990	901.00	453.97	1023.94	428.85	3.04	130.71	0.26	56.33	4923.97	-4016.29	2227.90
Fixation L	1	18	18068685816	18068897950	212134	997.63	455.32	45	47	-1	13.22	13.22
Fixation R	1	18	18068685816	18068897950	212134	997.63	455.32	45	47	-1	13.04	13.04
Saccade L	1	20	18068897950	18068957351	59401	996.57	471.22	1113.35	465.54	2.75	95.92	0.61	46.24	2995.56	-3464.98	1990.29
Saccade R	1	20	18068897950	18068957351	59401	996.57	471.22	1113.35	465.54	2.75	95.92	0.61	46.24	2995.56	-3464.98	1990.29
Fixation L	1	19	18068957351	18069160048	202697	1102.96	478.67	29	26	-1	13.35	13.35
Fixation R	1	19	18068957351	18069160048	202697	1102.96	478.67	29	26	-1	13.24	13.24
Saccade L	1	21	18069160048	18069192197	32149	1100.62	484.89	1189.53	459.55	2.04	130.67	0.50	63.54	4685.13	-4986.22	3507.84
Saccade R	1	21	18069160048	18069192197	32149	1100.62	484.89	1189.53	459.55	2.04	130.67	0.50	63.54	4685.13	-4986.22	3507.84
Fixation L	1	20	18069192197	18069312177	119980	1192.86	463.26	15	29	-1	13.66	13.66
Fixation R	1	20	18069192197	18069312177	119980	1192.86	463.26	15	29	-1	13.37	13.37
Saccade L	1	22	18069312177	18069372170	59993	1186.90	452.05	658.76	443.53	12.13	412.44	0.33	202.12	17787.41	-11312.12	9602.64
Saccade R	1	22	18069312177	18069372170	59993	1186.90	452.05	658.76	443.53	12.13	412.44	0.33	202.12	17787.41	-11312.12	9602.64
Fixation L	1	21	18069372170	18069434503	62333	638.56	429.17	27	22	-1	13.96	13.96
Fixation R	1	21	18069372170	18069434503	62333	638.56	429.17	27	22	-1	13.37	13.37
Saccade L	1	23	18069434503	18069460160	25657	638.13	421.77	535.39	443.05	2.26	170.70	0.53	88.05	6695.53	-6159.46	4570.69
Saccade R	1	23	18069434503	18069460160	25657	638.13	421.77	535.39	443.05	2.26	170.70	0.53	88.05	6695.53	-6159.46	4570.69
Fixation L	1	22	18069460160	18069692283	232123	535.65	450.49	29	45	-1	13.82	13.82
Fixation R	1	22	18069460160	18069692283	232123	535.65	450.49	29	45	-1	13.41	13.41
Saccade L	1	24	18069692283	18069722573	30290	523.14	452.03	596.02	448.35	1.66	93.46	0.50	54.76	3994.60	-3491.57	2734.81
Saccade R	1	24	18069692283	18069722573	30290	523.14	452.03	596.02	448.35	1.66	93.46	0.50	54.76	3994.60	-3491.57	2734.81
Fixation L	1	23	18069764327	18069910395	146068	592.32	446.63	26	29	-1	13.45	13.45
Fixation R	1	23	18069764327	18069910395	146068	592.32	446.63	26	29	-1	13.31	13.31
Saccade L	1	25	18069910395	18069940535	30140	591.73	445.87	681.64	442.05	1.93	112.01	0.46	64.20	4709.03	-4602.67	3380.74
Saccade R	1	25	18069910395	18069940535	30140	591.73	445.87	681.64	442.05	1.93	112.01	0.46	64.20	4709.03	-4602.67	3380.74
Fixation L	1	24	18069940535	18070152686	212151	685.59	466.52	31	45	-1	13.36	13.36
Fixation R	1	24	18069940535	18070152686	212151	685.59	466.52	31	45	-1	13.27	13.27
Saccade L	1	26	18070152686	18070191168	38482	698.16	461.94	808.29	468.08	2.47	110.15	0.41	64.27	4774.94	-4010.59	3219.73
Saccade R	1	26	18070152686	18070191168	38482	698.16	461.94	808.29	468.08	2.47	110.15	0.41	64.27	4774.94	-4010.59	3219.73
Fixation L	1	25	18070191168	18070496623	305455	822.70	455.59	49	63	-1	13.71	13.71
Fixation R	1	25	18070191168	18070496623	305455	822.70	455.59	49	63	-1	13.52	13.52
Saccade L	1	27	18070496623	18070580711	84088	799.41	457.00	885.98	976.90	12.28	279.62	0.29	146.05	11242.27	-5228.81	4844.70
Saccade R	1	27	18070496623	18070580711	84088	799.41	457.00	885.98	976.90	12.28	279.62	0.29	146.05	11242.27	-5228.81	4844.70
Saccade L	1	28	18070590277	18070612742	22465	884.90	973.26	882.44	932.95	0.79	49.98	0.46	35.26	1062.69	-1662.06	978.93
Saccade R	1	28	18070590277	18070612742	22465	884.90	973.26	882.44	932.95	0.79	49.98	0.46	35.26	1062.69	-1662.06	978.93
Fixation L	1	26	18070612742	18070784745	172003	877.50	963.33	31	41	-1	14.19	14.19
Fixation R	1	26	18070612742	18070784745	172003	877.50	963.33	31	41	-1	13.99	13.99
Saccade L	1	29	18070784745	18070812852	28107	876.92	972.81	916.65	931.21	1.18	68.71	0.37	42.15	2302.01	-2450.22	1769.35
Saccade R	1	29	18070784745	18070812852	28107	876.92	972.81	916.65	931.21	1.18	68.71	0.37	42.15	2302.01	-2450.22	1769.35
Fixation L	1	27	18070812852	18071139005	326153	924.84	924.55	38	23	-1	13.69	13.69
Fixation R	1	27	18070812852	18071139005	326153	924.84	924.55	38	23	-1	13.81	13.81
