[BeGaze]
Converted from:	C:\Program Files\SMI\Experiment Suite 360\Experiment Center 2\Results\RC-Attachment-Exp\P02-eye_data.idf
Date:	24.02.2012 09:57:21
Version:	BeGaze 3.0.181
Sample Rate:	500
Subject:	P02
Description:	Run2

Table Header for Fixations:
Event Type	Trial	Number	Start	End	Duration	Location X	Location Y	Dispersion X	Dispersion Y	Plane	Avg. Pupil Size X	Avg. Pupil Size Y

Table Header for Saccades:
Event Type	Trial	Number	Start	End	Duration	Start Loc.X	Start Loc.Y	End Loc.X	End Loc.Y	Amplitude	Peak Speed	Peak Speed At	Average Speed	Peak Accel.	Peak Decel.	Average Accel.

Table Header for Blinks:
Event Type	Trial	Number	Start	End	Duration

Table Header for User Events:
Event Type	Trial	Number	Start	Description

UserEvent	1	1	2993886001	# Message: Validation.jpg
Saccade L	1	1	2993928229	2993963628	35399	0.00	0.00	257.40	163.20	9.18	617.80	0.34	259.39	3134.61	-19678.24	9425.53
Saccade R	1	1	2993928229	2993963628	35399	0.00	0.00	257.40	163.20	9.18	617.80	0.34	259.39	3134.61	-19678.24	9425.53
Saccade L	1	2	2993995469	2994074218	78749	309.84	155.69	243.13	167.64	3.62	107.17	0.41	46.02	3938.92	-2389.17	1666.49
Saccade R	1	2	2993995469	2994074218	78749	309.84	155.69	243.13	167.64	3.62	107.17	0.41	46.02	3938.92	-2389.17	1666.49
Saccade L	1	3	2994132231	2994200343	68112	251.32	184.44	452.86	202.50	6.64	367.96	0.29	97.54	9522.15	-9078.57	4188.05
Saccade R	1	3	2994132231	2994200343	68112	251.32	184.44	452.86	202.50	6.64	367.96	0.29	97.54	9522.15	-9078.57	4188.05
Saccade L	1	4	2994200343	2994242339	41996	452.86	202.50	422.72	195.99	1.30	44.87	0.62	30.99	1846.73	-170.87	488.05
Saccade R	1	4	2994200343	2994242339	41996	452.86	202.50	422.72	195.99	1.30	44.87	0.62	30.99	1846.73	-170.87	488.05
Saccade L	1	5	2994260340	2994286336	25996	426.80	145.22	409.53	307.62	3.31	295.19	0.42	127.16	8664.78	-10989.59	6666.10
Saccade R	1	5	2994260340	2994286336	25996	426.80	145.22	409.53	307.62	3.31	295.19	0.42	127.16	8664.78	-10989.59	6666.10
Fixation L	1	1	2994286336	2996013030	1726694	440.26	301.39	51	58	-1	14.24	14.24
Fixation R	1	1	2994286336	2996013030	1726694	440.26	301.39	51	58	-1	15.48	15.48
Saccade L	1	6	2996013030	2996055028	41998	434.97	284.56	676.47	366.52	5.79	287.86	0.39	137.89	12989.70	-12224.90	8706.03
Saccade R	1	6	2996013030	2996055028	41998	434.97	284.56	676.47	366.52	5.79	287.86	0.39	137.89	12989.70	-12224.90	8706.03
Saccade L	1	7	2996061296	2996133146	71850	685.82	366.57	884.33	518.03	7.60	491.01	0.58	105.73	12775.57	-18801.06	6343.50
Saccade R	1	7	2996061296	2996133146	71850	685.82	366.57	884.33	518.03	7.60	491.01	0.58	105.73	12775.57	-18801.06	6343.50
Fixation L	1	2	2996133146	2996203183	70037	898.06	531.18	26	19	-1	14.28	14.28
Fixation R	1	2	2996133146	2996203183	70037	898.06	531.18	26	19	-1	15.31	15.31
Saccade L	1	8	2996203183	2996309164	105981	907.99	535.66	1180.80	850.32	9.57	330.43	0.38	90.32	14090.89	-8861.53	4499.87
Saccade R	1	8	2996203183	2996309164	105981	907.99	535.66	1180.80	850.32	9.57	330.43	0.38	90.32	14090.89	-8861.53	4499.87
Fixation L	1	3	2996309164	2996375260	66096	1189.24	843.59	19	18	-1	14.52	14.52
Fixation R	1	3	2996309164	2996375260	66096	1189.24	843.59	19	18	-1	15.22	15.22
Saccade L	1	9	2996375260	2996445262	70002	1195.26	852.37	1375.52	812.91	5.48	274.83	0.63	78.35	10942.73	-10025.65	4898.49
Saccade R	1	9	2996375260	2996445262	70002	1195.26	852.37	1375.52	812.91	5.48	274.83	0.63	78.35	10942.73	-10025.65	4898.49
Saccade L	1	10	2996473259	2996537257	63998	1396.81	805.57	1267.15	772.31	4.23	215.37	0.28	66.11	8311.44	-7135.54	3577.85
Saccade R	1	10	2996473259	2996537257	63998	1396.81	805.57	1267.15	772.31	4.23	215.37	0.28	66.11	8311.44	-7135.54	3577.85
Fixation L	1	4	2996537257	2997387633	850376	1253.28	796.29	41	47	-1	14.35	14.35
Fixation R	1	4	2996537257	2997387633	850376	1253.28	796.29	41	47	-1	14.99	14.99
Saccade L	1	11	2997387633	2997451769	64136	1236.94	804.83	1265.70	523.03	6.53	291.49	0.31	101.77	12882.54	-10272.91	6319.89
Saccade R	1	11	2997387633	2997451769	64136	1236.94	804.83	1265.70	523.03	6.53	291.49	0.31	101.77	12882.54	-10272.91	6319.89
Fixation L	1	5	2997451769	2997611764	159995	1273.10	493.08	26	58	-1	13.27	13.27
Fixation R	1	5	2997451769	2997611764	159995	1273.10	493.08	26	58	-1	14.18	14.18
Saccade L	1	12	2997611764	2997671841	60077	1280.39	468.57	1284.42	293.90	4.60	228.88	0.67	76.63	8829.01	-9633.08	4714.54
Saccade R	1	12	2997611764	2997671841	60077	1280.39	468.57	1284.42	293.90	4.60	228.88	0.67	76.63	8829.01	-9633.08	4714.54
Fixation L	1	6	2997671841	2998770317	1098476	1270.97	239.13	35	73	-1	13.27	13.27
Fixation R	1	6	2997671841	2998770317	1098476	1270.97	239.13	35	73	-1	14.20	14.20
Saccade L	1	13	2998770317	2998824293	53976	1275.63	234.88	1126.86	279.73	4.18	190.75	0.33	77.49	8517.29	-7510.19	4619.66
Saccade R	1	13	2998770317	2998824293	53976	1275.63	234.88	1126.86	279.73	4.18	190.75	0.33	77.49	8517.29	-7510.19	4619.66
Saccade L	1	14	2998824293	2998882299	58006	1126.86	279.73	968.34	436.88	5.37	282.78	0.60	92.66	10777.51	-11313.51	5958.30
Saccade R	1	14	2998824293	2998882299	58006	1126.86	279.73	968.34	436.88	5.37	282.78	0.60	92.66	10777.51	-11313.51	5958.30
Fixation L	1	7	2998882299	2998938293	55994	939.34	447.84	44	20	-1	13.51	13.51
Fixation R	1	7	2998882299	2998938293	55994	939.34	447.84	44	20	-1	14.29	14.29
Saccade L	1	15	2998938293	2999008625	70332	927.35	450.97	765.24	665.06	6.89	292.52	0.37	97.91	12487.30	-10625.62	5992.45
Saccade R	1	15	2998938293	2999008625	70332	927.35	450.97	765.24	665.06	6.89	292.52	0.37	97.91	12487.30	-10625.62	5992.45
Saccade L	1	16	2999012293	2999056420	44127	764.02	663.55	548.56	706.51	5.17	256.04	0.59	117.12	10870.93	-11391.10	7592.41
Saccade R	1	16	2999012293	2999056420	44127	764.02	663.55	548.56	706.51	5.17	256.04	0.59	117.12	10870.93	-11391.10	7592.41
Fixation L	1	8	2999056420	2999176435	120015	525.42	709.81	38	23	-1	14.07	14.07
Fixation R	1	8	2999056420	2999176435	120015	525.42	709.81	38	23	-1	14.78	14.78
Saccade L	1	17	2999176435	2999226408	49973	520.23	694.20	331.07	828.96	5.10	287.66	0.72	102.11	11575.10	-11969.75	6359.56
Saccade R	1	17	2999176435	2999226408	49973	520.23	694.20	331.07	828.96	5.10	287.66	0.72	102.11	11575.10	-11969.75	6359.56
Fixation L	1	9	2999226408	2999282433	56025	336.34	838.02	13	31	-1	13.94	13.94
Fixation R	1	9	2999226408	2999282433	56025	336.34	838.02	13	31	-1	14.87	14.87
Saccade L	1	18	2999282433	2999347390	64957	333.95	857.13	420.19	813.20	2.76	145.61	0.56	42.47	5223.55	-5500.54	2490.91
Saccade R	1	18	2999282433	2999347390	64957	333.95	857.13	420.19	813.20	2.76	145.61	0.56	42.47	5223.55	-5500.54	2490.91
Fixation L	1	10	2999347390	2999819112	471722	417.80	807.95	25	31	-1	14.05	14.05
Fixation R	1	10	2999347390	2999819112	471722	417.80	807.95	25	31	-1	14.95	14.95
