[BeGaze]
Converted from:	C:\Program Files\SMI\Experiment Suite 360\Experiment Center 2\Results\RC-Attachment-Exp\P29-eye_data.idf
Date:	18.03.2012 20:24:53
Version:	BeGaze 3.0.181
Sample Rate:	500
Subject:	P29
Description:	Run34

Table Header for Fixations:
Event Type	Trial	Number	Start	End	Duration	Location X	Location Y	Dispersion X	Dispersion Y	Plane	Avg. Pupil Size X	Avg. Pupil Size Y

Table Header for Saccades:
Event Type	Trial	Number	Start	End	Duration	Start Loc.X	Start Loc.Y	End Loc.X	End Loc.Y	Amplitude	Peak Speed	Peak Speed At	Average Speed	Peak Accel.	Peak Decel.	Average Accel.

Table Header for Blinks:
Event Type	Trial	Number	Start	End	Duration

Table Header for User Events:
Event Type	Trial	Number	Start	Description

UserEvent	1	1	3501807494	# Message: Questionnaire17.jpg
Fixation L	1	1	3501809778	3501971086	161308	908.27	928.81	23	33	-1	11.41	11.41
Fixation R	1	1	3501809778	3501971086	161308	908.27	928.81	23	33	-1	11.50	11.50
Saccade L	1	1	3501971086	3502060432	89346	900.52	906.00	509.31	423.58	16.46	552.65	0.42	184.25	24139.58	-17992.09	10695.44
Saccade R	1	1	3501971086	3502060432	89346	900.52	906.00	509.31	423.58	16.46	552.65	0.42	184.25	24139.58	-17992.09	10695.44
Fixation L	1	2	3502060432	3502166442	106010	506.79	427.36	9	10	-1	11.11	11.11
Fixation R	1	2	3502060432	3502166442	106010	506.79	427.36	9	10	-1	11.14	11.14
Saccade L	1	2	3502166442	3502192433	25991	502.43	430.66	480.52	373.52	1.56	101.07	0.41	59.83	3875.08	-3650.67	2523.14
Saccade R	1	2	3502166442	3502192433	25991	502.43	430.66	480.52	373.52	1.56	101.07	0.41	59.83	3875.08	-3650.67	2523.14
Fixation L	1	3	3502192433	3502448686	256253	468.12	360.93	36	39	-1	10.93	10.93
Fixation R	1	3	3502192433	3502448686	256253	468.12	360.93	36	39	-1	11.08	11.08
Saccade L	1	3	3502448686	3502478664	29978	467.77	357.38	672.79	345.76	4.42	291.59	0.53	147.52	12230.96	-12440.22	9103.31
Saccade R	1	3	3502448686	3502478664	29978	467.77	357.38	672.79	345.76	4.42	291.59	0.53	147.52	12230.96	-12440.22	9103.31
Fixation L	1	4	3502478664	3502818829	340165	692.77	351.30	43	16	-1	10.93	10.93
Fixation R	1	4	3502478664	3502818829	340165	692.77	351.30	43	16	-1	11.32	11.32
Saccade L	1	4	3502818829	3502881541	62712	703.48	355.79	778.28	382.93	4.66	243.22	0.19	74.31	9158.71	-6831.97	3313.54
Saccade R	1	4	3502818829	3502881541	62712	703.48	355.79	778.28	382.93	4.66	243.22	0.19	74.31	9158.71	-6831.97	3313.54
Saccade L	1	5	3502922775	3502954774	31999	769.13	408.17	859.60	342.96	2.60	137.91	0.64	81.37	5929.54	-5853.80	4398.87
Saccade R	1	5	3502922775	3502954774	31999	769.13	408.17	859.60	342.96	2.60	137.91	0.64	81.37	5929.54	-5853.80	4398.87
Fixation L	1	5	3502954774	3503042404	87630	858.92	353.90	8	29	-1	11.17	11.17
Fixation R	1	5	3502954774	3503042404	87630	858.92	353.90	8	29	-1	11.60	11.60
Saccade L	1	6	3503042404	3503119904	77500	858.74	361.13	370.42	449.02	14.88	546.57	0.31	191.97	24037.16	-20701.38	11819.00
Saccade R	1	6	3503042404	3503119904	77500	858.74	361.13	370.42	449.02	14.88	546.57	0.31	191.97	24037.16	-20701.38	11819.00
Fixation L	1	6	3503119904	3503392989	273085	364.05	458.61	21	41	-1	11.74	11.74
Fixation R	1	6	3503119904	3503392989	273085	364.05	458.61	21	41	-1	11.67	11.67
Fixation L	1	7	3503416101	3504289777	873676	353.97	468.26	44	38	-1	11.65	11.65
Fixation R	1	7	3503416101	3504289777	873676	353.97	468.26	44	38	-1	11.79	11.79
UserEvent	1	58	3504038991	# Message: UE-mouseclick left x=366 y=439
Saccade L	1	7	3504289777	3504363543	73766	351.20	456.34	382.29	539.69	3.39	87.45	0.82	45.91	2722.18	-3600.55	2041.72
Saccade R	1	7	3504289777	3504363543	73766	351.20	456.34	382.29	539.69	3.39	87.45	0.82	45.91	2722.18	-3600.55	2041.72
Fixation L	1	8	3504363543	3504595559	232016	388.65	543.81	19	27	-1	11.86	11.86
Fixation R	1	8	3504363543	3504595559	232016	388.65	543.81	19	27	-1	12.06	12.06
Saccade L	1	8	3504595559	3504629632	34073	381.44	540.46	405.23	410.28	2.91	177.04	0.47	85.47	7416.77	-7269.51	5209.48
Saccade R	1	8	3504595559	3504629632	34073	381.44	540.46	405.23	410.28	2.91	177.04	0.47	85.47	7416.77	-7269.51	5209.48
Fixation L	1	9	3504629632	3504776204	146572	396.73	397.84	25	22	-1	11.90	11.90
Fixation R	1	9	3504629632	3504776204	146572	396.73	397.84	25	22	-1	11.98	11.98
UserEvent	1	74	3504678924	# Message: UE-mouseclick left x=409 y=525
