[BeGaze]
Converted from:	C:\Program Files\SMI\Experiment Suite 360\Experiment Center 2\Results\RC-Attachment-Exp\P30-eye_data.idf
Date:	18.03.2012 20:25:36
Version:	BeGaze 3.0.181
Sample Rate:	500
Subject:	P30
Description:	Run35

Table Header for Fixations:
Event Type	Trial	Number	Start	End	Duration	Location X	Location Y	Dispersion X	Dispersion Y	Plane	Avg. Pupil Size X	Avg. Pupil Size Y

Table Header for Saccades:
Event Type	Trial	Number	Start	End	Duration	Start Loc.X	Start Loc.Y	End Loc.X	End Loc.Y	Amplitude	Peak Speed	Peak Speed At	Average Speed	Peak Accel.	Peak Decel.	Average Accel.

Table Header for Blinks:
Event Type	Trial	Number	Start	End	Duration

Table Header for User Events:
Event Type	Trial	Number	Start	Description

UserEvent	1	1	3982499311	# Message: RC-N1forced-anim-2.jpg
Fixation L	1	1	3982499430	3983149749	650319	497.28	444.66	20	30	-1	13.91	13.91
Fixation R	1	1	3982499430	3983149749	650319	497.28	444.66	20	30	-1	13.14	13.14
Saccade L	1	1	3983149749	3983177745	27996	492.10	454.71	560.33	457.13	1.48	93.74	0.45	52.93	3131.87	-3474.52	2394.69
Saccade R	1	1	3983149749	3983177745	27996	492.10	454.71	560.33	457.13	1.48	93.74	0.45	52.93	3131.87	-3474.52	2394.69
Fixation L	1	2	3983177745	3983489867	312122	561.02	436.64	19	50	-1	14.01	14.01
Fixation R	1	2	3983177745	3983489867	312122	561.02	436.64	19	50	-1	13.27	13.27
Fixation L	1	3	3983509883	3983835980	326097	602.57	437.24	24	25	-1	13.86	13.86
Fixation R	1	3	3983509883	3983835980	326097	602.57	437.24	24	25	-1	13.22	13.22
Saccade L	1	2	3983835980	3984014110	178130	602.18	436.11	510.97	453.65	54.36	1544.78	0.24	305.17	38850.96	-31679.44	10340.77
Saccade R	1	2	3983835980	3984014110	178130	602.18	436.11	510.97	453.65	54.36	1544.78	0.24	305.17	38850.96	-31679.44	10340.77
Fixation L	1	4	3984014110	3984184224	170114	520.47	461.04	24	19	-1	13.96	13.96
Fixation R	1	4	3984014110	3984184224	170114	520.47	461.04	24	19	-1	13.25	13.25
Saccade L	1	3	3984184224	3984214227	30003	518.90	449.90	614.72	456.23	2.12	132.73	0.47	70.79	4836.19	-4856.33	3568.09
Saccade R	1	3	3984184224	3984214227	30003	518.90	449.90	614.72	456.23	2.12	132.73	0.47	70.79	4836.19	-4856.33	3568.09
Fixation L	1	5	3984214227	3984430359	216132	612.56	455.15	20	25	-1	14.33	14.33
Fixation R	1	5	3984214227	3984430359	216132	612.56	455.15	20	25	-1	13.68	13.68
Saccade L	1	4	3984430359	3984456357	25998	612.29	460.12	534.21	457.91	1.63	112.81	0.54	62.77	4583.13	-4667.11	3322.30
Saccade R	1	4	3984430359	3984456357	25998	612.29	460.12	534.21	457.91	1.63	112.81	0.54	62.77	4583.13	-4667.11	3322.30
Fixation L	1	6	3984456357	3984700473	244116	542.70	456.34	16	24	-1	13.94	13.94
Fixation R	1	6	3984456357	3984700473	244116	542.70	456.34	16	24	-1	13.31	13.31
Saccade L	1	5	3984700473	3984724759	24286	533.82	441.87	616.04	446.78	1.75	129.14	0.49	71.99	5216.65	-5134.55	3669.16
Saccade R	1	5	3984700473	3984724759	24286	533.82	441.87	616.04	446.78	1.75	129.14	0.49	71.99	5216.65	-5134.55	3669.16
Fixation L	1	7	3984724759	3984969257	244498	618.06	449.10	24	24	-1	14.02	14.02
Fixation R	1	7	3984724759	3984969257	244498	618.06	449.10	24	24	-1	13.31	13.31
Saccade L	1	6	3984969257	3984998628	29371	617.08	441.12	717.25	446.25	2.13	136.19	0.46	72.69	5786.17	-5683.36	4200.36
Saccade R	1	6	3984969257	3984998628	29371	617.08	441.12	717.25	446.25	2.13	136.19	0.46	72.69	5786.17	-5683.36	4200.36
Fixation L	1	8	3984998628	3985270706	272078	724.16	432.48	16	26	-1	14.06	14.06
Fixation R	1	8	3984998628	3985270706	272078	724.16	432.48	16	26	-1	13.52	13.52
Saccade L	1	7	3985270706	3985300709	30003	725.53	426.74	849.63	431.02	2.78	175.95	0.47	92.59	7500.64	-6713.32	5233.64
Saccade R	1	7	3985270706	3985300709	30003	725.53	426.74	849.63	431.02	2.78	175.95	0.47	92.59	7500.64	-6713.32	5233.64
Fixation L	1	9	3985300709	3985582824	282115	843.60	443.49	25	26	-1	14.12	14.12
Fixation R	1	9	3985300709	3985582824	282115	843.60	443.49	25	26	-1	13.58	13.58
Saccade L	1	8	3985582824	3985614946	32122	829.81	446.67	938.49	442.83	2.52	142.54	0.37	78.46	6055.69	-5952.96	4384.63
Saccade R	1	8	3985582824	3985614946	32122	829.81	446.67	938.49	442.83	2.52	142.54	0.37	78.46	6055.69	-5952.96	4384.63
Fixation L	1	10	3985614946	3985844961	230015	942.79	428.10	11	42	-1	14.00	14.00
Fixation R	1	10	3985614946	3985844961	230015	942.79	428.10	11	42	-1	13.46	13.46
Saccade L	1	9	3985844961	3985874945	29984	943.73	409.61	888.77	433.68	1.37	74.10	0.40	45.55	3099.72	-2927.28	2114.38
Saccade R	1	9	3985844961	3985874945	29984	943.73	409.61	888.77	433.68	1.37	74.10	0.40	45.55	3099.72	-2927.28	2114.38
Fixation L	1	11	3985874945	3986038060	163115	891.17	435.45	23	33	-1	13.71	13.71
Fixation R	1	11	3985874945	3986038060	163115	891.17	435.45	23	33	-1	13.35	13.35
Saccade L	1	10	3986038060	3986073066	35006	880.28	435.02	1007.48	413.37	2.85	150.75	0.48	81.50	6598.39	-6047.28	4701.38
Saccade R	1	10	3986038060	3986073066	35006	880.28	435.02	1007.48	413.37	2.85	150.75	0.48	81.50	6598.39	-6047.28	4701.38
Fixation L	1	12	3986073066	3986387192	314126	1004.35	429.42	14	40	-1	13.69	13.69
Fixation R	1	12	3986073066	3986387192	314126	1004.35	429.42	14	40	-1	13.36	13.36
Saccade L	1	11	3986387192	3986417346	30154	1007.92	446.95	1142.58	440.05	2.88	178.45	0.46	95.48	7707.77	-7684.00	5641.20
Saccade R	1	11	3986387192	3986417346	30154	1007.92	446.95	1142.58	440.05	2.88	178.45	0.46	95.48	7707.77	-7684.00	5641.20
Fixation L	1	13	3986417346	3986761686	344340	1140.48	437.50	19	30	-1	13.96	13.96
Fixation R	1	13	3986417346	3986761686	344340	1140.48	437.50	19	30	-1	13.68	13.68
Saccade L	1	12	3986761686	3986871428	109742	1144.80	440.34	922.98	979.27	14.44	240.47	0.22	131.55	9928.37	-8480.38	4668.77
Saccade R	1	12	3986761686	3986871428	109742	1144.80	440.34	922.98	979.27	14.44	240.47	0.22	131.55	9928.37	-8480.38	4668.77
Fixation L	1	14	3986871428	3987343673	472245	908.42	966.35	35	63	-1	14.14	14.14
Fixation R	1	14	3986871428	3987343673	472245	908.42	966.35	35	63	-1	13.98	13.98
