[BeGaze]
Converted from:	C:\Program Files\SMI\Experiment Suite 360\Experiment Center 2\Results\RC-Attachment-Exp\P05-eye_data.idf
Date:	18.03.2012 20:05:36
Version:	BeGaze 3.0.181
Sample Rate:	500
Subject:	P05
Description:	Kibrisli

Table Header for Fixations:
Event Type	Trial	Number	Start	End	Duration	Location X	Location Y	Dispersion X	Dispersion Y	Plane	Avg. Pupil Size X	Avg. Pupil Size Y

Table Header for Saccades:
Event Type	Trial	Number	Start	End	Duration	Start Loc.X	Start Loc.Y	End Loc.X	End Loc.Y	Amplitude	Peak Speed	Peak Speed At	Average Speed	Peak Accel.	Peak Decel.	Average Accel.

Table Header for Blinks:
Event Type	Trial	Number	Start	End	Duration

Table Header for User Events:
Event Type	Trial	Number	Start	Description

UserEvent	1	1	5895651936	# Message: Questionnaire4.jpg
Fixation L	1	1	5895679522	5896022417	342895	871.20	921.01	29	22	-1	14.35	14.35
Fixation R	1	1	5895679522	5896022417	342895	871.20	921.01	29	22	-1	15.26	15.26
Saccade L	1	1	5896022417	5896090386	67969	862.28	916.85	459.99	470.71	13.92	416.88	0.26	204.76	18544.22	-9209.80	8954.75
Saccade R	1	1	5896022417	5896090386	67969	862.28	916.85	459.99	470.71	13.92	416.88	0.26	204.76	18544.22	-9209.80	8954.75
Fixation L	1	2	5896090386	5896190432	100046	461.54	461.78	20	22	-1	14.22	14.22
Fixation R	1	2	5896090386	5896190432	100046	461.54	461.78	20	22	-1	14.95	14.95
Saccade L	1	2	5896190432	5896218384	27952	457.17	449.73	415.16	380.49	1.81	120.76	0.50	64.77	4643.73	-4401.85	3256.49
Saccade R	1	2	5896190432	5896218384	27952	457.17	449.73	415.16	380.49	1.81	120.76	0.50	64.77	4643.73	-4401.85	3256.49
Fixation L	1	3	5896218384	5896382505	164121	420.64	380.09	13	20	-1	14.17	14.17
Fixation R	1	3	5896218384	5896382505	164121	420.64	380.09	13	20	-1	15.09	15.09
Saccade L	1	3	5896382505	5896426499	43994	423.13	384.96	640.41	399.08	5.07	240.42	0.45	115.23	10159.48	-9357.18	6941.90
Saccade R	1	3	5896382505	5896426499	43994	423.13	384.96	640.41	399.08	5.07	240.42	0.45	115.23	10159.48	-9357.18	6941.90
Fixation L	1	4	5896426499	5896574674	148175	644.98	398.53	18	25	-1	14.52	14.52
Fixation R	1	4	5896426499	5896574674	148175	644.98	398.53	18	25	-1	15.62	15.62
Saccade L	1	4	5896574674	5896608656	33982	640.20	414.74	746.62	402.69	2.37	143.08	0.41	69.89	5949.00	-5473.99	4038.93
Saccade R	1	4	5896574674	5896608656	33982	640.20	414.74	746.62	402.69	2.37	143.08	0.41	69.89	5949.00	-5473.99	4038.93
Fixation L	1	5	5896608656	5896774618	165962	757.69	415.55	37	26	-1	15.42	15.42
Fixation R	1	5	5896608656	5896774618	165962	757.69	415.55	37	26	-1	16.34	16.34
Saccade L	1	5	5896774618	5896806826	32208	762.06	422.00	857.70	431.82	2.07	121.15	0.43	64.33	5135.57	-4963.65	3673.74
Saccade R	1	5	5896774618	5896806826	32208	762.06	422.00	857.70	431.82	2.07	121.15	0.43	64.33	5135.57	-4963.65	3673.74
Fixation L	1	6	5896806826	5896952737	145911	853.56	429.35	15	12	-1	16.07	16.07
Fixation R	1	6	5896806826	5896952737	145911	853.56	429.35	15	12	-1	16.76	16.76
Saccade L	1	6	5896952737	5896978741	26004	851.74	430.35	988.17	438.22	2.83	199.17	0.48	108.99	8392.17	-7533.29	5815.84
Saccade R	1	6	5896952737	5896978741	26004	851.74	430.35	988.17	438.22	2.83	199.17	0.48	108.99	8392.17	-7533.29	5815.84
Fixation L	1	7	5896978741	5897172907	194166	974.94	427.91	22	16	-1	16.37	16.37
Fixation R	1	7	5896978741	5897172907	194166	974.94	427.91	22	16	-1	16.98	16.98
Blink L	1	1	5897172907	5897231158	58251
Blink R	1	1	5897172907	5897231158	58251
Saccade L	1	7	5897252860	5897330861	78001	0.00	0.00	938.46	399.08	43.92	2368.56	0.36	563.08	66592.72	-68215.29	29196.52
Saccade R	1	7	5897252860	5897330861	78001	0.00	0.00	938.46	399.08	43.92	2368.56	0.36	563.08	66592.72	-68215.29	29196.52
Saccade L	1	8	5897330861	5897393940	63079	938.46	399.08	1047.17	463.62	3.01	95.97	0.51	47.78	6825.92	-2249.30	1671.18
Saccade R	1	8	5897330861	5897393940	63079	938.46	399.08	1047.17	463.62	3.01	95.97	0.51	47.78	6825.92	-2249.30	1671.18
Fixation L	1	8	5897435651	5897544985	109334	1062.34	455.20	34	30	-1	16.09	16.09
Fixation R	1	8	5897435651	5897544985	109334	1062.34	455.20	34	30	-1	16.73	16.73
Blink L	1	2	5897544985	5897579381	34396
Blink R	1	2	5897544985	5897579381	34396
Saccade L	1	9	5897588981	5897623156	34175	1068.37	441.93	849.06	443.19	4.86	267.98	0.45	142.31	11667.42	-11064.41	7995.84
Saccade R	1	9	5897588981	5897623156	34175	1068.37	441.93	849.06	443.19	4.86	267.98	0.45	142.31	11667.42	-11064.41	7995.84
Fixation L	1	9	5897623156	5897723428	100272	843.24	441.38	25	8	-1	16.24	16.24
Fixation R	1	9	5897623156	5897723428	100272	843.24	441.38	25	8	-1	16.90	16.90
Fixation L	1	10	5897753103	5897865101	111998	839.63	437.08	10	10	-1	16.29	16.29
Fixation R	1	10	5897753103	5897865101	111998	839.63	437.08	10	10	-1	17.05	17.05
Saccade L	1	10	5897865101	5897911096	45995	840.69	440.00	461.58	519.85	9.17	351.88	0.48	199.34	15841.84	-13918.54	10942.63
Saccade R	1	10	5897865101	5897911096	45995	840.69	440.00	461.58	519.85	9.17	351.88	0.48	199.34	15841.84	-13918.54	10942.63
Blink L	1	3	5897935226	5897967230	32004
Blink R	1	3	5897935226	5897967230	32004
Fixation L	1	11	5897967230	5898109237	142007	453.35	514.96	17	22	-1	16.40	16.40
Fixation R	1	11	5897967230	5898109237	142007	453.35	514.96	17	22	-1	17.11	17.11
Blink L	1	4	5898109237	5898185351	76114
Blink R	1	4	5898109237	5898185351	76114
Fixation L	1	12	5898185351	5898439343	253992	419.04	529.07	12	25	-1	16.62	16.62
Fixation R	1	12	5898185351	5898439343	253992	419.04	529.07	12	25	-1	17.44	17.44
Fixation L	1	13	5898461463	5899367897	906434	394.40	525.59	37	47	-1	16.61	16.61
Fixation R	1	13	5898461463	5899367897	906434	394.40	525.59	37	47	-1	17.44	17.44
UserEvent	1	86	5899047215	# Message: UE-mouseclick left x=361 y=512
Blink L	1	5	5899394065	5899625959	231894
Blink R	1	5	5899394065	5899625959	231894
Fixation L	1	14	5899625959	5899760790	134831	424.32	545.93	8	12	-1	16.82	16.82
Fixation R	1	14	5899625959	5899760790	134831	424.32	545.93	8	12	-1	17.48	17.48
Blink L	1	6	5899760790	5899812071	51281
Blink R	1	6	5899760790	5899812071	51281
Saccade L	1	11	5899822071	5899870100	48029	392.64	534.78	430.65	583.24	1.58	49.72	0.50	32.81	448.69	-1273.90	605.08
Saccade R	1	11	5899822071	5899870100	48029	392.64	534.78	430.65	583.24	1.58	49.72	0.50	32.81	448.69	-1273.90	605.08
Saccade L	1	12	5899912138	5899938066	25928	433.87	580.50	380.14	546.31	1.25	74.04	0.47	48.08	3226.54	-1394.64	1587.94
Saccade R	1	12	5899912138	5899938066	25928	433.87	580.50	380.14	546.31	1.25	74.04	0.47	48.08	3226.54	-1394.64	1587.94
Blink L	1	7	5900020068	5900081564	61496
Blink R	1	7	5900020068	5900081564	61496
Blink L	1	8	5900081564	5900162247	80683
Blink R	1	8	5900081564	5900162247	80683
Fixation L	1	15	5900162247	5900252183	89936	0.00	0.00	0	0	-1	0.00	0.00
Fixation R	1	15	5900162247	5900252183	89936	0.00	0.00	0	0	-1	0.00	0.00
Blink L	1	9	5900252183	5900422307	170124
Blink R	1	9	5900252183	5900422307	170124
Saccade L	1	13	5900422307	5900450302	27995	333.74	552.46	429.33	599.57	2.48	187.25	0.53	88.47	-993.53	-39543.68	11741.48
Saccade R	1	13	5900422307	5900450302	27995	333.74	552.46	429.33	599.57	2.48	187.25	0.53	88.47	-993.53	-39543.68	11741.48
Fixation L	1	16	5900450302	5900689126	238824	404.42	583.64	36	33	-1	16.40	16.40
Fixation R	1	16	5900450302	5900689126	238824	404.42	583.64	36	33	-1	17.22	17.22
UserEvent	1	126	5900631539	# Message: UE-mouseclick left x=403 y=572
Blink L	1	10	5900689126	5900722839	33713
Blink R	1	10	5900689126	5900722839	33713
Fixation L	1	17	5900722839	5900774426	51587	418.43	582.47	16	18	-1	16.23	16.23
Fixation R	1	17	5900722839	5900774426	51587	418.43	582.47	16	18	-1	17.06	17.06
