[BeGaze]
Converted from:	C:\Program Files\SMI\Experiment Suite 360\Experiment Center 2\Results\RC-Attachment-Exp\P28-eye_data.idf
Date:	18.03.2012 20:23:17
Version:	BeGaze 3.0.181
Sample Rate:	500
Subject:	P28
Description:	Run33

Table Header for Fixations:
Event Type	Trial	Number	Start	End	Duration	Location X	Location Y	Dispersion X	Dispersion Y	Plane	Avg. Pupil Size X	Avg. Pupil Size Y

Table Header for Saccades:
Event Type	Trial	Number	Start	End	Duration	Start Loc.X	Start Loc.Y	End Loc.X	End Loc.Y	Amplitude	Peak Speed	Peak Speed At	Average Speed	Peak Accel.	Peak Decel.	Average Accel.

Table Header for Blinks:
Event Type	Trial	Number	Start	End	Duration

Table Header for User Events:
Event Type	Trial	Number	Start	Description

UserEvent	1	1	14199695890	# Message: Dist-orcop-9.jpg
Fixation L	1	1	14199699150	14200201618	502468	456.53	407.74	56	62	-1	13.12	13.12
Fixation R	1	1	14199699150	14200201618	502468	456.53	407.74	56	62	-1	12.98	12.98
Fixation L	1	2	14200258695	14200321594	62899	466.20	417.60	30	20	-1	12.81	12.81
Fixation R	1	2	14200258695	14200321594	62899	466.20	417.60	30	20	-1	12.73	12.73
Saccade L	1	1	14200321594	14200361717	40123	448.54	426.97	552.96	418.22	2.26	122.19	0.70	56.42	3608.69	-4913.31	2597.63
Saccade R	1	1	14200321594	14200361717	40123	448.54	426.97	552.96	418.22	2.26	122.19	0.70	56.42	3608.69	-4913.31	2597.63
Fixation L	1	3	14200361717	14200541754	180037	555.04	427.44	20	26	-1	12.77	12.77
Fixation R	1	3	14200361717	14200541754	180037	555.04	427.44	20	26	-1	12.64	12.64
Saccade L	1	2	14200541754	14200587729	45975	568.09	433.87	653.14	450.91	2.34	117.40	0.35	50.95	4655.69	-3764.84	2670.98
Saccade R	1	2	14200541754	14200587729	45975	568.09	433.87	653.14	450.91	2.34	117.40	0.35	50.95	4655.69	-3764.84	2670.98
Fixation L	1	4	14200587729	14200795825	208096	659.69	456.26	18	15	-1	12.88	12.88
Fixation R	1	4	14200587729	14200795825	208096	659.69	456.26	18	15	-1	12.77	12.77
Saccade L	1	3	14200795825	14200843851	48026	658.48	454.67	777.50	473.65	2.71	119.92	0.25	56.40	4739.42	-3392.64	2520.88
Saccade R	1	3	14200795825	14200843851	48026	658.48	454.67	777.50	473.65	2.71	119.92	0.25	56.40	4739.42	-3392.64	2520.88
Fixation L	1	5	14200843851	14201095967	252116	769.14	467.29	36	48	-1	12.98	12.98
Fixation R	1	5	14200843851	14201095967	252116	769.14	467.29	36	48	-1	12.79	12.79
Saccade L	1	4	14201095967	14201134085	38118	770.90	495.31	853.55	475.03	2.22	143.66	0.42	58.20	5389.56	-4981.31	3155.89
Saccade R	1	4	14201095967	14201134085	38118	770.90	495.31	853.55	475.03	2.22	143.66	0.42	58.20	5389.56	-4981.31	3155.89
Saccade L	1	5	14201134085	14201166179	32094	853.55	475.03	890.84	475.75	0.90	44.09	0.50	28.09	852.88	-1509.70	852.59
Saccade R	1	5	14201134085	14201166179	32094	853.55	475.03	890.84	475.75	0.90	44.09	0.50	28.09	852.88	-1509.70	852.59
Fixation L	1	6	14201166179	14201314064	147885	883.21	461.29	24	36	-1	13.04	13.04
Fixation R	1	6	14201166179	14201314064	147885	883.21	461.29	24	36	-1	12.95	12.95
Saccade L	1	6	14201314064	14201358059	43995	873.39	462.81	1001.30	435.64	2.98	129.52	0.55	67.69	5302.85	-5273.26	3820.35
Saccade R	1	6	14201314064	14201358059	43995	873.39	462.81	1001.30	435.64	2.98	129.52	0.55	67.69	5302.85	-5273.26	3820.35
Fixation L	1	7	14201358059	14201426182	68123	999.75	430.64	17	26	-1	12.88	12.88
Fixation R	1	7	14201358059	14201426182	68123	999.75	430.64	17	26	-1	12.90	12.90
Fixation L	1	8	14201472183	14201618182	145999	1007.39	441.23	25	7	-1	12.83	12.83
Fixation R	1	8	14201472183	14201618182	145999	1007.39	441.23	25	7	-1	12.65	12.65
Saccade L	1	7	14201618182	14201666192	48010	1011.12	445.68	1108.32	440.05	2.13	109.24	0.29	44.46	4391.40	-3539.50	2203.65
Saccade R	1	7	14201618182	14201666192	48010	1011.12	445.68	1108.32	440.05	2.13	109.24	0.29	44.46	4391.40	-3539.50	2203.65
Fixation L	1	9	14201666192	14201912296	246104	1092.81	426.49	32	25	-1	12.87	12.87
Fixation R	1	9	14201666192	14201912296	246104	1092.81	426.49	32	25	-1	12.80	12.80
Blink L	1	1	14201918292	14202309931	391639
Blink R	1	1	14201918292	14202309931	391639
Saccade L	1	8	14202358528	14202396657	38129	900.45	962.44	895.11	999.37	1.07	42.97	0.64	28.19	1227.56	-1564.12	984.18
Saccade R	1	8	14202358528	14202396657	38129	900.45	962.44	895.11	999.37	1.07	42.97	0.64	28.19	1227.56	-1564.12	984.18
Fixation L	1	10	14202396657	14202512957	116300	898.07	969.83	21	52	-1	13.90	13.90
Fixation R	1	10	14202396657	14202512957	116300	898.07	969.83	21	52	-1	13.83	13.83
Saccade L	1	9	14202512957	14202570642	57685	905.66	956.78	902.32	1011.30	1.85	50.16	0.42	32.14	1655.65	-1109.24	998.46
Saccade R	1	9	14202512957	14202570642	57685	905.66	956.78	902.32	1011.30	1.85	50.16	0.42	32.14	1655.65	-1109.24	998.46
Saccade L	1	10	14202610649	14202638655	28006	889.73	997.15	908.01	967.79	0.90	41.80	0.36	32.03	1238.73	-704.04	581.11
Saccade R	1	10	14202610649	14202638655	28006	889.73	997.15	908.01	967.79	0.90	41.80	0.36	32.03	1238.73	-704.04	581.11
