[BeGaze]
Converted from:	C:\Program Files\SMI\Experiment Suite 360\Experiment Center 2\Results\RC-Attachment-Exp\P01-eye_data.idf
Date:	24.02.2012 09:57:14
Version:	BeGaze 3.0.181
Sample Rate:	500
Subject:	P01
Description:	Run1

Table Header for Fixations:
Event Type	Trial	Number	Start	End	Duration	Location X	Location Y	Dispersion X	Dispersion Y	Plane	Avg. Pupil Size X	Avg. Pupil Size Y

Table Header for Saccades:
Event Type	Trial	Number	Start	End	Duration	Start Loc.X	Start Loc.Y	End Loc.X	End Loc.Y	Amplitude	Peak Speed	Peak Speed At	Average Speed	Peak Accel.	Peak Decel.	Average Accel.

Table Header for Blinks:
Event Type	Trial	Number	Start	End	Duration

Table Header for User Events:
Event Type	Trial	Number	Start	Description

UserEvent	1	1	1921152749	# Message: Dist-orcop-3.jpg
Blink L	1	1	1921174154	1921315004	140850
Blink R	1	1	1921174154	1921315004	140850
Fixation L	1	1	1921315004	1921506381	191377	525.23	512.89	27	30	-1	12.95	12.95
Fixation R	1	1	1921315004	1921506381	191377	525.23	512.89	27	30	-1	12.90	12.90
Blink L	1	2	1921506381	1921538732	32351
Blink R	1	2	1921506381	1921538732	32351
Saccade L	1	1	1921584386	1921624407	40021	520.60	494.07	600.52	478.36	6.60	322.82	0.60	164.85	11993.87	-12329.54	8940.07
Saccade R	1	1	1921584386	1921624407	40021	520.60	494.07	600.52	478.36	6.60	322.82	0.60	164.85	11993.87	-12329.54	8940.07
Fixation L	1	2	1921650380	1921800372	149992	597.57	501.82	32	28	-1	12.58	12.58
Fixation R	1	2	1921650380	1921800372	149992	597.57	501.82	32	28	-1	12.49	12.49
Saccade L	1	2	1921800372	1921827497	27125	582.45	515.51	673.57	512.49	2.02	141.53	0.52	74.54	5741.90	-5632.38	4021.89
Saccade R	1	2	1921800372	1921827497	27125	582.45	515.51	673.57	512.49	2.02	141.53	0.52	74.54	5741.90	-5632.38	4021.89
Fixation L	1	3	1921827497	1921990489	162992	668.69	503.23	23	46	-1	12.57	12.57
Fixation R	1	3	1921827497	1921990489	162992	668.69	503.23	23	46	-1	12.43	12.43
Saccade L	1	3	1921990489	1922020040	29551	673.11	475.64	669.38	518.56	0.91	43.85	0.41	30.72	1554.48	-1545.96	1140.68
Saccade R	1	3	1921990489	1922020040	29551	673.11	475.64	669.38	518.56	0.91	43.85	0.41	30.72	1554.48	-1545.96	1140.68
Fixation L	1	4	1922020040	1922218607	198567	660.80	504.48	25	31	-1	12.56	12.56
Fixation R	1	4	1922020040	1922218607	198567	660.80	504.48	25	31	-1	12.38	12.38
Saccade L	1	4	1922218607	1922244605	25998	658.25	503.65	744.66	514.75	1.81	131.69	0.41	69.58	5022.65	-5016.55	3547.83
Saccade R	1	4	1922218607	1922244605	25998	658.25	503.65	744.66	514.75	1.81	131.69	0.41	69.58	5022.65	-5016.55	3547.83
Blink L	1	3	1922276607	1922336766	60159
Blink R	1	3	1922276607	1922336766	60159
Blink L	1	4	1922342723	1922372721	29998
Blink R	1	4	1922342723	1922372721	29998
Saccade L	1	5	1922390722	1922450715	59993	0.00	0.00	741.86	512.65	34.32	1562.73	0.20	571.98	63538.21	-33017.42	26341.49
Saccade R	1	5	1922390722	1922450715	59993	0.00	0.00	741.86	512.65	34.32	1562.73	0.20	571.98	63538.21	-33017.42	26341.49
Fixation L	1	5	1922450715	1922520718	70003	734.59	502.09	15	19	-1	12.28	12.28
Fixation R	1	5	1922450715	1922520718	70003	734.59	502.09	15	19	-1	12.17	12.17
Saccade L	1	6	1922542769	1922574843	32074	774.67	507.40	812.30	471.63	1.78	114.48	0.68	55.56	3147.61	-3475.24	1742.44
Saccade R	1	6	1922542769	1922574843	32074	774.67	507.40	812.30	471.63	1.78	114.48	0.68	55.56	3147.61	-3475.24	1742.44
Saccade L	1	7	1922588848	1922630842	41994	805.33	469.19	750.12	427.49	1.58	49.68	0.67	37.74	1398.40	-482.71	870.91
Saccade R	1	7	1922588848	1922630842	41994	805.33	469.19	750.12	427.49	1.58	49.68	0.67	37.74	1398.40	-482.71	870.91
Fixation L	1	6	1922650833	1922734835	84002	795.27	424.61	27	40	-1	12.11	12.11
Fixation R	1	6	1922650833	1922734835	84002	795.27	424.61	27	40	-1	12.03	12.03
Saccade L	1	8	1922772974	1922800877	27903	813.60	454.87	861.69	459.93	1.08	61.03	0.51	38.76	2224.00	-2399.36	1627.13
Saccade R	1	8	1922772974	1922800877	27903	813.60	454.87	861.69	459.93	1.08	61.03	0.51	38.76	2224.00	-2399.36	1627.13
Fixation L	1	7	1922800877	1922980647	179770	862.46	457.32	14	33	-1	11.84	11.84
Fixation R	1	7	1922800877	1922980647	179770	862.46	457.32	14	33	-1	11.82	11.82
Saccade L	1	9	1922980647	1923034947	54300	867.53	479.85	949.62	503.94	47.46	1913.42	0.23	874.13	71913.88	-59124.77	30156.81
Saccade R	1	9	1922980647	1923034947	54300	867.53	479.85	949.62	503.94	47.46	1913.42	0.23	874.13	71913.88	-59124.77	30156.81
Fixation L	1	8	1923034947	1923267367	232420	950.86	490.28	10	24	-1	11.76	11.76
Fixation R	1	8	1923034947	1923267367	232420	950.86	490.28	10	24	-1	11.52	11.52
Saccade L	1	10	1923267367	1923317069	49702	950.00	480.56	1084.19	487.10	3.13	159.01	0.28	63.07	6163.99	-5102.34	2926.80
Saccade R	1	10	1923267367	1923317069	49702	950.00	480.56	1084.19	487.10	3.13	159.01	0.28	63.07	6163.99	-5102.34	2926.80
Saccade L	1	11	1923323072	1923367068	43996	1092.18	484.82	1066.30	500.05	1.30	42.68	0.73	29.59	432.68	-1236.09	475.91
Saccade R	1	11	1923323072	1923367068	43996	1092.18	484.82	1066.30	500.05	1.30	42.68	0.73	29.59	432.68	-1236.09	475.91
Blink L	1	5	1923385201	1923555148	169947
Blink R	1	5	1923385201	1923555148	169947
Fixation L	1	9	1923555148	1923693299	138151	1064.26	467.91	24	40	-1	11.43	11.43
Fixation R	1	9	1923555148	1923693299	138151	1064.26	467.91	24	40	-1	11.23	11.23
Saccade L	1	12	1923693299	1923721300	28001	1063.08	470.83	961.34	433.85	2.59	203.10	0.50	92.65	7187.50	-7411.69	5212.13
Saccade R	1	12	1923693299	1923721300	28001	1063.08	470.83	961.34	433.85	2.59	203.10	0.50	92.65	7187.50	-7411.69	5212.13
Saccade L	1	13	1923735300	1923769514	34214	963.34	436.08	1067.83	478.14	2.75	187.79	0.41	80.41	7016.37	-6661.74	4666.38
Saccade R	1	13	1923735300	1923769514	34214	963.34	436.08	1067.83	478.14	2.75	187.79	0.41	80.41	7016.37	-6661.74	4666.38
Saccade L	1	14	1923783762	1923807297	23535	1072.06	478.48	1102.27	496.64	0.73	45.31	0.41	30.96	1455.77	-1750.20	1125.84
Saccade R	1	14	1923783762	1923807297	23535	1072.06	478.48	1102.27	496.64	0.73	45.31	0.41	30.96	1455.77	-1750.20	1125.84
Fixation L	1	10	1923807297	1923938018	130721	1094.51	487.49	21	27	-1	11.70	11.70
Fixation R	1	10	1923807297	1923938018	130721	1094.51	487.49	21	27	-1	11.32	11.32
Saccade L	1	15	1923938018	1923963413	25395	1103.15	500.82	1097.05	498.09	8.41	395.03	0.45	331.01	18471.23	-19030.45	14713.54
Saccade R	1	15	1923938018	1923963413	25395	1103.15	500.82	1097.05	498.09	8.41	395.03	0.45	331.01	18471.23	-19030.45	14713.54
Saccade L	1	16	1923991271	1924018457	27186	1092.92	498.96	997.01	514.74	2.14	153.08	0.52	78.76	6458.88	-6101.61	4558.33
Saccade R	1	16	1923991271	1924018457	27186	1092.92	498.96	997.01	514.74	2.14	153.08	0.52	78.76	6458.88	-6101.61	4558.33
Fixation L	1	11	1924018457	1924107509	89052	988.46	501.97	16	17	-1	11.73	11.73
Fixation R	1	11	1924018457	1924107509	89052	988.46	501.97	16	17	-1	11.33	11.33
Blink L	1	6	1924107509	1924181933	74424
Blink R	1	6	1924107509	1924181933	74424
Saccade L	1	17	1924181933	1924221546	39613	876.12	484.16	977.61	519.72	2.93	169.48	0.24	74.05	1517.89	-4202.59	2091.90
Saccade R	1	17	1924181933	1924221546	39613	876.12	484.16	977.61	519.72	2.93	169.48	0.24	74.05	1517.89	-4202.59	2091.90
Saccade L	1	18	1924251545	1924283540	31995	975.03	512.49	1027.21	504.37	1.08	51.70	0.50	33.70	1640.61	-1941.93	1286.81
Saccade R	1	18	1924251545	1924283540	31995	975.03	512.49	1027.21	504.37	1.08	51.70	0.50	33.70	1640.61	-1941.93	1286.81
Blink L	1	7	1924309983	1924483653	173670
Blink R	1	7	1924309983	1924483653	173670
Blink L	1	8	1924483653	1924523647	39994
Blink R	1	8	1924483653	1924523647	39994
Saccade L	1	19	1924531644	1924563643	31999	0.00	0.00	1025.32	443.59	28.71	1855.40	0.37	897.37	72356.01	-73269.92	52548.73
Saccade R	1	19	1924531644	1924563643	31999	0.00	0.00	1025.32	443.59	28.71	1855.40	0.37	897.37	72356.01	-73269.92	52548.73
Saccade L	1	20	1924563643	1924598167	34524	1025.32	443.59	1051.48	453.73	2.12	137.18	0.29	61.30	909.59	-60162.23	12841.44
Saccade R	1	20	1924563643	1924598167	34524	1025.32	443.59	1051.48	453.73	2.12	137.18	0.29	61.30	909.59	-60162.23	12841.44
Saccade L	1	21	1924598167	1924619641	21474	1051.48	453.73	979.84	451.24	0.97	81.26	0.44	45.19	1235.10	-2811.73	1341.11
Saccade R	1	21	1924598167	1924619641	21474	1051.48	453.73	979.84	451.24	0.97	81.26	0.44	45.19	1235.10	-2811.73	1341.11
Saccade L	1	22	1924631856	1924661969	30113	973.54	451.05	1071.43	473.26	2.27	159.79	0.52	75.22	5927.07	-5847.25	4252.02
Saccade R	1	22	1924631856	1924661969	30113	973.54	451.05	1071.43	473.26	2.27	159.79	0.52	75.22	5927.07	-5847.25	4252.02
Fixation L	1	12	1924661969	1924755756	93787	1078.29	491.50	10	26	-1	12.43	12.43
Fixation R	1	12	1924661969	1924755756	93787	1078.29	491.50	10	26	-1	11.61	11.61
Saccade L	1	23	1924771758	1924804555	32797	1112.67	509.46	1062.36	477.98	1.61	103.06	0.24	49.08	1885.63	-3231.26	1603.74
Saccade R	1	23	1924771758	1924804555	32797	1112.67	509.46	1062.36	477.98	1.61	103.06	0.24	49.08	1885.63	-3231.26	1603.74
Fixation L	1	13	1924804555	1925041880	237325	1074.05	486.02	22	46	-1	12.37	12.37
Fixation R	1	13	1924804555	1925041880	237325	1074.05	486.02	22	46	-1	11.83	11.83
Saccade L	1	24	1925041880	1925093881	52001	1074.62	510.08	1044.51	507.12	23.81	1139.32	0.42	457.85	44545.86	-45591.91	28532.07
Saccade R	1	24	1925041880	1925093881	52001	1074.62	510.08	1044.51	507.12	23.81	1139.32	0.42	457.85	44545.86	-45591.91	28532.07
Fixation L	1	14	1925093881	1925301989	208108	1003.73	446.63	1080	509	-1	11.57	11.57
Fixation R	1	14	1925211889	1925301989	90100	1068.34	473.95	27	20	-1	11.67	11.67
Saccade L	1	25	1925301989	1925361999	60010	1055.70	470.81	883.18	906.08	11.96	425.65	0.47	199.36	16511.31	-15944.41	10769.53
Saccade R	1	25	1925301989	1925361999	60010	1055.70	470.81	883.18	906.08	11.96	425.65	0.47	199.36	16511.31	-15944.41	10769.53
Saccade L	1	26	1925390070	1925426557	36487	905.68	904.09	874.84	947.10	1.23	46.48	0.55	33.78	1240.07	-1682.41	1040.19
Saccade R	1	26	1925390070	1925426557	36487	905.68	904.09	874.84	947.10	1.23	46.48	0.55	33.78	1240.07	-1682.41	1040.19
Fixation L	1	15	1925426557	1925656106	229549	914.22	922.34	64	41	-1	12.51	12.51
Fixation R	1	15	1925426557	1925656106	229549	914.22	922.34	64	41	-1	12.01	12.01
Saccade L	1	27	1925656106	1925690100	33994	938.67	909.27	881.26	893.96	1.30	59.86	0.41	38.19	1705.83	-1752.77	1230.70
Saccade R	1	27	1925656106	1925690100	33994	938.67	909.27	881.26	893.96	1.30	59.86	0.41	38.19	1705.83	-1752.77	1230.70
Fixation L	1	16	1925690100	1925866236	176136	890.41	912.75	44	35	-1	12.64	12.64
Fixation R	1	16	1925690100	1925866236	176136	890.41	912.75	44	35	-1	12.15	12.15
