[BeGaze]
Converted from:	C:\Program Files\SMI\Experiment Suite 360\Experiment Center 2\Results\RC-Attachment-Exp\P16-eye_data.idf
Date:	18.03.2012 20:12:38
Version:	BeGaze 3.0.181
Sample Rate:	500
Subject:	P16
Description:	Run21

Table Header for Fixations:
Event Type	Trial	Number	Start	End	Duration	Location X	Location Y	Dispersion X	Dispersion Y	Plane	Avg. Pupil Size X	Avg. Pupil Size Y

Table Header for Saccades:
Event Type	Trial	Number	Start	End	Duration	Start Loc.X	Start Loc.Y	End Loc.X	End Loc.Y	Amplitude	Peak Speed	Peak Speed At	Average Speed	Peak Accel.	Peak Decel.	Average Accel.

Table Header for Blinks:
Event Type	Trial	Number	Start	End	Duration

Table Header for User Events:
Event Type	Trial	Number	Start	Description

UserEvent	1	1	1965945731	# Message: RC-N1forced-anim-6.jpg
Fixation L	1	1	1965945831	1966271908	326077	496.04	461.56	20	29	-1	11.32	11.32
Fixation R	1	1	1965945831	1966271908	326077	496.04	461.56	20	29	-1	11.83	11.83
Saccade L	1	1	1966271908	1966310048	38140	492.49	468.08	550.21	468.91	1.32	56.51	0.47	34.73	1869.70	-1836.93	1352.71
Saccade R	1	1	1966271908	1966310048	38140	492.49	468.08	550.21	468.91	1.32	56.51	0.47	34.73	1869.70	-1836.93	1352.71
Fixation L	1	2	1966310048	1966466022	155974	550.69	455.96	10	22	-1	11.33	11.33
Fixation R	1	2	1966310048	1966466022	155974	550.69	455.96	10	22	-1	11.71	11.71
Saccade L	1	2	1966466022	1966500056	34034	551.74	462.04	644.46	446.53	2.02	104.79	0.47	59.35	4416.96	-4208.55	3137.49
Saccade R	1	2	1966466022	1966500056	34034	551.74	462.04	644.46	446.53	2.02	104.79	0.47	59.35	4416.96	-4208.55	3137.49
Fixation L	1	3	1966500056	1966666185	166129	643.07	455.19	21	14	-1	11.27	11.27
Fixation R	1	3	1966500056	1966666185	166129	643.07	455.19	21	14	-1	11.74	11.74
Saccade L	1	3	1966666185	1966696159	29974	651.68	446.84	747.95	450.88	2.12	141.56	0.47	70.66	5224.55	-5321.20	3844.88
Saccade R	1	3	1966666185	1966696159	29974	651.68	446.84	747.95	450.88	2.12	141.56	0.47	70.66	5224.55	-5321.20	3844.88
Fixation L	1	4	1966696159	1966856148	159989	740.39	451.61	18	19	-1	11.07	11.07
Fixation R	1	4	1966696159	1966856148	159989	740.39	451.61	18	19	-1	11.41	11.41
Saccade L	1	4	1966856148	1966884260	28112	741.58	458.44	737.38	460.16	6.73	286.46	0.43	239.34	13458.82	-13216.60	10433.41
Saccade R	1	4	1966856148	1966884260	28112	741.58	458.44	737.38	460.16	6.73	286.46	0.43	239.34	13458.82	-13216.60	10433.41
Fixation L	1	5	1966884260	1966956299	72039	741.89	455.10	10	19	-1	10.96	10.96
Fixation R	1	5	1966884260	1966956299	72039	741.89	455.10	10	19	-1	11.31	11.31
Saccade L	1	5	1966956299	1966988252	31953	742.60	464.55	796.64	459.16	1.17	62.04	0.37	36.56	2521.88	-1956.50	1570.07
Saccade R	1	5	1966956299	1966988252	31953	742.60	464.55	796.64	459.16	1.17	62.04	0.37	36.56	2521.88	-1956.50	1570.07
Fixation L	1	6	1966988252	1967272109	283857	794.69	455.58	34	27	-1	10.68	10.68
Fixation R	1	6	1966988252	1967272109	283857	794.69	455.58	34	27	-1	10.95	10.95
Saccade L	1	6	1967272109	1967302374	30265	790.96	450.86	878.85	456.22	1.86	120.55	0.54	61.55	4859.08	-4573.60	3398.34
Saccade R	1	6	1967272109	1967302374	30265	790.96	450.86	878.85	456.22	1.86	120.55	0.54	61.55	4859.08	-4573.60	3398.34
Fixation L	1	7	1967302374	1967602494	300120	878.73	448.33	19	34	-1	10.43	10.43
Fixation R	1	7	1967302374	1967602494	300120	878.73	448.33	19	34	-1	10.57	10.57
Saccade L	1	7	1967602494	1967644900	42406	872.50	448.44	958.12	440.44	1.97	76.08	0.66	46.43	2017.13	-2559.35	1676.40
Saccade R	1	7	1967602494	1967644900	42406	872.50	448.44	958.12	440.44	1.97	76.08	0.66	46.43	2017.13	-2559.35	1676.40
Fixation L	1	8	1967644900	1967892589	247689	963.33	442.72	31	33	-1	10.25	10.25
Fixation R	1	8	1967644900	1967892589	247689	963.33	442.72	31	33	-1	10.37	10.37
Saccade L	1	8	1967892589	1967942675	50086	969.81	437.10	1048.31	419.79	2.43	122.32	0.28	48.45	4810.24	-4380.61	2383.52
Saccade R	1	8	1967892589	1967942675	50086	969.81	437.10	1048.31	419.79	2.43	122.32	0.28	48.45	4810.24	-4380.61	2383.52
Fixation L	1	9	1967942675	1968524943	582268	1071.63	450.67	50	51	-1	9.73	9.73
Fixation R	1	9	1967942675	1968524943	582268	1071.63	450.67	50	51	-1	10.03	10.03
Saccade L	1	9	1968524943	1968554087	29144	1086.43	443.23	951.64	455.17	3.00	205.01	0.48	102.94	8470.04	-8216.06	6073.30
Saccade R	1	9	1968524943	1968554087	29144	1086.43	443.23	951.64	455.17	3.00	205.01	0.48	102.94	8470.04	-8216.06	6073.30
Fixation L	1	10	1968554087	1968963057	408970	956.58	442.80	56	52	-1	9.94	9.94
Fixation R	1	10	1968554087	1968963057	408970	956.58	442.80	56	52	-1	10.22	10.22
Saccade L	1	10	1968963057	1968995044	31987	964.61	442.20	1085.90	442.73	2.60	158.17	0.50	81.35	5850.14	-6017.03	4384.74
Saccade R	1	10	1968963057	1968995044	31987	964.61	442.20	1085.90	442.73	2.60	158.17	0.50	81.35	5850.14	-6017.03	4384.74
Fixation L	1	11	1968995044	1969272081	277037	1075.55	434.01	31	30	-1	9.87	9.87
Fixation R	1	11	1968995044	1969272081	277037	1075.55	434.01	31	30	-1	10.52	10.52
Saccade L	1	11	1969272081	1969297311	25230	1067.51	424.57	1111.22	446.49	1.07	66.21	0.44	42.36	1718.56	-1971.51	1335.52
Saccade R	1	11	1969272081	1969297311	25230	1067.51	424.57	1111.22	446.49	1.07	66.21	0.44	42.36	1718.56	-1971.51	1335.52
Fixation L	1	12	1969297311	1969465334	168023	1117.05	431.12	25	27	-1	10.00	10.00
Fixation R	1	12	1969297311	1969465334	168023	1117.05	431.12	25	27	-1	10.67	10.67
Saccade L	1	12	1969465334	1969531278	65944	1119.06	436.95	888.77	812.13	13.06	644.90	0.48	198.10	22677.97	-25269.94	12546.40
Saccade R	1	12	1969465334	1969531278	65944	1119.06	436.95	888.77	812.13	13.06	644.90	0.48	198.10	22677.97	-25269.94	12546.40
Fixation L	1	13	1969611429	1969709393	97964	882.65	923.16	46	39	-1	10.35	10.35
Fixation R	1	13	1969611429	1969709393	97964	882.65	923.16	46	39	-1	10.37	10.37
Saccade L	1	13	1969709393	1969738112	28719	873.73	934.76	896.77	873.78	1.37	78.27	0.56	47.85	2130.65	-2955.99	1913.71
Saccade R	1	13	1969709393	1969738112	28719	873.73	934.76	896.77	873.78	1.37	78.27	0.56	47.85	2130.65	-2955.99	1913.71
Fixation L	1	14	1969738112	1969941510	203398	893.44	893.08	32	36	-1	10.10	10.10
Fixation R	1	14	1969738112	1969941510	203398	893.44	893.08	32	36	-1	10.64	10.64
Saccade L	1	14	1969941510	1969971692	30182	895.52	894.66	904.13	886.93	1.09	53.10	0.73	36.12	1704.69	-1208.53	1143.21
Saccade R	1	14	1969941510	1969971692	30182	895.52	894.66	904.13	886.93	1.09	53.10	0.73	36.12	1704.69	-1208.53	1143.21
Fixation L	1	15	1970025508	1970133660	108152	916.55	889.49	27	11	-1	10.14	10.14
Fixation R	1	15	1970025508	1970133660	108152	916.55	889.49	27	11	-1	10.57	10.57
Blink L	1	1	1970133660	1970547735	414075
Saccade R	1	15	1970133660	1970157633	23973	925.96	894.78	860.64	872.45	1.27	90.84	0.58	52.97	3192.02	-2632.46	2127.30
Fixation R	1	16	1970157633	1970523739	366106	876.11	891.20	69	34	-1	10.79	10.79
Blink R	1	1	1970523739	1971143962	620223
Fixation L	1	16	1970547735	1970925967	378232	0.00	0.00	0	0	-1	0.00	0.00
Saccade L	1	15	1970925967	1971143962	217995	0.00	0.00	902.03	927.87	250.76	2487.42	0.95	1150.31	94877.28	-94552.03	66167.48
Fixation L	1	17	1971143962	1971522070	378108	910.34	934.09	44	20	-1	11.05	11.05
Fixation R	1	17	1971143962	1971522070	378108	910.34	934.09	44	20	-1	11.38	11.38
Saccade L	1	16	1971522070	1971546202	24132	908.40	936.70	868.93	925.29	0.84	50.55	0.42	34.62	2015.77	-1757.17	1369.33
Saccade R	1	16	1971522070	1971546202	24132	908.40	936.70	868.93	925.29	0.84	50.55	0.42	34.62	2015.77	-1757.17	1369.33
Fixation L	1	18	1971546202	1971662191	115989	870.20	933.72	13	18	-1	11.02	11.02
Fixation R	1	18	1971546202	1971662191	115989	870.20	933.72	13	18	-1	11.52	11.52
