[BeGaze]
Converted from:	C:\Program Files\SMI\Experiment Suite 360\Experiment Center 2\Results\RC-Attachment-Exp\P07-eye_data.idf
Date:	18.03.2012 20:06:27
Version:	BeGaze 3.0.181
Sample Rate:	500
Subject:	P07
Description:	Run12

Table Header for Fixations:
Event Type	Trial	Number	Start	End	Duration	Location X	Location Y	Dispersion X	Dispersion Y	Plane	Avg. Pupil Size X	Avg. Pupil Size Y

Table Header for Saccades:
Event Type	Trial	Number	Start	End	Duration	Start Loc.X	Start Loc.Y	End Loc.X	End Loc.Y	Amplitude	Peak Speed	Peak Speed At	Average Speed	Peak Accel.	Peak Decel.	Average Accel.

Table Header for Blinks:
Event Type	Trial	Number	Start	End	Duration

Table Header for User Events:
Event Type	Trial	Number	Start	Description

UserEvent	1	1	10616155350	# Message: Validation.jpg
Saccade L	1	1	10616156653	10616229663	73010	190.28	789.71	379.60	245.64	16.63	411.09	0.28	227.73	4818.20	-14351.20	5988.18
Saccade R	1	1	10616156653	10616229663	73010	190.28	789.71	379.60	245.64	16.63	411.09	0.28	227.73	4818.20	-14351.20	5988.18
Fixation L	1	1	10616229663	10616448644	218981	389.81	246.25	21	27	-1	11.56	11.56
Fixation R	1	1	10616229663	10616448644	218981	389.81	246.25	21	27	-1	11.74	11.74
Saccade L	1	2	10616448644	10616482762	34118	386.42	233.75	431.58	289.42	1.54	73.85	0.41	45.21	3202.49	-2607.84	2107.43
Saccade R	1	2	10616448644	10616482762	34118	386.42	233.75	431.58	289.42	1.54	73.85	0.41	45.21	3202.49	-2607.84	2107.43
Fixation L	1	2	10616482762	10617871365	1388603	427.98	276.57	49	45	-1	12.51	12.51
Fixation R	1	2	10616482762	10617871365	1388603	427.98	276.57	49	45	-1	12.53	12.53
Saccade L	1	3	10617871365	10617938004	66639	453.77	294.90	684.50	452.06	6.44	245.53	0.27	96.57	10792.20	-8179.75	4771.06
Saccade R	1	3	10617871365	10617938004	66639	453.77	294.90	684.50	452.06	6.44	245.53	0.27	96.57	10792.20	-8179.75	4771.06
Saccade L	1	4	10617938004	10618021367	83363	684.50	452.06	1010.36	681.08	9.07	317.82	0.37	108.75	12870.20	-10244.89	5373.58
Saccade R	1	4	10617938004	10618021367	83363	684.50	452.06	1010.36	681.08	9.07	317.82	0.37	108.75	12870.20	-10244.89	5373.58
Fixation L	1	3	10618021367	10618225510	204143	1078.51	710.50	127	52	-1	13.41	13.41
Fixation R	1	3	10618021367	10618225510	204143	1078.51	710.50	127	52	-1	13.57	13.57
Saccade L	1	5	10618225510	10618291484	65974	1141.63	733.68	1316.41	840.51	4.91	243.76	0.47	74.46	9192.60	-8385.27	4206.09
Saccade R	1	5	10618225510	10618291484	65974	1141.63	733.68	1316.41	840.51	4.91	243.76	0.47	74.46	9192.60	-8385.27	4206.09
Fixation L	1	4	10618291484	10618481602	190118	1331.81	837.73	21	13	-1	12.68	12.68
Fixation R	1	4	10618291484	10618481602	190118	1331.81	837.73	21	13	-1	13.25	13.25
Saccade L	1	6	10618481602	10618509610	28008	1333.90	832.47	1273.05	805.02	1.46	89.48	0.49	52.14	3907.51	-3630.37	2707.48
Saccade R	1	6	10618481602	10618509610	28008	1333.90	832.47	1273.05	805.02	1.46	89.48	0.49	52.14	3907.51	-3630.37	2707.48
Fixation L	1	5	10618509610	10619307964	798354	1271.24	794.95	34	34	-1	12.21	12.21
Fixation R	1	5	10618509610	10619307964	798354	1271.24	794.95	34	34	-1	12.63	12.63
Saccade L	1	7	10619307964	10619377977	70013	1248.32	802.24	1279.86	457.33	8.26	240.67	0.30	117.93	10409.56	-7492.08	5259.30
Saccade R	1	7	10619307964	10619377977	70013	1248.32	802.24	1279.86	457.33	8.26	240.67	0.30	117.93	10409.56	-7492.08	5259.30
Fixation L	1	6	10619377977	10619628089	250112	1261.37	395.51	29	93	-1	11.94	11.94
Fixation R	1	6	10619377977	10619628089	250112	1261.37	395.51	29	93	-1	12.24	12.24
Saccade L	1	8	10619628089	10619662086	33997	1250.03	363.57	1250.35	295.48	1.50	73.47	0.48	44.25	2661.47	-2488.52	1896.26
Saccade R	1	8	10619628089	10619662086	33997	1250.03	363.57	1250.35	295.48	1.50	73.47	0.48	44.25	2661.47	-2488.52	1896.26
Fixation L	1	7	10619662086	10620708561	1046475	1228.25	281.36	76	54	-1	12.18	12.18
Fixation R	1	7	10619662086	10620708561	1046475	1228.25	281.36	76	54	-1	12.41	12.41
Fixation L	1	8	10620860698	10621190813	330115	402.24	837.80	120	60	-1	13.24	13.24
Fixation R	1	8	10620860698	10621190813	330115	402.24	837.80	120	60	-1	12.95	12.95
Saccade L	1	9	10621190813	10621222809	31996	348.55	865.09	391.71	825.27	1.25	56.97	0.44	39.10	2282.60	-2041.63	1561.89
Saccade R	1	9	10621190813	10621222809	31996	348.55	865.09	391.71	825.27	1.25	56.97	0.44	39.10	2282.60	-2041.63	1561.89
Fixation L	1	9	10621222809	10621356802	133993	383.26	819.66	29	16	-1	12.36	12.36
Fixation R	1	9	10621222809	10621356802	133993	383.26	819.66	29	16	-1	12.23	12.23
Saccade L	1	10	10621356802	10621384953	28151	370.19	818.50	410.32	801.50	0.92	45.14	0.43	32.55	1926.40	-1557.92	1245.40
Saccade R	1	10	10621356802	10621384953	28151	370.19	818.50	410.32	801.50	0.92	45.14	0.43	32.55	1926.40	-1557.92	1245.40
Fixation L	1	10	10621384953	10621711142	326189	413.29	797.86	29	16	-1	11.74	11.74
Fixation R	1	10	10621384953	10621711142	326189	413.29	797.86	29	16	-1	11.96	11.96
