[BeGaze]
Converted from:	C:\Program Files\SMI\Experiment Suite 360\Experiment Center 2\Results\RC-Attachment-Exp\Denek03-eye_data.idf
Date:	24.02.2012 09:57:59
Version:	BeGaze 3.0.181
Sample Rate:	500
Subject:	Denek03
Description:	Run6

Table Header for Fixations:
Event Type	Trial	Number	Start	End	Duration	Location X	Location Y	Dispersion X	Dispersion Y	Plane	Avg. Pupil Size X	Avg. Pupil Size Y

Table Header for Saccades:
Event Type	Trial	Number	Start	End	Duration	Start Loc.X	Start Loc.Y	End Loc.X	End Loc.Y	Amplitude	Peak Speed	Peak Speed At	Average Speed	Peak Accel.	Peak Decel.	Average Accel.

Table Header for Blinks:
Event Type	Trial	Number	Start	End	Duration

Table Header for User Events:
Event Type	Trial	Number	Start	Description

UserEvent	1	1	5082834478	# Message: Questionnaire13.jpg
Fixation L	1	1	5082845790	5082913823	68033	865.07	942.88	16	27	-1	15.79	15.79
Fixation R	1	1	5082845790	5082913823	68033	865.07	942.88	16	27	-1	15.73	15.73
Saccade L	1	1	5082964369	5082999787	35418	853.30	947.04	893.39	968.22	1.39	61.22	0.66	39.35	1272.25	-1932.72	1162.90
Saccade R	1	1	5082964369	5082999787	35418	853.30	947.04	893.39	968.22	1.39	61.22	0.66	39.35	1272.25	-1932.72	1162.90
Fixation L	1	2	5082999787	5083199905	200118	902.48	958.73	32	22	-1	15.80	15.80
Fixation R	1	2	5082999787	5083199905	200118	902.48	958.73	32	22	-1	15.97	15.97
Saccade L	1	2	5083199905	5083271915	72010	907.59	945.82	433.01	353.87	17.18	440.12	0.33	238.63	18369.54	-11895.29	10023.47
Saccade R	1	2	5083199905	5083271915	72010	907.59	945.82	433.01	353.87	17.18	440.12	0.33	238.63	18369.54	-11895.29	10023.47
Fixation L	1	3	5083271915	5083361877	89962	451.15	365.98	46	41	-1	15.86	15.86
Fixation R	1	3	5083271915	5083361877	89962	451.15	365.98	46	41	-1	15.92	15.92
Saccade L	1	3	5083361877	5083389900	28023	478.06	392.47	420.37	344.14	1.56	101.32	0.36	55.53	3280.16	-3871.03	2571.18
Saccade R	1	3	5083361877	5083389900	28023	478.06	392.47	420.37	344.14	1.56	101.32	0.36	55.53	3280.16	-3871.03	2571.18
Fixation L	1	4	5083389900	5083566019	176119	427.48	342.69	25	26	-1	15.84	15.84
Fixation R	1	4	5083389900	5083566019	176119	427.48	342.69	25	26	-1	15.88	15.88
Saccade L	1	4	5083566019	5083596006	29987	441.67	356.38	555.03	361.26	2.51	161.09	0.47	83.60	6047.50	-6410.01	4560.61
Saccade R	1	4	5083566019	5083596006	29987	441.67	356.38	555.03	361.26	2.51	161.09	0.47	83.60	6047.50	-6410.01	4560.61
Fixation L	1	5	5083596006	5083746195	150189	553.33	356.99	15	11	-1	16.49	16.49
Fixation R	1	5	5083596006	5083746195	150189	553.33	356.99	15	11	-1	16.48	16.48
Saccade L	1	5	5083746195	5083788120	41925	544.26	363.84	701.73	370.84	3.49	194.36	0.33	83.32	8008.51	-7517.68	4889.21
Saccade R	1	5	5083746195	5083788120	41925	544.26	363.84	701.73	370.84	3.49	194.36	0.33	83.32	8008.51	-7517.68	4889.21
Fixation L	1	6	5083788120	5084274331	486211	705.89	365.55	40	34	-1	17.43	17.43
Fixation R	1	6	5083788120	5084274331	486211	705.89	365.55	40	34	-1	17.55	17.55
Saccade L	1	6	5084274331	5084318332	44001	715.59	370.87	448.30	470.28	6.41	304.88	0.37	145.63	13508.25	-12017.11	8799.29
Saccade R	1	6	5084274331	5084318332	44001	715.59	370.87	448.30	470.28	6.41	304.88	0.37	145.63	13508.25	-12017.11	8799.29
Fixation L	1	7	5084318332	5084470319	151987	445.94	475.31	23	23	-1	17.71	17.71
Fixation R	1	7	5084318332	5084470319	151987	445.94	475.31	23	23	-1	17.88	17.88
Blink L	1	1	5084470319	5084650464	180145
Blink R	1	1	5084470319	5084650464	180145
Fixation R	1	8	5084650464	5084790464	140000	422.44	510.95	446	546	-1	9.49	9.49
Saccade L	1	7	5084678438	5084724441	46003	435.43	514.22	427.00	543.86	8.37	375.96	0.78	181.91	10344.62	-14434.90	8547.89
Fixation L	1	8	5084724441	5084790464	66023	423.52	540.48	22	17	-1	16.60	16.60
Saccade L	1	8	5084790464	5084814634	24170	413.56	542.56	431.68	512.76	0.75	46.65	0.58	31.23	1312.07	-1474.82	1016.76
Saccade R	1	7	5084790464	5084814634	24170	413.56	542.56	431.68	512.76	0.75	46.65	0.58	31.23	1312.07	-1474.82	1016.76
Fixation L	1	9	5084814634	5084882560	67926	424.74	512.71	21	16	-1	16.16	16.16
Fixation R	1	9	5084814634	5084882560	67926	424.74	512.71	21	16	-1	3.25	3.25
Blink L	1	2	5084882560	5084976618	94058
Blink R	1	2	5084882560	5084976618	94058
Fixation L	1	10	5084976618	5085210693	234075	412.83	485.49	30	39	-1	16.12	16.12
Fixation R	1	10	5084976618	5085210693	234075	412.83	485.49	30	39	-1	1.01	1.01
Saccade L	1	9	5085210693	5085232671	21978	403.38	470.14	380.44	491.68	0.67	48.39	0.48	30.64	1419.68	-1346.77	887.84
Blink R	1	3	5085210693	5085406781	196088
Fixation L	1	11	5085232671	5085382796	150125	367.19	484.67	31	43	-1	16.10	16.10
Blink L	1	3	5085382796	5086005070	622274
Fixation R	1	11	5085406781	5085784916	378135	0.00	0.00	0	0	-1	0.00	0.00
Saccade R	1	8	5085784916	5086005070	220154	0.00	0.00	359.04	449.89	113.80	1125.82	0.94	516.90	42749.78	-41799.24	29480.96
Fixation L	1	12	5086005070	5086249139	244069	370.31	442.84	20	48	-1	16.63	16.63
Fixation R	1	12	5086005070	5086249139	244069	370.31	442.84	20	48	-1	17.29	17.29
Saccade L	1	10	5086249139	5086277128	27989	368.23	464.53	338.35	443.19	0.87	43.48	0.57	30.95	1260.59	-1253.08	940.48
Blink R	1	4	5086249139	5086647239	398100
Fixation L	1	13	5086277128	5086621270	344142	362.12	467.72	39	51	-1	16.90	16.90
UserEvent	1	89	5086521460	# Message: UE-mouseclick left x=363 y=437
Blink L	1	4	5086647239	5087292957	645718
Blink R	1	5	5086647239	5087292957	645718
Fixation L	1	14	5087292957	5087676105	383148	443.88	470.03	29	46	-1	17.29	17.29
Fixation R	1	13	5087292957	5087676105	383148	443.88	470.03	29	46	-1	17.40	17.40
Saccade L	1	11	5087676105	5087737694	61589	442.14	455.12	486.05	363.04	2.63	102.51	0.32	42.63	3604.53	-3217.82	1720.39
Saccade R	1	9	5087676105	5087737694	61589	442.14	455.12	486.05	363.04	2.63	102.51	0.32	42.63	3604.53	-3217.82	1720.39
Fixation L	1	15	5087779696	5087861691	81995	490.21	361.07	10	17	-1	17.31	17.31
Fixation R	1	14	5087779696	5087861691	81995	490.21	361.07	10	17	-1	17.54	17.54
Saccade L	1	12	5087861691	5087905851	44160	488.87	361.38	583.57	383.01	2.27	106.82	0.30	51.37	4433.05	-3501.23	2448.18
Saccade R	1	10	5087861691	5087905851	44160	488.87	361.38	583.57	383.01	2.27	106.82	0.30	51.37	4433.05	-3501.23	2448.18
Fixation L	1	16	5087905851	5088103828	197977	590.50	377.86	15	27	-1	17.39	17.39
Fixation R	1	15	5087905851	5088103828	197977	590.50	377.86	15	27	-1	17.72	17.72
UserEvent	1	128	5088097397	# Message: UE-mouseclick left x=392 y=530
Saccade L	1	13	5088103828	5088159976	56148	596.13	371.90	426.31	506.49	7.80	356.21	0.36	138.89	14109.43	-13847.23	9198.44
Saccade R	1	11	5088103828	5088159976	56148	596.13	371.90	426.31	506.49	7.80	356.21	0.36	138.89	14109.43	-13847.23	9198.44
Fixation L	1	17	5088159976	5088226697	66721	430.74	499.72	9	15	-1	17.37	17.37
Fixation R	1	16	5088159976	5088226697	66721	430.74	499.72	9	15	-1	17.59	17.59
