[BeGaze]
Converted from:	C:\Program Files\SMI\Experiment Suite 360\Experiment Center 2\Results\RC-Attachment-Exp\P29-eye_data.idf
Date:	18.03.2012 20:25:09
Version:	BeGaze 3.0.181
Sample Rate:	500
Subject:	P29
Description:	Run34

Table Header for Fixations:
Event Type	Trial	Number	Start	End	Duration	Location X	Location Y	Dispersion X	Dispersion Y	Plane	Avg. Pupil Size X	Avg. Pupil Size Y

Table Header for Saccades:
Event Type	Trial	Number	Start	End	Duration	Start Loc.X	Start Loc.Y	End Loc.X	End Loc.Y	Amplitude	Peak Speed	Peak Speed At	Average Speed	Peak Accel.	Peak Decel.	Average Accel.

Table Header for Blinks:
Event Type	Trial	Number	Start	End	Duration

Table Header for User Events:
Event Type	Trial	Number	Start	Description

UserEvent	1	1	3637618282	# Message: RC-N1forced-anim-6.jpg
Fixation L	1	1	3637621366	3638245372	624006	480.30	438.18	31	58	-1	11.03	11.03
Fixation R	1	1	3637621366	3638245372	624006	480.30	438.18	31	58	-1	11.24	11.24
Saccade L	1	1	3638245372	3638271392	26020	492.99	460.87	582.66	447.86	1.96	146.45	0.46	75.19	5980.75	-5958.69	4288.23
Saccade R	1	1	3638245372	3638271392	26020	492.99	460.87	582.66	447.86	1.96	146.45	0.46	75.19	5980.75	-5958.69	4288.23
Fixation L	1	2	3638271392	3638483371	211979	580.45	452.31	32	39	-1	10.88	10.88
Fixation R	1	2	3638271392	3638483371	211979	580.45	452.31	32	39	-1	11.13	11.13
Saccade L	1	2	3638483371	3638509498	26127	589.18	435.68	541.58	431.93	1.01	67.55	0.47	38.77	2704.76	-2611.81	1891.14
Saccade R	1	2	3638483371	3638509498	26127	589.18	435.68	541.58	431.93	1.01	67.55	0.47	38.77	2704.76	-2611.81	1891.14
Fixation L	1	3	3638509498	3638701492	191994	532.23	446.89	32	40	-1	10.83	10.83
Fixation R	1	3	3638509498	3638701492	191994	532.23	446.89	32	40	-1	10.98	10.98
Saccade L	1	3	3638701492	3638741500	40008	520.27	471.20	559.53	432.26	1.18	43.30	0.57	29.38	1557.04	-1719.86	1162.70
Saccade R	1	3	3638701492	3638741500	40008	520.27	471.20	559.53	432.26	1.18	43.30	0.57	29.38	1557.04	-1719.86	1162.70
Saccade L	1	4	3638759614	3638788424	28810	558.14	431.54	665.77	444.49	2.58	180.96	0.42	89.42	7384.88	-7154.33	5199.28
Saccade R	1	4	3638759614	3638788424	28810	558.14	431.54	665.77	444.49	2.58	180.96	0.42	89.42	7384.88	-7154.33	5199.28
Fixation L	1	4	3638788424	3639108742	320318	648.97	447.89	37	39	-1	10.74	10.74
Fixation R	1	4	3638788424	3639108742	320318	648.97	447.89	37	39	-1	10.93	10.93
Saccade L	1	5	3639108742	3639155323	46581	670.67	450.89	760.09	448.84	2.09	86.61	0.41	44.81	3406.05	-3032.98	2157.76
Saccade R	1	5	3639108742	3639155323	46581	670.67	450.89	760.09	448.84	2.09	86.61	0.41	44.81	3406.05	-3032.98	2157.76
Fixation L	1	5	3639155323	3639509180	353857	762.15	455.65	25	34	-1	10.60	10.60
Fixation R	1	5	3639155323	3639509180	353857	762.15	455.65	25	34	-1	10.78	10.78
Saccade L	1	6	3639509180	3639538505	29325	767.32	439.10	813.67	435.89	1.05	66.39	0.43	35.67	2277.25	-2593.01	1751.55
Saccade R	1	6	3639509180	3639538505	29325	767.32	439.10	813.67	435.89	1.05	66.39	0.43	35.67	2277.25	-2593.01	1751.55
Fixation L	1	6	3639538505	3639803985	265480	816.57	448.54	35	38	-1	10.49	10.49
Fixation R	1	6	3639538505	3639803985	265480	816.57	448.54	35	38	-1	10.72	10.72
Saccade L	1	7	3639803985	3639831974	27989	804.73	458.96	880.40	461.01	1.78	127.78	0.43	63.44	4529.45	-5263.94	3545.88
Saccade R	1	7	3639803985	3639831974	27989	804.73	458.96	880.40	461.01	1.78	127.78	0.43	63.44	4529.45	-5263.94	3545.88
Fixation L	1	7	3639831974	3640550340	718366	882.64	457.91	25	25	-1	10.63	10.63
Fixation R	1	7	3639831974	3640550340	718366	882.64	457.91	25	25	-1	10.72	10.72
Saccade L	1	8	3640550340	3640581168	30828	876.20	450.06	981.57	471.89	2.40	155.91	0.39	77.90	6398.27	-6366.12	4577.31
Saccade R	1	8	3640550340	3640581168	30828	876.20	450.06	981.57	471.89	2.40	155.91	0.39	77.90	6398.27	-6366.12	4577.31
Fixation L	1	8	3640581168	3640814464	233296	982.37	464.97	26	17	-1	10.69	10.69
Fixation R	1	8	3640581168	3640814464	233296	982.37	464.97	26	17	-1	10.86	10.86
Saccade L	1	9	3640814464	3640838474	24010	984.93	474.35	1080.10	456.36	2.00	163.39	0.50	83.17	6781.13	-6252.97	4454.92
Saccade R	1	9	3640814464	3640838474	24010	984.93	474.35	1080.10	456.36	2.00	163.39	0.50	83.17	6781.13	-6252.97	4454.92
Fixation L	1	9	3640838474	3641000576	162102	1070.66	452.13	33	18	-1	10.64	10.64
Fixation R	1	9	3640838474	3641000576	162102	1070.66	452.13	33	18	-1	10.95	10.95
Blink L	1	1	3641000576	3641242703	242127
Blink R	1	1	3641000576	3641242703	242127
Saccade L	1	10	3641282954	3641310699	27745	924.36	951.64	910.11	919.65	0.84	74.42	0.75	30.41	1823.97	-6.60	948.83
Saccade R	1	10	3641282954	3641310699	27745	924.36	951.64	910.11	919.65	0.84	74.42	0.75	30.41	1823.97	-6.60	948.83
Saccade L	1	11	3641379895	3641416696	36801	946.29	864.67	939.55	916.64	9.69	433.91	0.46	263.35	20055.54	-20218.74	15210.36
Saccade R	1	11	3641379895	3641416696	36801	946.29	864.67	939.55	916.64	9.69	433.91	0.46	263.35	20055.54	-20218.74	15210.36
Fixation L	1	10	3641416696	3641548818	132122	931.71	923.14	30	25	-1	10.29	10.29
Fixation R	1	10	3641416696	3641548818	132122	931.71	923.14	30	25	-1	10.85	10.85
Saccade L	1	12	3641548818	3641570856	22038	914.15	910.00	912.15	897.95	0.57	44.99	0.54	26.02	1523.48	-1179.35	863.08
Saccade R	1	12	3641548818	3641570856	22038	914.15	910.00	912.15	897.95	0.57	44.99	0.54	26.02	1523.48	-1179.35	863.08
Fixation L	1	11	3641598823	3641762942	164119	922.39	912.72	28	28	-1	10.42	10.42
Fixation R	1	11	3641598823	3641762942	164119	922.39	912.72	28	28	-1	10.81	10.81
