[BeGaze]
Converted from:	C:\Program Files\SMI\Experiment Suite 360\Experiment Center 2\Results\RC-Attachment-Exp\P25-eye_data.idf
Date:	18.03.2012 20:20:28
Version:	BeGaze 3.0.181
Sample Rate:	500
Subject:	P25
Description:	Run30

Table Header for Fixations:
Event Type	Trial	Number	Start	End	Duration	Location X	Location Y	Dispersion X	Dispersion Y	Plane	Avg. Pupil Size X	Avg. Pupil Size Y

Table Header for Saccades:
Event Type	Trial	Number	Start	End	Duration	Start Loc.X	Start Loc.Y	End Loc.X	End Loc.Y	Amplitude	Peak Speed	Peak Speed At	Average Speed	Peak Accel.	Peak Decel.	Average Accel.

Table Header for Blinks:
Event Type	Trial	Number	Start	End	Duration

Table Header for User Events:
Event Type	Trial	Number	Start	Description

UserEvent	1	1	11041968523	# Message: RC-N1forced-anim-4.jpg
Fixation L	1	1	11041970267	11042384464	414197	497.71	452.42	27	23	-1	14.02	14.02
Fixation R	1	1	11041970267	11042384464	414197	497.71	452.42	27	23	-1	14.12	14.12
Blink L	1	1	11042384464	11042593264	208800
Blink R	1	1	11042384464	11042593264	208800
Saccade L	1	1	11042598514	11042648562	50048	552.16	373.80	505.16	419.42	1.63	51.70	0.36	32.65	1458.87	-1289.73	784.99
Saccade R	1	1	11042598514	11042648562	50048	552.16	373.80	505.16	419.42	1.63	51.70	0.36	32.65	1458.87	-1289.73	784.99
Fixation L	1	2	11042648562	11042712690	64128	518.21	433.37	20	20	-1	14.16	14.16
Fixation R	1	2	11042648562	11042712690	64128	518.21	433.37	20	20	-1	14.40	14.40
Saccade L	1	2	11042712690	11042736535	23845	525.02	439.02	582.26	439.66	1.27	99.86	0.50	53.20	3807.58	-3850.31	2686.12
Saccade R	1	2	11042712690	11042736535	23845	525.02	439.02	582.26	439.66	1.27	99.86	0.50	53.20	3807.58	-3850.31	2686.12
Fixation L	1	3	11042736535	11042842646	106111	566.39	446.66	36	29	-1	14.18	14.18
Fixation R	1	3	11042736535	11042842646	106111	566.39	446.66	36	29	-1	14.47	14.47
Saccade L	1	3	11042842646	11042868683	26037	560.65	462.23	622.88	445.78	1.50	119.98	0.61	57.68	4314.34	-4082.16	2793.41
Saccade R	1	3	11042842646	11042868683	26037	560.65	462.23	622.88	445.78	1.50	119.98	0.61	57.68	4314.34	-4082.16	2793.41
Fixation L	1	4	11042868683	11043158743	290060	625.89	448.34	30	21	-1	13.70	13.70
Fixation R	1	4	11042868683	11043158743	290060	625.89	448.34	30	21	-1	14.17	14.17
Saccade L	1	4	11043158743	11043190889	32146	621.47	441.55	749.13	443.30	2.93	191.54	0.52	91.02	7733.46	-7723.50	5639.05
Saccade R	1	4	11043158743	11043190889	32146	621.47	441.55	749.13	443.30	2.93	191.54	0.52	91.02	7733.46	-7723.50	5639.05
Fixation L	1	5	11043190889	11043446856	255967	730.67	451.11	29	27	-1	12.92	12.92
Fixation R	1	5	11043190889	11043446856	255967	730.67	451.11	29	27	-1	13.30	13.30
Saccade L	1	5	11043446856	11043482859	36003	728.06	437.38	848.43	451.85	2.68	161.57	0.44	74.45	6580.54	-6311.06	4514.72
Saccade R	1	5	11043446856	11043482859	36003	728.06	437.38	848.43	451.85	2.68	161.57	0.44	74.45	6580.54	-6311.06	4514.72
Fixation L	1	6	11043482859	11043666992	184133	851.78	449.93	9	13	-1	12.57	12.57
Fixation R	1	6	11043482859	11043666992	184133	851.78	449.93	9	13	-1	13.02	13.02
Saccade L	1	6	11043666992	11043704973	37981	857.34	458.11	918.03	468.71	1.48	85.70	0.32	38.85	3261.68	-2747.84	1877.73
Saccade R	1	6	11043666992	11043704973	37981	857.34	458.11	918.03	468.71	1.48	85.70	0.32	38.85	3261.68	-2747.84	1877.73
Fixation L	1	7	11043704973	11043989090	284117	916.18	452.35	36	49	-1	12.59	12.59
Fixation R	1	7	11043704973	11043989090	284117	916.18	452.35	36	49	-1	13.01	13.01
Saccade L	1	7	11044055233	11044105215	49982	879.29	413.71	990.38	410.43	2.65	115.88	0.60	53.07	4262.94	-4639.71	2709.98
Saccade R	1	7	11044055233	11044105215	49982	879.29	413.71	990.38	410.43	2.65	115.88	0.60	53.07	4262.94	-4639.71	2709.98
Fixation L	1	8	11044105215	11044273212	167997	1011.05	405.67	30	47	-1	12.40	12.40
Fixation R	1	8	11044105215	11044273212	167997	1011.05	405.67	30	47	-1	12.84	12.84
Saccade L	1	8	11044273212	11044311401	38189	998.42	434.82	1069.05	440.67	1.59	86.37	0.47	41.61	3250.67	-3273.72	2206.84
Saccade R	1	8	11044273212	11044311401	38189	998.42	434.82	1069.05	440.67	1.59	86.37	0.47	41.61	3250.67	-3273.72	2206.84
Fixation L	1	9	11044311401	11044737757	426356	1072.24	450.45	32	59	-1	12.46	12.46
Fixation R	1	9	11044311401	11044737757	426356	1072.24	450.45	32	59	-1	12.93	12.93
Blink L	1	2	11044737757	11044897579	159822
Saccade R	1	9	11044737757	11044795475	57718	1059.85	456.90	0.00	0.00	38.82	2427.73	0.69	672.61	78910.00	-91911.26	41935.71
Saccade R	1	10	11044805443	11044897579	92136	0.00	0.00	1112.18	386.43	44.15	2202.70	0.20	479.14	83981.31	-79796.01	30173.72
Saccade L	1	9	11044897579	11044941578	43999	1112.18	386.43	1133.78	435.26	1.30	42.59	0.35	29.45	623.82	-7953.09	1619.09
Saccade R	1	11	11044897579	11044941578	43999	1112.18	386.43	1133.78	435.26	1.30	42.59	0.35	29.45	623.82	-7953.09	1619.09
Fixation L	1	10	11044941578	11045027651	86073	1131.99	430.23	35	17	-1	12.64	12.64
Fixation R	1	10	11044941578	11045027651	86073	1131.99	430.23	35	17	-1	13.13	13.13
Blink L	1	3	11045027651	11045213030	185379
Blink R	1	2	11045027651	11045213030	185379
Saccade L	1	10	11045224541	11045293906	69365	896.91	839.28	901.19	928.65	2.46	47.13	0.22	35.42	1390.75	-1163.00	722.50
Saccade R	1	12	11045224541	11045293906	69365	896.91	839.28	901.19	928.65	2.46	47.13	0.22	35.42	1390.75	-1163.00	722.50
Fixation L	1	11	11045293906	11045473809	179903	875.89	931.87	45	30	-1	13.21	13.21
Fixation R	1	11	11045293906	11045473809	179903	875.89	931.87	45	30	-1	13.69	13.69
Saccade L	1	11	11045473809	11045501851	28042	854.40	943.12	896.30	940.57	0.82	40.85	0.43	29.11	1588.00	-1490.42	1166.22
Saccade R	1	13	11045473809	11045501851	28042	854.40	943.12	896.30	940.57	0.82	40.85	0.43	29.11	1588.00	-1490.42	1166.22
Fixation L	1	12	11045501851	11045789909	288058	894.85	936.91	29	33	-1	12.79	12.79
Fixation R	1	12	11045501851	11045789909	288058	894.85	936.91	29	33	-1	13.40	13.40
