[BeGaze]
Converted from:	C:\Program Files\SMI\Experiment Suite 360\Experiment Center 2\Results\RC-Attachment-Exp\P13-eye_data.idf
Date:	18.03.2012 20:10:04
Version:	BeGaze 3.0.181
Sample Rate:	500
Subject:	P13
Description:	Run18

Table Header for Fixations:
Event Type	Trial	Number	Start	End	Duration	Location X	Location Y	Dispersion X	Dispersion Y	Plane	Avg. Pupil Size X	Avg. Pupil Size Y

Table Header for Saccades:
Event Type	Trial	Number	Start	End	Duration	Start Loc.X	Start Loc.Y	End Loc.X	End Loc.Y	Amplitude	Peak Speed	Peak Speed At	Average Speed	Peak Accel.	Peak Decel.	Average Accel.

Table Header for Blinks:
Event Type	Trial	Number	Start	End	Duration

Table Header for User Events:
Event Type	Trial	Number	Start	Description

UserEvent	1	1	4485069744	# Message: RC-N2forced-anim-2.jpg
Fixation L	1	1	4485104417	4485193449	89032	491.30	430.00	5	7	-1	14.46	14.46
Fixation R	1	1	4485104417	4485193449	89032	491.30	430.00	5	7	-1	13.70	13.70
Saccade L	1	1	4485193449	4485231692	38243	492.53	434.27	549.89	443.65	1.60	73.80	0.54	41.73	2889.43	-2324.88	1824.56
Saccade R	1	1	4485193449	4485231692	38243	492.53	434.27	549.89	443.65	1.60	73.80	0.54	41.73	2889.43	-2324.88	1824.56
Fixation L	1	2	4485231692	4485398983	167291	558.89	445.89	17	16	-1	14.28	14.28
Fixation R	1	2	4485231692	4485398983	167291	558.89	445.89	17	16	-1	13.62	13.62
Saccade L	1	2	4485398983	4485433065	34082	568.39	444.55	635.57	437.31	1.59	85.26	0.35	46.76	3240.64	-2951.93	2157.21
Saccade R	1	2	4485398983	4485433065	34082	568.39	444.55	635.57	437.31	1.59	85.26	0.35	46.76	3240.64	-2951.93	2157.21
Fixation L	1	3	4485433065	4485639129	206064	451.64	313.94	857	1113	-1	10.49	10.49
Fixation R	1	3	4485433065	4485541125	108060	637.26	435.52	13	23	-1	13.40	13.40
Blink R	1	1	4485541125	4485733109	191984
Saccade L	1	3	4485639129	4485733109	93980	0.00	0.00	811.62	413.62	36.03	1377.63	0.21	383.38	54484.24	-43659.62	17012.26
Fixation L	1	4	4485747639	4485937219	189580	739.29	428.63	28	31	-1	14.21	14.21
Fixation R	1	4	4485747639	4485937219	189580	739.29	428.63	28	31	-1	13.48	13.48
Saccade L	1	4	4485937219	4485979211	41992	746.03	429.84	815.71	420.19	1.76	79.26	0.57	41.85	2642.96	-2707.47	1918.53
Saccade R	1	3	4485937219	4485979211	41992	746.03	429.84	815.71	420.19	1.76	79.26	0.57	41.85	2642.96	-2707.47	1918.53
Fixation L	1	5	4485979211	4486227330	248119	814.86	435.10	13	22	-1	14.86	14.86
Fixation R	1	5	4485979211	4486227330	248119	814.86	435.10	13	22	-1	14.15	14.15
Saccade L	1	5	4486227330	4486269241	41911	806.69	432.43	891.96	434.58	2.09	96.70	0.34	49.83	3853.58	-3275.98	2428.41
Saccade R	1	4	4486227330	4486269241	41911	806.69	432.43	891.96	434.58	2.09	96.70	0.34	49.83	3853.58	-3275.98	2428.41
Fixation L	1	6	4486269241	4486421446	152205	892.12	438.85	14	7	-1	14.21	14.21
Fixation R	1	6	4486269241	4486421446	152205	892.12	438.85	14	7	-1	13.56	13.56
Saccade L	1	6	4486421446	4486447452	26006	894.83	441.01	958.70	443.49	1.52	108.73	0.54	58.39	4441.69	-4206.72	3004.85
Saccade R	1	5	4486421446	4486447452	26006	894.83	441.01	958.70	443.49	1.52	108.73	0.54	58.39	4441.69	-4206.72	3004.85
Fixation L	1	7	4486447452	4486655568	208116	972.55	440.88	25	17	-1	14.26	14.26
Fixation R	1	7	4486447452	4486655568	208116	972.55	440.88	25	17	-1	13.54	13.54
Saccade L	1	7	4486655568	4486681570	26002	984.13	438.98	1049.48	437.49	1.54	104.10	0.55	59.23	3856.68	-4113.00	2789.96
Saccade R	1	6	4486655568	4486681570	26002	984.13	438.98	1049.48	437.49	1.54	104.10	0.55	59.23	3856.68	-4113.00	2789.96
Fixation L	1	8	4486681570	4486897700	216130	1048.17	446.67	11	19	-1	14.84	14.84
Fixation R	1	8	4486681570	4486897700	216130	1048.17	446.67	11	19	-1	14.13	14.13
Saccade L	1	8	4486897700	4486931689	33989	1049.42	455.46	1133.41	438.07	2.08	124.54	0.47	61.25	5177.44	-4577.18	3405.11
Saccade R	1	7	4486897700	4486931689	33989	1049.42	455.46	1133.41	438.07	2.08	124.54	0.47	61.25	5177.44	-4577.18	3405.11
Fixation L	1	9	4486931689	4487362039	430350	1124.04	438.69	22	29	-1	14.61	14.61
Fixation R	1	9	4486931689	4487362039	430350	1124.04	438.69	22	29	-1	14.02	14.02
Saccade L	1	9	4487362039	4487419803	57764	1118.53	436.95	757.85	444.49	8.36	297.15	0.34	144.67	12955.20	-9816.69	7528.31
Saccade R	1	8	4487362039	4487419803	57764	1118.53	436.95	757.85	444.49	8.36	297.15	0.34	144.67	12955.20	-9816.69	7528.31
Fixation L	1	10	4487419803	4487521921	102118	746.69	455.26	14	14	-1	14.84	14.84
Fixation R	1	10	4487419803	4487521921	102118	746.69	455.26	14	14	-1	13.89	13.89
Saccade L	1	10	4487521921	4487565917	43996	748.05	458.21	564.01	432.50	4.38	223.51	0.32	99.53	9823.71	-8611.50	6167.65
Saccade R	1	9	4487521921	4487565917	43996	748.05	458.21	564.01	432.50	4.38	223.51	0.32	99.53	9823.71	-8611.50	6167.65
Fixation L	1	11	4487565917	4487796036	230119	556.67	443.38	18	32	-1	15.14	15.14
Fixation R	1	11	4487565917	4487796036	230119	556.67	443.38	18	32	-1	14.07	14.07
Saccade L	1	11	4487796036	4487822040	26004	550.26	448.40	633.18	459.68	1.77	119.46	0.54	68.24	4928.71	-4960.02	3594.10
Saccade R	1	10	4487796036	4487822040	26004	550.26	448.40	633.18	459.68	1.77	119.46	0.54	68.24	4928.71	-4960.02	3594.10
Fixation L	1	12	4487822040	4487947371	125331	637.14	459.05	8	7	-1	15.11	15.11
Fixation R	1	12	4487822040	4487947371	125331	637.14	459.05	8	7	-1	14.47	14.47
Saccade L	1	12	4488060762	4488098153	37391	907.69	999.10	853.46	1010.44	1.29	46.99	0.65	34.40	1439.47	-1650.15	1065.19
Saccade R	1	11	4488060762	4488098153	37391	907.69	999.10	853.46	1010.44	1.29	46.99	0.65	34.40	1439.47	-1650.15	1065.19
Saccade L	1	13	4488140261	4488172155	31894	871.20	1003.31	866.36	954.93	1.30	80.87	0.37	40.88	2668.54	-2519.40	1762.06
Saccade R	1	12	4488140261	4488172155	31894	871.20	1003.31	866.36	954.93	1.30	80.87	0.37	40.88	2668.54	-2519.40	1762.06
Fixation L	1	13	4488172155	4488396097	223942	873.78	970.75	29	32	-1	15.26	15.26
Fixation R	1	13	4488172155	4488396097	223942	873.78	970.75	29	32	-1	14.04	14.04
Fixation L	1	14	4488416276	4488477232	60956	893.25	962.67	20	16	-1	15.27	15.27
Fixation R	1	14	4488416276	4488477232	60956	893.25	962.67	20	16	-1	13.71	13.71
Saccade L	1	14	4488477232	4488502413	25181	898.56	972.60	858.76	931.50	1.12	65.97	0.44	44.66	2623.99	-1950.24	1193.79
Saccade R	1	13	4488477232	4488502413	25181	898.56	972.60	858.76	931.50	1.12	65.97	0.44	44.66	2623.99	-1950.24	1193.79
