[BeGaze]
Converted from:	C:\Program Files\SMI\Experiment Suite 360\Experiment Center 2\Results\RC-Attachment-Exp\P21-eye_data.idf
Date:	18.03.2012 20:16:33
Version:	BeGaze 3.0.181
Sample Rate:	500
Subject:	P21
Description:	Run26

Table Header for Fixations:
Event Type	Trial	Number	Start	End	Duration	Location X	Location Y	Dispersion X	Dispersion Y	Plane	Avg. Pupil Size X	Avg. Pupil Size Y

Table Header for Saccades:
Event Type	Trial	Number	Start	End	Duration	Start Loc.X	Start Loc.Y	End Loc.X	End Loc.Y	Amplitude	Peak Speed	Peak Speed At	Average Speed	Peak Accel.	Peak Decel.	Average Accel.

Table Header for Blinks:
Event Type	Trial	Number	Start	End	Duration

Table Header for User Events:
Event Type	Trial	Number	Start	Description

UserEvent	1	1	20002926963	# Message: Questionnaire13.jpg
Fixation L	1	1	20002928132	20003335327	407195	852.25	924.86	46	29	-1	15.89	15.89
Fixation R	1	1	20002928132	20003335327	407195	852.25	924.86	46	29	-1	16.15	16.15
Saccade L	1	1	20003335327	20003399331	64004	840.25	917.91	477.63	346.01	16.11	438.26	0.34	251.70	19042.45	-14322.22	11328.39
Saccade R	1	1	20003335327	20003399331	64004	840.25	917.91	477.63	346.01	16.11	438.26	0.34	251.70	19042.45	-14322.22	11328.39
Fixation L	1	2	20003399331	20003479451	80120	509.91	356.60	55	22	-1	16.52	16.52
Fixation R	1	2	20003399331	20003479451	80120	509.91	356.60	55	22	-1	16.89	16.89
Saccade L	1	2	20003479451	20003525449	45998	533.03	356.78	436.16	318.92	2.41	104.43	0.22	52.41	3886.47	-2744.90	1998.88
Saccade R	1	2	20003479451	20003525449	45998	533.03	356.78	436.16	318.92	2.41	104.43	0.22	52.41	3886.47	-2744.90	1998.88
Fixation L	1	3	20003525449	20003683412	157963	439.91	330.54	18	38	-1	16.31	16.31
Fixation R	1	3	20003525449	20003683412	157963	439.91	330.54	18	38	-1	16.71	16.71
Saccade L	1	3	20003683412	20003723563	40151	447.15	345.38	590.15	345.84	3.11	143.24	0.35	77.34	6325.61	-5282.70	4215.14
Saccade R	1	3	20003683412	20003723563	40151	447.15	345.38	590.15	345.84	3.11	143.24	0.35	77.34	6325.61	-5282.70	4215.14
Fixation L	1	4	20003723563	20003913550	189987	576.95	356.73	26	28	-1	16.20	16.20
Fixation R	1	4	20003723563	20003913550	189987	576.95	356.73	26	28	-1	16.79	16.79
Saccade L	1	4	20003913550	20003959546	45996	566.28	370.50	690.67	371.52	2.71	113.44	0.30	58.91	4639.04	-3519.96	2728.93
Saccade R	1	4	20003913550	20003959546	45996	566.28	370.50	690.67	371.52	2.71	113.44	0.30	58.91	4639.04	-3519.96	2728.93
Fixation L	1	5	20003959546	20004097940	138394	678.46	373.10	32	61	-1	16.60	16.60
Fixation R	1	5	20003959546	20004097940	138394	678.46	373.10	32	61	-1	17.23	17.23
Fixation L	1	6	20004129649	20004281782	152133	670.66	375.64	13	12	-1	17.05	17.05
Fixation R	1	6	20004129649	20004281782	152133	670.66	375.64	13	12	-1	17.62	17.62
Saccade L	1	5	20004281782	20004335765	53983	675.22	373.87	572.09	390.99	2.43	74.69	0.26	44.97	3221.53	-1572.32	1484.45
Saccade R	1	5	20004281782	20004335765	53983	675.22	373.87	572.09	390.99	2.43	74.69	0.26	44.97	3221.53	-1572.32	1484.45
Fixation L	1	7	20004335765	20004697878	362113	571.90	381.30	20	29	-1	17.31	17.31
Fixation R	1	7	20004335765	20004697878	362113	571.90	381.30	20	29	-1	18.10	18.10
Saccade L	1	6	20004697878	20004756170	58292	571.16	365.76	414.39	453.58	4.80	200.59	0.41	82.43	8249.58	-6065.09	4519.00
Saccade R	1	6	20004697878	20004756170	58292	571.16	365.76	414.39	453.58	4.80	200.59	0.41	82.43	8249.58	-6065.09	4519.00
Fixation L	1	8	20004756170	20004828428	72258	419.69	449.91	14	11	-1	17.11	17.11
Fixation R	1	8	20004756170	20004828428	72258	419.69	449.91	14	11	-1	17.82	17.82
Blink L	1	1	20004828428	20005040019	211591
Blink R	1	1	20004828428	20005040019	211591
Fixation L	1	9	20005040019	20005723226	683207	420.14	463.18	35	32	-1	16.95	16.95
Fixation R	1	9	20005040019	20005723226	683207	420.14	463.18	35	32	-1	17.90	17.90
UserEvent	1	45	20005481159	# Message: UE-mouseclick left x=564 y=443
Saccade L	1	7	20005723226	20005762382	39156	411.93	471.27	440.18	558.16	1.96	96.04	0.32	50.11	3886.18	-2896.80	2167.87
Saccade R	1	7	20005723226	20005762382	39156	411.93	471.27	440.18	558.16	1.96	96.04	0.32	50.11	3886.18	-2896.80	2167.87
Fixation L	1	10	20005762382	20006417251	654869	438.21	541.76	28	43	-1	16.48	16.48
Fixation R	1	10	20005762382	20006417251	654869	438.21	541.76	28	43	-1	17.40	17.40
UserEvent	1	60	20006328249	# Message: UE-mouseclick left x=428 y=539
