[BeGaze]
Converted from:	C:\Program Files\SMI\Experiment Suite 360\Experiment Center 2\Results\RC-Attachment-Exp\P17-eye_data.idf
Date:	18.03.2012 20:13:16
Version:	BeGaze 3.0.181
Sample Rate:	500
Subject:	P17
Description:	Run22

Table Header for Fixations:
Event Type	Trial	Number	Start	End	Duration	Location X	Location Y	Dispersion X	Dispersion Y	Plane	Avg. Pupil Size X	Avg. Pupil Size Y

Table Header for Saccades:
Event Type	Trial	Number	Start	End	Duration	Start Loc.X	Start Loc.Y	End Loc.X	End Loc.Y	Amplitude	Peak Speed	Peak Speed At	Average Speed	Peak Accel.	Peak Decel.	Average Accel.

Table Header for Blinks:
Event Type	Trial	Number	Start	End	Duration

Table Header for User Events:
Event Type	Trial	Number	Start	Description

UserEvent	1	1	16347695968	# Message: Questionnaire19.jpg
Fixation L	1	1	16347696667	16348200343	503676	924.45	943.53	32	49	-1	14.37	14.37
Fixation R	1	1	16347696667	16348200343	503676	924.45	943.53	32	49	-1	13.72	13.72
Saccade L	1	1	16348200343	16348254344	54001	924.49	947.55	577.04	334.20	15.87	573.05	0.33	293.97	25767.41	-17552.56	15233.32
Saccade R	1	1	16348200343	16348254344	54001	924.49	947.55	577.04	334.20	15.87	573.05	0.33	293.97	25767.41	-17552.56	15233.32
Fixation L	1	2	16348254344	16348374471	120127	566.55	329.74	17	18	-1	14.51	14.51
Fixation R	1	2	16348254344	16348374471	120127	566.55	329.74	17	18	-1	13.91	13.91
Saccade L	1	2	16348374471	16348398464	23993	577.68	340.50	507.72	338.62	1.45	103.62	0.50	60.51	3944.99	-4286.03	2929.66
Saccade R	1	2	16348374471	16348398464	23993	577.68	340.50	507.72	338.62	1.45	103.62	0.50	60.51	3944.99	-4286.03	2929.66
Fixation L	1	3	16348398464	16348530458	131994	484.63	351.36	42	22	-1	13.85	13.85
Fixation R	1	3	16348398464	16348530458	131994	484.63	351.36	42	22	-1	13.36	13.36
Fixation L	1	4	16348550477	16348724587	174110	446.07	350.95	13	13	-1	13.19	13.19
Fixation R	1	4	16348550477	16348724587	174110	446.07	350.95	13	13	-1	12.80	12.80
Saccade L	1	3	16348724587	16348754577	29990	450.27	349.71	549.21	355.18	2.13	141.50	0.40	70.90	5824.25	-5369.68	3987.58
Saccade R	1	3	16348724587	16348754577	29990	450.27	349.71	549.21	355.18	2.13	141.50	0.40	70.90	5824.25	-5369.68	3987.58
Fixation L	1	5	16348754577	16348936729	182152	552.02	363.00	9	14	-1	12.60	12.60
Fixation R	1	5	16348754577	16348936729	182152	552.02	363.00	9	14	-1	12.50	12.50
Saccade L	1	4	16348936729	16348980755	44026	552.98	367.98	697.03	381.92	3.21	143.96	0.41	72.98	6094.02	-5216.32	3946.50
Saccade R	1	4	16348936729	16348980755	44026	552.98	367.98	697.03	381.92	3.21	143.96	0.41	72.98	6094.02	-5216.32	3946.50
Fixation L	1	6	16348980755	16349158808	178053	702.64	375.25	22	24	-1	12.83	12.83
Fixation R	1	6	16348980755	16349158808	178053	702.64	375.25	22	24	-1	12.69	12.69
Saccade L	1	5	16349158808	16349210812	52004	689.08	364.69	842.24	369.85	3.38	178.01	0.27	65.00	7170.34	-5735.79	3276.45
Saccade R	1	5	16349158808	16349210812	52004	689.08	364.69	842.24	369.85	3.38	178.01	0.27	65.00	7170.34	-5735.79	3276.45
Fixation L	1	7	16349210812	16349414923	204111	851.11	383.75	26	22	-1	13.17	13.17
Fixation R	1	7	16349210812	16349414923	204111	851.11	383.75	26	22	-1	13.18	13.18
Saccade L	1	6	16349414923	16349446933	32010	834.74	384.65	902.47	385.90	1.48	84.72	0.45	46.13	3403.96	-3015.56	2293.01
Saccade R	1	6	16349414923	16349446933	32010	834.74	384.65	902.47	385.90	1.48	84.72	0.45	46.13	3403.96	-3015.56	2293.01
Fixation L	1	8	16349446933	16349626912	179979	905.80	383.72	13	18	-1	12.99	12.99
Fixation R	1	8	16349446933	16349626912	179979	905.80	383.72	13	18	-1	12.97	12.97
Saccade L	1	7	16349626912	16349665653	38741	906.19	369.45	976.07	363.03	1.59	72.11	0.31	41.04	2528.34	-2095.62	1561.16
Saccade R	1	7	16349626912	16349665653	38741	906.19	369.45	976.07	363.03	1.59	72.11	0.31	41.04	2528.34	-2095.62	1561.16
Fixation L	1	9	16349665653	16349995150	329497	969.87	367.47	26	23	-1	12.40	12.40
Fixation R	1	9	16349665653	16349995150	329497	969.87	367.47	26	23	-1	12.25	12.25
Saccade L	1	8	16349995150	16350017152	22002	975.94	362.36	1019.81	363.45	0.95	67.73	0.45	43.19	2735.33	-2610.04	1825.64
Saccade R	1	8	16349995150	16350017152	22002	975.94	362.36	1019.81	363.45	0.95	67.73	0.45	43.19	2735.33	-2610.04	1825.64
Fixation L	1	10	16350017152	16350243324	226172	1033.45	364.38	35	13	-1	12.54	12.54
Fixation R	1	10	16350017152	16350243324	226172	1033.45	364.38	35	13	-1	12.04	12.04
Saccade L	1	9	16350243324	16350287266	43942	1035.91	365.43	1133.11	350.05	2.26	94.01	0.36	51.33	3974.71	-3182.61	2436.15
Saccade R	1	9	16350243324	16350287266	43942	1035.91	365.43	1133.11	350.05	2.26	94.01	0.36	51.33	3974.71	-3182.61	2436.15
Fixation L	1	11	16350287266	16350501463	214197	1141.84	351.95	13	15	-1	12.79	12.79
Fixation R	1	11	16350287266	16350501463	214197	1141.84	351.95	13	15	-1	12.33	12.33
Blink L	1	1	16350501463	16350687372	185909
Blink R	1	1	16350501463	16350687372	185909
Fixation L	1	12	16350687372	16351157603	470231	360.37	501.74	51	40	-1	13.07	13.07
Fixation R	1	12	16350687372	16351157603	470231	360.37	501.74	51	40	-1	4.76	4.41
Saccade L	1	10	16351157603	16351217597	59994	353.05	501.95	346.91	475.00	12.16	516.13	0.20	202.65	20964.49	-14316.11	6819.62
Saccade R	1	10	16351157603	16351217597	59994	353.05	501.95	346.91	475.00	12.16	516.13	0.20	202.65	20964.49	-14316.11	6819.62
Saccade L	1	11	16351217597	16351259672	42075	346.91	475.00	814.06	448.20	6.13	323.33	0.19	145.64	3794.21	-8354.76	2706.59
Saccade R	1	11	16351217597	16351259672	42075	346.91	475.00	814.06	448.20	6.13	323.33	0.19	145.64	3794.21	-8354.76	2706.59
Saccade L	1	12	16351344977	16351465727	120750	790.35	523.13	324.97	514.75	33.46	748.78	0.19	277.10	16278.62	-16014.92	7943.59
Saccade R	1	12	16351344977	16351465727	120750	790.35	523.13	324.97	514.75	33.46	748.78	0.19	277.10	16278.62	-16014.92	7943.59
Saccade L	1	13	16351465727	16351666434	200707	324.97	514.75	795.11	586.07	42.45	582.51	0.30	211.49	13897.61	-13634.52	6208.46
Saccade R	1	13	16351465727	16351666434	200707	324.97	514.75	795.11	586.07	42.45	582.51	0.30	211.49	13897.61	-13634.52	6208.46
Saccade L	1	14	16351671196	16351697824	26628	797.05	584.42	744.08	575.65	3.22	403.56	0.81	120.95	8903.84	118.92	4256.44
Saccade R	1	14	16351671196	16351697824	26628	797.05	584.42	744.08	575.65	3.22	403.56	0.81	120.95	8903.84	118.92	4256.44
Saccade L	1	15	16351703842	16351733845	30003	739.90	576.21	334.66	501.06	7.73	627.84	0.64	257.76	11091.49	-12327.80	5739.62
Saccade R	1	15	16351703842	16351733845	30003	739.90	576.21	334.66	501.06	7.73	627.84	0.64	257.76	11091.49	-12327.80	5739.62
UserEvent	1	106	16351835144	# Message: UE-mouseclick left x=364 y=472
Saccade L	1	16	16351898130	16351999974	101844	342.30	500.20	746.31	604.34	19.83	451.71	0.58	194.73	10603.61	-8913.12	4016.84
Blink R	1	2	16351898130	16352105960	207830
Saccade L	1	17	16351999974	16352105960	105986	746.31	604.34	356.49	506.76	22.83	541.66	0.67	215.44	12310.50	-13064.72	4435.70
Saccade L	1	18	16352168936	16352232073	63137	784.04	523.70	778.97	442.47	8.67	366.46	0.24	137.37	8038.18	-7176.53	4251.39
Saccade R	1	16	16352168936	16352232073	63137	784.04	523.70	778.97	442.47	8.67	366.46	0.24	137.37	8038.18	-7176.53	4251.39
Saccade L	1	19	16352232073	16352270140	38067	778.97	442.47	733.68	496.11	7.53	512.45	0.68	197.81	13431.08	-13424.43	7921.55
Saccade R	1	17	16352232073	16352270140	38067	778.97	442.47	733.68	496.11	7.53	512.45	0.68	197.81	13431.08	-13424.43	7921.55
Saccade L	1	20	16352270140	16352358261	88121	733.68	496.11	347.08	552.84	18.43	665.28	0.27	209.19	22684.88	-17430.66	7972.84
Saccade R	1	18	16352270140	16352358261	88121	733.68	496.11	347.08	552.84	18.43	665.28	0.27	209.19	22684.88	-17430.66	7972.84
UserEvent	1	119	16352323174	# Message: UE-mouseclick left x=374 y=550
Saccade L	1	21	16352408177	16352470190	62013	795.36	435.83	354.40	593.71	17.87	517.41	0.77	288.09	11654.83	-19845.98	6842.81
Fixation R	1	13	16352408177	16352759886	351709	378.79	570.16	478	306	-1	5.14	5.14
Fixation L	1	13	16352470190	16352759886	289696	353.64	583.01	26	34	-1	13.97	13.97
UserEvent	1	128	16352635205	# Message: UE-mouseclick left x=381 y=529
