[BeGaze]
Converted from:	C:\Program Files\SMI\Experiment Suite 360\Experiment Center 2\Results\RC-Attachment-Exp\P05-eye_data.idf
Date:	18.03.2012 20:05:54
Version:	BeGaze 3.0.181
Sample Rate:	500
Subject:	P05
Description:	Kibrisli

Table Header for Fixations:
Event Type	Trial	Number	Start	End	Duration	Location X	Location Y	Dispersion X	Dispersion Y	Plane	Avg. Pupil Size X	Avg. Pupil Size Y

Table Header for Saccades:
Event Type	Trial	Number	Start	End	Duration	Start Loc.X	Start Loc.Y	End Loc.X	End Loc.Y	Amplitude	Peak Speed	Peak Speed At	Average Speed	Peak Accel.	Peak Decel.	Average Accel.

Table Header for Blinks:
Event Type	Trial	Number	Start	End	Duration

Table Header for User Events:
Event Type	Trial	Number	Start	Description

UserEvent	1	1	6389386544	# Message: RC-nonforced-anim-6.jpg
Fixation L	1	1	6389387151	6389911361	524210	528.22	465.77	33	26	-1	13.07	13.07
Fixation R	1	1	6389387151	6389911361	524210	528.22	465.77	33	26	-1	14.14	14.14
Saccade L	1	1	6389911361	6389963381	52020	541.37	450.46	558.94	384.46	2.21	63.76	0.50	42.58	2091.16	-1905.54	1188.93
Saccade R	1	1	6389911361	6389963381	52020	541.37	450.46	558.94	384.46	2.21	63.76	0.50	42.58	2091.16	-1905.54	1188.93
Saccade L	1	2	6389963381	6390005395	42014	558.94	384.46	604.53	432.79	1.49	64.76	0.33	35.45	1539.72	-1873.00	1224.43
Saccade R	1	2	6389963381	6390005395	42014	558.94	384.46	604.53	432.79	1.49	64.76	0.33	35.45	1539.72	-1873.00	1224.43
Fixation L	1	2	6390005395	6390121356	115961	592.81	432.52	23	9	-1	13.07	13.07
Fixation R	1	2	6390005395	6390121356	115961	592.81	432.52	23	9	-1	14.08	14.08
Saccade L	1	3	6390121356	6390145504	24148	581.57	438.54	629.35	442.91	1.07	79.93	0.61	44.14	3084.82	-3122.69	2167.65
Saccade R	1	3	6390121356	6390145504	24148	581.57	438.54	629.35	442.91	1.07	79.93	0.61	44.14	3084.82	-3122.69	2167.65
Fixation L	1	3	6390145504	6390309478	163974	622.22	441.96	20	12	-1	13.65	13.65
Fixation R	1	3	6390145504	6390309478	163974	622.22	441.96	20	12	-1	14.72	14.72
Saccade L	1	4	6390309478	6390335474	25996	619.06	437.43	676.46	443.64	1.29	92.60	0.49	49.53	3703.27	-3814.02	2681.54
Saccade R	1	4	6390309478	6390335474	25996	619.06	437.43	676.46	443.64	1.29	92.60	0.49	49.53	3703.27	-3814.02	2681.54
Fixation L	1	4	6390335474	6390465593	130119	676.33	450.07	12	19	-1	13.77	13.77
Fixation R	1	4	6390335474	6390465593	130119	676.33	450.07	12	19	-1	14.73	14.73
Blink L	1	1	6390465593	6390641598	176005
Blink R	1	1	6390465593	6390641598	176005
Fixation L	1	5	6390641598	6391043846	402248	755.98	452.22	44	38	-1	14.12	14.12
Fixation R	1	5	6390641598	6391043846	402248	755.98	452.22	44	38	-1	14.91	14.91
Saccade L	1	5	6391043846	6391069835	25989	767.17	439.17	828.86	445.08	1.47	113.60	0.54	56.39	4533.60	-4207.34	3085.55
Saccade R	1	5	6391043846	6391069835	25989	767.17	439.17	828.86	445.08	1.47	113.60	0.54	56.39	4533.60	-4207.34	3085.55
Fixation L	1	6	6391069835	6391335796	265961	831.57	450.68	12	18	-1	13.63	13.63
Fixation R	1	6	6391069835	6391335796	265961	831.57	450.68	12	18	-1	14.56	14.56
Saccade L	1	6	6391335796	6391362191	26395	826.51	451.10	905.36	452.04	1.61	120.54	0.38	61.04	4907.97	-5133.18	3627.93
Saccade R	1	6	6391335796	6391362191	26395	826.51	451.10	905.36	452.04	1.61	120.54	0.38	61.04	4907.97	-5133.18	3627.93
Fixation L	1	7	6391362191	6391614193	252002	906.20	462.65	14	23	-1	13.86	13.86
Fixation R	1	7	6391362191	6391614193	252002	906.20	462.65	14	23	-1	14.75	14.75
Saccade L	1	7	6391614193	6391639557	25364	906.87	466.96	960.19	470.95	1.27	87.65	0.47	50.04	3351.32	-2952.07	2215.73
Saccade R	1	7	6391614193	6391639557	25364	906.87	466.96	960.19	470.95	1.27	87.65	0.47	50.04	3351.32	-2952.07	2215.73
Fixation L	1	8	6391639557	6391812201	172644	961.16	458.96	9	24	-1	14.32	14.32
Fixation R	1	8	6391639557	6391812201	172644	961.16	458.96	9	24	-1	15.06	15.06
Saccade L	1	8	6391812201	6391834196	21995	959.12	463.35	1036.38	460.74	1.50	124.00	0.55	68.20	4653.70	-4783.38	3144.75
Saccade R	1	8	6391812201	6391834196	21995	959.12	463.35	1036.38	460.74	1.50	124.00	0.55	68.20	4653.70	-4783.38	3144.75
Fixation L	1	9	6391834196	6392158330	324134	1030.23	462.63	24	21	-1	14.66	14.66
Fixation R	1	9	6391834196	6392158330	324134	1030.23	462.63	24	21	-1	15.26	15.26
Saccade L	1	9	6392158330	6392182796	24466	1042.88	477.17	1097.98	478.59	1.24	98.73	0.56	50.54	3209.42	-3573.11	2362.26
Saccade R	1	9	6392158330	6392182796	24466	1042.88	477.17	1097.98	478.59	1.24	98.73	0.56	50.54	3209.42	-3573.11	2362.26
Fixation L	1	10	6392182796	6392310427	127631	1102.75	474.27	15	14	-1	14.95	14.95
Fixation R	1	10	6392182796	6392310427	127631	1102.75	474.27	15	14	-1	15.40	15.40
Saccade L	1	10	6392310427	6392334439	24012	1105.36	481.64	1156.94	486.17	1.23	95.74	0.50	51.35	3142.76	-3711.20	2260.17
Saccade R	1	10	6392310427	6392334439	24012	1105.36	481.64	1156.94	486.17	1.23	95.74	0.50	51.35	3142.76	-3711.20	2260.17
Fixation L	1	11	6392334439	6393028676	694237	1147.46	473.77	36	31	-1	15.02	15.02
Fixation R	1	11	6392334439	6393028676	694237	1147.46	473.77	36	31	-1	15.42	15.42
Blink L	1	2	6393028676	6393250795	222119
Blink R	1	2	6393028676	6393250795	222119
Saccade L	1	11	6393250795	6393278805	28010	888.37	874.70	916.06	845.22	1.62	113.54	0.37	57.85	1843.42	-4382.74	2116.94
Saccade R	1	11	6393250795	6393278805	28010	888.37	874.70	916.06	845.22	1.62	113.54	0.37	57.85	1843.42	-4382.74	2116.94
Fixation L	1	12	6393278805	6393363015	84210	906.38	848.55	21	59	-1	14.43	14.43
Fixation R	1	12	6393278805	6393363015	84210	906.38	848.55	21	59	-1	14.50	14.50
Saccade L	1	12	6393363015	6393386938	23923	895.62	870.63	854.07	890.65	0.99	76.96	0.58	41.39	2416.88	-2301.89	1525.41
Saccade R	1	12	6393363015	6393386938	23923	895.62	870.63	854.07	890.65	0.99	76.96	0.58	41.39	2416.88	-2301.89	1525.41
Fixation L	1	13	6393386938	6393580170	193232	863.20	904.54	22	20	-1	15.32	15.32
Fixation R	1	13	6393386938	6393580170	193232	863.20	904.54	22	20	-1	15.93	15.93
Saccade L	1	13	6393580170	6393600923	20753	863.39	905.92	901.34	923.45	0.83	71.96	0.52	39.77	2603.00	-2678.94	1771.14
Saccade R	1	13	6393580170	6393600923	20753	863.39	905.92	901.34	923.45	0.83	71.96	0.52	39.77	2603.00	-2678.94	1771.14
Fixation L	1	14	6393600923	6393719050	118127	892.18	925.71	20	10	-1	15.07	15.07
Fixation R	1	14	6393600923	6393719050	118127	892.18	925.71	20	10	-1	15.72	15.72
