[BeGaze]
Converted from:	C:\Program Files\SMI\Experiment Suite 360\Experiment Center 2\Results\RC-Attachment-Exp\P15-eye_data.idf
Date:	18.03.2012 20:11:19
Version:	BeGaze 3.0.181
Sample Rate:	500
Subject:	P15
Description:	Run20

Table Header for Fixations:
Event Type	Trial	Number	Start	End	Duration	Location X	Location Y	Dispersion X	Dispersion Y	Plane	Avg. Pupil Size X	Avg. Pupil Size Y

Table Header for Saccades:
Event Type	Trial	Number	Start	End	Duration	Start Loc.X	Start Loc.Y	End Loc.X	End Loc.Y	Amplitude	Peak Speed	Peak Speed At	Average Speed	Peak Accel.	Peak Decel.	Average Accel.

Table Header for Blinks:
Event Type	Trial	Number	Start	End	Duration

Table Header for User Events:
Event Type	Trial	Number	Start	Description

UserEvent	1	1	2365549422	# Message: RC-N2forced-anim-1.jpg
Fixation L	1	1	2365549496	2366355596	806100	524.83	442.85	96	31	-1	13.12	13.12
Fixation R	1	1	2365549496	2366355596	806100	524.83	442.85	96	31	-1	12.85	12.85
Saccade L	1	1	2366355596	2366399702	44106	572.26	459.30	651.71	439.80	1.83	69.09	0.54	41.39	2265.06	-2316.40	1669.25
Saccade R	1	1	2366355596	2366399702	44106	572.26	459.30	651.71	439.80	1.83	69.09	0.54	41.39	2265.06	-2316.40	1669.25
Fixation L	1	2	2366399702	2366779781	380079	665.22	438.10	58	36	-1	12.82	12.82
Fixation R	1	2	2366399702	2366779781	380079	665.22	438.10	58	36	-1	12.59	12.59
Saccade L	1	2	2366779781	2366801788	22007	696.88	420.10	666.02	437.06	0.73	41.88	0.55	33.27	1632.40	-146.02	872.97
Saccade R	1	2	2366779781	2366801788	22007	696.88	420.10	666.02	437.06	0.73	41.88	0.55	33.27	1632.40	-146.02	872.97
Saccade L	1	3	2366801788	2366823786	21998	666.02	437.06	707.05	439.33	1.01	84.59	0.60	45.95	1621.18	-2099.33	1201.43
Saccade R	1	3	2366801788	2366823786	21998	666.02	437.06	707.05	439.33	1.01	84.59	0.60	45.95	1621.18	-2099.33	1201.43
Fixation L	1	3	2366823786	2367101899	278113	738.57	432.98	67	31	-1	12.79	12.79
Fixation R	1	3	2366823786	2367101899	278113	738.57	432.98	67	31	-1	12.49	12.49
Saccade L	1	4	2367101899	2367127901	26002	739.34	448.54	791.13	442.27	1.05	63.80	0.38	40.32	2222.93	-2289.10	1631.55
Saccade R	1	4	2367101899	2367127901	26002	739.34	448.54	791.13	442.27	1.05	63.80	0.38	40.32	2222.93	-2289.10	1631.55
Fixation L	1	4	2367127901	2367300029	172128	793.34	438.88	11	14	-1	12.62	12.62
Fixation R	1	4	2367127901	2367300029	172128	793.34	438.88	11	14	-1	12.36	12.36
Saccade L	1	5	2367300029	2367329299	29270	792.11	429.09	836.88	433.40	0.98	47.94	0.41	33.37	1703.21	-1666.24	1233.98
Saccade R	1	5	2367300029	2367329299	29270	792.11	429.09	836.88	433.40	0.98	47.94	0.41	33.37	1703.21	-1666.24	1233.98
Fixation L	1	5	2367329299	2367530532	201233	836.00	433.01	30	16	-1	12.54	12.54
Fixation R	1	5	2367329299	2367530532	201233	836.00	433.01	30	16	-1	12.38	12.38
Saccade L	1	6	2367530532	2367590137	59605	828.56	436.07	928.07	427.18	2.24	67.98	0.55	37.55	1942.88	-1800.35	1095.86
Saccade R	1	6	2367530532	2367590137	59605	828.56	436.07	928.07	427.18	2.24	67.98	0.55	37.55	1942.88	-1800.35	1095.86
Fixation L	1	6	2367590137	2367794251	204114	918.15	441.53	28	29	-1	12.39	12.39
Fixation R	1	6	2367590137	2367794251	204114	918.15	441.53	28	29	-1	12.28	12.28
Saccade L	1	7	2367794251	2367826252	32001	909.08	436.40	955.58	443.41	1.01	45.26	0.38	31.63	1732.86	-1165.97	1052.66
Saccade R	1	7	2367794251	2367826252	32001	909.08	436.40	955.58	443.41	1.01	45.26	0.38	31.63	1732.86	-1165.97	1052.66
Fixation L	1	7	2367826252	2368062398	236146	948.98	429.64	42	23	-1	12.21	12.21
Fixation R	1	7	2367826252	2368062398	236146	948.98	429.64	42	23	-1	11.96	11.96
Saccade L	1	8	2368062398	2368093343	30945	945.39	417.07	988.22	408.70	0.99	46.83	0.39	32.11	1390.91	-1546.02	1072.85
Saccade R	1	8	2368062398	2368093343	30945	945.39	417.07	988.22	408.70	0.99	46.83	0.39	32.11	1390.91	-1546.02	1072.85
Fixation L	1	8	2368093343	2368226396	133053	992.63	408.61	15	15	-1	11.98	11.98
Fixation R	1	8	2368093343	2368226396	133053	992.63	408.61	15	15	-1	11.86	11.86
Saccade L	1	9	2368226396	2368254378	27982	982.97	399.38	1028.11	411.93	0.96	50.34	0.43	34.46	1863.66	-1832.93	1360.65
Saccade R	1	9	2368226396	2368254378	27982	982.97	399.38	1028.11	411.93	0.96	50.34	0.43	34.46	1863.66	-1832.93	1360.65
Fixation L	1	9	2368254378	2368462484	208106	1026.81	414.35	15	29	-1	12.08	12.08
Fixation R	1	9	2368254378	2368462484	208106	1026.81	414.35	15	29	-1	12.08	12.08
Saccade L	1	10	2368462484	2368500783	38299	1025.27	401.56	1063.51	397.55	9.94	388.95	0.52	259.61	17231.06	-18106.90	14061.09
Saccade R	1	10	2368462484	2368500783	38299	1025.27	401.56	1063.51	397.55	9.94	388.95	0.52	259.61	17231.06	-18106.90	14061.09
Fixation L	1	10	2368500783	2368612618	111835	1071.31	399.98	19	15	-1	12.27	12.27
Fixation R	1	10	2368500783	2368612618	111835	1071.31	399.98	19	15	-1	12.16	12.16
Saccade L	1	11	2368612618	2368648610	35992	1073.14	403.31	1129.93	409.70	1.26	48.01	0.56	34.87	1526.14	-1779.19	1207.43
Saccade R	1	11	2368612618	2368648610	35992	1073.14	403.31	1129.93	409.70	1.26	48.01	0.56	34.87	1526.14	-1779.19	1207.43
Fixation L	1	11	2368648610	2368992723	344113	1139.26	403.34	18	32	-1	12.42	12.42
Fixation R	1	11	2368648610	2368992723	344113	1139.26	403.34	18	32	-1	12.18	12.18
Saccade L	1	12	2368992723	2369142851	150128	1145.61	428.21	1117.82	426.76	77.96	1873.56	0.32	519.29	48822.04	-48507.08	22623.55
Saccade R	1	12	2368992723	2369142851	150128	1145.61	428.21	1117.82	426.76	77.96	1873.56	0.32	519.29	48822.04	-48507.08	22623.55
Fixation L	1	12	2369142851	2369755077	612226	1129.39	417.75	34	56	-1	12.27	12.27
Fixation R	1	12	2369142851	2369755077	612226	1129.39	417.75	34	56	-1	12.16	12.16
Saccade L	1	13	2369755077	2369789075	33998	1139.26	419.38	1116.73	459.05	1.07	42.94	0.59	31.56	1535.71	-1555.83	1097.36
Saccade R	1	13	2369755077	2369789075	33998	1139.26	419.38	1116.73	459.05	1.07	42.94	0.59	31.56	1535.71	-1555.83	1097.36
Saccade L	1	14	2369811224	2369907231	96007	1121.91	455.45	898.11	823.20	10.34	234.24	0.43	107.68	9015.03	-8148.31	3853.10
Saccade R	1	14	2369811224	2369907231	96007	1121.91	455.45	898.11	823.20	10.34	234.24	0.43	107.68	9015.03	-8148.31	3853.10
Saccade L	1	15	2369949270	2369997287	48017	901.12	836.25	874.32	960.13	2.87	103.44	0.34	59.86	4284.72	-2871.23	2509.78
Saccade R	1	15	2369949270	2369997287	48017	901.12	836.25	874.32	960.13	2.87	103.44	0.34	59.86	4284.72	-2871.23	2509.78
Fixation L	1	13	2369997287	2370191185	193898	880.64	954.81	31	37	-1	12.53	12.53
Fixation R	1	13	2369997287	2370191185	193898	880.64	954.81	31	37	-1	12.43	12.43
Saccade L	1	16	2370191185	2370217318	26133	869.53	941.62	868.44	980.57	0.87	48.90	0.59	33.40	1711.11	-1783.69	1242.58
Saccade R	1	16	2370191185	2370217318	26133	869.53	941.62	868.44	980.57	0.87	48.90	0.59	33.40	1711.11	-1783.69	1242.58
Fixation L	1	14	2370217318	2370539429	322111	884.49	955.03	35	46	-1	12.79	12.79
Fixation R	1	14	2370217318	2370539429	322111	884.49	955.03	35	46	-1	12.73	12.73
