[BeGaze]
Converted from:	C:\Program Files\SMI\Experiment Suite 360\Experiment Center 2\Results\RC-Attachment-Exp\P03-eye_data.idf
Date:	18.03.2012 20:04:49
Version:	BeGaze 3.0.181
Sample Rate:	500
Subject:	P03
Description:	Run8

Table Header for Fixations:
Event Type	Trial	Number	Start	End	Duration	Location X	Location Y	Dispersion X	Dispersion Y	Plane	Avg. Pupil Size X	Avg. Pupil Size Y

Table Header for Saccades:
Event Type	Trial	Number	Start	End	Duration	Start Loc.X	Start Loc.Y	End Loc.X	End Loc.Y	Amplitude	Peak Speed	Peak Speed At	Average Speed	Peak Accel.	Peak Decel.	Average Accel.

Table Header for Blinks:
Event Type	Trial	Number	Start	End	Duration

Table Header for User Events:
Event Type	Trial	Number	Start	Description

UserEvent	1	1	995708946	# Message: Dist-srcop-12.jpg
Fixation L	1	1	995711917	996011806	299889	523.00	449.21	13	11	-1	10.44	10.44
Fixation R	1	1	995711917	996011806	299889	523.00	449.21	13	11	-1	9.51	9.51
Saccade L	1	1	996011806	996054106	42300	520.31	443.26	608.68	447.76	1.94	88.45	0.38	45.83	3788.06	-3159.87	2459.22
Saccade R	1	1	996011806	996054106	42300	520.31	443.26	608.68	447.76	1.94	88.45	0.38	45.83	3788.06	-3159.87	2459.22
Fixation L	1	2	996054106	996227820	173714	600.58	452.12	13	8	-1	10.27	10.27
Fixation R	1	2	996054106	996227820	173714	600.58	452.12	13	8	-1	9.64	9.64
Saccade L	1	2	996227820	996277950	50130	599.86	452.81	711.35	457.83	2.47	111.66	0.32	49.36	4823.51	-3460.06	2631.23
Saccade R	1	2	996227820	996277950	50130	599.86	452.81	711.35	457.83	2.47	111.66	0.32	49.36	4823.51	-3460.06	2631.23
Fixation L	1	3	996277950	996439945	161995	702.90	457.04	22	8	-1	10.13	10.13
Fixation R	1	3	996277950	996439945	161995	702.90	457.04	22	8	-1	9.52	9.52
Saccade L	1	3	996439945	996491929	51984	711.13	457.90	792.90	444.31	1.86	85.98	0.50	35.79	3224.59	-3105.10	1958.69
Saccade R	1	3	996439945	996491929	51984	711.13	457.90	792.90	444.31	1.86	85.98	0.50	35.79	3224.59	-3105.10	1958.69
Fixation L	1	4	996491929	996654030	162101	792.82	441.48	8	8	-1	10.04	10.04
Fixation R	1	4	996491929	996654030	162101	792.82	441.48	8	8	-1	9.40	9.40
Saccade L	1	4	996654030	996696394	42364	791.37	446.28	870.02	448.46	1.77	80.08	0.38	41.75	3224.28	-2920.32	2171.62
Saccade R	1	4	996654030	996696394	42364	791.37	446.28	870.02	448.46	1.77	80.08	0.38	41.75	3224.28	-2920.32	2171.62
Fixation L	1	5	996696394	997030136	333742	869.13	451.74	21	15	-1	9.87	9.87
Fixation R	1	5	996696394	997030136	333742	869.13	451.74	21	15	-1	9.29	9.29
Saccade L	1	5	997030136	997068268	38132	864.53	444.67	747.07	444.55	2.55	122.18	0.42	66.97	5369.35	-5100.25	3778.32
Saccade R	1	5	997030136	997068268	38132	864.53	444.67	747.07	444.55	2.55	122.18	0.42	66.97	5369.35	-5100.25	3778.32
Fixation L	1	6	997068268	997270254	201986	748.17	449.54	15	8	-1	9.92	9.92
Fixation R	1	6	997068268	997270254	201986	748.17	449.54	15	8	-1	9.25	9.25
Saccade L	1	6	997270254	997306378	36124	749.47	451.53	800.56	446.82	1.10	51.90	0.47	30.50	2130.97	-2075.79	1545.47
Saccade R	1	6	997270254	997306378	36124	749.47	451.53	800.56	446.82	1.10	51.90	0.47	30.50	2130.97	-2075.79	1545.47
Fixation L	1	7	997306378	997470373	163995	803.42	442.80	10	7	-1	10.01	10.01
Fixation R	1	7	997306378	997470373	163995	803.42	442.80	10	7	-1	9.30	9.30
Saccade L	1	7	997470373	997512371	41998	802.60	440.59	897.59	441.99	2.04	92.23	0.43	48.52	4130.00	-3498.67	2682.29
Saccade R	1	7	997470373	997512371	41998	802.60	440.59	897.59	441.99	2.04	92.23	0.43	48.52	4130.00	-3498.67	2682.29
Fixation L	1	8	997512371	997630512	118141	898.03	443.28	12	3	-1	10.04	10.04
Fixation R	1	8	997512371	997630512	118141	898.03	443.28	12	3	-1	9.37	9.37
Saccade L	1	8	997630512	997666500	35988	900.67	443.75	982.70	437.27	1.78	104.05	0.44	49.40	4505.74	-4245.77	3137.77
Saccade R	1	8	997630512	997666500	35988	900.67	443.75	982.70	437.27	1.78	104.05	0.44	49.40	4505.74	-4245.77	3137.77
Fixation L	1	9	997666500	997928887	262387	983.37	442.39	14	14	-1	9.98	9.98
Fixation R	1	9	997666500	997928887	262387	983.37	442.39	14	14	-1	9.29	9.29
Saccade L	1	9	997928887	997976205	47318	977.46	444.82	1066.83	445.09	2.07	89.71	0.29	43.71	3644.29	-3029.61	2155.71
Saccade R	1	9	997928887	997976205	47318	977.46	444.82	1066.83	445.09	2.07	89.71	0.29	43.71	3644.29	-3029.61	2155.71
Fixation L	1	10	997976205	998146859	170654	1070.42	443.86	15	12	-1	9.94	9.94
Fixation R	1	10	997976205	998146859	170654	1070.42	443.86	15	12	-1	9.32	9.32
Saccade L	1	10	998146859	998184722	37863	1070.31	449.94	1136.51	435.45	1.44	65.49	0.43	38.07	2851.49	-2577.43	1933.10
Saccade R	1	10	998146859	998184722	37863	1070.31	449.94	1136.51	435.45	1.44	65.49	0.43	38.07	2851.49	-2577.43	1933.10
Fixation L	1	11	998184722	998390860	206138	1128.18	443.28	14	11	-1	9.95	9.95
Fixation R	1	11	998184722	998390860	206138	1128.18	443.28	14	11	-1	9.34	9.34
Saccade L	1	11	998390860	998440858	49998	1126.73	444.05	959.09	452.45	3.70	159.88	0.36	73.92	7073.35	-5393.06	4229.63
Saccade R	1	11	998390860	998440858	49998	1126.73	444.05	959.09	452.45	3.70	159.88	0.36	73.92	7073.35	-5393.06	4229.63
Fixation L	1	12	998440858	998610979	170121	958.99	448.82	6	9	-1	10.19	10.19
Fixation R	1	12	998440858	998610979	170121	958.99	448.82	6	9	-1	9.44	9.44
Saccade L	1	12	998610979	998658950	47971	959.43	445.47	807.36	442.14	3.37	121.73	0.58	70.31	5130.34	-5281.34	3768.32
Saccade R	1	12	998610979	998658950	47971	959.43	445.47	807.36	442.14	3.37	121.73	0.58	70.31	5130.34	-5281.34	3768.32
Fixation L	1	13	998658950	998844942	185992	816.26	449.21	17	14	-1	10.40	10.40
Fixation R	1	13	998658950	998844942	185992	816.26	449.21	17	14	-1	9.52	9.52
Saccade L	1	13	998844942	998893059	48117	814.62	454.01	610.60	442.41	4.53	184.50	0.37	94.11	8320.75	-7113.47	5471.95
Saccade R	1	13	998844942	998893059	48117	814.62	454.01	610.60	442.41	4.53	184.50	0.37	94.11	8320.75	-7113.47	5471.95
Fixation L	1	14	998893059	999201174	308115	616.82	446.29	11	13	-1	10.33	10.33
Fixation R	1	14	998893059	999201174	308115	616.82	446.29	11	13	-1	9.45	9.45
Saccade L	1	14	999201174	999241143	39969	611.84	450.17	723.54	455.92	2.38	113.56	0.40	59.66	4865.19	-4446.65	3277.02
Saccade R	1	14	999201174	999241143	39969	611.84	450.17	723.54	455.92	2.38	113.56	0.40	59.66	4865.19	-4446.65	3277.02
Fixation L	1	15	999241143	999447147	206004	719.83	452.11	16	10	-1	10.21	10.21
Fixation R	1	15	999241143	999447147	206004	719.83	452.11	16	10	-1	9.54	9.54
Saccade L	1	15	999447147	999477292	30145	726.88	454.60	792.17	457.47	1.33	85.18	0.54	44.25	3499.61	-3342.91	2527.28
Saccade R	1	15	999447147	999477292	30145	726.88	454.60	792.17	457.47	1.33	85.18	0.54	44.25	3499.61	-3342.91	2527.28
Fixation L	1	16	999477292	999615293	138001	781.34	451.31	19	10	-1	10.06	10.06
Fixation R	1	16	999477292	999615293	138001	781.34	451.31	19	10	-1	9.42	9.42
Blink L	1	1	999615293	999799411	184118
Blink R	1	1	999615293	999799411	184118
Fixation L	1	17	999799411	1000099515	300104	876.24	452.20	8	12	-1	9.96	9.96
Fixation R	1	17	999799411	1000099515	300104	876.24	452.20	8	12	-1	9.37	9.37
Saccade L	1	16	1000099515	1000147512	47997	876.63	453.60	961.63	445.20	2.10	101.20	0.60	43.67	4000.94	-4199.37	2626.65
Saccade R	1	16	1000099515	1000147512	47997	876.63	453.60	961.63	445.20	2.10	101.20	0.60	43.67	4000.94	-4199.37	2626.65
Fixation L	1	18	1000147512	1000388087	240575	958.11	453.89	17	15	-1	9.85	9.85
Fixation R	1	18	1000147512	1000388087	240575	958.11	453.89	17	15	-1	9.22	9.22
Saccade L	1	17	1000388087	1000435966	47879	960.25	448.63	1062.16	452.40	2.34	93.52	0.47	48.80	3945.95	-3489.72	2566.58
Saccade R	1	17	1000388087	1000435966	47879	960.25	448.63	1062.16	452.40	2.34	93.52	0.47	48.80	3945.95	-3489.72	2566.58
Fixation L	1	19	1000435966	1000749951	313985	1060.95	449.95	11	15	-1	9.78	9.78
Fixation R	1	19	1000435966	1000749951	313985	1060.95	449.95	11	15	-1	9.21	9.21
Saccade L	1	18	1000749951	1000789939	39988	1060.23	446.32	1130.58	443.43	1.63	79.10	0.50	40.81	3182.34	-3190.10	2284.95
Saccade R	1	18	1000749951	1000789939	39988	1060.23	446.32	1130.58	443.43	1.63	79.10	0.50	40.81	3182.34	-3190.10	2284.95
Fixation L	1	20	1000789939	1000982058	192119	1127.50	442.45	15	9	-1	9.77	9.77
Fixation R	1	20	1000789939	1000982058	192119	1127.50	442.45	15	9	-1	9.27	9.27
Saccade L	1	19	1000982058	1001037979	55921	1136.00	443.93	955.44	458.32	4.14	187.32	0.40	74.04	7888.88	-7157.95	4543.93
Saccade R	1	19	1000982058	1001037979	55921	1136.00	443.93	955.44	458.32	4.14	187.32	0.40	74.04	7888.88	-7157.95	4543.93
Fixation L	1	21	1001037979	1001365927	327948	951.29	451.68	18	13	-1	10.04	10.04
Fixation R	1	21	1001037979	1001365927	327948	951.29	451.68	18	13	-1	9.42	9.42
Saccade L	1	20	1001365927	1001404087	38160	952.20	452.43	1013.44	447.14	1.30	59.73	0.37	34.16	2598.96	-2204.51	1599.00
Saccade R	1	20	1001365927	1001404087	38160	952.20	452.43	1013.44	447.14	1.30	59.73	0.37	34.16	2598.96	-2204.51	1599.00
Fixation L	1	22	1001404087	1001530079	125992	1004.39	447.23	17	5	-1	10.13	10.13
Fixation R	1	22	1001404087	1001530079	125992	1004.39	447.23	17	5	-1	9.49	9.49
Saccade L	1	21	1001530079	1001580208	50129	1005.97	451.98	1063.80	442.75	1.58	71.26	0.28	31.48	2871.61	-2369.30	1449.72
Saccade R	1	21	1001530079	1001580208	50129	1005.97	451.98	1063.80	442.75	1.58	71.26	0.28	31.48	2871.61	-2369.30	1449.72
Fixation L	1	23	1001580208	1001736196	155988	1066.76	445.75	12	13	-1	10.07	10.07
Fixation R	1	23	1001580208	1001736196	155988	1066.76	445.75	12	13	-1	9.47	9.47
Saccade L	1	22	1001736196	1001774198	38002	1073.48	448.78	1137.41	438.59	1.45	83.19	0.38	38.17	2959.10	-3076.19	2037.93
Saccade R	1	22	1001736196	1001774198	38002	1073.48	448.78	1137.41	438.59	1.45	83.19	0.38	38.17	2959.10	-3076.19	2037.93
Fixation L	1	24	1001774198	1002012098	237900	1133.78	442.17	12	11	-1	10.18	10.18
Fixation R	1	24	1001774198	1002012098	237900	1133.78	442.17	12	11	-1	9.52	9.52
Saccade L	1	23	1002012098	1002088378	76280	1129.84	441.02	887.14	936.47	12.32	304.68	0.34	161.48	13059.13	-10371.81	6741.49
Saccade R	1	23	1002012098	1002088378	76280	1129.84	441.02	887.14	936.47	12.32	304.68	0.34	161.48	13059.13	-10371.81	6741.49
Fixation L	1	25	1002088378	1002512544	424166	882.56	935.00	28	37	-1	10.92	10.92
Fixation R	1	25	1002088378	1002512544	424166	882.56	935.00	28	37	-1	10.22	10.22
Saccade L	1	24	1002512544	1002586535	73991	874.45	936.00	731.64	995.35	4.07	135.63	0.29	55.01	5731.18	-4558.49	2554.64
Saccade R	1	24	1002512544	1002586535	73991	874.45	936.00	731.64	995.35	4.07	135.63	0.29	55.01	5731.18	-4558.49	2554.64
Fixation L	1	26	1002586535	1003047918	461383	726.49	963.23	19	53	-1	11.21	11.21
Fixation R	1	26	1002586535	1003047918	461383	726.49	963.23	19	53	-1	10.39	10.39
Saccade L	1	25	1003047918	1003086784	38866	728.77	943.95	659.40	937.01	1.48	76.30	0.43	38.20	3229.09	-2949.22	2152.89
Saccade R	1	25	1003047918	1003086784	38866	728.77	943.95	659.40	937.01	1.48	76.30	0.43	38.20	3229.09	-2949.22	2152.89
Fixation L	1	27	1003086784	1003276901	190117	663.75	943.80	25	19	-1	11.29	11.29
Fixation R	1	27	1003086784	1003276901	190117	663.75	943.80	25	19	-1	10.18	10.18
Saccade L	1	26	1003276901	1003342901	66000	671.37	952.91	902.43	937.05	5.29	184.10	0.42	80.11	7649.91	-5749.23	3993.46
Saccade R	1	26	1003276901	1003342901	66000	671.37	952.91	902.43	937.05	5.29	184.10	0.42	80.11	7649.91	-5749.23	3993.46
Fixation L	1	28	1003342901	1003829162	486261	900.65	934.28	23	45	-1	10.81	10.81
Fixation R	1	28	1003342901	1003829162	486261	900.65	934.28	23	45	-1	10.27	10.27
