[BeGaze]
Converted from:	C:\Program Files\SMI\Experiment Suite 360\Experiment Center 2\Results\RC-Attachment-Exp\P19-eye_data.idf
Date:	18.03.2012 20:15:04
Version:	BeGaze 3.0.181
Sample Rate:	500
Subject:	P19
Description:	Run24

Table Header for Fixations:
Event Type	Trial	Number	Start	End	Duration	Location X	Location Y	Dispersion X	Dispersion Y	Plane	Avg. Pupil Size X	Avg. Pupil Size Y

Table Header for Saccades:
Event Type	Trial	Number	Start	End	Duration	Start Loc.X	Start Loc.Y	End Loc.X	End Loc.Y	Amplitude	Peak Speed	Peak Speed At	Average Speed	Peak Accel.	Peak Decel.	Average Accel.

Table Header for Blinks:
Event Type	Trial	Number	Start	End	Duration

Table Header for User Events:
Event Type	Trial	Number	Start	Description

UserEvent	1	1	18411575366	# Message: RC-N1forced-nonanim-5.jpg
Fixation L	1	1	18411579604	18412263634	684030	515.60	446.21	34	40	-1	13.14	13.14
Fixation R	1	1	18411579604	18412263634	684030	515.60	446.21	34	40	-1	13.10	13.10
Saccade L	1	1	18412263634	18412313754	50120	506.71	463.92	560.93	444.40	1.29	45.82	0.68	25.82	1164.55	-744.12	630.91
Saccade R	1	1	18412263634	18412313754	50120	506.71	463.92	560.93	444.40	1.29	45.82	0.68	25.82	1164.55	-744.12	630.91
Saccade L	1	2	18412313754	18412353767	40013	560.93	444.40	591.20	435.14	0.96	44.71	0.25	23.95	610.49	-1478.21	664.76
Saccade R	1	2	18412313754	18412353767	40013	560.93	444.40	591.20	435.14	0.96	44.71	0.25	23.95	610.49	-1478.21	664.76
Fixation L	1	2	18412353767	18412551787	198020	580.95	445.92	19	40	-1	12.75	12.75
Fixation R	1	2	18412353767	18412551787	198020	580.95	445.92	19	40	-1	12.81	12.81
Saccade L	1	3	18412551787	18412631861	80074	577.21	426.06	641.67	466.38	2.34	102.26	0.27	29.19	3930.89	-3674.82	1509.22
Saccade R	1	3	18412551787	18412631861	80074	577.21	426.06	641.67	466.38	2.34	102.26	0.27	29.19	3930.89	-3674.82	1509.22
Fixation L	1	3	18412631861	18412785899	154038	660.09	451.75	43	35	-1	12.78	12.78
Fixation R	1	3	18412631861	18412785899	154038	660.09	451.75	43	35	-1	12.66	12.66
Saccade L	1	4	18412785899	18412813911	28012	683.79	438.71	782.74	451.00	2.14	163.20	0.57	76.40	6549.59	-5933.06	4408.74
Saccade R	1	4	18412785899	18412813911	28012	683.79	438.71	782.74	451.00	2.14	163.20	0.57	76.40	6549.59	-5933.06	4408.74
Fixation L	1	4	18412813911	18413077970	264059	779.41	436.89	40	37	-1	12.73	12.73
Fixation R	1	4	18412813911	18413077970	264059	779.41	436.89	40	37	-1	12.68	12.68
Saccade L	1	5	18413077970	18413136100	58130	800.92	432.26	886.47	445.22	2.00	87.85	0.28	34.40	3385.94	-2613.29	1480.98
Saccade R	1	5	18413077970	18413136100	58130	800.92	432.26	886.47	445.22	2.00	87.85	0.28	34.40	3385.94	-2613.29	1480.98
Fixation L	1	5	18413136100	18413420233	284133	854.36	439.78	53	36	-1	12.64	12.64
Fixation R	1	5	18413136100	18413420233	284133	854.36	439.78	53	36	-1	12.46	12.46
Saccade L	1	6	18413420233	18413462240	42007	837.91	455.68	926.35	456.10	2.01	110.39	0.33	47.78	4497.65	-4152.72	2769.66
Saccade R	1	6	18413420233	18413462240	42007	837.91	455.68	926.35	456.10	2.01	110.39	0.33	47.78	4497.65	-4152.72	2769.66
Fixation L	1	6	18413462240	18413630224	167984	933.13	463.99	29	20	-1	12.50	12.50
Fixation R	1	6	18413462240	18413630224	167984	933.13	463.99	29	20	-1	12.41	12.41
Saccade L	1	7	18413630224	18413656209	25985	917.34	456.63	1012.23	452.01	2.04	167.16	0.54	78.64	6670.22	-6289.39	4617.99
Saccade R	1	7	18413630224	18413656209	25985	917.34	456.63	1012.23	452.01	2.04	167.16	0.54	78.64	6670.22	-6289.39	4617.99
Fixation L	1	7	18413656209	18413908319	252110	1019.22	453.94	24	18	-1	12.69	12.69
Fixation R	1	7	18413656209	18413908319	252110	1019.22	453.94	24	18	-1	12.57	12.57
Saccade L	1	8	18413908319	18413962336	54017	1030.91	450.34	1160.65	446.49	3.01	157.82	0.48	55.71	5998.79	-6227.33	3563.38
Saccade R	1	8	18413908319	18413962336	54017	1030.91	450.34	1160.65	446.49	3.01	157.82	0.48	55.71	5998.79	-6227.33	3563.38
Fixation L	1	8	18413962336	18414134445	172109	1139.72	449.82	34	19	-1	12.72	12.72
Fixation R	1	8	18413962336	18414134445	172109	1139.72	449.82	34	19	-1	12.50	12.50
Saccade L	1	9	18414134445	18414240579	106134	1133.39	459.48	964.70	917.92	11.80	259.72	0.47	111.13	10776.75	-6669.67	4298.67
Saccade R	1	9	18414134445	18414240579	106134	1133.39	459.48	964.70	917.92	11.80	259.72	0.47	111.13	10776.75	-6669.67	4298.67
Fixation L	1	9	18414240579	18414336567	95988	962.61	927.03	48	22	-1	13.26	13.26
Fixation R	1	9	18414240579	18414336567	95988	962.61	927.03	48	22	-1	13.15	13.15
Saccade L	1	10	18414336567	18414378574	42007	930.43	910.47	994.33	904.28	1.67	77.94	0.67	39.80	2296.01	-2977.83	1519.59
Saccade R	1	10	18414336567	18414378574	42007	930.43	910.47	994.33	904.28	1.67	77.94	0.67	39.80	2296.01	-2977.83	1519.59
Saccade L	1	11	18414384551	18414479171	94620	995.77	906.09	925.50	922.39	3.25	99.02	0.40	34.30	3309.45	-2672.80	1119.44
Saccade R	1	11	18414384551	18414479171	94620	995.77	906.09	925.50	922.39	3.25	99.02	0.40	34.30	3309.45	-2672.80	1119.44
Fixation L	1	10	18414479171	18414846785	367614	912.63	931.22	43	39	-1	13.40	13.40
Fixation R	1	10	18414479171	18414846785	367614	912.63	931.22	43	39	-1	13.30	13.30
Saccade L	1	12	18414866776	18414890877	24101	903.68	952.80	942.75	932.90	0.88	70.10	0.58	36.44	1210.92	-1362.97	848.85
Saccade R	1	12	18414866776	18414890877	24101	903.68	952.80	942.75	932.90	0.88	70.10	0.58	36.44	1210.92	-1362.97	848.85
Fixation L	1	11	18414890877	18414950776	59899	935.46	937.28	28	28	-1	13.41	13.41
Fixation R	1	11	18414890877	18414950776	59899	935.46	937.28	28	28	-1	13.27	13.27
