[BeGaze]
Converted from:	C:\Program Files\SMI\Experiment Suite 360\Experiment Center 2\Results\RC-Attachment-Exp\Denek03-eye_data.idf
Date:	18.03.2012 20:04:11
Version:	BeGaze 3.0.181
Sample Rate:	500
Subject:	Denek03
Description:	Run6

Table Header for Fixations:
Event Type	Trial	Number	Start	End	Duration	Location X	Location Y	Dispersion X	Dispersion Y	Plane	Avg. Pupil Size X	Avg. Pupil Size Y

Table Header for Saccades:
Event Type	Trial	Number	Start	End	Duration	Start Loc.X	Start Loc.Y	End Loc.X	End Loc.Y	Amplitude	Peak Speed	Peak Speed At	Average Speed	Peak Accel.	Peak Decel.	Average Accel.

Table Header for Blinks:
Event Type	Trial	Number	Start	End	Duration

Table Header for User Events:
Event Type	Trial	Number	Start	Description

UserEvent	1	1	5208208162	# Message: Dist-srthm-24.jpg
Fixation L	1	1	5208208681	5208767585	558904	501.36	444.49	25	30	-1	15.19	15.19
Fixation R	1	1	5208208681	5208767585	558904	501.36	444.49	25	30	-1	14.91	14.91
Saccade L	1	1	5208767585	5208795582	27997	489.65	450.53	560.66	457.22	1.48	95.40	0.43	52.98	3663.36	-3596.40	2651.96
Saccade R	1	1	5208767585	5208795582	27997	489.65	450.53	560.66	457.22	1.48	95.40	0.43	52.98	3663.36	-3596.40	2651.96
Fixation L	1	2	5208795582	5209149683	354101	537.17	448.84	54	28	-1	15.07	15.07
Fixation R	1	2	5208795582	5209149683	354101	537.17	448.84	54	28	-1	15.09	15.09
Saccade L	1	2	5209149683	5209186558	36875	516.75	430.06	624.74	447.23	2.44	129.14	0.38	66.30	5486.20	-4689.40	3574.79
Saccade R	1	2	5209149683	5209186558	36875	516.75	430.06	624.74	447.23	2.44	129.14	0.38	66.30	5486.20	-4689.40	3574.79
Fixation L	1	3	5209186558	5209389808	203250	631.92	439.45	18	25	-1	15.24	15.24
Fixation R	1	3	5209186558	5209389808	203250	631.92	439.45	18	25	-1	15.15	15.15
Saccade L	1	3	5209389808	5209424232	34424	625.97	434.24	761.17	438.94	3.18	194.18	0.52	92.36	8176.00	-7938.83	5871.24
Saccade R	1	3	5209389808	5209424232	34424	625.97	434.24	761.17	438.94	3.18	194.18	0.52	92.36	8176.00	-7938.83	5871.24
Fixation L	1	4	5209424232	5209872031	447799	778.46	450.69	40	31	-1	15.31	15.31
Fixation R	1	4	5209424232	5209872031	447799	778.46	450.69	40	31	-1	15.23	15.23
Saccade L	1	4	5209872031	5209903194	31163	782.49	453.04	858.40	450.16	1.70	105.61	0.39	54.63	4377.89	-3815.83	2923.36
Saccade R	1	4	5209872031	5209903194	31163	782.49	453.04	858.40	450.16	1.70	105.61	0.39	54.63	4377.89	-3815.83	2923.36
Fixation L	1	5	5209903194	5210074153	170959	869.88	448.52	21	42	-1	14.86	14.86
Fixation R	1	5	5209903194	5210074153	170959	869.88	448.52	21	42	-1	15.01	15.01
Saccade L	1	5	5210074153	5210102149	27996	868.51	426.46	972.67	434.89	2.12	147.70	0.36	75.69	5710.14	-5547.18	3927.93
Saccade R	1	5	5210074153	5210102149	27996	868.51	426.46	972.67	434.89	2.12	147.70	0.36	75.69	5710.14	-5547.18	3927.93
Fixation L	1	6	5210102149	5210398265	296116	977.74	446.68	23	29	-1	14.56	14.56
Fixation R	1	6	5210102149	5210398265	296116	977.74	446.68	23	29	-1	14.82	14.82
Saccade L	1	6	5210398265	5210428265	30000	985.56	459.80	1085.97	466.42	2.20	146.72	0.47	73.36	5875.38	-5568.63	4157.77
Saccade R	1	6	5210398265	5210428265	30000	985.56	459.80	1085.97	466.42	2.20	146.72	0.47	73.36	5875.38	-5568.63	4157.77
Fixation L	1	7	5210428265	5210572502	144237	1093.60	457.25	17	17	-1	14.42	14.42
Fixation R	1	7	5210428265	5210572502	144237	1093.60	457.25	17	17	-1	14.77	14.77
Saccade L	1	7	5210572502	5210610413	37911	1082.61	457.15	1179.51	457.28	2.12	106.49	0.31	55.92	4449.46	-3666.35	2671.20
Saccade R	1	7	5210572502	5210610413	37911	1082.61	457.15	1179.51	457.28	2.12	106.49	0.31	55.92	4449.46	-3666.35	2671.20
Fixation L	1	8	5210610413	5210876490	266077	1170.50	465.13	34	30	-1	14.44	14.44
Fixation R	1	8	5210610413	5210876490	266077	1170.50	465.13	34	30	-1	14.70	14.70
Saccade L	1	8	5210876490	5210942093	65603	1174.35	473.27	584.50	469.61	13.58	439.88	0.37	207.04	19333.31	-15227.66	10810.85
Saccade R	1	8	5210876490	5210942093	65603	1174.35	473.27	584.50	469.61	13.58	439.88	0.37	207.04	19333.31	-15227.66	10810.85
Fixation L	1	9	5210942093	5211183607	241514	608.60	446.49	40	35	-1	14.77	14.77
Fixation R	1	9	5210942093	5211183607	241514	608.60	446.49	40	35	-1	14.78	14.78
Saccade L	1	9	5211183607	5211214812	31205	607.66	443.71	654.24	457.63	1.02	52.75	0.35	32.61	1808.91	-1593.21	1180.13
Saccade R	1	9	5211183607	5211214812	31205	607.66	443.71	654.24	457.63	1.02	52.75	0.35	32.61	1808.91	-1593.21	1180.13
Fixation L	1	10	5211214812	5211476730	261918	661.96	444.15	20	33	-1	15.00	15.00
Fixation R	1	10	5211214812	5211476730	261918	661.96	444.15	20	33	-1	15.06	15.06
Fixation L	1	11	5211496734	5211823895	327161	650.77	455.57	71	38	-1	15.14	15.14
Fixation R	1	11	5211496734	5211823895	327161	650.77	455.57	71	38	-1	15.05	15.05
Saccade L	1	10	5211823895	5211853790	29895	686.86	448.21	787.77	450.38	2.14	137.25	0.37	71.69	5688.67	-5516.30	4049.40
Saccade R	1	10	5211823895	5211853790	29895	686.86	448.21	787.77	450.38	2.14	137.25	0.37	71.69	5688.67	-5516.30	4049.40
Fixation L	1	12	5211853790	5212111097	257307	799.21	450.36	18	24	-1	15.34	15.34
Fixation R	1	12	5211853790	5212111097	257307	799.21	450.36	18	24	-1	15.15	15.15
Saccade L	1	11	5212111097	5212143109	32012	801.68	436.53	908.74	433.09	2.36	142.18	0.44	73.86	5364.72	-5472.92	3990.18
Saccade R	1	11	5212111097	5212143109	32012	801.68	436.53	908.74	433.09	2.36	142.18	0.44	73.86	5364.72	-5472.92	3990.18
Fixation L	1	13	5212143109	5212339062	195953	917.09	448.03	21	24	-1	15.23	15.23
Fixation R	1	13	5212143109	5212339062	195953	917.09	448.03	21	24	-1	15.19	15.19
Saccade L	1	12	5212339062	5212363063	24001	915.71	442.64	977.21	457.23	1.25	92.12	0.42	51.91	3495.11	-3438.06	2367.96
Saccade R	1	12	5212339062	5212363063	24001	915.71	442.64	977.21	457.23	1.25	92.12	0.42	51.91	3495.11	-3438.06	2367.96
Fixation L	1	14	5212363063	5212563208	200145	983.26	442.24	28	29	-1	15.10	15.10
Fixation R	1	14	5212363063	5212563208	200145	983.26	442.24	28	29	-1	15.08	15.08
Saccade L	1	13	5212563208	5212599176	35968	983.93	434.52	1111.89	437.81	2.73	152.35	0.39	75.97	6298.46	-5795.22	4270.82
Saccade R	1	13	5212563208	5212599176	35968	983.93	434.52	1111.89	437.81	2.73	152.35	0.39	75.97	6298.46	-5795.22	4270.82
Fixation L	1	15	5212599176	5212779315	180139	1108.97	446.48	15	25	-1	14.94	14.94
Fixation R	1	15	5212599176	5212779315	180139	1108.97	446.48	15	25	-1	14.91	14.91
Saccade L	1	14	5212779315	5212803298	23983	1112.58	463.26	1185.87	465.57	1.55	111.00	0.50	64.57	4565.59	-4427.29	3182.15
Saccade R	1	14	5212779315	5212803298	23983	1112.58	463.26	1185.87	465.57	1.55	111.00	0.50	64.57	4565.59	-4427.29	3182.15
Fixation L	1	16	5212803298	5212937429	134131	1182.28	464.02	11	14	-1	14.96	14.96
Fixation R	1	16	5212803298	5212937429	134131	1182.28	464.02	11	14	-1	14.81	14.81
Saccade L	1	15	5212937429	5213028636	91207	1187.35	453.04	875.12	992.97	15.11	297.46	0.46	165.63	9024.46	-7089.45	5131.73
Saccade R	1	15	5212937429	5213028636	91207	1187.35	453.04	875.12	992.97	15.11	297.46	0.46	165.63	9024.46	-7089.45	5131.73
Saccade L	1	16	5213039405	5213063532	24127	875.51	994.55	886.60	964.83	0.77	46.43	0.45	32.10	1313.61	-1751.44	1117.43
Saccade R	1	16	5213039405	5213063532	24127	875.51	994.55	886.60	964.83	0.77	46.43	0.45	32.10	1313.61	-1751.44	1117.43
Fixation L	1	17	5213063532	5213407519	343987	866.27	958.65	49	31	-1	15.14	15.14
Fixation R	1	17	5213063532	5213407519	343987	866.27	958.65	49	31	-1	15.02	15.02
Saccade L	1	17	5213407519	5213429645	22126	875.22	942.15	893.80	973.98	0.66	41.42	0.45	29.91	539.65	-445.09	371.63
Saccade R	1	17	5213407519	5213429645	22126	875.22	942.15	893.80	973.98	0.66	41.42	0.45	29.91	539.65	-445.09	371.63
Fixation L	1	18	5213429645	5213529631	99986	873.63	964.07	43	27	-1	14.71	14.71
Fixation R	1	18	5213429645	5213529631	99986	873.63	964.07	43	27	-1	14.67	14.67
