[BeGaze]
Converted from:	C:\Program Files\SMI\Experiment Suite 360\Experiment Center 2\Results\RC-Attachment-Exp\Deney02-eye_data.idf
Date:	18.03.2012 20:03:46
Version:	BeGaze 3.0.181
Sample Rate:	500
Subject:	Deney02
Description:	Run5

Table Header for Fixations:
Event Type	Trial	Number	Start	End	Duration	Location X	Location Y	Dispersion X	Dispersion Y	Plane	Avg. Pupil Size X	Avg. Pupil Size Y

Table Header for Saccades:
Event Type	Trial	Number	Start	End	Duration	Start Loc.X	Start Loc.Y	End Loc.X	End Loc.Y	Amplitude	Peak Speed	Peak Speed At	Average Speed	Peak Accel.	Peak Decel.	Average Accel.

Table Header for Blinks:
Event Type	Trial	Number	Start	End	Duration

Table Header for User Events:
Event Type	Trial	Number	Start	Description

UserEvent	1	1	3165780551	# Message: RC-N2forced-nonanim-2.jpg
Fixation L	1	1	3165782267	3166338046	555779	505.49	450.14	25	18	-1	12.16	12.16
Fixation R	1	1	3165782267	3166338046	555779	505.49	450.14	25	18	-1	12.82	12.82
Saccade L	1	1	3166338046	3166368062	30016	510.60	447.94	554.69	441.11	0.90	56.81	0.40	30.15	1952.06	-2155.96	1467.85
Saccade R	1	1	3166338046	3166368062	30016	510.60	447.94	554.69	441.11	0.90	56.81	0.40	30.15	1952.06	-2155.96	1467.85
Fixation L	1	2	3166368062	3166566177	198115	556.43	429.03	10	23	-1	12.43	12.43
Fixation R	1	2	3166368062	3166566177	198115	556.43	429.03	10	23	-1	13.02	13.02
Saccade L	1	2	3166566177	3166614168	47991	554.99	419.14	608.59	438.92	1.33	52.14	0.54	27.73	1742.57	-1734.02	1178.96
Saccade R	1	2	3166566177	3166614168	47991	554.99	419.14	608.59	438.92	1.33	52.14	0.54	27.73	1742.57	-1734.02	1178.96
Fixation L	1	3	3166614168	3166948286	334118	614.17	432.57	30	12	-1	12.18	12.18
Fixation R	1	3	3166614168	3166948286	334118	614.17	432.57	30	12	-1	13.12	13.12
Saccade L	1	3	3166948286	3166976270	27984	612.52	435.51	692.85	432.75	1.67	116.74	0.50	59.78	4436.86	-4830.33	3359.34
Saccade R	1	3	3166948286	3166976270	27984	612.52	435.51	692.85	432.75	1.67	116.74	0.50	59.78	4436.86	-4830.33	3359.34
Fixation L	1	4	3166976270	3167226395	250125	697.49	453.44	29	45	-1	12.07	12.07
Fixation R	1	4	3166976270	3167226395	250125	697.49	453.44	29	45	-1	13.19	13.19
Saccade L	1	4	3167226395	3167260441	34046	709.01	469.57	765.15	448.86	1.34	77.30	0.41	39.23	3031.35	-3001.01	2146.60
Saccade R	1	4	3167226395	3167260441	34046	709.01	469.57	765.15	448.86	1.34	77.30	0.41	39.23	3031.35	-3001.01	2146.60
Fixation L	1	5	3167260441	3167778612	518171	772.17	452.79	16	27	-1	12.06	12.06
Fixation R	1	5	3167260441	3167778612	518171	772.17	452.79	16	27	-1	13.03	13.03
Saccade L	1	5	3167778612	3167820616	42004	769.55	463.26	850.64	454.38	1.82	94.67	0.48	43.24	3810.67	-3722.62	2601.50
Saccade R	1	5	3167778612	3167820616	42004	769.55	463.26	850.64	454.38	1.82	94.67	0.48	43.24	3810.67	-3722.62	2601.50
Fixation L	1	6	3167820616	3168076862	256246	850.25	456.56	24	22	-1	12.09	12.09
Fixation R	1	6	3167820616	3168076862	256246	850.25	456.56	24	22	-1	13.01	13.01
Saccade L	1	6	3168076862	3168114847	37985	837.31	451.99	939.47	454.49	2.21	127.72	0.37	58.23	5404.36	-4915.03	3542.98
Saccade R	1	6	3168076862	3168114847	37985	837.31	451.99	939.47	454.49	2.21	127.72	0.37	58.23	5404.36	-4915.03	3542.98
Fixation L	1	7	3168114847	3168536963	422116	971.74	453.02	76	50	-1	12.33	12.33
Fixation R	1	7	3168114847	3168536963	422116	971.74	453.02	76	50	-1	13.34	13.34
Saccade L	1	7	3168536963	3168589242	52279	990.53	430.34	1065.26	431.37	1.73	68.92	0.34	33.18	2800.51	-2268.09	1525.23
Saccade R	1	7	3168536963	3168589242	52279	990.53	430.34	1065.26	431.37	1.73	68.92	0.34	33.18	2800.51	-2268.09	1525.23
Saccade L	1	8	3168618957	3168645067	26110	1054.93	427.72	1035.12	446.42	0.67	42.35	0.56	25.57	1267.47	-1288.02	920.28
Saccade R	1	8	3168618957	3168645067	26110	1054.93	427.72	1035.12	446.42	0.67	42.35	0.56	25.57	1267.47	-1288.02	920.28
Fixation L	1	8	3168645067	3168769143	124076	1049.26	446.97	24	16	-1	12.50	12.50
Fixation R	1	8	3168645067	3168769143	124076	1049.26	446.97	24	16	-1	13.24	13.24
Saccade L	1	9	3168769143	3168793888	24745	1056.19	452.01	1106.66	443.02	1.12	84.83	0.48	45.38	3561.88	-3178.61	2351.95
Saccade R	1	9	3168769143	3168793888	24745	1056.19	452.01	1106.66	443.02	1.12	84.83	0.48	45.38	3561.88	-3178.61	2351.95
Fixation L	1	9	3168793888	3168963075	169187	1091.99	442.00	22	13	-1	12.43	12.43
Fixation R	1	9	3168793888	3168963075	169187	1091.99	442.00	22	13	-1	13.43	13.43
Saccade L	1	10	3168963075	3169001425	38350	1102.35	440.02	1014.69	440.20	1.91	121.71	0.37	49.88	4774.19	-4629.49	3022.91
Saccade R	1	10	3168963075	3169001425	38350	1102.35	440.02	1014.69	440.20	1.91	121.71	0.37	49.88	4774.19	-4629.49	3022.91
Fixation L	1	10	3169001425	3169183185	181760	1013.56	447.40	19	19	-1	12.42	12.42
Fixation R	1	10	3169001425	3169183185	181760	1013.56	447.40	19	19	-1	13.25	13.25
Saccade L	1	11	3169183185	3169235301	52116	1020.44	453.99	1121.85	436.87	2.29	88.05	0.35	43.90	3792.68	-2240.50	1977.16
Saccade R	1	11	3169183185	3169235301	52116	1020.44	453.99	1121.85	436.87	2.29	88.05	0.35	43.90	3792.68	-2240.50	1977.16
Fixation L	1	11	3169235301	3169583419	348118	1116.79	429.32	30	31	-1	12.23	12.23
Fixation R	1	11	3169235301	3169583419	348118	1116.79	429.32	30	31	-1	13.08	13.08
Saccade L	1	12	3169583419	3169661472	78053	1133.16	430.62	655.69	421.01	11.05	328.12	0.28	141.53	14341.61	-8814.27	6950.26
Saccade R	1	12	3169583419	3169661472	78053	1133.16	430.62	655.69	421.01	11.05	328.12	0.28	141.53	14341.61	-8814.27	6950.26
Fixation L	1	12	3169661472	3169829601	168129	675.57	436.39	32	29	-1	12.08	12.08
Fixation R	1	12	3169661472	3169829601	168129	675.57	436.39	32	29	-1	12.78	12.78
Saccade L	1	13	3169829601	3169859534	29933	677.62	437.66	581.32	436.54	2.07	144.22	0.47	69.03	6048.84	-5920.73	4347.80
Saccade R	1	13	3169829601	3169859534	29933	677.62	437.66	581.32	436.54	2.07	144.22	0.47	69.03	6048.84	-5920.73	4347.80
Fixation L	1	13	3169859534	3170297647	438113	552.79	441.41	56	29	-1	12.13	12.13
Fixation R	1	13	3169859534	3170297647	438113	552.79	441.41	56	29	-1	12.69	12.69
Saccade L	1	14	3170297647	3170394087	96440	551.91	440.35	1085.20	455.54	12.53	267.78	0.35	129.90	11115.26	-8022.71	4752.19
Saccade R	1	14	3170297647	3170394087	96440	551.91	440.35	1085.20	455.54	12.53	267.78	0.35	129.90	11115.26	-8022.71	4752.19
Fixation L	1	14	3170394087	3170719871	325784	1096.43	428.77	32	40	-1	11.69	11.69
Fixation R	1	14	3170394087	3170719871	325784	1096.43	428.77	32	40	-1	12.82	12.82
Blink L	1	1	3170719871	3170895994	176123
Blink R	1	1	3170719871	3170895994	176123
Saccade L	1	15	3170895994	3170923987	27993	944.92	842.89	1005.77	816.01	1.08	88.82	0.21	38.49	347.75	-2586.54	1059.22
Saccade R	1	15	3170895994	3170923987	27993	944.92	842.89	1005.77	816.01	1.08	88.82	0.21	38.49	347.75	-2586.54	1059.22
Saccade L	1	16	3170923987	3171003987	80000	1005.77	816.01	957.39	885.43	2.11	47.01	0.45	26.41	1373.24	-1387.16	760.35
Saccade R	1	16	3170923987	3171003987	80000	1005.77	816.01	957.39	885.43	2.11	47.01	0.45	26.41	1373.24	-1387.16	760.35
Saccade L	1	17	3171049983	3171089361	39378	956.65	901.16	891.69	954.44	2.30	139.75	0.42	58.49	5381.85	-5183.27	3564.52
Saccade R	1	17	3171049983	3171089361	39378	956.65	901.16	891.69	954.44	2.30	139.75	0.42	58.49	5381.85	-5183.27	3564.52
Fixation L	1	15	3171089361	3171576207	486846	889.63	941.49	31	44	-1	12.43	12.43
Fixation R	1	15	3171089361	3171576207	486846	889.63	941.49	31	44	-1	12.82	12.82
