[BeGaze]
Converted from:	C:\Program Files\SMI\Experiment Suite 360\Experiment Center 2\Results\RC-Attachment-Exp\P02-eye_data.idf
Date:	18.03.2012 20:02:59
Version:	BeGaze 3.0.181
Sample Rate:	500
Subject:	P02
Description:	Run2

Table Header for Fixations:
Event Type	Trial	Number	Start	End	Duration	Location X	Location Y	Dispersion X	Dispersion Y	Plane	Avg. Pupil Size X	Avg. Pupil Size Y

Table Header for Saccades:
Event Type	Trial	Number	Start	End	Duration	Start Loc.X	Start Loc.Y	End Loc.X	End Loc.Y	Amplitude	Peak Speed	Peak Speed At	Average Speed	Peak Accel.	Peak Decel.	Average Accel.

Table Header for Blinks:
Event Type	Trial	Number	Start	End	Duration

Table Header for User Events:
Event Type	Trial	Number	Start	Description

UserEvent	1	1	3060145856	# Message: int-4.jpg
Fixation L	1	1	3060146594	3060668800	522206	396.12	416.17	34	34	-1	13.63	13.63
Fixation R	1	1	3060146594	3060668800	522206	396.12	416.17	34	34	-1	14.53	14.53
Saccade L	1	1	3060668800	3060700800	32000	382.30	401.56	466.34	402.65	1.92	97.70	0.56	60.12	4119.08	-4187.32	3092.10
Saccade R	1	1	3060668800	3060700800	32000	382.30	401.56	466.34	402.65	1.92	97.70	0.56	60.12	4119.08	-4187.32	3092.10
Fixation L	1	2	3060700800	3061066927	366127	463.48	410.02	35	26	-1	13.06	13.06
Fixation R	1	2	3060700800	3061066927	366127	463.48	410.02	35	26	-1	13.93	13.93
Saccade L	1	2	3061066927	3061092914	25987	449.85	411.53	515.96	409.65	1.45	97.81	0.46	55.97	3533.70	-3753.79	2606.65
Saccade R	1	2	3061066927	3061092914	25987	449.85	411.53	515.96	409.65	1.45	97.81	0.46	55.97	3533.70	-3753.79	2606.65
Fixation L	1	3	3061092914	3061331024	238110	524.30	405.28	16	27	-1	13.25	13.25
Fixation R	1	3	3061092914	3061331024	238110	524.30	405.28	16	27	-1	14.02	14.02
Saccade L	1	3	3061331024	3061361029	30005	517.19	407.96	597.12	408.96	1.63	100.78	0.33	54.45	4088.67	-3575.87	2620.87
Saccade R	1	3	3061331024	3061361029	30005	517.19	407.96	597.12	408.96	1.63	100.78	0.33	54.45	4088.67	-3575.87	2620.87
Fixation L	1	4	3061361029	3061507142	146113	596.00	409.76	14	21	-1	13.40	13.40
Fixation R	1	4	3061361029	3061507142	146113	596.00	409.76	14	21	-1	14.19	14.19
Fixation L	1	5	3061527140	3061797374	270234	641.12	415.36	29	23	-1	13.45	13.45
Fixation R	1	5	3061527140	3061797374	270234	641.12	415.36	29	23	-1	14.27	14.27
Saccade L	1	4	3061797374	3061819273	21899	633.14	403.64	675.56	410.19	0.87	61.41	0.45	39.56	2056.98	-2402.84	1526.18
Saccade R	1	4	3061797374	3061819273	21899	633.14	403.64	675.56	410.19	0.87	61.41	0.45	39.56	2056.98	-2402.84	1526.18
Fixation L	1	6	3061819273	3061979377	160104	690.33	414.37	23	12	-1	13.31	13.31
Fixation R	1	6	3061819273	3061979377	160104	690.33	414.37	23	12	-1	14.28	14.28
Saccade L	1	5	3061979377	3062005375	25998	694.81	415.51	753.55	426.48	1.25	79.75	0.46	48.01	3070.44	-2707.48	2060.53
Saccade R	1	5	3061979377	3062005375	25998	694.81	415.51	753.55	426.48	1.25	79.75	0.46	48.01	3070.44	-2707.48	2060.53
Fixation L	1	7	3062005375	3062161389	156014	746.75	421.12	15	21	-1	13.34	13.34
Fixation R	1	7	3062005375	3062161389	156014	746.75	421.12	15	21	-1	14.33	14.33
Fixation L	1	8	3062181373	3062431487	250114	783.40	414.94	22	31	-1	13.29	13.29
Fixation R	1	8	3062181373	3062431487	250114	783.40	414.94	22	31	-1	14.12	14.12
Saccade L	1	6	3062431487	3062455605	24118	790.37	409.91	839.41	426.20	1.11	80.23	0.51	45.93	3176.63	-3187.60	2273.25
Saccade R	1	6	3062431487	3062455605	24118	790.37	409.91	839.41	426.20	1.11	80.23	0.51	45.93	3176.63	-3187.60	2273.25
Fixation L	1	9	3062455605	3062718306	262701	837.94	418.81	17	23	-1	13.44	13.44
Fixation R	1	9	3062455605	3062718306	262701	837.94	418.81	17	23	-1	14.30	14.30
Fixation L	1	10	3062736535	3063075839	339304	877.69	421.57	27	29	-1	13.50	13.50
Fixation R	1	10	3062736535	3063075839	339304	877.69	421.57	27	29	-1	14.25	14.25
Saccade L	1	7	3063075839	3063099835	23996	887.92	415.28	937.29	421.58	1.03	67.12	0.50	42.88	2849.53	-2852.70	2004.04
Saccade R	1	7	3063075839	3063099835	23996	887.92	415.28	937.29	421.58	1.03	67.12	0.50	42.88	2849.53	-2852.70	2004.04
Fixation L	1	11	3063099835	3063251832	151997	936.46	418.55	27	16	-1	13.39	13.39
Fixation R	1	11	3063099835	3063251832	151997	936.46	418.55	27	16	-1	14.07	14.07
Saccade L	1	8	3063251832	3063273956	22124	936.17	421.63	999.33	419.23	1.29	104.47	0.46	58.46	3962.87	-3888.31	2569.52
Saccade R	1	8	3063251832	3063273956	22124	936.17	421.63	999.33	419.23	1.29	104.47	0.46	58.46	3962.87	-3888.31	2569.52
Fixation L	1	12	3063273956	3063564034	290078	1000.00	427.27	11	38	-1	13.43	13.43
Fixation R	1	12	3063273956	3063564034	290078	1000.00	427.27	11	38	-1	14.20	14.20
Saccade L	1	9	3063564034	3063600085	36051	995.80	442.89	1066.73	434.50	1.54	73.70	0.39	42.77	3036.78	-2554.19	1982.67
Saccade R	1	9	3063564034	3063600085	36051	995.80	442.89	1066.73	434.50	1.54	73.70	0.39	42.77	3036.78	-2554.19	1982.67
Fixation L	1	13	3063600085	3063848182	248097	1066.47	427.75	20	19	-1	13.52	13.52
Fixation R	1	13	3063600085	3063848182	248097	1066.47	427.75	20	19	-1	14.16	14.16
Saccade L	1	10	3063848182	3063872223	24041	1074.19	428.20	1108.01	418.26	0.82	53.50	0.50	34.28	1679.69	-1721.67	1141.59
Saccade R	1	10	3063848182	3063872223	24041	1074.19	428.20	1108.01	418.26	0.82	53.50	0.50	34.28	1679.69	-1721.67	1141.59
Fixation L	1	14	3063872223	3064374412	502189	1113.11	418.81	18	21	-1	13.58	13.58
Fixation R	1	14	3063872223	3064374412	502189	1113.11	418.81	18	21	-1	14.25	14.25
Fixation L	1	15	3064394414	3064758538	364124	1168.32	410.14	44	35	-1	13.74	13.74
Fixation R	1	15	3064394414	3064758538	364124	1168.32	410.14	44	35	-1	14.41	14.41
Saccade L	1	11	3064758538	3064782663	24125	1175.32	404.89	1088.68	409.76	1.76	135.89	0.50	72.94	5141.86	-5252.37	3696.18
Saccade R	1	11	3064758538	3064782663	24125	1175.32	404.89	1088.68	409.76	1.76	135.89	0.50	72.94	5141.86	-5252.37	3696.18
Fixation L	1	16	3064782663	3065152642	369979	1090.76	428.83	18	32	-1	14.02	14.02
Fixation R	1	16	3064782663	3065152642	369979	1090.76	428.83	18	32	-1	14.60	14.60
Saccade L	1	12	3065152642	3065178768	26126	1099.22	423.41	1168.50	419.35	1.48	96.51	0.50	56.60	3884.82	-3591.93	2666.69
Saccade R	1	12	3065152642	3065178768	26126	1099.22	423.41	1168.50	419.35	1.48	96.51	0.50	56.60	3884.82	-3591.93	2666.69
Fixation L	1	17	3065178768	3065332779	154011	1157.76	422.71	24	18	-1	13.90	13.90
Fixation R	1	17	3065178768	3065332779	154011	1157.76	422.71	24	18	-1	14.42	14.42
Saccade L	1	13	3065332779	3065366752	33973	1153.58	426.31	1230.46	415.37	1.68	84.20	0.41	49.47	3499.73	-3150.05	2408.39
Saccade R	1	13	3065332779	3065366752	33973	1153.58	426.31	1230.46	415.37	1.68	84.20	0.41	49.47	3499.73	-3150.05	2408.39
Fixation L	1	18	3065366752	3065578871	212119	1236.13	420.84	18	24	-1	13.89	13.89
Fixation R	1	18	3065366752	3065578871	212119	1236.13	420.84	18	24	-1	14.35	14.35
Saccade L	1	14	3065578871	3065602868	23997	1229.22	419.59	1295.02	423.81	1.35	97.70	0.42	56.23	3444.36	-4100.34	2643.42
Saccade R	1	14	3065578871	3065602868	23997	1229.22	419.59	1295.02	423.81	1.35	97.70	0.42	56.23	3444.36	-4100.34	2643.42
Fixation L	1	19	3065602868	3066133129	530261	1289.45	413.83	23	30	-1	13.55	13.55
Fixation R	1	19	3065602868	3066133129	530261	1289.45	413.83	23	30	-1	14.05	14.05
Saccade L	1	15	3066133129	3066195100	61971	1287.11	416.78	885.92	962.50	15.53	476.15	0.29	250.54	21314.34	-11979.44	11020.50
Saccade R	1	15	3066133129	3066195100	61971	1287.11	416.78	885.92	962.50	15.53	476.15	0.29	250.54	21314.34	-11979.44	11020.50
Fixation L	1	20	3066195100	3066361321	166221	878.28	962.05	15	25	-1	13.88	13.88
Fixation R	1	20	3066195100	3066361321	166221	878.28	962.05	15	25	-1	14.41	14.41
Saccade L	1	16	3066361321	3066389253	27932	872.04	966.02	922.28	989.99	1.17	63.57	0.51	42.02	2571.46	-2247.57	1772.02
Saccade R	1	16	3066361321	3066389253	27932	872.04	966.02	922.28	989.99	1.17	63.57	0.51	42.02	2571.46	-2247.57	1772.02
Fixation L	1	21	3066389253	3066697346	308093	915.06	989.41	27	25	-1	13.54	13.54
Fixation R	1	21	3066389253	3066697346	308093	915.06	989.41	27	25	-1	14.19	14.19
