[BeGaze]
Converted from:	C:\Program Files\SMI\Experiment Suite 360\Experiment Center 2\Results\RC-Attachment-Exp\Denek04-eye_data.idf
Date:	18.03.2012 20:04:38
Version:	BeGaze 3.0.181
Sample Rate:	500
Subject:	Denek04
Description:	Run7

Table Header for Fixations:
Event Type	Trial	Number	Start	End	Duration	Location X	Location Y	Dispersion X	Dispersion Y	Plane	Avg. Pupil Size X	Avg. Pupil Size Y

Table Header for Saccades:
Event Type	Trial	Number	Start	End	Duration	Start Loc.X	Start Loc.Y	End Loc.X	End Loc.Y	Amplitude	Peak Speed	Peak Speed At	Average Speed	Peak Accel.	Peak Decel.	Average Accel.

Table Header for Blinks:
Event Type	Trial	Number	Start	End	Duration

Table Header for User Events:
Event Type	Trial	Number	Start	Description

UserEvent	1	1	6891633893	# Message: Questionnaire23.jpg
Fixation L	1	1	6891636348	6892004067	367719	887.14	939.65	32	25	-1	11.66	11.66
Fixation R	1	1	6891636348	6892004067	367719	887.14	939.65	32	25	-1	12.32	12.32
Saccade L	1	1	6892004067	6892061921	57854	885.20	934.59	644.08	462.92	11.76	333.05	0.31	203.33	14401.91	-11374.43	8228.81
Saccade R	1	1	6892004067	6892061921	57854	885.20	934.59	644.08	462.92	11.76	333.05	0.31	203.33	14401.91	-11374.43	8228.81
Fixation L	1	2	6892061921	6892130280	68359	645.23	486.55	7	30	-1	11.33	11.33
Fixation R	1	2	6892061921	6892130280	68359	645.23	486.55	7	30	-1	11.88	11.88
Saccade L	1	2	6892130280	6892164097	33817	646.51	493.92	492.88	398.21	3.91	227.48	0.47	115.58	9727.37	-9305.87	7047.16
Saccade R	1	2	6892130280	6892164097	33817	646.51	493.92	492.88	398.21	3.91	227.48	0.47	115.58	9727.37	-9305.87	7047.16
Fixation L	1	3	6892164097	6892220040	55943	492.59	408.03	15	20	-1	11.39	11.39
Fixation R	1	3	6892164097	6892220040	55943	492.59	408.03	15	20	-1	11.66	11.66
Saccade L	1	3	6892220040	6892254047	34007	491.04	416.08	379.42	362.46	2.74	166.34	0.53	80.69	6729.97	-6680.57	4813.85
Saccade R	1	3	6892220040	6892254047	34007	491.04	416.08	379.42	362.46	2.74	166.34	0.53	80.69	6729.97	-6680.57	4813.85
Fixation L	1	4	6892254047	6892392156	138109	391.36	354.04	21	15	-1	11.22	11.22
Fixation R	1	4	6892254047	6892392156	138109	391.36	354.04	21	15	-1	11.55	11.55
Fixation L	1	5	6892410211	6892520147	109936	415.29	368.05	18	17	-1	11.27	11.27
Fixation R	1	5	6892410211	6892520147	109936	415.29	368.05	18	17	-1	11.68	11.68
Saccade L	1	4	6892520147	6892544160	24013	420.04	374.08	497.90	371.76	1.70	124.75	0.57	70.81	5043.20	-5005.45	3527.08
Saccade R	1	4	6892520147	6892544160	24013	420.04	374.08	497.90	371.76	1.70	124.75	0.57	70.81	5043.20	-5005.45	3527.08
Fixation L	1	6	6892544160	6892694275	150115	490.50	369.29	17	24	-1	11.62	11.62
Fixation R	1	6	6892544160	6892694275	150115	490.50	369.29	17	24	-1	12.26	12.26
Saccade L	1	5	6892694275	6892723946	29671	483.53	370.43	610.40	371.00	2.92	200.87	0.54	98.25	8181.73	-7702.68	5785.05
Saccade R	1	5	6892694275	6892723946	29671	483.53	370.43	610.40	371.00	2.92	200.87	0.54	98.25	8181.73	-7702.68	5785.05
Fixation L	1	7	6892723946	6892890308	166362	591.67	363.93	26	18	-1	12.10	12.10
Fixation R	1	7	6892723946	6892890308	166362	591.67	363.93	26	18	-1	12.89	12.89
Saccade L	1	6	6892890308	6892916389	26081	594.47	361.29	669.54	366.10	1.60	104.93	0.46	61.52	4233.19	-4251.48	3055.53
Saccade R	1	6	6892890308	6892916389	26081	594.47	361.29	669.54	366.10	1.60	104.93	0.46	61.52	4233.19	-4251.48	3055.53
Fixation L	1	8	6892916389	6893142379	225990	666.61	371.89	20	11	-1	12.39	12.39
Fixation R	1	8	6892916389	6893142379	225990	666.61	371.89	20	11	-1	13.25	13.25
Fixation L	1	9	6893160504	6893436493	275989	654.17	382.32	14	19	-1	12.67	12.67
Fixation R	1	9	6893160504	6893436493	275989	654.17	382.32	14	19	-1	13.53	13.53
Saccade L	1	7	6893436493	6893460627	24134	647.76	394.39	727.38	382.92	1.70	128.11	0.51	70.61	5034.45	-4819.55	3507.25
Saccade R	1	7	6893436493	6893460627	24134	647.76	394.39	727.38	382.92	1.70	128.11	0.51	70.61	5034.45	-4819.55	3507.25
Fixation L	1	10	6893460627	6893571867	111240	723.81	371.63	25	17	-1	12.87	12.87
Fixation R	1	10	6893460627	6893571867	111240	723.81	371.63	25	17	-1	13.79	13.79
Saccade L	1	8	6893571867	6893594610	22743	735.72	376.44	801.86	383.31	1.34	99.62	0.56	58.88	3922.66	-3186.51	2430.05
Saccade R	1	8	6893571867	6893594610	22743	735.72	376.44	801.86	383.31	1.34	99.62	0.56	58.88	3922.66	-3186.51	2430.05
Fixation L	1	11	6893594610	6893772728	178118	790.54	376.31	22	16	-1	12.93	12.93
Fixation R	1	11	6893594610	6893772728	178118	790.54	376.31	22	16	-1	13.79	13.79
Fixation L	1	12	6893792734	6894083112	290378	823.43	380.70	17	19	-1	12.95	12.95
Fixation R	1	12	6893792734	6894083112	290378	823.43	380.70	17	19	-1	13.79	13.79
Fixation L	1	13	6894102840	6894420950	318110	696.39	319.02	1111	679	-1	11.06	11.06
Fixation R	1	13	6894102840	6894338953	236113	850.29	388.33	24	23	-1	13.75	13.75
Blink R	1	1	6894338953	6894493136	154183
Fixation L	1	14	6894493136	6894657064	163928	824.72	395.47	15	45	-1	12.94	12.94
Fixation R	1	14	6894493136	6894657064	163928	824.72	395.47	15	45	-1	13.55	13.55
Saccade L	1	9	6894657064	6894681082	24018	816.97	426.37	754.06	413.74	1.37	97.48	0.50	57.06	3403.33	-3669.37	2480.87
Saccade R	1	9	6894657064	6894681082	24018	816.97	426.37	754.06	413.74	1.37	97.48	0.50	57.06	3403.33	-3669.37	2480.87
Fixation L	1	15	6894749062	6894885823	136761	755.69	399.19	10	31	-1	12.96	12.96
Fixation R	1	15	6894749062	6894999183	250121	488.16	273.38	862	1018	-1	9.75	9.75
Blink L	1	1	6894885823	6895045069	159246
Saccade R	1	10	6894999183	6895045069	45886	0.00	0.00	674.21	383.92	40.21	2611.44	0.28	876.23	96366.84	-71234.80	46554.75
Saccade L	1	10	6895045069	6895079385	34316	674.21	383.92	820.52	346.33	2.86	199.74	0.30	83.31	1126.40	-19492.88	4608.34
Saccade R	1	11	6895045069	6895079385	34316	674.21	383.92	820.52	346.33	2.86	199.74	0.30	83.31	1126.40	-19492.88	4608.34
Fixation L	1	16	6895079385	6895377413	298028	814.17	369.44	14	35	-1	12.81	12.81
Fixation R	1	16	6895079385	6895377413	298028	814.17	369.44	14	35	-1	13.63	13.63
Saccade L	1	11	6895377413	6895419569	42156	814.40	370.51	418.03	489.35	9.02	407.27	0.43	213.87	17931.91	-15465.58	11759.12
Saccade R	1	12	6895377413	6895419569	42156	814.40	370.51	418.03	489.35	9.02	407.27	0.43	213.87	17931.91	-15465.58	11759.12
Fixation L	1	17	6895435432	6895533660	98228	446.75	490.41	23	18	-1	12.98	12.98
Fixation R	1	17	6895435432	6895533660	98228	446.75	490.41	23	18	-1	13.80	13.80
Saccade L	1	12	6895533660	6895565570	31910	444.42	497.35	399.09	470.44	1.24	67.95	0.62	38.92	2003.92	-2520.12	1451.13
Saccade R	1	13	6895533660	6895565570	31910	444.42	497.35	399.09	470.44	1.24	67.95	0.62	38.92	2003.92	-2520.12	1451.13
Fixation L	1	18	6895565570	6895813252	247682	396.77	469.72	20	18	-1	13.03	13.03
Fixation R	1	18	6895565570	6895813252	247682	396.77	469.72	20	18	-1	13.71	13.71
Fixation L	1	19	6895843812	6896389904	546092	387.28	506.37	41	28	-1	13.01	13.01
Fixation R	1	19	6895843812	6896389904	546092	387.28	506.37	41	28	-1	13.79	13.79
Saccade L	1	13	6896389904	6896419867	29963	380.35	515.06	377.93	508.76	8.85	435.85	0.45	295.25	15784.75	-15751.25	12722.23
Saccade R	1	14	6896389904	6896419867	29963	380.35	515.06	377.93	508.76	8.85	435.85	0.45	295.25	15784.75	-15751.25	12722.23
Fixation L	1	20	6896419867	6897136289	716422	384.62	493.60	28	72	-1	13.40	13.40
Fixation R	1	20	6896419867	6897136289	716422	384.62	493.60	28	72	-1	13.96	13.96
Saccade L	1	14	6897136289	6897166093	29804	392.27	475.37	359.07	506.63	1.00	46.53	0.46	33.68	1714.45	-1582.58	1154.38
Saccade R	1	15	6897136289	6897166093	29804	392.27	475.37	359.07	506.63	1.00	46.53	0.46	33.68	1714.45	-1582.58	1154.38
Saccade L	1	15	6897176690	6897219594	42904	356.54	507.92	299.50	552.18	2.44	109.24	0.69	56.96	2557.64	-3177.10	1922.19
Saccade R	1	16	6897176690	6897219594	42904	356.54	507.92	299.50	552.18	2.44	109.24	0.69	56.96	2557.64	-3177.10	1922.19
Fixation L	1	21	6897219594	6897322868	103274	324.14	559.68	47	42	-1	13.46	13.46
Fixation R	1	21	6897219594	6897322868	103274	324.14	559.68	47	42	-1	13.96	13.96
Saccade L	1	16	6897322868	6897348317	25449	313.93	587.63	358.93	599.81	0.86	48.18	0.43	33.83	1036.85	-1688.26	1035.21
Saccade R	1	17	6897322868	6897348317	25449	313.93	587.63	358.93	599.81	0.86	48.18	0.43	33.83	1036.85	-1688.26	1035.21
Fixation L	1	22	6897438288	6897488369	50081	249.23	604.87	21	20	-1	13.69	13.69
Fixation R	1	22	6897438288	6897488369	50081	249.23	604.87	21	20	-1	14.05	14.05
Saccade L	1	17	6897488369	6897520615	32246	243.55	615.65	299.57	619.58	1.18	53.23	0.44	36.62	1966.06	-1588.72	1265.52
Saccade R	1	18	6897488369	6897520615	32246	243.55	615.65	299.57	619.58	1.18	53.23	0.44	36.62	1966.06	-1588.72	1265.52
Fixation L	1	23	6897520615	6897582353	61738	319.89	624.30	50	10	-1	13.76	13.76
Fixation R	1	23	6897520615	6897582353	61738	319.89	624.30	50	10	-1	14.25	14.25
Fixation L	1	24	6897606347	6897768731	162384	311.28	613.39	43	19	-1	13.79	13.79
Fixation R	1	24	6897606347	6897768731	162384	311.28	613.39	43	19	-1	14.27	14.27
Saccade L	1	18	6897826444	6897880553	54109	321.35	595.60	364.38	619.10	4.29	201.61	0.74	79.25	5118.67	-6763.53	2730.26
Saccade R	1	19	6897826444	6897880553	54109	321.35	595.60	364.38	619.10	4.29	201.61	0.74	79.25	5118.67	-6763.53	2730.26
Saccade L	1	19	6897914449	6897946438	31989	344.26	633.53	279.20	650.30	1.49	66.64	0.62	46.49	2334.39	-390.85	1245.27
Saccade R	1	20	6897914449	6897946438	31989	344.26	633.53	279.20	650.30	1.49	66.64	0.62	46.49	2334.39	-390.85	1245.27
Saccade L	1	20	6897990566	6898030556	39990	327.12	644.25	315.17	697.00	1.29	45.28	0.55	32.33	1422.73	-1493.09	951.82
Saccade R	1	21	6897990566	6898030556	39990	327.12	644.25	315.17	697.00	1.29	45.28	0.55	32.33	1422.73	-1493.09	951.82
Fixation L	1	25	6898030556	6898098552	67996	326.39	703.76	25	14	-1	13.57	13.57
Fixation R	1	25	6898030556	6898098552	67996	326.39	703.76	25	14	-1	14.25	14.25
Saccade L	1	21	6898134556	6898165142	30586	293.60	703.38	345.92	708.63	1.11	54.06	0.39	36.18	2191.95	-1563.09	1296.17
Saccade R	1	22	6898134556	6898165142	30586	293.60	703.38	345.92	708.63	1.11	54.06	0.39	36.18	2191.95	-1563.09	1296.17
Fixation L	1	26	6898165142	6898291905	126763	363.92	702.72	27	15	-1	13.40	13.40
Fixation R	1	26	6898165142	6898291905	126763	363.92	702.72	27	15	-1	14.09	14.09
Saccade L	1	22	6898291905	6898328695	36790	354.86	712.64	301.45	717.60	1.16	43.58	0.29	31.57	1443.40	-1050.92	891.13
Saccade R	1	23	6898291905	6898328695	36790	354.86	712.64	301.45	717.60	1.16	43.58	0.29	31.57	1443.40	-1050.92	891.13
Fixation L	1	27	6898328695	6898384666	55971	282.74	712.84	36	10	-1	13.48	13.48
Fixation R	1	27	6898328695	6898384666	55971	282.74	712.84	36	10	-1	14.06	14.06
Saccade L	1	23	6898384666	6898407856	23190	264.37	706.89	261.96	701.83	1.19	109.03	0.52	51.48	2959.42	-3136.12	1958.38
Saccade R	1	24	6898384666	6898407856	23190	264.37	706.89	261.96	701.83	1.19	109.03	0.52	51.48	2959.42	-3136.12	1958.38
Fixation L	1	28	6898476664	6898544818	68154	332.45	704.96	30	10	-1	13.28	13.28
Fixation R	1	28	6898476664	6898544818	68154	332.45	704.96	30	10	-1	13.94	13.94
UserEvent	1	174	6898528720	# Message: UE-mouseclick left x=362 y=472
Saccade L	1	24	6898544818	6898591066	46248	327.60	697.00	388.83	595.54	7.88	438.79	0.76	170.46	8987.74	-14158.30	7303.03
Blink R	1	2	6898544818	6898640816	95998
Saccade L	1	25	6898596746	6898640816	44070	388.68	596.03	401.26	555.23	2.65	115.37	0.55	60.17	3971.25	-4205.31	2533.01
Fixation L	1	29	6898640816	6899411674	770858	194.64	275.59	413	586	-1	6.44	6.44
Fixation R	1	29	6898640816	6899411674	770858	194.64	275.59	413	586	-1	0.00	0.00
UserEvent	1	195	6899312596	# Message: UE-mouseclick left x=377 y=529
