[BeGaze]
Converted from:	C:\Program Files\SMI\Experiment Suite 360\Experiment Center 2\Results\RC-Attachment-Exp\P18-eye_data.idf
Date:	18.03.2012 20:13:49
Version:	BeGaze 3.0.181
Sample Rate:	500
Subject:	P18
Description:	Run23

Table Header for Fixations:
Event Type	Trial	Number	Start	End	Duration	Location X	Location Y	Dispersion X	Dispersion Y	Plane	Avg. Pupil Size X	Avg. Pupil Size Y

Table Header for Saccades:
Event Type	Trial	Number	Start	End	Duration	Start Loc.X	Start Loc.Y	End Loc.X	End Loc.Y	Amplitude	Peak Speed	Peak Speed At	Average Speed	Peak Accel.	Peak Decel.	Average Accel.

Table Header for Blinks:
Event Type	Trial	Number	Start	End	Duration

Table Header for User Events:
Event Type	Trial	Number	Start	Description

UserEvent	1	1	17066023492	# Message: RC-nonforced-anim-3.jpg
Fixation L	1	1	17066026641	17066292758	266117	513.21	423.62	21	26	-1	9.58	9.58
Fixation R	1	1	17066026641	17066292758	266117	513.21	423.62	21	26	-1	10.03	10.03
Saccade L	1	1	17066292758	17066324781	32023	512.19	412.91	574.54	447.17	1.53	93.35	0.31	47.80	3610.47	-2937.35	2096.60
Saccade R	1	1	17066292758	17066324781	32023	512.19	412.91	574.54	447.17	1.53	93.35	0.31	47.80	3610.47	-2937.35	2096.60
Fixation L	1	2	17066324781	17066428742	103961	572.19	434.85	23	50	-1	9.69	9.69
Fixation R	1	2	17066324781	17066428742	103961	572.19	434.85	23	50	-1	10.14	10.14
Saccade L	1	2	17066428742	17066466762	38020	570.79	404.92	628.07	446.23	1.60	71.17	0.47	42.11	2597.12	-2318.57	1675.62
Saccade R	1	2	17066428742	17066466762	38020	570.79	404.92	628.07	446.23	1.60	71.17	0.47	42.11	2597.12	-2318.57	1675.62
Fixation L	1	3	17066466762	17066604859	138097	626.25	426.30	24	39	-1	9.64	9.64
Fixation R	1	3	17066466762	17066604859	138097	626.25	426.30	24	39	-1	10.13	10.13
Saccade L	1	3	17066604859	17066638871	34012	612.15	429.53	672.77	445.72	1.37	65.82	0.35	40.17	2345.38	-2113.93	1649.44
Saccade R	1	3	17066604859	17066638871	34012	612.15	429.53	672.77	445.72	1.37	65.82	0.35	40.17	2345.38	-2113.93	1649.44
Fixation L	1	4	17066638871	17066776835	137964	675.79	431.54	21	38	-1	9.66	9.66
Fixation R	1	4	17066638871	17066776835	137964	675.79	431.54	21	38	-1	9.97	9.97
Saccade L	1	4	17066776835	17066819030	42195	668.62	418.31	779.42	408.86	2.75	133.01	0.33	65.06	5275.03	-4386.81	3171.93
Saccade R	1	4	17066776835	17066819030	42195	668.62	418.31	779.42	408.86	2.75	133.01	0.33	65.06	5275.03	-4386.81	3171.93
Fixation L	1	5	17066819030	17066948955	129925	777.06	407.88	22	19	-1	9.53	9.53
Fixation R	1	5	17066819030	17066948955	129925	777.06	407.88	22	19	-1	9.82	9.82
Saccade L	1	5	17066948955	17066981358	32403	762.92	404.51	825.69	440.74	1.83	108.66	0.56	56.44	3993.31	-3499.00	2705.65
Saccade R	1	5	17066948955	17066981358	32403	762.92	404.51	825.69	440.74	1.83	108.66	0.56	56.44	3993.31	-3499.00	2705.65
Fixation L	1	6	17066981358	17067365184	383826	834.40	431.64	53	39	-1	9.44	9.44
Fixation R	1	6	17066981358	17067365184	383826	834.40	431.64	53	39	-1	9.79	9.79
Saccade L	1	6	17067365184	17067399184	34000	858.75	443.02	896.39	407.85	1.25	54.25	0.59	36.76	1994.90	-2197.91	1457.48
Saccade R	1	6	17067365184	17067399184	34000	858.75	443.02	896.39	407.85	1.25	54.25	0.59	36.76	1994.90	-2197.91	1457.48
Fixation L	1	7	17067399184	17067573530	174346	918.15	433.86	43	50	-1	9.13	9.13
Fixation R	1	7	17067399184	17067573530	174346	918.15	433.86	43	50	-1	9.77	9.77
Saccade L	1	7	17067573530	17067597315	23785	938.73	447.54	1027.96	444.41	1.85	143.16	0.58	77.66	5606.22	-4360.43	3573.80
Saccade R	1	7	17067573530	17067597315	23785	938.73	447.54	1027.96	444.41	1.85	143.16	0.58	77.66	5606.22	-4360.43	3573.80
Fixation L	1	8	17067597315	17067767304	169989	1002.95	431.31	38	30	-1	9.37	9.37
Fixation R	1	8	17067597315	17067767304	169989	1002.95	431.31	38	30	-1	9.61	9.61
Saccade L	1	8	17067767304	17067791323	24019	1007.21	434.28	1057.34	447.75	1.05	70.17	0.42	43.86	2507.98	-2671.69	1849.69
Saccade R	1	8	17067767304	17067791323	24019	1007.21	434.28	1057.34	447.75	1.05	70.17	0.42	43.86	2507.98	-2671.69	1849.69
Fixation L	1	9	17067791323	17067997426	206103	1042.78	425.53	27	34	-1	9.39	9.39
Fixation R	1	9	17067791323	17067997426	206103	1042.78	425.53	27	34	-1	9.91	9.91
Saccade L	1	9	17067997426	17068023714	26288	1042.36	417.40	1167.83	423.61	2.73	203.55	0.53	104.00	8014.57	-7535.89	5603.90
Saccade R	1	9	17067997426	17068023714	26288	1042.36	417.40	1167.83	423.61	2.73	203.55	0.53	104.00	8014.57	-7535.89	5603.90
Fixation L	1	10	17068023714	17068105412	81698	1161.31	410.10	13	21	-1	9.51	9.51
Fixation R	1	10	17068023714	17068105412	81698	1161.31	410.10	13	21	-1	9.67	9.67
Saccade L	1	10	17068105412	17068137536	32124	1157.87	414.81	1205.47	409.77	1.04	44.03	0.38	32.47	1737.15	-1291.37	1064.06
Saccade R	1	10	17068105412	17068137536	32124	1157.87	414.81	1205.47	409.77	1.04	44.03	0.38	32.47	1737.15	-1291.37	1064.06
Fixation L	1	11	17068137536	17068199537	62001	1208.93	423.12	12	24	-1	9.27	9.27
Fixation R	1	11	17068137536	17068199537	62001	1208.93	423.12	12	24	-1	9.83	9.83
Saccade L	1	11	17068199537	17068259590	60053	1200.99	427.95	620.73	419.69	13.07	360.97	0.33	217.62	15766.38	-12899.55	8739.40
Saccade R	1	11	17068199537	17068259590	60053	1200.99	427.95	620.73	419.69	13.07	360.97	0.33	217.62	15766.38	-12899.55	8739.40
Saccade L	1	12	17068283584	17068309522	25938	617.99	415.75	585.07	435.10	0.80	43.76	0.46	30.81	1625.40	-1387.10	1109.29
Saccade R	1	12	17068283584	17068309522	25938	617.99	415.75	585.07	435.10	0.80	43.76	0.46	30.81	1625.40	-1387.10	1109.29
Fixation L	1	12	17068309522	17068521638	212116	573.23	419.04	49	30	-1	9.46	9.46
Fixation R	1	12	17068309522	17068521638	212116	573.23	419.04	49	30	-1	9.80	9.80
Saccade L	1	13	17068521638	17068553637	31999	588.74	422.06	668.41	420.29	1.61	108.02	0.31	50.46	3678.94	-3596.40	2233.55
Saccade R	1	13	17068521638	17068553637	31999	588.74	422.06	668.41	420.29	1.61	108.02	0.31	50.46	3678.94	-3596.40	2233.55
Fixation L	1	13	17068582515	17068819838	237323	677.84	447.55	44	30	-1	9.61	9.61
Fixation R	1	13	17068582515	17068819838	237323	677.84	447.55	44	30	-1	9.94	9.94
Saccade L	1	14	17068819838	17068845763	25925	645.29	433.06	745.19	433.79	2.15	160.19	0.46	83.06	6338.15	-6027.25	4421.72
Saccade R	1	14	17068819838	17068845763	25925	645.29	433.06	745.19	433.79	2.15	160.19	0.46	83.06	6338.15	-6027.25	4421.72
Fixation L	1	14	17068845763	17068957873	112110	751.43	452.98	25	38	-1	9.42	9.42
Fixation R	1	14	17068845763	17068957873	112110	751.43	452.98	25	38	-1	9.88	9.88
Saccade L	1	15	17068957873	17068987870	29997	740.36	460.78	765.81	423.30	0.97	44.63	0.47	32.39	1800.62	-1641.81	1238.52
Saccade R	1	15	17068957873	17068987870	29997	740.36	460.78	765.81	423.30	0.97	44.63	0.47	32.39	1800.62	-1641.81	1238.52
Fixation L	1	15	17068987870	17069121883	134013	758.29	436.52	29	52	-1	9.59	9.59
Fixation R	1	15	17068987870	17069121883	134013	758.29	436.52	29	52	-1	9.89	9.89
Fixation L	1	16	17069237912	17069364012	126100	565.59	407.94	48	41	-1	9.47	9.47
Fixation R	1	16	17069237912	17069364012	126100	565.59	407.94	48	41	-1	9.81	9.81
Blink L	1	1	17069369982	17069601313	231331
Blink R	1	1	17069369982	17069601313	231331
Fixation L	1	17	17069601313	17069738782	137469	659.54	410.52	37	25	-1	9.79	9.79
Fixation R	1	17	17069601313	17069738782	137469	659.54	410.52	37	25	-1	10.05	10.05
Saccade L	1	16	17069738782	17069764369	25587	669.44	424.98	767.40	427.38	2.03	152.62	0.53	79.27	5842.99	-5589.57	4058.61
Saccade R	1	16	17069738782	17069764369	25587	669.44	424.98	767.40	427.38	2.03	152.62	0.53	79.27	5842.99	-5589.57	4058.61
Saccade L	1	17	17069808218	17069846228	38010	789.89	437.50	745.91	463.60	1.31	46.15	0.58	34.51	1688.49	-1759.87	1230.84
Saccade R	1	17	17069808218	17069846228	38010	789.89	437.50	745.91	463.60	1.31	46.15	0.58	34.51	1688.49	-1759.87	1230.84
Fixation L	1	18	17069846228	17069918221	71993	759.75	445.38	33	32	-1	9.91	9.91
Fixation R	1	18	17069846228	17069918221	71993	759.75	445.38	33	32	-1	10.10	10.10
Saccade L	1	18	17069918221	17069943807	25586	778.69	433.14	811.00	449.79	1.01	62.30	0.47	39.49	1799.57	-2313.10	1349.96
Saccade R	1	18	17069918221	17069943807	25586	778.69	433.14	811.00	449.79	1.01	62.30	0.47	39.49	1799.57	-2313.10	1349.96
Fixation L	1	19	17069943807	17070200322	256515	817.17	442.89	17	42	-1	9.55	9.55
Fixation R	1	19	17069943807	17070200322	256515	817.17	442.89	17	42	-1	10.01	10.01
Saccade L	1	19	17070200322	17070244429	44107	811.85	436.97	917.86	428.62	2.48	126.19	0.35	56.12	4897.11	-4199.51	2719.93
Saccade R	1	19	17070200322	17070244429	44107	811.85	436.97	917.86	428.62	2.48	126.19	0.35	56.12	4897.11	-4199.51	2719.93
Fixation L	1	20	17070244429	17070386443	142014	926.11	433.73	20	35	-1	9.64	9.64
Fixation R	1	20	17070244429	17070386443	142014	926.11	433.73	20	35	-1	10.09	10.09
Saccade L	1	20	17070386443	17070430434	43991	924.76	423.18	1013.28	457.51	2.33	117.84	0.27	52.99	4704.28	-3437.69	2331.03
Saccade R	1	20	17070386443	17070430434	43991	924.76	423.18	1013.28	457.51	2.33	117.84	0.27	52.99	4704.28	-3437.69	2331.03
Fixation L	1	21	17070430434	17070534604	104170	1023.16	438.66	28	35	-1	9.64	9.64
Fixation R	1	21	17070430434	17070534604	104170	1023.16	438.66	28	35	-1	10.05	10.05
Saccade L	1	21	17070534604	17070578559	43955	1023.81	441.62	1088.74	421.45	2.70	159.48	0.59	61.38	4552.80	-5597.18	2961.16
Saccade R	1	21	17070534604	17070578559	43955	1023.81	441.62	1088.74	421.45	2.70	159.48	0.59	61.38	4552.80	-5597.18	2961.16
Fixation L	1	22	17070578559	17070830685	252126	1083.75	431.06	26	29	-1	9.89	9.89
Fixation R	1	22	17070578559	17070830685	252126	1083.75	431.06	26	29	-1	10.32	10.32
Saccade L	1	22	17070830685	17070868690	38005	1072.42	434.11	1176.18	423.86	2.34	108.94	0.37	61.55	4222.49	-3983.60	2981.20
Saccade R	1	22	17070830685	17070868690	38005	1072.42	434.11	1176.18	423.86	2.34	108.94	0.37	61.55	4222.49	-3983.60	2981.20
Fixation L	1	23	17070868690	17071164784	296094	1176.10	422.97	42	57	-1	10.28	10.28
Fixation R	1	23	17070868690	17071164784	296094	1176.10	422.97	42	57	-1	10.75	10.75
Saccade L	1	23	17071164784	17071194792	30008	1189.25	425.47	1166.69	432.45	10.69	434.06	0.40	356.21	19650.43	-20349.67	15697.63
Saccade R	1	23	17071164784	17071194792	30008	1189.25	425.47	1166.69	432.45	10.69	434.06	0.40	356.21	19650.43	-20349.67	15697.63
Fixation L	1	24	17071194792	17071362907	168115	1159.67	437.98	29	21	-1	10.90	10.90
Fixation R	1	24	17071194792	17071362907	168115	1159.67	437.98	29	21	-1	11.39	11.39
Saccade L	1	24	17071362907	17071408913	46006	1156.33	440.28	1143.40	440.36	3.32	157.83	0.26	72.15	5011.42	-3802.46	2300.73
Saccade R	1	24	17071362907	17071408913	46006	1156.33	440.28	1143.40	440.36	3.32	157.83	0.26	72.15	5011.42	-3802.46	2300.73
Saccade L	1	25	17071436899	17071469335	32436	1154.85	439.60	1143.02	435.50	1.12	51.46	0.43	34.40	1678.21	-1774.52	1076.95
Saccade R	1	25	17071436899	17071469335	32436	1154.85	439.60	1143.02	435.50	1.12	51.46	0.43	34.40	1678.21	-1774.52	1076.95
Saccade L	1	26	17071478900	17071526913	48013	1140.91	440.96	1152.06	448.02	2.37	85.47	0.34	49.45	2909.87	-2788.15	1960.86
Saccade R	1	26	17071478900	17071526913	48013	1140.91	440.96	1152.06	448.02	2.37	85.47	0.34	49.45	2909.87	-2788.15	1960.86
Fixation L	1	25	17071526913	17071689024	162111	1155.08	443.92	20	26	-1	10.85	10.85
Fixation R	1	25	17071526913	17071689024	162111	1155.08	443.92	20	26	-1	11.31	11.31
Blink L	1	2	17071689024	17071933110	244086
Blink R	1	2	17071689024	17071933110	244086
Saccade L	1	27	17072049127	17072073125	23998	717.35	936.31	725.76	970.61	0.77	47.34	0.58	31.96	439.61	-521.01	322.75
Saccade R	1	27	17072049127	17072073125	23998	717.35	936.31	725.76	970.61	0.77	47.34	0.58	31.96	439.61	-521.01	322.75
Saccade L	1	28	17072193117	17072229669	36552	721.88	940.35	866.55	943.32	3.67	212.71	0.58	100.41	8605.43	-8911.62	6314.67
Saccade R	1	28	17072193117	17072229669	36552	721.88	940.35	866.55	943.32	3.67	212.71	0.58	100.41	8605.43	-8911.62	6314.67
Saccade L	1	29	17072243257	17072281239	37982	866.15	940.19	878.91	1011.63	1.55	65.23	0.48	40.93	2800.31	-2165.17	1764.23
Saccade R	1	29	17072243257	17072281239	37982	866.15	940.19	878.91	1011.63	1.55	65.23	0.48	40.93	2800.31	-2165.17	1764.23
Saccade L	1	30	17072297316	17072344604	47288	881.61	1010.68	894.33	926.30	2.03	60.38	0.46	42.99	2232.86	-1927.48	1417.78
Saccade R	1	30	17072297316	17072344604	47288	881.61	1010.68	894.33	926.30	2.03	60.38	0.46	42.99	2232.86	-1927.48	1417.78
Saccade L	1	31	17072353343	17072383239	29896	899.30	924.98	877.06	963.82	1.23	60.98	0.46	41.08	2089.31	-1655.74	1404.46
Saccade R	1	31	17072353343	17072383239	29896	899.30	924.98	877.06	963.82	1.23	60.98	0.46	41.08	2089.31	-1655.74	1404.46
Fixation L	1	26	17072383239	17072479378	96139	897.03	960.69	28	37	-1	11.44	11.44
Fixation R	1	26	17072383239	17072479378	96139	897.03	960.69	28	37	-1	11.75	11.75
Saccade L	1	32	17072479378	17072504505	25127	898.73	971.68	858.58	952.68	0.96	61.58	0.56	38.33	1896.22	-2075.51	1303.63
Saccade R	1	32	17072479378	17072504505	25127	898.73	971.68	858.58	952.68	0.96	61.58	0.56	38.33	1896.22	-2075.51	1303.63
Fixation L	1	27	17072504505	17072687747	183242	854.76	956.66	33	54	-1	11.40	11.40
Fixation R	1	27	17072504505	17072687747	183242	854.76	956.66	33	54	-1	11.68	11.68
Saccade L	1	33	17072687747	17072711680	23933	846.71	988.42	859.25	958.96	0.77	44.79	0.34	32.36	1029.31	-943.33	490.72
Saccade R	1	33	17072687747	17072711680	23933	846.71	988.42	859.25	958.96	0.77	44.79	0.34	32.36	1029.31	-943.33	490.72
