[BeGaze]
Converted from:	C:\Program Files\SMI\Experiment Suite 360\Experiment Center 2\Results\RC-Attachment-Exp\Deney02-eye_data.idf
Date:	24.02.2012 09:57:54
Version:	BeGaze 3.0.181
Sample Rate:	500
Subject:	Deney02
Description:	Run5

Table Header for Fixations:
Event Type	Trial	Number	Start	End	Duration	Location X	Location Y	Dispersion X	Dispersion Y	Plane	Avg. Pupil Size X	Avg. Pupil Size Y

Table Header for Saccades:
Event Type	Trial	Number	Start	End	Duration	Start Loc.X	Start Loc.Y	End Loc.X	End Loc.Y	Amplitude	Peak Speed	Peak Speed At	Average Speed	Peak Accel.	Peak Decel.	Average Accel.

Table Header for Blinks:
Event Type	Trial	Number	Start	End	Duration

Table Header for User Events:
Event Type	Trial	Number	Start	Description

UserEvent	1	1	3553143946	# Message: RC-N2forced-nonanim-6.jpg
Fixation L	1	1	3553150890	3553428984	278094	453.27	453.20	44	45	-1	12.58	12.58
Fixation R	1	1	3553150890	3553428984	278094	453.27	453.20	44	45	-1	13.38	13.38
Saccade L	1	1	3553428984	3553453119	24135	439.03	457.06	523.98	461.95	1.81	132.79	0.50	74.83	5716.22	-5496.39	3947.39
Saccade R	1	1	3553428984	3553453119	24135	439.03	457.06	523.98	461.95	1.81	132.79	0.50	74.83	5716.22	-5496.39	3947.39
Fixation L	1	2	3553453119	3553658967	205848	504.25	458.76	35	17	-1	12.36	12.36
Fixation R	1	2	3553453119	3553658967	205848	504.25	458.76	35	17	-1	13.29	13.29
Saccade L	1	2	3553658967	3553707103	48136	497.66	452.30	597.22	469.84	2.20	109.02	0.29	45.79	4146.40	-3096.40	2002.68
Saccade R	1	2	3553658967	3553707103	48136	497.66	452.30	597.22	469.84	2.20	109.02	0.29	45.79	4146.40	-3096.40	2002.68
Fixation L	1	3	3553707103	3554023239	316136	593.07	461.59	19	28	-1	12.21	12.21
Fixation R	1	3	3553707103	3554023239	316136	593.07	461.59	19	28	-1	13.22	13.22
Saccade L	1	3	3554023239	3554053342	30103	600.72	460.68	533.67	478.90	1.46	82.99	0.53	48.42	2916.45	-2802.92	2172.90
Saccade R	1	3	3554023239	3554053342	30103	600.72	460.68	533.67	478.90	1.46	82.99	0.53	48.42	2916.45	-2802.92	2172.90
Fixation L	1	4	3554053342	3554211335	157993	536.48	463.17	17	24	-1	12.11	12.11
Fixation R	1	4	3554053342	3554211335	157993	536.48	463.17	17	24	-1	12.93	12.93
Saccade L	1	4	3554211335	3554257456	46121	536.37	474.97	669.93	441.19	3.16	151.25	0.35	68.45	6330.38	-5015.93	3505.36
Saccade R	1	4	3554211335	3554257456	46121	536.37	474.97	669.93	441.19	3.16	151.25	0.35	68.45	6330.38	-5015.93	3505.36
Fixation L	1	5	3554257456	3554511445	253989	687.79	461.06	30	34	-1	12.03	12.03
Fixation R	1	5	3554257456	3554511445	253989	687.79	461.06	30	34	-1	13.13	13.13
Saccade L	1	5	3554511445	3554549748	38303	679.60	458.16	746.74	449.71	1.51	78.31	0.68	39.48	2351.43	-2945.93	1534.81
Saccade R	1	5	3554511445	3554549748	38303	679.60	458.16	746.74	449.71	1.51	78.31	0.68	39.48	2351.43	-2945.93	1534.81
Fixation L	1	6	3554549748	3554735557	185809	747.75	448.27	17	15	-1	12.06	12.06
Fixation R	1	6	3554549748	3554735557	185809	747.75	448.27	17	15	-1	13.28	13.28
Saccade L	1	6	3554735557	3554765585	30028	748.20	453.69	806.86	459.94	1.32	78.34	0.47	43.86	2838.44	-2984.06	2098.72
Saccade R	1	6	3554735557	3554765585	30028	748.20	453.69	806.86	459.94	1.32	78.34	0.47	43.86	2838.44	-2984.06	2098.72
Fixation L	1	7	3554765585	3554971692	206107	814.10	452.80	33	17	-1	12.05	12.05
Fixation R	1	7	3554765585	3554971692	206107	814.10	452.80	33	17	-1	13.09	13.09
Saccade L	1	7	3554971692	3555009670	37978	801.37	453.39	887.09	443.44	1.98	94.44	0.32	52.15	4020.77	-3320.14	2617.11
Saccade R	1	7	3554971692	3555009670	37978	801.37	453.39	887.09	443.44	1.98	94.44	0.32	52.15	4020.77	-3320.14	2617.11
Fixation L	1	8	3555009670	3555159796	150126	891.09	454.63	20	23	-1	12.02	12.02
Fixation R	1	8	3555009670	3555159796	150126	891.09	454.63	20	23	-1	13.05	13.05
Blink L	1	1	3555159796	3555321545	161749
Blink R	1	1	3555159796	3555321545	161749
Fixation L	1	9	3555321545	3555962141	640596	894.80	449.29	33	28	-1	11.95	11.95
Fixation R	1	9	3555321545	3555962141	640596	894.80	449.29	33	28	-1	13.06	13.06
Saccade L	1	8	3555962141	3556006154	44013	889.27	447.68	961.16	449.25	2.19	110.65	0.68	49.84	3527.61	-4367.10	2383.84
Saccade R	1	8	3555962141	3556006154	44013	889.27	447.68	961.16	449.25	2.19	110.65	0.68	49.84	3527.61	-4367.10	2383.84
Fixation L	1	10	3556006154	3556162122	155968	961.16	449.70	26	14	-1	11.85	11.85
Fixation R	1	10	3556006154	3556162122	155968	961.16	449.70	26	14	-1	12.86	12.86
Saccade L	1	9	3556162122	3556196066	33944	971.02	454.64	1044.14	453.24	1.84	98.28	0.49	54.31	3921.31	-3868.41	2790.16
Saccade R	1	9	3556162122	3556196066	33944	971.02	454.64	1044.14	453.24	1.84	98.28	0.49	54.31	3921.31	-3868.41	2790.16
Fixation L	1	11	3556196066	3556447615	251549	1036.61	449.47	23	14	-1	11.67	11.67
Fixation R	1	11	3556196066	3556447615	251549	1036.61	449.47	23	14	-1	12.88	12.88
Saccade L	1	10	3556447615	3556478370	30755	1042.15	445.14	1139.98	446.63	2.05	139.09	0.44	66.80	5556.46	-5056.85	3761.06
Saccade R	1	10	3556447615	3556478370	30755	1042.15	445.14	1139.98	446.63	2.05	139.09	0.44	66.80	5556.46	-5056.85	3761.06
Fixation L	1	12	3556478370	3556866480	388110	1148.50	449.26	37	32	-1	11.78	11.78
Fixation R	1	12	3556478370	3556866480	388110	1148.50	449.26	37	32	-1	12.77	12.77
Saccade L	1	11	3556866480	3556898476	31996	1155.08	461.22	1043.45	520.81	2.53	138.14	0.44	79.08	10362.98	-3404.42	3807.57
Saccade R	1	11	3556866480	3556898476	31996	1155.08	461.22	1043.45	520.81	2.53	138.14	0.44	79.08	10362.98	-3404.42	3807.57
Blink L	1	2	3556898476	3557086897	188421
Blink R	1	2	3556898476	3557086897	188421
Saccade L	1	12	3557090586	3557124599	34013	916.53	838.98	930.15	885.01	1.25	53.28	0.54	36.63	1479.14	-2240.01	1207.84
Saccade R	1	12	3557090586	3557124599	34013	916.53	838.98	930.15	885.01	1.25	53.28	0.54	36.63	1479.14	-2240.01	1207.84
Fixation L	1	13	3557124599	3557176958	52359	937.33	892.77	23	18	-1	12.33	12.33
Fixation R	1	13	3557124599	3557176958	52359	937.33	892.77	23	18	-1	12.78	12.78
Saccade L	1	13	3557176958	3557217724	40766	943.85	903.87	912.14	953.17	1.93	110.06	0.63	47.46	3073.29	-4159.64	2082.52
Saccade R	1	13	3557176958	3557217724	40766	943.85	903.87	912.14	953.17	1.93	110.06	0.63	47.46	3073.29	-4159.64	2082.52
Fixation L	1	14	3557217724	3557478992	261268	907.66	952.39	24	28	-1	12.63	12.63
Fixation R	1	14	3557217724	3557478992	261268	907.66	952.39	24	28	-1	12.98	12.98
Saccade L	1	14	3557499355	3557528448	29093	917.20	963.96	888.40	926.99	0.99	62.19	0.46	34.11	613.12	-1619.80	779.00
Saccade R	1	14	3557499355	3557528448	29093	917.20	963.96	888.40	926.99	0.99	62.19	0.46	34.11	613.12	-1619.80	779.00
Fixation L	1	15	3557528448	3557722816	194368	899.66	939.40	32	32	-1	12.52	12.52
Fixation R	1	15	3557528448	3557722816	194368	899.66	939.40	32	32	-1	13.04	13.04
