[BeGaze]
Converted from:	C:\Program Files\SMI\Experiment Suite 360\Experiment Center 2\Results\RC-Attachment-Exp\P09-eye_data.idf
Date:	18.03.2012 20:07:45
Version:	BeGaze 3.0.181
Sample Rate:	500
Subject:	P09
Description:	Run14

Table Header for Fixations:
Event Type	Trial	Number	Start	End	Duration	Location X	Location Y	Dispersion X	Dispersion Y	Plane	Avg. Pupil Size X	Avg. Pupil Size Y

Table Header for Saccades:
Event Type	Trial	Number	Start	End	Duration	Start Loc.X	Start Loc.Y	End Loc.X	End Loc.Y	Amplitude	Peak Speed	Peak Speed At	Average Speed	Peak Accel.	Peak Decel.	Average Accel.

Table Header for Blinks:
Event Type	Trial	Number	Start	End	Duration

Table Header for User Events:
Event Type	Trial	Number	Start	Description

UserEvent	1	1	7511933567	# Message: RC-N2forced-nonanim-3x.jpg
Fixation L	1	1	7511936771	7512406560	469789	471.75	449.75	34	48	-1	11.90	11.90
Fixation R	1	1	7511936771	7512406560	469789	471.75	449.75	34	48	-1	12.56	12.56
Saccade L	1	1	7512406560	7512428556	21996	463.39	449.85	501.23	452.03	0.81	55.65	0.55	36.73	2089.00	-2131.21	1337.01
Saccade R	1	1	7512406560	7512428556	21996	463.39	449.85	501.23	452.03	0.81	55.65	0.55	36.73	2089.00	-2131.21	1337.01
Fixation L	1	2	7512428556	7512580562	152006	504.70	443.46	36	23	-1	11.79	11.79
Fixation R	1	2	7512428556	7512580562	152006	504.70	443.46	36	23	-1	12.49	12.49
Saccade L	1	2	7512580562	7512620551	39989	504.42	440.08	595.49	446.79	2.33	131.72	0.45	58.31	5008.70	-4764.85	3195.09
Saccade R	1	2	7512580562	7512620551	39989	504.42	440.08	595.49	446.79	2.33	131.72	0.45	58.31	5008.70	-4764.85	3195.09
Fixation L	1	3	7512620551	7512806694	186143	572.23	437.62	36	32	-1	12.02	12.02
Fixation R	1	3	7512620551	7512806694	186143	572.23	437.62	36	32	-1	12.83	12.83
Saccade L	1	3	7512806694	7512840671	33977	581.71	448.67	652.30	446.85	1.74	100.00	0.41	51.26	4030.04	-3600.45	2444.87
Saccade R	1	3	7512806694	7512840671	33977	581.71	448.67	652.30	446.85	1.74	100.00	0.41	51.26	4030.04	-3600.45	2444.87
Fixation L	1	4	7512840671	7512898704	58033	659.89	434.61	16	24	-1	12.01	12.01
Fixation R	1	4	7512840671	7512898704	58033	659.89	434.61	16	24	-1	12.80	12.80
Fixation L	1	5	7512916797	7512974791	57994	652.45	425.71	16	27	-1	12.00	12.00
Fixation R	1	5	7512916797	7512974791	57994	652.45	425.71	16	27	-1	12.82	12.82
Saccade L	1	4	7512974791	7513000813	26022	652.06	426.28	646.71	468.13	0.87	48.85	0.54	33.40	1358.35	-926.95	839.97
Saccade R	1	4	7512974791	7513000813	26022	652.06	426.28	646.71	468.13	0.87	48.85	0.54	33.40	1358.35	-926.95	839.97
Saccade L	1	5	7513004794	7513032788	27994	646.46	466.87	626.87	427.58	0.88	42.87	0.22	31.43	720.80	-1209.24	700.66
Saccade R	1	5	7513004794	7513032788	27994	646.46	466.87	626.87	427.58	0.88	42.87	0.22	31.43	720.80	-1209.24	700.66
Fixation L	1	6	7513032788	7513090898	58110	642.51	430.93	26	16	-1	12.10	12.10
Fixation R	1	6	7513032788	7513090898	58110	642.51	430.93	26	16	-1	12.85	12.85
Saccade L	1	6	7513090898	7513114788	23890	653.71	426.05	629.48	465.21	0.88	53.45	0.68	36.87	1892.68	-380.02	1035.36
Saccade R	1	6	7513090898	7513114788	23890	653.71	426.05	629.48	465.21	0.88	53.45	0.68	36.87	1892.68	-380.02	1035.36
Saccade L	1	7	7513118789	7513150822	32033	628.09	467.91	731.56	453.71	2.21	129.00	0.38	68.86	3937.75	-5110.45	3362.34
Saccade R	1	7	7513118789	7513150822	32033	628.09	467.91	731.56	453.71	2.21	129.00	0.38	68.86	3937.75	-5110.45	3362.34
Fixation L	1	7	7513150822	7513372909	222087	730.59	446.34	33	23	-1	12.17	12.17
Fixation R	1	7	7513150822	7513372909	222087	730.59	446.34	33	23	-1	12.93	12.93
Saccade L	1	8	7513372909	7513419009	46100	734.15	443.13	725.45	417.18	1.58	56.42	0.74	34.36	1063.96	-1918.76	918.19
Saccade R	1	8	7513372909	7513419009	46100	734.15	443.13	725.45	417.18	1.58	56.42	0.74	34.36	1063.96	-1918.76	918.19
Fixation L	1	8	7513419009	7513513029	94020	737.14	431.59	30	35	-1	12.37	12.37
Fixation R	1	8	7513419009	7513513029	94020	737.14	431.59	30	35	-1	13.12	13.12
Saccade L	1	9	7513513029	7513539076	26047	718.64	453.26	802.14	433.78	1.79	125.63	0.46	68.82	4188.44	-4880.42	3305.58
Saccade R	1	9	7513513029	7513539076	26047	718.64	453.26	802.14	433.78	1.79	125.63	0.46	68.82	4188.44	-4880.42	3305.58
Fixation L	1	9	7513591003	7513665028	74025	808.39	452.24	17	9	-1	12.33	12.33
Fixation R	1	9	7513591003	7513665028	74025	808.39	452.24	17	9	-1	13.12	13.12
Saccade L	1	10	7513665028	7513691023	25995	817.19	451.94	800.27	405.13	1.12	71.49	0.38	43.06	2313.64	-2804.67	1759.44
Saccade R	1	10	7513665028	7513691023	25995	817.19	451.94	800.27	405.13	1.12	71.49	0.38	43.06	2313.64	-2804.67	1759.44
Fixation L	1	10	7513691023	7513899264	208241	804.03	438.79	45	53	-1	12.45	12.45
Fixation R	1	10	7513691023	7513899264	208241	804.03	438.79	45	53	-1	13.21	13.21
Saccade L	1	11	7513899264	7513927159	27895	830.89	447.40	686.95	457.51	3.00	199.69	0.50	107.60	8506.56	-7978.23	6056.27
Saccade R	1	11	7513899264	7513927159	27895	830.89	447.40	686.95	457.51	3.00	199.69	0.50	107.60	8506.56	-7978.23	6056.27
Fixation L	1	11	7513927159	7514207264	280105	709.65	439.46	47	59	-1	12.32	12.32
Fixation R	1	11	7513927159	7514207264	280105	709.65	439.46	47	59	-1	13.10	13.10
Saccade L	1	12	7514207264	7514243265	36001	704.53	445.42	829.91	435.70	2.87	152.18	0.50	79.84	6025.09	-6300.19	4434.86
Saccade R	1	12	7514207264	7514243265	36001	704.53	445.42	829.91	435.70	2.87	152.18	0.50	79.84	6025.09	-6300.19	4434.86
Saccade L	1	13	7514283389	7514307389	24000	838.32	454.28	801.34	429.27	0.87	54.40	0.53	36.29	2039.69	-1813.76	1439.59
Saccade R	1	13	7514283389	7514307389	24000	838.32	454.28	801.34	429.27	0.87	54.40	0.53	36.29	2039.69	-1813.76	1439.59
Fixation L	1	12	7514307389	7514507387	199998	809.00	458.44	42	50	-1	12.25	12.25
Fixation R	1	12	7514307389	7514507387	199998	809.00	458.44	42	50	-1	13.02	13.02
Saccade L	1	14	7514507387	7514530288	22901	810.01	454.00	842.93	437.83	0.73	49.18	0.44	31.79	1639.35	-1763.94	1198.46
Saccade R	1	14	7514507387	7514530288	22901	810.01	454.00	842.93	437.83	0.73	49.18	0.44	31.79	1639.35	-1763.94	1198.46
Fixation L	1	13	7514530288	7514649527	119239	852.82	441.96	22	19	-1	12.19	12.19
Fixation R	1	13	7514530288	7514649527	119239	852.82	441.96	22	19	-1	12.87	12.87
Saccade L	1	15	7514649527	7514701506	51979	856.75	433.96	889.36	441.32	1.87	61.27	0.58	36.02	1220.12	-2126.66	1107.35
Saccade R	1	15	7514649527	7514701506	51979	856.75	433.96	889.36	441.32	1.87	61.27	0.58	36.02	1220.12	-2126.66	1107.35
Fixation L	1	14	7514701506	7514853625	152119	881.46	437.46	26	16	-1	12.04	12.04
Fixation R	1	14	7514701506	7514853625	152119	881.46	437.46	26	16	-1	12.90	12.90
Saccade L	1	16	7514853625	7514889627	36002	895.60	446.42	994.90	469.54	2.41	154.70	0.29	66.95	5592.36	-5235.98	3456.27
Saccade R	1	16	7514853625	7514889627	36002	895.60	446.42	994.90	469.54	2.41	154.70	0.29	66.95	5592.36	-5235.98	3456.27
Fixation L	1	15	7514889627	7515081619	191992	986.93	444.83	37	66	-1	12.15	12.15
Fixation R	1	15	7514889627	7515081619	191992	986.93	444.83	37	66	-1	12.85	12.85
Saccade L	1	17	7515081619	7515111762	30143	965.80	430.57	991.90	450.14	0.93	44.52	0.40	30.96	1035.83	-687.65	580.04
Saccade R	1	17	7515081619	7515111762	30143	965.80	430.57	991.90	450.14	0.93	44.52	0.40	30.96	1035.83	-687.65	580.04
Saccade L	1	18	7515111762	7515133746	21984	991.90	450.14	972.39	424.21	0.69	41.04	0.55	31.54	511.24	-1245.89	641.10
Saccade R	1	18	7515111762	7515133746	21984	991.90	450.14	972.39	424.21	0.69	41.04	0.55	31.54	511.24	-1245.89	641.10
Fixation L	1	16	7515133746	7515439862	306116	970.43	444.15	38	42	-1	12.02	12.02
Fixation R	1	16	7515133746	7515439862	306116	970.43	444.15	38	42	-1	12.80	12.80
Saccade L	1	19	7515439862	7515475858	35996	966.61	420.19	1149.98	450.54	4.13	197.43	0.58	114.84	8409.07	-8492.64	6398.60
Saccade R	1	19	7515439862	7515475858	35996	966.61	420.19	1149.98	450.54	4.13	197.43	0.58	114.84	8409.07	-8492.64	6398.60
Fixation L	1	17	7515475858	7515540863	65005	1156.63	449.75	23	10	-1	11.91	11.91
Fixation R	1	17	7515475858	7515540863	65005	1156.63	449.75	23	10	-1	12.86	12.86
Saccade L	1	20	7515540863	7515568069	27206	1165.82	442.24	1133.68	414.62	0.94	49.92	0.48	34.58	1694.25	-1444.49	1160.29
Saccade R	1	20	7515540863	7515568069	27206	1165.82	442.24	1133.68	414.62	0.94	49.92	0.48	34.58	1694.25	-1444.49	1160.29
Fixation L	1	18	7515568069	7515692010	123941	1132.29	431.71	19	24	-1	11.97	11.97
Fixation R	1	18	7515568069	7515692010	123941	1132.29	431.71	19	24	-1	12.74	12.74
Fixation L	1	19	7515707983	7516215247	507264	1125.18	435.16	42	45	-1	11.95	11.95
Fixation R	1	19	7515707983	7516215247	507264	1125.18	435.16	42	45	-1	12.68	12.68
Saccade L	1	21	7516215247	7516272222	56975	1114.85	454.31	558.25	454.95	12.65	372.31	0.33	221.94	16157.61	-13069.26	9968.93
Saccade R	1	21	7516215247	7516272222	56975	1114.85	454.31	558.25	454.95	12.65	372.31	0.33	221.94	16157.61	-13069.26	9968.93
Fixation L	1	20	7516272222	7516580092	307870	579.97	457.68	41	38	-1	12.17	12.17
Fixation R	1	20	7516272222	7516580092	307870	579.97	457.68	41	38	-1	12.80	12.80
Saccade L	1	22	7516580092	7516600340	20248	586.06	448.69	526.74	455.53	1.10	102.86	0.51	54.27	3767.87	-3349.81	2446.76
Saccade R	1	22	7516580092	7516600340	20248	586.06	448.69	526.74	455.53	1.10	102.86	0.51	54.27	3767.87	-3349.81	2446.76
Fixation L	1	21	7516600340	7516690958	90618	544.68	450.48	24	15	-1	12.05	12.05
Fixation R	1	21	7516600340	7516690958	90618	544.68	450.48	24	15	-1	12.88	12.88
Saccade L	1	23	7516690958	7516714459	23501	547.03	446.44	653.34	448.55	2.23	184.80	0.50	94.96	7767.55	-6810.53	4999.03
Saccade R	1	23	7516690958	7516714459	23501	547.03	446.44	653.34	448.55	2.23	184.80	0.50	94.96	7767.55	-6810.53	4999.03
Fixation L	1	22	7516714459	7517242705	528246	636.15	436.29	34	58	-1	11.87	11.87
Fixation R	1	22	7516714459	7517242705	528246	636.15	436.29	34	58	-1	12.57	12.57
Saccade L	1	24	7517242705	7517264621	21916	638.57	397.26	742.19	414.57	2.17	183.72	0.55	99.03	7213.22	-6493.99	4500.41
Saccade R	1	24	7517242705	7517264621	21916	638.57	397.26	742.19	414.57	2.17	183.72	0.55	99.03	7213.22	-6493.99	4500.41
Fixation L	1	23	7517264621	7517682886	418265	725.47	426.52	30	67	-1	11.92	11.92
Fixation R	1	23	7517264621	7517682886	418265	725.47	426.52	30	67	-1	12.59	12.59
Saccade L	1	25	7517682886	7517706809	23923	718.59	443.06	801.48	439.36	1.71	133.50	0.42	71.64	4775.09	-4875.03	3345.85
Saccade R	1	25	7517682886	7517706809	23923	718.59	443.06	801.48	439.36	1.71	133.50	0.42	71.64	4775.09	-4875.03	3345.85
Fixation L	1	24	7517706809	7517770940	64131	814.60	440.30	34	28	-1	12.06	12.06
Fixation R	1	24	7517706809	7517770940	64131	814.60	440.30	34	28	-1	12.69	12.69
Saccade L	1	26	7517770940	7517796816	25876	834.44	452.88	799.54	428.85	0.89	47.99	0.46	34.53	1453.87	-1669.60	1151.05
Saccade R	1	26	7517770940	7517796816	25876	834.44	452.88	799.54	428.85	0.89	47.99	0.46	34.53	1453.87	-1669.60	1151.05
Fixation L	1	25	7517796816	7517982048	185232	814.11	438.08	44	15	-1	11.94	11.94
Fixation R	1	25	7517796816	7517982048	185232	814.11	438.08	44	15	-1	12.60	12.60
Saccade L	1	27	7517982048	7518002939	20891	837.56	443.81	789.45	441.32	0.89	69.17	0.43	42.83	2034.81	-2242.07	1487.53
Saccade R	1	27	7517982048	7518002939	20891	837.56	443.81	789.45	441.32	0.89	69.17	0.43	42.83	2034.81	-2242.07	1487.53
Fixation L	1	26	7518002939	7518441175	438236	815.89	439.20	58	46	-1	11.94	11.94
Fixation R	1	26	7518002939	7518441175	438236	815.89	439.20	58	46	-1	12.57	12.57
Saccade L	1	28	7518441175	7518503176	62001	847.65	448.94	922.20	1005.39	13.95	457.74	0.39	225.07	20216.31	-16262.42	12181.66
Saccade R	1	28	7518441175	7518503176	62001	847.65	448.94	922.20	1005.39	13.95	457.74	0.39	225.07	20216.31	-16262.42	12181.66
Fixation L	1	27	7518503176	7518722240	219064	915.75	967.56	63	73	-1	12.28	12.28
Fixation R	1	27	7518503176	7518722240	219064	915.75	967.56	63	73	-1	13.19	13.19
Saccade L	1	29	7518722240	7518745314	23074	891.82	946.82	928.71	957.03	0.93	63.09	0.39	40.52	2552.18	-2502.19	1771.89
Saccade R	1	29	7518722240	7518745314	23074	891.82	946.82	928.71	957.03	0.93	63.09	0.39	40.52	2552.18	-2502.19	1771.89
Fixation L	1	28	7518784284	7518993483	209199	903.94	917.95	47	39	-1	12.09	12.09
Fixation R	1	28	7518784284	7518993483	209199	903.94	917.95	47	39	-1	13.08	13.08
