[BeGaze]
Converted from:	C:\Program Files\SMI\Experiment Suite 360\Experiment Center 2\Results\RC-Attachment-Exp\P10-eye_data.idf
Date:	18.03.2012 20:08:13
Version:	BeGaze 3.0.181
Sample Rate:	500
Subject:	P10
Description:	Run15

Table Header for Fixations:
Event Type	Trial	Number	Start	End	Duration	Location X	Location Y	Dispersion X	Dispersion Y	Plane	Avg. Pupil Size X	Avg. Pupil Size Y

Table Header for Saccades:
Event Type	Trial	Number	Start	End	Duration	Start Loc.X	Start Loc.Y	End Loc.X	End Loc.Y	Amplitude	Peak Speed	Peak Speed At	Average Speed	Peak Accel.	Peak Decel.	Average Accel.

Table Header for Blinks:
Event Type	Trial	Number	Start	End	Duration

Table Header for User Events:
Event Type	Trial	Number	Start	Description

UserEvent	1	1	8300574587	# Message: RC-N1forced-anim-2.jpg
Fixation L	1	1	8300578145	8301179415	601270	523.32	447.61	33	65	-1	11.36	11.36
Fixation R	1	1	8300578145	8301179415	601270	523.32	447.61	33	65	-1	11.23	11.23
Saccade L	1	1	8301179415	8301219508	40093	530.02	455.62	618.96	450.30	1.94	87.65	0.40	48.42	3591.03	-2972.75	2370.69
Saccade R	1	1	8301179415	8301219508	40093	530.02	455.62	618.96	450.30	1.94	87.65	0.40	48.42	3591.03	-2972.75	2370.69
Fixation L	1	2	8301219508	8301351545	132037	617.93	444.08	11	11	-1	10.92	10.92
Fixation R	1	2	8301219508	8301351545	132037	617.93	444.08	11	11	-1	10.86	10.86
Saccade L	1	2	8301351545	8301377572	26027	613.26	444.50	658.94	447.00	0.98	58.33	0.50	37.68	2449.68	-2029.51	1610.73
Saccade R	1	2	8301351545	8301377572	26027	613.26	444.50	658.94	447.00	0.98	58.33	0.50	37.68	2449.68	-2029.51	1610.73
Fixation L	1	3	8301377572	8301606008	228436	663.34	438.61	19	24	-1	10.79	10.79
Fixation R	1	3	8301377572	8301606008	228436	663.34	438.61	19	24	-1	10.75	10.75
Saccade L	1	3	8301606008	8301631655	25647	671.55	437.73	557.18	443.74	2.46	180.85	0.45	95.90	7506.32	-7518.82	5398.99
Saccade R	1	3	8301606008	8301631655	25647	671.55	437.73	557.18	443.74	2.46	180.85	0.45	95.90	7506.32	-7518.82	5398.99
Saccade L	1	4	8301745889	8301769938	24049	609.47	430.29	549.65	412.33	1.12	82.18	0.49	46.48	2686.19	-2120.19	1665.05
Saccade R	1	4	8301745889	8301769938	24049	609.47	430.29	549.65	412.33	1.12	82.18	0.49	46.48	2686.19	-2120.19	1665.05
Saccade L	1	5	8301811936	8301847777	35841	550.64	413.47	739.59	428.38	4.13	246.19	0.39	115.12	10305.24	-9725.24	7015.54
Saccade R	1	5	8301811936	8301847777	35841	550.64	413.47	739.59	428.38	4.13	246.19	0.39	115.12	10305.24	-9725.24	7015.54
Fixation L	1	4	8301847777	8302043528	195751	745.65	413.12	13	28	-1	10.59	10.59
Fixation R	1	4	8301847777	8302043528	195751	745.65	413.12	13	28	-1	10.45	10.45
Saccade L	1	6	8302063912	8302111186	47274	687.54	410.34	882.00	428.84	4.31	226.14	0.48	91.25	7627.86	-8517.32	5064.96
Saccade R	1	6	8302063912	8302111186	47274	687.54	410.34	882.00	428.84	4.31	226.14	0.48	91.25	7627.86	-8517.32	5064.96
Fixation L	1	5	8302111186	8302217906	106720	889.98	430.43	17	25	-1	10.43	10.43
Fixation R	1	5	8302111186	8302217906	106720	889.98	430.43	17	25	-1	10.65	10.65
Fixation L	1	6	8302232348	8302342035	109687	877.94	423.25	16	24	-1	10.43	10.43
Fixation R	1	6	8302232348	8302342035	109687	877.94	423.25	16	24	-1	10.47	10.47
Saccade L	1	7	8302342035	8302378015	35980	878.77	423.97	936.36	417.30	1.37	60.88	0.61	38.15	2056.19	-2335.00	1590.55
Saccade R	1	7	8302342035	8302378015	35980	878.77	423.97	936.36	417.30	1.37	60.88	0.61	38.15	2056.19	-2335.00	1590.55
Fixation L	1	7	8302378015	8302520959	142944	940.85	430.48	23	24	-1	10.35	10.35
Fixation R	1	7	8302378015	8302520959	142944	940.85	430.48	23	24	-1	10.29	10.29
Saccade L	1	8	8302520959	8302550140	29181	943.33	441.99	996.06	448.19	1.34	83.35	0.46	46.07	2805.54	-2638.00	1831.62
Saccade R	1	8	8302520959	8302550140	29181	943.33	441.99	996.06	448.19	1.34	83.35	0.46	46.07	2805.54	-2638.00	1831.62
Fixation L	1	8	8302550140	8302730130	179990	1004.15	437.45	24	19	-1	10.32	10.32
Fixation R	1	8	8302550140	8302730130	179990	1004.15	437.45	24	19	-1	10.27	10.27
Saccade L	1	9	8302754245	8302803706	49461	1017.31	426.38	1122.63	417.59	2.88	157.71	0.36	58.14	6097.24	-4823.94	3038.42
Saccade R	1	9	8302754245	8302803706	49461	1017.31	426.38	1122.63	417.59	2.88	157.71	0.36	58.14	6097.24	-4823.94	3038.42
Fixation L	1	9	8302803706	8303064373	260667	1119.97	417.12	26	26	-1	10.20	10.20
Fixation R	1	9	8302803706	8303064373	260667	1119.97	417.12	26	26	-1	10.20	10.20
Blink L	1	1	8303102402	8303203043	100641
Blink R	1	1	8303102402	8303203043	100641
Fixation L	1	10	8303203043	8303320371	117328	748.85	1010.11	18	27	-1	10.73	10.73
Fixation R	1	10	8303203043	8303320371	117328	748.85	1010.11	18	27	-1	10.45	10.45
Saccade L	1	10	8303320371	8303358364	37993	748.30	1018.97	820.68	955.89	2.27	128.84	0.37	59.64	4855.19	-4493.85	3229.03
Saccade R	1	10	8303320371	8303358364	37993	748.30	1018.97	820.68	955.89	2.27	128.84	0.37	59.64	4855.19	-4493.85	3229.03
Fixation L	1	11	8303358364	8303484491	126127	825.41	957.61	17	23	-1	10.75	10.75
Fixation R	1	11	8303358364	8303484491	126127	825.41	957.61	17	23	-1	10.42	10.42
Saccade L	1	11	8303484491	8303515484	30993	815.40	967.52	891.19	937.59	1.90	127.59	0.58	61.23	4673.15	-4485.77	3174.84
Saccade R	1	11	8303484491	8303515484	30993	815.40	967.52	891.19	937.59	1.90	127.59	0.58	61.23	4673.15	-4485.77	3174.84
Fixation L	1	12	8303515484	8304018727	503243	903.19	928.60	51	37	-1	10.43	10.43
Fixation R	1	12	8303515484	8304018727	503243	903.19	928.60	51	37	-1	10.37	10.37
