[BeGaze]
Converted from:	C:\Program Files\SMI\Experiment Suite 360\Experiment Center 2\Results\RC-Attachment-Exp\P10-eye_data.idf
Date:	18.03.2012 20:08:09
Version:	BeGaze 3.0.181
Sample Rate:	500
Subject:	P10
Description:	Run15

Table Header for Fixations:
Event Type	Trial	Number	Start	End	Duration	Location X	Location Y	Dispersion X	Dispersion Y	Plane	Avg. Pupil Size X	Avg. Pupil Size Y

Table Header for Saccades:
Event Type	Trial	Number	Start	End	Duration	Start Loc.X	Start Loc.Y	End Loc.X	End Loc.Y	Amplitude	Peak Speed	Peak Speed At	Average Speed	Peak Accel.	Peak Decel.	Average Accel.

Table Header for Blinks:
Event Type	Trial	Number	Start	End	Duration

Table Header for User Events:
Event Type	Trial	Number	Start	Description

UserEvent	1	1	8212554347	# Message: RC-N2forced-anim-1.jpg
Fixation L	1	1	8212556495	8212714322	157827	511.01	436.00	27	56	-1	11.39	11.39
Fixation R	1	1	8212556495	8212714322	157827	511.01	436.00	27	56	-1	11.36	11.36
Fixation L	1	2	8212763243	8212832319	69076	504.39	465.35	17	34	-1	11.65	11.65
Fixation R	1	2	8212763243	8212832319	69076	504.39	465.35	17	34	-1	11.47	11.47
Saccade L	1	1	8212832319	8212860341	28022	511.05	468.80	550.69	535.21	1.69	110.91	0.43	60.34	4265.93	-1620.03	1988.65
Saccade R	1	1	8212832319	8212860341	28022	511.05	468.80	550.69	535.21	1.69	110.91	0.43	60.34	4265.93	-1620.03	1988.65
Saccade L	1	2	8212860341	8212886356	26015	550.69	535.21	524.79	459.81	1.78	132.51	0.39	68.51	2198.52	-5056.84	2652.32
Saccade R	1	2	8212860341	8212886356	26015	550.69	535.21	524.79	459.81	1.78	132.51	0.39	68.51	2198.52	-5056.84	2652.32
Fixation L	1	3	8212886356	8213002442	116086	516.13	456.02	31	52	-1	11.63	11.63
Fixation R	1	3	8212886356	8213002442	116086	516.13	456.02	31	52	-1	11.49	11.49
Saccade L	1	3	8213036476	8213095217	58741	487.37	458.82	582.43	445.75	2.24	82.40	0.20	38.15	258.96	-2419.18	796.69
Saccade R	1	3	8213036476	8213095217	58741	487.37	458.82	582.43	445.75	2.24	82.40	0.20	38.15	258.96	-2419.18	796.69
Fixation L	1	4	8213095217	8213154576	59359	578.13	436.03	20	23	-1	11.63	11.63
Fixation R	1	4	8213095217	8213154576	59359	578.13	436.03	20	23	-1	11.51	11.51
Saccade L	1	4	8213154576	8213186582	32006	566.10	437.00	658.85	436.83	1.99	118.91	0.37	62.32	4195.60	-4179.03	2958.84
Saccade R	1	4	8213154576	8213186582	32006	566.10	437.00	658.85	436.83	1.99	118.91	0.37	62.32	4195.60	-4179.03	2958.84
Fixation L	1	5	8213186582	8213306760	120178	668.59	445.56	21	20	-1	11.57	11.57
Fixation R	1	5	8213186582	8213306760	120178	668.59	445.56	21	20	-1	11.61	11.61
Saccade L	1	5	8213368553	8213400568	32015	663.21	449.59	764.88	451.67	2.32	122.73	0.50	72.38	5240.25	-4998.46	3773.18
Saccade R	1	5	8213368553	8213400568	32015	663.21	449.59	764.88	451.67	2.32	122.73	0.50	72.38	5240.25	-4998.46	3773.18
Fixation L	1	6	8213400568	8213672678	272110	763.14	451.16	31	32	-1	11.47	11.47
Fixation R	1	6	8213400568	8213672678	272110	763.14	451.16	31	32	-1	11.63	11.63
Saccade L	1	6	8213672678	8213714694	42016	764.63	467.18	837.86	439.07	3.01	135.24	0.72	71.56	9945.56	-385.52	3968.13
Saccade R	1	6	8213672678	8213714694	42016	764.63	467.18	837.86	439.07	3.01	135.24	0.72	71.56	9945.56	-385.52	3968.13
Blink L	1	1	8213730815	8213770796	39981
Blink R	1	1	8213730815	8213770796	39981
Saccade L	1	7	8213778858	8213816841	37983	804.86	418.53	841.61	375.92	1.28	49.85	0.53	33.72	1472.59	-2461.50	1233.27
Saccade R	1	7	8213778858	8213816841	37983	804.86	418.53	841.61	375.92	1.28	49.85	0.53	33.72	1472.59	-2461.50	1233.27
Saccade L	1	8	8213830800	8213856802	26002	845.36	372.81	767.47	382.04	1.86	154.56	0.46	71.54	5321.64	-5143.26	3649.74
Saccade R	1	8	8213830800	8213856802	26002	845.36	372.81	767.47	382.04	1.86	154.56	0.46	71.54	5321.64	-5143.26	3649.74
Fixation L	1	7	8213856802	8213946844	90042	787.74	367.64	45	56	-1	11.27	11.27
Fixation R	1	7	8213856802	8213946844	90042	787.74	367.64	45	56	-1	11.34	11.34
Saccade L	1	9	8213946844	8213990965	44121	811.28	331.27	904.86	428.41	3.30	163.09	0.23	74.85	4697.85	-3616.29	3082.81
Saccade R	1	9	8213946844	8213990965	44121	811.28	331.27	904.86	428.41	3.30	163.09	0.23	74.85	4697.85	-3616.29	3082.81
Fixation L	1	8	8213990965	8214216964	225999	909.15	425.56	23	51	-1	11.05	11.05
Fixation R	1	8	8213990965	8214216964	225999	909.15	425.56	23	51	-1	11.20	11.20
Saccade L	1	10	8214254915	8214313038	58123	996.61	426.63	938.59	383.17	39.54	1976.31	0.55	680.25	72880.41	-72999.36	34713.76
Saccade R	1	10	8214254915	8214313038	58123	996.61	426.63	938.59	383.17	39.54	1976.31	0.55	680.25	72880.41	-72999.36	34713.76
Fixation L	1	9	8214375732	8214449035	73303	927.15	345.81	42	24	-1	11.26	11.26
Fixation R	1	9	8214375732	8214449035	73303	927.15	345.81	42	24	-1	11.28	11.28
Saccade L	1	11	8214469352	8214519033	49681	974.61	324.90	1128.99	407.98	4.81	193.56	0.28	96.76	7532.18	-7174.19	5085.28
Saccade R	1	11	8214469352	8214519033	49681	974.61	324.90	1128.99	407.98	4.81	193.56	0.28	96.76	7532.18	-7174.19	5085.28
Fixation L	1	10	8214519033	8214779149	260116	1122.99	428.94	62	35	-1	11.13	11.13
Fixation R	1	10	8214519033	8214779149	260116	1122.99	428.94	62	35	-1	11.39	11.39
Saccade L	1	12	8214779149	8214803287	24138	1112.74	423.53	1160.32	421.92	1.04	69.89	0.41	43.00	2677.83	-2285.85	1725.31
Saccade R	1	12	8214779149	8214803287	24138	1112.74	423.53	1160.32	421.92	1.04	69.89	0.41	43.00	2677.83	-2285.85	1725.31
Fixation L	1	11	8214803287	8215014942	211655	1169.45	426.75	41	46	-1	11.35	11.35
Fixation R	1	11	8214803287	8215014942	211655	1169.45	426.75	41	46	-1	11.36	11.36
Saccade L	1	13	8215014942	8215101405	86463	1170.23	416.86	861.14	941.53	14.50	354.32	0.44	167.72	14372.31	-14045.01	6867.12
Saccade R	1	13	8215014942	8215101405	86463	1170.23	416.86	861.14	941.53	14.50	354.32	0.44	167.72	14372.31	-14045.01	6867.12
Fixation L	1	12	8215101405	8216315866	1214461	895.03	933.74	75	41	-1	11.24	11.24
Fixation R	1	12	8215101405	8216315866	1214461	895.03	933.74	75	41	-1	11.21	11.21
