[BeGaze]
Converted from:	C:\Program Files\SMI\Experiment Suite 360\Experiment Center 2\Results\RC-Attachment-Exp\P06-eye_data.idf
Date:	18.03.2012 20:06:02
Version:	BeGaze 3.0.181
Sample Rate:	500
Subject:	P06
Description:	kibrisli

Table Header for Fixations:
Event Type	Trial	Number	Start	End	Duration	Location X	Location Y	Dispersion X	Dispersion Y	Plane	Avg. Pupil Size X	Avg. Pupil Size Y

Table Header for Saccades:
Event Type	Trial	Number	Start	End	Duration	Start Loc.X	Start Loc.Y	End Loc.X	End Loc.Y	Amplitude	Peak Speed	Peak Speed At	Average Speed	Peak Accel.	Peak Decel.	Average Accel.

Table Header for Blinks:
Event Type	Trial	Number	Start	End	Duration

Table Header for User Events:
Event Type	Trial	Number	Start	Description

UserEvent	1	1	6777102362	# Message: RC-N2forced-anim-1.jpg
Blink L	1	1	6777106527	6777123325	16798
Blink R	1	1	6777106527	6777123325	16798
Fixation L	1	1	6777189854	6777411034	221180	457.98	443.18	33	30	-1	11.38	11.38
Fixation R	1	1	6777189854	6777411034	221180	457.98	443.18	33	30	-1	11.72	11.72
Saccade L	1	1	6777411034	6777435987	24953	461.32	445.49	497.33	437.20	0.76	42.62	0.44	30.30	1769.68	-1507.36	1130.32
Saccade R	1	1	6777411034	6777435987	24953	461.32	445.49	497.33	437.20	0.76	42.62	0.44	30.30	1769.68	-1507.36	1130.32
Fixation L	1	2	6777435987	6777702094	266107	496.12	451.75	26	33	-1	12.28	12.28
Fixation R	1	2	6777435987	6777702094	266107	496.12	451.75	26	33	-1	12.50	12.50
Saccade L	1	2	6777702094	6777731373	29279	497.52	447.11	576.92	447.95	1.83	109.71	0.48	62.43	4487.88	-4191.31	3160.04
Saccade R	1	2	6777702094	6777731373	29279	497.52	447.11	576.92	447.95	1.83	109.71	0.48	62.43	4487.88	-4191.31	3160.04
Fixation L	1	3	6777731373	6777990215	258842	610.14	449.04	49	45	-1	13.01	13.01
Fixation R	1	3	6777731373	6777990215	258842	610.14	449.04	49	45	-1	13.06	13.06
Saccade L	1	3	6777990215	6778024248	34033	618.90	471.64	719.04	472.88	2.21	112.79	0.49	65.05	4650.17	-4484.44	3243.63
Saccade R	1	3	6777990215	6778024248	34033	618.90	471.64	719.04	472.88	2.21	112.79	0.49	65.05	4650.17	-4484.44	3243.63
Fixation L	1	4	6778048382	6778128734	80352	694.54	465.88	26	20	-1	12.95	12.95
Fixation R	1	4	6778048382	6778128734	80352	694.54	465.88	26	20	-1	13.18	13.18
Saccade L	1	4	6778128734	6778152352	23618	703.80	451.96	691.26	485.66	0.75	45.43	0.41	31.82	1299.42	-1540.32	1026.24
Saccade R	1	4	6778128734	6778152352	23618	703.80	451.96	691.26	485.66	0.75	45.43	0.41	31.82	1299.42	-1540.32	1026.24
Saccade L	1	5	6778166363	6778198337	31974	695.79	483.15	693.54	421.87	1.34	66.34	0.37	41.81	2468.93	-2054.35	1448.38
Saccade R	1	5	6778166363	6778198337	31974	695.79	483.15	693.54	421.87	1.34	66.34	0.37	41.81	2468.93	-2054.35	1448.38
Saccade L	1	6	6778202336	6778230356	28020	692.68	420.73	679.13	473.51	1.28	73.06	0.57	45.68	1812.59	-2038.86	1406.47
Saccade R	1	6	6778202336	6778230356	28020	692.68	420.73	679.13	473.51	1.28	73.06	0.57	45.68	1812.59	-2038.86	1406.47
Saccade L	1	7	6778236337	6778264335	27998	682.01	476.55	723.81	456.38	0.97	47.42	0.43	34.70	1166.56	-1329.83	848.69
Saccade R	1	7	6778236337	6778264335	27998	682.01	476.55	723.81	456.38	0.97	47.42	0.43	34.70	1166.56	-1329.83	848.69
Saccade L	1	8	6778294487	6778320361	25874	720.55	487.79	677.64	460.84	1.07	64.69	0.46	41.24	1717.91	-2082.88	1404.09
Saccade R	1	8	6778294487	6778320361	25874	720.55	487.79	677.64	460.84	1.07	64.69	0.46	41.24	1717.91	-2082.88	1404.09
Saccade L	1	9	6778342458	6778430458	88000	698.35	458.82	811.05	449.59	3.29	72.04	0.20	37.36	2062.49	-1522.58	808.15
Saccade R	1	9	6778342458	6778430458	88000	698.35	458.82	811.05	449.59	3.29	72.04	0.20	37.36	2062.49	-1522.58	808.15
Fixation L	1	5	6778430458	6778614580	184122	791.56	465.80	44	48	-1	13.38	13.38
Fixation R	1	5	6778430458	6778614580	184122	791.56	465.80	44	48	-1	13.53	13.53
Saccade L	1	10	6778614580	6778662579	47999	809.56	441.04	906.97	455.03	2.78	141.84	0.42	57.89	5420.24	-4567.57	3063.07
Saccade R	1	10	6778614580	6778662579	47999	809.56	441.04	906.97	455.03	2.78	141.84	0.42	57.89	5420.24	-4567.57	3063.07
Fixation L	1	6	6778662579	6778906717	244138	881.10	446.60	79	33	-1	13.62	13.62
Fixation R	1	6	6778662579	6778906717	244138	881.10	446.60	79	33	-1	13.63	13.63
Saccade L	1	11	6778906717	6778954716	47999	839.29	466.37	974.86	474.06	3.06	152.28	0.25	63.71	6247.01	-4927.17	3050.82
Saccade R	1	11	6778906717	6778954716	47999	839.29	466.37	974.86	474.06	3.06	152.28	0.25	63.71	6247.01	-4927.17	3050.82
Fixation L	1	7	6778954716	6779038699	83983	983.98	463.85	17	30	-1	13.89	13.89
Fixation R	1	7	6778954716	6779038699	83983	983.98	463.85	17	30	-1	13.73	13.73
Saccade L	1	12	6779038699	6779078695	39996	991.83	445.16	919.90	452.47	1.99	78.64	0.64	49.64	3213.94	-3261.05	2372.00
Saccade R	1	12	6779038699	6779078695	39996	991.83	445.16	919.90	452.47	1.99	78.64	0.64	49.64	3213.94	-3261.05	2372.00
Saccade L	1	13	6779098821	6779172825	74004	924.97	453.02	955.94	432.23	2.39	50.57	0.76	32.26	1157.11	-1833.23	729.32
Saccade R	1	13	6779098821	6779172825	74004	924.97	453.02	955.94	432.23	2.39	50.57	0.76	32.26	1157.11	-1833.23	729.32
Saccade L	1	14	6779216814	6779258819	42005	946.92	422.22	1015.87	418.17	2.69	122.18	0.43	64.15	4898.48	-4074.22	3063.57
Saccade R	1	14	6779216814	6779258819	42005	946.92	422.22	1015.87	418.17	2.69	122.18	0.43	64.15	4898.48	-4074.22	3063.57
Saccade L	1	15	6779272816	6779336810	63994	1013.00	415.31	1072.05	443.60	3.47	159.59	0.69	54.17	4948.44	-5899.04	2490.67
Saccade R	1	15	6779272816	6779336810	63994	1013.00	415.31	1072.05	443.60	3.47	159.59	0.69	54.17	4948.44	-5899.04	2490.67
Fixation L	1	8	6779336810	6779558936	222126	1094.07	451.16	47	41	-1	13.96	13.96
Fixation R	1	8	6779336810	6779558936	222126	1094.07	451.16	47	41	-1	14.06	14.06
Saccade L	1	16	6779558936	6779610933	51997	1119.39	435.07	1081.20	426.69	3.85	143.02	0.30	74.13	5736.75	-3258.62	3044.34
Saccade R	1	16	6779558936	6779610933	51997	1119.39	435.07	1081.20	426.69	3.85	143.02	0.30	74.13	5736.75	-3258.62	3044.34
Saccade L	1	17	6779610933	6779641067	30134	1081.20	426.69	1096.13	458.70	2.86	238.90	0.33	94.94	5949.98	-8607.17	4996.61
Saccade R	1	17	6779610933	6779641067	30134	1081.20	426.69	1096.13	458.70	2.86	238.90	0.33	94.94	5949.98	-8607.17	4996.61
Fixation L	1	9	6779641067	6779767062	125995	1083.27	458.36	29	26	-1	14.10	14.10
Fixation R	1	9	6779641067	6779767062	125995	1083.27	458.36	29	26	-1	14.15	14.15
Saccade L	1	18	6779767062	6779827920	60858	1068.09	473.13	853.24	989.30	18.20	574.52	0.63	299.06	15388.57	-24192.80	14051.91
Saccade R	1	18	6779767062	6779827920	60858	1068.09	473.13	853.24	989.30	18.20	574.52	0.63	299.06	15388.57	-24192.80	14051.91
Saccade L	1	19	6779850017	6779897577	47560	866.41	980.82	865.63	904.25	3.26	142.53	0.53	68.61	4580.40	-4679.29	3576.31
Saccade R	1	19	6779850017	6779897577	47560	866.41	980.82	865.63	904.25	3.26	142.53	0.53	68.61	4580.40	-4679.29	3576.31
Saccade L	1	20	6779909332	6779931434	22102	859.44	904.24	905.40	965.22	1.61	131.53	0.45	72.85	4524.76	-4521.64	3127.08
Saccade R	1	20	6779909332	6779931434	22102	859.44	904.24	905.40	965.22	1.61	131.53	0.45	72.85	4524.76	-4521.64	3127.08
Fixation L	1	10	6779931434	6780009174	77740	885.93	971.21	31	27	-1	14.77	14.77
Fixation R	1	10	6779931434	6780009174	77740	885.93	971.21	31	27	-1	14.67	14.67
Saccade L	1	21	6780009174	6780065357	56183	887.46	991.04	901.60	925.20	2.81	75.71	0.76	49.94	2112.53	-2094.26	1126.77
Saccade R	1	21	6780009174	6780065357	56183	887.46	991.04	901.60	925.20	2.81	75.71	0.76	49.94	2112.53	-2094.26	1126.77
Saccade L	1	22	6780073178	6780099426	26248	904.63	922.23	840.22	928.05	1.52	110.20	0.53	57.80	3494.45	-3716.84	2464.47
Saccade R	1	22	6780073178	6780099426	26248	904.63	922.23	840.22	928.05	1.52	110.20	0.53	57.80	3494.45	-3716.84	2464.47
Saccade L	1	23	6780123178	6780157179	34001	843.55	934.45	922.41	917.82	1.55	101.49	0.36	45.47	2616.55	-2957.50	1767.93
Saccade R	1	23	6780123178	6780157179	34001	843.55	934.45	922.41	917.82	1.55	101.49	0.36	45.47	2616.55	-2957.50	1767.93
Fixation L	1	11	6780157179	6780211601	54422	922.45	929.68	30	16	-1	14.44	14.44
Fixation R	1	11	6780157179	6780211601	54422	922.45	929.68	30	16	-1	14.31	14.31
Saccade L	1	24	6780285295	6780327299	42004	809.55	973.82	857.80	965.13	3.78	219.60	0.24	89.90	6884.57	-5298.13	3732.84
Saccade R	1	24	6780285295	6780327299	42004	809.55	973.82	857.80	965.13	3.78	219.60	0.24	89.90	6884.57	-5298.13	3732.84
