[BeGaze]
Converted from:	C:\Program Files\SMI\Experiment Suite 360\Experiment Center 2\Results\RC-Attachment-Exp\P32-eye_data.idf
Date:	18.03.2012 20:28:55
Version:	BeGaze 3.0.181
Sample Rate:	500
Subject:	P32
Description:	Run37

Table Header for Fixations:
Event Type	Trial	Number	Start	End	Duration	Location X	Location Y	Dispersion X	Dispersion Y	Plane	Avg. Pupil Size X	Avg. Pupil Size Y

Table Header for Saccades:
Event Type	Trial	Number	Start	End	Duration	Start Loc.X	Start Loc.Y	End Loc.X	End Loc.Y	Amplitude	Peak Speed	Peak Speed At	Average Speed	Peak Accel.	Peak Decel.	Average Accel.

Table Header for Blinks:
Event Type	Trial	Number	Start	End	Duration

Table Header for User Events:
Event Type	Trial	Number	Start	Description

UserEvent	1	1	6311640094	# Message: RC-N1forced-nonanim-6.jpg
Fixation L	1	1	6311640809	6312307162	666353	471.43	451.25	27	54	-1	14.20	14.20
Fixation R	1	1	6311640809	6312307162	666353	471.43	451.25	27	54	-1	14.83	14.83
Saccade L	1	1	6312307162	6312333175	26013	470.34	449.07	531.12	452.70	1.30	83.49	0.49	50.08	3442.70	-3441.94	2431.86
Saccade R	1	1	6312307162	6312333175	26013	470.34	449.07	531.12	452.70	1.30	83.49	0.49	50.08	3442.70	-3441.94	2431.86
Fixation L	1	2	6312333175	6312547263	214088	526.80	448.99	24	30	-1	14.04	14.04
Fixation R	1	2	6312333175	6312547263	214088	526.80	448.99	24	30	-1	14.56	14.56
Blink L	1	1	6312547263	6312703267	156004
Blink R	1	1	6312547263	6312703267	156004
Fixation L	1	3	6312713397	6313097519	384122	637.05	446.11	39	74	-1	14.10	14.10
Fixation R	1	3	6312713397	6313097519	384122	637.05	446.11	39	74	-1	14.63	14.63
Saccade L	1	2	6313097519	6313137534	40015	638.16	459.51	734.47	459.16	2.06	85.53	0.35	51.51	3601.71	-2507.99	2216.18
Saccade R	1	2	6313097519	6313137534	40015	638.16	459.51	734.47	459.16	2.06	85.53	0.35	51.51	3601.71	-2507.99	2216.18
Fixation L	1	4	6313137534	6313257494	119960	728.05	451.95	17	48	-1	14.04	14.04
Fixation R	1	4	6313137534	6313257494	119960	728.05	451.95	17	48	-1	14.60	14.60
Blink L	1	2	6313257494	6313416264	158770
Blink R	1	2	6313257494	6313416264	158770
Saccade L	1	3	6313507607	6313563644	56037	740.12	459.66	713.41	422.88	1.56	44.68	0.29	27.92	1148.60	-993.64	612.06
Saccade R	1	3	6313507607	6313563644	56037	740.12	459.66	713.41	422.88	1.56	44.68	0.29	27.92	1148.60	-993.64	612.06
Fixation L	1	5	6313563644	6313637731	74087	719.60	426.22	19	8	-1	14.22	14.22
Fixation R	1	5	6313563644	6313637731	74087	719.60	426.22	19	8	-1	14.67	14.67
Saccade L	1	4	6313637731	6313669730	31999	729.16	422.51	815.11	440.33	1.87	101.95	0.44	58.43	4157.21	-3805.99	2885.96
Saccade R	1	4	6313637731	6313669730	31999	729.16	422.51	815.11	440.33	1.87	101.95	0.44	58.43	4157.21	-3805.99	2885.96
Fixation L	1	6	6313669730	6314060170	390440	822.30	446.83	41	42	-1	14.51	14.51
Fixation R	1	6	6313669730	6314060170	390440	822.30	446.83	41	42	-1	15.02	15.02
Saccade L	1	5	6314060170	6314087842	27672	827.72	451.08	901.61	449.20	1.52	89.91	0.42	54.84	3775.78	-3724.72	2730.06
Saccade R	1	5	6314060170	6314087842	27672	827.72	451.08	901.61	449.20	1.52	89.91	0.42	54.84	3775.78	-3724.72	2730.06
Fixation L	1	7	6314087842	6314401055	313213	912.36	438.16	36	37	-1	14.32	14.32
Fixation R	1	7	6314087842	6314401055	313213	912.36	438.16	36	37	-1	14.72	14.72
Saccade L	1	6	6314401055	6314434081	33026	937.20	437.50	988.64	421.46	1.13	45.57	0.52	34.33	1553.10	-1671.71	1172.18
Saccade R	1	6	6314401055	6314434081	33026	937.20	437.50	988.64	421.46	1.13	45.57	0.52	34.33	1553.10	-1671.71	1172.18
Fixation L	1	8	6314434081	6315020310	586229	999.38	434.05	44	55	-1	14.12	14.12
Fixation R	1	8	6314434081	6315020310	586229	999.38	434.05	44	55	-1	14.51	14.51
Saccade L	1	7	6315020310	6315058372	38062	997.25	428.51	1082.33	429.26	1.89	93.38	0.32	49.57	3716.79	-3060.19	2314.07
Saccade R	1	7	6315020310	6315058372	38062	997.25	428.51	1082.33	429.26	1.89	93.38	0.32	49.57	3716.79	-3060.19	2314.07
Fixation L	1	9	6315058372	6315356678	298306	1084.11	434.13	22	31	-1	14.03	14.03
Fixation R	1	9	6315058372	6315356678	298306	1084.11	434.13	22	31	-1	14.36	14.36
Saccade L	1	8	6315356678	6315382421	25743	1078.99	429.20	1123.57	450.84	1.00	57.11	0.38	38.99	2278.06	-2258.28	1593.90
Saccade R	1	8	6315356678	6315382421	25743	1078.99	429.20	1123.57	450.84	1.00	57.11	0.38	38.99	2278.06	-2258.28	1593.90
Fixation L	1	10	6315382421	6315525228	142807	1120.09	436.36	7	27	-1	14.14	14.14
Fixation R	1	10	6315382421	6315525228	142807	1120.09	436.36	7	27	-1	14.45	14.45
Saccade L	1	9	6315525228	6315550544	25316	1116.14	433.23	1170.51	441.97	1.13	73.91	0.37	44.50	3104.39	-2861.81	2111.35
Saccade R	1	9	6315525228	6315550544	25316	1116.14	433.23	1170.51	441.97	1.13	73.91	0.37	44.50	3104.39	-2861.81	2111.35
Fixation L	1	11	6315550544	6315668551	118007	1173.97	430.32	8	41	-1	14.14	14.14
Fixation R	1	11	6315550544	6315668551	118007	1173.97	430.32	8	41	-1	14.39	14.39
Blink L	1	3	6315668551	6315888979	220428
Blink R	1	3	6315668551	6315888979	220428
Saccade L	1	10	6315929859	6315995858	65999	931.55	775.62	941.01	930.28	4.22	121.37	0.66	63.89	2304.95	-4376.34	1722.76
Saccade R	1	10	6315929859	6315995858	65999	931.55	775.62	941.01	930.28	4.22	121.37	0.66	63.89	2304.95	-4376.34	1722.76
Fixation L	1	12	6315995858	6316490888	495030	920.45	949.92	37	67	-1	14.93	14.93
Fixation R	1	12	6315995858	6316490888	495030	920.45	949.92	37	67	-1	15.47	15.47
