[BeGaze]
Converted from:	C:\Program Files\SMI\Experiment Suite 360\Experiment Center 2\Results\RC-Attachment-Exp\P01-eye_data.idf
Date:	18.03.2012 20:02:53
Version:	BeGaze 3.0.181
Sample Rate:	500
Subject:	P01
Description:	Run1

Table Header for Fixations:
Event Type	Trial	Number	Start	End	Duration	Location X	Location Y	Dispersion X	Dispersion Y	Plane	Avg. Pupil Size X	Avg. Pupil Size Y

Table Header for Saccades:
Event Type	Trial	Number	Start	End	Duration	Start Loc.X	Start Loc.Y	End Loc.X	End Loc.Y	Amplitude	Peak Speed	Peak Speed At	Average Speed	Peak Accel.	Peak Decel.	Average Accel.

Table Header for Blinks:
Event Type	Trial	Number	Start	End	Duration

Table Header for User Events:
Event Type	Trial	Number	Start	Description

UserEvent	1	1	2185949979	# Message: RC-nonforced-nonanim-3.jpg
Saccade L	1	1	2186009834	2186053896	44062	532.33	508.50	499.85	543.45	1.55	57.28	0.73	35.07	971.73	-2145.11	970.77
Saccade R	1	1	2186009834	2186053896	44062	532.33	508.50	499.85	543.45	1.55	57.28	0.73	35.07	971.73	-2145.11	970.77
Saccade L	1	2	2186079874	2186105921	26047	510.64	541.85	489.72	489.26	1.23	73.34	0.40	47.35	2578.76	-2520.59	1902.03
Saccade R	1	2	2186079874	2186105921	26047	510.64	541.85	489.72	489.26	1.23	73.34	0.40	47.35	2578.76	-2520.59	1902.03
Fixation L	1	1	2186105921	2186303867	197946	507.03	495.03	33	41	-1	11.51	11.51
Fixation R	1	1	2186105921	2186303867	197946	507.03	495.03	33	41	-1	11.33	11.33
Saccade L	1	3	2186303867	2186333991	30124	489.63	520.85	609.26	448.23	3.02	172.92	0.47	100.27	6734.80	-7438.43	5278.28
Saccade R	1	3	2186303867	2186333991	30124	489.63	520.85	609.26	448.23	3.02	172.92	0.47	100.27	6734.80	-7438.43	5278.28
Fixation L	1	2	2186333991	2186539986	205995	620.35	456.70	29	33	-1	11.47	11.47
Fixation R	1	2	2186333991	2186539986	205995	620.35	456.70	29	33	-1	11.27	11.27
Saccade L	1	4	2186539986	2186565985	25999	624.44	462.22	690.65	467.01	1.37	93.88	0.46	52.56	3662.56	-3608.73	2606.10
Saccade R	1	4	2186539986	2186565985	25999	624.44	462.22	690.65	467.01	1.37	93.88	0.46	52.56	3662.56	-3608.73	2606.10
Fixation L	1	3	2186565985	2186712106	146121	686.20	472.81	11	12	-1	11.33	11.33
Fixation R	1	3	2186565985	2186712106	146121	686.20	472.81	11	12	-1	11.22	11.22
Saccade L	1	5	2186712106	2186742105	29999	687.01	467.42	756.47	497.54	1.65	91.61	0.40	55.03	3742.49	-3236.42	2542.82
Saccade R	1	5	2186712106	2186742105	29999	687.01	467.42	756.47	497.54	1.65	91.61	0.40	55.03	3742.49	-3236.42	2542.82
Fixation L	1	4	2186742105	2187158421	416316	747.47	497.14	37	23	-1	11.33	11.33
Fixation R	1	4	2186742105	2187158421	416316	747.47	497.14	37	23	-1	11.17	11.17
Saccade L	1	6	2187158421	2187182351	23930	735.85	504.15	809.76	519.46	1.60	125.28	0.51	66.84	4785.29	-4776.15	3301.64
Saccade R	1	6	2187158421	2187182351	23930	735.85	504.15	809.76	519.46	1.60	125.28	0.51	66.84	4785.29	-4776.15	3301.64
Fixation L	1	5	2187182351	2187400664	218313	813.23	503.69	18	34	-1	11.28	11.28
Fixation R	1	5	2187182351	2187400664	218313	813.23	503.69	18	34	-1	11.16	11.16
Saccade L	1	7	2187400664	2187426451	25787	817.64	506.80	902.53	501.99	1.77	126.27	0.46	68.60	5018.84	-4981.99	3601.85
Saccade R	1	7	2187400664	2187426451	25787	817.64	506.80	902.53	501.99	1.77	126.27	0.46	68.60	5018.84	-4981.99	3601.85
Fixation L	1	6	2187426451	2187664600	238149	905.78	496.04	23	31	-1	11.10	11.10
Fixation R	1	6	2187426451	2187664600	238149	905.78	496.04	23	31	-1	10.98	10.98
Saccade L	1	8	2187664600	2187688667	24067	913.80	479.28	973.82	495.02	1.28	86.47	0.41	53.03	3554.40	-3532.08	2488.42
Saccade R	1	8	2187664600	2187688667	24067	913.80	479.28	973.82	495.02	1.28	86.47	0.41	53.03	3554.40	-3532.08	2488.42
Fixation L	1	7	2187688667	2188196805	508138	996.79	503.59	60	32	-1	10.91	10.91
Fixation R	1	7	2187688667	2188196805	508138	996.79	503.59	60	32	-1	10.87	10.87
Saccade L	1	9	2188196805	2188222798	25993	1015.05	503.38	1072.11	512.65	1.21	77.92	0.54	46.47	3114.95	-3285.21	2327.03
Saccade R	1	9	2188196805	2188222798	25993	1015.05	503.38	1072.11	512.65	1.21	77.92	0.54	46.47	3114.95	-3285.21	2327.03
Fixation L	1	8	2188222798	2188498926	276128	1084.48	503.53	25	19	-1	11.00	11.00
Fixation R	1	8	2188222798	2188498926	276128	1084.48	503.53	25	19	-1	10.84	10.84
Saccade L	1	10	2188498926	2188522946	24020	1079.28	500.50	1113.69	493.42	0.78	47.07	0.50	32.58	1621.36	-1828.28	1156.61
Saccade R	1	10	2188498926	2188522946	24020	1079.28	500.50	1113.69	493.42	0.78	47.07	0.50	32.58	1621.36	-1828.28	1156.61
Fixation L	1	9	2188522946	2188831027	308081	1112.92	502.35	19	41	-1	11.13	11.13
Fixation R	1	9	2188522946	2188831027	308081	1112.92	502.35	19	41	-1	10.91	10.91
Saccade L	1	11	2188831027	2188857028	26001	1116.97	486.52	1030.12	498.14	1.85	130.97	0.46	71.23	5313.73	-5248.31	3760.76
Saccade R	1	11	2188831027	2188857028	26001	1116.97	486.52	1030.12	498.14	1.85	130.97	0.46	71.23	5313.73	-5248.31	3760.76
Fixation L	1	10	2188857028	2189059149	202121	1019.62	496.27	38	15	-1	11.16	11.16
Fixation R	1	10	2188857028	2189059149	202121	1019.62	496.27	38	15	-1	10.98	10.98
Blink L	1	1	2189059149	2189203233	144084
Blink R	1	1	2189059149	2189203233	144084
Saccade L	1	12	2189203233	2189283256	80023	1100.67	396.86	1071.58	525.79	2.94	69.64	0.30	36.74	2210.49	-1571.05	929.26
Saccade R	1	12	2189203233	2189283256	80023	1100.67	396.86	1071.58	525.79	2.94	69.64	0.30	36.74	2210.49	-1571.05	929.26
Fixation L	1	11	2189283256	2189454423	171167	1067.01	534.14	44	26	-1	11.26	11.26
Fixation R	1	11	2189283256	2189454423	171167	1067.01	534.14	44	26	-1	11.04	11.04
Saccade L	1	13	2189454423	2189503252	48829	1046.24	527.76	657.11	510.47	8.43	320.29	0.34	172.64	14219.76	-11382.81	9104.48
Saccade R	1	13	2189454423	2189503252	48829	1046.24	527.76	657.11	510.47	8.43	320.29	0.34	172.64	14219.76	-11382.81	9104.48
Fixation L	1	12	2189503252	2189633370	130118	654.72	505.87	14	14	-1	11.51	11.51
Fixation R	1	12	2189503252	2189633370	130118	654.72	505.87	14	14	-1	11.29	11.29
Saccade L	1	14	2189633370	2189657376	24006	646.56	509.27	588.12	486.42	1.58	121.76	0.60	65.79	4559.17	-4553.28	3018.37
Saccade R	1	14	2189633370	2189657376	24006	646.56	509.27	588.12	486.42	1.58	121.76	0.60	65.79	4559.17	-4553.28	3018.37
Fixation L	1	13	2189657376	2189751451	94075	589.24	489.63	21	13	-1	11.64	11.64
Fixation R	1	13	2189657376	2189751451	94075	589.24	489.63	21	13	-1	11.20	11.20
Saccade L	1	15	2189751451	2189775382	23931	605.75	487.87	568.07	473.36	0.87	55.08	0.33	36.41	1144.07	-2075.05	1105.67
Saccade R	1	15	2189751451	2189775382	23931	605.75	487.87	568.07	473.36	0.87	55.08	0.33	36.41	1144.07	-2075.05	1105.67
Fixation L	1	14	2189775382	2189887490	112108	583.06	486.57	32	30	-1	11.72	11.72
Fixation R	1	14	2189775382	2189887490	112108	583.06	486.57	32	30	-1	11.35	11.35
Saccade L	1	16	2189887490	2189915506	28016	592.64	505.03	715.92	509.49	2.70	185.64	0.50	96.24	7282.64	-7482.99	5397.54
Saccade R	1	16	2189887490	2189915506	28016	592.64	505.03	715.92	509.49	2.70	185.64	0.50	96.24	7282.64	-7482.99	5397.54
Fixation L	1	15	2189915506	2190183614	268108	729.27	507.95	33	27	-1	11.89	11.89
Fixation R	1	15	2189915506	2190183614	268108	729.27	507.95	33	27	-1	11.60	11.60
Saccade L	1	17	2190183614	2190217596	33982	746.73	496.94	845.79	497.85	2.38	135.36	0.35	70.06	5503.10	-5053.10	3825.77
Saccade R	1	17	2190183614	2190217596	33982	746.73	496.94	845.79	497.85	2.38	135.36	0.35	70.06	5503.10	-5053.10	3825.77
Fixation L	1	16	2190217596	2190427713	210117	852.34	503.54	13	31	-1	11.99	11.99
Fixation R	1	16	2190217596	2190427713	210117	852.34	503.54	13	31	-1	11.64	11.64
Saccade L	1	18	2190427713	2190455718	28005	849.92	520.69	931.05	512.01	1.89	123.83	0.44	67.38	5112.58	-5124.33	3664.89
Saccade R	1	18	2190427713	2190455718	28005	849.92	520.69	931.05	512.01	1.89	123.83	0.44	67.38	5112.58	-5124.33	3664.89
Fixation L	1	17	2190455718	2190663871	208153	942.11	517.86	23	33	-1	11.87	11.87
Fixation R	1	17	2190455718	2190663871	208153	942.11	517.86	23	33	-1	11.55	11.55
Saccade L	1	19	2190663871	2190699831	35960	934.24	528.32	1101.40	524.37	3.62	209.61	0.39	100.54	8360.27	-8382.70	5979.84
Saccade R	1	19	2190663871	2190699831	35960	934.24	528.32	1101.40	524.37	3.62	209.61	0.39	100.54	8360.27	-8382.70	5979.84
Fixation L	1	18	2190699831	2190797888	98057	1110.60	511.40	15	29	-1	11.72	11.72
Fixation R	1	18	2190699831	2190797888	98057	1110.60	511.40	15	29	-1	11.52	11.52
Blink L	1	2	2190797888	2190986038	188150
Blink R	1	2	2190797888	2190986038	188150
Saccade L	1	20	2191111951	2191138070	26119	902.87	960.49	903.56	913.05	1.02	60.28	0.46	39.01	2202.21	-2140.79	1587.79
Saccade R	1	20	2191111951	2191138070	26119	902.87	960.49	903.56	913.05	1.02	60.28	0.46	39.01	2202.21	-2140.79	1587.79
Fixation L	1	19	2191138070	2191192062	53992	913.30	922.19	22	15	-1	11.76	11.76
Fixation R	1	19	2191138070	2191192062	53992	913.30	922.19	22	15	-1	11.24	11.24
Saccade L	1	21	2191192062	2191216077	24015	925.68	926.31	951.94	949.18	0.70	40.04	0.50	29.35	1173.51	-1324.07	908.88
Saccade R	1	21	2191192062	2191216077	24015	925.68	926.31	951.94	949.18	0.70	40.04	0.50	29.35	1173.51	-1324.07	908.88
Fixation L	1	20	2191216077	2191514194	298117	932.51	938.21	53	40	-1	11.76	11.76
Fixation R	1	20	2191216077	2191514194	298117	932.51	938.21	53	40	-1	11.55	11.55
Saccade L	1	22	2191514194	2191538189	23995	933.86	950.26	913.79	903.84	0.99	59.14	0.42	41.06	2052.24	-1215.19	869.39
Saccade R	1	22	2191514194	2191538189	23995	933.86	950.26	913.79	903.84	0.99	59.14	0.42	41.06	2052.24	-1215.19	869.39
