[BeGaze]
Converted from:	C:\Program Files\SMI\Experiment Suite 360\Experiment Center 2\Results\RC-Attachment-Exp\Denek01-eye_data.idf
Date:	24.02.2012 09:57:43
Version:	BeGaze 3.0.181
Sample Rate:	500
Subject:	Denek01
Description:	Run4

Table Header for Fixations:
Event Type	Trial	Number	Start	End	Duration	Location X	Location Y	Dispersion X	Dispersion Y	Plane	Avg. Pupil Size X	Avg. Pupil Size Y

Table Header for Saccades:
Event Type	Trial	Number	Start	End	Duration	Start Loc.X	Start Loc.Y	End Loc.X	End Loc.Y	Amplitude	Peak Speed	Peak Speed At	Average Speed	Peak Accel.	Peak Decel.	Average Accel.

Table Header for Blinks:
Event Type	Trial	Number	Start	End	Duration

Table Header for User Events:
Event Type	Trial	Number	Start	Description

UserEvent	1	1	1928798643	# Message: RC-N2forced-nonanim-3x.jpg
Fixation L	1	1	1928804459	1929040413	235954	502.50	419.80	11	23	-1	14.20	14.20
Fixation R	1	1	1928804459	1929040413	235954	502.50	419.80	11	23	-1	15.11	15.11
Saccade L	1	1	1929040413	1929098412	57999	502.38	416.15	597.65	417.91	2.30	113.15	0.59	39.71	4232.76	-4378.95	2330.92
Saccade R	1	1	1929040413	1929098412	57999	502.38	416.15	597.65	417.91	2.30	113.15	0.59	39.71	4232.76	-4378.95	2330.92
Fixation L	1	2	1929098412	1929226533	128121	595.04	418.16	8	8	-1	14.10	14.10
Fixation R	1	2	1929098412	1929226533	128121	595.04	418.16	8	8	-1	15.00	15.00
Saccade L	1	2	1929226533	1929260521	33988	594.90	421.30	690.06	431.44	2.11	141.43	0.59	62.05	5677.36	-5794.30	4057.26
Saccade R	1	2	1929226533	1929260521	33988	594.90	421.30	690.06	431.44	2.11	141.43	0.59	62.05	5677.36	-5794.30	4057.26
Fixation L	1	3	1929260521	1929482512	221991	701.95	421.16	19	18	-1	13.99	13.99
Fixation R	1	3	1929260521	1929482512	221991	701.95	421.16	19	18	-1	15.02	15.02
Saccade L	1	3	1929482512	1929518667	36155	702.39	412.44	775.60	419.74	1.59	94.49	0.33	43.96	3741.35	-3579.27	2469.81
Saccade R	1	3	1929482512	1929518667	36155	702.39	412.44	775.60	419.74	1.59	94.49	0.33	43.96	3741.35	-3579.27	2469.81
Fixation L	1	4	1929518667	1929746837	228170	771.22	414.96	16	15	-1	13.99	13.99
Fixation R	1	4	1929518667	1929746837	228170	771.22	414.96	16	15	-1	15.09	15.09
Saccade L	1	4	1929746837	1929784756	37919	773.15	408.10	842.43	409.01	1.51	83.13	0.42	39.93	3149.60	-3321.75	2254.76
Saccade R	1	4	1929746837	1929784756	37919	773.15	408.10	842.43	409.01	1.51	83.13	0.42	39.93	3149.60	-3321.75	2254.76
Fixation L	1	5	1929784756	1930186858	402102	840.25	411.20	18	15	-1	13.98	13.98
Fixation R	1	5	1929784756	1930186858	402102	840.25	411.20	18	15	-1	15.02	15.02
Saccade L	1	5	1930186858	1930218984	32126	838.64	408.93	751.92	414.13	1.88	124.57	0.44	58.59	4971.61	-5056.67	3625.51
Saccade R	1	5	1930186858	1930218984	32126	838.64	408.93	751.92	414.13	1.88	124.57	0.44	58.59	4971.61	-5056.67	3625.51
Fixation L	1	6	1930218984	1930589025	370041	752.99	413.55	17	19	-1	14.03	14.03
Fixation R	1	6	1930218984	1930589025	370041	752.99	413.55	17	19	-1	15.11	15.11
Saccade L	1	6	1930589025	1930627094	38069	749.17	417.54	823.96	416.19	1.65	85.99	0.37	43.26	3261.72	-3208.21	2297.94
Saccade R	1	6	1930589025	1930627094	38069	749.17	417.54	823.96	416.19	1.65	85.99	0.37	43.26	3261.72	-3208.21	2297.94
Fixation L	1	7	1930627094	1930929204	302110	825.55	414.90	28	25	-1	14.37	14.37
Fixation R	1	7	1930627094	1930929204	302110	825.55	414.90	28	25	-1	15.37	15.37
Saccade L	1	7	1930929204	1930983206	54002	815.02	400.67	942.26	414.73	2.95	144.44	0.33	54.65	6096.68	-5394.05	3291.82
Saccade R	1	7	1930929204	1930983206	54002	815.02	400.67	942.26	414.73	2.95	144.44	0.33	54.65	6096.68	-5394.05	3291.82
Fixation L	1	8	1930983206	1931131683	148477	940.14	416.01	5	19	-1	14.54	14.54
Fixation R	1	8	1930983206	1931131683	148477	940.14	416.01	5	19	-1	15.55	15.55
Saccade L	1	8	1931131683	1931201317	69634	938.83	421.84	1003.44	437.42	2.05	90.88	0.54	29.41	2942.75	-3266.56	1381.99
Saccade R	1	8	1931131683	1931201317	69634	938.83	421.84	1003.44	437.42	2.05	90.88	0.54	29.41	2942.75	-3266.56	1381.99
Fixation L	1	9	1931201317	1931579427	378110	1004.58	432.73	23	42	-1	14.38	14.38
Fixation R	1	9	1931201317	1931579427	378110	1004.58	432.73	23	42	-1	15.53	15.53
Saccade L	1	9	1931579427	1931610207	30780	1006.98	408.05	1106.85	422.58	2.27	159.91	0.52	73.68	6655.18	-6653.14	4842.47
Saccade R	1	9	1931579427	1931610207	30780	1006.98	408.05	1106.85	422.58	2.27	159.91	0.52	73.68	6655.18	-6653.14	4842.47
Fixation L	1	10	1931610207	1931880099	269892	1115.46	421.73	23	20	-1	14.08	14.08
Fixation R	1	10	1931610207	1931880099	269892	1115.46	421.73	23	20	-1	15.37	15.37
Saccade L	1	10	1931880099	1931913664	33565	1116.30	421.63	1166.25	427.42	1.14	69.08	0.52	33.93	2729.79	-2774.72	1971.99
Saccade R	1	10	1931880099	1931913664	33565	1116.30	421.63	1166.25	427.42	1.14	69.08	0.52	33.93	2729.79	-2774.72	1971.99
Fixation L	1	11	1931913664	1932644227	730563	1165.08	424.38	33	35	-1	14.47	14.47
Fixation R	1	11	1931913664	1932644227	730563	1165.08	424.38	33	35	-1	15.69	15.69
Saccade L	1	11	1932644227	1932696027	51800	1162.78	432.73	821.92	424.68	7.56	311.13	0.34	145.91	14050.28	-11973.25	8669.43
Saccade R	1	11	1932644227	1932696027	51800	1162.78	432.73	821.92	424.68	7.56	311.13	0.34	145.91	14050.28	-11973.25	8669.43
Fixation L	1	12	1932696027	1932916058	220031	812.75	416.38	19	15	-1	14.88	14.88
Fixation R	1	12	1932696027	1932916058	220031	812.75	416.38	19	15	-1	15.71	15.71
Saccade L	1	12	1932916058	1932942117	26059	806.33	411.18	745.67	420.96	1.37	103.11	0.54	52.39	4023.94	-3786.66	2838.25
Saccade R	1	12	1932916058	1932942117	26059	806.33	411.18	745.67	420.96	1.37	103.11	0.54	52.39	4023.94	-3786.66	2838.25
Fixation L	1	13	1932942117	1933148115	205998	747.80	419.00	19	12	-1	15.05	15.05
Fixation R	1	13	1932942117	1933148115	205998	747.80	419.00	19	12	-1	16.03	16.03
Saccade L	1	13	1933148115	1933216113	67998	738.16	416.54	841.99	915.71	12.13	352.17	0.35	178.36	15718.08	-12078.05	8655.99
Saccade R	1	13	1933148115	1933216113	67998	738.16	416.54	841.99	915.71	12.13	352.17	0.35	178.36	15718.08	-12078.05	8655.99
Fixation L	1	14	1933216113	1933604441	388328	853.30	905.98	38	33	-1	15.35	15.35
Fixation R	1	14	1933216113	1933604441	388328	853.30	905.98	38	33	-1	16.40	16.40
Fixation L	1	15	1933710343	1933762362	52019	638.96	447.64	9	14	-1	14.15	14.15
Fixation R	1	15	1933710343	1933762362	52019	638.96	447.64	9	14	-1	15.01	15.01
Fixation L	1	16	1933830465	1934022581	192116	653.71	405.44	11	36	-1	14.12	14.12
Fixation R	1	16	1933830465	1934022581	192116	653.71	405.44	11	36	-1	14.83	14.83
Saccade L	1	14	1934022581	1934048571	25990	653.42	421.69	583.48	434.56	1.68	129.35	0.54	64.45	5072.37	-4547.78	3447.15
Saccade R	1	14	1934022581	1934048571	25990	653.42	421.69	583.48	434.56	1.68	129.35	0.54	64.45	5072.37	-4547.78	3447.15
Fixation L	1	17	1934048571	1934234570	185999	583.34	415.33	18	30	-1	14.84	14.84
Fixation R	1	17	1934048571	1934234570	185999	583.34	415.33	18	30	-1	15.52	15.52
Saccade L	1	15	1934234570	1934332155	97585	590.62	406.80	900.83	891.31	14.73	443.02	0.25	150.98	19355.98	-12068.23	7512.39
Saccade R	1	15	1934234570	1934332155	97585	590.62	406.80	900.83	891.31	14.73	443.02	0.25	150.98	19355.98	-12068.23	7512.39
Fixation L	1	18	1934332155	1934772802	440647	910.33	912.63	50	67	-1	15.41	15.41
Fixation R	1	18	1934332155	1934772802	440647	910.33	912.63	50	67	-1	16.74	16.74
Saccade L	1	16	1934832923	1934866920	33997	938.81	960.12	932.16	923.47	0.84	43.11	0.26	24.80	775.59	-14235.20	1743.95
Saccade R	1	16	1934832923	1934866920	33997	938.81	960.12	932.16	923.47	0.84	43.11	0.26	24.80	775.59	-14235.20	1743.95
Fixation L	1	19	1934866920	1935271065	404145	930.66	935.94	22	38	-1	14.87	14.87
Fixation R	1	19	1934866920	1935271065	404145	930.66	935.94	22	38	-1	15.94	15.94
Saccade L	1	17	1935271065	1935305030	33965	938.43	949.96	902.85	933.88	0.83	43.35	0.53	24.34	1308.12	-1579.97	1003.00
Saccade R	1	17	1935271065	1935305030	33965	938.43	949.96	902.85	933.88	0.83	43.35	0.53	24.34	1308.12	-1579.97	1003.00
