[BeGaze]
Converted from:	C:\Program Files\SMI\Experiment Suite 360\Experiment Center 2\Results\RC-Attachment-Exp\P14-eye_data.idf
Date:	18.03.2012 20:10:47
Version:	BeGaze 3.0.181
Sample Rate:	500
Subject:	P14
Description:	Run19

Table Header for Fixations:
Event Type	Trial	Number	Start	End	Duration	Location X	Location Y	Dispersion X	Dispersion Y	Plane	Avg. Pupil Size X	Avg. Pupil Size Y

Table Header for Saccades:
Event Type	Trial	Number	Start	End	Duration	Start Loc.X	Start Loc.Y	End Loc.X	End Loc.Y	Amplitude	Peak Speed	Peak Speed At	Average Speed	Peak Accel.	Peak Decel.	Average Accel.

Table Header for Blinks:
Event Type	Trial	Number	Start	End	Duration

Table Header for User Events:
Event Type	Trial	Number	Start	Description

UserEvent	1	1	1343389745	# Message: Questionnaire9.jpg
Fixation L	1	1	1343390439	1343976405	585966	887.09	965.62	35	40	-1	13.97	13.97
Fixation R	1	1	1343390439	1343976405	585966	887.09	965.62	35	40	-1	13.82	13.82
Saccade L	1	1	1343976405	1344068524	92119	890.32	955.20	492.58	390.42	16.90	406.77	0.39	183.41	13074.72	-9269.82	6460.68
Saccade R	1	1	1343976405	1344068524	92119	890.32	955.20	492.58	390.42	16.90	406.77	0.39	183.41	13074.72	-9269.82	6460.68
Fixation L	1	2	1344068524	1344164594	96070	493.15	400.00	14	19	-1	13.74	13.74
Fixation R	1	2	1344068524	1344164594	96070	493.15	400.00	14	19	-1	13.29	13.29
Saccade L	1	2	1344164594	1344192518	27924	491.25	389.76	424.76	354.64	1.69	118.54	0.50	60.60	4762.88	-4648.55	3400.05
Saccade R	1	2	1344164594	1344192518	27924	491.25	389.76	424.76	354.64	1.69	118.54	0.50	60.60	4762.88	-4648.55	3400.05
Fixation L	1	3	1344192518	1344400650	208132	434.71	358.62	21	21	-1	13.60	13.60
Fixation R	1	3	1344192518	1344400650	208132	434.71	358.62	21	21	-1	13.33	13.33
Saccade L	1	3	1344400650	1344426632	25982	438.88	355.95	400.60	352.79	0.86	51.35	0.54	33.11	1889.34	-1615.64	1279.79
Saccade R	1	3	1344400650	1344426632	25982	438.88	355.95	400.60	352.79	0.86	51.35	0.54	33.11	1889.34	-1615.64	1279.79
Fixation L	1	4	1344426632	1344648762	222130	412.33	349.40	21	31	-1	13.57	13.57
Fixation R	1	4	1344426632	1344648762	222130	412.33	349.40	21	31	-1	13.54	13.54
Saccade L	1	4	1344648762	1344684746	35984	402.76	342.19	532.81	359.40	2.87	167.55	0.39	79.73	7047.13	-6604.98	4794.10
Saccade R	1	4	1344648762	1344684746	35984	402.76	342.19	532.81	359.40	2.87	167.55	0.39	79.73	7047.13	-6604.98	4794.10
Fixation L	1	5	1344684746	1344896880	212134	545.78	371.68	26	25	-1	13.48	13.48
Fixation R	1	5	1344684746	1344896880	212134	545.78	371.68	26	25	-1	13.45	13.45
Saccade L	1	5	1344896880	1344922868	25988	550.17	371.29	665.34	375.88	2.46	192.43	0.54	94.75	7567.85	-7373.05	5222.39
Saccade R	1	5	1344896880	1344922868	25988	550.17	371.29	665.34	375.88	2.46	192.43	0.54	94.75	7567.85	-7373.05	5222.39
Fixation L	1	6	1344922868	1345080456	157588	671.30	382.10	32	27	-1	13.70	13.70
Fixation R	1	6	1344922868	1345080456	157588	671.30	382.10	32	27	-1	13.36	13.36
Saccade L	1	6	1345080456	1345103003	22547	663.28	394.47	755.92	394.97	1.81	149.70	0.46	80.14	5774.54	-5596.33	3992.54
Saccade R	1	6	1345080456	1345103003	22547	663.28	394.47	755.92	394.97	1.81	149.70	0.46	80.14	5774.54	-5596.33	3992.54
Saccade L	1	7	1345108863	1345138152	29289	756.56	395.25	761.40	354.01	0.89	45.85	0.50	30.37	1487.02	-1846.37	1137.81
Saccade R	1	7	1345108863	1345138152	29289	756.56	395.25	761.40	354.01	0.89	45.85	0.50	30.37	1487.02	-1846.37	1137.81
Fixation L	1	7	1345138152	1345236984	98832	765.72	359.88	10	32	-1	13.44	13.44
Fixation R	1	7	1345138152	1345236984	98832	765.72	359.88	10	32	-1	13.38	13.38
Saccade L	1	8	1345236984	1345269824	32840	768.02	377.01	857.64	355.57	2.24	156.43	0.55	68.10	6069.27	-6134.20	4210.91
Saccade R	1	8	1345236984	1345269824	32840	768.02	377.01	857.64	355.57	2.24	156.43	0.55	68.10	6069.27	-6134.20	4210.91
Fixation L	1	8	1345269824	1345457103	187279	869.42	362.83	25	38	-1	13.64	13.64
Fixation R	1	8	1345269824	1345457103	187279	869.42	362.83	25	38	-1	13.58	13.58
Fixation L	1	9	1345477126	1345645446	168320	834.79	379.15	18	38	-1	13.67	13.67
Fixation R	1	9	1345477126	1345645446	168320	834.79	379.15	18	38	-1	13.68	13.68
Saccade L	1	9	1345645446	1345679212	33766	835.53	385.46	933.57	363.74	2.49	167.87	0.46	73.64	6809.39	-6600.96	4661.22
Saccade R	1	9	1345645446	1345679212	33766	835.53	385.46	933.57	363.74	2.49	167.87	0.46	73.64	6809.39	-6600.96	4661.22
Fixation L	1	10	1345679212	1345839740	160528	938.22	384.05	16	35	-1	13.80	13.80
Fixation R	1	10	1345679212	1345839740	160528	938.22	384.05	16	35	-1	13.80	13.80
Saccade L	1	10	1345839740	1345911232	71492	939.57	386.66	456.05	449.69	12.29	548.57	0.31	171.90	23874.90	-23157.95	11526.55
Saccade R	1	10	1345839740	1345911232	71492	939.57	386.66	456.05	449.69	12.29	548.57	0.31	171.90	23874.90	-23157.95	11526.55
Fixation L	1	11	1345911232	1347446045	1534813	422.66	503.21	61	91	-1	14.71	14.71
Fixation R	1	11	1345911232	1347446045	1534813	422.66	503.21	61	91	-1	14.85	14.85
UserEvent	1	2	1347145121	# Message: UE-mouseclick left x=400 y=471
Saccade L	1	11	1347446045	1347469906	23861	409.87	527.10	416.69	566.63	0.83	57.52	0.41	34.87	2030.36	-1931.02	1370.44
Saccade R	1	11	1347446045	1347469906	23861	409.87	527.10	416.69	566.63	0.83	57.52	0.41	34.87	2030.36	-1931.02	1370.44
Fixation L	1	12	1347469906	1348182715	712809	419.32	582.91	28	35	-1	14.61	14.61
Fixation R	1	12	1347469906	1348182715	712809	419.32	582.91	28	35	-1	14.92	14.92
UserEvent	1	3	1348049038	# Message: UE-mouseclick left x=405 y=521
