[BeGaze]
Converted from:	C:\Program Files\SMI\Experiment Suite 360\Experiment Center 2\Results\RC-Attachment-Exp\P29-eye_data.idf
Date:	18.03.2012 20:24:59
Version:	BeGaze 3.0.181
Sample Rate:	500
Subject:	P29
Description:	Run34

Table Header for Fixations:
Event Type	Trial	Number	Start	End	Duration	Location X	Location Y	Dispersion X	Dispersion Y	Plane	Avg. Pupil Size X	Avg. Pupil Size Y

Table Header for Saccades:
Event Type	Trial	Number	Start	End	Duration	Start Loc.X	Start Loc.Y	End Loc.X	End Loc.Y	Amplitude	Peak Speed	Peak Speed At	Average Speed	Peak Accel.	Peak Decel.	Average Accel.

Table Header for Blinks:
Event Type	Trial	Number	Start	End	Duration

Table Header for User Events:
Event Type	Trial	Number	Start	Description

UserEvent	1	1	3555637575	# Message: Dist-srthm-27.jpg
Fixation L	1	1	3555640691	3556382703	742012	488.93	435.60	30	60	-1	10.10	10.10
Fixation R	1	1	3555640691	3556382703	742012	488.93	435.60	30	60	-1	10.32	10.32
Saccade L	1	1	3556382703	3556404757	22054	486.07	399.29	558.98	406.10	1.50	117.89	0.54	67.99	4794.99	-4355.53	3154.68
Saccade R	1	1	3556382703	3556404757	22054	486.07	399.29	558.98	406.10	1.50	117.89	0.54	67.99	4794.99	-4355.53	3154.68
Fixation L	1	2	3556404757	3556636829	232072	572.00	419.01	36	54	-1	10.20	10.20
Fixation R	1	2	3556404757	3556636829	232072	572.00	419.01	36	54	-1	10.37	10.37
Saccade L	1	2	3556636829	3556660825	23996	580.84	453.05	696.14	440.34	2.42	190.87	0.52	100.98	7428.06	-7234.02	5030.76
Saccade R	1	2	3556636829	3556660825	23996	580.84	453.05	696.14	440.34	2.42	190.87	0.52	100.98	7428.06	-7234.02	5030.76
Fixation L	1	3	3556660825	3556855613	194788	692.88	446.32	20	18	-1	10.51	10.51
Fixation R	1	3	3556660825	3556855613	194788	692.88	446.32	20	18	-1	10.65	10.65
Saccade L	1	3	3556855613	3556881453	25840	697.48	449.42	768.14	447.12	1.46	94.64	0.44	56.55	3758.99	-3982.45	2789.23
Saccade R	1	3	3556855613	3556881453	25840	697.48	449.42	768.14	447.12	1.46	94.64	0.44	56.55	3758.99	-3982.45	2789.23
Fixation L	1	4	3556881453	3557057068	175615	776.02	449.14	22	10	-1	10.83	10.83
Fixation R	1	4	3556881453	3557057068	175615	776.02	449.14	22	10	-1	10.99	10.99
Saccade L	1	4	3557057068	3557087066	29998	775.36	452.27	855.68	450.89	1.83	106.23	0.47	60.94	4397.09	-4264.47	3161.77
Saccade R	1	4	3557057068	3557087066	29998	775.36	452.27	855.68	450.89	1.83	106.23	0.47	60.94	4397.09	-4264.47	3161.77
Fixation L	1	5	3557087066	3557527191	440125	867.49	451.85	27	30	-1	10.95	10.95
Fixation R	1	5	3557087066	3557527191	440125	867.49	451.85	27	30	-1	11.21	11.21
Saccade L	1	5	3557527191	3557549184	21993	878.26	459.29	939.82	457.01	1.27	98.98	0.55	57.76	3984.35	-3884.23	2730.64
Saccade R	1	5	3557527191	3557549184	21993	878.26	459.29	939.82	457.01	1.27	98.98	0.55	57.76	3984.35	-3884.23	2730.64
Fixation L	1	6	3557549184	3557831428	282244	946.52	445.19	19	27	-1	10.81	10.81
Fixation R	1	6	3557549184	3557831428	282244	946.52	445.19	19	27	-1	11.07	11.07
Saccade L	1	6	3557831428	3557854497	23069	945.17	435.15	982.80	444.41	0.81	51.40	0.53	35.00	2154.06	-1739.42	1320.65
Saccade R	1	6	3557831428	3557854497	23069	945.17	435.15	982.80	444.41	0.81	51.40	0.53	35.00	2154.06	-1739.42	1320.65
Fixation L	1	7	3557854497	3558113677	259180	982.73	445.86	30	26	-1	10.86	10.86
Fixation R	1	7	3557854497	3558113677	259180	982.73	445.86	30	26	-1	11.02	11.02
Saccade L	1	7	3558113677	3558143544	29867	969.14	438.42	1082.60	452.68	2.62	160.03	0.53	87.69	6605.79	-6540.08	4802.18
Saccade R	1	7	3558113677	3558143544	29867	969.14	438.42	1082.60	452.68	2.62	160.03	0.53	87.69	6605.79	-6540.08	4802.18
Fixation L	1	8	3558143544	3558399663	256119	1068.35	453.49	29	17	-1	10.82	10.82
Fixation R	1	8	3558143544	3558399663	256119	1068.35	453.49	29	17	-1	11.15	11.15
Saccade L	1	8	3558399663	3558425667	26004	1062.71	454.29	1107.89	455.87	0.94	56.53	0.46	36.26	2279.02	-2290.00	1621.01
Saccade R	1	8	3558399663	3558425667	26004	1062.71	454.29	1107.89	455.87	0.94	56.53	0.46	36.26	2279.02	-2290.00	1621.01
Fixation L	1	9	3558425667	3559452147	1026480	1117.54	447.65	44	47	-1	10.92	10.92
Fixation R	1	9	3558425667	3559452147	1026480	1117.54	447.65	44	47	-1	11.18	11.18
Saccade L	1	9	3559452147	3559550615	98468	1112.60	466.74	920.59	914.13	11.97	304.12	0.55	121.61	8459.50	-11154.83	4354.64
Saccade R	1	9	3559452147	3559550615	98468	1112.60	466.74	920.59	914.13	11.97	304.12	0.55	121.61	8459.50	-11154.83	4354.64
Fixation L	1	10	3559550615	3560104384	553769	918.33	920.52	38	50	-1	10.96	10.96
Fixation R	1	10	3559550615	3560104384	553769	918.33	920.52	38	50	-1	11.24	11.24
Saccade L	1	10	3560104384	3560128505	24121	908.85	924.73	943.93	937.29	0.76	42.62	0.46	31.35	1530.80	-1371.35	1009.64
Saccade R	1	10	3560104384	3560128505	24121	908.85	924.73	943.93	937.29	0.76	42.62	0.46	31.35	1530.80	-1371.35	1009.64
Fixation L	1	11	3560128505	3560640630	512125	917.28	921.14	59	39	-1	11.09	11.09
Fixation R	1	11	3560128505	3560640630	512125	917.28	921.14	59	39	-1	11.22	11.22
