[BeGaze]
Converted from:	C:\Program Files\SMI\Experiment Suite 360\Experiment Center 2\Results\RC-Attachment-Exp\Denek04-eye_data.idf
Date:	24.02.2012 09:58:06
Version:	BeGaze 3.0.181
Sample Rate:	500
Subject:	Denek04
Description:	Run7

Table Header for Fixations:
Event Type	Trial	Number	Start	End	Duration	Location X	Location Y	Dispersion X	Dispersion Y	Plane	Avg. Pupil Size X	Avg. Pupil Size Y

Table Header for Saccades:
Event Type	Trial	Number	Start	End	Duration	Start Loc.X	Start Loc.Y	End Loc.X	End Loc.Y	Amplitude	Peak Speed	Peak Speed At	Average Speed	Peak Accel.	Peak Decel.	Average Accel.

Table Header for Blinks:
Event Type	Trial	Number	Start	End	Duration

Table Header for User Events:
Event Type	Trial	Number	Start	Description

UserEvent	1	1	6396238529	# Message: Questionnaire8.jpg
Fixation L	1	1	6396240623	6396639960	399337	858.84	936.83	22	28	-1	11.99	11.99
Fixation R	1	1	6396240623	6396639960	399337	858.84	936.83	22	28	-1	12.54	12.54
Saccade L	1	1	6396639960	6396711969	72009	858.88	950.14	530.25	521.39	12.95	378.99	0.25	179.79	16762.32	-9654.12	7857.73
Saccade R	1	1	6396639960	6396711969	72009	858.88	950.14	530.25	521.39	12.95	378.99	0.25	179.79	16762.32	-9654.12	7857.73
Fixation L	1	2	6396711969	6396781983	70014	531.07	528.27	13	12	-1	11.47	11.47
Fixation R	1	2	6396711969	6396781983	70014	531.07	528.27	13	12	-1	11.69	11.69
Saccade L	1	2	6396781983	6396809620	27637	529.69	526.05	481.90	396.10	3.12	221.21	0.51	113.01	8961.30	-7817.90	6089.33
Saccade R	1	2	6396781983	6396809620	27637	529.69	526.05	481.90	396.10	3.12	221.21	0.51	113.01	8961.30	-7817.90	6089.33
Fixation L	1	3	6396809620	6396884101	74481	484.53	414.43	9	32	-1	11.18	11.18
Fixation R	1	3	6396809620	6396884101	74481	484.53	414.43	9	32	-1	11.51	11.51
Saccade L	1	3	6396884101	6396914092	29991	477.49	407.17	418.78	351.21	1.91	112.10	0.60	63.75	4088.80	-4487.36	3102.67
Saccade R	1	3	6396884101	6396914092	29991	477.49	407.17	418.78	351.21	1.91	112.10	0.60	63.75	4088.80	-4487.36	3102.67
Fixation L	1	4	6396914092	6397042069	127977	423.48	351.24	13	15	-1	11.10	11.10
Fixation R	1	4	6396914092	6397042069	127977	423.48	351.24	13	15	-1	11.44	11.44
Fixation L	1	5	6397060068	6397220338	160270	397.03	357.84	17	15	-1	11.21	11.21
Fixation R	1	5	6397060068	6397220338	160270	397.03	357.84	17	15	-1	11.69	11.69
Saccade L	1	4	6397220338	6397246203	25865	393.98	365.41	477.19	364.21	1.86	136.17	0.54	71.73	5161.44	-5229.73	3734.08
Saccade R	1	4	6397220338	6397246203	25865	393.98	365.41	477.19	364.21	1.86	136.17	0.54	71.73	5161.44	-5229.73	3734.08
Fixation L	1	6	6397246203	6397424340	178137	476.31	353.91	19	22	-1	11.68	11.68
Fixation R	1	6	6397246203	6397424340	178137	476.31	353.91	19	22	-1	12.21	12.21
Saccade L	1	5	6397424340	6397450311	25971	487.01	349.15	374.78	366.19	2.37	173.04	0.54	91.08	6922.07	-6003.82	4683.98
Saccade R	1	5	6397424340	6397450311	25971	487.01	349.15	374.78	366.19	2.37	173.04	0.54	91.08	6922.07	-6003.82	4683.98
Fixation L	1	7	6397450311	6397638533	188222	395.06	355.36	34	29	-1	12.18	12.18
Fixation R	1	7	6397450311	6397638533	188222	395.06	355.36	34	29	-1	12.88	12.88
Saccade L	1	6	6397638533	6397664297	25764	393.98	349.48	504.12	360.90	2.23	158.23	0.54	86.66	6658.83	-6429.14	4751.75
Saccade R	1	6	6397638533	6397664297	25764	393.98	349.48	504.12	360.90	2.23	158.23	0.54	86.66	6658.83	-6429.14	4751.75
Fixation L	1	8	6397664297	6397832428	168131	493.27	358.25	18	20	-1	12.31	12.31
Fixation R	1	8	6397664297	6397832428	168131	493.27	358.25	18	20	-1	13.30	13.30
Saccade L	1	7	6397832428	6397858410	25982	498.36	354.14	620.09	366.49	2.83	216.54	0.63	109.11	8755.65	-7386.29	5598.85
Saccade R	1	7	6397832428	6397858410	25982	498.36	354.14	620.09	366.49	2.83	216.54	0.63	109.11	8755.65	-7386.29	5598.85
Fixation L	1	9	6397858410	6398104528	246118	601.26	360.90	26	24	-1	12.75	12.75
Fixation R	1	9	6397858410	6398104528	246118	601.26	360.90	26	24	-1	13.69	13.69
Saccade L	1	8	6398104528	6398128034	23506	596.44	345.81	697.51	355.90	2.14	158.00	0.51	91.12	6527.69	-5816.11	4202.13
Saccade R	1	8	6398104528	6398128034	23506	596.44	345.81	697.51	355.90	2.14	158.00	0.51	91.12	6527.69	-5816.11	4202.13
Fixation L	1	10	6398128034	6398226670	98636	685.42	360.55	22	12	-1	12.88	12.88
Fixation R	1	10	6398128034	6398226670	98636	685.42	360.55	22	12	-1	14.03	14.03
Saccade L	1	9	6398226670	6398262644	35974	689.27	362.70	818.57	357.06	2.73	173.55	0.33	75.99	7021.48	-6291.90	4335.48
Saccade R	1	9	6398226670	6398262644	35974	689.27	362.70	818.57	357.06	2.73	173.55	0.33	75.99	7021.48	-6291.90	4335.48
Fixation L	1	11	6398262644	6398516806	254162	808.43	361.74	19	20	-1	12.84	12.84
Fixation R	1	11	6398262644	6398516806	254162	808.43	361.74	19	20	-1	13.97	13.97
Saccade L	1	10	6398516806	6398540773	23967	808.83	360.09	903.22	362.45	2.00	164.11	0.58	83.42	6363.07	-5537.61	4088.77
Saccade R	1	10	6398516806	6398540773	23967	808.83	360.09	903.22	362.45	2.00	164.11	0.58	83.42	6363.07	-5537.61	4088.77
Fixation L	1	12	6398540773	6398664754	123981	878.74	361.82	34	17	-1	12.62	12.62
Fixation R	1	12	6398540773	6398664754	123981	878.74	361.82	34	17	-1	13.67	13.67
Saccade L	1	11	6398664754	6398692795	28041	889.48	357.05	743.82	368.50	3.05	215.81	0.52	108.91	9029.92	-8288.57	6313.17
Saccade R	1	11	6398664754	6398692795	28041	889.48	357.05	743.82	368.50	3.05	215.81	0.52	108.91	9029.92	-8288.57	6313.17
Fixation L	1	13	6398692795	6398852871	160076	771.11	370.79	36	18	-1	12.47	12.47
Fixation R	1	13	6398692795	6398852871	160076	771.11	370.79	36	18	-1	13.30	13.30
Saccade L	1	12	6398852871	6398874870	21999	772.90	364.19	828.69	370.94	1.18	91.50	0.55	53.59	3734.77	-3404.29	2451.49
Saccade R	1	12	6398852871	6398874870	21999	772.90	364.19	828.69	370.94	1.18	91.50	0.55	53.59	3734.77	-3404.29	2451.49
Fixation L	1	14	6398874870	6398938871	64001	820.76	368.45	12	6	-1	12.23	12.23
Fixation R	1	14	6398874870	6398938871	64001	820.76	368.45	12	6	-1	13.09	13.09
Saccade L	1	13	6398938871	6398970871	32000	815.27	367.24	965.27	374.91	3.63	229.06	0.44	113.33	9746.06	-8700.33	6751.17
Saccade R	1	13	6398938871	6398970871	32000	815.27	367.24	965.27	374.91	3.63	229.06	0.44	113.33	9746.06	-8700.33	6751.17
Fixation L	1	15	6398970871	6399216993	246122	952.92	363.13	27	29	-1	12.02	12.02
Fixation R	1	15	6398970871	6399216993	246122	952.92	363.13	27	29	-1	12.86	12.86
Saccade L	1	14	6399216993	6399243020	26027	949.40	372.59	1051.17	361.72	2.22	154.85	0.54	85.39	6685.63	-5760.36	4418.27
Saccade R	1	14	6399216993	6399243020	26027	949.40	372.59	1051.17	361.72	2.22	154.85	0.54	85.39	6685.63	-5760.36	4418.27
Fixation L	1	16	6399243020	6399455152	212132	1027.36	365.84	31	19	-1	11.91	11.91
Fixation R	1	16	6399243020	6399455152	212132	1027.36	365.84	31	19	-1	12.71	12.71
Saccade L	1	15	6399455152	6399481107	25955	1022.79	367.99	919.93	382.78	2.16	159.46	0.46	83.25	6789.87	-6168.25	4684.51
Saccade R	1	15	6399455152	6399481107	25955	1022.79	367.99	919.93	382.78	2.16	159.46	0.46	83.25	6789.87	-6168.25	4684.51
Fixation L	1	17	6399481107	6399793223	312116	931.72	379.63	23	11	-1	12.03	12.03
Fixation R	1	17	6399481107	6399793223	312116	931.72	379.63	23	11	-1	12.76	12.76
Saccade L	1	16	6399793223	6399821336	28113	932.02	378.78	1062.78	360.77	2.85	192.59	0.50	101.42	8065.60	-7514.62	5675.72
Saccade R	1	16	6399793223	6399821336	28113	932.02	378.78	1062.78	360.77	2.85	192.59	0.50	101.42	8065.60	-7514.62	5675.72
Fixation L	1	18	6399821336	6400063322	241986	1036.22	366.36	36	17	-1	12.35	12.35
Fixation R	1	18	6399821336	6400063322	241986	1036.22	366.36	36	17	-1	13.11	13.11
Blink L	1	1	6400063322	6400213453	150131
Blink R	1	1	6400063322	6400213453	150131
Fixation L	1	19	6400213453	6400347461	134008	1012.18	378.33	25	31	-1	12.50	12.50
Fixation R	1	19	6400213453	6400347461	134008	1012.18	378.33	25	31	-1	13.18	13.18
Saccade L	1	17	6400347461	6400375557	28096	1016.76	384.60	908.28	378.98	2.31	159.24	0.54	82.04	6818.88	-6497.52	4832.48
Saccade R	1	17	6400347461	6400375557	28096	1016.76	384.60	908.28	378.98	2.31	159.24	0.54	82.04	6818.88	-6497.52	4832.48
Fixation L	1	20	6400375557	6400665679	290122	914.49	377.92	11	22	-1	12.63	12.63
Fixation R	1	20	6400375557	6400665679	290122	914.49	377.92	11	22	-1	13.34	13.34
Saccade L	1	18	6400665679	6400697671	31992	913.19	382.32	796.43	383.37	2.49	154.87	0.55	77.97	6603.15	-6435.52	4727.53
Saccade R	1	18	6400665679	6400697671	31992	913.19	382.32	796.43	383.37	2.49	154.87	0.55	77.97	6603.15	-6435.52	4727.53
Fixation L	1	21	6400697671	6400915800	218129	800.20	384.20	21	17	-1	12.72	12.72
Fixation R	1	21	6400697671	6400915800	218129	800.20	384.20	21	17	-1	13.32	13.32
Saccade L	1	19	6400915800	6400947794	31994	793.62	379.12	953.86	379.34	3.48	217.30	0.44	108.80	9123.23	-8842.34	6558.64
Saccade R	1	19	6400915800	6400947794	31994	793.62	379.12	953.86	379.34	3.48	217.30	0.44	108.80	9123.23	-8842.34	6558.64
Fixation L	1	22	6400947794	6401167906	220112	939.36	376.77	21	26	-1	12.61	12.61
Fixation R	1	22	6400947794	6401167906	220112	939.36	376.77	21	26	-1	13.24	13.24
Saccade L	1	20	6401167906	6401191903	23997	942.18	377.15	865.86	364.06	1.61	120.34	0.49	67.04	4565.34	-4315.48	3110.14
Saccade R	1	20	6401167906	6401191903	23997	942.18	377.15	865.86	364.06	1.61	120.34	0.49	67.04	4565.34	-4315.48	3110.14
Fixation L	1	23	6401191903	6401341904	150001	876.93	369.35	18	16	-1	12.62	12.62
Fixation R	1	23	6401191903	6401341904	150001	876.93	369.35	18	16	-1	13.40	13.40
Blink L	1	2	6401341904	6401546034	204130
Blink R	1	2	6401341904	6401546034	204130
Fixation L	1	24	6401546034	6401604140	58106	467.08	483.34	6	16	-1	13.20	13.20
Fixation R	1	24	6401546034	6401604140	58106	467.08	483.34	6	16	-1	13.58	13.58
Saccade L	1	21	6401604140	6401636163	32023	462.92	488.62	404.85	518.36	1.77	118.50	0.45	55.20	4703.90	-3852.98	2781.91
Saccade R	1	21	6401604140	6401636163	32023	462.92	488.62	404.85	518.36	1.77	118.50	0.45	55.20	4703.90	-3852.98	2781.91
Fixation L	1	25	6401636163	6401880210	244047	412.31	499.99	20	36	-1	13.20	13.20
Fixation R	1	25	6401636163	6401880210	244047	412.31	499.99	20	36	-1	13.78	13.78
Fixation L	1	26	6401898194	6402034238	136044	413.36	476.13	16	19	-1	13.19	13.19
Fixation R	1	26	6401898194	6402034238	136044	413.36	476.13	16	19	-1	13.81	13.81
Blink L	1	3	6402034238	6402676478	642240
Blink R	1	3	6402034238	6402676478	642240
Fixation L	1	27	6402676478	6402912576	236098	345.04	505.70	14	23	-1	13.28	13.28
Fixation R	1	27	6402676478	6402912576	236098	345.04	505.70	14	23	-1	13.83	13.83
Fixation L	1	28	6402934581	6403301014	366433	376.61	491.86	21	31	-1	13.16	13.16
Fixation R	1	28	6402934581	6403301014	366433	376.61	491.86	21	31	-1	13.65	13.65
Saccade L	1	22	6403301014	6403360686	59672	380.54	496.31	516.64	374.25	9.53	357.26	0.37	159.75	14273.21	-8982.27	7848.98
Blink R	1	4	6403301014	6403642806	341792
Fixation L	1	29	6403360686	6403622805	262119	522.53	380.15	28	17	-1	13.05	13.05
Fixation L	1	30	6403642806	6403726923	84117	482.32	378.89	33	11	-1	13.10	13.10
Fixation R	1	29	6403642806	6403726923	84117	482.32	378.89	33	11	-1	0.00	0.00
Blink L	1	4	6403726923	6404347151	620228
Blink R	1	5	6403726923	6404347151	620228
Fixation L	1	31	6404347151	6404873399	526248	378.77	503.88	43	40	-1	13.23	13.23
Fixation R	1	30	6404347151	6404873399	526248	378.77	503.88	43	40	-1	13.66	13.66
Blink L	1	5	6404873399	6405017376	143977
Blink R	1	6	6404873399	6405017376	143977
Fixation L	1	32	6405017376	6405277491	260115	436.26	524.86	27	15	-1	13.29	13.29
Fixation R	1	31	6405017376	6405277491	260115	436.26	524.86	27	15	-1	0.00	0.00
UserEvent	1	219	6405084524	# Message: UE-mouseclick left x=364 y=471
Blink L	1	6	6405277491	6405901704	624213
Blink R	1	7	6405277491	6405901704	624213
Fixation L	1	33	6405901704	6406321948	420244	384.33	538.85	22	23	-1	12.90	12.90
Fixation R	1	32	6405901704	6406321948	420244	384.33	538.85	22	23	-1	13.47	13.47
UserEvent	1	245	6406140915	# Message: UE-mouseclick left x=383 y=534
