[BeGaze]
Converted from:	C:\Program Files\SMI\Experiment Suite 360\Experiment Center 2\Results\RC-Attachment-Exp\Deney02-eye_data.idf
Date:	24.02.2012 09:57:51
Version:	BeGaze 3.0.181
Sample Rate:	500
Subject:	Deney02
Description:	Run5

Table Header for Fixations:
Event Type	Trial	Number	Start	End	Duration	Location X	Location Y	Dispersion X	Dispersion Y	Plane	Avg. Pupil Size X	Avg. Pupil Size Y

Table Header for Saccades:
Event Type	Trial	Number	Start	End	Duration	Start Loc.X	Start Loc.Y	End Loc.X	End Loc.Y	Amplitude	Peak Speed	Peak Speed At	Average Speed	Peak Accel.	Peak Decel.	Average Accel.

Table Header for Blinks:
Event Type	Trial	Number	Start	End	Duration

Table Header for User Events:
Event Type	Trial	Number	Start	Description

UserEvent	1	1	3356155396	# Message: RC-N2forced-nonanim-4.jpg
Fixation L	1	1	3356157739	3356467403	309664	466.74	460.06	14	28	-1	11.92	11.92
Fixation R	1	1	3356157739	3356467403	309664	466.74	460.06	14	28	-1	12.49	12.49
Saccade L	1	1	3356467403	3356493473	26070	463.47	461.49	526.44	456.39	1.37	94.64	0.46	52.59	3563.06	-3599.27	2579.40
Saccade R	1	1	3356467403	3356493473	26070	463.47	461.49	526.44	456.39	1.37	94.64	0.46	52.59	3563.06	-3599.27	2579.40
Fixation L	1	2	3356493473	3356633418	139945	529.86	445.67	15	23	-1	11.99	11.99
Fixation R	1	2	3356493473	3356633418	139945	529.86	445.67	15	23	-1	12.54	12.54
Saccade L	1	2	3356633418	3356665526	32108	524.45	438.59	601.87	442.36	1.68	103.22	0.44	52.43	3949.64	-3775.09	2774.77
Saccade R	1	2	3356633418	3356665526	32108	524.45	438.59	601.87	442.36	1.68	103.22	0.44	52.43	3949.64	-3775.09	2774.77
Fixation L	1	3	3356665526	3357047649	382123	595.60	439.65	31	21	-1	11.95	11.95
Fixation R	1	3	3356665526	3357047649	382123	595.60	439.65	31	21	-1	12.57	12.57
Saccade L	1	3	3357047649	3357089678	42029	592.71	435.30	708.54	443.19	2.92	171.42	0.38	69.56	7103.58	-6555.81	4142.88
Saccade R	1	3	3357047649	3357089678	42029	592.71	435.30	708.54	443.19	2.92	171.42	0.38	69.56	7103.58	-6555.81	4142.88
Fixation L	1	4	3357089678	3357243744	154066	711.59	431.99	22	24	-1	11.78	11.78
Fixation R	1	4	3357089678	3357243744	154066	711.59	431.99	22	24	-1	12.58	12.58
Saccade L	1	4	3357243744	3357274598	30854	720.88	436.22	656.19	470.08	1.67	108.23	0.33	54.03	4338.33	-3970.54	2885.85
Saccade R	1	4	3357243744	3357274598	30854	720.88	436.22	656.19	470.08	1.67	108.23	0.33	54.03	4338.33	-3970.54	2885.85
Saccade L	1	5	3357291744	3357317757	26013	648.49	470.13	714.03	431.04	1.61	118.58	0.39	61.85	4395.21	-4733.01	3223.41
Saccade R	1	5	3357291744	3357317757	26013	648.49	470.13	714.03	431.04	1.61	118.58	0.39	61.85	4395.21	-4733.01	3223.41
Saccade L	1	6	3357351765	3357378635	26870	711.47	431.92	648.38	464.92	1.52	107.62	0.45	56.46	3910.64	-3428.25	2613.31
Saccade R	1	6	3357351765	3357378635	26870	711.47	431.92	648.38	464.92	1.52	107.62	0.45	56.46	3910.64	-3428.25	2613.31
Saccade L	1	7	3357417862	3357456188	38326	673.95	451.42	767.14	398.08	2.60	126.83	0.62	67.83	4689.59	-5473.80	3557.24
Saccade R	1	7	3357417862	3357456188	38326	673.95	451.42	767.14	398.08	2.60	126.83	0.62	67.83	4689.59	-5473.80	3557.24
Fixation L	1	5	3357456188	3357539875	83687	778.47	406.25	18	17	-1	11.99	11.99
Fixation R	1	5	3357456188	3357539875	83687	778.47	406.25	18	17	-1	12.88	12.88
Saccade L	1	8	3357539875	3357565862	25987	783.25	415.81	842.82	404.95	1.33	88.57	0.46	51.27	3345.51	-3420.42	2435.19
Saccade R	1	8	3357539875	3357565862	25987	783.25	415.81	842.82	404.95	1.33	88.57	0.46	51.27	3345.51	-3420.42	2435.19
Fixation L	1	6	3357565862	3357753982	188120	853.09	417.09	20	30	-1	12.03	12.03
Fixation R	1	6	3357565862	3357753982	188120	853.09	417.09	20	30	-1	12.78	12.78
Saccade L	1	9	3357753982	3357778442	24460	858.45	430.56	928.91	426.53	1.61	122.60	0.49	65.85	4839.02	-4435.08	3266.17
Saccade R	1	9	3357753982	3357778442	24460	858.45	430.56	928.91	426.53	1.61	122.60	0.49	65.85	4839.02	-4435.08	3266.17
Fixation L	1	7	3357778442	3357998224	219782	942.32	448.72	16	39	-1	11.93	11.93
Fixation R	1	7	3357778442	3357998224	219782	942.32	448.72	16	39	-1	12.71	12.71
Saccade L	1	10	3357998224	3358028110	29886	943.48	463.64	1000.89	447.54	1.54	92.47	0.46	51.65	3793.19	-3391.90	2572.30
Saccade R	1	10	3357998224	3358028110	29886	943.48	463.64	1000.89	447.54	1.54	92.47	0.46	51.65	3793.19	-3391.90	2572.30
Fixation L	1	8	3358028110	3358225129	197019	1009.70	438.59	22	21	-1	11.95	11.95
Fixation R	1	8	3358028110	3358225129	197019	1009.70	438.59	22	21	-1	12.76	12.76
Saccade L	1	11	3358225129	3358272239	47110	1001.78	444.00	920.86	437.94	1.64	67.06	0.19	34.84	2782.75	-1512.86	1101.98
Saccade R	1	11	3358225129	3358272239	47110	1001.78	444.00	920.86	437.94	1.64	67.06	0.19	34.84	2782.75	-1512.86	1101.98
Fixation L	1	9	3358272239	3358412203	139964	927.78	427.01	14	22	-1	11.80	11.80
Fixation R	1	9	3358272239	3358412203	139964	927.78	427.01	14	22	-1	12.68	12.68
Saccade L	1	12	3358412203	3358446204	34001	930.85	432.46	1064.53	447.47	3.00	177.43	0.41	88.17	7322.80	-7118.19	5186.74
Saccade R	1	12	3358412203	3358446204	34001	930.85	432.46	1064.53	447.47	3.00	177.43	0.41	88.17	7322.80	-7118.19	5186.74
Fixation L	1	10	3358446204	3358646313	200109	1064.51	443.75	38	23	-1	11.85	11.85
Fixation R	1	10	3358446204	3358646313	200109	1064.51	443.75	38	23	-1	12.79	12.79
Blink L	1	1	3358646313	3358744312	97999
Blink R	1	1	3358646313	3358744312	97999
Fixation L	1	11	3358744312	3358850484	106172	0.00	0.00	0	0	-1	0.00	0.00
Fixation R	1	11	3358744312	3358850484	106172	0.00	0.00	0	0	-1	0.00	0.00
Saccade L	1	13	3358932429	3359000491	68062	937.45	801.24	941.04	912.90	2.51	60.99	0.26	36.86	919.12	-2687.55	741.31
Saccade R	1	13	3358932429	3359000491	68062	937.45	801.24	941.04	912.90	2.51	60.99	0.26	36.86	919.12	-2687.55	741.31
Fixation L	1	12	3359000491	3359174847	174356	943.81	913.68	18	13	-1	12.32	12.32
Fixation R	1	12	3359000491	3359174847	174356	943.81	913.68	18	13	-1	12.88	12.88
Saccade L	1	14	3359174847	3359199499	24652	941.75	916.66	862.64	966.79	2.01	156.71	0.56	81.49	6431.97	-4589.82	3669.33
Saccade R	1	14	3359174847	3359199499	24652	941.75	916.66	862.64	966.79	2.01	156.71	0.56	81.49	6431.97	-4589.82	3669.33
Fixation L	1	13	3359218035	3359704838	486803	887.01	965.72	32	48	-1	12.50	12.50
Fixation R	1	13	3359218035	3359704838	486803	887.01	965.72	32	48	-1	12.96	12.96
