[BeGaze]
Converted from:	C:\Program Files\SMI\Experiment Suite 360\Experiment Center 2\Results\RC-Attachment-Exp\P30-eye_data.idf
Date:	18.03.2012 20:25:56
Version:	BeGaze 3.0.181
Sample Rate:	500
Subject:	P30
Description:	Run35

Table Header for Fixations:
Event Type	Trial	Number	Start	End	Duration	Location X	Location Y	Dispersion X	Dispersion Y	Plane	Avg. Pupil Size X	Avg. Pupil Size Y

Table Header for Saccades:
Event Type	Trial	Number	Start	End	Duration	Start Loc.X	Start Loc.Y	End Loc.X	End Loc.Y	Amplitude	Peak Speed	Peak Speed At	Average Speed	Peak Accel.	Peak Decel.	Average Accel.

Table Header for Blinks:
Event Type	Trial	Number	Start	End	Duration

Table Header for User Events:
Event Type	Trial	Number	Start	Description

UserEvent	1	1	4163483225	# Message: RC-nonforced-anim-4.jpg
Fixation L	1	1	4163484330	4164168664	684334	486.35	430.99	24	37	-1	13.11	13.11
Fixation R	1	1	4163484330	4164168664	684334	486.35	430.99	24	37	-1	12.29	12.29
Saccade L	1	1	4164168664	4164192665	24001	492.67	423.89	548.26	427.46	1.21	87.31	0.50	50.56	3529.36	-3410.33	2460.68
Saccade R	1	1	4164168664	4164192665	24001	492.67	423.89	548.26	427.46	1.21	87.31	0.50	50.56	3529.36	-3410.33	2460.68
Fixation L	1	2	4164192665	4164464777	272112	537.28	448.79	23	31	-1	13.05	13.05
Fixation R	1	2	4164192665	4164464777	272112	537.28	448.79	23	31	-1	12.39	12.39
Saccade L	1	2	4164464777	4164512773	47996	537.88	435.51	621.36	439.10	2.28	109.46	0.38	47.42	4113.08	-3708.03	2310.80
Saccade R	1	2	4164464777	4164512773	47996	537.88	435.51	621.36	439.10	2.28	109.46	0.38	47.42	4113.08	-3708.03	2310.80
Fixation L	1	3	4164512773	4164684906	172133	628.04	437.15	12	22	-1	13.15	13.15
Fixation R	1	3	4164512773	4164684906	172133	628.04	437.15	12	22	-1	12.48	12.48
Saccade L	1	3	4164684906	4164709132	24226	629.41	429.17	715.75	428.59	1.86	141.56	0.50	76.93	5691.72	-5718.59	3996.43
Saccade R	1	3	4164684906	4164709132	24226	629.41	429.17	715.75	428.59	1.86	141.56	0.50	76.93	5691.72	-5718.59	3996.43
Fixation L	1	4	4164709132	4164945043	235911	711.48	429.24	13	26	-1	13.47	13.47
Fixation R	1	4	4164709132	4164945043	235911	711.48	429.24	13	26	-1	12.81	12.81
Saccade L	1	4	4164945043	4164973594	28551	705.38	416.99	804.31	419.38	2.26	153.54	0.49	79.13	6185.39	-6081.01	4385.22
Saccade R	1	4	4164945043	4164973594	28551	705.38	416.99	804.31	419.38	2.26	153.54	0.49	79.13	6185.39	-6081.01	4385.22
Fixation L	1	5	4164973594	4165357133	383539	794.46	424.48	20	36	-1	13.71	13.71
Fixation R	1	5	4164973594	4165357133	383539	794.46	424.48	20	36	-1	13.14	13.14
Saccade L	1	5	4165357133	4165385133	28000	785.16	419.17	901.17	421.80	2.60	179.82	0.59	92.93	7323.34	-6973.31	5178.42
Saccade R	1	5	4165357133	4165385133	28000	785.16	419.17	901.17	421.80	2.60	179.82	0.59	92.93	7323.34	-6973.31	5178.42
Fixation L	1	6	4165385133	4165578939	193806	896.62	425.18	16	19	-1	13.67	13.67
Fixation R	1	6	4165385133	4165578939	193806	896.62	425.18	16	19	-1	13.16	13.16
Saccade L	1	6	4165578939	4165603372	24433	892.45	430.17	1008.70	424.66	2.28	187.59	0.50	93.11	6949.65	-7220.30	5023.99
Saccade R	1	6	4165578939	4165603372	24433	892.45	430.17	1008.70	424.66	2.28	187.59	0.50	93.11	6949.65	-7220.30	5023.99
Fixation L	1	7	4165603372	4166033493	430121	991.67	432.11	29	45	-1	13.61	13.61
Fixation R	1	7	4165603372	4166033493	430121	991.67	432.11	29	45	-1	13.19	13.19
Saccade L	1	7	4166033493	4166055847	22354	985.37	432.88	1072.56	428.01	1.75	143.81	0.45	78.20	5705.90	-4815.09	3336.60
Saccade R	1	7	4166033493	4166055847	22354	985.37	432.88	1072.56	428.01	1.75	143.81	0.45	78.20	5705.90	-4815.09	3336.60
Fixation L	1	8	4166067503	4166323851	256348	1061.46	429.75	23	33	-1	13.66	13.66
Fixation R	1	8	4166067503	4166323851	256348	1061.46	429.75	23	33	-1	13.12	13.12
Saccade L	1	8	4166323851	4166351615	27764	1060.86	429.27	1151.87	442.92	2.04	135.16	0.50	73.54	5491.69	-5310.35	3917.09
Saccade R	1	8	4166323851	4166351615	27764	1060.86	429.27	1151.87	442.92	2.04	135.16	0.50	73.54	5491.69	-5310.35	3917.09
Fixation L	1	9	4166351615	4166571269	219654	1142.68	434.76	19	23	-1	13.72	13.72
Fixation R	1	9	4166351615	4166571269	219654	1142.68	434.76	19	23	-1	13.19	13.19
Saccade L	1	9	4166571269	4166671746	100477	1144.18	443.57	945.68	931.99	12.40	208.57	0.45	123.39	7380.79	-4990.61	3259.04
Saccade R	1	9	4166571269	4166671746	100477	1144.18	443.57	945.68	931.99	12.40	208.57	0.45	123.39	7380.79	-4990.61	3259.04
Fixation L	1	10	4166671746	4166919852	248106	934.06	940.90	20	26	-1	14.00	14.00
Fixation R	1	10	4166671746	4166919852	248106	934.06	940.90	20	26	-1	13.67	13.67
Fixation L	1	11	4166939162	4167324100	384938	900.22	950.98	29	23	-1	14.33	14.33
Fixation R	1	11	4166939162	4167324100	384938	900.22	950.98	29	23	-1	14.02	14.02
