[BeGaze]
Converted from:	C:\Program Files\SMI\Experiment Suite 360\Experiment Center 2\Results\RC-Attachment-Exp\Deney02-eye_data.idf
Date:	24.02.2012 09:57:50
Version:	BeGaze 3.0.181
Sample Rate:	500
Subject:	Deney02
Description:	Run5

Table Header for Fixations:
Event Type	Trial	Number	Start	End	Duration	Location X	Location Y	Dispersion X	Dispersion Y	Plane	Avg. Pupil Size X	Avg. Pupil Size Y

Table Header for Saccades:
Event Type	Trial	Number	Start	End	Duration	Start Loc.X	Start Loc.Y	End Loc.X	End Loc.Y	Amplitude	Peak Speed	Peak Speed At	Average Speed	Peak Accel.	Peak Decel.	Average Accel.

Table Header for Blinks:
Event Type	Trial	Number	Start	End	Duration

Table Header for User Events:
Event Type	Trial	Number	Start	Description

UserEvent	1	1	3243293116	# Message: Questionnaire13.jpg
Fixation L	1	1	3243295408	3243423865	128457	921.58	946.71	18	17	-1	12.19	12.19
Fixation R	1	1	3243295408	3243423865	128457	921.58	946.71	18	17	-1	12.78	12.78
Saccade L	1	1	3243423865	3243462759	38894	913.07	945.92	868.79	934.70	1.42	54.93	0.43	36.38	1784.13	-1790.57	1246.84
Saccade R	1	1	3243423865	3243462759	38894	913.07	945.92	868.79	934.70	1.42	54.93	0.43	36.38	1784.13	-1790.57	1246.84
Fixation L	1	2	3243462759	3243696691	233932	875.36	934.48	21	23	-1	12.19	12.19
Fixation R	1	2	3243462759	3243696691	233932	875.36	934.48	21	23	-1	12.87	12.87
Saccade L	1	2	3243696691	3243781367	84676	877.37	932.96	459.15	360.66	21.84	509.66	0.58	257.97	19368.28	-20477.98	12305.69
Saccade R	1	2	3243696691	3243781367	84676	877.37	932.96	459.15	360.66	21.84	509.66	0.58	257.97	19368.28	-20477.98	12305.69
Fixation L	1	3	3243781367	3244180930	399563	450.90	366.00	34	20	-1	11.93	11.93
Fixation R	1	3	3243781367	3244180930	399563	450.90	366.00	34	20	-1	12.38	12.38
Saccade L	1	3	3244180930	3244214936	34006	435.53	359.31	559.43	370.53	2.76	167.77	0.47	81.12	6939.85	-6481.13	4810.40
Saccade R	1	3	3244180930	3244214936	34006	435.53	359.31	559.43	370.53	2.76	167.77	0.47	81.12	6939.85	-6481.13	4810.40
Fixation L	1	4	3244214936	3244449034	234098	580.29	368.27	27	23	-1	12.47	12.47
Fixation R	1	4	3244214936	3244449034	234098	580.29	368.27	27	23	-1	13.25	13.25
Saccade L	1	4	3244449034	3244485826	36792	576.11	384.24	662.02	371.29	2.13	131.42	0.44	57.92	4674.72	-4731.71	3116.83
Saccade R	1	4	3244449034	3244485826	36792	576.11	384.24	662.02	371.29	2.13	131.42	0.44	57.92	4674.72	-4731.71	3116.83
Fixation L	1	5	3244485826	3244563536	77710	668.00	377.06	13	15	-1	12.55	12.55
Fixation R	1	5	3244485826	3244563536	77710	668.00	377.06	13	15	-1	13.63	13.63
Saccade L	1	5	3244563536	3244593156	29620	667.67	383.67	665.10	383.39	6.27	250.49	0.60	211.82	11775.13	-12204.38	9454.24
Saccade R	1	5	3244563536	3244593156	29620	667.67	383.67	665.10	383.39	6.27	250.49	0.60	211.82	11775.13	-12204.38	9454.24
Fixation L	1	6	3244593156	3244679151	85995	669.04	384.31	11	15	-1	12.77	12.77
Fixation R	1	6	3244593156	3244679151	85995	669.04	384.31	11	15	-1	13.87	13.87
Saccade L	1	6	3244679151	3244705148	25997	666.12	387.57	595.17	384.13	1.62	113.52	0.48	62.39	4622.61	-4584.22	3264.97
Saccade R	1	6	3244679151	3244705148	25997	666.12	387.57	595.17	384.13	1.62	113.52	0.48	62.39	4622.61	-4584.22	3264.97
Fixation L	1	7	3244705148	3244755290	50142	587.39	384.82	14	12	-1	12.90	12.90
Fixation R	1	7	3244705148	3244755290	50142	587.39	384.82	14	12	-1	14.02	14.02
Saccade L	1	7	3244755290	3244785143	29853	586.24	378.48	586.57	386.35	5.31	240.50	0.47	177.91	10416.32	-10603.29	8293.13
Saccade R	1	7	3244755290	3244785143	29853	586.24	378.48	586.57	386.35	5.31	240.50	0.47	177.91	10416.32	-10603.29	8293.13
Saccade L	1	8	3244825271	3244857453	32182	586.90	380.97	593.17	531.42	3.78	223.33	0.31	117.54	8887.43	-8620.49	6240.75
Saccade R	1	8	3244825271	3244857453	32182	586.90	380.97	593.17	531.42	3.78	223.33	0.31	117.54	8887.43	-8620.49	6240.75
Fixation L	1	8	3244939266	3245110164	170898	650.64	370.45	47	22	-1	12.97	12.97
Fixation R	1	8	3244939266	3245110164	170898	650.64	370.45	47	22	-1	14.09	14.09
Fixation L	1	9	3245129417	3245245409	115992	668.49	359.92	47	22	-1	12.84	12.84
Fixation R	1	9	3245129417	3245245409	115992	668.49	359.92	47	22	-1	13.93	13.93
Saccade L	1	9	3245245409	3245301505	56096	686.26	366.68	405.87	417.34	7.55	242.45	0.36	134.64	9567.97	-7971.31	6235.67
Saccade R	1	9	3245245409	3245301505	56096	686.26	366.68	405.87	417.34	7.55	242.45	0.36	134.64	9567.97	-7971.31	6235.67
Fixation L	1	10	3245301505	3245457493	155988	400.73	432.74	28	34	-1	13.03	13.03
Fixation R	1	10	3245301505	3245457493	155988	400.73	432.74	28	34	-1	13.69	13.69
Saccade L	1	10	3245457493	3245495517	38024	405.79	424.63	375.45	425.95	1.09	41.24	0.53	28.58	1039.72	-1136.59	711.42
Saccade R	1	10	3245457493	3245495517	38024	405.79	424.63	375.45	425.95	1.09	41.24	0.53	28.58	1039.72	-1136.59	711.42
Fixation L	1	11	3245495517	3245625639	130122	392.13	427.81	31	32	-1	12.70	12.70
Fixation R	1	11	3245495517	3245625639	130122	392.13	427.81	31	32	-1	13.45	13.45
Fixation L	1	12	3245643626	3245925751	282125	390.80	432.11	41	53	-1	12.48	12.48
Fixation R	1	12	3245643626	3245925751	282125	390.80	432.11	41	53	-1	13.26	13.26
Saccade L	1	11	3245925751	3245951717	25966	376.46	402.40	408.38	445.91	1.15	64.01	0.46	44.24	1920.68	-2420.36	1633.30
Saccade R	1	11	3245925751	3245951717	25966	376.46	402.40	408.38	445.91	1.15	64.01	0.46	44.24	1920.68	-2420.36	1633.30
Fixation L	1	13	3245951717	3246086826	135109	402.53	429.57	19	27	-1	12.39	12.39
Fixation R	1	13	3245951717	3246086826	135109	402.53	429.57	19	27	-1	13.23	13.23
Saccade L	1	12	3246086826	3246121853	35027	396.15	425.45	402.09	454.41	0.97	41.11	0.77	27.67	1030.59	-953.55	538.84
Saccade R	1	12	3246086826	3246121853	35027	396.15	425.45	402.09	454.41	0.97	41.11	0.77	27.67	1030.59	-953.55	538.84
UserEvent	1	72	3246147427	# Message: UE-mouseclick left x=418 y=435
Fixation L	1	14	3246189849	3246492129	302280	397.41	447.22	40	26	-1	12.48	12.48
Fixation R	1	14	3246189849	3246492129	302280	397.41	447.22	40	26	-1	13.19	13.19
Saccade L	1	13	3246492129	3246516067	23938	397.38	444.38	410.54	533.65	1.88	145.05	0.58	78.69	5524.49	-4192.00	3399.61
Saccade R	1	13	3246492129	3246516067	23938	397.38	444.38	410.54	533.65	1.88	145.05	0.58	78.69	5524.49	-4192.00	3399.61
Fixation L	1	15	3246536641	3246613500	76859	397.08	509.63	28	8	-1	12.30	12.30
Fixation R	1	15	3246536641	3246613500	76859	397.08	509.63	28	8	-1	13.14	13.14
Fixation L	1	16	3246650071	3246776141	126070	396.54	515.25	25	37	-1	12.41	12.41
Fixation R	1	16	3246650071	3246776141	126070	396.54	515.25	25	37	-1	13.09	13.09
Saccade L	1	14	3246776141	3246822064	45923	386.91	516.99	398.09	500.41	12.72	637.89	0.74	276.97	19209.78	-21346.86	8833.68
Saccade R	1	14	3246776141	3246822064	45923	386.91	516.99	398.09	500.41	12.72	637.89	0.74	276.97	19209.78	-21346.86	8833.68
Saccade L	1	15	3246840066	3246870082	30016	387.86	517.60	446.20	806.31	7.04	564.61	0.42	234.40	20228.41	-20211.14	14294.24
Saccade R	1	15	3246840066	3246870082	30016	387.86	517.60	446.20	806.31	7.04	564.61	0.42	234.40	20228.41	-20211.14	14294.24
Fixation L	1	17	3246870082	3246924188	54106	431.15	807.84	31	11	-1	12.41	12.41
Fixation R	1	17	3246870082	3246924188	54106	431.15	807.84	31	11	-1	13.06	13.06
Saccade L	1	16	3246924188	3246948265	24077	443.44	800.18	409.89	778.59	0.84	52.60	0.48	35.05	1327.46	-1739.33	1017.79
Saccade R	1	16	3246924188	3246948265	24077	443.44	800.18	409.89	778.59	0.84	52.60	0.48	35.05	1327.46	-1739.33	1017.79
UserEvent	1	93	3246931504	# Message: UE-mouseclick left x=428 y=531
