[BeGaze]
Converted from:	C:\Program Files\SMI\Experiment Suite 360\Experiment Center 2\Results\RC-Attachment-Exp\P16-eye_data.idf
Date:	18.03.2012 20:12:35
Version:	BeGaze 3.0.181
Sample Rate:	500
Subject:	P16
Description:	Run21

Table Header for Fixations:
Event Type	Trial	Number	Start	End	Duration	Location X	Location Y	Dispersion X	Dispersion Y	Plane	Avg. Pupil Size X	Avg. Pupil Size Y

Table Header for Saccades:
Event Type	Trial	Number	Start	End	Duration	Start Loc.X	Start Loc.Y	End Loc.X	End Loc.Y	Amplitude	Peak Speed	Peak Speed At	Average Speed	Peak Accel.	Peak Decel.	Average Accel.

Table Header for Blinks:
Event Type	Trial	Number	Start	End	Duration

Table Header for User Events:
Event Type	Trial	Number	Start	Description

UserEvent	1	1	1918989922	# Message: Dist-orthm-30.jpg
Fixation L	1	1	1918992114	1919517536	525422	484.41	433.26	50	39	-1	10.59	10.59
Fixation R	1	1	1918992114	1919517536	525422	484.41	433.26	50	39	-1	10.63	10.63
Saccade L	1	1	1919517536	1919543534	25998	481.45	418.22	528.03	434.12	1.02	61.85	0.46	39.40	2610.61	-2460.58	1821.41
Saccade R	1	1	1919517536	1919543534	25998	481.45	418.22	528.03	434.12	1.02	61.85	0.46	39.40	2610.61	-2460.58	1821.41
Fixation L	1	2	1919543534	1919713653	170119	523.93	444.44	16	27	-1	10.61	10.61
Fixation R	1	2	1919543534	1919713653	170119	523.93	444.44	16	27	-1	10.75	10.75
Saccade L	1	2	1919713653	1919747663	34010	527.56	452.27	579.34	467.18	1.26	58.04	0.35	36.99	2430.38	-1957.91	1546.88
Saccade R	1	2	1919713653	1919747663	34010	527.56	452.27	579.34	467.18	1.26	58.04	0.35	36.99	2430.38	-1957.91	1546.88
Fixation L	1	3	1919747663	1919875645	127982	582.70	456.24	31	16	-1	10.66	10.66
Fixation R	1	3	1919747663	1919875645	127982	582.70	456.24	31	16	-1	10.75	10.75
Saccade L	1	3	1919875645	1919899771	24126	580.44	453.06	671.11	453.27	1.86	146.00	0.42	77.13	5136.30	-5977.36	3832.57
Saccade R	1	3	1919875645	1919899771	24126	580.44	453.06	671.11	453.27	1.86	146.00	0.42	77.13	5136.30	-5977.36	3832.57
Fixation L	1	4	1919899771	1919995771	96000	668.91	455.62	11	19	-1	10.46	10.46
Fixation R	1	4	1919899771	1919995771	96000	668.91	455.62	11	19	-1	10.72	10.72
Saccade L	1	4	1920079766	1920101761	21995	669.21	456.12	717.74	465.27	1.01	78.16	0.46	46.14	2466.18	-2424.23	1689.01
Saccade R	1	4	1920079766	1920101761	21995	669.21	456.12	717.74	465.27	1.01	78.16	0.46	46.14	2466.18	-2424.23	1689.01
Fixation L	1	5	1920123797	1920228049	104252	689.56	440.10	727	470	-1	9.97	9.97
Fixation R	1	5	1920123797	1920228049	104252	689.56	440.10	727	470	-1	10.28	10.28
Saccade L	1	5	1920228049	1920255932	27883	719.45	455.24	789.83	449.86	1.59	105.96	0.50	57.12	4329.64	-3966.75	3018.72
Saccade R	1	5	1920228049	1920255932	27883	719.45	455.24	789.83	449.86	1.59	105.96	0.50	57.12	4329.64	-3966.75	3018.72
Fixation L	1	6	1920255932	1920524481	268549	790.28	455.97	20	23	-1	10.16	10.16
Fixation R	1	6	1920255932	1920524481	268549	790.28	455.97	20	23	-1	10.51	10.51
Saccade L	1	6	1920524481	1920547991	23510	796.88	449.68	844.28	456.07	0.95	62.82	0.41	40.29	2589.02	-2539.20	1810.55
Saccade R	1	6	1920524481	1920547991	23510	796.88	449.68	844.28	456.07	0.95	62.82	0.41	40.29	2589.02	-2539.20	1810.55
Fixation L	1	7	1920547991	1920675990	127999	842.20	450.99	13	16	-1	9.98	9.98
Fixation R	1	7	1920547991	1920675990	127999	842.20	450.99	13	16	-1	10.37	10.37
Saccade L	1	7	1920675990	1920726127	50137	845.57	454.97	937.32	436.90	10.02	382.86	0.60	199.92	15320.63	-14332.52	10298.35
Saccade R	1	7	1920675990	1920726127	50137	845.57	454.97	937.32	436.90	10.02	382.86	0.60	199.92	15320.63	-14332.52	10298.35
Fixation L	1	8	1920726127	1920982985	256858	934.63	439.36	29	32	-1	9.80	9.80
Fixation R	1	8	1920726127	1920982985	256858	934.63	439.36	29	32	-1	10.23	10.23
Saccade L	1	8	1920982985	1921020227	37242	937.46	439.72	1006.84	428.40	1.60	78.15	0.36	42.86	2921.81	-2508.64	1898.67
Saccade R	1	8	1920982985	1921020227	37242	937.46	439.72	1006.84	428.40	1.60	78.15	0.36	42.86	2921.81	-2508.64	1898.67
Fixation L	1	9	1921020227	1921142249	122022	1010.05	437.33	12	22	-1	9.65	9.65
Fixation R	1	9	1921020227	1921142249	122022	1010.05	437.33	12	22	-1	10.12	10.12
Saccade L	1	9	1921142249	1921168218	25969	1007.87	447.46	1076.90	439.23	1.48	103.91	0.54	57.02	4097.72	-4199.44	3013.77
Saccade R	1	9	1921142249	1921168218	25969	1007.87	447.46	1076.90	439.23	1.48	103.91	0.54	57.02	4097.72	-4199.44	3013.77
Fixation L	1	10	1921168218	1921390333	222115	1079.48	445.59	13	20	-1	9.53	9.53
Fixation R	1	10	1921168218	1921390333	222115	1079.48	445.59	13	20	-1	10.18	10.18
Saccade L	1	10	1921390333	1921418336	28003	1076.94	442.79	1131.49	443.04	1.20	66.00	0.49	42.82	2503.69	-2699.20	1919.61
Saccade R	1	10	1921390333	1921418336	28003	1076.94	442.79	1131.49	443.04	1.20	66.00	0.49	42.82	2503.69	-2699.20	1919.61
Fixation L	1	11	1921418336	1921482664	64328	1127.94	438.68	14	12	-1	9.54	9.54
Fixation R	1	11	1921418336	1921482664	64328	1127.94	438.68	14	12	-1	10.13	10.13
Saccade L	1	11	1921482664	1921524453	41789	1119.52	437.77	1127.45	441.21	9.53	396.13	0.52	228.14	18365.81	-18276.03	14339.03
Saccade R	1	11	1921482664	1921524453	41789	1119.52	437.77	1127.45	441.21	9.53	396.13	0.52	228.14	18365.81	-18276.03	14339.03
Fixation L	1	12	1921524453	1921817178	292725	1140.43	438.10	34	34	-1	9.38	9.38
Fixation R	1	12	1921524453	1921817178	292725	1140.43	438.10	34	34	-1	9.96	9.96
Blink L	1	1	1921817178	1921938560	121382
Blink R	1	1	1921817178	1921938560	121382
Fixation L	1	13	1921938560	1922158697	220137	1106.29	445.56	24	21	-1	9.39	9.39
Fixation R	1	13	1921938560	1922158697	220137	1106.29	445.56	24	21	-1	10.06	10.06
Saccade L	1	12	1922158697	1922188681	29984	1101.01	453.70	1034.61	445.48	1.41	74.02	0.40	47.03	3065.77	-2556.29	2042.50
Saccade R	1	12	1922158697	1922188681	29984	1101.01	453.70	1034.61	445.48	1.41	74.02	0.40	47.03	3065.77	-2556.29	2042.50
Fixation L	1	14	1922188681	1922367862	179181	1033.82	440.99	15	23	-1	9.59	9.59
Fixation R	1	14	1922188681	1922367862	179181	1033.82	440.99	15	23	-1	10.38	10.38
Saccade L	1	13	1922367862	1922398796	30934	1025.05	440.97	944.62	413.91	1.85	114.92	0.42	59.94	4444.70	-4358.87	3180.48
Saccade R	1	13	1922367862	1922398796	30934	1025.05	440.97	944.62	413.91	1.85	114.92	0.42	59.94	4444.70	-4358.87	3180.48
Fixation L	1	15	1922398796	1922688923	290127	939.53	424.15	26	38	-1	9.83	9.83
Fixation R	1	15	1922398796	1922688923	290127	939.53	424.15	26	38	-1	10.67	10.67
Saccade L	1	14	1922688923	1922710915	21992	927.24	448.99	977.00	459.47	1.06	79.77	0.55	48.43	3247.84	-2931.81	2165.47
Saccade R	1	14	1922688923	1922710915	21992	927.24	448.99	977.00	459.47	1.06	79.77	0.55	48.43	3247.84	-2931.81	2165.47
Fixation L	1	16	1922710915	1922921049	210134	966.90	441.72	27	38	-1	10.07	10.07
Fixation R	1	16	1922710915	1922921049	210134	966.90	441.72	27	38	-1	10.91	10.91
Saccade L	1	15	1922921049	1922955022	33973	970.67	451.12	817.68	450.78	3.51	200.14	0.47	103.42	7536.55	-7866.04	5669.50
Saccade R	1	15	1922921049	1922955022	33973	970.67	451.12	817.68	450.78	3.51	200.14	0.47	103.42	7536.55	-7866.04	5669.50
Fixation L	1	17	1922955022	1923099140	144118	821.74	438.65	16	20	-1	10.29	10.29
Fixation R	1	17	1922955022	1923099140	144118	821.74	438.65	16	20	-1	11.04	11.04
Blink L	1	2	1923099140	1923321238	222098
Blink R	1	2	1923099140	1923321238	222098
Fixation L	1	18	1923321238	1923399289	78051	874.64	804.57	40	32	-1	9.92	9.92
Fixation R	1	18	1923321238	1923399289	78051	874.64	804.57	40	32	-1	10.23	10.23
Saccade L	1	16	1923399289	1923423255	23966	871.90	818.04	893.05	896.36	1.65	121.64	0.50	69.02	4556.43	-4217.38	3116.21
Saccade R	1	16	1923399289	1923423255	23966	871.90	818.04	893.05	896.36	1.65	121.64	0.50	69.02	4556.43	-4217.38	3116.21
Saccade L	1	17	1923473249	1923503256	30007	877.04	879.84	905.25	892.84	1.16	60.83	0.60	38.81	2233.43	-473.06	980.03
Saccade R	1	17	1923473249	1923503256	30007	877.04	879.84	905.25	892.84	1.16	60.83	0.60	38.81	2233.43	-473.06	980.03
Saccade L	1	18	1923523255	1923555250	31995	880.62	912.78	894.67	906.34	1.20	69.31	0.44	37.59	986.10	-1782.28	883.62
Saccade R	1	18	1923523255	1923555250	31995	880.62	912.78	894.67	906.34	1.20	69.31	0.44	37.59	986.10	-1782.28	883.62
Saccade L	1	19	1923555250	1923587278	32028	894.67	906.34	920.65	944.17	1.04	47.98	0.75	32.49	2945.82	-263.62	845.18
Saccade R	1	19	1923555250	1923587278	32028	894.67	906.34	920.65	944.17	1.04	47.98	0.75	32.49	2945.82	-263.62	845.18
Saccade L	1	20	1923587278	1923611255	23977	920.65	944.17	899.52	876.82	1.54	133.21	0.50	64.35	3262.20	-3687.23	2313.13
Saccade R	1	20	1923587278	1923611255	23977	920.65	944.17	899.52	876.82	1.54	133.21	0.50	64.35	3262.20	-3687.23	2313.13
Fixation L	1	19	1923611255	1923945482	334227	916.36	899.28	30	51	-1	10.25	10.25
Fixation R	1	19	1923611255	1923945482	334227	916.36	899.28	30	51	-1	10.70	10.70
