[BeGaze]
Converted from:	C:\Program Files\SMI\Experiment Suite 360\Experiment Center 2\Results\RC-Attachment-Exp\P21-eye_data.idf
Date:	18.03.2012 20:16:25
Version:	BeGaze 3.0.181
Sample Rate:	500
Subject:	P21
Description:	Run26

Table Header for Fixations:
Event Type	Trial	Number	Start	End	Duration	Location X	Location Y	Dispersion X	Dispersion Y	Plane	Avg. Pupil Size X	Avg. Pupil Size Y

Table Header for Saccades:
Event Type	Trial	Number	Start	End	Duration	Start Loc.X	Start Loc.Y	End Loc.X	End Loc.Y	Amplitude	Peak Speed	Peak Speed At	Average Speed	Peak Accel.	Peak Decel.	Average Accel.

Table Header for Blinks:
Event Type	Trial	Number	Start	End	Duration

Table Header for User Events:
Event Type	Trial	Number	Start	Description

UserEvent	1	1	19918119290	# Message: RC-N1forced-nonanim-2.jpg
Fixation L	1	1	19918127458	19918689464	562006	550.59	452.88	60	18	-1	17.44	17.44
Fixation R	1	1	19918127458	19918689464	562006	550.59	452.88	60	18	-1	18.22	18.22
Saccade L	1	1	19918689464	19918741458	51994	581.57	459.42	703.15	448.47	2.70	103.47	0.31	51.95	4400.90	-3133.66	2288.40
Saccade R	1	1	19918689464	19918741458	51994	581.57	459.42	703.15	448.47	2.70	103.47	0.31	51.95	4400.90	-3133.66	2288.40
Fixation L	1	2	19918741458	19918923481	182023	699.94	452.06	29	19	-1	17.29	17.29
Fixation R	1	2	19918741458	19918923481	182023	699.94	452.06	29	19	-1	18.24	18.24
Saccade L	1	2	19918923481	19918977606	54125	681.44	457.94	802.44	439.68	2.69	75.15	0.37	49.72	3021.66	-1682.24	1637.91
Saccade R	1	2	19918923481	19918977606	54125	681.44	457.94	802.44	439.68	2.69	75.15	0.37	49.72	3021.66	-1682.24	1637.91
Fixation L	1	3	19918977606	19919139560	161954	796.45	437.25	18	17	-1	16.03	16.03
Fixation R	1	3	19918977606	19919139560	161954	796.45	437.25	18	17	-1	16.99	16.99
Saccade L	1	3	19919139560	19919181565	42005	791.85	430.87	875.63	439.76	1.80	62.98	0.33	42.87	2515.00	-1978.63	1697.66
Saccade R	1	3	19919139560	19919181565	42005	791.85	430.87	875.63	439.76	1.80	62.98	0.33	42.87	2515.00	-1978.63	1697.66
Fixation L	1	4	19919181565	19919369682	188117	862.19	436.18	27	13	-1	14.94	14.94
Fixation R	1	4	19919181565	19919369682	188117	862.19	436.18	27	13	-1	16.01	16.01
Saccade L	1	4	19919369682	19919409695	40013	853.62	432.15	985.51	443.53	2.84	130.79	0.46	71.08	5613.79	-4974.83	3809.49
Saccade R	1	4	19919369682	19919409695	40013	853.62	432.15	985.51	443.53	2.84	130.79	0.46	71.08	5613.79	-4974.83	3809.49
Fixation L	1	5	19919409695	19919731796	322101	952.07	435.26	65	16	-1	14.10	14.10
Fixation R	1	5	19919409695	19919731796	322101	952.07	435.26	65	16	-1	14.87	14.87
Saccade L	1	5	19919731796	19919775914	44118	933.02	436.04	1090.74	437.17	3.39	151.74	0.36	76.90	6611.70	-5027.23	3816.64
Saccade R	1	5	19919731796	19919775914	44118	933.02	436.04	1090.74	437.17	3.39	151.74	0.36	76.90	6611.70	-5027.23	3816.64
Fixation L	1	6	19919775914	19920007905	231991	1064.27	436.40	38	15	-1	13.95	13.95
Fixation R	1	6	19919775914	19920007905	231991	1064.27	436.40	38	15	-1	14.53	14.53
Saccade L	1	6	19920007905	19920053925	46020	1057.34	436.46	1165.58	448.13	2.44	95.62	0.52	52.94	3437.82	-3539.32	2534.99
Saccade R	1	6	19920007905	19920053925	46020	1057.34	436.46	1165.58	448.13	2.44	95.62	0.52	52.94	3437.82	-3539.32	2534.99
Fixation L	1	7	19920053925	19920228061	174136	1143.63	444.89	38	16	-1	14.02	14.02
Fixation R	1	7	19920053925	19920228061	174136	1143.63	444.89	38	16	-1	14.46	14.46
Saccade L	1	7	19920228061	19920284021	55960	1136.79	442.38	578.45	445.88	12.40	397.52	0.36	221.58	17449.05	-12769.10	10541.16
Saccade R	1	7	19920228061	19920284021	55960	1136.79	442.38	578.45	445.88	12.40	397.52	0.36	221.58	17449.05	-12769.10	10541.16
Fixation L	1	8	19920284021	19920488166	204145	633.57	426.79	78	32	-1	13.83	13.83
Fixation R	1	8	19920284021	19920488166	204145	633.57	426.79	78	32	-1	14.26	14.26
Saccade L	1	8	19920488166	19920550175	62009	649.87	417.50	786.06	992.93	13.40	372.07	0.35	216.05	16039.22	-11816.53	9482.73
Saccade R	1	8	19920488166	19920550175	62009	649.87	417.50	786.06	992.93	13.40	372.07	0.35	216.05	16039.22	-11816.53	9482.73
Fixation L	1	9	19920550175	19920724266	174091	783.96	932.99	11	90	-1	14.75	14.75
Fixation R	1	9	19920550175	19920724266	174091	783.96	932.99	11	90	-1	15.27	15.27
Saccade L	1	9	19920724266	19920772254	47988	780.19	901.30	889.35	952.68	2.68	110.56	0.29	55.83	4226.44	-3337.53	2373.79
Saccade R	1	9	19920724266	19920772254	47988	780.19	901.30	889.35	952.68	2.68	110.56	0.29	55.83	4226.44	-3337.53	2373.79
Fixation L	1	10	19920772254	19921894842	1122588	865.79	940.33	56	39	-1	15.11	15.11
Fixation R	1	10	19920772254	19921894842	1122588	865.79	940.33	56	39	-1	15.71	15.71
