[BeGaze]
Converted from:	C:\Program Files\SMI\Experiment Suite 360\Experiment Center 2\Results\RC-Attachment-Exp\P05-eye_data.idf
Date:	18.03.2012 20:05:34
Version:	BeGaze 3.0.181
Sample Rate:	500
Subject:	P05
Description:	Kibrisli

Table Header for Fixations:
Event Type	Trial	Number	Start	End	Duration	Location X	Location Y	Dispersion X	Dispersion Y	Plane	Avg. Pupil Size X	Avg. Pupil Size Y

Table Header for Saccades:
Event Type	Trial	Number	Start	End	Duration	Start Loc.X	Start Loc.Y	End Loc.X	End Loc.Y	Amplitude	Peak Speed	Peak Speed At	Average Speed	Peak Accel.	Peak Decel.	Average Accel.

Table Header for Blinks:
Event Type	Trial	Number	Start	End	Duration

Table Header for User Events:
Event Type	Trial	Number	Start	Description

UserEvent	1	1	5844922787	# Message: Questionnaire2.jpg
Fixation L	1	1	5844927605	5845267802	340197	881.88	918.49	36	25	-1	15.17	15.17
Fixation R	1	1	5844927605	5845267802	340197	881.88	918.49	36	25	-1	15.91	15.91
Fixation L	1	2	5845357786	5845451652	93866	456.86	423.04	28	33	-1	14.60	14.60
Fixation R	1	2	5845357786	5845451652	93866	456.86	423.04	28	33	-1	15.18	15.18
Saccade L	1	1	5845451652	5845488849	37197	452.07	415.29	409.59	320.48	2.02	122.11	0.32	54.31	4634.07	-4370.59	2846.26
Saccade R	1	1	5845451652	5845488849	37197	452.07	415.29	409.59	320.48	2.02	122.11	0.32	54.31	4634.07	-4370.59	2846.26
Saccade L	1	2	5845539779	5845565804	26025	395.68	313.58	437.40	354.45	1.34	107.52	0.31	51.46	3050.68	-3959.21	2279.03
Saccade R	1	2	5845539779	5845565804	26025	395.68	313.58	437.40	354.45	1.34	107.52	0.31	51.46	3050.68	-3959.21	2279.03
Fixation L	1	3	5845565804	5845687510	121706	441.06	352.31	11	14	-1	14.47	14.47
Fixation R	1	3	5845565804	5845687510	121706	441.06	352.31	11	14	-1	15.25	15.25
Saccade L	1	3	5845687510	5845735909	48399	442.08	356.14	445.57	364.86	6.52	380.36	0.75	134.63	11433.15	-11143.25	5225.33
Saccade R	1	3	5845687510	5845735909	48399	442.08	356.14	445.57	364.86	6.52	380.36	0.75	134.63	11433.15	-11143.25	5225.33
Saccade L	1	4	5845767942	5845815911	47969	449.22	355.53	570.59	352.54	2.71	121.50	0.29	56.53	4815.06	-3065.66	2441.90
Saccade R	1	4	5845767942	5845815911	47969	449.22	355.53	570.59	352.54	2.71	121.50	0.29	56.53	4815.06	-3065.66	2441.90
Fixation L	1	4	5845815911	5845989899	173988	578.71	361.40	15	23	-1	15.21	15.21
Fixation R	1	4	5845815911	5845989899	173988	578.71	361.40	15	23	-1	15.78	15.78
Saccade L	1	5	5845989899	5846025906	36007	585.50	370.00	733.47	358.81	3.27	199.02	0.42	90.79	8431.02	-7733.51	5608.03
Saccade R	1	5	5845989899	5846025906	36007	585.50	370.00	733.47	358.81	3.27	199.02	0.42	90.79	8431.02	-7733.51	5608.03
Fixation L	1	5	5846025906	5846336136	310230	739.76	359.03	18	32	-1	16.02	16.02
Fixation R	1	5	5846025906	5846336136	310230	739.76	359.03	18	32	-1	16.50	16.50
Saccade L	1	6	5846336136	5846371237	35101	740.75	370.14	848.83	385.45	2.80	158.58	0.46	79.75	6673.23	-6698.70	4802.52
Saccade R	1	6	5846336136	5846371237	35101	740.75	370.14	848.83	385.45	2.80	158.58	0.46	79.75	6673.23	-6698.70	4802.52
Saccade L	1	7	5846388782	5846414140	25358	846.52	385.63	887.26	376.97	0.82	50.15	0.37	32.15	1936.52	-2012.81	1416.83
Saccade R	1	7	5846388782	5846414140	25358	846.52	385.63	887.26	376.97	0.82	50.15	0.37	32.15	1936.52	-2012.81	1416.83
Fixation L	1	6	5846414140	5846516313	102173	884.40	376.07	15	13	-1	16.75	16.75
Fixation R	1	6	5846414140	5846516313	102173	884.40	376.07	15	13	-1	17.21	17.21
Saccade L	1	8	5846516313	5846546266	29953	881.13	371.32	1012.64	384.99	2.88	187.68	0.63	96.00	8165.54	-7905.58	5787.52
Saccade R	1	8	5846516313	5846546266	29953	881.13	371.32	1012.64	384.99	2.88	187.68	0.63	96.00	8165.54	-7905.58	5787.52
Saccade L	1	9	5846582153	5846608305	26152	1012.91	383.36	971.83	375.36	0.83	41.46	0.39	31.79	1695.92	-714.92	879.85
Saccade R	1	9	5846582153	5846608305	26152	1012.91	383.36	971.83	375.36	0.83	41.46	0.39	31.79	1695.92	-714.92	879.85
Saccade L	1	10	5846612289	5846648262	35973	971.15	374.70	1013.22	349.44	2.27	134.04	0.61	63.03	3641.52	-4687.62	2536.09
Saccade R	1	10	5846612289	5846648262	35973	971.15	374.70	1013.22	349.44	2.27	134.04	0.61	63.03	3641.52	-4687.62	2536.09
Blink L	1	1	5846658302	5846849341	191039
Blink R	1	1	5846658302	5846849341	191039
Fixation L	1	7	5846849341	5846964388	115047	1054.33	379.67	20	16	-1	16.77	16.77
Fixation R	1	7	5846849341	5846964388	115047	1054.33	379.67	20	16	-1	17.36	17.36
Saccade L	1	11	5846964388	5847034375	69987	1059.09	379.94	488.56	487.21	21.80	680.05	0.54	311.48	17130.17	-23507.72	12676.74
Saccade R	1	11	5846964388	5847034375	69987	1059.09	379.94	488.56	487.21	21.80	680.05	0.54	311.48	17130.17	-23507.72	12676.74
Fixation L	1	8	5847034375	5847216517	182142	452.76	453.22	497	503	-1	16.22	16.22
Fixation R	1	8	5847034375	5847216517	182142	452.76	453.22	497	503	-1	16.44	16.44
Fixation L	1	9	5847244500	5847314510	70010	464.83	471.48	11	13	-1	17.00	17.00
Fixation R	1	9	5847244500	5847314510	70010	464.83	471.48	11	13	-1	17.51	17.51
Blink L	1	2	5847314510	5847544643	230133
Blink R	1	2	5847314510	5847544643	230133
Saccade L	1	12	5847566948	5847606633	39685	543.92	570.83	630.12	605.52	2.85	178.74	0.32	71.94	7416.93	-6604.61	4229.73
Saccade R	1	12	5847566948	5847606633	39685	543.92	570.83	630.12	605.52	2.85	178.74	0.32	71.94	7416.93	-6604.61	4229.73
Fixation L	1	10	5847606633	5847754848	148215	640.42	616.39	20	20	-1	16.21	16.21
Fixation R	1	10	5847606633	5847754848	148215	640.42	616.39	20	20	-1	17.19	17.19
Saccade L	1	13	5847754848	5847790738	35890	644.40	621.26	637.42	617.03	7.93	296.32	0.28	220.82	14221.62	-13741.60	11200.48
Saccade R	1	13	5847754848	5847790738	35890	644.40	621.26	637.42	617.03	7.93	296.32	0.28	220.82	14221.62	-13741.60	11200.48
Saccade L	1	14	5847836744	5847868787	32043	627.64	624.19	666.77	810.80	4.08	227.66	0.50	127.38	9956.59	-9659.59	7322.44
Saccade R	1	14	5847836744	5847868787	32043	627.64	624.19	666.77	810.80	4.08	227.66	0.50	127.38	9956.59	-9659.59	7322.44
Fixation L	1	11	5847868787	5847966876	98089	674.42	802.86	25	25	-1	16.61	16.61
Fixation R	1	11	5847868787	5847966876	98089	674.42	802.86	25	25	-1	17.52	17.52
Saccade L	1	15	5847966876	5847996861	29985	673.15	811.48	647.86	867.06	1.27	72.00	0.47	42.51	2967.99	-2918.69	2153.39
Saccade R	1	15	5847966876	5847996861	29985	673.15	811.48	647.86	867.06	1.27	72.00	0.47	42.51	2967.99	-2918.69	2153.39
Fixation L	1	12	5847996861	5848159016	162155	655.92	853.81	40	28	-1	16.64	16.64
Fixation R	1	12	5847996861	5848159016	162155	655.92	853.81	40	28	-1	17.53	17.53
Saccade L	1	16	5848159016	5848194991	35975	661.68	847.03	635.82	976.57	2.88	152.95	0.56	80.11	6534.23	-6719.40	4829.76
Saccade R	1	16	5848159016	5848194991	35975	661.68	847.03	635.82	976.57	2.88	152.95	0.56	80.11	6534.23	-6719.40	4829.76
Fixation L	1	13	5848194991	5848425136	230145	634.09	984.70	14	14	-1	16.52	16.52
Fixation R	1	13	5848194991	5848425136	230145	634.09	984.70	14	14	-1	17.29	17.29
Saccade L	1	17	5848425136	5848462984	37848	639.23	982.53	642.75	935.57	1.07	44.56	0.42	28.39	1533.65	-1282.12	998.08
Saccade R	1	17	5848425136	5848462984	37848	639.23	982.53	642.75	935.57	1.07	44.56	0.42	28.39	1533.65	-1282.12	998.08
Fixation L	1	14	5848462984	5848607119	144135	640.67	933.41	15	18	-1	16.64	16.64
Fixation R	1	14	5848462984	5848607119	144135	640.67	933.41	15	18	-1	17.30	17.30
Saccade L	1	18	5848607119	5848677099	69980	637.84	937.23	443.32	505.87	10.82	415.05	0.29	154.64	18181.22	-13798.38	8466.85
Saccade R	1	18	5848607119	5848677099	69980	637.84	937.23	443.32	505.87	10.82	415.05	0.29	154.64	18181.22	-13798.38	8466.85
Fixation L	1	15	5848677099	5849317463	640364	421.05	494.20	44	86	-1	16.08	16.08
Fixation R	1	15	5848677099	5849317463	640364	421.05	494.20	44	86	-1	17.01	17.01
Saccade L	1	19	5849317463	5849362421	44958	420.21	484.06	381.92	466.40	1.50	61.74	0.36	33.32	1934.37	-1323.21	1094.02
Saccade R	1	19	5849317463	5849362421	44958	420.21	484.06	381.92	466.40	1.50	61.74	0.36	33.32	1934.37	-1323.21	1094.02
Fixation L	1	16	5849362421	5849683893	321472	387.07	472.18	20	33	-1	16.81	16.81
Fixation R	1	16	5849362421	5849683893	321472	387.07	472.18	20	33	-1	17.43	17.43
Saccade L	1	20	5849683893	5849705643	21750	386.17	454.01	387.66	487.30	0.62	40.86	0.45	28.46	1120.22	-1464.74	949.75
Saccade R	1	20	5849683893	5849705643	21750	386.17	454.01	387.66	487.30	0.62	40.86	0.45	28.46	1120.22	-1464.74	949.75
Fixation L	1	17	5849705643	5850668109	962466	393.81	498.98	39	46	-1	17.21	17.21
Fixation R	1	17	5849705643	5850668109	962466	393.81	498.98	39	46	-1	17.51	17.51
UserEvent	1	137	5850352215	# Message: UE-mouseclick left x=369 y=471
Saccade L	1	21	5850668109	5850698174	30065	401.55	515.51	429.64	543.93	0.88	41.59	0.40	29.43	1393.71	-1594.02	1120.67
Saccade R	1	21	5850668109	5850698174	30065	401.55	515.51	429.64	543.93	0.88	41.59	0.40	29.43	1393.71	-1594.02	1120.67
Fixation L	1	18	5850698174	5851040686	342512	429.03	547.04	23	32	-1	17.41	17.41
Fixation R	1	18	5850698174	5851040686	342512	429.03	547.04	23	32	-1	17.76	17.76
Blink L	1	3	5851040686	5851182311	141625
Blink R	1	3	5851040686	5851182311	141625
UserEvent	1	156	5851056118	# Message: UE-mouseclick left x=397 y=522
