[BeGaze]
Converted from:	C:\Program Files\SMI\Experiment Suite 360\Experiment Center 2\Results\RC-Attachment-Exp\P19-eye_data.idf
Date:	18.03.2012 20:14:24
Version:	BeGaze 3.0.181
Sample Rate:	500
Subject:	P19
Description:	Run24

Table Header for Fixations:
Event Type	Trial	Number	Start	End	Duration	Location X	Location Y	Dispersion X	Dispersion Y	Plane	Avg. Pupil Size X	Avg. Pupil Size Y

Table Header for Saccades:
Event Type	Trial	Number	Start	End	Duration	Start Loc.X	Start Loc.Y	End Loc.X	End Loc.Y	Amplitude	Peak Speed	Peak Speed At	Average Speed	Peak Accel.	Peak Decel.	Average Accel.

Table Header for Blinks:
Event Type	Trial	Number	Start	End	Duration

Table Header for User Events:
Event Type	Trial	Number	Start	Description

UserEvent	1	1	17827170004	# Message: Validation.jpg
Fixation L	1	1	17827170757	17827803284	632527	193.48	744.68	64	132	-1	13.57	13.57
Fixation R	1	1	17827170757	17827803284	632527	193.48	744.68	64	132	-1	13.55	13.55
Saccade L	1	1	17827803284	17827841876	38592	226.81	665.41	308.97	555.67	3.12	183.66	0.33	80.92	6665.26	-6880.08	4377.42
Saccade R	1	1	17827803284	17827841876	38592	226.81	665.41	308.97	555.67	3.12	183.66	0.33	80.92	6665.26	-6880.08	4377.42
Fixation L	1	2	17827841876	17827903866	61990	322.53	540.32	24	24	-1	13.60	13.60
Fixation R	1	2	17827841876	17827903866	61990	322.53	540.32	24	24	-1	13.67	13.67
Saccade L	1	2	17827903866	17827930512	26646	331.82	533.70	328.61	495.96	0.83	40.23	0.45	30.99	1558.10	-1241.09	1010.83
Saccade R	1	2	17827903866	17827930512	26646	331.82	533.70	328.61	495.96	0.83	40.23	0.45	30.99	1558.10	-1241.09	1010.83
Saccade L	1	3	17827956049	17828021459	65410	345.44	485.59	367.45	360.96	3.12	99.29	0.27	47.77	3335.65	-2672.95	1685.67
Saccade R	1	3	17827956049	17828021459	65410	345.44	485.59	367.45	360.96	3.12	99.29	0.27	47.77	3335.65	-2672.95	1685.67
Fixation L	1	3	17828021459	17828123319	101860	391.87	357.34	44	35	-1	13.50	13.50
Fixation R	1	3	17828021459	17828123319	101860	391.87	357.34	44	35	-1	13.55	13.55
Saccade L	1	4	17828123319	17828152689	29370	393.64	340.86	430.56	280.64	1.42	81.80	0.36	48.41	2880.63	-2969.14	2154.06
Saccade R	1	4	17828123319	17828152689	29370	393.64	340.86	430.56	280.64	1.42	81.80	0.36	48.41	2880.63	-2969.14	2154.06
Fixation L	1	4	17828152689	17829188996	1036307	477.31	248.47	117	64	-1	13.40	13.40
Fixation R	1	4	17828152689	17829188996	1036307	477.31	248.47	117	64	-1	13.34	13.34
Saccade L	1	5	17829412556	17829458564	46008	1122.77	702.06	1188.10	726.30	1.62	45.94	0.54	35.25	874.91	-1274.50	710.86
Saccade R	1	5	17829412556	17829458564	46008	1122.77	702.06	1188.10	726.30	1.62	45.94	0.54	35.25	874.91	-1274.50	710.86
Fixation L	1	5	17829458564	17830615025	1156461	1254.96	775.64	111	96	-1	13.82	13.82
Fixation R	1	5	17829458564	17830615025	1156461	1254.96	775.64	111	96	-1	13.66	13.66
Saccade L	1	6	17830615025	17830643011	27986	1242.39	780.42	1238.65	608.89	3.81	252.52	0.43	136.09	10790.23	-10682.62	7834.54
Saccade R	1	6	17830615025	17830643011	27986	1242.39	780.42	1238.65	608.89	3.81	252.52	0.43	136.09	10790.23	-10682.62	7834.54
Saccade L	1	7	17830665017	17830747140	82123	1250.58	597.78	1231.42	369.24	5.64	261.40	0.66	68.66	9766.61	-10162.75	3746.64
Saccade R	1	7	17830665017	17830747140	82123	1250.58	597.78	1231.42	369.24	5.64	261.40	0.66	68.66	9766.61	-10162.75	3746.64
Fixation L	1	6	17830747140	17832019605	1272465	1239.73	250.31	76	167	-1	13.75	13.75
Fixation R	1	6	17830747140	17832019605	1272465	1239.73	250.31	76	167	-1	13.44	13.44
Saccade L	1	8	17832019605	17832105696	86091	1219.06	273.42	850.64	509.34	10.24	369.04	0.35	118.97	15693.30	-14965.19	6345.04
Saccade R	1	8	17832019605	17832105696	86091	1219.06	273.42	850.64	509.34	10.24	369.04	0.35	118.97	15693.30	-14965.19	6345.04
Saccade L	1	9	17832105696	17832129712	24016	850.64	509.34	807.75	500.06	0.91	64.09	0.50	37.86	978.14	-2253.04	1057.27
Saccade R	1	9	17832105696	17832129712	24016	850.64	509.34	807.75	500.06	0.91	64.09	0.50	37.86	978.14	-2253.04	1057.27
Saccade L	1	10	17832143715	17832175705	31990	808.74	508.19	754.12	522.92	1.30	57.80	0.50	40.58	2209.72	-1982.22	1564.93
Saccade R	1	10	17832143715	17832175705	31990	808.74	508.19	754.12	522.92	1.30	57.80	0.50	40.58	2209.72	-1982.22	1564.93
Saccade L	1	11	17832191719	17832291772	100053	742.63	527.14	516.88	669.01	6.26	192.30	0.34	62.53	7082.94	-7015.70	2625.09
Saccade R	1	11	17832191719	17832291772	100053	742.63	527.14	516.88	669.01	6.26	192.30	0.34	62.53	7082.94	-7015.70	2625.09
Saccade L	1	12	17832331691	17832369821	38130	538.19	701.27	488.64	705.64	1.19	42.16	0.48	31.27	980.58	-1259.32	731.35
Saccade R	1	12	17832331691	17832369821	38130	538.19	701.27	488.64	705.64	1.19	42.16	0.48	31.27	980.58	-1259.32	731.35
Saccade L	1	13	17832377816	17832436447	58631	486.58	710.98	346.86	831.91	4.40	228.36	0.28	75.05	9201.01	-8633.29	4149.51
Saccade R	1	13	17832377816	17832436447	58631	486.58	710.98	346.86	831.91	4.40	228.36	0.28	75.05	9201.01	-8633.29	4149.51
Fixation L	1	7	17832436447	17832527825	91378	349.63	816.39	12	28	-1	14.10	14.10
Fixation R	1	7	17832436447	17832527825	91378	349.63	816.39	12	28	-1	13.80	13.80
Saccade L	1	14	17832527825	17832550218	22393	344.20	804.77	389.35	778.12	1.14	82.81	0.53	51.05	3068.88	-2952.64	2067.10
Saccade R	1	14	17832527825	17832550218	22393	344.20	804.77	389.35	778.12	1.14	82.81	0.53	51.05	3068.88	-2952.64	2067.10
Fixation L	1	8	17832550218	17833014068	463850	408.11	775.64	44	56	-1	13.72	13.72
Fixation R	1	8	17832550218	17833014068	463850	408.11	775.64	44	56	-1	13.70	13.70
