[BeGaze]
Converted from:	C:\Program Files\SMI\Experiment Suite 360\Experiment Center 2\Results\RC-Attachment-Exp\P15-eye_data.idf
Date:	18.03.2012 20:11:49
Version:	BeGaze 3.0.181
Sample Rate:	500
Subject:	P15
Description:	Run20

Table Header for Fixations:
Event Type	Trial	Number	Start	End	Duration	Location X	Location Y	Dispersion X	Dispersion Y	Plane	Avg. Pupil Size X	Avg. Pupil Size Y

Table Header for Saccades:
Event Type	Trial	Number	Start	End	Duration	Start Loc.X	Start Loc.Y	End Loc.X	End Loc.Y	Amplitude	Peak Speed	Peak Speed At	Average Speed	Peak Accel.	Peak Decel.	Average Accel.

Table Header for Blinks:
Event Type	Trial	Number	Start	End	Duration

Table Header for User Events:
Event Type	Trial	Number	Start	Description

UserEvent	1	1	2822981074	# Message: Questionnaire21.jpg
Saccade L	1	1	2823008817	2823040480	31663	938.52	898.53	884.64	950.79	1.71	93.01	0.32	53.96	2726.34	-3496.17	2134.83
Saccade R	1	1	2823008817	2823040480	31663	938.52	898.53	884.64	950.79	1.71	93.01	0.32	53.96	2726.34	-3496.17	2134.83
Fixation L	1	1	2823040480	2823185133	144653	880.37	949.21	32	10	-1	12.44	12.44
Fixation R	1	1	2823040480	2823185133	144653	880.37	949.21	32	10	-1	12.50	12.50
Saccade L	1	2	2823185133	2823212773	27640	894.10	951.05	859.84	917.03	0.98	50.88	0.49	35.32	2035.96	-2102.83	1498.72
Saccade R	1	2	2823185133	2823212773	27640	894.10	951.05	859.84	917.03	0.98	50.88	0.49	35.32	2035.96	-2102.83	1498.72
Saccade L	1	3	2823248863	2823277951	29088	862.06	915.94	890.12	952.60	1.11	54.61	0.42	38.30	2250.47	-1333.16	1274.86
Saccade R	1	3	2823248863	2823277951	29088	862.06	915.94	890.12	952.60	1.11	54.61	0.42	38.30	2250.47	-1333.16	1274.86
Fixation L	1	2	2823277951	2823361409	83458	859.51	943.30	47	20	-1	12.71	12.71
Fixation R	1	2	2823277951	2823361409	83458	859.51	943.30	47	20	-1	12.46	12.46
Saccade L	1	4	2823361409	2823503746	142337	861.35	934.75	445.25	350.79	25.41	363.01	0.44	178.55	14064.76	-7596.54	4150.96
Saccade R	1	4	2823361409	2823503746	142337	861.35	934.75	445.25	350.79	25.41	363.01	0.44	178.55	14064.76	-7596.54	4150.96
Fixation L	1	3	2823503746	2823809003	305257	440.32	356.04	28	23	-1	12.47	12.47
Fixation R	1	3	2823503746	2823809003	305257	440.32	356.04	28	23	-1	12.07	12.07
Saccade L	1	5	2823809003	2823847024	38021	441.79	371.38	496.55	368.24	1.19	44.63	0.58	31.24	1399.63	-1516.39	1039.49
Saccade R	1	5	2823809003	2823847024	38021	441.79	371.38	496.55	368.24	1.19	44.63	0.58	31.24	1399.63	-1516.39	1039.49
Fixation L	1	4	2823847024	2823978999	131975	505.73	356.45	17	17	-1	13.14	13.14
Fixation R	1	4	2823847024	2823978999	131975	505.73	356.45	17	17	-1	12.87	12.87
Saccade L	1	6	2823978999	2824003118	24119	512.51	358.42	547.60	353.27	0.75	40.55	0.41	31.04	1554.71	-1261.76	993.79
Saccade R	1	6	2823978999	2824003118	24119	512.51	358.42	547.60	353.27	0.75	40.55	0.41	31.04	1554.71	-1261.76	993.79
Fixation L	1	5	2824003118	2824159148	156030	565.49	363.31	26	17	-1	13.39	13.39
Fixation R	1	5	2824003118	2824159148	156030	565.49	363.31	26	17	-1	13.16	13.16
Saccade L	1	7	2824159148	2824203257	44109	560.83	363.06	601.71	392.56	1.71	81.12	0.64	38.82	2129.75	-2982.53	1584.77
Saccade R	1	7	2824159148	2824203257	44109	560.83	363.06	601.71	392.56	1.71	81.12	0.64	38.82	2129.75	-2982.53	1584.77
Fixation L	1	6	2824203257	2824289277	86020	604.34	391.39	10	11	-1	13.41	13.41
Fixation R	1	6	2824203257	2824289277	86020	604.34	391.39	10	11	-1	12.99	12.99
Saccade L	1	8	2824289277	2824339314	50037	597.18	384.73	444.71	475.24	4.10	187.04	0.48	81.97	7168.27	-7137.57	4600.43
Saccade R	1	8	2824289277	2824339314	50037	597.18	384.73	444.71	475.24	4.10	187.04	0.48	81.97	7168.27	-7137.57	4600.43
Fixation L	1	7	2824339314	2825603838	1264524	424.44	479.50	63	54	-1	13.43	13.43
Fixation R	1	7	2824339314	2825603838	1264524	424.44	479.50	63	54	-1	12.93	12.93
UserEvent	1	58	2825291683	# Message: UE-mouseclick left x=391 y=439
Saccade L	1	9	2825603838	2825649852	46014	410.83	468.77	446.07	579.37	2.75	120.73	0.30	59.74	5265.29	-3924.54	2887.12
Saccade R	1	9	2825603838	2825649852	46014	410.83	468.77	446.07	579.37	2.75	120.73	0.30	59.74	5265.29	-3924.54	2887.12
Fixation L	1	8	2825649852	2826097976	448124	448.81	554.00	26	41	-1	13.35	13.35
Fixation R	1	8	2825649852	2826097976	448124	448.81	554.00	26	41	-1	12.99	12.99
UserEvent	1	77	2826011647	# Message: UE-mouseclick left x=449 y=531
