[BeGaze]
Converted from:	C:\Program Files\SMI\Experiment Suite 360\Experiment Center 2\Results\RC-Attachment-Exp\P15-eye_data.idf
Date:	18.03.2012 20:11:21
Version:	BeGaze 3.0.181
Sample Rate:	500
Subject:	P15
Description:	Run20

Table Header for Fixations:
Event Type	Trial	Number	Start	End	Duration	Location X	Location Y	Dispersion X	Dispersion Y	Plane	Avg. Pupil Size X	Avg. Pupil Size Y

Table Header for Saccades:
Event Type	Trial	Number	Start	End	Duration	Start Loc.X	Start Loc.Y	End Loc.X	End Loc.Y	Amplitude	Peak Speed	Peak Speed At	Average Speed	Peak Accel.	Peak Decel.	Average Accel.

Table Header for Blinks:
Event Type	Trial	Number	Start	End	Duration

Table Header for User Events:
Event Type	Trial	Number	Start	Description

UserEvent	1	1	2399211469	# Message: Questionnaire4.jpg
Fixation L	1	1	2399213228	2399603601	390373	877.01	947.23	44	24	-1	13.28	13.28
Fixation R	1	1	2399213228	2399603601	390373	877.01	947.23	44	24	-1	12.89	12.89
Saccade L	1	1	2399603601	2399684121	80520	868.63	956.79	475.59	450.98	14.67	317.98	0.38	182.25	12502.33	-7718.15	6558.00
Saccade R	1	1	2399603601	2399684121	80520	868.63	956.79	475.59	450.98	14.67	317.98	0.38	182.25	12502.33	-7718.15	6558.00
Fixation L	1	2	2399684121	2399736087	51966	486.00	452.29	28	12	-1	13.23	13.23
Fixation R	1	2	2399684121	2399736087	51966	486.00	452.29	28	12	-1	12.42	12.42
Saccade L	1	2	2399736087	2399768244	32157	501.78	458.56	468.23	380.03	1.84	106.73	0.38	57.30	4123.60	-3872.89	2857.71
Saccade R	1	2	2399736087	2399768244	32157	501.78	458.56	468.23	380.03	1.84	106.73	0.38	57.30	4123.60	-3872.89	2857.71
Fixation L	1	3	2399768244	2399836229	67985	455.28	381.93	28	14	-1	13.07	13.07
Fixation R	1	3	2399768244	2399836229	67985	455.28	381.93	28	14	-1	12.39	12.39
Saccade L	1	3	2399836229	2399860211	23982	440.95	383.70	479.35	402.82	0.85	52.86	0.50	35.33	1741.47	-1983.68	1371.58
Saccade R	1	3	2399836229	2399860211	23982	440.95	383.70	479.35	402.82	0.85	52.86	0.50	35.33	1741.47	-1983.68	1371.58
Fixation L	1	4	2399860211	2399986205	125994	460.03	399.14	38	15	-1	12.92	12.92
Fixation R	1	4	2399860211	2399986205	125994	460.03	399.14	38	15	-1	12.28	12.28
Fixation L	1	5	2400048335	2400128324	79989	571.35	374.51	5	15	-1	13.36	13.36
Fixation R	1	5	2400048335	2400128324	79989	571.35	374.51	5	15	-1	12.77	12.77
Saccade L	1	4	2400128324	2400180318	51994	568.84	374.19	734.91	364.09	3.84	138.88	0.31	73.81	5816.59	-4340.03	3516.67
Saccade R	1	4	2400128324	2400180318	51994	568.84	374.19	734.91	364.09	3.84	138.88	0.31	73.81	5816.59	-4340.03	3516.67
Fixation L	1	6	2400180318	2400626556	446238	719.46	407.28	29	63	-1	13.76	13.76
Fixation R	1	6	2400180318	2400626556	446238	719.46	407.28	29	63	-1	13.28	13.28
Saccade L	1	5	2400626556	2400676555	49999	720.65	416.00	823.28	407.65	2.28	87.50	0.32	45.67	3821.14	-2638.67	1955.76
Saccade R	1	5	2400626556	2400676555	49999	720.65	416.00	823.28	407.65	2.28	87.50	0.32	45.67	3821.14	-2638.67	1955.76
Fixation L	1	7	2400676555	2400810563	134008	819.90	404.67	35	12	-1	13.70	13.70
Fixation R	1	7	2400676555	2400810563	134008	819.90	404.67	35	12	-1	13.16	13.16
Saccade L	1	6	2400810563	2400850684	40121	799.26	413.15	899.89	400.51	2.19	99.13	0.35	54.62	4099.28	-3137.81	2532.08
Saccade R	1	6	2400810563	2400850684	40121	799.26	413.15	899.89	400.51	2.19	99.13	0.35	54.62	4099.28	-3137.81	2532.08
Fixation L	1	8	2400850684	2400986682	135998	892.61	405.17	29	14	-1	13.53	13.53
Fixation R	1	8	2400850684	2400986682	135998	892.61	405.17	29	14	-1	13.29	13.29
Saccade L	1	7	2400986682	2401036165	49483	872.61	413.25	988.10	397.67	2.57	95.59	0.24	51.99	3531.17	-2162.88	1889.52
Saccade R	1	7	2400986682	2401036165	49483	872.61	413.25	988.10	397.67	2.57	95.59	0.24	51.99	3531.17	-2162.88	1889.52
Fixation L	1	9	2401036165	2401440948	404783	1011.71	387.72	66	45	-1	13.48	13.48
Fixation R	1	9	2401036165	2401440948	404783	1011.71	387.72	66	45	-1	13.37	13.37
Saccade L	1	8	2401440948	2401521178	80230	1032.96	396.60	448.81	537.77	15.06	340.84	0.30	187.76	13676.32	-8507.21	7473.37
Saccade R	1	8	2401440948	2401521178	80230	1032.96	396.60	448.81	537.77	15.06	340.84	0.30	187.76	13676.32	-8507.21	7473.37
Fixation L	1	10	2401521178	2403547856	2026678	424.83	535.66	71	77	-1	13.98	13.98
Fixation R	1	10	2401521178	2403547856	2026678	424.83	535.66	71	77	-1	13.47	13.47
UserEvent	1	100	2403159800	# Message: UE-mouseclick left x=384 y=521
Saccade L	1	9	2403547856	2403573858	26002	406.11	551.55	409.48	589.81	0.79	43.41	0.46	30.34	1560.81	-1237.25	1013.33
Saccade R	1	9	2403547856	2403573858	26002	406.11	551.55	409.48	589.81	0.79	43.41	0.46	30.34	1560.81	-1237.25	1013.33
Fixation L	1	11	2403573858	2403998373	424515	421.73	597.54	21	22	-1	13.38	13.38
Fixation R	1	11	2403573858	2403998373	424515	421.73	597.54	21	22	-1	12.90	12.90
UserEvent	1	119	2403863801	# Message: UE-mouseclick left x=411 y=562
