[BeGaze]
Converted from:	C:\Program Files\SMI\Experiment Suite 360\Experiment Center 2\Results\RC-Attachment-Exp\P27-eye_data.idf
Date:	18.03.2012 20:22:04
Version:	BeGaze 3.0.181
Sample Rate:	500
Subject:	P27
Description:	Run32

Table Header for Fixations:
Event Type	Trial	Number	Start	End	Duration	Location X	Location Y	Dispersion X	Dispersion Y	Plane	Avg. Pupil Size X	Avg. Pupil Size Y

Table Header for Saccades:
Event Type	Trial	Number	Start	End	Duration	Start Loc.X	Start Loc.Y	End Loc.X	End Loc.Y	Amplitude	Peak Speed	Peak Speed At	Average Speed	Peak Accel.	Peak Decel.	Average Accel.

Table Header for Blinks:
Event Type	Trial	Number	Start	End	Duration

Table Header for User Events:
Event Type	Trial	Number	Start	Description

UserEvent	1	1	13325349947	# Message: RC-N2forced-anim-1.jpg
Saccade L	1	1	13325395023	13325419002	23979	511.72	471.09	551.11	444.85	0.96	63.71	0.42	39.90	2196.67	-2580.06	1700.37
Saccade R	1	1	13325395023	13325419002	23979	511.72	471.09	551.11	444.85	0.96	63.71	0.42	39.90	2196.67	-2580.06	1700.37
Fixation L	1	1	13325419002	13325649024	230022	556.18	453.13	14	16	-1	12.99	12.99
Fixation R	1	1	13325419002	13325649024	230022	556.18	453.13	14	16	-1	13.74	13.74
Saccade L	1	2	13325649024	13325683315	34291	557.34	455.15	509.44	467.24	1.09	45.97	0.29	31.75	1843.99	-1131.23	1042.32
Saccade R	1	2	13325649024	13325683315	34291	557.34	455.15	509.44	467.24	1.09	45.97	0.29	31.75	1843.99	-1131.23	1042.32
Fixation L	1	2	13325683315	13325973237	289922	507.97	464.31	11	10	-1	12.95	12.95
Fixation R	1	2	13325683315	13325973237	289922	507.97	464.31	11	10	-1	13.53	13.53
Saccade L	1	3	13325973237	13325997215	23978	504.89	466.28	556.12	458.47	1.06	74.41	0.42	44.36	2974.89	-2503.15	1885.03
Saccade R	1	3	13325973237	13325997215	23978	504.89	466.28	556.12	458.47	1.06	74.41	0.42	44.36	2974.89	-2503.15	1885.03
Fixation L	1	3	13325997215	13326151352	154137	563.27	470.82	11	18	-1	12.71	12.71
Fixation R	1	3	13325997215	13326151352	154137	563.27	470.82	11	18	-1	13.54	13.54
Saccade L	1	4	13326151352	13326185332	33980	568.14	469.27	644.85	450.33	1.70	92.50	0.36	50.16	3935.72	-3310.39	2495.45
Saccade R	1	4	13326151352	13326185332	33980	568.14	469.27	644.85	450.33	1.70	92.50	0.36	50.16	3935.72	-3310.39	2495.45
Fixation L	1	4	13326185332	13326363343	178011	646.29	446.12	19	20	-1	12.61	12.61
Fixation R	1	4	13326185332	13326363343	178011	646.29	446.12	19	20	-1	13.42	13.42
Saccade L	1	5	13326363343	13326397460	34117	648.60	437.59	740.11	441.01	1.97	112.64	0.41	57.78	4889.91	-4024.33	3090.57
Saccade R	1	5	13326363343	13326397460	34117	648.60	437.59	740.11	441.01	1.97	112.64	0.41	57.78	4889.91	-4024.33	3090.57
Fixation L	1	5	13326397460	13326637443	239983	749.46	436.01	17	14	-1	12.48	12.48
Fixation R	1	5	13326397460	13326637443	239983	749.46	436.01	17	14	-1	13.26	13.26
Saccade L	1	6	13326637443	13326661607	24164	745.76	431.37	811.32	441.61	1.43	102.60	0.42	59.29	4165.57	-4227.04	2959.91
Saccade R	1	6	13326637443	13326661607	24164	745.76	431.37	811.32	441.61	1.43	102.60	0.42	59.29	4165.57	-4227.04	2959.91
Fixation L	1	6	13326661607	13326947707	286100	836.78	445.99	39	36	-1	12.41	12.41
Fixation R	1	6	13326661607	13326947707	286100	836.78	445.99	39	36	-1	13.20	13.20
Saccade L	1	7	13326947707	13326981714	34007	841.19	437.24	911.27	422.49	1.53	67.87	0.41	45.03	2281.69	-2467.58	1763.30
Saccade R	1	7	13326947707	13326981714	34007	841.19	437.24	911.27	422.49	1.53	67.87	0.41	45.03	2281.69	-2467.58	1763.30
Fixation L	1	7	13326981714	13327253819	272105	918.60	443.60	19	35	-1	12.49	12.49
Fixation R	1	7	13326981714	13327253819	272105	918.60	443.60	19	35	-1	13.33	13.33
Saccade L	1	8	13327253819	13327287140	33321	925.73	447.70	994.23	446.22	1.51	73.47	0.36	45.37	3077.32	-2605.51	2035.18
Saccade R	1	8	13327253819	13327287140	33321	925.73	447.70	994.23	446.22	1.51	73.47	0.36	45.37	3077.32	-2605.51	2035.18
Fixation L	1	8	13327287140	13327453935	166795	994.22	441.89	9	14	-1	12.53	12.53
Fixation R	1	8	13327287140	13327453935	166795	994.22	441.89	9	14	-1	13.43	13.43
Saccade L	1	9	13327453935	13327497800	43865	999.43	451.26	1118.35	463.64	2.66	130.02	0.36	60.68	5319.10	-4304.73	3094.16
Saccade R	1	9	13327453935	13327497800	43865	999.43	451.26	1118.35	463.64	2.66	130.02	0.36	60.68	5319.10	-4304.73	3094.16
Fixation L	1	9	13327497800	13327581915	84115	1125.82	457.40	18	22	-1	12.46	12.46
Fixation R	1	9	13327497800	13327581915	84115	1125.82	457.40	18	22	-1	13.36	13.36
Saccade L	1	10	13327581915	13327675934	94019	1120.19	441.65	926.55	888.23	11.65	192.72	0.56	123.86	4627.31	-6516.25	2972.41
Saccade R	1	10	13327581915	13327675934	94019	1120.19	441.65	926.55	888.23	11.65	192.72	0.56	123.86	4627.31	-6516.25	2972.41
Fixation L	1	10	13327675934	13327800045	124111	921.61	893.05	27	12	-1	12.62	12.62
Fixation R	1	10	13327675934	13327800045	124111	921.61	893.05	27	12	-1	13.36	13.36
Saccade L	1	11	13327800045	13327826073	26028	935.07	895.39	898.05	928.44	1.01	58.03	0.46	38.81	2069.37	-2288.02	1632.05
Saccade R	1	11	13327800045	13327826073	26028	935.07	895.39	898.05	928.44	1.01	58.03	0.46	38.81	2069.37	-2288.02	1632.05
Fixation L	1	11	13327826073	13328320267	494194	897.68	930.41	32	31	-1	12.97	12.97
Fixation R	1	11	13327826073	13328320267	494194	897.68	930.41	32	31	-1	13.80	13.80
