[BeGaze]
Converted from:	C:\Program Files\SMI\Experiment Suite 360\Experiment Center 2\Results\RC-Attachment-Exp\P19-eye_data.idf
Date:	18.03.2012 20:15:12
Version:	BeGaze 3.0.181
Sample Rate:	500
Subject:	P19
Description:	Run24

Table Header for Fixations:
Event Type	Trial	Number	Start	End	Duration	Location X	Location Y	Dispersion X	Dispersion Y	Plane	Avg. Pupil Size X	Avg. Pupil Size Y

Table Header for Saccades:
Event Type	Trial	Number	Start	End	Duration	Start Loc.X	Start Loc.Y	End Loc.X	End Loc.Y	Amplitude	Peak Speed	Peak Speed At	Average Speed	Peak Accel.	Peak Decel.	Average Accel.

Table Header for Blinks:
Event Type	Trial	Number	Start	End	Duration

Table Header for User Events:
Event Type	Trial	Number	Start	Description

UserEvent	1	1	18497830914	# Message: RC-N1forced-nonanim-6.jpg
Saccade L	1	1	18497922080	18497968075	45995	556.87	453.75	523.69	401.46	2.68	123.18	0.61	58.17	4003.05	-2954.80	2262.88
Saccade R	1	1	18497922080	18497968075	45995	556.87	453.75	523.69	401.46	2.68	123.18	0.61	58.17	4003.05	-2954.80	2262.88
Saccade L	1	2	18497986083	18498012414	26331	567.75	414.71	520.43	395.08	1.07	57.01	0.76	40.62	1454.71	-1236.87	866.58
Saccade R	1	2	18497986083	18498012414	26331	567.75	414.71	520.43	395.08	1.07	57.01	0.76	40.62	1454.71	-1236.87	866.58
Saccade L	1	3	18498046072	18498090671	44599	562.31	389.79	500.13	382.01	1.69	55.33	0.49	37.82	1400.68	-1446.58	1021.08
Saccade R	1	3	18498046072	18498090671	44599	562.31	389.79	500.13	382.01	1.69	55.33	0.49	37.82	1400.68	-1446.58	1021.08
Saccade L	1	4	18498144583	18498175013	30430	509.63	427.69	557.53	411.15	1.16	51.76	0.25	38.02	931.41	-1258.71	566.08
Saccade R	1	4	18498144583	18498175013	30430	509.63	427.69	557.53	411.15	1.16	51.76	0.25	38.02	931.41	-1258.71	566.08
Saccade L	1	5	18498270220	18498309353	39133	571.70	468.28	544.05	454.68	1.98	88.80	0.56	50.67	2569.77	-202.77	1330.54
Saccade R	1	5	18498270220	18498309353	39133	571.70	468.28	544.05	454.68	1.98	88.80	0.56	50.67	2569.77	-202.77	1330.54
Saccade L	1	6	18498309353	18498364674	55321	544.05	454.68	612.68	540.09	3.68	135.49	0.42	66.58	2876.86	-4285.10	2297.00
Saccade R	1	6	18498309353	18498364674	55321	544.05	454.68	612.68	540.09	3.68	135.49	0.42	66.58	2876.86	-4285.10	2297.00
Saccade L	1	7	18498372668	18498425965	53297	618.47	539.80	538.37	422.81	5.88	229.42	0.31	110.36	7962.79	-8317.00	5849.65
Saccade R	1	7	18498372668	18498425965	53297	618.47	539.80	538.37	422.81	5.88	229.42	0.31	110.36	7962.79	-8317.00	5849.65
Fixation L	1	1	18498425965	18498476294	50329	574.94	424.42	60	21	-1	13.76	13.76
Fixation R	1	1	18498425965	18498476294	50329	574.94	424.42	60	21	-1	13.55	13.55
Saccade L	1	8	18498476294	18498498311	22017	573.06	431.91	540.46	438.92	0.67	42.74	0.69	30.53	953.88	-1396.10	858.92
Saccade R	1	8	18498476294	18498498311	22017	573.06	431.91	540.46	438.92	0.67	42.74	0.69	30.53	953.88	-1396.10	858.92
Saccade L	1	9	18498544330	18498584353	40023	551.46	429.13	601.73	448.97	1.26	45.22	0.61	31.38	1238.55	-1281.19	963.18
Saccade R	1	9	18498544330	18498584353	40023	551.46	429.13	601.73	448.97	1.26	45.22	0.61	31.38	1238.55	-1281.19	963.18
Fixation L	1	2	18498584353	18498690407	106054	600.90	441.24	20	14	-1	13.89	13.89
Fixation R	1	2	18498584353	18498690407	106054	600.90	441.24	20	14	-1	13.73	13.73
Saccade L	1	10	18498690407	18498714421	24014	600.81	446.67	667.50	439.89	1.41	107.51	0.50	58.59	4317.72	-3303.61	2675.64
Saccade R	1	10	18498690407	18498714421	24014	600.81	446.67	667.50	439.89	1.41	107.51	0.50	58.59	4317.72	-3303.61	2675.64
Fixation L	1	3	18498714421	18498952528	238107	670.45	453.09	34	28	-1	13.90	13.90
Fixation R	1	3	18498714421	18498952528	238107	670.45	453.09	34	28	-1	13.78	13.78
Saccade L	1	11	18498952528	18498978528	26000	663.85	455.92	750.95	456.97	1.94	145.64	0.46	74.67	5547.09	-5483.77	4022.50
Saccade R	1	11	18498952528	18498978528	26000	663.85	455.92	750.95	456.97	1.94	145.64	0.46	74.67	5547.09	-5483.77	4022.50
Fixation L	1	4	18498978528	18499206651	228123	771.66	455.93	31	56	-1	13.86	13.86
Fixation R	1	4	18498978528	18499206651	228123	771.66	455.93	31	56	-1	13.89	13.89
Saccade L	1	12	18499206651	18499230642	23991	760.22	473.21	842.85	468.53	1.74	126.04	0.50	72.46	4786.91	-4693.74	3356.23
Saccade R	1	12	18499206651	18499230642	23991	760.22	473.21	842.85	468.53	1.74	126.04	0.50	72.46	4786.91	-4693.74	3356.23
Fixation L	1	5	18499230642	18499416870	186228	835.28	466.17	26	25	-1	13.73	13.73
Fixation R	1	5	18499230642	18499416870	186228	835.28	466.17	26	25	-1	13.68	13.68
Saccade L	1	13	18499416870	18499444641	27771	827.34	470.85	932.04	462.29	2.22	148.05	0.42	80.09	6287.55	-6317.86	4597.76
Saccade R	1	13	18499416870	18499444641	27771	827.34	470.85	932.04	462.29	2.22	148.05	0.42	80.09	6287.55	-6317.86	4597.76
Fixation L	1	6	18499444641	18499500781	56140	937.82	468.55	14	17	-1	13.71	13.71
Fixation R	1	6	18499444641	18499500781	56140	937.82	468.55	14	17	-1	13.59	13.59
Saccade L	1	14	18499500781	18499529017	28236	932.55	476.19	951.89	440.37	0.88	41.18	0.50	31.06	1077.10	-1365.53	929.33
Saccade R	1	14	18499500781	18499529017	28236	932.55	476.19	951.89	440.37	0.88	41.18	0.50	31.06	1077.10	-1365.53	929.33
Fixation L	1	7	18499529017	18499689198	160181	947.29	449.04	24	44	-1	13.76	13.76
Fixation R	1	7	18499529017	18499689198	160181	947.29	449.04	24	44	-1	13.49	13.49
Saccade L	1	15	18499689198	18499716864	27666	950.35	434.19	1015.02	455.04	1.47	86.42	0.59	53.09	3299.98	-3356.22	2403.62
Saccade R	1	15	18499689198	18499716864	27666	950.35	434.19	1015.02	455.04	1.47	86.42	0.59	53.09	3299.98	-3356.22	2403.62
Fixation L	1	8	18499716864	18500006862	289998	1017.57	459.96	58	30	-1	13.55	13.55
Fixation R	1	8	18499716864	18500006862	289998	1017.57	459.96	58	30	-1	13.37	13.37
Saccade L	1	16	18500006862	18500028980	22118	984.31	466.55	1019.56	458.13	0.72	44.55	0.55	32.48	1647.30	-1536.51	1150.95
Saccade R	1	16	18500006862	18500028980	22118	984.31	466.55	1019.56	458.13	0.72	44.55	0.55	32.48	1647.30	-1536.51	1150.95
Saccade L	1	17	18500040987	18500065077	24090	1010.71	461.43	1102.11	449.70	2.05	158.20	0.41	85.24	5871.65	-6037.91	4106.71
Saccade R	1	17	18500040987	18500065077	24090	1010.71	461.43	1102.11	449.70	2.05	158.20	0.41	85.24	5871.65	-6037.91	4106.71
Fixation L	1	9	18500065077	18500411225	346148	1102.21	462.77	40	31	-1	13.33	13.33
Fixation R	1	9	18500065077	18500411225	346148	1102.21	462.77	40	31	-1	13.22	13.22
Fixation L	1	10	18500431136	18500613205	182069	1140.56	467.92	22	24	-1	13.21	13.21
Fixation R	1	10	18500431136	18500613205	182069	1140.56	467.92	22	24	-1	13.08	13.08
Fixation L	1	11	18500633201	18500719209	86008	1190.26	468.76	19	30	-1	13.15	13.15
Fixation R	1	11	18500633201	18500719209	86008	1190.26	468.76	19	30	-1	12.97	12.97
Saccade L	1	18	18500719209	18500799340	80131	1195.62	478.43	957.74	967.04	12.31	321.34	0.22	153.67	14275.58	-7614.64	6253.42
Saccade R	1	18	18500719209	18500799340	80131	1195.62	478.43	957.74	967.04	12.31	321.34	0.22	153.67	14275.58	-7614.64	6253.42
Fixation L	1	12	18500799340	18500857533	58193	957.94	965.08	39	5	-1	13.63	13.63
Fixation R	1	12	18500799340	18500857533	58193	957.94	965.08	39	5	-1	13.63	13.63
Saccade L	1	19	18500857533	18500881333	23800	984.92	966.34	957.82	944.35	0.76	43.90	0.41	31.88	362.39	-1239.70	606.81
Saccade R	1	19	18500857533	18500881333	23800	984.92	966.34	957.82	944.35	0.76	43.90	0.41	31.88	362.39	-1239.70	606.81
Fixation L	1	13	18500881333	18500979354	98021	954.44	958.47	31	31	-1	13.78	13.78
Fixation R	1	13	18500881333	18500979354	98021	954.44	958.47	31	31	-1	13.67	13.67
Saccade L	1	20	18500979354	18501003325	23971	972.22	975.08	915.56	963.20	1.26	98.82	0.42	52.49	3382.28	-3406.40	2359.37
Saccade R	1	20	18500979354	18501003325	23971	972.22	975.08	915.56	963.20	1.26	98.82	0.42	52.49	3382.28	-3406.40	2359.37
Fixation L	1	14	18501063455	18501303441	239986	903.55	945.76	42	29	-1	13.75	13.75
Fixation R	1	14	18501063455	18501303441	239986	903.55	945.76	42	29	-1	13.60	13.60
