[BeGaze]
Converted from:	C:\Program Files\SMI\Experiment Suite 360\Experiment Center 2\Results\RC-Attachment-Exp\P32-eye_data.idf
Date:	18.03.2012 20:27:50
Version:	BeGaze 3.0.181
Sample Rate:	500
Subject:	P32
Description:	Run37

Table Header for Fixations:
Event Type	Trial	Number	Start	End	Duration	Location X	Location Y	Dispersion X	Dispersion Y	Plane	Avg. Pupil Size X	Avg. Pupil Size Y

Table Header for Saccades:
Event Type	Trial	Number	Start	End	Duration	Start Loc.X	Start Loc.Y	End Loc.X	End Loc.Y	Amplitude	Peak Speed	Peak Speed At	Average Speed	Peak Accel.	Peak Decel.	Average Accel.

Table Header for Blinks:
Event Type	Trial	Number	Start	End	Duration

Table Header for User Events:
Event Type	Trial	Number	Start	Description

UserEvent	1	1	5670227299	# Message: RC-N1forced-anim-1.jpg
Fixation L	1	1	5670227737	5670621841	394104	463.11	429.31	28	37	-1	11.02	11.02
Fixation R	1	1	5670227737	5670621841	394104	463.11	429.31	28	37	-1	16.57	16.57
Blink L	1	1	5670621841	5670743935	122094
Fixation R	1	2	5670646581	5670719974	73393	472.55	434.52	16	32	-1	16.50	16.50
Saccade R	1	1	5670719974	5670743935	23961	465.67	432.08	487.34	463.76	0.88	52.55	0.58	36.53	1807.95	-1722.24	1291.52
Blink L	1	2	5670763943	5670903930	139987
Saccade R	1	2	5670763943	5670797934	33991	486.87	448.77	532.21	465.76	1.10	43.10	0.53	32.42	1258.28	-1267.42	950.11
Fixation R	1	3	5670797934	5670879931	81997	532.40	447.36	5	48	-1	16.48	16.48
Blink R	1	1	5670879931	5671124050	244119
Fixation L	1	2	5670903930	5671082047	178117	0.00	0.00	0	0	-1	0.00	0.00
Saccade L	1	1	5671082047	5671124050	42003	0.00	0.00	598.42	449.76	19.50	1419.78	0.29	464.19	54262.44	-52740.65	32881.75
Fixation L	1	3	5671124050	5671478275	354225	603.36	434.05	48	36	-1	15.66	15.66
Fixation R	1	4	5671124050	5671478275	354225	603.36	434.05	48	36	-1	16.02	16.02
Saccade L	1	2	5671478275	5671516442	38167	612.66	433.20	723.40	437.57	2.29	120.17	0.26	60.05	4567.39	-4122.98	2777.25
Saccade R	1	3	5671478275	5671516442	38167	612.66	433.20	723.40	437.57	2.29	120.17	0.26	60.05	4567.39	-4122.98	2777.25
Fixation L	1	4	5671516442	5671614283	97841	723.81	439.72	13	4	-1	15.59	15.59
Fixation R	1	5	5671516442	5671614283	97841	723.81	439.72	13	4	-1	16.03	16.03
Saccade L	1	3	5671614283	5671720369	106086	721.35	438.95	819.03	369.47	75.20	2278.70	0.52	708.85	61150.12	-48694.58	27407.69
Saccade R	1	4	5671614283	5671720369	106086	721.35	438.95	819.03	369.47	75.20	2278.70	0.52	708.85	61150.12	-48694.58	27407.69
Saccade L	1	4	5671720369	5671834210	113841	819.03	369.47	761.88	422.37	8.76	245.12	0.16	76.95	1953.39	-15289.73	2642.11
Saccade R	1	5	5671720369	5671834210	113841	819.03	369.47	761.88	422.37	8.76	245.12	0.16	76.95	1953.39	-15289.73	2642.11
Saccade L	1	5	5671849881	5671901340	51459	758.90	426.23	813.91	444.30	2.46	77.96	0.38	47.72	2799.49	-2654.05	2012.62
Saccade R	1	6	5671849881	5671901340	51459	758.90	426.23	813.91	444.30	2.46	77.96	0.38	47.72	2799.49	-2654.05	2012.62
Fixation L	1	5	5671901340	5672086550	185210	824.12	439.94	18	25	-1	15.85	15.85
Fixation R	1	6	5671901340	5672086550	185210	824.12	439.94	18	25	-1	16.09	16.09
Saccade L	1	6	5672086550	5672117142	30592	819.56	449.77	874.37	446.56	1.14	51.66	0.33	37.40	2155.93	-2060.10	1559.11
Saccade R	1	7	5672086550	5672117142	30592	819.56	449.77	874.37	446.56	1.14	51.66	0.33	37.40	2155.93	-2060.10	1559.11
Fixation L	1	6	5672117142	5672264685	147543	874.66	449.37	25	15	-1	15.77	15.77
Fixation R	1	7	5672117142	5672264685	147543	874.66	449.37	25	15	-1	16.01	16.01
Saccade L	1	7	5672264685	5672296503	31818	875.47	439.02	922.10	449.06	1.04	44.36	0.50	32.61	1370.55	-1464.72	1042.00
Saccade R	1	8	5672264685	5672296503	31818	875.47	439.02	922.10	449.06	1.04	44.36	0.50	32.61	1370.55	-1464.72	1042.00
Fixation L	1	7	5672296503	5672460623	164120	926.13	440.17	10	19	-1	15.58	15.58
Fixation R	1	8	5672296503	5672460623	164120	926.13	440.17	10	19	-1	15.75	15.75
Saccade L	1	8	5672460623	5672499025	38402	922.66	428.89	846.90	452.47	1.74	74.91	0.42	45.23	2887.48	-2535.75	1994.74
Saccade R	1	9	5672460623	5672499025	38402	922.66	428.89	846.90	452.47	1.74	74.91	0.42	45.23	2887.48	-2535.75	1994.74
Fixation L	1	8	5672499025	5672746750	247725	846.21	429.89	19	41	-1	15.33	15.33
Fixation R	1	9	5672499025	5672746750	247725	846.21	429.89	19	41	-1	15.47	15.47
Saccade L	1	9	5672746750	5672778750	32000	841.95	427.34	890.94	429.32	1.13	50.40	0.45	35.25	2114.95	-1563.77	1312.82
Saccade R	1	10	5672746750	5672778750	32000	841.95	427.34	890.94	429.32	1.13	50.40	0.45	35.25	2114.95	-1563.77	1312.82
Fixation L	1	9	5672778750	5673016857	238107	903.50	424.63	32	13	-1	15.40	15.40
Fixation R	1	10	5672778750	5673016857	238107	903.50	424.63	32	13	-1	15.60	15.60
Saccade L	1	10	5673016857	5673057100	40243	889.37	429.95	955.49	432.96	1.46	53.94	0.30	36.33	2105.80	-1354.02	1230.27
Saccade R	1	11	5673016857	5673057100	40243	889.37	429.95	955.49	432.96	1.46	53.94	0.30	36.33	2105.80	-1354.02	1230.27
Saccade L	1	11	5673092869	5673130852	37983	960.09	413.24	1014.72	425.14	1.31	47.41	0.47	34.40	1678.82	-1356.73	1124.70
Saccade R	1	12	5673092869	5673130852	37983	960.09	413.24	1014.72	425.14	1.31	47.41	0.47	34.40	1678.82	-1356.73	1124.70
Fixation L	1	10	5673130852	5673565258	434406	1043.88	422.26	69	57	-1	15.98	15.98
Fixation R	1	11	5673130852	5673565258	434406	1043.88	422.26	69	57	-1	16.19	16.19
Saccade L	1	12	5673565258	5673595090	29832	1070.52	422.07	1019.43	410.15	1.13	56.68	0.53	38.04	1811.12	-1936.08	1386.64
Saccade R	1	13	5673565258	5673595090	29832	1070.52	422.07	1019.43	410.15	1.13	56.68	0.53	38.04	1811.12	-1936.08	1386.64
Fixation L	1	11	5673595090	5673853209	258119	1070.64	416.32	84	47	-1	16.13	16.13
Fixation R	1	12	5673595090	5673853209	258119	1070.64	416.32	84	47	-1	16.12	16.12
Saccade L	1	13	5673853209	5673879572	26363	1082.41	443.93	1142.78	437.08	1.44	88.73	0.46	54.53	3420.35	-3328.35	2383.65
Saccade R	1	14	5673853209	5673879572	26363	1082.41	443.93	1142.78	437.08	1.44	88.73	0.46	54.53	3420.35	-3328.35	2383.65
Fixation L	1	12	5673879572	5674263446	383874	1151.92	435.52	34	31	-1	16.20	16.20
Fixation R	1	13	5673879572	5674263446	383874	1151.92	435.52	34	31	-1	16.32	16.32
Saccade L	1	14	5674263446	5674342073	78627	1137.29	423.76	749.52	914.23	15.18	335.10	0.46	193.09	14097.77	-9583.41	7689.62
Saccade R	1	15	5674263446	5674342073	78627	1137.29	423.76	749.52	914.23	15.18	335.10	0.46	193.09	14097.77	-9583.41	7689.62
Fixation L	1	13	5674342073	5674417571	75498	749.16	919.62	8	8	-1	16.52	16.52
Fixation R	1	14	5674342073	5674417571	75498	749.16	919.62	8	8	-1	16.47	16.47
Saccade L	1	15	5674417571	5674449445	31874	752.80	917.46	643.98	955.89	2.65	151.78	0.44	83.09	6516.92	-5985.48	4538.84
Saccade R	1	16	5674417571	5674449445	31874	752.80	917.46	643.98	955.89	2.65	151.78	0.44	83.09	6516.92	-5985.48	4538.84
Fixation L	1	14	5674449445	5674797560	348115	642.35	937.61	22	29	-1	16.34	16.34
Fixation R	1	15	5674449445	5674797560	348115	642.35	937.61	22	29	-1	16.20	16.20
Saccade L	1	16	5674797560	5674840739	43179	636.08	953.72	739.64	951.41	2.44	122.27	0.28	56.49	5003.67	-3874.28	2713.08
Saccade R	1	17	5674797560	5674840739	43179	636.08	953.72	739.64	951.41	2.44	122.27	0.28	56.49	5003.67	-3874.28	2713.08
Fixation L	1	15	5674840739	5674999774	159035	755.16	942.03	27	27	-1	16.49	16.49
Fixation R	1	16	5674840739	5674999774	159035	755.16	942.03	27	27	-1	16.71	16.71
Saccade L	1	17	5674999774	5675045807	46033	752.59	940.98	880.59	937.74	3.10	146.29	0.30	67.32	6062.43	-5162.21	3482.78
Saccade R	1	18	5674999774	5675045807	46033	752.59	940.98	880.59	937.74	3.10	146.29	0.30	67.32	6062.43	-5162.21	3482.78
Fixation L	1	16	5675045807	5675541899	496092	904.51	942.92	61	47	-1	16.97	16.97
Fixation R	1	17	5675045807	5675541899	496092	904.51	942.92	61	47	-1	17.41	17.41
