[BeGaze]
Converted from:	C:\Program Files\SMI\Experiment Suite 360\Experiment Center 2\Results\RC-Attachment-Exp\P03-eye_data.idf
Date:	24.02.2012 09:58:18
Version:	BeGaze 3.0.181
Sample Rate:	500
Subject:	P03
Description:	Run8

Table Header for Fixations:
Event Type	Trial	Number	Start	End	Duration	Location X	Location Y	Dispersion X	Dispersion Y	Plane	Avg. Pupil Size X	Avg. Pupil Size Y

Table Header for Saccades:
Event Type	Trial	Number	Start	End	Duration	Start Loc.X	Start Loc.Y	End Loc.X	End Loc.Y	Amplitude	Peak Speed	Peak Speed At	Average Speed	Peak Accel.	Peak Decel.	Average Accel.

Table Header for Blinks:
Event Type	Trial	Number	Start	End	Duration

Table Header for User Events:
Event Type	Trial	Number	Start	Description

UserEvent	1	1	1072417765	# Message: RC-N2forced-anim-3.jpg
Fixation L	1	1	1072418396	1072968593	550197	505.42	453.64	22	18	-1	9.93	9.93
Fixation R	1	1	1072418396	1072968593	550197	505.42	453.64	22	18	-1	9.16	9.16
Saccade L	1	1	1072968593	1073002590	33997	498.21	462.72	599.68	448.39	2.21	131.85	0.41	65.08	5209.59	-4916.30	3578.87
Saccade R	1	1	1072968593	1073002590	33997	498.21	462.72	599.68	448.39	2.21	131.85	0.41	65.08	5209.59	-4916.30	3578.87
Fixation L	1	2	1073002590	1073172705	170115	605.39	452.31	10	15	-1	10.06	10.06
Fixation R	1	2	1073002590	1073172705	170115	605.39	452.31	10	15	-1	9.33	9.33
Saccade L	1	2	1073172705	1073198736	26031	603.82	446.42	664.49	449.09	1.29	79.88	0.47	49.66	3162.97	-3244.74	2309.36
Saccade R	1	2	1073172705	1073198736	26031	603.82	446.42	664.49	449.09	1.29	79.88	0.47	49.66	3162.97	-3244.74	2309.36
Fixation L	1	3	1073198736	1073368842	170106	669.43	456.24	17	15	-1	10.05	10.05
Fixation R	1	3	1073198736	1073368842	170106	669.43	456.24	17	15	-1	9.41	9.41
Saccade L	1	3	1073368842	1073402847	34005	682.61	463.91	737.84	450.22	1.26	56.66	0.53	36.94	1845.42	-2263.54	1478.31
Saccade R	1	3	1073368842	1073402847	34005	682.61	463.91	737.84	450.22	1.26	56.66	0.53	36.94	1845.42	-2263.54	1478.31
Fixation L	1	4	1073402847	1073482814	79967	737.05	455.34	5	16	-1	10.05	10.05
Fixation R	1	4	1073402847	1073482814	79967	737.05	455.34	5	16	-1	9.34	9.34
Saccade L	1	4	1073482814	1073510831	28017	733.50	465.89	650.28	454.34	1.82	124.41	0.57	64.96	5002.94	-4867.17	3586.95
Saccade R	1	4	1073482814	1073510831	28017	733.50	465.89	650.28	454.34	1.82	124.41	0.57	64.96	5002.94	-4867.17	3586.95
Fixation L	1	5	1073510831	1073616938	106107	656.58	456.03	21	5	-1	9.94	9.94
Fixation R	1	5	1073510831	1073616938	106107	656.58	456.03	21	5	-1	9.25	9.25
Saccade L	1	5	1073616938	1073654935	37997	644.04	457.15	574.49	455.37	1.51	59.95	0.51	39.86	2228.93	-2264.99	1643.21
Saccade R	1	5	1073616938	1073654935	37997	644.04	457.15	574.49	455.37	1.51	59.95	0.51	39.86	2228.93	-2264.99	1643.21
Fixation L	1	6	1073654935	1073923049	268114	574.95	458.56	15	10	-1	10.03	10.03
Fixation R	1	6	1073654935	1073923049	268114	574.95	458.56	15	10	-1	9.36	9.36
Saccade L	1	6	1073923049	1073957534	34485	572.37	462.27	670.08	455.40	2.18	113.89	0.46	63.29	4915.88	-4690.40	3522.53
Saccade R	1	6	1073923049	1073957534	34485	572.37	462.27	670.08	455.40	2.18	113.89	0.46	63.29	4915.88	-4690.40	3522.53
Fixation L	1	7	1073957534	1074181164	223630	668.02	450.04	8	28	-1	9.98	9.98
Fixation R	1	7	1073957534	1074181164	223630	668.02	450.04	8	28	-1	9.40	9.40
Blink L	1	1	1074181164	1074347165	166001
Blink R	1	1	1074181164	1074347165	166001
Fixation L	1	8	1074347165	1074595529	248364	761.01	464.07	12	16	-1	10.10	10.10
Fixation R	1	8	1074347165	1074595529	248364	761.01	464.07	12	16	-1	9.40	9.40
Saccade L	1	7	1074595529	1074623826	28297	760.24	459.71	826.59	458.60	1.39	81.66	0.42	49.03	3222.90	-3249.83	2322.55
Saccade R	1	7	1074595529	1074623826	28297	760.24	459.71	826.59	458.60	1.39	81.66	0.42	49.03	3222.90	-3249.83	2322.55
Fixation L	1	9	1074623826	1074834986	211160	825.69	457.19	13	8	-1	9.90	9.90
Fixation R	1	9	1074623826	1074834986	211160	825.69	457.19	13	8	-1	9.35	9.35
Saccade L	1	8	1074834986	1074868998	34012	827.33	452.59	739.81	451.14	1.85	89.02	0.48	54.43	3913.19	-3603.64	2775.87
Saccade R	1	8	1074834986	1074868998	34012	827.33	452.59	739.81	451.14	1.85	89.02	0.48	54.43	3913.19	-3603.64	2775.87
Fixation L	1	10	1074868998	1075177492	308494	748.97	451.83	18	18	-1	9.79	9.79
Fixation R	1	10	1074868998	1075177492	308494	748.97	451.83	18	18	-1	9.26	9.26
Saccade L	1	9	1075177492	1075215708	38216	751.47	449.96	819.34	446.67	1.47	59.44	0.53	38.48	1920.45	-2360.56	1540.03
Saccade R	1	9	1075177492	1075215708	38216	751.47	449.96	819.34	446.67	1.47	59.44	0.53	38.48	1920.45	-2360.56	1540.03
Fixation L	1	11	1075215708	1075485742	270034	814.95	450.06	25	10	-1	9.92	9.92
Fixation R	1	11	1075215708	1075485742	270034	814.95	450.06	25	10	-1	9.40	9.40
Saccade L	1	10	1075485742	1075519987	34245	812.42	448.52	745.12	453.21	1.52	71.74	0.35	44.25	2678.32	-2436.41	1844.41
Saccade R	1	10	1075485742	1075519987	34245	812.42	448.52	745.12	453.21	1.52	71.74	0.35	44.25	2678.32	-2436.41	1844.41
Fixation L	1	12	1075519987	1075709856	189869	748.59	452.73	16	15	-1	9.99	9.99
Fixation R	1	12	1075519987	1075709856	189869	748.59	452.73	16	15	-1	9.39	9.39
Saccade L	1	11	1075709856	1075746128	36272	755.59	448.90	647.49	451.51	2.61	123.53	0.50	72.08	5254.98	-5173.20	3830.40
Saccade R	1	11	1075709856	1075746128	36272	755.59	448.90	647.49	451.51	2.61	123.53	0.50	72.08	5254.98	-5173.20	3830.40
Fixation L	1	13	1075746128	1076071967	325839	649.39	456.74	18	12	-1	10.21	10.21
Fixation R	1	13	1075746128	1076071967	325839	649.39	456.74	18	12	-1	9.54	9.54
Saccade L	1	12	1076071967	1076101963	29996	659.22	457.21	716.24	455.44	1.19	58.70	0.47	39.83	2558.75	-2292.65	1737.83
Saccade R	1	12	1076071967	1076101963	29996	659.22	457.21	716.24	455.44	1.19	58.70	0.47	39.83	2558.75	-2292.65	1737.83
Fixation L	1	14	1076101963	1076309409	207446	714.51	447.96	17	18	-1	10.31	10.31
Fixation R	1	14	1076101963	1076309409	207446	714.51	447.96	17	18	-1	9.66	9.66
Saccade L	1	13	1076309409	1076336077	26668	714.70	439.07	661.58	446.43	1.06	56.89	0.40	39.57	2261.04	-2124.14	1605.10
Saccade R	1	13	1076309409	1076336077	26668	714.70	439.07	661.58	446.43	1.06	56.89	0.40	39.57	2261.04	-2124.14	1605.10
Fixation L	1	15	1076336077	1076622435	286358	663.96	446.64	11	18	-1	10.39	10.39
Fixation R	1	15	1076336077	1076622435	286358	663.96	446.64	11	18	-1	9.57	9.57
Saccade L	1	14	1076622435	1076658188	35753	664.16	456.28	760.71	451.37	2.06	99.81	0.45	57.66	4338.87	-3923.54	2983.81
Saccade R	1	14	1076622435	1076658188	35753	664.16	456.28	760.71	451.37	2.06	99.81	0.45	57.66	4338.87	-3923.54	2983.81
Fixation L	1	16	1076658188	1076952295	294107	757.90	449.59	11	15	-1	10.37	10.37
Fixation R	1	16	1076658188	1076952295	294107	757.90	449.59	11	15	-1	9.73	9.73
Saccade L	1	15	1076952295	1076984377	32082	760.22	444.22	838.18	445.93	1.65	87.87	0.38	51.42	3657.68	-3243.03	2468.59
Saccade R	1	15	1076952295	1076984377	32082	760.22	444.22	838.18	445.93	1.65	87.87	0.38	51.42	3657.68	-3243.03	2468.59
Fixation L	1	17	1076984377	1077194770	210393	841.79	443.88	9	10	-1	10.34	10.34
Fixation R	1	17	1076984377	1077194770	210393	841.79	443.88	9	10	-1	9.67	9.67
Saccade L	1	16	1077194770	1077226412	31642	845.05	444.20	923.25	442.97	1.66	94.15	0.37	52.53	3999.11	-3616.72	2699.98
Saccade R	1	16	1077194770	1077226412	31642	845.05	444.20	923.25	442.97	1.66	94.15	0.37	52.53	3999.11	-3616.72	2699.98
Fixation L	1	18	1077226412	1077492698	266286	921.90	445.39	10	13	-1	10.33	10.33
Fixation R	1	18	1077226412	1077492698	266286	921.90	445.39	10	13	-1	9.62	9.62
Saccade L	1	17	1077492698	1077518528	25830	921.89	455.03	981.82	451.24	1.20	69.27	0.54	46.50	2950.69	-2832.07	2076.49
Saccade R	1	17	1077492698	1077518528	25830	921.89	455.03	981.82	451.24	1.20	69.27	0.54	46.50	2950.69	-2832.07	2076.49
Fixation L	1	19	1077518528	1077784648	266120	974.50	448.75	15	15	-1	10.32	10.32
Fixation R	1	19	1077518528	1077784648	266120	974.50	448.75	15	15	-1	9.57	9.57
Saccade L	1	18	1077784648	1077820651	36003	969.90	454.93	1046.98	442.57	1.76	78.38	0.45	48.78	3416.29	-3046.90	2369.93
Saccade R	1	18	1077784648	1077820651	36003	969.90	454.93	1046.98	442.57	1.76	78.38	0.45	48.78	3416.29	-3046.90	2369.93
Fixation L	1	20	1077820651	1077976763	156112	1048.02	445.41	8	17	-1	10.20	10.20
Fixation R	1	20	1077820651	1077976763	156112	1048.02	445.41	8	17	-1	9.56	9.56
Saccade L	1	19	1077976763	1078006767	30004	1045.20	453.49	978.27	455.63	1.59	90.65	0.53	52.83	3731.65	-3731.42	2684.68
Saccade R	1	19	1077976763	1078006767	30004	1045.20	453.49	978.27	455.63	1.59	90.65	0.53	52.83	3731.65	-3731.42	2684.68
Fixation L	1	21	1078006767	1078486992	480225	996.85	450.10	46	18	-1	10.33	10.33
Fixation R	1	21	1078006767	1078486992	480225	996.85	450.10	46	18	-1	9.58	9.58
Saccade L	1	20	1078486992	1078517606	30614	1017.84	445.90	971.31	446.49	0.99	46.30	0.39	32.35	1862.17	-1676.07	1263.91
Saccade R	1	20	1078486992	1078517606	30614	1017.84	445.90	971.31	446.49	0.99	46.30	0.39	32.35	1862.17	-1676.07	1263.91
Fixation L	1	22	1078517606	1078612984	95378	977.33	444.66	13	11	-1	10.38	10.38
Fixation R	1	22	1078517606	1078612984	95378	977.33	444.66	13	11	-1	9.63	9.63
Saccade L	1	21	1078612984	1078653103	40119	977.03	453.13	1098.09	441.56	2.78	129.98	0.40	69.21	5549.72	-4898.69	3749.70
Saccade R	1	21	1078612984	1078653103	40119	977.03	453.13	1098.09	441.56	2.78	129.98	0.40	69.21	5549.72	-4898.69	3749.70
Fixation L	1	23	1078653103	1079474450	821347	1116.57	444.15	51	26	-1	10.46	10.46
Fixation R	1	23	1078653103	1079474450	821347	1116.57	444.15	51	26	-1	9.80	9.80
Saccade L	1	22	1079474450	1079533454	59004	1130.16	447.02	724.30	457.95	8.91	280.68	0.29	150.96	12408.13	-6647.29	6624.44
Saccade R	1	22	1079474450	1079533454	59004	1130.16	447.02	724.30	457.95	8.91	280.68	0.29	150.96	12408.13	-6647.29	6624.44
Fixation L	1	24	1079533454	1079643445	109991	722.35	456.70	24	9	-1	10.91	10.91
Fixation R	1	24	1079533454	1079643445	109991	722.35	456.70	24	9	-1	10.01	10.01
Saccade L	1	23	1079643445	1079677445	34000	720.23	451.45	612.09	452.23	2.40	118.44	0.47	70.62	5056.15	-5013.94	3747.61
Saccade R	1	23	1079643445	1079677445	34000	720.23	451.45	612.09	452.23	2.40	118.44	0.47	70.62	5056.15	-5013.94	3747.61
Fixation L	1	25	1079677445	1079841564	164119	613.45	453.07	17	5	-1	10.86	10.86
Fixation R	1	25	1079677445	1079841564	164119	613.45	453.07	17	5	-1	9.94	9.94
Saccade L	1	24	1079841564	1079867560	25996	605.13	454.51	550.47	462.09	1.15	65.02	0.54	44.18	2671.79	-2632.74	1909.28
Saccade R	1	24	1079841564	1079867560	25996	605.13	454.51	550.47	462.09	1.15	65.02	0.54	44.18	2671.79	-2632.74	1909.28
Fixation L	1	26	1079867560	1080079825	212265	558.30	461.17	20	11	-1	10.88	10.88
Fixation R	1	26	1079867560	1080079825	212265	558.30	461.17	20	11	-1	10.00	10.00
Saccade L	1	25	1080079825	1080109682	29857	559.52	458.79	645.38	457.21	1.79	117.20	0.40	59.84	4565.68	-4349.32	3200.32
Saccade R	1	25	1080079825	1080109682	29857	559.52	458.79	645.38	457.21	1.79	117.20	0.40	59.84	4565.68	-4349.32	3200.32
Fixation L	1	27	1080109682	1080359928	250246	660.45	459.16	28	7	-1	10.62	10.62
Fixation R	1	27	1080109682	1080359928	250246	660.45	459.16	28	7	-1	9.79	9.79
Saccade L	1	26	1080359928	1080395782	35854	665.82	456.33	759.03	452.75	2.02	95.81	0.39	56.40	4279.32	-3681.52	2861.16
Saccade R	1	26	1080359928	1080395782	35854	665.82	456.33	759.03	452.75	2.02	95.81	0.39	56.40	4279.32	-3681.52	2861.16
Fixation L	1	28	1080395782	1080701904	306122	755.81	449.54	14	15	-1	10.32	10.32
Fixation R	1	28	1080395782	1080701904	306122	755.81	449.54	14	15	-1	9.70	9.70
Saccade L	1	27	1080701904	1080729906	28002	764.97	444.94	833.51	440.96	1.67	109.97	0.57	59.78	4308.61	-4140.13	3097.57
Saccade R	1	27	1080701904	1080729906	28002	764.97	444.94	833.51	440.96	1.67	109.97	0.57	59.78	4308.61	-4140.13	3097.57
Fixation L	1	29	1080729906	1081030136	300230	834.00	446.59	29	12	-1	10.41	10.41
Fixation R	1	29	1080729906	1081030136	300230	834.00	446.59	29	12	-1	9.67	9.67
Saccade L	1	28	1081030136	1081064215	34079	837.98	454.51	929.92	447.70	2.05	101.03	0.53	60.11	4069.55	-4189.93	3038.58
Saccade R	1	28	1081030136	1081064215	34079	837.98	454.51	929.92	447.70	2.05	101.03	0.53	60.11	4069.55	-4189.93	3038.58
Fixation L	1	30	1081064215	1081400244	336029	930.81	452.20	11	15	-1	10.42	10.42
Fixation R	1	30	1081064215	1081400244	336029	930.81	452.20	11	15	-1	9.63	9.63
Saccade L	1	29	1081400244	1081432255	32011	932.35	453.88	986.50	446.18	1.31	63.38	0.44	41.03	2463.04	-2410.39	1773.09
Saccade R	1	29	1081400244	1081432255	32011	932.35	453.88	986.50	446.18	1.31	63.38	0.44	41.03	2463.04	-2410.39	1773.09
Fixation L	1	31	1081432255	1081630375	198120	991.72	449.98	9	8	-1	10.46	10.46
Fixation R	1	31	1081432255	1081630375	198120	991.72	449.98	9	8	-1	9.66	9.66
Saccade L	1	30	1081630375	1081672361	41986	993.95	454.78	1089.78	451.26	2.32	85.72	0.38	55.31	3680.86	-3325.45	2591.49
Saccade R	1	30	1081630375	1081672361	41986	993.95	454.78	1089.78	451.26	2.32	85.72	0.38	55.31	3680.86	-3325.45	2591.49
Fixation L	1	32	1081672361	1081910483	238122	1085.59	449.80	17	11	-1	10.43	10.43
Fixation R	1	32	1081672361	1081910483	238122	1085.59	449.80	17	11	-1	9.73	9.73
Saccade L	1	31	1081910483	1081946522	36039	1084.08	449.04	985.20	453.32	2.15	109.70	0.40	59.65	4792.11	-4176.31	3141.71
Saccade R	1	31	1081910483	1081946522	36039	1084.08	449.04	985.20	453.32	2.15	109.70	0.40	59.65	4792.11	-4176.31	3141.71
Fixation L	1	33	1081946522	1082174592	228070	987.17	452.85	19	13	-1	10.51	10.51
Fixation R	1	33	1081946522	1082174592	228070	987.17	452.85	19	13	-1	9.70	9.70
Saccade L	1	32	1082174592	1082206598	32006	995.33	450.45	1098.64	443.76	2.25	129.35	0.44	70.40	5181.17	-5167.08	3762.02
Saccade R	1	32	1082174592	1082206598	32006	995.33	450.45	1098.64	443.76	2.25	129.35	0.44	70.40	5181.17	-5167.08	3762.02
Fixation L	1	34	1082206598	1082406712	200114	1104.52	445.20	12	13	-1	10.51	10.51
Fixation R	1	34	1082206598	1082406712	200114	1104.52	445.20	12	13	-1	9.82	9.82
Saccade L	1	33	1082406712	1082470716	64004	1102.91	446.83	923.67	867.87	11.05	355.34	0.42	172.65	14880.11	-11301.22	8872.26
Saccade R	1	33	1082406712	1082470716	64004	1102.91	446.83	923.67	867.87	11.05	355.34	0.42	172.65	14880.11	-11301.22	8872.26
Fixation L	1	35	1082470716	1082658697	187981	914.89	882.61	15	26	-1	10.95	10.95
Fixation R	1	35	1082470716	1082658697	187981	914.89	882.61	15	26	-1	10.74	10.74
Saccade L	1	34	1082658697	1082688823	30126	917.52	884.41	875.63	937.86	1.53	86.09	0.40	50.76	3251.79	-3273.98	2380.86
Saccade R	1	34	1082658697	1082688823	30126	917.52	884.41	875.63	937.86	1.53	86.09	0.40	50.76	3251.79	-3273.98	2380.86
Fixation L	1	36	1082688823	1083052933	364110	878.96	939.83	23	37	-1	11.19	11.19
Fixation R	1	36	1082688823	1083052933	364110	878.96	939.83	23	37	-1	10.68	10.68
Saccade L	1	35	1083052933	1083092929	39996	876.38	921.41	774.63	976.27	2.52	115.20	0.30	63.00	4670.84	-4001.59	2997.40
Saccade R	1	35	1083052933	1083092929	39996	876.38	921.41	774.63	976.27	2.52	115.20	0.30	63.00	4670.84	-4001.59	2997.40
Fixation L	1	37	1083092929	1083389050	296121	778.84	968.75	10	26	-1	11.67	11.67
Fixation R	1	37	1083092929	1083389050	296121	778.84	968.75	10	26	-1	10.65	10.65
Saccade L	1	36	1083389050	1083425089	36039	776.73	960.23	876.90	927.05	2.41	109.04	0.55	66.79	4582.08	-4034.43	3276.62
Saccade R	1	36	1083389050	1083425089	36039	776.73	960.23	876.90	927.05	2.41	109.04	0.55	66.79	4582.08	-4034.43	3276.62
Fixation L	1	38	1083425089	1084683616	1258527	882.03	957.77	94	63	-1	11.75	11.75
Fixation R	1	38	1083425089	1084683616	1258527	882.03	957.77	94	63	-1	10.98	10.98
