[BeGaze]
Converted from:	C:\Program Files\SMI\Experiment Suite 360\Experiment Center 2\Results\RC-Attachment-Exp\P35-eye_data.idf
Date:	18.03.2012 20:32:34
Version:	BeGaze 3.0.181
Sample Rate:	500
Subject:	P35
Description:	Run40

Table Header for Fixations:
Event Type	Trial	Number	Start	End	Duration	Location X	Location Y	Dispersion X	Dispersion Y	Plane	Avg. Pupil Size X	Avg. Pupil Size Y

Table Header for Saccades:
Event Type	Trial	Number	Start	End	Duration	Start Loc.X	Start Loc.Y	End Loc.X	End Loc.Y	Amplitude	Peak Speed	Peak Speed At	Average Speed	Peak Accel.	Peak Decel.	Average Accel.

Table Header for Blinks:
Event Type	Trial	Number	Start	End	Duration

Table Header for User Events:
Event Type	Trial	Number	Start	Description

UserEvent	1	1	2283988057	# Message: RC-nonforced-nonanim-5.jpg
Fixation L	1	1	2283988861	2284633008	644147	547.27	475.66	27	38	-1	11.31	11.31
Fixation R	1	1	2283988861	2284633008	644147	547.27	475.66	27	38	-1	11.59	11.59
Saccade L	1	1	2284633008	2284675238	42230	542.67	477.30	651.27	468.14	2.38	118.71	0.34	56.36	4607.82	-3758.78	2769.76
Saccade R	1	1	2284633008	2284675238	42230	542.67	477.30	651.27	468.14	2.38	118.71	0.34	56.36	4607.82	-3758.78	2769.76
Fixation L	1	2	2284675238	2284831138	155900	639.60	469.41	30	11	-1	11.26	11.26
Fixation R	1	2	2284675238	2284831138	155900	639.60	469.41	30	11	-1	11.74	11.74
Saccade L	1	2	2284831138	2284875139	44001	629.06	473.60	736.45	452.93	2.47	111.62	0.27	56.10	4806.40	-3311.79	2594.53
Saccade R	1	2	2284831138	2284875139	44001	629.06	473.60	736.45	452.93	2.47	111.62	0.27	56.10	4806.40	-3311.79	2594.53
Fixation L	1	3	2284875139	2285053972	178833	748.08	463.75	23	24	-1	11.30	11.30
Fixation R	1	3	2284875139	2285053972	178833	748.08	463.75	23	24	-1	11.78	11.78
Saccade L	1	3	2285053972	2285095489	41517	752.62	461.52	827.31	450.48	2.35	109.69	0.38	56.64	4035.84	-3918.37	2751.40
Saccade R	1	3	2285053972	2285095489	41517	752.62	461.52	827.31	450.48	2.35	109.69	0.38	56.64	4035.84	-3918.37	2751.40
Fixation L	1	4	2285095489	2285257373	161884	821.22	452.74	20	16	-1	11.24	11.24
Fixation R	1	4	2285095489	2285257373	161884	821.22	452.74	20	16	-1	11.61	11.61
Saccade L	1	4	2285257373	2285285395	28022	820.12	462.99	758.03	454.78	1.42	87.88	0.50	50.58	3165.01	-3269.73	2326.80
Saccade R	1	4	2285257373	2285285395	28022	820.12	462.99	758.03	454.78	1.42	87.88	0.50	50.58	3165.01	-3269.73	2326.80
Fixation L	1	5	2285285395	2285441441	156046	754.99	457.18	14	8	-1	11.10	11.10
Fixation R	1	5	2285285395	2285441441	156046	754.99	457.18	14	8	-1	11.44	11.44
Saccade L	1	5	2285441441	2285479500	38059	759.48	461.87	864.53	453.75	2.34	117.61	0.47	61.51	4293.48	-4385.87	3158.17
Saccade R	1	5	2285441441	2285479500	38059	759.48	461.87	864.53	453.75	2.34	117.61	0.47	61.51	4293.48	-4385.87	3158.17
Fixation L	1	6	2285479500	2285699675	220175	868.27	455.65	15	18	-1	11.02	11.02
Fixation R	1	6	2285479500	2285699675	220175	868.27	455.65	15	18	-1	11.53	11.53
Saccade L	1	6	2285699675	2285731613	31938	869.03	462.40	942.81	460.11	1.73	97.26	0.44	54.17	3965.90	-3722.68	2800.95
Saccade R	1	6	2285699675	2285731613	31938	869.03	462.40	942.81	460.11	1.73	97.26	0.44	54.17	3965.90	-3722.68	2800.95
Fixation L	1	7	2285731613	2285869608	137995	954.60	453.44	20	16	-1	11.22	11.22
Fixation R	1	7	2285731613	2285869608	137995	954.60	453.44	20	16	-1	11.59	11.59
Saccade L	1	7	2285869608	2285901601	31993	961.79	455.89	880.61	453.10	1.76	93.73	0.44	55.05	3661.14	-3436.37	2638.80
Saccade R	1	7	2285869608	2285901601	31993	961.79	455.89	880.61	453.10	1.76	93.73	0.44	55.05	3661.14	-3436.37	2638.80
Fixation L	1	8	2285901601	2286033728	132127	873.69	455.49	14	14	-1	11.14	11.14
Fixation R	1	8	2285901601	2286033728	132127	873.69	455.49	14	14	-1	11.43	11.43
Saccade L	1	8	2286033728	2286061740	28012	876.20	461.84	967.32	447.63	2.15	150.47	0.50	76.67	6282.47	-5768.51	4309.30
Saccade R	1	8	2286033728	2286061740	28012	876.20	461.84	967.32	447.63	2.15	150.47	0.50	76.67	6282.47	-5768.51	4309.30
Fixation L	1	9	2286061740	2286235850	174110	982.12	448.50	24	11	-1	11.21	11.21
Fixation R	1	9	2286061740	2286235850	174110	982.12	448.50	24	11	-1	11.49	11.49
Saccade L	1	9	2286235850	2286261849	25999	988.23	449.17	1055.55	441.08	1.50	102.31	0.57	57.77	4014.73	-3917.18	2848.33
Saccade R	1	9	2286235850	2286261849	25999	988.23	449.17	1055.55	441.08	1.50	102.31	0.57	57.77	4014.73	-3917.18	2848.33
Fixation L	1	10	2286261849	2286529985	268136	1064.92	452.36	19	20	-1	11.43	11.43
Fixation R	1	10	2286261849	2286529985	268136	1064.92	452.36	19	20	-1	11.78	11.78
Saccade L	1	10	2286529985	2286553973	23988	1067.31	447.90	1133.86	444.69	1.42	106.87	0.50	59.04	4280.44	-3975.99	2911.45
Saccade R	1	10	2286529985	2286553973	23988	1067.31	447.90	1133.86	444.69	1.42	106.87	0.50	59.04	4280.44	-3975.99	2911.45
Fixation L	1	11	2286553973	2287418328	864355	1141.20	435.90	40	37	-1	11.39	11.39
Fixation R	1	11	2286553973	2287418328	864355	1141.20	435.90	40	37	-1	11.74	11.74
Saccade L	1	11	2287418328	2287492331	74003	1128.64	430.24	879.91	912.64	12.76	328.97	0.33	172.46	13295.94	-8268.07	7114.73
Saccade R	1	11	2287418328	2287492331	74003	1128.64	430.24	879.91	912.64	12.76	328.97	0.33	172.46	13295.94	-8268.07	7114.73
Fixation L	1	12	2287492331	2287652666	160335	881.08	930.27	12	32	-1	11.63	11.63
Fixation R	1	12	2287492331	2287652666	160335	881.08	930.27	12	32	-1	12.32	12.32
Saccade L	1	12	2287652666	2287682472	29806	881.79	933.27	897.03	985.64	1.20	64.56	0.46	40.20	2450.82	-2390.86	1756.80
Saccade R	1	12	2287652666	2287682472	29806	881.79	933.27	897.03	985.64	1.20	64.56	0.46	40.20	2450.82	-2390.86	1756.80
Fixation L	1	13	2287682472	2287926354	243882	892.33	983.95	23	33	-1	11.65	11.65
Fixation R	1	13	2287682472	2287926354	243882	892.33	983.95	23	33	-1	12.11	12.11
Saccade L	1	13	2287926354	2287960581	34227	892.84	992.96	831.88	1037.80	1.87	108.20	0.24	54.66	4315.22	-3481.65	2392.10
Saccade R	1	13	2287926354	2287960581	34227	892.84	992.96	831.88	1037.80	1.87	108.20	0.24	54.66	4315.22	-3481.65	2392.10
Fixation L	1	14	2287960581	2288042571	81990	833.84	1039.15	22	8	-1	11.56	11.56
Fixation R	1	14	2287960581	2288042571	81990	833.84	1039.15	22	8	-1	12.23	12.23
Saccade L	1	14	2288042571	2288072569	29998	824.89	1043.84	870.02	963.63	1.99	127.75	0.53	66.22	5114.04	-4813.45	3602.33
Saccade R	1	14	2288042571	2288072569	29998	824.89	1043.84	870.02	963.63	1.99	127.75	0.53	66.22	5114.04	-4813.45	3602.33
Fixation L	1	15	2288072569	2288610849	538280	868.41	985.78	26	52	-1	11.62	11.62
Fixation R	1	15	2288072569	2288610849	538280	868.41	985.78	26	52	-1	12.14	12.14
