[BeGaze]
Converted from:	C:\Program Files\SMI\Experiment Suite 360\Experiment Center 2\Results\RC-Attachment-Exp\P10-eye_data.idf
Date:	18.03.2012 20:08:10
Version:	BeGaze 3.0.181
Sample Rate:	500
Subject:	P10
Description:	Run15

Table Header for Fixations:
Event Type	Trial	Number	Start	End	Duration	Location X	Location Y	Dispersion X	Dispersion Y	Plane	Avg. Pupil Size X	Avg. Pupil Size Y

Table Header for Saccades:
Event Type	Trial	Number	Start	End	Duration	Start Loc.X	Start Loc.Y	End Loc.X	End Loc.Y	Amplitude	Peak Speed	Peak Speed At	Average Speed	Peak Accel.	Peak Decel.	Average Accel.

Table Header for Blinks:
Event Type	Trial	Number	Start	End	Duration

Table Header for User Events:
Event Type	Trial	Number	Start	Description

UserEvent	1	1	8250781103	# Message: RC-N2forced-nonanim-1.jpg
Fixation L	1	1	8250781372	8251091285	309913	500.87	435.09	16	48	-1	12.11	12.11
Fixation R	1	1	8250781372	8251091285	309913	500.87	435.09	16	48	-1	12.12	12.12
Saccade L	1	1	8251091285	8251117285	26000	508.16	445.29	600.90	453.10	1.97	146.08	0.54	75.82	5485.80	-5774.72	4069.51
Saccade R	1	1	8251091285	8251117285	26000	508.16	445.29	600.90	453.10	1.97	146.08	0.54	75.82	5485.80	-5774.72	4069.51
Fixation L	1	2	8251117285	8251279372	162087	605.36	453.30	37	30	-1	12.04	12.04
Fixation R	1	2	8251117285	8251279372	162087	605.36	453.30	37	30	-1	11.98	11.98
Saccade L	1	2	8251279372	8251305389	26017	617.84	437.10	708.53	455.46	1.91	131.58	0.46	73.46	5244.53	-5011.14	3683.38
Saccade R	1	2	8251279372	8251305389	26017	617.84	437.10	708.53	455.46	1.91	131.58	0.46	73.46	5244.53	-5011.14	3683.38
Fixation L	1	3	8251305389	8251442033	136644	710.36	453.37	15	28	-1	11.93	11.93
Fixation R	1	3	8251305389	8251442033	136644	710.36	453.37	15	28	-1	11.95	11.95
Saccade L	1	3	8251442033	8251473487	31454	709.18	438.01	801.97	438.40	2.84	192.05	0.62	90.14	6812.42	-7059.37	4918.87
Saccade R	1	3	8251442033	8251473487	31454	709.18	438.01	801.97	438.40	2.84	192.05	0.62	90.14	6812.42	-7059.37	4918.87
Fixation L	1	4	8251473487	8251727606	254119	805.82	448.24	17	35	-1	11.65	11.65
Fixation R	1	4	8251473487	8251727606	254119	805.82	448.24	17	35	-1	11.76	11.76
Saccade L	1	4	8251727606	8251757644	30038	804.18	445.27	906.67	455.12	2.20	146.88	0.47	73.30	5950.40	-5865.80	4279.35
Saccade R	1	4	8251727606	8251757644	30038	804.18	445.27	906.67	455.12	2.20	146.88	0.47	73.30	5950.40	-5865.80	4279.35
Fixation L	1	5	8251757644	8251967763	210119	914.89	461.15	18	23	-1	11.44	11.44
Fixation R	1	5	8251757644	8251967763	210119	914.89	461.15	18	23	-1	11.40	11.40
Saccade L	1	5	8251967763	8252003911	36148	918.51	462.50	990.47	460.34	1.53	67.84	0.44	42.37	2772.86	-2239.68	1811.83
Saccade R	1	5	8251967763	8252003911	36148	918.51	462.50	990.47	460.34	1.53	67.84	0.44	42.37	2772.86	-2239.68	1811.83
Fixation L	1	6	8252003911	8252135726	131815	987.38	451.53	67	51	-1	11.25	11.25
Fixation R	1	6	8252003911	8252135726	131815	987.38	451.53	67	51	-1	11.15	11.15
Saccade L	1	6	8252193741	8252221843	28102	992.38	449.34	1053.61	441.23	1.29	75.73	0.50	46.01	3082.26	-2988.49	2195.77
Saccade R	1	6	8252193741	8252221843	28102	992.38	449.34	1053.61	441.23	1.29	75.73	0.50	46.01	3082.26	-2988.49	2195.77
Fixation L	1	7	8252221843	8252409848	188005	1047.87	440.12	13	21	-1	10.94	10.94
Fixation R	1	7	8252221843	8252409848	188005	1047.87	440.12	13	21	-1	11.08	11.08
Saccade L	1	7	8252409848	8252445836	35988	1046.25	438.39	1177.88	453.15	2.96	155.10	0.44	82.27	6787.81	-6038.57	4715.08
Saccade R	1	7	8252409848	8252445836	35988	1046.25	438.39	1177.88	453.15	2.96	155.10	0.44	82.27	6787.81	-6038.57	4715.08
Fixation L	1	8	8252445836	8252689970	244134	1171.05	450.23	24	40	-1	10.93	10.93
Fixation R	1	8	8252445836	8252689970	244134	1171.05	450.23	24	40	-1	10.97	10.97
Saccade L	1	8	8252689970	8252718082	28112	1171.88	463.79	1163.58	455.57	1.18	64.12	0.43	41.83	2362.29	-2206.34	1604.12
Saccade R	1	8	8252689970	8252718082	28112	1171.88	463.79	1163.58	455.57	1.18	64.12	0.43	41.83	2362.29	-2206.34	1604.12
Fixation L	1	9	8252718082	8252798079	79997	1168.26	453.56	13	7	-1	10.80	10.80
Fixation R	1	9	8252718082	8252798079	79997	1168.26	453.56	13	7	-1	10.90	10.90
Saccade L	1	9	8252798079	8252830086	32007	1176.98	459.38	1175.05	453.07	0.80	55.51	0.56	25.09	1312.37	-1624.22	941.49
Saccade R	1	9	8252798079	8252830086	32007	1176.98	459.38	1175.05	453.07	0.80	55.51	0.56	25.09	1312.37	-1624.22	941.49
Saccade L	1	10	8252860084	8252898111	38027	1166.70	454.91	973.90	444.61	4.22	230.61	0.42	111.01	9787.27	-9309.58	6727.48
Saccade R	1	10	8252860084	8252898111	38027	1166.70	454.91	973.90	444.61	4.22	230.61	0.42	111.01	9787.27	-9309.58	6727.48
Fixation L	1	10	8252898111	8253036202	138091	963.84	450.07	16	66	-1	10.95	10.95
Fixation R	1	10	8252898111	8253036202	138091	963.84	450.07	16	66	-1	10.91	10.91
Saccade L	1	11	8253066214	8253146207	79993	961.35	430.83	924.54	948.42	14.56	552.61	0.36	182.01	20732.69	-22479.54	11087.14
Saccade R	1	11	8253066214	8253146207	79993	961.35	430.83	924.54	948.42	14.56	552.61	0.36	182.01	20732.69	-22479.54	11087.14
Blink L	1	1	8253171332	8253222501	51169
Blink R	1	1	8253171332	8253222501	51169
Saccade L	1	12	8253242868	8253280365	37497	816.09	893.46	912.73	947.84	2.44	130.09	0.39	65.09	4465.78	-9642.91	3418.00
Saccade R	1	12	8253242868	8253280365	37497	816.09	893.46	912.73	947.84	2.44	130.09	0.39	65.09	4465.78	-9642.91	3418.00
Saccade L	1	13	8253302362	8253330440	28078	919.26	933.36	821.81	850.09	2.44	170.08	0.64	86.74	5677.15	-343.13	2966.26
Saccade R	1	13	8253302362	8253330440	28078	919.26	933.36	821.81	850.09	2.44	170.08	0.64	86.74	5677.15	-343.13	2966.26
Saccade L	1	14	8253330440	8253352332	21892	821.81	850.09	925.84	966.84	2.97	290.57	0.45	135.88	4880.00	-9989.61	4982.28
Saccade R	1	14	8253330440	8253352332	21892	821.81	850.09	925.84	966.84	2.97	290.57	0.45	135.88	4880.00	-9989.61	4982.28
Fixation L	1	11	8253402321	8253634437	232116	903.72	938.09	40	96	-1	11.22	11.22
Fixation R	1	11	8253402321	8253634437	232116	903.72	938.09	40	96	-1	11.34	11.34
