[BeGaze]
Converted from:	C:\Program Files\SMI\Experiment Suite 360\Experiment Center 2\Results\RC-Attachment-Exp\P14-eye_data.idf
Date:	18.03.2012 20:10:36
Version:	BeGaze 3.0.181
Sample Rate:	500
Subject:	P14
Description:	Run19

Table Header for Fixations:
Event Type	Trial	Number	Start	End	Duration	Location X	Location Y	Dispersion X	Dispersion Y	Plane	Avg. Pupil Size X	Avg. Pupil Size Y

Table Header for Saccades:
Event Type	Trial	Number	Start	End	Duration	Start Loc.X	Start Loc.Y	End Loc.X	End Loc.Y	Amplitude	Peak Speed	Peak Speed At	Average Speed	Peak Accel.	Peak Decel.	Average Accel.

Table Header for Blinks:
Event Type	Trial	Number	Start	End	Duration

Table Header for User Events:
Event Type	Trial	Number	Start	Description

UserEvent	1	1	1019095986	# Message: Validation.jpg
Fixation L	1	1	1019099741	1019688088	588347	153.05	788.90	49	39	-1	12.92	12.92
Fixation R	1	1	1019099741	1019688088	588347	153.05	788.90	49	39	-1	12.79	12.79
Saccade L	1	1	1019688088	1019780109	92021	177.80	795.04	313.36	395.86	12.46	388.86	0.40	135.42	10763.08	-13672.37	5830.42
Saccade R	1	1	1019688088	1019780109	92021	177.80	795.04	313.36	395.86	12.46	388.86	0.40	135.42	10763.08	-13672.37	5830.42
Fixation L	1	2	1019780109	1019884080	103971	319.55	389.09	17	49	-1	12.99	12.99
Fixation R	1	2	1019780109	1019884080	103971	319.55	389.09	17	49	-1	12.54	12.54
Saccade L	1	2	1019884080	1019910085	26005	321.57	346.33	318.50	386.37	0.76	45.03	0.46	29.39	771.52	-423.43	422.55
Saccade R	1	2	1019884080	1019910085	26005	321.57	346.33	318.50	386.37	0.76	45.03	0.46	29.39	771.52	-423.43	422.55
Saccade L	1	3	1019910085	1019964101	54016	318.50	386.37	393.67	356.12	3.22	159.42	0.56	59.55	4763.62	-5214.81	2692.45
Saccade R	1	3	1019910085	1019964101	54016	318.50	386.37	393.67	356.12	3.22	159.42	0.56	59.55	4763.62	-5214.81	2692.45
Fixation L	1	3	1019964101	1020032203	68102	398.51	339.40	9	29	-1	13.32	13.32
Fixation R	1	3	1019964101	1020032203	68102	398.51	339.40	9	29	-1	12.57	12.57
Saccade L	1	4	1020032203	1020114206	82003	395.21	325.74	437.51	220.07	2.73	100.87	0.61	33.29	3631.02	-3357.43	1538.43
Saccade R	1	4	1020032203	1020114206	82003	395.21	325.74	437.51	220.07	2.73	100.87	0.61	33.29	3631.02	-3357.43	1538.43
Fixation L	1	4	1020114206	1021082671	968465	431.27	249.22	41	85	-1	13.42	13.42
Fixation R	1	4	1020114206	1021082671	968465	431.27	249.22	41	85	-1	13.07	13.07
Saccade L	1	5	1021082671	1021202144	119473	415.58	248.71	1351.11	741.02	24.68	430.32	0.30	206.55	18753.49	-7679.28	6311.71
Saccade R	1	5	1021082671	1021202144	119473	415.58	248.71	1351.11	741.02	24.68	430.32	0.30	206.55	18753.49	-7679.28	6311.71
Fixation L	1	5	1021202144	1021446788	244644	1355.65	758.58	36	39	-1	13.60	13.60
Fixation R	1	5	1021202144	1021446788	244644	1355.65	758.58	36	39	-1	13.37	13.37
Saccade L	1	6	1021446788	1021476786	29998	1377.39	760.82	1356.06	773.12	0.73	45.11	0.67	24.18	899.20	-1151.22	623.74
Saccade R	1	6	1021446788	1021476786	29998	1377.39	760.82	1356.06	773.12	0.73	45.11	0.67	24.18	899.20	-1151.22	623.74
Saccade L	1	7	1021482794	1021530837	48043	1354.85	776.32	1362.01	834.33	1.75	94.98	0.62	36.49	3101.46	-3633.07	1910.11
Saccade R	1	7	1021482794	1021530837	48043	1354.85	776.32	1362.01	834.33	1.75	94.98	0.62	36.49	3101.46	-3633.07	1910.11
Fixation L	1	6	1021530837	1021584904	54067	1368.11	838.72	15	21	-1	14.05	14.05
Fixation R	1	6	1021530837	1021584904	54067	1368.11	838.72	15	21	-1	13.73	13.73
Saccade L	1	8	1021584904	1021650901	65997	1375.94	849.86	1301.68	782.55	2.40	112.88	0.36	36.33	4265.97	-4048.52	1903.67
Saccade R	1	8	1021584904	1021650901	65997	1375.94	849.86	1301.68	782.55	2.40	112.88	0.36	36.33	4265.97	-4048.52	1903.67
Fixation L	1	7	1021650901	1022549251	898350	1295.90	808.86	57	51	-1	13.71	13.71
Fixation R	1	7	1021650901	1022549251	898350	1295.90	808.86	57	51	-1	13.31	13.31
Saccade L	1	9	1022549251	1022607261	58010	1296.78	796.80	1286.27	468.92	7.38	275.20	0.24	127.14	11240.28	-8109.99	5397.64
Saccade R	1	9	1022549251	1022607261	58010	1296.78	796.80	1286.27	468.92	7.38	275.20	0.24	127.14	11240.28	-8109.99	5397.64
Fixation L	1	8	1022607261	1022767396	160135	1275.82	456.63	27	33	-1	13.19	13.19
Fixation R	1	8	1022607261	1022767396	160135	1275.82	456.63	27	33	-1	12.92	12.92
Saccade L	1	10	1022767396	1022819370	51974	1283.35	453.47	1260.67	296.95	3.58	205.19	0.31	68.90	8766.17	-7981.09	4325.48
Saccade R	1	10	1022767396	1022819370	51974	1283.35	453.47	1260.67	296.95	3.58	205.19	0.31	68.90	8766.17	-7981.09	4325.48
Fixation L	1	9	1022819370	1023891832	1072462	1242.30	247.95	50	79	-1	13.09	13.09
Fixation R	1	9	1022819370	1023891832	1072462	1242.30	247.95	50	79	-1	12.98	12.98
Saccade L	1	11	1023891832	1023969838	78006	1233.29	241.22	942.28	442.56	8.36	359.29	0.28	107.17	14974.24	-10547.39	5714.87
Saccade R	1	11	1023891832	1023969838	78006	1233.29	241.22	942.28	442.56	8.36	359.29	0.28	107.17	14974.24	-10547.39	5714.87
Fixation L	1	10	1023969838	1024050101	80263	938.07	447.07	44	20	-1	13.72	13.72
Fixation R	1	10	1023969838	1024050101	80263	938.07	447.07	44	20	-1	13.27	13.27
Saccade L	1	12	1024050101	1024121944	71843	916.35	440.11	704.62	651.06	7.04	356.01	0.28	98.04	15224.94	-13818.66	6185.20
Saccade R	1	12	1024050101	1024121944	71843	916.35	440.11	704.62	651.06	7.04	356.01	0.28	98.04	15224.94	-13818.66	6185.20
Saccade L	1	13	1024127381	1024161950	34569	705.60	652.33	663.95	653.80	0.84	40.29	0.31	24.23	1121.53	-1350.81	939.66
Saccade R	1	13	1024127381	1024161950	34569	705.60	652.33	663.95	653.80	0.84	40.29	0.31	24.23	1121.53	-1350.81	939.66
Saccade L	1	14	1024188096	1024249946	61850	662.38	655.36	482.46	771.32	5.75	343.04	0.64	92.99	13225.12	-13312.75	6010.00
Saccade R	1	14	1024188096	1024249946	61850	662.38	655.36	482.46	771.32	5.75	343.04	0.64	92.99	13225.12	-13312.75	6010.00
Fixation L	1	11	1024249946	1024336067	86121	446.86	788.17	58	32	-1	14.28	14.28
Fixation R	1	11	1024249946	1024336067	86121	446.86	788.17	58	32	-1	13.86	13.86
Saccade L	1	15	1024336067	1024418066	81999	424.81	787.27	404.78	837.27	2.59	111.50	0.60	31.61	3656.09	-3829.13	1473.72
Saccade R	1	15	1024336067	1024418066	81999	424.81	787.27	404.78	837.27	2.59	111.50	0.60	31.61	3656.09	-3829.13	1473.72
Fixation L	1	12	1024418066	1024930352	512286	395.09	831.91	30	35	-1	14.09	14.09
Fixation R	1	12	1024418066	1024930352	512286	395.09	831.91	30	35	-1	13.84	13.84
