[BeGaze]
Converted from:	C:\Program Files\SMI\Experiment Suite 360\Experiment Center 2\Results\RC-Attachment-Exp\P09-eye_data.idf
Date:	18.03.2012 20:07:36
Version:	BeGaze 3.0.181
Sample Rate:	500
Subject:	P09
Description:	Run14

Table Header for Fixations:
Event Type	Trial	Number	Start	End	Duration	Location X	Location Y	Dispersion X	Dispersion Y	Plane	Avg. Pupil Size X	Avg. Pupil Size Y

Table Header for Saccades:
Event Type	Trial	Number	Start	End	Duration	Start Loc.X	Start Loc.Y	End Loc.X	End Loc.Y	Amplitude	Peak Speed	Peak Speed At	Average Speed	Peak Accel.	Peak Decel.	Average Accel.

Table Header for Blinks:
Event Type	Trial	Number	Start	End	Duration

Table Header for User Events:
Event Type	Trial	Number	Start	Description

UserEvent	1	1	7256477550	# Message: Questionnaire7.jpg
Fixation L	1	1	7256479801	7256578855	99054	872.60	916.34	12	19	-1	11.89	11.89
Fixation R	1	1	7256479801	7256578855	99054	872.60	916.34	12	19	-1	12.87	12.87
Saccade L	1	1	7256578855	7256648467	69612	880.19	910.00	845.08	879.16	2.31	47.62	0.64	33.23	1240.47	-1883.17	1079.65
Saccade R	1	1	7256578855	7256648467	69612	880.19	910.00	845.08	879.16	2.31	47.62	0.64	33.23	1240.47	-1883.17	1079.65
Fixation L	1	2	7256648467	7256893514	245047	886.28	889.15	63	37	-1	12.11	12.11
Fixation R	1	2	7256648467	7256893514	245047	886.28	889.15	63	37	-1	12.82	12.82
Saccade L	1	2	7256893514	7256981324	87810	878.57	871.12	434.94	469.68	13.87	386.59	0.23	158.00	16601.44	-10701.28	7096.26
Saccade R	1	2	7256893514	7256981324	87810	878.57	871.12	434.94	469.68	13.87	386.59	0.23	158.00	16601.44	-10701.28	7096.26
Saccade L	1	3	7257017479	7257047485	30006	441.66	476.65	416.77	337.67	3.03	198.18	0.49	100.89	8030.40	-8470.64	6048.03
Saccade R	1	3	7257017479	7257047485	30006	441.66	476.65	416.77	337.67	3.03	198.18	0.49	100.89	8030.40	-8470.64	6048.03
Fixation L	1	3	7257047485	7257325555	278070	416.57	343.99	62	49	-1	11.87	11.87
Fixation R	1	3	7257047485	7257325555	278070	416.57	343.99	62	49	-1	12.27	12.27
Saccade L	1	4	7257325555	7257355625	30070	441.98	366.17	540.95	365.65	2.07	122.70	0.47	68.73	4860.37	-5072.41	3693.27
Saccade R	1	4	7257325555	7257355625	30070	441.98	366.17	540.95	365.65	2.07	122.70	0.47	68.73	4860.37	-5072.41	3693.27
Fixation L	1	4	7257355625	7257529677	174052	533.20	366.30	30	25	-1	11.84	11.84
Fixation R	1	4	7257355625	7257529677	174052	533.20	366.30	30	25	-1	12.42	12.42
Saccade L	1	5	7257529677	7257557543	27866	553.40	386.19	649.96	386.92	2.17	158.94	0.56	77.76	5557.82	-6122.17	4177.56
Saccade R	1	5	7257529677	7257557543	27866	553.40	386.19	649.96	386.92	2.17	158.94	0.56	77.76	5557.82	-6122.17	4177.56
Fixation L	1	5	7257557543	7257767673	210130	666.02	358.36	41	50	-1	12.01	12.01
Fixation R	1	5	7257557543	7257767673	210130	666.02	358.36	41	50	-1	12.77	12.77
Saccade L	1	6	7257767673	7257799654	31981	662.27	357.10	820.01	358.49	3.65	213.57	0.59	114.00	9065.31	-8919.24	6589.11
Saccade R	1	6	7257767673	7257799654	31981	662.27	357.10	820.01	358.49	3.65	213.57	0.59	114.00	9065.31	-8919.24	6589.11
Fixation L	1	6	7257799654	7258009808	210154	837.21	356.40	40	20	-1	12.28	12.28
Fixation R	1	6	7257799654	7258009808	210154	837.21	356.40	40	20	-1	12.79	12.79
Saccade L	1	7	7258009808	7258032133	22325	844.75	353.07	920.78	352.04	1.58	134.51	0.45	70.78	5157.93	-5212.06	3450.89
Saccade R	1	7	7258009808	7258032133	22325	844.75	353.07	920.78	352.04	1.58	134.51	0.45	70.78	5157.93	-5212.06	3450.89
Fixation L	1	7	7258032133	7258273902	241769	922.38	353.97	24	19	-1	12.40	12.40
Fixation R	1	7	7258032133	7258273902	241769	922.38	353.97	24	19	-1	12.95	12.95
Saccade L	1	8	7258273902	7258303911	30009	929.35	358.88	1017.03	357.41	1.90	119.05	0.47	63.39	4671.43	-4418.34	3294.84
Saccade R	1	8	7258273902	7258303911	30009	929.35	358.88	1017.03	357.41	1.90	119.05	0.47	63.39	4671.43	-4418.34	3294.84
Fixation L	1	8	7258303911	7258542031	238120	1028.06	363.90	60	18	-1	12.30	12.30
Fixation R	1	8	7258303911	7258542031	238120	1028.06	363.90	60	18	-1	12.92	12.92
Saccade L	1	9	7258542031	7258570021	27990	990.41	364.86	1093.67	368.66	2.35	168.19	0.54	84.10	6561.54	-6216.00	4599.74
Saccade R	1	9	7258542031	7258570021	27990	990.41	364.86	1093.67	368.66	2.35	168.19	0.54	84.10	6561.54	-6216.00	4599.74
Fixation L	1	9	7258570021	7258702152	132131	1104.47	364.63	42	26	-1	12.40	12.40
Fixation R	1	9	7258570021	7258702152	132131	1104.47	364.63	42	26	-1	13.02	13.02
Saccade L	1	10	7258702152	7258728547	26395	1131.36	380.02	1088.99	368.04	0.88	45.68	0.62	33.19	1694.16	-1215.12	1090.02
Saccade R	1	10	7258702152	7258728547	26395	1131.36	380.02	1088.99	368.04	0.88	45.68	0.62	33.19	1694.16	-1215.12	1090.02
Fixation L	1	10	7258728547	7258800628	72081	1104.22	363.98	27	11	-1	12.35	12.35
Fixation R	1	10	7258728547	7258800628	72081	1104.22	363.98	27	11	-1	12.99	12.99
Saccade L	1	11	7258800628	7258826152	25524	1105.97	362.70	1020.56	360.36	1.70	111.93	0.47	66.76	4424.12	-4628.38	3321.47
Saccade R	1	11	7258800628	7258826152	25524	1105.97	362.70	1020.56	360.36	1.70	111.93	0.47	66.76	4424.12	-4628.38	3321.47
Fixation L	1	11	7258826152	7259304214	478062	1015.49	357.61	35	35	-1	12.42	12.42
Fixation R	1	11	7258826152	7259304214	478062	1015.49	357.61	35	35	-1	13.21	13.21
Saccade L	1	12	7259304214	7259368392	64178	1017.11	365.39	454.84	468.66	13.50	400.89	0.31	210.33	17414.88	-13615.67	10407.33
Saccade R	1	12	7259304214	7259368392	64178	1017.11	365.39	454.84	468.66	13.50	400.89	0.31	210.33	17414.88	-13615.67	10407.33
Saccade L	1	13	7259374456	7259416504	42048	455.62	466.60	472.56	448.15	10.12	436.45	0.37	240.65	15608.90	-17797.57	12851.37
Saccade R	1	13	7259374456	7259416504	42048	455.62	466.60	472.56	448.15	10.12	436.45	0.37	240.65	15608.90	-17797.57	12851.37
Fixation L	1	12	7259416504	7259490510	74006	454.31	441.98	26	30	-1	12.94	12.94
Fixation R	1	12	7259416504	7259490510	74006	454.31	441.98	26	30	-1	13.53	13.53
Saccade L	1	14	7259490510	7259518507	27997	454.32	442.77	401.69	479.70	1.35	82.83	0.36	48.23	2890.13	-3246.24	2219.13
Saccade R	1	14	7259490510	7259518507	27997	454.32	442.77	401.69	479.70	1.35	82.83	0.36	48.23	2890.13	-3246.24	2219.13
Fixation L	1	13	7259518507	7260615667	1097160	397.60	468.24	30	52	-1	12.55	12.55
Fixation R	1	13	7259518507	7260615667	1097160	397.60	468.24	30	52	-1	13.27	13.27
UserEvent	1	87	7260336962	# Message: UE-mouseclick left x=410 y=434
Saccade L	1	15	7260615667	7260657877	42210	395.05	471.04	417.54	541.70	2.96	126.97	0.55	70.20	3938.32	-5045.49	3033.03
Saccade R	1	15	7260615667	7260657877	42210	395.05	471.04	417.54	541.70	2.96	126.97	0.55	70.20	3938.32	-5045.49	3033.03
Fixation L	1	14	7260657877	7261039225	381348	414.39	548.59	26	55	-1	12.82	12.82
Fixation R	1	14	7260657877	7261039225	381348	414.39	548.59	26	55	-1	13.71	13.71
UserEvent	1	103	7260968558	# Message: UE-mouseclick left x=426 y=534
