[BeGaze]
Converted from:	C:\Program Files\SMI\Experiment Suite 360\Experiment Center 2\Results\RC-Attachment-Exp\P09-eye_data.idf
Date:	18.03.2012 20:07:30
Version:	BeGaze 3.0.181
Sample Rate:	500
Subject:	P09
Description:	Run14

Table Header for Fixations:
Event Type	Trial	Number	Start	End	Duration	Location X	Location Y	Dispersion X	Dispersion Y	Plane	Avg. Pupil Size X	Avg. Pupil Size Y

Table Header for Saccades:
Event Type	Trial	Number	Start	End	Duration	Start Loc.X	Start Loc.Y	End Loc.X	End Loc.Y	Amplitude	Peak Speed	Peak Speed At	Average Speed	Peak Accel.	Peak Decel.	Average Accel.

Table Header for Blinks:
Event Type	Trial	Number	Start	End	Duration

Table Header for User Events:
Event Type	Trial	Number	Start	Description

UserEvent	1	1	7085169816	# Message: int-4.jpg
Fixation L	1	1	7085172372	7085369391	197019	408.37	436.24	39	32	-1	12.08	12.08
Fixation R	1	1	7085172372	7085369391	197019	408.37	436.24	39	32	-1	12.65	12.65
Saccade L	1	1	7085369391	7085391388	21997	399.69	421.56	434.55	420.69	0.69	43.74	0.36	31.24	1741.78	-1366.41	1060.47
Saccade R	1	1	7085369391	7085391388	21997	399.69	421.56	434.55	420.69	0.69	43.74	0.36	31.24	1741.78	-1366.41	1060.47
Fixation L	1	2	7085391388	7085545396	154008	438.60	428.52	14	14	-1	12.03	12.03
Fixation R	1	2	7085391388	7085545396	154008	438.60	428.52	14	14	-1	12.71	12.71
Saccade L	1	2	7085545396	7085579380	33984	440.86	436.83	537.10	445.77	2.10	124.31	0.41	61.88	4944.46	-4561.18	3396.25
Saccade R	1	2	7085545396	7085579380	33984	440.86	436.83	537.10	445.77	2.10	124.31	0.41	61.88	4944.46	-4561.18	3396.25
Fixation L	1	3	7085579380	7085777501	198121	519.25	442.71	38	25	-1	12.00	12.00
Fixation R	1	3	7085579380	7085777501	198121	519.25	442.71	38	25	-1	12.72	12.72
Saccade L	1	3	7085777501	7085817510	40009	511.89	443.27	625.55	443.05	2.55	139.78	0.50	63.76	5204.00	-5302.65	3633.75
Saccade R	1	3	7085777501	7085817510	40009	511.89	443.27	625.55	443.05	2.55	139.78	0.50	63.76	5204.00	-5302.65	3633.75
Fixation L	1	4	7085817510	7085987623	170113	625.57	445.71	23	17	-1	12.03	12.03
Fixation R	1	4	7085817510	7085987623	170113	625.57	445.71	23	17	-1	12.59	12.59
Saccade L	1	4	7085987623	7086013622	25999	613.02	451.05	653.34	439.87	0.85	49.57	0.46	32.72	2018.40	-1681.67	1328.71
Saccade R	1	4	7085987623	7086013622	25999	613.02	451.05	653.34	439.87	0.85	49.57	0.46	32.72	2018.40	-1681.67	1328.71
Fixation L	1	5	7086013622	7086207748	194126	646.77	437.95	16	25	-1	12.08	12.08
Fixation R	1	5	7086013622	7086207748	194126	646.77	437.95	16	25	-1	12.75	12.75
Saccade L	1	5	7086207748	7086243743	35995	655.08	422.78	741.83	419.75	1.94	99.81	0.39	53.87	3670.80	-3575.88	2501.93
Saccade R	1	5	7086207748	7086243743	35995	655.08	422.78	741.83	419.75	1.94	99.81	0.39	53.87	3670.80	-3575.88	2501.93
Fixation L	1	6	7086243743	7086431873	188130	741.10	450.60	17	45	-1	12.04	12.04
Fixation R	1	6	7086243743	7086431873	188130	741.10	450.60	17	45	-1	12.64	12.64
Saccade L	1	6	7086431873	7086459886	28013	737.07	452.94	799.43	434.87	1.45	83.48	0.43	51.88	3164.67	-3436.54	2362.89
Saccade R	1	6	7086431873	7086459886	28013	737.07	452.94	799.43	434.87	1.45	83.48	0.43	51.88	3164.67	-3436.54	2362.89
Fixation L	1	7	7086459886	7086605866	145980	783.71	434.78	27	20	-1	12.27	12.27
Fixation R	1	7	7086459886	7086605866	145980	783.71	434.78	27	20	-1	12.76	12.76
Saccade L	1	7	7086605866	7086643860	37994	777.17	445.02	862.48	432.11	1.87	96.66	0.33	49.20	4152.54	-3262.43	2507.95
Saccade R	1	7	7086605866	7086643860	37994	777.17	445.02	862.48	432.11	1.87	96.66	0.33	49.20	4152.54	-3262.43	2507.95
Fixation L	1	8	7086643860	7087078124	434264	891.05	415.96	53	52	-1	12.21	12.21
Fixation R	1	8	7086643860	7087078124	434264	891.05	415.96	53	52	-1	12.86	12.86
Saccade L	1	8	7087078124	7087116095	37971	875.04	415.99	993.32	435.97	2.59	132.00	0.42	68.32	5598.78	-5177.64	3831.19
Saccade R	1	8	7087078124	7087116095	37971	875.04	415.99	993.32	435.97	2.59	132.00	0.42	68.32	5598.78	-5177.64	3831.19
Fixation L	1	9	7087116095	7087316223	200128	1009.20	427.17	28	14	-1	12.21	12.21
Fixation R	1	9	7087116095	7087316223	200128	1009.20	427.17	28	14	-1	12.93	12.93
Saccade L	1	9	7087316223	7087352230	36007	1007.97	421.72	1096.51	431.36	1.96	100.02	0.39	54.46	4029.29	-3516.92	2625.25
Saccade R	1	9	7087316223	7087352230	36007	1007.97	421.72	1096.51	431.36	1.96	100.02	0.39	54.46	4029.29	-3516.92	2625.25
Fixation L	1	10	7087352230	7087520339	168109	1097.01	425.00	16	34	-1	12.57	12.57
Fixation R	1	10	7087352230	7087520339	168109	1097.01	425.00	16	34	-1	13.13	13.13
Saccade L	1	10	7087520339	7087562345	42006	1103.88	404.66	1190.71	413.59	2.27	112.55	0.48	54.11	3896.41	-4135.29	2806.14
Saccade R	1	10	7087520339	7087562345	42006	1103.88	404.66	1190.71	413.59	2.27	112.55	0.48	54.11	3896.41	-4135.29	2806.14
Fixation L	1	11	7087562345	7088348781	786436	1198.62	422.49	41	59	-1	12.31	12.31
Fixation R	1	11	7087562345	7088348781	786436	1198.62	422.49	41	59	-1	12.96	12.96
Fixation L	1	12	7088476707	7089125056	648349	935.03	916.11	59	132	-1	12.65	12.65
Fixation R	1	12	7088476707	7089125056	648349	935.03	916.11	59	132	-1	13.64	13.64
