[BeGaze]
Converted from:	C:\Program Files\SMI\Experiment Suite 360\Experiment Center 2\Results\RC-Attachment-Exp\P33-eye_data.idf
Date:	18.03.2012 20:29:31
Version:	BeGaze 3.0.181
Sample Rate:	500
Subject:	P33
Description:	Run38

Table Header for Fixations:
Event Type	Trial	Number	Start	End	Duration	Location X	Location Y	Dispersion X	Dispersion Y	Plane	Avg. Pupil Size X	Avg. Pupil Size Y

Table Header for Saccades:
Event Type	Trial	Number	Start	End	Duration	Start Loc.X	Start Loc.Y	End Loc.X	End Loc.Y	Amplitude	Peak Speed	Peak Speed At	Average Speed	Peak Accel.	Peak Decel.	Average Accel.

Table Header for Blinks:
Event Type	Trial	Number	Start	End	Duration

Table Header for User Events:
Event Type	Trial	Number	Start	Description

UserEvent	1	1	3587019366	# Message: RC-N1forced-anim-3.jpg
Fixation L	1	1	3587022657	3587324911	302254	480.47	429.41	20	22	-1	11.90	11.90
Fixation R	1	1	3587022657	3587324911	302254	480.47	429.41	20	22	-1	12.33	12.33
Saccade L	1	1	3587324911	3587348953	24042	477.64	426.22	548.18	432.86	1.50	107.03	0.50	62.42	4241.93	-4460.96	3096.71
Saccade R	1	1	3587324911	3587348953	24042	477.64	426.22	548.18	432.86	1.50	107.03	0.50	62.42	4241.93	-4460.96	3096.71
Fixation L	1	2	3587348953	3587694977	346024	543.55	430.91	22	11	-1	11.98	11.98
Fixation R	1	2	3587348953	3587694977	346024	543.55	430.91	22	11	-1	12.46	12.46
Saccade L	1	2	3587694977	3587720989	26012	529.36	436.01	621.38	439.36	1.91	140.89	0.46	73.41	5634.36	-5847.04	4109.48
Saccade R	1	2	3587694977	3587720989	26012	529.36	436.01	621.38	439.36	1.91	140.89	0.46	73.41	5634.36	-5847.04	4109.48
Fixation L	1	3	3587720989	3587939137	218148	622.34	441.41	15	14	-1	11.95	11.95
Fixation R	1	3	3587720989	3587939137	218148	622.34	441.41	15	14	-1	12.54	12.54
Saccade L	1	3	3587939137	3587965494	26357	621.33	446.47	686.74	446.27	1.52	103.73	0.53	57.49	4178.52	-4274.91	3008.24
Saccade R	1	3	3587939137	3587965494	26357	621.33	446.47	686.74	446.27	1.52	103.73	0.53	57.49	4178.52	-4274.91	3008.24
Fixation L	1	4	3587965494	3588099212	133718	695.86	447.47	16	7	-1	11.73	11.73
Fixation R	1	4	3587965494	3588099212	133718	695.86	447.47	16	7	-1	12.30	12.30
Saccade L	1	4	3588099212	3588121221	22009	685.06	445.18	735.60	456.53	1.12	88.05	0.46	51.08	2974.85	-2802.53	2003.14
Saccade R	1	4	3588099212	3588121221	22009	685.06	445.18	735.60	456.53	1.12	88.05	0.46	51.08	2974.85	-2802.53	2003.14
Fixation L	1	5	3588121221	3588297200	175979	740.91	441.93	29	25	-1	11.70	11.70
Fixation R	1	5	3588121221	3588297200	175979	740.91	441.93	29	25	-1	12.11	12.11
Saccade L	1	5	3588297200	3588327264	30064	740.09	441.44	814.80	439.10	1.66	104.32	0.53	55.26	3854.18	-4134.69	2863.66
Saccade R	1	5	3588297200	3588327264	30064	740.09	441.44	814.80	439.10	1.66	104.32	0.53	55.26	3854.18	-4134.69	2863.66
Fixation L	1	6	3588327264	3588549603	222339	802.20	440.33	27	9	-1	11.60	11.60
Fixation R	1	6	3588327264	3588549603	222339	802.20	440.33	27	9	-1	12.13	12.13
Saccade L	1	6	3588549603	3588573317	23714	799.45	445.20	880.22	447.44	1.71	133.80	0.49	71.93	5347.98	-5305.74	3745.19
Saccade R	1	6	3588549603	3588573317	23714	799.45	445.20	880.22	447.44	1.71	133.80	0.49	71.93	5347.98	-5305.74	3745.19
Fixation L	1	7	3588573317	3588791517	218200	891.97	445.26	27	9	-1	11.39	11.39
Fixation R	1	7	3588573317	3588791517	218200	891.97	445.26	27	9	-1	11.90	11.90
Saccade L	1	7	3588791517	3588815435	23918	890.16	449.79	937.63	427.98	1.11	77.95	0.50	46.50	3313.14	-2742.33	2087.94
Saccade R	1	7	3588791517	3588815435	23918	890.16	449.79	937.63	427.98	1.11	77.95	0.50	46.50	3313.14	-2742.33	2087.94
Fixation L	1	8	3588815435	3588963551	148116	947.53	434.90	17	25	-1	11.30	11.30
Fixation R	1	8	3588815435	3588963551	148116	947.53	434.90	17	25	-1	11.76	11.76
Saccade L	1	8	3588963551	3588991552	28001	942.76	435.72	1028.98	441.95	1.86	124.69	0.43	66.31	4971.03	-4634.33	3470.26
Saccade R	1	8	3588963551	3588991552	28001	942.76	435.72	1028.98	441.95	1.86	124.69	0.43	66.31	4971.03	-4634.33	3470.26
Fixation L	1	9	3588991552	3589435656	444104	1021.96	432.71	26	31	-1	11.08	11.08
Fixation R	1	9	3588991552	3589435656	444104	1021.96	432.71	26	31	-1	11.56	11.56
Saccade L	1	9	3589435656	3589473784	38128	1018.53	434.12	1127.52	414.93	2.47	136.65	0.37	64.67	5223.70	-4941.08	3432.33
Saccade R	1	9	3589435656	3589473784	38128	1018.53	434.12	1127.52	414.93	2.47	136.65	0.37	64.67	5223.70	-4941.08	3432.33
Fixation L	1	10	3589473784	3590734235	1260451	949.78	700.07	1521	1113	-1	11.20	11.20
Fixation R	1	10	3589473784	3589891892	418108	1141.55	424.07	35	24	-1	11.59	11.59
Saccade R	1	10	3589891892	3590096565	204673	1129.60	438.89	867.26	868.81	104.95	2965.33	0.24	512.78	91107.97	-94413.90	26447.65
Fixation R	1	11	3590096565	3590734235	637670	890.67	937.60	62	90	-1	12.38	12.38
