[BeGaze]
Converted from:	C:\Program Files\SMI\Experiment Suite 360\Experiment Center 2\Results\RC-Attachment-Exp\P29-eye_data.idf
Date:	18.03.2012 20:24:48
Version:	BeGaze 3.0.181
Sample Rate:	500
Subject:	P29
Description:	Run34

Table Header for Fixations:
Event Type	Trial	Number	Start	End	Duration	Location X	Location Y	Dispersion X	Dispersion Y	Plane	Avg. Pupil Size X	Avg. Pupil Size Y

Table Header for Saccades:
Event Type	Trial	Number	Start	End	Duration	Start Loc.X	Start Loc.Y	End Loc.X	End Loc.Y	Amplitude	Peak Speed	Peak Speed At	Average Speed	Peak Accel.	Peak Decel.	Average Accel.

Table Header for Blinks:
Event Type	Trial	Number	Start	End	Duration

Table Header for User Events:
Event Type	Trial	Number	Start	Description

UserEvent	1	1	3462152152	# Message: RC-N1forced-anim-4.jpg
Fixation L	1	1	3462285078	3462778893	493815	466.07	448.81	39	38	-1	10.92	10.92
Fixation R	1	1	3462285078	3462778893	493815	466.07	448.81	39	38	-1	11.18	11.18
Saccade L	1	1	3462778893	3462806869	27976	464.33	454.20	598.19	427.94	2.88	206.34	0.57	102.89	8353.67	-8480.97	5949.24
Saccade R	1	1	3462778893	3462806869	27976	464.33	454.20	598.19	427.94	2.88	206.34	0.57	102.89	8353.67	-8480.97	5949.24
Fixation L	1	2	3462806869	3462904881	98012	580.26	435.83	36	31	-1	11.18	11.18
Fixation R	1	2	3462806869	3462904881	98012	580.26	435.83	36	31	-1	11.48	11.48
Saccade L	1	2	3462988986	3463020985	31999	580.69	443.98	525.76	432.94	1.20	60.98	0.38	37.46	2337.65	-1962.47	1275.97
Saccade R	1	2	3462988986	3463020985	31999	580.69	443.98	525.76	432.94	1.20	60.98	0.38	37.46	2337.65	-1962.47	1275.97
Saccade L	1	3	3463088987	3463128989	40002	510.62	431.07	537.82	460.15	1.20	40.95	0.25	29.96	862.34	-930.79	619.59
Saccade R	1	3	3463088987	3463128989	40002	510.62	431.07	537.82	460.15	1.20	40.95	0.25	29.96	862.34	-930.79	619.59
Fixation L	1	3	3463128989	3463195116	66127	538.61	441.16	10	28	-1	11.10	11.10
Fixation R	1	3	3463128989	3463195116	66127	538.61	441.16	10	28	-1	11.51	11.51
Saccade L	1	4	3463195116	3463223142	28026	544.26	441.28	612.09	450.56	1.60	104.60	0.50	57.01	4135.55	-3834.15	2865.19
Saccade R	1	4	3463195116	3463223142	28026	544.26	441.28	612.09	450.56	1.60	104.60	0.50	57.01	4135.55	-3834.15	2865.19
Fixation L	1	4	3463223142	3463445105	221963	626.03	462.59	25	40	-1	11.15	11.15
Fixation R	1	4	3463223142	3463445105	221963	626.03	462.59	25	40	-1	11.50	11.50
Saccade L	1	5	3463445105	3463471101	25996	621.57	449.85	730.45	448.86	2.31	163.85	0.54	89.04	6227.93	-6771.23	4672.71
Saccade R	1	5	3463445105	3463471101	25996	621.57	449.85	730.45	448.86	2.31	163.85	0.54	89.04	6227.93	-6771.23	4672.71
Fixation L	1	5	3463471101	3463749351	278250	738.81	451.85	43	46	-1	11.05	11.05
Fixation R	1	5	3463471101	3463749351	278250	738.81	451.85	43	46	-1	11.51	11.51
Saccade L	1	6	3463749351	3463777222	27871	762.12	465.26	716.40	439.11	1.06	57.53	0.50	38.16	1638.56	-1870.36	1323.95
Saccade R	1	6	3463749351	3463777222	27871	762.12	465.26	716.40	439.11	1.06	57.53	0.50	38.16	1638.56	-1870.36	1323.95
Fixation L	1	6	3463777222	3464029474	252252	737.95	469.62	38	52	-1	11.00	11.00
Fixation R	1	6	3463777222	3464029474	252252	737.95	469.62	38	52	-1	11.36	11.36
Saccade L	1	7	3464029474	3464053783	24309	733.74	454.31	644.31	458.73	1.86	140.58	0.49	76.55	5170.29	-5343.14	3731.79
Saccade R	1	7	3464029474	3464053783	24309	733.74	454.31	644.31	458.73	1.86	140.58	0.49	76.55	5170.29	-5343.14	3731.79
Saccade L	1	8	3464097469	3464131664	34195	656.25	472.23	618.19	440.69	1.08	43.48	0.47	31.61	1726.30	-1451.32	1126.26
Saccade R	1	8	3464097469	3464131664	34195	656.25	472.23	618.19	440.69	1.08	43.48	0.47	31.61	1726.30	-1451.32	1126.26
Fixation L	1	7	3464131664	3464365590	233926	620.84	432.37	29	28	-1	11.13	11.13
Fixation R	1	7	3464131664	3464365590	233926	620.84	432.37	29	28	-1	11.49	11.49
Saccade L	1	9	3464365590	3464404037	38447	633.54	429.96	826.20	431.83	4.50	272.99	0.52	117.17	11118.83	-11302.32	7905.06
Saccade R	1	9	3464365590	3464404037	38447	633.54	429.96	826.20	431.83	4.50	272.99	0.52	117.17	11118.83	-11302.32	7905.06
Fixation L	1	8	3464404037	3464673718	269681	826.97	442.03	26	30	-1	11.35	11.35
Fixation R	1	8	3464404037	3464673718	269681	826.97	442.03	26	30	-1	11.78	11.78
Saccade L	1	10	3464673718	3464711707	37989	831.35	428.42	919.02	437.71	2.17	116.95	0.42	57.10	4808.83	-4395.24	3226.03
Saccade R	1	10	3464673718	3464711707	37989	831.35	428.42	919.02	437.71	2.17	116.95	0.42	57.10	4808.83	-4395.24	3226.03
Fixation L	1	9	3464711707	3464959828	248121	925.86	438.24	23	37	-1	11.01	11.01
Fixation R	1	9	3464711707	3464959828	248121	925.86	438.24	23	37	-1	11.29	11.29
Saccade L	1	11	3464959828	3464995835	36007	919.40	466.44	985.31	438.65	1.73	97.94	0.33	48.13	3788.45	-3370.52	2392.76
Saccade R	1	11	3464959828	3464995835	36007	919.40	466.44	985.31	438.65	1.73	97.94	0.33	48.13	3788.45	-3370.52	2392.76
Fixation L	1	10	3464995835	3465145975	150140	983.55	442.72	10	17	-1	10.87	10.87
Fixation R	1	10	3464995835	3465145975	150140	983.55	442.72	10	17	-1	11.19	11.19
Saccade L	1	12	3465145975	3465177962	31987	983.01	444.94	1048.32	469.98	1.59	96.99	0.31	49.78	3931.68	-3458.14	2557.12
Saccade R	1	12	3465145975	3465177962	31987	983.01	444.94	1048.32	469.98	1.59	96.99	0.31	49.78	3931.68	-3458.14	2557.12
Fixation L	1	11	3465177962	3465653935	475973	1053.69	455.98	37	30	-1	10.63	10.63
Fixation R	1	11	3465177962	3465653935	475973	1053.69	455.98	37	30	-1	10.99	10.99
Saccade L	1	13	3465653935	3465674211	20276	1051.98	469.76	982.81	455.65	1.34	117.40	0.51	65.91	4743.79	-4665.46	3123.27
Saccade R	1	13	3465653935	3465674211	20276	1051.98	469.76	982.81	455.65	1.34	117.40	0.51	65.91	4743.79	-4665.46	3123.27
Fixation L	1	12	3465674211	3465828188	153977	979.33	449.00	17	14	-1	10.64	10.64
Fixation R	1	12	3465674211	3465828188	153977	979.33	449.00	17	14	-1	11.00	11.00
Saccade L	1	14	3465828188	3465854180	25992	980.24	445.49	1119.89	448.94	2.90	212.78	0.54	111.52	8880.84	-8686.86	6344.84
Saccade R	1	14	3465828188	3465854180	25992	980.24	445.49	1119.89	448.94	2.90	212.78	0.54	111.52	8880.84	-8686.86	6344.84
Fixation L	1	13	3465854180	3466400428	546248	1139.58	443.66	45	40	-1	10.79	10.79
Fixation R	1	13	3465854180	3466400428	546248	1139.58	443.66	45	40	-1	11.08	11.08
Saccade L	1	15	3466400428	3466488546	88118	1127.61	440.57	968.26	922.82	12.16	341.06	0.20	138.00	14477.93	-10232.81	5721.28
Saccade R	1	15	3466400428	3466488546	88118	1127.61	440.57	968.26	922.82	12.16	341.06	0.20	138.00	14477.93	-10232.81	5721.28
Fixation L	1	14	3466488546	3466663201	174655	961.20	937.91	32	37	-1	11.37	11.37
Fixation R	1	14	3466488546	3466663201	174655	961.20	937.91	32	37	-1	11.49	11.49
Saccade L	1	16	3466663201	3466690692	27491	941.56	957.81	963.31	918.20	0.93	49.87	0.41	33.99	1799.48	-1882.57	1356.06
Saccade R	1	16	3466663201	3466690692	27491	941.56	957.81	963.31	918.20	0.93	49.87	0.41	33.99	1799.48	-1882.57	1356.06
Fixation L	1	15	3466690692	3466744188	53496	960.53	917.06	6	5	-1	11.21	11.21
Fixation R	1	15	3466690692	3466744188	53496	960.53	917.06	6	5	-1	11.48	11.48
Saccade L	1	17	3466744188	3466770694	26506	963.40	920.37	952.53	974.53	1.01	62.67	0.47	38.02	2303.39	-1653.88	1435.08
Saccade R	1	17	3466744188	3466770694	26506	963.40	920.37	952.53	974.53	1.01	62.67	0.47	38.02	2303.39	-1653.88	1435.08
Saccade L	1	18	3466774682	3466802670	27988	949.79	969.28	950.87	918.84	1.08	50.83	0.57	38.58	1489.61	-1007.65	819.57
Saccade R	1	18	3466774682	3466802670	27988	949.79	969.28	950.87	918.84	1.08	50.83	0.57	38.58	1489.61	-1007.65	819.57
Saccade L	1	19	3466806813	3466830693	23880	951.26	912.84	886.30	920.64	1.41	103.98	0.50	58.90	2738.45	-4031.94	2369.84
Saccade R	1	19	3466806813	3466830693	23880	951.26	912.84	886.30	920.64	1.41	103.98	0.50	58.90	2738.45	-4031.94	2369.84
Fixation L	1	16	3466830693	3466954672	123979	873.07	920.59	28	25	-1	11.05	11.05
Fixation R	1	16	3466830693	3466954672	123979	873.07	920.59	28	25	-1	11.43	11.43
