[BeGaze]
Converted from:	C:\Program Files\SMI\Experiment Suite 360\Experiment Center 2\Results\RC-Attachment-Exp\P30-eye_data.idf
Date:	18.03.2012 20:25:28
Version:	BeGaze 3.0.181
Sample Rate:	500
Subject:	P30
Description:	Run35

Table Header for Fixations:
Event Type	Trial	Number	Start	End	Duration	Location X	Location Y	Dispersion X	Dispersion Y	Plane	Avg. Pupil Size X	Avg. Pupil Size Y

Table Header for Saccades:
Event Type	Trial	Number	Start	End	Duration	Start Loc.X	Start Loc.Y	End Loc.X	End Loc.Y	Amplitude	Peak Speed	Peak Speed At	Average Speed	Peak Accel.	Peak Decel.	Average Accel.

Table Header for Blinks:
Event Type	Trial	Number	Start	End	Duration

Table Header for User Events:
Event Type	Trial	Number	Start	Description

UserEvent	1	1	3907606640	# Message: Questionnaire3.jpg
Fixation L	1	1	3907607457	3907972248	364791	909.77	941.05	20	31	-1	13.83	13.83
Fixation R	1	1	3907607457	3907972248	364791	909.77	941.05	20	31	-1	13.69	13.69
Saccade L	1	1	3907972248	3908074313	102065	907.45	940.04	449.84	503.35	14.71	370.86	0.22	144.11	16060.21	-10135.72	5774.51
Saccade R	1	1	3907972248	3908074313	102065	907.45	940.04	449.84	503.35	14.71	370.86	0.22	144.11	16060.21	-10135.72	5774.51
Fixation L	1	2	3908074313	3908148207	73894	444.32	512.19	17	19	-1	13.89	13.89
Fixation R	1	2	3908074313	3908148207	73894	444.32	512.19	17	19	-1	13.02	13.02
Saccade L	1	2	3908148207	3908188218	40011	455.77	512.95	441.01	335.76	3.93	204.11	0.35	98.24	7760.13	-6824.98	5022.57
Saccade R	1	2	3908148207	3908188218	40011	455.77	512.95	441.01	335.76	3.93	204.11	0.35	98.24	7760.13	-6824.98	5022.57
Fixation L	1	3	3908188218	3908450363	262145	447.59	338.07	32	16	-1	14.11	14.11
Fixation R	1	3	3908188218	3908450363	262145	447.59	338.07	32	16	-1	13.18	13.18
Saccade L	1	3	3908450363	3908486323	35960	443.79	343.64	603.93	356.44	3.50	218.48	0.44	97.42	8934.91	-8449.87	6031.82
Saccade R	1	3	3908450363	3908486323	35960	443.79	343.64	603.93	356.44	3.50	218.48	0.44	97.42	8934.91	-8449.87	6031.82
Fixation L	1	4	3908486323	3908716439	230116	614.87	346.74	21	30	-1	14.67	14.67
Fixation R	1	4	3908486323	3908716439	230116	614.87	346.74	21	30	-1	13.78	13.78
Saccade L	1	4	3908716439	3908754444	38005	609.17	353.34	768.98	352.68	3.60	206.27	0.42	94.60	8331.97	-8065.45	5741.64
Saccade R	1	4	3908716439	3908754444	38005	609.17	353.34	768.98	352.68	3.60	206.27	0.42	94.60	8331.97	-8065.45	5741.64
Fixation L	1	5	3908754444	3908910121	155677	787.31	359.55	24	20	-1	14.63	14.63
Fixation R	1	5	3908754444	3908910121	155677	787.31	359.55	24	20	-1	13.86	13.86
Saccade L	1	5	3908910121	3908948566	38445	783.62	372.91	917.35	354.15	2.90	143.58	0.43	75.34	6126.19	-5423.05	4195.83
Saccade R	1	5	3908910121	3908948566	38445	783.62	372.91	917.35	354.15	2.90	143.58	0.43	75.34	6126.19	-5423.05	4195.83
Fixation L	1	6	3908948566	3909284713	336147	908.52	355.16	22	36	-1	15.19	15.19
Fixation R	1	6	3908948566	3909284713	336147	908.52	355.16	22	36	-1	14.41	14.41
Saccade L	1	6	3909284713	3909344810	60097	908.72	341.61	420.77	469.27	11.34	367.64	0.33	188.68	16166.97	-9779.21	9163.89
Saccade R	1	6	3909284713	3909344810	60097	908.72	341.61	420.77	469.27	11.34	367.64	0.33	188.68	16166.97	-9779.21	9163.89
Fixation L	1	7	3909344810	3909720931	376121	412.35	481.72	23	26	-1	15.64	15.64
Fixation R	1	7	3909344810	3909720931	376121	412.35	481.72	23	26	-1	14.52	14.52
Saccade L	1	7	3909720931	3909742925	21994	417.44	470.19	358.48	473.31	1.26	101.64	0.55	57.28	3722.34	-3146.34	2339.87
Saccade R	1	7	3909720931	3909742925	21994	417.44	470.19	358.48	473.31	1.26	101.64	0.55	57.28	3722.34	-3146.34	2339.87
Fixation L	1	8	3909742925	3911689787	1946862	380.53	474.38	37	67	-1	15.10	15.10
Fixation R	1	8	3909742925	3911689787	1946862	380.53	474.38	37	67	-1	14.18	14.18
UserEvent	1	99	3911487771	# Message: UE-mouseclick left x=364 y=439
Saccade L	1	8	3911689787	3911726015	36228	362.94	446.59	390.42	537.74	2.06	103.85	0.39	56.90	4049.73	-3591.25	2751.94
Saccade R	1	8	3911689787	3911726015	36228	362.94	446.59	390.42	537.74	2.06	103.85	0.39	56.90	4049.73	-3591.25	2751.94
Fixation L	1	9	3911726015	3912223103	497088	392.90	530.61	22	28	-1	14.71	14.71
Fixation R	1	9	3911726015	3912223103	497088	392.90	530.61	22	28	-1	13.87	13.87
UserEvent	1	117	3912144524	# Message: UE-mouseclick left x=402 y=530
