[BeGaze]
Converted from:	C:\Program Files\SMI\Experiment Suite 360\Experiment Center 2\Results\RC-Attachment-Exp\P18-eye_data.idf
Date:	18.03.2012 20:13:49
Version:	BeGaze 3.0.181
Sample Rate:	500
Subject:	P18
Description:	Run23

Table Header for Fixations:
Event Type	Trial	Number	Start	End	Duration	Location X	Location Y	Dispersion X	Dispersion Y	Plane	Avg. Pupil Size X	Avg. Pupil Size Y

Table Header for Saccades:
Event Type	Trial	Number	Start	End	Duration	Start Loc.X	Start Loc.Y	End Loc.X	End Loc.Y	Amplitude	Peak Speed	Peak Speed At	Average Speed	Peak Accel.	Peak Decel.	Average Accel.

Table Header for Blinks:
Event Type	Trial	Number	Start	End	Duration

Table Header for User Events:
Event Type	Trial	Number	Start	Description

UserEvent	1	1	17052248537	# Message: Questionnaire10.jpg
Fixation L	1	1	17052249615	17052700908	451293	857.81	922.82	46	29	-1	10.33	10.33
Fixation R	1	1	17052249615	17052700908	451293	857.81	922.82	46	29	-1	10.72	10.72
Saccade L	1	1	17052700908	17052764927	64019	833.06	928.10	461.96	425.09	14.58	513.48	0.31	227.73	22435.28	-12589.81	11182.47
Saccade R	1	1	17052700908	17052764927	64019	833.06	928.10	461.96	425.09	14.58	513.48	0.31	227.73	22435.28	-12589.81	11182.47
Fixation L	1	2	17052764927	17052881038	116111	471.43	433.42	28	21	-1	10.16	10.16
Fixation R	1	2	17052764927	17052881038	116111	471.43	433.42	28	21	-1	10.43	10.43
Saccade L	1	2	17052881038	17052909148	28110	475.19	430.25	472.65	336.12	2.07	142.15	0.43	73.51	5780.59	-5594.65	4009.90
Saccade R	1	2	17052881038	17052909148	28110	475.19	430.25	472.65	336.12	2.07	142.15	0.43	73.51	5780.59	-5594.65	4009.90
Fixation L	1	3	17052909148	17053051140	141992	487.86	341.03	29	23	-1	10.37	10.37
Fixation R	1	3	17052909148	17053051140	141992	487.86	341.03	29	23	-1	10.59	10.59
Saccade L	1	3	17053051140	17053075158	24018	482.69	354.61	431.53	326.44	1.21	83.14	0.50	50.23	3437.28	-3067.32	2329.77
Saccade R	1	3	17053051140	17053075158	24018	482.69	354.61	431.53	326.44	1.21	83.14	0.50	50.23	3437.28	-3067.32	2329.77
Fixation L	1	4	17053075158	17053279137	203979	433.89	337.29	25	18	-1	10.32	10.32
Fixation R	1	4	17053075158	17053279137	203979	433.89	337.29	25	18	-1	10.62	10.62
Saccade L	1	4	17053279137	17053303171	24034	429.33	340.42	515.19	329.11	1.83	139.68	0.50	75.97	5549.75	-5653.33	3909.10
Saccade R	1	4	17053279137	17053303171	24034	429.33	340.42	515.19	329.11	1.83	139.68	0.50	75.97	5549.75	-5653.33	3909.10
Fixation L	1	5	17053303171	17053439248	136077	535.64	332.23	39	13	-1	10.24	10.24
Fixation R	1	5	17053303171	17053439248	136077	535.64	332.23	39	13	-1	10.82	10.82
Saccade L	1	5	17053439248	17053475250	36002	542.36	328.92	629.56	320.18	1.90	111.73	0.33	52.90	4336.10	-3777.45	2694.74
Saccade R	1	5	17053439248	17053475250	36002	542.36	328.92	629.56	320.18	1.90	111.73	0.33	52.90	4336.10	-3777.45	2694.74
Fixation L	1	6	17053475250	17054053574	578324	641.46	327.76	69	49	-1	10.39	10.39
Fixation R	1	6	17053475250	17054053574	578324	641.46	327.76	69	49	-1	10.65	10.65
Saccade L	1	6	17054053574	17054083556	29982	685.39	324.50	754.07	337.80	1.52	98.06	0.40	50.76	3573.09	-3337.69	2494.87
Saccade R	1	6	17054053574	17054083556	29982	685.39	324.50	754.07	337.80	1.52	98.06	0.40	50.76	3573.09	-3337.69	2494.87
Fixation L	1	7	17054083556	17054283571	200015	771.23	343.75	37	26	-1	10.41	10.41
Fixation R	1	7	17054083556	17054283571	200015	771.23	343.75	37	26	-1	10.73	10.73
Saccade L	1	7	17054283571	17054342099	58528	786.85	349.52	457.34	439.94	7.88	229.20	0.38	134.57	9856.25	-8849.81	6391.36
Saccade R	1	7	17054283571	17054342099	58528	786.85	349.52	457.34	439.94	7.88	229.20	0.38	134.57	9856.25	-8849.81	6391.36
Saccade L	1	8	17054389584	17054413708	24124	463.23	440.40	413.52	436.70	1.01	63.08	0.42	41.68	2481.77	-2503.51	1778.12
Saccade R	1	8	17054389584	17054413708	24124	463.23	440.40	413.52	436.70	1.01	63.08	0.42	41.68	2481.77	-2503.51	1778.12
Fixation L	1	8	17054413708	17054511719	98011	440.99	452.74	55	33	-1	10.48	10.48
Fixation R	1	8	17054413708	17054511719	98011	440.99	452.74	55	33	-1	10.73	10.73
Saccade L	1	9	17054511719	17054551739	40020	463.81	455.61	419.22	420.49	1.40	46.47	0.70	35.04	1400.37	-961.20	830.20
Saccade R	1	9	17054511719	17054551739	40020	463.81	455.61	419.22	420.49	1.40	46.47	0.70	35.04	1400.37	-961.20	830.20
Saccade L	1	10	17054555721	17054593734	38013	415.68	423.87	437.77	481.60	1.35	48.92	0.63	35.61	1099.57	-1678.71	902.97
Saccade R	1	10	17054555721	17054593734	38013	415.68	423.87	437.77	481.60	1.35	48.92	0.63	35.61	1099.57	-1678.71	902.97
Fixation L	1	9	17054655738	17054965897	310159	413.01	471.67	32	32	-1	10.64	10.64
Fixation R	1	9	17054655738	17054965897	310159	413.01	471.67	32	32	-1	10.90	10.90
Saccade L	1	11	17054965897	17054989935	24038	410.24	465.58	372.42	460.30	0.81	50.69	0.50	33.69	1382.83	-1564.96	1086.91
Saccade R	1	11	17054965897	17054989935	24038	410.24	465.58	372.42	460.30	0.81	50.69	0.50	33.69	1382.83	-1564.96	1086.91
Fixation L	1	10	17054989935	17055270053	280118	398.15	463.70	49	41	-1	10.63	10.63
Fixation R	1	10	17054989935	17055270053	280118	398.15	463.70	49	41	-1	10.74	10.74
Saccade L	1	12	17055270053	17055300305	30252	418.38	474.75	370.43	449.89	1.02	45.94	0.26	33.59	877.13	-1360.16	741.93
Saccade R	1	12	17055270053	17055300305	30252	418.38	474.75	370.43	449.89	1.02	45.94	0.26	33.59	877.13	-1360.16	741.93
Fixation L	1	11	17055322046	17055538163	216117	395.62	453.43	41	31	-1	10.58	10.58
Fixation R	1	11	17055322046	17055538163	216117	395.62	453.43	41	31	-1	10.79	10.79
Saccade L	1	13	17055538163	17055560158	21995	413.08	462.42	368.35	455.41	0.90	67.20	0.46	40.84	2373.02	-2156.78	1638.04
Saccade R	1	13	17055538163	17055560158	21995	413.08	462.42	368.35	455.41	0.90	67.20	0.46	40.84	2373.02	-2156.78	1638.04
Fixation L	1	12	17055560158	17056142385	582227	397.99	448.47	47	38	-1	10.52	10.52
Fixation R	1	12	17055560158	17056142385	582227	397.99	448.47	47	38	-1	10.73	10.73
UserEvent	1	88	17055790930	# Message: UE-mouseclick left x=378 y=464
Saccade L	1	14	17056142385	17056186490	44105	406.49	456.49	441.67	524.00	2.06	93.42	0.36	46.76	3764.08	-2802.26	2135.28
Saccade R	1	14	17056142385	17056186490	44105	406.49	456.49	441.67	524.00	2.06	93.42	0.36	46.76	3764.08	-2802.26	2135.28
Fixation L	1	13	17056186490	17056423051	236561	424.99	526.35	47	42	-1	10.40	10.40
Fixation R	1	13	17056186490	17056423051	236561	424.99	526.35	47	42	-1	10.76	10.76
Saccade L	1	15	17056423051	17056464529	41478	441.30	553.89	406.51	526.00	1.28	42.99	0.28	30.91	1179.69	-885.16	748.04
Saccade R	1	15	17056423051	17056464529	41478	441.30	553.89	406.51	526.00	1.28	42.99	0.28	30.91	1179.69	-885.16	748.04
Fixation L	1	14	17056464529	17056782770	318241	414.01	518.40	22	29	-1	10.38	10.38
Fixation R	1	14	17056464529	17056782770	318241	414.01	518.40	22	29	-1	10.69	10.69
UserEvent	1	111	17056702888	# Message: UE-mouseclick left x=400 y=530
