[BeGaze]
Converted from:	C:\Program Files\SMI\Experiment Suite 360\Experiment Center 2\Results\RC-Attachment-Exp\P09-eye_data.idf
Date:	18.03.2012 20:07:37
Version:	BeGaze 3.0.181
Sample Rate:	500
Subject:	P09
Description:	Run14

Table Header for Fixations:
Event Type	Trial	Number	Start	End	Duration	Location X	Location Y	Dispersion X	Dispersion Y	Plane	Avg. Pupil Size X	Avg. Pupil Size Y

Table Header for Saccades:
Event Type	Trial	Number	Start	End	Duration	Start Loc.X	Start Loc.Y	End Loc.X	End Loc.Y	Amplitude	Peak Speed	Peak Speed At	Average Speed	Peak Accel.	Peak Decel.	Average Accel.

Table Header for Blinks:
Event Type	Trial	Number	Start	End	Duration

Table Header for User Events:
Event Type	Trial	Number	Start	Description

UserEvent	1	1	7279431410	# Message: Dist-orcop-9.jpg
Fixation L	1	1	7279442224	7280427688	985464	496.69	464.14	80	49	-1	12.51	12.51
Fixation R	1	1	7279442224	7280427688	985464	496.69	464.14	80	49	-1	13.24	13.24
Saccade L	1	1	7280427688	7280454028	26340	540.95	468.36	480.90	444.82	1.43	97.83	0.46	54.10	3536.12	-3747.25	2626.88
Saccade R	1	1	7280427688	7280454028	26340	540.95	468.36	480.90	444.82	1.43	97.83	0.46	54.10	3536.12	-3747.25	2626.88
Fixation L	1	2	7280454028	7280731925	277897	493.24	453.87	26	35	-1	12.20	12.20
Fixation R	1	2	7280454028	7280731925	277897	493.24	453.87	26	35	-1	13.19	13.19
Saccade L	1	2	7280731925	7280775926	44001	497.26	479.33	598.90	456.07	2.30	98.46	0.36	52.23	4131.89	-3123.93	2357.36
Saccade R	1	2	7280731925	7280775926	44001	497.26	479.33	598.90	456.07	2.30	98.46	0.36	52.23	4131.89	-3123.93	2357.36
Fixation L	1	3	7280775926	7281186180	410254	612.29	460.38	52	30	-1	12.33	12.33
Fixation R	1	3	7280775926	7281186180	410254	612.29	460.38	52	30	-1	13.29	13.29
Saccade L	1	3	7281186180	7281231384	45204	613.58	461.68	716.78	465.57	2.35	101.06	0.40	52.02	4027.87	-3221.31	2467.76
Saccade R	1	3	7281186180	7281231384	45204	613.58	461.68	716.78	465.57	2.35	101.06	0.40	52.02	4027.87	-3221.31	2467.76
Fixation L	1	4	7281231384	7281480298	248914	718.73	449.97	32	50	-1	12.16	12.16
Fixation R	1	4	7281231384	7281480298	248914	718.73	449.97	32	50	-1	13.07	13.07
Saccade L	1	4	7281480298	7281506292	25994	730.92	464.55	792.02	465.14	1.26	79.05	0.38	48.50	2987.59	-3092.87	2141.44
Saccade R	1	4	7281480298	7281506292	25994	730.92	464.55	792.02	465.14	1.26	79.05	0.38	48.50	2987.59	-3092.87	2141.44
Fixation L	1	5	7281506292	7281766407	260115	785.62	446.88	17	45	-1	11.96	11.96
Fixation R	1	5	7281506292	7281766407	260115	785.62	446.88	17	45	-1	12.90	12.90
Saccade L	1	5	7281766407	7281794400	27993	787.28	436.55	723.55	431.11	1.51	95.27	0.43	54.04	3676.53	-3382.16	2501.92
Saccade R	1	5	7281766407	7281794400	27993	787.28	436.55	723.55	431.11	1.51	95.27	0.43	54.04	3676.53	-3382.16	2501.92
Fixation L	1	6	7281794400	7282114523	320123	725.99	428.47	24	20	-1	12.07	12.07
Fixation R	1	6	7281794400	7282114523	320123	725.99	428.47	24	20	-1	12.90	12.90
Saccade L	1	6	7282114523	7282138516	23993	732.28	431.26	815.08	446.40	1.79	132.74	0.50	74.66	5178.93	-5283.12	3654.48
Saccade R	1	6	7282114523	7282138516	23993	732.28	431.26	815.08	446.40	1.79	132.74	0.50	74.66	5178.93	-5283.12	3654.48
Fixation L	1	7	7282138516	7282284509	145993	817.24	454.67	34	26	-1	12.03	12.03
Fixation R	1	7	7282138516	7282284509	145993	817.24	454.67	34	26	-1	12.80	12.80
Saccade L	1	7	7282284509	7282312510	28001	832.13	457.28	720.90	448.94	2.46	168.37	0.43	87.92	6481.37	-6942.92	4901.64
Saccade R	1	7	7282284509	7282312510	28001	832.13	457.28	720.90	448.94	2.46	168.37	0.43	87.92	6481.37	-6942.92	4901.64
Fixation L	1	8	7282312510	7282746764	434254	726.78	447.17	36	46	-1	12.03	12.03
Fixation R	1	8	7282312510	7282746764	434254	726.78	447.17	36	46	-1	12.65	12.65
Saccade L	1	8	7282746764	7282772753	25989	722.49	433.47	806.64	450.02	1.79	122.46	0.50	68.78	4939.71	-4916.17	3529.15
Saccade R	1	8	7282746764	7282772753	25989	722.49	433.47	806.64	450.02	1.79	122.46	0.50	68.78	4939.71	-4916.17	3529.15
Fixation L	1	9	7282772753	7282876875	104122	813.66	442.57	26	15	-1	11.96	11.96
Fixation R	1	9	7282772753	7282876875	104122	813.66	442.57	26	15	-1	12.72	12.72
Fixation L	1	10	7282894884	7283308994	414110	843.93	452.43	83	21	-1	12.02	12.02
Fixation R	1	10	7282894884	7283308994	414110	843.93	452.43	83	21	-1	12.71	12.71
Saccade L	1	9	7283308994	7283330995	22001	855.63	448.22	822.74	454.18	0.67	42.38	0.57	30.52	1633.39	-1556.78	1117.45
Saccade R	1	9	7283308994	7283330995	22001	855.63	448.22	822.74	454.18	0.67	42.38	0.57	30.52	1633.39	-1556.78	1117.45
Fixation L	1	11	7283330995	7283493115	162120	815.67	440.11	14	23	-1	12.04	12.04
Fixation R	1	11	7283330995	7283493115	162120	815.67	440.11	14	23	-1	12.71	12.71
Saccade L	1	10	7283493115	7283521111	27996	818.57	434.17	925.93	442.48	2.35	151.70	0.53	84.11	6465.72	-6412.17	4689.49
Saccade R	1	10	7283493115	7283521111	27996	818.57	434.17	925.93	442.48	2.35	151.70	0.53	84.11	6465.72	-6412.17	4689.49
Fixation L	1	12	7283521111	7283695240	174129	931.65	438.17	19	17	-1	11.97	11.97
Fixation R	1	12	7283521111	7283695240	174129	931.65	438.17	19	17	-1	12.75	12.75
Saccade L	1	11	7283695240	7283721242	26002	926.06	430.80	924.07	469.24	0.81	43.03	0.46	31.24	1640.29	-1044.36	924.51
Saccade R	1	11	7283695240	7283721242	26002	926.06	430.80	924.07	469.24	0.81	43.03	0.46	31.24	1640.29	-1044.36	924.51
Fixation L	1	13	7283721242	7283807231	85989	926.63	452.63	20	33	-1	12.01	12.01
Fixation R	1	13	7283721242	7283807231	85989	926.63	452.63	20	33	-1	12.78	12.78
Saccade L	1	12	7283807231	7283831998	24767	931.65	463.20	965.00	449.31	0.79	44.64	0.49	31.75	1278.26	-1564.49	966.83
Saccade R	1	12	7283807231	7283831998	24767	931.65	463.20	965.00	449.31	0.79	44.64	0.49	31.75	1278.26	-1564.49	966.83
Fixation L	1	14	7283831998	7284133348	301350	979.35	451.06	27	41	-1	11.91	11.91
Fixation R	1	14	7283831998	7284133348	301350	979.35	451.06	27	41	-1	12.69	12.69
Saccade L	1	13	7284133348	7284165509	32161	980.71	460.51	1059.49	437.02	1.87	102.67	0.44	58.04	4022.27	-3936.88	2922.52
Saccade R	1	13	7284133348	7284165509	32161	980.71	460.51	1059.49	437.02	1.87	102.67	0.44	58.04	4022.27	-3936.88	2922.52
Fixation L	1	15	7284165509	7284579596	414087	1058.46	452.21	29	37	-1	11.90	11.90
Fixation R	1	15	7284165509	7284579596	414087	1058.46	452.21	29	37	-1	12.57	12.57
Saccade L	1	14	7284579596	7284607595	27999	1038.53	454.09	1142.07	449.18	2.22	156.77	0.43	79.25	5962.99	-6098.54	4351.77
Saccade R	1	14	7284579596	7284607595	27999	1038.53	454.09	1142.07	449.18	2.22	156.77	0.43	79.25	5962.99	-6098.54	4351.77
Fixation L	1	16	7284607595	7285323950	716355	1144.35	452.00	35	45	-1	11.51	11.51
Fixation R	1	16	7284607595	7285323950	716355	1144.35	452.00	35	45	-1	12.23	12.23
Saccade L	1	15	7285323950	7285407953	84003	1129.50	454.66	815.50	832.26	12.28	327.75	0.71	146.18	10259.42	-11991.37	6353.63
Saccade R	1	15	7285323950	7285407953	84003	1129.50	454.66	815.50	832.26	12.28	327.75	0.71	146.18	10259.42	-11991.37	6353.63
Saccade L	1	16	7285416363	7285440547	24184	831.35	894.20	833.04	824.11	0.74	43.32	0.40	30.60	684.74	-658.67	352.78
Saccade R	1	16	7285416363	7285440547	24184	831.35	894.20	833.04	824.11	0.74	43.32	0.40	30.60	684.74	-658.67	352.78
Saccade L	1	17	7285440547	7285489946	49399	833.04	824.11	882.34	872.19	1.69	46.18	0.31	34.19	925.04	-1008.25	729.28
Saccade R	1	17	7285440547	7285489946	49399	833.04	824.11	882.34	872.19	1.69	46.18	0.31	34.19	925.04	-1008.25	729.28
Fixation L	1	17	7285489946	7285830735	340789	870.25	873.97	42	38	-1	11.69	11.69
Fixation R	1	17	7285489946	7285830735	340789	870.25	873.97	42	38	-1	12.68	12.68
Saccade L	1	18	7285886183	7285913610	27427	846.05	888.66	876.64	840.89	1.10	56.01	0.36	40.08	1227.41	-1199.93	813.79
Saccade R	1	18	7285886183	7285913610	27427	846.05	888.66	876.64	840.89	1.10	56.01	0.36	40.08	1227.41	-1199.93	813.79
Saccade L	1	19	7285913610	7285940203	26593	876.64	840.89	870.44	905.59	1.20	71.53	0.47	45.29	1736.82	-495.25	758.62
Saccade R	1	19	7285913610	7285940203	26593	876.64	840.89	870.44	905.59	1.20	71.53	0.47	45.29	1736.82	-495.25	758.62
Saccade L	1	20	7285940203	7285966199	25996	870.44	905.59	921.14	876.19	1.29	77.31	0.46	49.51	519.56	-2528.86	1176.74
Saccade R	1	20	7285940203	7285966199	25996	870.44	905.59	921.14	876.19	1.29	77.31	0.46	49.51	519.56	-2528.86	1176.74
Fixation L	1	18	7285966199	7286420577	454378	873.94	875.62	68	53	-1	11.45	11.45
Fixation R	1	18	7285966199	7286420577	454378	873.94	875.62	68	53	-1	12.37	12.37
Saccade L	1	21	7286420577	7286444437	23860	894.21	866.13	860.37	884.05	0.76	43.95	0.33	31.82	1248.98	-1176.72	811.14
Saccade R	1	21	7286420577	7286444437	23860	894.21	866.13	860.37	884.05	0.76	43.95	0.33	31.82	1248.98	-1176.72	811.14
Saccade L	1	22	7286452887	7286484545	31658	856.81	887.51	917.76	896.54	1.38	70.55	0.49	43.60	2280.26	-2567.40	1775.01
Saccade R	1	22	7286452887	7286484545	31658	856.81	887.51	917.76	896.54	1.38	70.55	0.49	43.60	2280.26	-2567.40	1775.01
Fixation L	1	19	7286520430	7287638897	1118467	915.74	873.62	75	66	-1	11.66	11.66
Fixation R	1	19	7286520430	7287638897	1118467	915.74	873.62	75	66	-1	12.68	12.68
Saccade L	1	23	7287638897	7287667024	28127	950.04	871.38	888.97	878.44	1.29	81.58	0.43	45.87	3117.87	-3119.72	2250.35
Saccade R	1	23	7287638897	7287667024	28127	950.04	871.38	888.97	878.44	1.29	81.58	0.43	45.87	3117.87	-3119.72	2250.35
Fixation L	1	20	7287667024	7287897262	230238	899.97	888.72	41	48	-1	11.95	11.95
Fixation R	1	20	7287667024	7287897262	230238	899.97	888.72	41	48	-1	12.74	12.74
Saccade L	1	24	7287897262	7287927023	29761	929.57	919.01	901.34	874.07	1.13	58.36	0.47	37.86	2097.72	-2199.25	1556.32
Saccade R	1	24	7287897262	7287927023	29761	929.57	919.01	901.34	874.07	1.13	58.36	0.47	37.86	2097.72	-2199.25	1556.32
Fixation L	1	21	7287927023	7287979143	52120	915.50	873.36	43	10	-1	12.29	12.29
Fixation R	1	21	7287927023	7287979143	52120	915.50	873.36	43	10	-1	12.84	12.84
Saccade L	1	25	7287979143	7288015142	35999	948.72	878.50	883.77	887.96	1.56	66.27	0.50	43.20	1822.29	-2396.47	1555.34
Saccade R	1	25	7287979143	7288015142	35999	948.72	878.50	883.77	887.96	1.56	66.27	0.50	43.20	1822.29	-2396.47	1555.34
Fixation L	1	22	7288015142	7288091139	75997	891.92	890.85	25	20	-1	12.05	12.05
Fixation R	1	22	7288015142	7288091139	75997	891.92	890.85	25	20	-1	12.83	12.83
Saccade L	1	26	7288091139	7288118008	26869	882.79	893.84	923.32	881.15	0.82	44.33	0.46	30.69	1195.94	-1209.05	856.86
Saccade R	1	26	7288091139	7288118008	26869	882.79	893.84	923.32	881.15	0.82	44.33	0.46	30.69	1195.94	-1209.05	856.86
Fixation L	1	23	7288145140	7288753942	608802	883.65	878.17	50	47	-1	12.05	12.05
Fixation R	1	23	7288145140	7288753942	608802	883.65	878.17	50	47	-1	12.70	12.70
Saccade L	1	27	7288753942	7288789626	35684	878.64	865.59	926.97	870.76	1.12	42.04	0.32	31.35	1080.85	-1353.12	859.67
Saccade R	1	27	7288753942	7288789626	35684	878.64	865.59	926.97	870.76	1.12	42.04	0.32	31.35	1080.85	-1353.12	859.67
Saccade L	1	28	7288799503	7288827500	27997	931.95	872.21	883.06	895.95	1.08	57.62	0.50	38.75	1901.10	-2180.74	1515.67
Saccade R	1	28	7288799503	7288827500	27997	931.95	872.21	883.06	895.95	1.08	57.62	0.50	38.75	1901.10	-2180.74	1515.67
Fixation L	1	24	7288827500	7289027637	200137	872.69	898.91	21	25	-1	11.94	11.94
Fixation R	1	24	7288827500	7289027637	200137	872.69	898.91	21	25	-1	12.52	12.52
Saccade L	1	29	7289027637	7289057695	30058	866.24	910.80	908.30	888.22	1.00	46.13	0.53	33.21	1730.53	-1491.52	1182.08
Saccade R	1	29	7289027637	7289057695	30058	866.24	910.80	908.30	888.22	1.00	46.13	0.53	33.21	1730.53	-1491.52	1182.08
Fixation L	1	25	7289057695	7289231618	173923	898.39	868.45	21	28	-1	11.89	11.89
Fixation R	1	25	7289057695	7289231618	173923	898.39	868.45	21	28	-1	12.49	12.49
Fixation L	1	26	7289251625	7289743855	492230	880.81	875.76	31	39	-1	11.89	11.89
Fixation R	1	26	7289251625	7289743855	492230	880.81	875.76	31	39	-1	12.43	12.43
Saccade L	1	30	7289743855	7289777850	33995	867.13	897.69	655.49	887.46	4.73	250.83	0.47	139.08	11098.03	-11195.35	8351.10
Saccade R	1	30	7289743855	7289777850	33995	867.13	897.69	655.49	887.46	4.73	250.83	0.47	139.08	11098.03	-11195.35	8351.10
Fixation L	1	27	7289777850	7290025985	248135	642.30	895.15	61	50	-1	12.06	12.06
Fixation R	1	27	7289777850	7290025985	248135	642.30	895.15	61	50	-1	12.31	12.31
Saccade L	1	31	7290025985	7290051970	25985	604.85	932.35	711.51	881.96	2.44	181.43	0.54	94.09	7197.17	-7168.48	5187.37
Saccade R	1	31	7290025985	7290051970	25985	604.85	932.35	711.51	881.96	2.44	181.43	0.54	94.09	7197.17	-7168.48	5187.37
Fixation L	1	28	7290051970	7290234095	182125	707.47	889.79	36	31	-1	12.33	12.33
Fixation R	1	28	7290051970	7290234095	182125	707.47	889.79	36	31	-1	12.83	12.83
Saccade L	1	32	7290234095	7290270095	36000	712.21	904.28	807.71	920.80	3.17	212.04	0.28	87.96	7484.71	-7033.78	4236.82
Saccade R	1	32	7290234095	7290270095	36000	712.21	904.28	807.71	920.80	3.17	212.04	0.28	87.96	7484.71	-7033.78	4236.82
Fixation L	1	29	7290270095	7290426208	156113	820.73	928.67	19	16	-1	11.86	11.86
Fixation R	1	29	7290270095	7290426208	156113	820.73	928.67	19	16	-1	12.48	12.48
Saccade L	1	33	7290426208	7290456664	30456	820.98	934.78	910.12	874.36	2.50	167.05	0.39	82.09	6664.83	-6458.96	4794.13
Saccade R	1	33	7290426208	7290456664	30456	820.98	934.78	910.12	874.36	2.50	167.05	0.39	82.09	6664.83	-6458.96	4794.13
Fixation L	1	30	7290456664	7290518218	61554	912.27	868.11	17	13	-1	11.77	11.77
Fixation R	1	30	7290456664	7290518218	61554	912.27	868.11	17	13	-1	12.53	12.53
Saccade L	1	34	7290518218	7290566218	48000	922.04	869.70	884.06	923.72	1.69	62.15	0.58	35.23	1705.20	-2047.30	1215.67
Saccade R	1	34	7290518218	7290566218	48000	922.04	869.70	884.06	923.72	1.69	62.15	0.58	35.23	1705.20	-2047.30	1215.67
Saccade L	1	35	7290586705	7290616839	30134	890.28	925.69	874.09	875.67	1.12	51.61	0.45	37.20	1901.16	-1988.90	1410.36
Saccade R	1	35	7290586705	7290616839	30134	890.28	925.69	874.09	875.67	1.12	51.61	0.45	37.20	1901.16	-1988.90	1410.36
Saccade L	1	36	7290650338	7290687248	36910	871.52	870.56	1002.79	900.48	3.36	216.80	0.39	91.02	9042.04	-8228.84	5739.76
Saccade R	1	36	7290650338	7290687248	36910	871.52	870.56	1002.79	900.48	3.36	216.80	0.39	91.02	9042.04	-8228.84	5739.76
Fixation L	1	31	7290687248	7291326574	639326	1009.23	878.80	76	60	-1	12.03	12.03
Fixation R	1	31	7290687248	7291326574	639326	1009.23	878.80	76	60	-1	13.04	13.04
Saccade L	1	37	7291326574	7291360575	34001	1001.89	894.72	854.43	909.75	3.33	186.33	0.53	98.08	7271.18	-7804.47	5584.07
Saccade R	1	37	7291326574	7291360575	34001	1001.89	894.72	854.43	909.75	3.33	186.33	0.53	98.08	7271.18	-7804.47	5584.07
Fixation L	1	32	7291360575	7291566691	206116	854.49	918.86	24	24	-1	12.44	12.44
Fixation R	1	32	7291360575	7291566691	206116	854.49	918.86	24	24	-1	13.51	13.51
Saccade L	1	38	7291566691	7291592694	26003	855.18	918.41	874.88	870.92	1.16	76.08	0.54	44.76	2439.96	-1884.77	1583.50
Saccade R	1	38	7291566691	7291592694	26003	855.18	918.41	874.88	870.92	1.16	76.08	0.54	44.76	2439.96	-1884.77	1583.50
Fixation L	1	33	7291616691	7291836811	220120	886.33	909.82	19	21	-1	12.31	12.31
Fixation R	1	33	7291616691	7291836811	220120	886.33	909.82	19	21	-1	13.55	13.55
