[BeGaze]
Converted from:	C:\Program Files\SMI\Experiment Suite 360\Experiment Center 2\Results\RC-Attachment-Exp\P31-eye_data.idf
Date:	18.03.2012 20:26:34
Version:	BeGaze 3.0.181
Sample Rate:	500
Subject:	P31
Description:	Run36

Table Header for Fixations:
Event Type	Trial	Number	Start	End	Duration	Location X	Location Y	Dispersion X	Dispersion Y	Plane	Avg. Pupil Size X	Avg. Pupil Size Y

Table Header for Saccades:
Event Type	Trial	Number	Start	End	Duration	Start Loc.X	Start Loc.Y	End Loc.X	End Loc.Y	Amplitude	Peak Speed	Peak Speed At	Average Speed	Peak Accel.	Peak Decel.	Average Accel.

Table Header for Blinks:
Event Type	Trial	Number	Start	End	Duration

Table Header for User Events:
Event Type	Trial	Number	Start	Description

UserEvent	1	1	4661846426	# Message: RC-nonforced-anim-1.jpg
Fixation L	1	1	4661846730	4662558918	712188	501.65	450.83	52	52	-1	11.04	11.04
Fixation R	1	1	4661846730	4662558918	712188	501.65	450.83	52	52	-1	11.44	11.44
Saccade L	1	1	4662558918	4662604932	46014	532.92	459.58	620.10	459.40	1.90	70.53	0.26	41.40	3056.85	-1765.74	1569.28
Saccade R	1	1	4662558918	4662604932	46014	532.92	459.58	620.10	459.40	1.90	70.53	0.26	41.40	3056.85	-1765.74	1569.28
Fixation L	1	2	4662604932	4662751036	146104	634.74	450.53	24	29	-1	10.95	10.95
Fixation R	1	2	4662604932	4662751036	146104	634.74	450.53	24	29	-1	11.43	11.43
Saccade L	1	2	4662751036	4662787592	36556	633.65	443.10	723.04	450.95	2.08	96.37	0.44	56.80	3669.52	-3593.24	2675.67
Saccade R	1	2	4662751036	4662787592	36556	633.65	443.10	723.04	450.95	2.08	96.37	0.44	56.80	3669.52	-3593.24	2675.67
Fixation L	1	3	4662787592	4663029156	241564	724.36	457.52	23	28	-1	10.80	10.80
Fixation R	1	3	4662787592	4663029156	241564	724.36	457.52	23	28	-1	11.29	11.29
Saccade L	1	3	4663029156	4663057779	28623	715.00	448.71	768.89	450.53	1.26	73.08	0.42	43.88	2746.81	-2953.29	2094.55
Saccade R	1	3	4663029156	4663057779	28623	715.00	448.71	768.89	450.53	1.26	73.08	0.42	43.88	2746.81	-2953.29	2094.55
Fixation L	1	4	4663057779	4663296000	238221	767.04	453.44	18	40	-1	10.66	10.66
Fixation R	1	4	4663057779	4663296000	238221	767.04	453.44	18	40	-1	11.20	11.20
Saccade L	1	4	4663296000	4663327268	31268	764.31	457.23	821.24	448.36	1.18	62.96	0.31	37.89	2216.45	-1822.75	1451.90
Saccade R	1	4	4663296000	4663327268	31268	764.31	457.23	821.24	448.36	1.18	62.96	0.31	37.89	2216.45	-1822.75	1451.90
Fixation L	1	5	4663327268	4663521396	194128	847.17	431.02	35	29	-1	10.59	10.59
Fixation R	1	5	4663327268	4663521396	194128	847.17	431.02	35	29	-1	11.16	11.16
Saccade L	1	5	4663521396	4663545395	23999	851.61	420.05	900.16	421.34	0.99	64.48	0.50	41.22	2520.86	-2516.04	1769.21
Saccade R	1	5	4663521396	4663545395	23999	851.61	420.05	900.16	421.34	0.99	64.48	0.50	41.22	2520.86	-2516.04	1769.21
Fixation L	1	6	4663545395	4663713394	167999	906.01	422.70	21	11	-1	10.76	10.76
Fixation R	1	6	4663545395	4663713394	167999	906.01	422.70	21	11	-1	11.33	11.33
Saccade L	1	6	4663713394	4663749379	35985	913.34	420.48	970.34	417.40	1.33	56.36	0.28	37.06	2416.53	-1720.13	1454.74
Saccade R	1	6	4663713394	4663749379	35985	913.34	420.48	970.34	417.40	1.33	56.36	0.28	37.06	2416.53	-1720.13	1454.74
Fixation L	1	7	4663749379	4664289736	540357	971.07	437.21	25	57	-1	10.48	10.48
Fixation R	1	7	4663749379	4664289736	540357	971.07	437.21	25	57	-1	11.02	11.02
Saccade L	1	7	4664289736	4664319741	30005	985.11	461.07	1038.88	443.49	1.23	68.26	0.43	41.11	2675.71	-2246.10	1782.84
Saccade R	1	7	4664289736	4664319741	30005	985.11	461.07	1038.88	443.49	1.23	68.26	0.43	41.11	2675.71	-2246.10	1782.84
Fixation L	1	8	4664319741	4664498141	178400	1060.99	440.77	33	14	-1	10.27	10.27
Fixation R	1	8	4664319741	4664498141	178400	1060.99	440.77	33	14	-1	10.93	10.93
Saccade L	1	8	4664498141	4664529854	31713	1068.90	448.79	1126.93	442.67	1.24	62.41	0.43	39.04	2378.28	-2126.86	1647.35
Saccade R	1	8	4664498141	4664529854	31713	1068.90	448.79	1126.93	442.67	1.24	62.41	0.43	39.04	2378.28	-2126.86	1647.35
Fixation L	1	9	4664529854	4664729854	200000	1135.54	441.61	28	14	-1	10.38	10.38
Fixation R	1	9	4664529854	4664729854	200000	1135.54	441.61	28	14	-1	11.09	11.09
Saccade L	1	9	4664729854	4664775845	45991	1151.74	443.35	908.45	425.44	5.51	300.49	0.35	119.88	12839.57	-11915.84	7626.07
Saccade R	1	9	4664729854	4664775845	45991	1151.74	443.35	908.45	425.44	5.51	300.49	0.35	119.88	12839.57	-11915.84	7626.07
Fixation L	1	10	4664775845	4664913962	138117	890.24	437.83	32	26	-1	10.62	10.62
Fixation R	1	10	4664775845	4664913962	138117	890.24	437.83	32	26	-1	11.07	11.07
Blink L	1	1	4664931960	4665111009	179049
Blink R	1	1	4664931960	4665111009	179049
Fixation L	1	11	4665111009	4665292078	181069	942.78	416.02	31	36	-1	10.45	10.45
Fixation R	1	11	4665111009	4665292078	181069	942.78	416.02	31	36	-1	11.23	11.23
Saccade L	1	10	4665292078	4665336203	44125	948.01	425.77	1022.77	429.62	1.74	61.31	0.32	39.39	2237.37	-1358.25	1306.09
Saccade R	1	10	4665292078	4665336203	44125	948.01	425.77	1022.77	429.62	1.74	61.31	0.32	39.39	2237.37	-1358.25	1306.09
Fixation L	1	12	4665336203	4665710313	374110	1031.72	440.86	29	26	-1	10.57	10.57
Fixation R	1	12	4665336203	4665710313	374110	1031.72	440.86	29	26	-1	11.20	11.20
Saccade L	1	11	4665710313	4665804331	94018	1026.03	427.68	945.05	948.67	12.38	288.26	0.38	131.66	11914.35	-8963.54	5008.48
Saccade R	1	11	4665710313	4665804331	94018	1026.03	427.68	945.05	948.67	12.38	288.26	0.38	131.66	11914.35	-8963.54	5008.48
Saccade L	1	12	4665844306	4665872982	28676	949.19	921.69	933.78	853.94	1.71	107.25	0.56	59.59	3573.26	-3898.88	2676.42
Saccade R	1	12	4665844306	4665872982	28676	949.19	921.69	933.78	853.94	1.71	107.25	0.56	59.59	3573.26	-3898.88	2676.42
Fixation L	1	13	4665872982	4666274547	401565	925.49	876.57	84	48	-1	10.02	10.02
Fixation R	1	13	4665872982	4666274547	401565	925.49	876.57	84	48	-1	10.66	10.66
