[BeGaze]
Converted from:	C:\Program Files\SMI\Experiment Suite 360\Experiment Center 2\Results\RC-Attachment-Exp\P06-eye_data.idf
Date:	18.03.2012 20:06:15
Version:	BeGaze 3.0.181
Sample Rate:	500
Subject:	P06
Description:	kibrisli

Table Header for Fixations:
Event Type	Trial	Number	Start	End	Duration	Location X	Location Y	Dispersion X	Dispersion Y	Plane	Avg. Pupil Size X	Avg. Pupil Size Y

Table Header for Saccades:
Event Type	Trial	Number	Start	End	Duration	Start Loc.X	Start Loc.Y	End Loc.X	End Loc.Y	Amplitude	Peak Speed	Peak Speed At	Average Speed	Peak Accel.	Peak Decel.	Average Accel.

Table Header for Blinks:
Event Type	Trial	Number	Start	End	Duration

Table Header for User Events:
Event Type	Trial	Number	Start	Description

UserEvent	1	1	7111612344	# Message: Questionnaire16.jpg
Fixation L	1	1	7111615965	7112025531	409566	835.05	968.14	36	26	-1	14.09	14.09
Fixation R	1	1	7111615965	7112025531	409566	835.05	968.14	36	26	-1	14.23	14.23
Saccade L	1	1	7112025531	7112093559	68028	852.28	966.27	390.05	400.80	16.67	522.37	0.24	244.99	22440.58	-10492.83	10275.66
Saccade R	1	1	7112025531	7112093559	68028	852.28	966.27	390.05	400.80	16.67	522.37	0.24	244.99	22440.58	-10492.83	10275.66
Fixation L	1	2	7112093559	7112257651	164092	398.29	417.38	23	49	-1	14.64	14.64
Fixation R	1	2	7112093559	7112257651	164092	398.29	417.38	23	49	-1	14.56	14.56
Saccade L	1	2	7112257651	7112287673	30022	406.60	404.86	398.57	442.75	0.90	40.71	0.40	29.98	1039.74	-833.85	698.61
Saccade R	1	2	7112257651	7112287673	30022	406.60	404.86	398.57	442.75	0.90	40.71	0.40	29.98	1039.74	-833.85	698.61
Saccade L	1	3	7112291649	7112327658	36009	394.79	441.39	497.61	407.32	2.65	175.10	0.61	73.60	6390.03	-7167.05	4162.86
Saccade R	1	3	7112291649	7112327658	36009	394.79	441.39	497.61	407.32	2.65	175.10	0.61	73.60	6390.03	-7167.05	4162.86
Fixation L	1	3	7112327658	7112513647	185989	493.57	402.32	46	47	-1	14.63	14.63
Fixation R	1	3	7112327658	7112513647	185989	493.57	402.32	46	47	-1	14.45	14.45
Saccade L	1	4	7112513647	7112575095	61448	503.61	428.95	374.40	410.20	3.91	145.12	0.29	63.59	5878.43	-5487.01	3494.69
Saccade R	1	4	7112513647	7112575095	61448	503.61	428.95	374.40	410.20	3.91	145.12	0.29	63.59	5878.43	-5487.01	3494.69
Saccade L	1	5	7112609604	7112633770	24166	370.16	410.22	393.84	379.01	0.79	48.07	0.51	32.77	1676.30	-1433.46	1115.84
Saccade R	1	5	7112609604	7112633770	24166	370.16	410.22	393.84	379.01	0.79	48.07	0.51	32.77	1676.30	-1433.46	1115.84
Saccade L	1	6	7112644086	7112690396	46310	390.31	377.89	391.60	443.41	1.58	53.01	0.55	34.13	1409.94	-1899.35	1134.44
Saccade R	1	6	7112644086	7112690396	46310	390.31	377.89	391.60	443.41	1.58	53.01	0.55	34.13	1409.94	-1899.35	1134.44
Fixation L	1	4	7112690396	7112783767	93371	376.80	435.06	26	38	-1	15.09	15.09
Fixation R	1	4	7112690396	7112783767	93371	376.80	435.06	26	38	-1	14.93	14.93
Saccade L	1	7	7112783767	7112815942	32175	369.49	408.35	465.76	421.69	2.31	138.39	0.44	71.82	5197.46	-5329.80	3891.58
Saccade R	1	7	7112783767	7112815942	32175	369.49	408.35	465.76	421.69	2.31	138.39	0.44	71.82	5197.46	-5329.80	3891.58
Fixation L	1	5	7112815942	7113145874	329932	474.53	409.68	28	40	-1	15.56	15.56
Fixation R	1	5	7112815942	7113145874	329932	474.53	409.68	28	40	-1	15.37	15.37
Saccade L	1	8	7113145874	7113168908	23034	482.58	423.38	538.17	409.24	1.27	95.24	0.38	54.92	3492.76	-3551.67	2373.09
Saccade R	1	8	7113145874	7113168908	23034	482.58	423.38	538.17	409.24	1.27	95.24	0.38	54.92	3492.76	-3551.67	2373.09
Fixation L	1	6	7113168908	7113538200	369292	543.33	404.08	21	74	-1	15.84	15.84
Fixation R	1	6	7113168908	7113538200	369292	543.33	404.08	21	74	-1	15.73	15.73
Saccade L	1	9	7113538200	7113565020	26820	545.26	444.41	542.42	414.59	0.92	48.86	0.44	34.17	1759.84	-1260.79	1039.81
Saccade R	1	9	7113538200	7113565020	26820	545.26	444.41	542.42	414.59	0.92	48.86	0.44	34.17	1759.84	-1260.79	1039.81
Saccade L	1	10	7113613388	7113664261	50873	546.98	371.93	588.63	440.02	2.11	65.73	0.69	41.41	1646.36	-2499.37	1210.83
Saccade R	1	10	7113613388	7113664261	50873	546.98	371.93	588.63	440.02	2.11	65.73	0.69	41.41	1646.36	-2499.37	1210.83
Fixation L	1	7	7113664261	7113725788	61527	572.87	437.13	39	6	-1	15.81	15.81
Fixation R	1	7	7113664261	7113725788	61527	572.87	437.13	39	6	-1	15.65	15.65
Saccade L	1	11	7113725788	7113754249	28461	548.54	436.71	654.05	409.45	2.42	156.11	0.58	84.90	6188.54	-6698.53	4618.51
Saccade R	1	11	7113725788	7113754249	28461	548.54	436.71	654.05	409.45	2.42	156.11	0.58	84.90	6188.54	-6698.53	4618.51
Fixation L	1	8	7113754249	7114136385	382136	645.89	396.28	25	58	-1	15.76	15.76
Fixation R	1	8	7113754249	7114136385	382136	645.89	396.28	25	58	-1	15.59	15.59
Saccade L	1	12	7114136385	7114171079	34694	649.49	377.27	721.71	407.30	1.71	85.01	0.41	49.16	3625.89	-3283.87	2456.88
Saccade R	1	12	7114136385	7114171079	34694	649.49	377.27	721.71	407.30	1.71	85.01	0.41	49.16	3625.89	-3283.87	2456.88
Fixation L	1	9	7114171079	7114484101	313022	714.90	393.04	39	37	-1	15.80	15.80
Fixation R	1	9	7114171079	7114484101	313022	714.90	393.04	39	37	-1	15.60	15.60
Saccade L	1	13	7114484101	7114539838	55737	715.94	372.57	422.94	395.05	7.02	297.78	0.30	125.98	12207.90	-9527.00	6804.88
Saccade R	1	13	7114484101	7114539838	55737	715.94	372.57	422.94	395.05	7.02	297.78	0.30	125.98	12207.90	-9527.00	6804.88
Fixation L	1	10	7114539838	7114876727	336889	421.54	400.67	70	40	-1	15.85	15.85
Fixation R	1	10	7114539838	7114876727	336889	421.54	400.67	70	40	-1	15.38	15.38
Saccade L	1	14	7114876727	7114898728	22001	382.04	415.85	415.95	421.34	0.68	43.42	0.36	30.84	1409.97	-1818.56	1167.80
Saccade R	1	14	7114876727	7114898728	22001	382.04	415.85	415.95	421.34	0.68	43.42	0.36	30.84	1409.97	-1818.56	1167.80
Saccade L	1	15	7114914737	7114943080	28343	414.35	421.17	481.88	404.09	1.48	92.36	0.46	52.25	3859.27	-3355.44	2560.12
Saccade R	1	15	7114914737	7114943080	28343	414.35	421.17	481.88	404.09	1.48	92.36	0.46	52.25	3859.27	-3355.44	2560.12
Fixation L	1	11	7114943080	7115167784	224704	466.08	394.63	27	23	-1	15.79	15.79
Fixation R	1	11	7114943080	7115167784	224704	466.08	394.63	27	23	-1	15.25	15.25
Saccade L	1	16	7115167784	7115193228	25444	469.51	407.53	531.26	404.22	1.28	86.07	0.51	50.21	3374.19	-3221.46	2348.36
Saccade R	1	16	7115167784	7115193228	25444	469.51	407.53	531.26	404.22	1.28	86.07	0.51	50.21	3374.19	-3221.46	2348.36
Fixation L	1	12	7115193228	7115306990	113762	535.45	411.15	13	16	-1	15.66	15.66
Fixation R	1	12	7115193228	7115306990	113762	535.45	411.15	13	16	-1	15.20	15.20
Saccade L	1	17	7115306990	7115337076	30086	536.85	406.31	402.56	468.12	3.77	243.54	0.48	125.29	10099.32	-9201.58	6801.75
Saccade R	1	17	7115306990	7115337076	30086	536.85	406.31	402.56	468.12	3.77	243.54	0.48	125.29	10099.32	-9201.58	6801.75
Saccade L	1	18	7115375706	7115430969	55263	415.10	486.53	393.42	496.08	1.70	48.13	0.35	30.72	1458.44	-884.14	642.80
Saccade R	1	18	7115375706	7115430969	55263	415.10	486.53	393.42	496.08	1.70	48.13	0.35	30.72	1458.44	-884.14	642.80
Saccade L	1	19	7115440977	7115465126	24149	395.15	495.14	402.20	454.34	0.92	54.42	0.57	37.91	1690.90	-1208.54	1079.11
Saccade R	1	19	7115440977	7115465126	24149	395.15	495.14	402.20	454.34	0.92	54.42	0.57	37.91	1690.90	-1208.54	1079.11
Saccade L	1	20	7115469002	7115502963	33961	398.39	453.67	401.90	500.73	1.21	50.03	0.53	35.59	1297.61	-1341.90	850.78
Saccade R	1	20	7115469002	7115502963	33961	398.39	453.67	401.90	500.73	1.21	50.03	0.53	35.59	1297.61	-1341.90	850.78
Fixation L	1	13	7115502963	7115645570	142607	398.11	496.40	39	45	-1	15.64	15.64
Fixation R	1	13	7115502963	7115645570	142607	398.11	496.40	39	45	-1	15.12	15.12
Saccade L	1	21	7115671484	7115696873	25389	424.33	474.67	399.05	507.03	0.97	57.00	0.54	38.08	19824.72	-410.77	3730.33
Saccade R	1	21	7115671484	7115696873	25389	424.33	474.67	399.05	507.03	0.97	57.00	0.54	38.08	19824.72	-410.77	3730.33
Blink L	1	1	7115700615	7115809670	109055
Blink R	1	1	7115700615	7115809670	109055
Fixation L	1	14	7115809670	7115951208	141538	388.61	527.10	32	23	-1	15.77	15.77
Fixation R	1	14	7115809670	7115951208	141538	388.61	527.10	32	23	-1	15.21	15.21
Saccade L	1	22	7115951208	7115989747	38539	404.48	508.69	361.05	505.46	1.16	41.78	0.74	30.02	938.29	-1222.94	751.11
Saccade R	1	22	7115951208	7115989747	38539	404.48	508.69	361.05	505.46	1.16	41.78	0.74	30.02	938.29	-1222.94	751.11
Saccade L	1	23	7115999267	7116033995	34728	360.68	505.42	389.87	548.28	1.12	43.94	0.39	32.18	1461.56	-1116.54	951.99
Saccade R	1	23	7115999267	7116033995	34728	360.68	505.42	389.87	548.28	1.12	43.94	0.39	32.18	1461.56	-1116.54	951.99
Blink L	1	2	7116071353	7116205325	133972
Blink R	1	2	7116071353	7116205325	133972
Fixation L	1	15	7116205325	7116295454	90129	412.40	538.63	43	21	-1	15.52	15.52
Fixation R	1	15	7116205325	7116295454	90129	412.40	538.63	43	21	-1	15.01	15.01
Saccade L	1	24	7116295454	7116327455	32001	428.60	529.16	350.03	516.66	1.69	88.47	0.44	52.80	3085.85	-3356.21	2331.26
Saccade R	1	24	7116295454	7116327455	32001	428.60	529.16	350.03	516.66	1.69	88.47	0.44	52.80	3085.85	-3356.21	2331.26
Fixation L	1	16	7116327455	7116403793	76338	388.02	514.59	74	15	-1	15.67	15.67
Fixation R	1	16	7116327455	7116403793	76338	388.02	514.59	74	15	-1	15.02	15.02
UserEvent	1	104	7116385611	# Message: UE-mouseclick left x=361 y=468
Saccade L	1	25	7116403793	7116440092	36299	416.18	525.85	367.45	532.34	1.18	48.12	0.43	32.62	1451.65	-1206.69	949.52
Saccade R	1	25	7116403793	7116440092	36299	416.18	525.85	367.45	532.34	1.18	48.12	0.43	32.62	1451.65	-1206.69	949.52
Fixation L	1	17	7116440092	7116493464	53372	388.54	517.24	46	24	-1	15.52	15.52
Fixation R	1	17	7116440092	7116493464	53372	388.54	517.24	46	24	-1	14.93	14.93
Saccade L	1	26	7116493464	7116529639	36175	405.99	520.89	378.13	530.58	1.08	43.77	0.36	29.81	3948.81	-290.77	1216.20
Saccade R	1	26	7116493464	7116529639	36175	405.99	520.89	378.13	530.58	1.08	43.77	0.36	29.81	3948.81	-290.77	1216.20
Saccade L	1	27	7116554629	7116583595	28966	372.60	450.69	397.56	523.86	1.96	133.81	0.45	67.70	-6.57	-5017.86	2595.36
Saccade R	1	27	7116554629	7116583595	28966	372.60	450.69	397.56	523.86	1.96	133.81	0.45	67.70	-6.57	-5017.86	2595.36
Fixation L	1	18	7116583595	7116713583	129988	402.24	513.97	16	25	-1	15.19	15.19
Fixation R	1	18	7116583595	7116713583	129988	402.24	513.97	16	25	-1	14.52	14.52
Saccade L	1	28	7116713583	7116739553	25970	394.43	508.89	359.49	521.05	0.83	45.75	0.41	32.13	1568.26	-1593.80	1076.89
Saccade R	1	28	7116713583	7116739553	25970	394.43	508.89	359.49	521.05	0.83	45.75	0.41	32.13	1568.26	-1593.80	1076.89
Saccade L	1	29	7116757574	7116797571	39997	359.12	529.34	404.82	562.53	1.30	50.18	0.50	32.53	1451.29	-1781.60	1173.93
Saccade R	1	29	7116757574	7116797571	39997	359.12	529.34	404.82	562.53	1.30	50.18	0.50	32.53	1451.29	-1781.60	1173.93
Fixation L	1	19	7116797571	7116883701	86130	403.19	562.29	11	14	-1	14.71	14.71
Fixation R	1	19	7116797571	7116883701	86130	403.19	562.29	11	14	-1	14.27	14.27
Blink L	1	3	7116883701	7116989715	106014
Blink R	1	3	7116883701	7116989715	106014
Saccade L	1	30	7116989715	7117025693	35978	378.41	522.94	431.60	429.26	2.76	145.86	0.50	76.64	3115.24	-5717.16	3210.93
Saccade R	1	30	7116989715	7117025693	35978	378.41	522.94	431.60	429.26	2.76	145.86	0.50	76.64	3115.24	-5717.16	3210.93
Saccade L	1	31	7117057718	7117091695	33977	418.14	424.13	445.71	379.13	1.17	47.74	0.54	34.54	1331.22	-1387.30	1017.54
Saccade R	1	31	7117057718	7117091695	33977	418.14	424.13	445.71	379.13	1.17	47.74	0.54	34.54	1331.22	-1387.30	1017.54
Saccade L	1	32	7117123873	7117162636	38763	427.78	368.75	444.57	440.47	1.63	78.10	0.26	42.00	2793.40	-2307.45	1627.62
Saccade R	1	32	7117123873	7117162636	38763	427.78	368.75	444.57	440.47	1.63	78.10	0.26	42.00	2793.40	-2307.45	1627.62
Saccade L	1	33	7117175845	7117205838	29993	436.79	443.55	368.29	407.56	1.70	109.30	0.40	56.83	3840.39	-3907.41	2760.69
Saccade R	1	33	7117175845	7117205838	29993	436.79	443.55	368.29	407.56	1.70	109.30	0.40	56.83	3840.39	-3907.41	2760.69
Saccade L	1	34	7117246266	7117294275	48009	366.40	403.57	483.84	420.60	2.60	92.24	0.57	54.11	2615.46	-3207.33	1897.58
Saccade R	1	34	7117246266	7117294275	48009	366.40	403.57	483.84	420.60	2.60	92.24	0.57	54.11	2615.46	-3207.33	1897.58
Saccade L	1	35	7117303815	7117330266	26451	483.72	413.55	447.98	405.69	0.78	42.79	0.60	29.63	1259.09	-1595.42	918.03
Saccade R	1	35	7117303815	7117330266	26451	483.72	413.55	447.98	405.69	0.78	42.79	0.60	29.63	1259.09	-1595.42	918.03
Fixation L	1	20	7117330266	7117517992	187726	444.35	414.12	30	28	-1	14.74	14.74
Fixation R	1	20	7117330266	7117517992	187726	444.35	414.12	30	28	-1	14.70	14.70
Saccade L	1	36	7117517992	7117548833	30841	468.28	434.24	422.38	533.15	3.03	168.88	0.58	98.27	6756.80	-6753.94	5042.59
Saccade R	1	36	7117517992	7117548833	30841	468.28	434.24	422.38	533.15	3.03	168.88	0.58	98.27	6756.80	-6753.94	5042.59
Fixation L	1	21	7117548833	7117626011	77178	430.18	531.11	39	6	-1	15.34	15.34
Fixation R	1	21	7117548833	7117626011	77178	430.18	531.11	39	6	-1	15.11	15.11
Saccade L	1	37	7117652109	7117678111	26002	458.00	519.44	415.55	542.99	0.84	55.58	0.46	32.48	1448.46	-1320.56	1043.61
Saccade R	1	37	7117652109	7117678111	26002	458.00	519.44	415.55	542.99	0.84	55.58	0.46	32.48	1448.46	-1320.56	1043.61
Fixation L	1	22	7117678111	7117738066	59955	403.07	531.75	25	15	-1	15.51	15.51
Fixation R	1	22	7117678111	7117738066	59955	403.07	531.75	25	15	-1	15.46	15.46
Saccade L	1	38	7117738066	7117768124	30058	398.95	528.12	366.85	490.36	1.04	49.75	0.33	34.45	2053.13	-1695.24	1286.53
Saccade R	1	38	7117738066	7117768124	30058	398.95	528.12	366.85	490.36	1.04	49.75	0.33	34.45	2053.13	-1695.24	1286.53
Blink L	1	4	7117796114	7117990225	194111
Blink R	1	4	7117796114	7117990225	194111
Blink L	1	5	7118008169	7118038173	30004
Blink R	1	5	7118008169	7118038173	30004
Blink L	1	6	7118038173	7118074229	36056
Blink R	1	6	7118038173	7118074229	36056
Blink L	1	7	7118074229	7118122191	47962
Blink R	1	7	7118074229	7118122191	47962
Fixation L	1	23	7118122191	7118370291	248100	0.00	0.00	0	0	-1	0.00	0.00
Fixation R	1	23	7118122191	7118370291	248100	0.00	0.00	0	0	-1	0.00	0.00
Saccade L	1	39	7118370291	7118424294	54003	0.00	0.00	349.90	448.25	13.03	824.89	0.41	241.24	27224.35	-29327.48	15041.30
Saccade R	1	39	7118370291	7118424294	54003	0.00	0.00	349.90	448.25	13.03	824.89	0.41	241.24	27224.35	-29327.48	15041.30
Saccade L	1	40	7118432420	7118460436	28016	346.06	453.69	362.44	505.62	1.19	69.58	0.49	42.45	2155.46	-2443.70	1644.56
Saccade R	1	40	7118432420	7118460436	28016	346.06	453.69	362.44	505.62	1.19	69.58	0.49	42.45	2155.46	-2443.70	1644.56
Saccade L	1	41	7118494414	7118525008	30594	357.65	500.65	370.29	498.93	7.87	439.20	0.65	257.11	16654.95	-1529.38	9402.65
Saccade R	1	41	7118494414	7118525008	30594	357.65	500.65	370.29	498.93	7.87	439.20	0.65	257.11	16654.95	-1529.38	9402.65
Blink L	1	8	7118525008	7118598424	73416
Blink R	1	8	7118525008	7118598424	73416
Saccade L	1	42	7118598424	7118636408	37984	416.71	512.47	256.67	493.60	20.47	1074.66	0.68	539.02	23254.08	-40555.55	17176.94
Saccade R	1	42	7118598424	7118636408	37984	416.71	512.47	256.67	493.60	20.47	1074.66	0.68	539.02	23254.08	-40555.55	17176.94
Fixation L	1	24	7118636408	7118740416	104008	265.58	494.98	16	17	-1	15.56	15.56
Fixation R	1	24	7118636408	7118740416	104008	265.58	494.98	16	17	-1	15.46	15.46
Saccade L	1	43	7118740416	7118796619	56203	270.61	509.47	343.14	486.70	3.28	142.36	0.45	58.36	4522.91	-3671.65	2593.94
Saccade R	1	43	7118740416	7118796619	56203	270.61	509.47	343.14	486.70	3.28	142.36	0.45	58.36	4522.91	-3671.65	2593.94
Saccade L	1	44	7118851405	7118876822	25417	358.27	490.28	278.24	430.38	2.12	161.94	0.30	83.22	5537.05	-5873.52	3798.50
Saccade R	1	44	7118851405	7118876822	25417	358.27	490.28	278.24	430.38	2.12	161.94	0.30	83.22	5537.05	-5873.52	3798.50
Saccade L	1	45	7118894631	7118946537	51906	264.60	418.21	396.09	538.47	4.49	238.55	0.27	86.45	8171.50	-6396.17	4120.66
Saccade R	1	45	7118894631	7118946537	51906	264.60	418.21	396.09	538.47	4.49	238.55	0.27	86.45	8171.50	-6396.17	4120.66
Fixation L	1	25	7118946537	7119080663	134126	393.69	529.40	34	21	-1	15.96	15.96
Fixation R	1	25	7118946537	7119080663	134126	393.69	529.40	34	21	-1	15.75	15.75
Saccade L	1	46	7119080663	7119122663	42000	392.99	533.38	348.96	503.45	1.44	48.39	0.33	34.18	1501.97	-1359.67	1074.84
Saccade R	1	46	7119080663	7119122663	42000	392.99	533.38	348.96	503.45	1.44	48.39	0.33	34.18	1501.97	-1359.67	1074.84
Fixation L	1	26	7119122663	7119200652	77989	363.90	513.85	47	21	-1	16.01	16.01
Fixation R	1	26	7119122663	7119200652	77989	363.90	513.85	47	21	-1	15.83	15.83
Saccade L	1	47	7119200652	7119249428	48776	390.13	526.52	341.74	504.59	3.70	167.64	0.72	75.88	5345.26	-5588.42	3331.79
Saccade R	1	47	7119200652	7119249428	48776	390.13	526.52	341.74	504.59	3.70	167.64	0.72	75.88	5345.26	-5588.42	3331.79
UserEvent	1	166	7119210247	# Message: UE-mouseclick left x=363 y=438
Fixation L	1	27	7119249428	7119316785	67357	361.53	508.19	40	31	-1	16.14	16.14
Fixation R	1	27	7119249428	7119316785	67357	361.53	508.19	40	31	-1	15.91	15.91
Blink L	1	9	7119316785	7119369374	52589
Blink R	1	9	7119316785	7119369374	52589
Fixation L	1	28	7119369374	7119641183	271809	363.45	506.28	55	38	-1	16.42	16.42
Fixation R	1	28	7119369374	7119641183	271809	363.45	506.28	55	38	-1	16.13	16.13
Saccade L	1	48	7119641183	7119675005	33822	372.28	495.72	376.83	601.29	16.62	940.95	0.64	491.26	29139.04	-37403.90	23888.73
Saccade R	1	48	7119641183	7119675005	33822	372.28	495.72	376.83	601.29	16.62	940.95	0.64	491.26	29139.04	-37403.90	23888.73
Fixation L	1	29	7119675005	7119782921	107916	371.91	575.07	21	41	-1	16.50	16.50
Fixation R	1	29	7119675005	7119782921	107916	371.91	575.07	21	41	-1	16.23	16.23
Blink L	1	10	7119782921	7119852382	69461
Blink R	1	10	7119782921	7119852382	69461
Saccade L	1	49	7119857025	7119913091	56066	383.12	565.33	392.73	575.75	4.02	152.02	0.21	71.66	5074.00	-4458.58	2241.07
Saccade R	1	49	7119857025	7119913091	56066	383.12	565.33	392.73	575.75	4.02	152.02	0.21	71.66	5074.00	-4458.58	2241.07
Saccade L	1	50	7119913091	7119937563	24472	392.73	575.75	449.10	566.49	1.34	106.45	0.41	54.80	1316.46	-509.45	625.17
Saccade R	1	50	7119913091	7119937563	24472	392.73	575.75	449.10	566.49	1.34	106.45	0.41	54.80	1316.46	-509.45	625.17
Saccade L	1	51	7119987023	7120051747	64724	438.39	545.80	401.86	417.73	5.75	236.42	0.46	88.79	6380.68	-8195.13	3871.87
Saccade R	1	51	7119987023	7120051747	64724	438.39	545.80	401.86	417.73	5.75	236.42	0.46	88.79	6380.68	-8195.13	3871.87
Saccade L	1	52	7120065159	7120127157	61998	403.98	416.34	344.47	428.17	1.87	41.32	0.29	30.13	1327.13	-664.89	567.66
Saccade R	1	52	7120065159	7120127157	61998	403.98	416.34	344.47	428.17	1.87	41.32	0.29	30.13	1327.13	-664.89	567.66
Saccade L	1	53	7120139198	7120169159	29961	339.69	422.60	363.25	378.37	1.16	60.16	0.40	38.61	1925.22	-1914.03	1396.71
Saccade R	1	53	7120139198	7120169159	29961	339.69	422.60	363.25	378.37	1.16	60.16	0.40	38.61	1925.22	-1914.03	1396.71
Fixation L	1	30	7120169159	7120247134	77975	368.89	378.61	35	11	-1	16.05	16.05
Fixation R	1	30	7120169159	7120247134	77975	368.89	378.61	35	11	-1	15.60	15.60
Saccade L	1	54	7120247134	7120279270	32136	351.56	383.60	452.56	388.25	2.18	125.45	0.44	67.75	4983.45	-4838.27	3586.29
Saccade R	1	54	7120247134	7120279270	32136	351.56	383.60	452.56	388.25	2.18	125.45	0.44	67.75	4983.45	-4838.27	3586.29
Fixation L	1	31	7120279270	7120451263	171993	459.79	380.19	26	27	-1	16.05	16.05
Fixation R	1	31	7120279270	7120451263	171993	459.79	380.19	26	27	-1	15.63	15.63
Saccade L	1	55	7120451263	7120477257	25994	468.56	371.82	546.90	381.06	1.86	138.66	0.54	71.41	5281.25	-5163.32	3725.85
Saccade R	1	55	7120451263	7120477257	25994	468.56	371.82	546.90	381.06	1.86	138.66	0.54	71.41	5281.25	-5163.32	3725.85
Fixation L	1	32	7120477257	7120564057	86800	548.07	384.96	28	16	-1	16.20	16.20
Fixation R	1	32	7120477257	7120564057	86800	548.07	384.96	28	16	-1	15.78	15.78
Saccade L	1	56	7120595269	7120619505	24236	572.75	400.20	538.04	387.92	0.78	47.75	0.55	32.13	1010.65	-1423.40	871.53
Saccade R	1	56	7120595269	7120619505	24236	572.75	400.20	538.04	387.92	0.78	47.75	0.55	32.13	1010.65	-1423.40	871.53
UserEvent	1	194	7120601477	# Message: UE-mouseclick left x=376 y=526
