[BeGaze]
Converted from:	C:\Program Files\SMI\Experiment Suite 360\Experiment Center 2\Results\RC-Attachment-Exp\P15-eye_data.idf
Date:	18.03.2012 20:11:54
Version:	BeGaze 3.0.181
Sample Rate:	500
Subject:	P15
Description:	Run20

Table Header for Fixations:
Event Type	Trial	Number	Start	End	Duration	Location X	Location Y	Dispersion X	Dispersion Y	Plane	Avg. Pupil Size X	Avg. Pupil Size Y

Table Header for Saccades:
Event Type	Trial	Number	Start	End	Duration	Start Loc.X	Start Loc.Y	End Loc.X	End Loc.Y	Amplitude	Peak Speed	Peak Speed At	Average Speed	Peak Accel.	Peak Decel.	Average Accel.

Table Header for Blinks:
Event Type	Trial	Number	Start	End	Duration

Table Header for User Events:
Event Type	Trial	Number	Start	Description

UserEvent	1	1	2895594824	# Message: RC-N2forced-anim-6.jpg
Fixation L	1	1	2895597591	2896174694	577103	537.11	443.09	30	32	-1	11.15	11.15
Fixation R	1	1	2895597591	2896174694	577103	537.11	443.09	30	32	-1	10.96	10.96
Saccade L	1	1	2896174694	2896208549	33855	545.21	438.34	607.38	431.37	1.36	75.74	0.35	40.22	3136.98	-2780.90	2026.76
Saccade R	1	1	2896174694	2896208549	33855	545.21	438.34	607.38	431.37	1.36	75.74	0.35	40.22	3136.98	-2780.90	2026.76
Fixation L	1	2	2896208549	2896626653	418104	647.12	432.89	68	14	-1	11.37	11.37
Fixation R	1	2	2896208549	2896626653	418104	647.12	432.89	68	14	-1	11.02	11.02
Saccade L	1	2	2896626653	2896668795	42142	662.74	428.42	755.41	413.97	2.09	100.81	0.43	49.58	4079.78	-3571.35	2659.74
Saccade R	1	2	2896626653	2896668795	42142	662.74	428.42	755.41	413.97	2.09	100.81	0.43	49.58	4079.78	-3571.35	2659.74
Fixation L	1	3	2896668795	2897197363	528568	745.76	434.20	23	46	-1	11.49	11.49
Fixation R	1	3	2896668795	2897197363	528568	745.76	434.20	23	46	-1	11.33	11.33
Saccade L	1	3	2897197363	2897226988	29625	744.68	421.64	792.76	426.38	0.99	51.73	0.40	33.55	1893.92	-1930.06	1435.41
Saccade R	1	3	2897197363	2897226988	29625	744.68	421.64	792.76	426.38	0.99	51.73	0.40	33.55	1893.92	-1930.06	1435.41
Fixation L	1	4	2897226988	2897439136	212148	779.90	424.21	27	27	-1	11.31	11.31
Fixation R	1	4	2897226988	2897439136	212148	779.90	424.21	27	27	-1	11.09	11.09
Saccade L	1	4	2897439136	2897479130	39994	782.34	437.76	862.57	421.71	1.88	87.42	0.36	47.05	3648.59	-2974.79	2299.69
Saccade R	1	4	2897439136	2897479130	39994	782.34	437.76	862.57	421.71	1.88	87.42	0.36	47.05	3648.59	-2974.79	2299.69
Fixation L	1	5	2897479130	2897911570	432440	847.05	421.53	30	31	-1	11.13	11.13
Fixation R	1	5	2897479130	2897911570	432440	847.05	421.53	30	31	-1	10.99	10.99
Saccade L	1	5	2897911570	2897951363	39793	838.57	436.08	915.37	433.82	1.75	85.55	0.34	43.98	3788.67	-2999.89	2316.46
Saccade R	1	5	2897911570	2897951363	39793	838.57	436.08	915.37	433.82	1.75	85.55	0.34	43.98	3788.67	-2999.89	2316.46
Fixation L	1	6	2897951363	2898303487	352124	922.48	441.31	32	15	-1	11.53	11.53
Fixation R	1	6	2897951363	2898303487	352124	922.48	441.31	32	15	-1	11.27	11.27
Saccade L	1	6	2898303487	2898337484	33997	938.10	440.95	1002.84	438.85	1.38	82.06	0.35	40.72	3401.76	-3006.60	2195.98
Saccade R	1	6	2898303487	2898337484	33997	938.10	440.95	1002.84	438.85	1.38	82.06	0.35	40.72	3401.76	-3006.60	2195.98
Fixation L	1	7	2898337484	2898923808	586324	1042.15	424.81	77	30	-1	11.79	11.79
Fixation R	1	7	2898337484	2898923808	586324	1042.15	424.81	77	30	-1	11.70	11.70
Saccade L	1	7	2898923808	2898955720	31912	1065.61	410.78	1122.52	422.74	1.22	66.80	0.46	38.19	2691.68	-2469.83	1894.07
Saccade R	1	7	2898923808	2898955720	31912	1065.61	410.78	1122.52	422.74	1.22	66.80	0.46	38.19	2691.68	-2469.83	1894.07
Fixation L	1	8	2898955720	2899271831	316111	1133.65	417.85	19	13	-1	11.79	11.79
Fixation R	1	8	2898955720	2899271831	316111	1133.65	417.85	19	13	-1	11.75	11.75
Saccade L	1	8	2899271831	2899387947	116116	1132.05	424.68	968.38	894.99	11.55	171.48	0.28	99.51	7022.39	-4636.66	2227.57
Saccade R	1	8	2899271831	2899387947	116116	1132.05	424.68	968.38	894.99	11.55	171.48	0.28	99.51	7022.39	-4636.66	2227.57
Fixation L	1	9	2899387947	2899530016	142069	945.81	921.71	33	36	-1	11.93	11.93
Fixation R	1	9	2899387947	2899530016	142069	945.81	921.71	33	36	-1	11.47	11.47
Saccade L	1	9	2899530016	2899562029	32013	942.37	916.11	896.99	937.02	1.05	53.28	0.33	32.73	1607.29	-1697.19	1151.14
Saccade R	1	9	2899530016	2899562029	32013	942.37	916.11	896.99	937.02	1.05	53.28	0.33	32.73	1607.29	-1697.19	1151.14
Fixation L	1	10	2899562029	2899770258	208229	886.69	951.68	24	39	-1	12.10	12.10
Fixation R	1	10	2899562029	2899770258	208229	886.69	951.68	24	39	-1	11.83	11.83
Saccade L	1	10	2899770258	2899805995	35737	893.40	931.54	854.44	941.16	0.98	42.44	0.44	27.50	1487.84	-1326.36	1016.35
Saccade R	1	10	2899770258	2899805995	35737	893.40	931.54	854.44	941.16	0.98	42.44	0.44	27.50	1487.84	-1326.36	1016.35
Fixation L	1	11	2899805995	2900000184	194189	854.76	944.24	40	20	-1	12.15	12.15
Fixation R	1	11	2899805995	2900000184	194189	854.76	944.24	40	20	-1	11.78	11.78
