[BeGaze]
Converted from:	C:\Program Files\SMI\Experiment Suite 360\Experiment Center 2\Results\RC-Attachment-Exp\P12-eye_data.idf
Date:	18.03.2012 20:09:14
Version:	BeGaze 3.0.181
Sample Rate:	500
Subject:	P12
Description:	Run17

Table Header for Fixations:
Event Type	Trial	Number	Start	End	Duration	Location X	Location Y	Dispersion X	Dispersion Y	Plane	Avg. Pupil Size X	Avg. Pupil Size Y

Table Header for Saccades:
Event Type	Trial	Number	Start	End	Duration	Start Loc.X	Start Loc.Y	End Loc.X	End Loc.Y	Amplitude	Peak Speed	Peak Speed At	Average Speed	Peak Accel.	Peak Decel.	Average Accel.

Table Header for Blinks:
Event Type	Trial	Number	Start	End	Duration

Table Header for User Events:
Event Type	Trial	Number	Start	Description

UserEvent	1	1	11037353580	# Message: intro-3.jpg
Fixation L	1	1	11037354767	11037539030	184263	432.75	404.67	14	23	-1	12.94	12.94
Fixation R	1	1	11037354767	11037539030	184263	432.75	404.67	14	23	-1	12.40	12.40
Saccade L	1	1	11037539030	11037605256	66226	440.63	390.31	750.29	411.53	7.09	295.59	0.27	107.03	12893.44	-9781.51	5667.41
Saccade R	1	1	11037539030	11037605256	66226	440.63	390.31	750.29	411.53	7.09	295.59	0.27	107.03	12893.44	-9781.51	5667.41
Fixation L	1	2	11037605256	11037709032	103776	752.29	426.40	15	32	-1	13.09	13.09
Fixation R	1	2	11037605256	11037709032	103776	752.29	426.40	15	32	-1	12.63	12.63
Saccade L	1	2	11037709032	11037753050	44018	746.13	443.38	490.95	407.52	5.71	261.44	0.32	129.77	11266.48	-9006.41	7070.50
Saccade R	1	2	11037709032	11037753050	44018	746.13	443.38	490.95	407.52	5.71	261.44	0.32	129.77	11266.48	-9006.41	7070.50
Fixation L	1	3	11037753050	11037929136	176086	487.49	426.87	14	41	-1	13.13	13.13
Fixation R	1	3	11037753050	11037929136	176086	487.49	426.87	14	41	-1	12.47	12.47
Fixation L	1	4	11037947135	11038101288	154153	533.25	417.51	29	14	-1	13.01	13.01
Fixation R	1	4	11037947135	11038101288	154153	533.25	417.51	29	14	-1	12.34	12.34
Fixation L	1	5	11038121257	11038355382	234125	474.33	425.10	25	39	-1	12.88	12.88
Fixation R	1	5	11038121257	11038355382	234125	474.33	425.10	25	39	-1	12.39	12.39
Saccade L	1	3	11038355382	11038379258	23876	475.09	445.17	549.32	431.50	1.63	125.35	0.59	68.13	5101.82	-4735.31	3402.98
Saccade R	1	3	11038355382	11038379258	23876	475.09	445.17	549.32	431.50	1.63	125.35	0.59	68.13	5101.82	-4735.31	3402.98
Fixation L	1	6	11038379258	11038627562	248304	556.26	432.76	30	38	-1	12.78	12.78
Fixation R	1	6	11038379258	11038627562	248304	556.26	432.76	30	38	-1	12.34	12.34
Saccade L	1	4	11038627562	11038649578	22016	536.28	460.62	621.16	460.42	1.71	138.60	0.45	77.85	4493.70	-5671.97	3506.47
Saccade R	1	4	11038627562	11038649578	22016	536.28	460.62	621.16	460.42	1.71	138.60	0.45	77.85	4493.70	-5671.97	3506.47
Fixation L	1	7	11038649578	11038719497	69919	614.41	469.85	15	19	-1	12.88	12.88
Fixation R	1	7	11038649578	11038719497	69919	614.41	469.85	15	19	-1	12.20	12.20
Saccade L	1	5	11038719497	11038743546	24049	607.66	479.69	709.37	462.79	2.13	161.50	0.50	88.77	6438.37	-6417.33	4483.78
Saccade R	1	5	11038719497	11038743546	24049	607.66	479.69	709.37	462.79	2.13	161.50	0.50	88.77	6438.37	-6417.33	4483.78
Fixation L	1	8	11038743546	11038937635	194089	690.55	463.27	27	27	-1	12.80	12.80
Fixation R	1	8	11038743546	11038937635	194089	690.55	463.27	27	27	-1	12.32	12.32
Saccade L	1	6	11038937635	11038963733	26098	693.18	462.61	766.35	453.11	1.64	114.44	0.49	62.89	4770.38	-4452.39	3295.36
Saccade R	1	6	11038937635	11038963733	26098	693.18	462.61	766.35	453.11	1.64	114.44	0.49	62.89	4770.38	-4452.39	3295.36
Fixation L	1	9	11038963733	11039031621	67888	769.20	454.82	14	13	-1	12.73	12.73
Fixation R	1	9	11038963733	11039031621	67888	769.20	454.82	14	13	-1	12.18	12.18
Saccade L	1	7	11039031621	11039053625	22004	759.33	460.03	843.71	450.88	1.73	140.15	0.55	78.42	5405.97	-5719.33	3806.17
Saccade R	1	7	11039031621	11039053625	22004	759.33	460.03	843.71	450.88	1.73	140.15	0.55	78.42	5405.97	-5719.33	3806.17
Fixation L	1	10	11039053625	11039311735	258110	824.87	447.25	33	42	-1	12.41	12.41
Fixation R	1	10	11039053625	11039311735	258110	824.87	447.25	33	42	-1	11.97	11.97
Saccade L	1	8	11039311735	11039351757	40022	818.08	432.56	924.74	441.75	2.49	135.68	0.40	62.17	5725.60	-5035.53	3550.88
Saccade R	1	8	11039311735	11039351757	40022	818.08	432.56	924.74	441.75	2.49	135.68	0.40	62.17	5725.60	-5035.53	3550.88
Fixation L	1	11	11039351757	11039535852	184095	929.83	441.99	12	11	-1	12.29	12.29
Fixation R	1	11	11039351757	11039535852	184095	929.83	441.99	12	11	-1	11.84	11.84
Saccade L	1	9	11039535852	11039561854	26002	923.25	442.35	994.05	446.07	1.52	98.97	0.54	58.56	4126.19	-4061.52	2942.64
Saccade R	1	9	11039535852	11039561854	26002	923.25	442.35	994.05	446.07	1.52	98.97	0.54	58.56	4126.19	-4061.52	2942.64
Fixation L	1	12	11039561854	11039737978	176124	1007.17	449.78	21	15	-1	12.17	12.17
Fixation R	1	12	11039561854	11039737978	176124	1007.17	449.78	21	15	-1	11.75	11.75
Saccade L	1	10	11039737978	11039763971	25993	1012.88	447.95	1111.88	446.76	2.25	159.38	0.55	86.43	6256.49	-6196.12	4358.20
Saccade R	1	10	11039737978	11039763971	25993	1012.88	447.95	1111.88	446.76	2.25	159.38	0.55	86.43	6256.49	-6196.12	4358.20
Fixation L	1	13	11039763971	11039943986	180015	1104.18	431.99	15	36	-1	11.94	11.94
Fixation R	1	13	11039763971	11039943986	180015	1104.18	431.99	15	36	-1	11.71	11.71
Saccade L	1	11	11039943986	11039977971	33985	1101.23	421.73	1167.85	398.88	1.63	95.98	0.35	47.98	3881.73	-3278.43	2463.55
Saccade R	1	11	11039943986	11039977971	33985	1101.23	421.73	1167.85	398.88	1.63	95.98	0.35	47.98	3881.73	-3278.43	2463.55
Fixation L	1	14	11039977971	11040334282	356311	1180.34	425.40	31	56	-1	11.92	11.92
Fixation R	1	14	11039977971	11040334282	356311	1180.34	425.40	31	56	-1	11.67	11.67
Saccade L	1	12	11040334282	11040408212	73930	1180.85	429.74	878.90	910.62	12.75	300.56	0.22	172.50	13491.41	-7452.69	6469.15
Saccade R	1	12	11040334282	11040408212	73930	1180.85	429.74	878.90	910.62	12.75	300.56	0.22	172.50	13491.41	-7452.69	6469.15
Fixation L	1	15	11040408212	11040504463	96251	881.07	917.27	8	13	-1	12.23	12.23
Fixation R	1	15	11040408212	11040504463	96251	881.07	917.27	8	13	-1	12.14	12.14
Saccade L	1	13	11040504463	11040549249	44786	879.51	920.08	655.81	932.60	5.18	256.50	0.31	115.57	10962.90	-9506.15	6823.24
Saccade R	1	13	11040504463	11040549249	44786	879.51	920.08	655.81	932.60	5.18	256.50	0.31	115.57	10962.90	-9506.15	6823.24
Fixation L	1	16	11040549249	11040690327	141078	659.68	933.34	15	13	-1	12.49	12.49
Fixation R	1	16	11040549249	11040690327	141078	659.68	933.34	15	13	-1	11.98	11.98
Fixation L	1	17	11040709689	11040840449	130760	626.69	933.23	18	24	-1	12.35	12.35
Fixation R	1	17	11040709689	11040840449	130760	626.69	933.23	18	24	-1	11.93	11.93
Saccade L	1	14	11040840449	11040894451	54002	629.87	946.03	875.95	929.51	5.96	248.62	0.26	110.41	11088.52	-9441.82	6046.24
Saccade R	1	14	11040840449	11040894451	54002	629.87	946.03	875.95	929.51	5.96	248.62	0.26	110.41	11088.52	-9441.82	6046.24
Fixation L	1	18	11040894451	11041734809	840358	862.28	944.81	39	58	-1	12.66	12.66
Fixation R	1	18	11040894451	11041734809	840358	862.28	944.81	39	58	-1	12.45	12.45
