[BeGaze]
Converted from:	C:\Program Files\SMI\Experiment Suite 360\Experiment Center 2\Results\RC-Attachment-Exp\deneme-eye_data.idf
Date:	18.03.2012 20:03:21
Version:	BeGaze 3.0.181
Sample Rate:	500
Subject:	deneme
Description:	Run3

Table Header for Fixations:
Event Type	Trial	Number	Start	End	Duration	Location X	Location Y	Dispersion X	Dispersion Y	Plane	Avg. Pupil Size X	Avg. Pupil Size Y

Table Header for Saccades:
Event Type	Trial	Number	Start	End	Duration	Start Loc.X	Start Loc.Y	End Loc.X	End Loc.Y	Amplitude	Peak Speed	Peak Speed At	Average Speed	Peak Accel.	Peak Decel.	Average Accel.

Table Header for Blinks:
Event Type	Trial	Number	Start	End	Duration

Table Header for User Events:
Event Type	Trial	Number	Start	Description

UserEvent	1	1	8849425271	# Message: Dist-srthm-24.jpg
Fixation L	1	1	8849427945	8849956560	528615	489.49	446.08	34	28	-1	9.97	9.97
Fixation R	1	1	8849427945	8849956560	528615	489.49	446.08	34	28	-1	9.49	9.49
Saccade L	1	1	8849956560	8849982568	26008	486.47	457.93	528.70	434.81	0.99	55.04	0.38	37.90	1806.87	-2244.65	1479.76
Saccade R	1	1	8849956560	8849982568	26008	486.47	457.93	528.70	434.81	0.99	55.04	0.38	37.90	1806.87	-2244.65	1479.76
Fixation L	1	2	8849982568	8850086916	104348	535.69	441.66	18	16	-1	10.20	10.20
Fixation R	1	2	8849982568	8850086916	104348	535.69	441.66	18	16	-1	9.51	9.51
Saccade L	1	2	8850086916	8850112677	25761	542.10	435.93	615.62	444.29	1.66	124.36	0.53	64.27	4113.45	-4958.12	3244.37
Saccade R	1	2	8850086916	8850112677	25761	542.10	435.93	615.62	444.29	1.66	124.36	0.53	64.27	4113.45	-4958.12	3244.37
Fixation L	1	3	8850112677	8850266672	153995	604.97	448.01	28	17	-1	10.14	10.14
Fixation R	1	3	8850112677	8850266672	153995	604.97	448.01	28	17	-1	9.58	9.58
Saccade L	1	3	8850266672	8850298671	31999	601.41	452.49	678.60	429.38	1.74	103.43	0.31	54.39	4111.72	-3613.48	2582.55
Saccade R	1	3	8850266672	8850298671	31999	601.41	452.49	678.60	429.38	1.74	103.43	0.31	54.39	4111.72	-3613.48	2582.55
Fixation L	1	4	8850298671	8850366806	68135	675.79	437.43	17	30	-1	10.15	10.15
Fixation R	1	4	8850298671	8850366806	68135	675.79	437.43	17	30	-1	9.61	9.61
Saccade L	1	4	8850366806	8850390829	24023	685.53	452.90	766.10	443.07	1.70	126.72	0.50	70.70	4804.90	-5013.38	3505.38
Saccade R	1	4	8850366806	8850390829	24023	685.53	452.90	766.10	443.07	1.70	126.72	0.50	70.70	4804.90	-5013.38	3505.38
Fixation L	1	5	8850390829	8850642783	251954	760.84	444.43	17	11	-1	9.98	9.98
Fixation R	1	5	8850390829	8850642783	251954	760.84	444.43	17	11	-1	9.55	9.55
Saccade L	1	5	8850642783	8850666912	24129	760.18	446.01	805.52	443.91	0.89	56.23	0.42	36.88	2242.26	-2097.71	1559.12
Saccade R	1	5	8850642783	8850666912	24129	760.18	446.01	805.52	443.91	0.89	56.23	0.42	36.88	2242.26	-2097.71	1559.12
Fixation L	1	6	8850666912	8850737181	70269	804.65	442.25	14	8	-1	9.89	9.89
Fixation R	1	6	8850666912	8850737181	70269	804.65	442.25	14	8	-1	9.48	9.48
Saccade L	1	6	8850737181	8850768928	31747	809.31	436.45	806.98	447.17	8.18	304.84	0.85	257.70	14436.30	-14180.61	11277.52
Saccade R	1	6	8850737181	8850768928	31747	809.31	436.45	806.98	447.17	8.18	304.84	0.85	257.70	14436.30	-14180.61	11277.52
Saccade L	1	7	8850778902	8850837074	58172	794.29	452.14	859.74	446.05	9.92	317.11	0.73	170.61	11424.33	-14679.63	8019.29
Saccade R	1	7	8850778902	8850837074	58172	794.29	452.14	859.74	446.05	9.92	317.11	0.73	170.61	11424.33	-14679.63	8019.29
Fixation L	1	7	8850837074	8850987021	149947	872.78	439.25	27	19	-1	9.86	9.86
Fixation R	1	7	8850837074	8850987021	149947	872.78	439.25	27	19	-1	9.50	9.50
Saccade L	1	8	8850987021	8851049813	62792	877.08	434.75	916.41	432.57	25.95	1076.33	0.52	413.31	42967.33	-42237.18	28199.70
Saccade R	1	8	8850987021	8851049813	62792	877.08	434.75	916.41	432.57	25.95	1076.33	0.52	413.31	42967.33	-42237.18	28199.70
Fixation L	1	8	8851099021	8851160881	61860	927.11	437.04	64	87	-1	9.90	9.90
Fixation R	1	8	8851099021	8851160881	61860	927.11	437.04	64	87	-1	9.49	9.49
Saccade L	1	9	8851189658	8851225178	35520	930.03	434.05	1017.91	420.72	1.70	84.15	0.27	47.82	2134.39	-2493.34	1401.96
Saccade R	1	9	8851189658	8851225178	35520	930.03	434.05	1017.91	420.72	1.70	84.15	0.27	47.82	2134.39	-2493.34	1401.96
Fixation L	1	9	8851241141	8851423138	181997	1029.17	418.34	41	36	-1	9.91	9.91
Fixation R	1	9	8851241141	8851423138	181997	1029.17	418.34	41	36	-1	9.49	9.49
Saccade L	1	10	8851423138	8851452238	29100	1033.60	414.76	1116.62	423.47	1.94	120.22	0.41	66.82	4944.83	-5050.90	3607.21
Saccade R	1	10	8851423138	8851452238	29100	1033.60	414.76	1116.62	423.47	1.94	120.22	0.41	66.82	4944.83	-5050.90	3607.21
Fixation L	1	10	8851452238	8851760040	307802	1117.30	415.14	22	30	-1	10.01	10.01
Fixation R	1	10	8851452238	8851760040	307802	1117.30	415.14	22	30	-1	9.63	9.63
Blink L	1	1	8851781379	8851913690	132311
Saccade R	1	11	8851781379	8851837387	56008	1190.65	357.55	0.00	0.00	35.18	2401.09	0.79	628.10	79194.65	-82928.57	36622.87
Saccade R	1	12	8851845376	8851913690	68314	0.00	0.00	582.70	405.79	38.03	1436.02	0.59	556.75	29751.78	-38795.22	17854.37
Fixation L	1	11	8851949836	8852149498	199662	618.28	415.84	29	33	-1	10.22	10.22
Fixation R	1	11	8851949836	8852149498	199662	618.28	415.84	29	33	-1	9.66	9.66
Saccade L	1	11	8852149498	8852183497	33999	612.67	432.84	554.59	437.43	6.55	300.70	0.29	192.75	12873.52	-11992.37	9642.05
Saccade R	1	13	8852149498	8852183497	33999	612.67	432.84	554.59	437.43	6.55	300.70	0.29	192.75	12873.52	-11992.37	9642.05
Fixation L	1	12	8852183497	8852329612	146115	545.99	425.38	23	28	-1	10.41	10.41
Fixation R	1	12	8852183497	8852329612	146115	545.99	425.38	23	28	-1	9.79	9.79
Saccade L	1	12	8852329612	8852387610	57998	538.45	423.94	1058.86	399.07	11.54	344.37	0.34	199.01	15086.70	-12801.93	9507.28
Saccade R	1	14	8852329612	8852387610	57998	538.45	423.94	1058.86	399.07	11.54	344.37	0.34	199.01	15086.70	-12801.93	9507.28
Fixation L	1	13	8852387610	8852569733	182123	1075.59	395.03	31	17	-1	10.27	10.27
Fixation R	1	13	8852387610	8852569733	182123	1075.59	395.03	31	17	-1	10.04	10.04
Saccade L	1	13	8852569733	8852599730	29997	1088.75	396.43	1139.19	383.35	1.10	57.84	0.40	36.82	2351.56	-1970.86	1517.52
Saccade R	1	15	8852569733	8852599730	29997	1088.75	396.43	1139.19	383.35	1.10	57.84	0.40	36.82	2351.56	-1970.86	1517.52
Fixation L	1	14	8852599730	8852687723	87993	1133.62	404.33	14	32	-1	10.35	10.35
Fixation R	1	14	8852599730	8852687723	87993	1133.62	404.33	14	32	-1	10.09	10.09
Saccade L	1	14	8852687723	8852767183	79460	1131.41	397.30	843.23	909.76	16.82	615.65	0.44	211.70	20916.65	-24298.90	12660.81
Saccade R	1	16	8852687723	8852767183	79460	1131.41	397.30	843.23	909.76	16.82	615.65	0.44	211.70	20916.65	-24298.90	12660.81
Saccade L	1	15	8852792803	8852831842	39039	841.24	894.13	844.71	930.08	1.23	51.09	0.75	31.63	1244.71	-1879.56	839.46
Saccade R	1	17	8852792803	8852831842	39039	841.24	894.13	844.71	930.08	1.23	51.09	0.75	31.63	1244.71	-1879.56	839.46
Saccade L	1	16	8852849858	8852887878	38020	846.77	925.36	872.93	910.20	1.12	44.41	0.32	29.33	1764.58	-844.45	698.85
Saccade R	1	18	8852849858	8852887878	38020	846.77	925.36	872.93	910.20	1.12	44.41	0.32	29.33	1764.58	-844.45	698.85
Saccade L	1	17	8852893843	8852935844	42001	869.05	909.31	870.62	967.70	1.29	46.86	0.70	30.76	1036.90	-1602.09	801.39
Saccade R	1	19	8852893843	8852935844	42001	869.05	909.31	870.62	967.70	1.29	46.86	0.70	30.76	1036.90	-1602.09	801.39
Fixation L	1	15	8852935844	8853242153	306309	874.98	959.19	29	43	-1	10.91	10.91
Fixation R	1	15	8852935844	8853242153	306309	874.98	959.19	29	43	-1	10.73	10.73
Saccade L	1	18	8853242153	8853269988	27835	875.96	965.18	841.42	972.20	1.03	51.53	0.28	36.95	4362.55	-1258.83	1318.00
Saccade R	1	20	8853242153	8853269988	27835	875.96	965.18	841.42	972.20	1.03	51.53	0.28	36.95	4362.55	-1258.83	1318.00
Saccade L	1	19	8853276285	8853311957	35672	844.66	970.07	842.64	980.98	17.49	852.73	0.66	490.29	36705.75	-31959.46	27022.13
Saccade R	1	21	8853276285	8853311957	35672	844.66	970.07	842.64	980.98	17.49	852.73	0.66	490.29	36705.75	-31959.46	27022.13
Fixation L	1	16	8853311957	8853403807	91850	839.51	954.18	24	48	-1	10.99	10.99
Fixation R	1	16	8853311957	8853403807	91850	839.51	954.18	24	48	-1	10.61	10.61
Saccade L	1	20	8853550071	8853580073	30002	850.90	931.62	825.17	966.51	1.59	100.84	0.67	53.12	3653.79	-1618.34	1787.53
Saccade R	1	22	8853550071	8853580073	30002	850.90	931.62	825.17	966.51	1.59	100.84	0.67	53.12	3653.79	-1618.34	1787.53
Saccade L	1	21	8853580073	8853624195	44122	825.17	966.51	834.21	967.95	2.13	107.90	0.55	48.36	4242.13	-3070.92	1591.41
Saccade R	1	23	8853580073	8853624195	44122	825.17	966.51	834.21	967.95	2.13	107.90	0.55	48.36	4242.13	-3070.92	1591.41
Saccade L	1	22	8853628199	8853692195	63996	834.98	970.63	806.58	1047.17	8.82	371.08	0.75	137.86	10515.51	-11835.24	6310.49
Saccade R	1	24	8853628199	8853692195	63996	834.98	970.63	806.58	1047.17	8.82	371.08	0.75	137.86	10515.51	-11835.24	6310.49
Saccade L	1	23	8853692195	8853721777	29582	806.58	1047.17	848.80	974.87	1.92	126.56	0.55	65.02	2097.32	-4620.02	2542.52
Saccade R	1	25	8853692195	8853721777	29582	806.58	1047.17	848.80	974.87	1.92	126.56	0.55	65.02	2097.32	-4620.02	2542.52
Saccade L	1	24	8853768254	8853796195	27941	874.76	971.82	773.70	866.03	3.23	244.90	0.43	115.62	9652.14	-9620.97	6869.30
Saccade R	1	26	8853768254	8853796195	27941	874.76	971.82	773.70	866.03	3.23	244.90	0.43	115.62	9652.14	-9620.97	6869.30
Saccade L	1	25	8853842193	8853892316	50123	802.14	877.74	824.10	1043.22	4.11	179.32	0.56	82.06	7183.02	-7955.23	4553.58
Saccade R	1	27	8853842193	8853892316	50123	802.14	877.74	824.10	1043.22	4.11	179.32	0.56	82.06	7183.02	-7955.23	4553.58
Saccade L	1	26	8853947005	8853990636	43631	831.92	1032.96	872.40	937.88	2.32	112.39	0.49	53.27	3176.89	-3582.30	2230.09
Saccade R	1	28	8853947005	8853990636	43631	831.92	1032.96	872.40	937.88	2.32	112.39	0.49	53.27	3176.89	-3582.30	2230.09
Saccade L	1	27	8854030334	8854054327	23993	872.89	876.12	868.17	997.97	2.21	181.06	0.34	92.16	4544.06	-6830.06	3854.71
Saccade R	1	29	8854030334	8854054327	23993	872.89	876.12	868.17	997.97	2.21	181.06	0.34	92.16	4544.06	-6830.06	3854.71
Fixation L	1	17	8854054327	8854157798	103471	868.41	964.27	17	54	-1	10.57	10.57
Fixation R	1	17	8854054327	8854157798	103471	868.41	964.27	17	54	-1	10.38	10.38
Saccade L	1	28	8854157798	8854181575	23777	877.63	949.70	840.41	946.84	1.03	67.91	0.45	43.23	1900.90	-186.78	953.81
Saccade R	1	30	8854157798	8854181575	23777	877.63	949.70	840.41	946.84	1.03	67.91	0.45	43.23	1900.90	-186.78	953.81
Fixation L	1	18	8854202434	8854488551	286117	847.46	967.41	24	35	-1	10.49	10.49
Fixation R	1	18	8854202434	8854488551	286117	847.46	967.41	24	35	-1	10.37	10.37
Saccade L	1	29	8854488551	8854514544	25993	845.09	954.25	876.96	977.22	0.75	43.41	0.31	28.80	1204.02	-682.61	603.40
Saccade R	1	31	8854488551	8854514544	25993	845.09	954.25	876.96	977.22	0.75	43.41	0.31	28.80	1204.02	-682.61	603.40
