[BeGaze]
Converted from:	C:\Program Files\SMI\Experiment Suite 360\Experiment Center 2\Results\RC-Attachment-Exp\P08-eye_data.idf
Date:	18.03.2012 20:07:24
Version:	BeGaze 3.0.181
Sample Rate:	500
Subject:	P08
Description:	Run13

Table Header for Fixations:
Event Type	Trial	Number	Start	End	Duration	Location X	Location Y	Dispersion X	Dispersion Y	Plane	Avg. Pupil Size X	Avg. Pupil Size Y

Table Header for Saccades:
Event Type	Trial	Number	Start	End	Duration	Start Loc.X	Start Loc.Y	End Loc.X	End Loc.Y	Amplitude	Peak Speed	Peak Speed At	Average Speed	Peak Accel.	Peak Decel.	Average Accel.

Table Header for Blinks:
Event Type	Trial	Number	Start	End	Duration

Table Header for User Events:
Event Type	Trial	Number	Start	Description

UserEvent	1	1	12106378879	# Message: Questionnaire23.jpg
Fixation L	1	1	12106381133	12106832416	451283	899.48	929.69	32	30	-1	13.96	13.96
Fixation R	1	1	12106381133	12107132679	751546	712.74	735.72	912	989	-1	13.48	13.48
Saccade L	1	1	12106832416	12107038559	206143	904.41	927.95	420.77	400.67	46.10	899.43	0.45	223.63	24868.91	-12065.19	6986.74
Fixation L	1	2	12107038559	12107132679	94120	424.19	408.56	12	15	-1	14.25	14.25
Saccade L	1	2	12107132679	12107158708	26029	425.78	410.22	456.42	387.95	0.83	44.36	0.57	31.80	1798.35	-1658.97	1218.28
Saccade R	1	1	12107132679	12107158708	26029	425.78	410.22	456.42	387.95	0.83	44.36	0.57	31.80	1798.35	-1658.97	1218.28
Fixation L	1	3	12107158708	12107250664	91956	455.05	395.95	8	14	-1	13.62	13.62
Fixation R	1	2	12107158708	12107250664	91956	455.05	395.95	8	14	-1	13.10	13.10
Saccade L	1	3	12107250664	12107276661	25997	448.35	399.53	537.46	417.36	2.00	147.85	0.49	76.79	5931.69	-5792.47	4241.76
Saccade R	1	2	12107250664	12107276661	25997	448.35	399.53	537.46	417.36	2.00	147.85	0.49	76.79	5931.69	-5792.47	4241.76
Fixation L	1	4	12107276661	12107396662	120001	518.38	420.35	37	20	-1	13.57	13.57
Fixation R	1	3	12107276661	12107396662	120001	518.38	420.35	37	20	-1	13.40	13.40
Saccade L	1	4	12107396662	12107422888	26226	519.66	425.56	634.59	410.59	2.46	176.51	0.46	93.95	7507.33	-7353.40	5366.51
Saccade R	1	3	12107396662	12107422888	26226	519.66	425.56	634.59	410.59	2.46	176.51	0.46	93.95	7507.33	-7353.40	5366.51
Fixation L	1	5	12107422888	12107586773	163885	631.51	415.09	16	9	-1	13.96	13.96
Fixation R	1	4	12107422888	12107586773	163885	631.51	415.09	16	9	-1	13.78	13.78
Saccade L	1	5	12107586773	12107610774	24001	625.13	418.50	697.83	421.08	1.53	114.90	0.51	63.54	4573.61	-4064.21	3003.63
Saccade R	1	4	12107586773	12107610774	24001	625.13	418.50	697.83	421.08	1.53	114.90	0.51	63.54	4573.61	-4064.21	3003.63
Fixation L	1	6	12107610774	12107794909	184135	695.60	416.84	21	13	-1	14.40	14.40
Fixation R	1	5	12107610774	12107794909	184135	695.60	416.84	21	13	-1	13.91	13.91
Saccade L	1	6	12107794909	12107818904	23995	690.54	422.41	762.04	413.26	1.49	99.97	0.50	61.99	4262.53	-4069.81	2958.64
Saccade R	1	5	12107794909	12107818904	23995	690.54	422.41	762.04	413.26	1.49	99.97	0.50	61.99	4262.53	-4069.81	2958.64
Fixation L	1	7	12107818904	12108175115	356211	763.63	412.04	27	27	-1	15.09	15.09
Fixation R	1	6	12107818904	12108175115	356211	763.63	412.04	27	27	-1	14.68	14.68
Saccade L	1	7	12108175115	12108215502	40387	760.64	421.74	855.84	432.50	2.41	144.08	0.30	59.55	5927.69	-5049.38	3101.51
Saccade R	1	6	12108175115	12108215502	40387	760.64	421.74	855.84	432.50	2.41	144.08	0.30	59.55	5927.69	-5049.38	3101.51
Fixation L	1	8	12108215502	12108347135	131633	849.55	433.33	11	13	-1	15.55	15.55
Fixation R	1	7	12108215502	12108347135	131633	849.55	433.33	11	13	-1	15.19	15.19
Saccade L	1	8	12108347135	12108369134	21999	848.15	437.67	860.71	408.98	0.66	41.39	0.46	29.83	1393.99	-1513.91	1065.01
Saccade R	1	7	12108347135	12108369134	21999	848.15	437.67	860.71	408.98	0.66	41.39	0.46	29.83	1393.99	-1513.91	1065.01
Fixation L	1	9	12108369134	12108466672	97538	858.75	424.62	15	29	-1	15.75	15.75
Fixation R	1	8	12108369134	12108466672	97538	858.75	424.62	15	29	-1	15.33	15.33
Saccade L	1	9	12108466672	12108515169	48497	865.74	433.16	408.20	497.08	9.82	395.17	0.43	202.40	17417.08	-14635.10	11215.20
Saccade R	1	8	12108466672	12108515169	48497	865.74	433.16	408.20	497.08	9.82	395.17	0.43	202.40	17417.08	-14635.10	11215.20
Fixation L	1	10	12108515169	12108649254	134085	419.98	496.49	16	16	-1	15.83	15.83
Fixation R	1	9	12108515169	12108649254	134085	419.98	496.49	16	16	-1	15.26	15.26
Blink L	1	1	12108649254	12108681255	32001
Blink R	1	1	12108649254	12108681255	32001
Fixation L	1	11	12108681255	12108893447	212192	419.49	503.34	18	18	-1	15.71	15.71
Fixation R	1	10	12108681255	12108893447	212192	419.49	503.34	18	18	-1	15.38	15.38
Saccade L	1	10	12108955378	12108977747	22369	416.12	501.28	408.65	551.58	1.07	78.64	0.54	47.75	3199.52	-2348.92	1915.43
Saccade R	1	9	12108955378	12108977747	22369	416.12	501.28	408.65	551.58	1.07	78.64	0.54	47.75	3199.52	-2348.92	1915.43
Fixation L	1	12	12108977747	12109667751	690004	407.89	536.08	45	32	-1	16.40	16.40
Fixation R	1	11	12108977747	12109667751	690004	407.89	536.08	45	32	-1	15.69	15.69
Fixation L	1	13	12109687738	12110286108	598370	395.86	534.81	39	38	-1	16.69	16.69
Fixation R	1	12	12109687738	12110286108	598370	395.86	534.81	39	38	-1	15.82	15.82
UserEvent	1	90	12110176994	# Message: UE-mouseclick left x=397 y=473
Saccade L	1	11	12110286108	12110353502	67394	401.03	531.60	391.61	619.59	2.59	82.70	0.18	38.45	3277.56	-2252.35	1297.58
Saccade R	1	10	12110286108	12110353502	67394	401.03	531.60	391.61	619.59	2.59	82.70	0.18	38.45	3277.56	-2252.35	1297.58
Fixation L	1	14	12110353502	12110562118	208616	400.59	597.45	25	41	-1	16.45	16.45
Fixation R	1	13	12110353502	12110562118	208616	400.59	597.45	25	41	-1	15.46	15.46
Saccade L	1	12	12110562118	12110584096	21978	416.66	581.92	407.07	612.79	0.65	41.83	0.46	29.44	382.42	-287.97	209.20
Saccade R	1	11	12110562118	12110584096	21978	416.66	581.92	407.07	612.79	0.65	41.83	0.46	29.44	382.42	-287.97	209.20
Saccade L	1	13	12110584096	12110608105	24009	407.07	612.79	384.28	587.04	0.72	40.57	0.50	29.90	425.97	-773.97	410.41
Saccade R	1	12	12110584096	12110608105	24009	407.07	612.79	384.28	587.04	0.72	40.57	0.50	29.90	425.97	-773.97	410.41
Fixation L	1	15	12110608105	12110959808	351703	400.86	592.54	34	27	-1	16.79	16.79
Fixation R	1	14	12110608105	12110959808	351703	400.86	592.54	34	27	-1	15.87	15.87
UserEvent	1	108	12110897043	# Message: UE-mouseclick left x=391 y=534
