[BeGaze]
Converted from:	C:\Program Files\SMI\Experiment Suite 360\Experiment Center 2\Results\RC-Attachment-Exp\P20-eye_data.idf
Date:	18.03.2012 20:15:41
Version:	BeGaze 3.0.181
Sample Rate:	500
Subject:	P20
Description:	Run25

Table Header for Fixations:
Event Type	Trial	Number	Start	End	Duration	Location X	Location Y	Dispersion X	Dispersion Y	Plane	Avg. Pupil Size X	Avg. Pupil Size Y

Table Header for Saccades:
Event Type	Trial	Number	Start	End	Duration	Start Loc.X	Start Loc.Y	End Loc.X	End Loc.Y	Amplitude	Peak Speed	Peak Speed At	Average Speed	Peak Accel.	Peak Decel.	Average Accel.

Table Header for Blinks:
Event Type	Trial	Number	Start	End	Duration

Table Header for User Events:
Event Type	Trial	Number	Start	Description

UserEvent	1	1	19234131557	# Message: Dist-srcop-18.jpg
Fixation L	1	1	19234141326	19234423721	282395	509.23	455.45	26	18	-1	13.25	13.25
Fixation R	1	1	19234141326	19234423721	282395	509.23	455.45	26	18	-1	12.89	12.89
Saccade L	1	1	19234423721	19234451844	28123	512.73	459.48	566.87	448.50	1.20	71.65	0.43	42.78	2569.58	-2711.58	1889.59
Saccade R	1	1	19234423721	19234451844	28123	512.73	459.48	566.87	448.50	1.20	71.65	0.43	42.78	2569.58	-2711.58	1889.59
Fixation L	1	2	19234451844	19235208066	756222	582.16	445.59	52	27	-1	13.39	13.39
Fixation R	1	2	19234451844	19235208066	756222	582.16	445.59	52	27	-1	13.06	13.06
Saccade L	1	2	19235208066	19235235006	26940	598.51	459.30	658.76	449.97	1.31	80.81	0.37	48.52	3012.85	-2943.80	2109.64
Saccade R	1	2	19235208066	19235235006	26940	598.51	459.30	658.76	449.97	1.31	80.81	0.37	48.52	3012.85	-2943.80	2109.64
Fixation L	1	3	19235235006	19235510189	275183	665.46	452.61	21	19	-1	13.48	13.48
Fixation R	1	3	19235235006	19235510189	275183	665.46	452.61	21	19	-1	13.03	13.03
Saccade L	1	3	19235510189	19235532202	22013	664.57	454.75	623.14	462.57	0.90	69.12	0.45	40.97	2336.23	-2375.81	1552.79
Saccade R	1	3	19235510189	19235532202	22013	664.57	454.75	623.14	462.57	0.90	69.12	0.45	40.97	2336.23	-2375.81	1552.79
Fixation L	1	4	19235532202	19235786301	254099	623.31	457.47	17	40	-1	13.37	13.37
Fixation R	1	4	19235532202	19235786301	254099	623.31	457.47	17	40	-1	12.98	12.98
Saccade L	1	4	19235786301	19235816280	29979	620.02	451.39	701.26	453.33	1.78	106.41	0.53	59.54	4163.42	-4036.61	3011.54
Saccade R	1	4	19235786301	19235816280	29979	620.02	451.39	701.26	453.33	1.78	106.41	0.53	59.54	4163.42	-4036.61	3011.54
Fixation L	1	5	19235816280	19235940281	124001	709.85	453.69	14	10	-1	13.29	13.29
Fixation R	1	5	19235816280	19235940281	124001	709.85	453.69	14	10	-1	12.88	12.88
Saccade L	1	5	19235940281	19235966415	26134	713.45	454.74	810.07	449.74	2.09	148.46	0.55	79.95	6191.35	-5939.05	4326.01
Saccade R	1	5	19235940281	19235966415	26134	713.45	454.74	810.07	449.74	2.09	148.46	0.55	79.95	6191.35	-5939.05	4326.01
Fixation L	1	6	19235966415	19236382509	416094	817.97	447.93	17	29	-1	13.16	13.16
Fixation R	1	6	19235966415	19236382509	416094	817.97	447.93	17	29	-1	12.77	12.77
Saccade L	1	6	19236382509	19236410540	28031	817.38	447.49	894.76	455.44	1.73	111.72	0.43	61.73	4522.92	-3533.15	2888.39
Saccade R	1	6	19236382509	19236410540	28031	817.38	447.49	894.76	455.44	1.73	111.72	0.43	61.73	4522.92	-3533.15	2888.39
Fixation L	1	7	19236410540	19236652649	242109	902.57	441.37	19	29	-1	12.47	12.47
Fixation R	1	7	19236410540	19236652649	242109	902.57	441.37	19	29	-1	12.26	12.26
Saccade L	1	7	19236652649	19236682647	29998	913.11	453.39	970.31	443.62	1.29	70.52	0.40	43.00	2013.57	-2687.42	1718.11
Saccade R	1	7	19236652649	19236682647	29998	913.11	453.39	970.31	443.62	1.29	70.52	0.40	43.00	2013.57	-2687.42	1718.11
Fixation L	1	8	19236682647	19237000733	318086	975.41	429.74	17	46	-1	12.35	12.35
Fixation R	1	8	19236682647	19237000733	318086	975.41	429.74	17	46	-1	12.19	12.19
Saccade L	1	8	19237000733	19237028731	27998	972.30	420.77	1039.15	411.21	1.52	101.33	0.50	54.19	3499.16	-3785.00	2615.60
Saccade R	1	8	19237000733	19237028731	27998	972.30	420.77	1039.15	411.21	1.52	101.33	0.50	54.19	3499.16	-3785.00	2615.60
Fixation L	1	9	19237028731	19237390978	362247	1038.26	423.03	19	35	-1	12.19	12.19
Fixation R	1	9	19237028731	19237390978	362247	1038.26	423.03	19	35	-1	12.15	12.15
Saccade L	1	9	19237390978	19237413001	22023	1038.14	414.90	1102.75	403.79	1.38	105.31	0.45	62.56	4059.20	-4219.53	2848.82
Saccade R	1	9	19237390978	19237413001	22023	1038.14	414.90	1102.75	403.79	1.38	105.31	0.45	62.56	4059.20	-4219.53	2848.82
Fixation L	1	10	19237413001	19237683097	270096	1117.50	414.73	33	30	-1	12.15	12.15
Fixation R	1	10	19237413001	19237683097	270096	1117.50	414.73	33	30	-1	12.14	12.14
Fixation L	1	11	19237705078	19238813548	1108470	1134.65	423.64	24	50	-1	12.35	12.35
Fixation R	1	11	19237705078	19238813548	1108470	1134.65	423.64	24	50	-1	12.22	12.22
Saccade L	1	10	19238813548	19238865666	52118	1138.08	434.46	889.26	488.03	5.67	246.80	0.31	108.88	10572.71	-7497.52	5697.94
Saccade R	1	10	19238813548	19238865666	52118	1138.08	434.46	889.26	488.03	5.67	246.80	0.31	108.88	10572.71	-7497.52	5697.94
Fixation L	1	12	19238865666	19239071769	206103	879.10	484.48	16	15	-1	12.97	12.97
Fixation R	1	12	19238865666	19239071769	206103	879.10	484.48	16	15	-1	12.55	12.55
Blink L	1	1	19239071769	19239117646	45877
Blink R	1	1	19239071769	19239117646	45877
Fixation L	1	13	19239117646	19239277782	160136	881.36	481.04	44	21	-1	13.12	13.12
Fixation R	1	13	19239117646	19239277782	160136	881.36	481.04	44	21	-1	12.87	12.87
Saccade L	1	11	19239277782	19239301765	23983	881.35	479.35	849.83	446.99	0.79	45.35	0.33	33.08	9539.88	570.70	2963.43
Saccade R	1	11	19239277782	19239301765	23983	881.35	479.35	849.83	446.99	0.79	45.35	0.33	33.08	9539.88	570.70	2963.43
Saccade L	1	12	19239301765	19239351763	49998	849.83	446.99	822.79	710.92	5.87	279.07	0.29	117.36	10909.08	-9244.86	5756.98
Saccade R	1	12	19239301765	19239351763	49998	849.83	446.99	822.79	710.92	5.87	279.07	0.29	117.36	10909.08	-9244.86	5756.98
Fixation L	1	14	19239351763	19239435760	83997	823.71	727.41	41	30	-1	13.22	13.22
Fixation R	1	14	19239351763	19239435760	83997	823.71	727.41	41	30	-1	12.83	12.83
Saccade L	1	13	19239445759	19239487933	42174	823.43	730.28	854.94	954.01	5.17	276.78	0.43	122.62	11102.64	-11142.24	7824.06
Saccade R	1	13	19239445759	19239487933	42174	823.43	730.28	854.94	954.01	5.17	276.78	0.43	122.62	11102.64	-11142.24	7824.06
Fixation L	1	15	19239487933	19239551934	64001	856.18	964.96	16	27	-1	13.68	13.68
Fixation R	1	15	19239487933	19239551934	64001	856.18	964.96	16	27	-1	13.29	13.29
Saccade L	1	14	19239551934	19239585883	33949	861.61	979.19	846.65	970.32	1.49	87.32	0.29	43.88	2544.77	-2277.58	1489.63
Saccade R	1	14	19239551934	19239585883	33949	861.61	979.19	846.65	970.32	1.49	87.32	0.29	43.88	2544.77	-2277.58	1489.63
Saccade L	1	15	19239597907	19239625888	27981	847.07	970.32	853.73	985.39	0.95	55.87	0.36	34.07	1490.29	-1230.55	954.61
Saccade R	1	15	19239597907	19239625888	27981	847.07	970.32	853.73	985.39	0.95	55.87	0.36	34.07	1490.29	-1230.55	954.61
Saccade L	1	16	19239703885	19239734015	30130	853.47	983.81	884.52	1037.63	1.26	63.27	0.40	41.67	2519.04	-2379.75	1823.53
Saccade R	1	16	19239703885	19239734015	30130	853.47	983.81	884.52	1037.63	1.26	63.27	0.40	41.67	2519.04	-2379.75	1823.53
Fixation L	1	16	19239734015	19239986113	252098	880.71	1036.76	35	36	-1	14.19	14.19
Fixation R	1	16	19239734015	19239986113	252098	880.71	1036.76	35	36	-1	14.23	14.23
