[BeGaze]
Converted from:	C:\Program Files\SMI\Experiment Suite 360\Experiment Center 2\Results\RC-Attachment-Exp\P11-eye_data.idf
Date:	18.03.2012 20:08:51
Version:	BeGaze 3.0.181
Sample Rate:	500
Subject:	P11
Description:	Run16

Table Header for Fixations:
Event Type	Trial	Number	Start	End	Duration	Location X	Location Y	Dispersion X	Dispersion Y	Plane	Avg. Pupil Size X	Avg. Pupil Size Y

Table Header for Saccades:
Event Type	Trial	Number	Start	End	Duration	Start Loc.X	Start Loc.Y	End Loc.X	End Loc.Y	Amplitude	Peak Speed	Peak Speed At	Average Speed	Peak Accel.	Peak Decel.	Average Accel.

Table Header for Blinks:
Event Type	Trial	Number	Start	End	Duration

Table Header for User Events:
Event Type	Trial	Number	Start	Description

UserEvent	1	1	10352729300	# Message: Questionnaire11.jpg
Fixation L	1	1	10352738612	10352828404	89792	913.07	947.24	16	9	-1	14.73	14.73
Fixation R	1	1	10352738612	10352828404	89792	913.07	947.24	16	9	-1	14.56	14.56
Saccade L	1	1	10352828404	10352950540	122136	909.86	949.00	762.36	411.76	19.16	355.93	0.49	156.84	15679.47	-8701.79	5878.03
Saccade R	1	1	10352828404	10352950540	122136	909.86	949.00	762.36	411.76	19.16	355.93	0.49	156.84	15679.47	-8701.79	5878.03
Fixation L	1	2	10352950540	10353101119	150579	772.77	424.35	24	30	-1	15.21	15.21
Fixation R	1	2	10352950540	10353101119	150579	772.77	424.35	24	30	-1	14.26	14.26
Saccade L	1	2	10353101119	10353176002	74883	776.08	419.23	479.74	327.48	7.78	239.38	0.28	103.92	9895.08	-6895.88	4705.07
Saccade R	1	2	10353101119	10353176002	74883	776.08	419.23	479.74	327.48	7.78	239.38	0.28	103.92	9895.08	-6895.88	4705.07
Fixation L	1	3	10353176002	10353262666	86664	478.81	330.66	15	11	-1	15.70	15.70
Fixation R	1	3	10353176002	10353262666	86664	478.81	330.66	15	11	-1	14.39	14.39
Saccade L	1	3	10353262666	10353296657	33991	481.59	323.26	475.40	355.56	1.00	40.49	0.35	29.48	1136.07	-1184.83	819.06
Saccade R	1	3	10353262666	10353296657	33991	481.59	323.26	475.40	355.56	1.00	40.49	0.35	29.48	1136.07	-1184.83	819.06
Fixation L	1	4	10353296657	10353384793	88136	478.11	345.72	12	29	-1	15.81	15.81
Fixation R	1	4	10353296657	10353384793	88136	478.11	345.72	12	29	-1	14.54	14.54
Saccade L	1	4	10353384793	10353450799	66006	481.37	330.62	613.65	363.73	3.25	104.03	0.42	49.18	3298.45	-2122.69	1683.16
Saccade R	1	4	10353384793	10353450799	66006	481.37	330.62	613.65	363.73	3.25	104.03	0.42	49.18	3298.45	-2122.69	1683.16
Fixation L	1	5	10353450799	10353652900	202101	608.15	362.79	23	27	-1	16.02	16.02
Fixation R	1	5	10353450799	10353652900	202101	608.15	362.79	23	27	-1	14.88	14.88
Saccade L	1	5	10353652900	10353692918	40018	607.00	353.47	749.69	375.92	3.21	167.37	0.50	80.16	6860.54	-6637.04	4758.39
Saccade R	1	5	10353652900	10353692918	40018	607.00	353.47	749.69	375.92	3.21	167.37	0.50	80.16	6860.54	-6637.04	4758.39
Fixation L	1	6	10353692918	10353937052	244134	763.72	376.17	38	28	-1	16.18	16.18
Fixation R	1	6	10353692918	10353937052	244134	763.72	376.17	38	28	-1	15.16	15.16
Saccade L	1	6	10353937052	10353975019	37967	779.26	363.40	900.47	369.22	2.68	131.47	0.37	70.61	5315.47	-4874.73	3635.43
Saccade R	1	6	10353937052	10353975019	37967	779.26	363.40	900.47	369.22	2.68	131.47	0.37	70.61	5315.47	-4874.73	3635.43
Fixation L	1	7	10353975019	10354113148	138129	898.96	369.54	21	14	-1	16.43	16.43
Fixation R	1	7	10353975019	10354113148	138129	898.96	369.54	21	14	-1	15.50	15.50
Saccade L	1	7	10354113148	10354151142	37994	900.31	371.02	1041.33	368.99	3.11	147.14	0.41	81.86	6430.54	-5334.38	4150.77
Saccade R	1	7	10354113148	10354151142	37994	900.31	371.02	1041.33	368.99	3.11	147.14	0.41	81.86	6430.54	-5334.38	4150.77
Fixation L	1	8	10354151142	10354337162	186020	1051.54	375.01	16	16	-1	16.53	16.53
Fixation R	1	8	10354151142	10354337162	186020	1051.54	375.01	16	16	-1	15.66	15.66
Saccade L	1	8	10354337162	10354373145	35983	1052.78	381.86	1144.26	376.63	2.01	97.86	0.44	55.85	3990.47	-3536.12	2757.60
Saccade R	1	8	10354337162	10354373145	35983	1052.78	381.86	1144.26	376.63	2.01	97.86	0.44	55.85	3990.47	-3536.12	2757.60
Fixation L	1	9	10354373145	10354683380	310235	1134.10	377.29	1156	401	-1	16.46	16.46
Fixation R	1	9	10354373145	10354683380	310235	1134.10	377.29	1156	401	-1	15.55	15.55
Saccade L	1	9	10354683380	10354725702	42322	1147.14	397.01	1013.18	384.14	3.03	140.59	0.42	71.50	5770.67	-5142.45	3791.31
Saccade R	1	9	10354683380	10354725702	42322	1147.14	397.01	1013.18	384.14	3.03	140.59	0.42	71.50	5770.67	-5142.45	3791.31
Fixation L	1	10	10354725702	10354897375	171673	1004.45	382.33	16	12	-1	16.53	16.53
Fixation R	1	10	10354725702	10354897375	171673	1004.45	382.33	16	12	-1	15.44	15.44
Saccade L	1	10	10354897375	10354931500	34125	1007.39	382.62	948.68	395.20	1.35	57.58	0.41	39.43	3277.02	-1983.75	1651.70
Saccade R	1	10	10354897375	10354931500	34125	1007.39	382.62	948.68	395.20	1.35	57.58	0.41	39.43	3277.02	-1983.75	1651.70
Saccade L	1	11	10354941494	10354987514	46020	947.37	397.51	948.16	396.27	24.23	1020.31	0.35	526.43	43766.44	-42339.37	30774.73
Saccade R	1	11	10354941494	10354987514	46020	947.37	397.51	948.16	396.27	24.23	1020.31	0.35	526.43	43766.44	-42339.37	30774.73
Fixation L	1	11	10354987514	10355057497	69983	949.06	389.70	11	11	-1	16.50	16.50
Fixation R	1	11	10354987514	10355057497	69983	949.06	389.70	11	11	-1	15.32	15.32
Saccade L	1	12	10355247651	10355273615	25964	940.32	373.33	883.35	365.94	1.16	68.15	0.46	44.64	2355.63	-2450.87	1790.35
Saccade R	1	12	10355247651	10355273615	25964	940.32	373.33	883.35	365.94	1.16	68.15	0.46	44.64	2355.63	-2450.87	1790.35
Fixation L	1	12	10355273615	10355459625	186010	889.55	367.34	17	23	-1	16.35	16.35
Fixation R	1	12	10355273615	10355459625	186010	889.55	367.34	17	23	-1	15.13	15.13
Saccade L	1	13	10355459625	10355511735	52110	884.77	372.46	1125.62	359.45	5.47	177.14	0.31	105.04	7913.29	-6208.40	5031.05
Saccade R	1	13	10355459625	10355511735	52110	884.77	372.46	1125.62	359.45	5.47	177.14	0.31	105.04	7913.29	-6208.40	5031.05
Fixation L	1	13	10355511735	10355703736	192001	1117.60	355.40	26	29	-1	16.26	16.26
Fixation R	1	13	10355511735	10355703736	192001	1117.60	355.40	26	29	-1	15.07	15.07
Blink L	1	1	10355703736	10355977829	274093
Blink R	1	1	10355703736	10355977829	274093
Saccade L	1	14	10356005976	10356050240	44264	492.63	374.75	423.33	425.20	2.07	91.36	0.68	46.68	2868.72	-3322.76	1809.08
Saccade R	1	14	10356005976	10356050240	44264	492.63	374.75	423.33	425.20	2.07	91.36	0.68	46.68	2868.72	-3322.76	1809.08
Fixation L	1	14	10356050240	10357184471	1134231	415.70	432.73	40	46	-1	16.06	16.06
Fixation R	1	14	10356050240	10357184471	1134231	415.70	432.73	40	46	-1	14.80	14.80
Saccade L	1	15	10357184471	10357222441	37970	413.09	455.04	373.54	417.27	1.17	45.80	0.69	30.80	1140.12	-1718.33	1035.69
Saccade R	1	15	10357184471	10357222441	37970	413.09	455.04	373.54	417.27	1.17	45.80	0.69	30.80	1140.12	-1718.33	1035.69
UserEvent	1	110	10357189804	# Message: UE-mouseclick left x=417 y=434
Fixation L	1	15	10357222441	10357481030	258589	381.59	420.27	29	37	-1	15.86	15.86
Fixation R	1	15	10357222441	10357481030	258589	381.59	420.27	29	37	-1	14.60	14.60
Saccade L	1	16	10357481030	10357525471	44441	390.92	441.73	428.11	496.60	1.56	52.18	0.57	34.99	1398.29	-2100.44	1189.12
Saccade R	1	16	10357481030	10357525471	44441	390.92	441.73	428.11	496.60	1.56	52.18	0.57	34.99	1398.29	-2100.44	1189.12
Fixation L	1	16	10357525471	10357779497	254026	423.73	494.62	11	20	-1	15.82	15.82
Fixation R	1	16	10357525471	10357779497	254026	423.73	494.62	11	20	-1	15.09	15.09
UserEvent	1	126	10357765790	# Message: UE-mouseclick left x=414 y=525
Saccade L	1	17	10357779497	10357822701	43204	416.77	488.20	439.76	324.10	4.52	208.65	0.40	104.71	8563.19	-7883.44	4489.48
Saccade R	1	17	10357779497	10357822701	43204	416.77	488.20	439.76	324.10	4.52	208.65	0.40	104.71	8563.19	-7883.44	4489.48
