[BeGaze]
Converted from:	C:\Program Files\SMI\Experiment Suite 360\Experiment Center 2\Results\RC-Attachment-Exp\Denek03-eye_data.idf
Date:	18.03.2012 20:04:01
Version:	BeGaze 3.0.181
Sample Rate:	500
Subject:	Denek03
Description:	Run6

Table Header for Fixations:
Event Type	Trial	Number	Start	End	Duration	Location X	Location Y	Dispersion X	Dispersion Y	Plane	Avg. Pupil Size X	Avg. Pupil Size Y

Table Header for Saccades:
Event Type	Trial	Number	Start	End	Duration	Start Loc.X	Start Loc.Y	End Loc.X	End Loc.Y	Amplitude	Peak Speed	Peak Speed At	Average Speed	Peak Accel.	Peak Decel.	Average Accel.

Table Header for Blinks:
Event Type	Trial	Number	Start	End	Duration

Table Header for User Events:
Event Type	Trial	Number	Start	Description

UserEvent	1	1	4831807688	# Message: Questionnaire6.jpg
Fixation L	1	1	4831816848	4832185291	368443	871.14	956.08	42	46	-1	15.19	15.19
Fixation R	1	1	4831816848	4832185291	368443	871.14	956.08	42	46	-1	15.37	15.37
Saccade L	1	1	4832185291	4832265330	80039	840.73	953.54	428.18	433.77	15.32	405.19	0.27	191.44	17247.27	-10274.29	8168.09
Saccade R	1	1	4832185291	4832265330	80039	840.73	953.54	428.18	433.77	15.32	405.19	0.27	191.44	17247.27	-10274.29	8168.09
Fixation L	1	2	4832265330	4832319341	54011	447.99	437.28	31	29	-1	15.20	15.20
Fixation R	1	2	4832265330	4832319341	54011	447.99	437.28	31	29	-1	15.42	15.42
Saccade L	1	2	4832319341	4832353431	34090	460.84	457.47	450.52	381.94	1.59	81.01	0.35	46.52	2693.18	-2638.62	1922.88
Saccade R	1	2	4832319341	4832353431	34090	460.84	457.47	450.52	381.94	1.59	81.01	0.35	46.52	2693.18	-2638.62	1922.88
Fixation L	1	3	4832353431	4832643476	290045	451.70	365.20	16	48	-1	14.96	14.96
Fixation R	1	3	4832353431	4832643476	290045	451.70	365.20	16	48	-1	15.12	15.12
Saccade L	1	3	4832643476	4832689494	46018	441.78	351.39	583.13	354.81	3.16	159.47	0.35	68.66	6598.23	-5726.22	3706.11
Saccade R	1	3	4832643476	4832689494	46018	441.78	351.39	583.13	354.81	3.16	159.47	0.35	68.66	6598.23	-5726.22	3706.11
Fixation L	1	4	4832689494	4832865567	176073	588.80	358.61	15	16	-1	15.67	15.67
Fixation R	1	4	4832689494	4832865567	176073	588.80	358.61	15	16	-1	15.82	15.82
Saccade L	1	4	4832865567	4832901597	36030	583.68	365.97	715.36	377.91	2.86	173.49	0.41	79.34	7334.01	-6542.50	4713.57
Saccade R	1	4	4832865567	4832901597	36030	583.68	365.97	715.36	377.91	2.86	173.49	0.41	79.34	7334.01	-6542.50	4713.57
Fixation L	1	5	4832901597	4833079694	178097	726.91	382.32	16	16	-1	16.43	16.43
Fixation R	1	5	4832901597	4833079694	178097	726.91	382.32	16	16	-1	16.60	16.60
Saccade L	1	5	4833079694	4833111691	31997	725.50	390.82	850.55	397.31	2.68	152.56	0.44	83.78	6537.24	-5985.19	4614.36
Saccade R	1	5	4833079694	4833111691	31997	725.50	390.82	850.55	397.31	2.68	152.56	0.44	83.78	6537.24	-5985.19	4614.36
Fixation L	1	6	4833111691	4833303674	191983	850.83	390.76	19	17	-1	16.90	16.90
Fixation R	1	6	4833111691	4833303674	191983	850.83	390.76	19	17	-1	16.95	16.95
Saccade L	1	6	4833303674	4833343848	40174	859.14	393.42	976.43	380.51	2.58	142.38	0.35	64.28	5988.13	-5032.41	3566.03
Saccade R	1	6	4833303674	4833343848	40174	859.14	393.42	976.43	380.51	2.58	142.38	0.35	64.28	5988.13	-5032.41	3566.03
Fixation L	1	7	4833343848	4833479788	135940	979.44	375.03	15	11	-1	17.00	17.00
Fixation R	1	7	4833343848	4833479788	135940	979.44	375.03	15	11	-1	16.99	16.99
Saccade L	1	7	4833479788	4833516187	36399	971.46	369.57	1048.60	377.27	1.68	85.35	0.33	46.02	3522.53	-2691.75	2129.07
Saccade R	1	7	4833479788	4833516187	36399	971.46	369.57	1048.60	377.27	1.68	85.35	0.33	46.02	3522.53	-2691.75	2129.07
Fixation L	1	8	4833516187	4833697905	181718	1056.85	372.24	16	12	-1	16.99	16.99
Fixation R	1	8	4833516187	4833697905	181718	1056.85	372.24	16	12	-1	17.15	17.15
Saccade L	1	8	4833697905	4833724483	26578	1053.33	378.20	1139.92	363.05	1.91	130.26	0.46	71.77	5050.98	-4905.27	3602.00
Saccade R	1	8	4833697905	4833724483	26578	1053.33	378.20	1139.92	363.05	1.91	130.26	0.46	71.77	5050.98	-4905.27	3602.00
Fixation L	1	9	4833724483	4833970019	245536	1134.54	370.36	27	24	-1	17.02	17.02
Fixation R	1	9	4833724483	4833970019	245536	1134.54	370.36	27	24	-1	17.32	17.32
Saccade L	1	9	4833970019	4834039003	68984	1131.81	373.71	393.61	450.47	17.45	530.32	0.41	252.89	22047.87	-15332.07	12213.95
Saccade R	1	9	4833970019	4834039003	68984	1131.81	373.71	393.61	450.47	17.45	530.32	0.41	252.89	22047.87	-15332.07	12213.95
Fixation L	1	10	4834039003	4834266215	227212	428.26	452.10	53	34	-1	17.23	17.23
Fixation R	1	10	4834039003	4834266215	227212	428.26	452.10	53	34	-1	17.27	17.27
Saccade L	1	10	4834266215	4834302129	35914	432.14	435.14	404.90	467.65	1.48	83.72	0.78	41.22	1980.02	-2418.32	1314.01
Saccade R	1	10	4834266215	4834302129	35914	432.14	435.14	404.90	467.65	1.48	83.72	0.78	41.22	1980.02	-2418.32	1314.01
Fixation L	1	11	4834302129	4834712363	410234	414.04	461.64	27	31	-1	16.90	16.90
Fixation R	1	11	4834302129	4834712363	410234	414.04	461.64	27	31	-1	17.17	17.17
Blink L	1	1	4834719334	4834898356	179022
Blink R	1	1	4834719334	4834898356	179022
Fixation L	1	12	4834898356	4834950009	51653	447.90	487.46	9	19	-1	16.78	16.78
Fixation R	1	12	4834898356	4834950009	51653	447.90	487.46	9	19	-1	17.08	17.08
Blink R	1	2	4834950009	4835270592	320583
Fixation L	1	13	4835052519	4835246595	194076	418.24	549.06	49	43	-1	16.47	16.47
Blink L	1	2	4835246595	4835302587	55992
Blink R	1	3	4835278940	4835530703	251763
Fixation L	1	14	4835302587	4835506706	204119	401.20	530.18	28	36	-1	16.37	16.37
Blink L	1	3	4835506706	4836132930	626224
Fixation R	1	13	4835530703	4835910831	380128	0.00	0.00	0	0	-1	0.00	0.00
Saccade R	1	11	4835910831	4836132930	222099	0.00	0.00	376.93	484.41	121.15	1171.32	0.95	545.47	44780.93	-44158.65	31114.76
Fixation L	1	15	4836132930	4836539039	406109	368.63	508.08	36	65	-1	17.24	17.24
Fixation R	1	14	4836132930	4836539039	406109	368.63	508.08	36	65	-1	2.06	2.06
Blink R	1	4	4836539039	4836594014	54975
Blink L	1	4	4836567957	4837202865	634908
Fixation R	1	15	4836594014	4836973271	379257	0.00	0.00	0	0	-1	0.00	0.00
Saccade R	1	12	4836973271	4837202865	229594	0.00	0.00	387.13	358.64	108.24	1022.21	0.94	471.45	38992.60	-38567.52	27002.67
UserEvent	1	131	4837019502	# Message: UE-mouseclick left x=363 y=471
Saccade L	1	11	4837245666	4837302309	56643	387.80	354.86	345.60	324.20	1.69	43.44	0.54	29.76	811.60	-952.05	634.03
Saccade R	1	13	4837245666	4837302309	56643	387.80	354.86	345.60	324.20	1.69	43.44	0.54	29.76	811.60	-952.05	634.03
Saccade L	1	12	4837327203	4837442666	115463	362.94	368.36	442.17	449.55	6.74	162.00	0.64	58.37	5231.09	-4955.11	2097.45
Saccade R	1	14	4837327203	4837442666	115463	362.94	368.36	442.17	449.55	6.74	162.00	0.64	58.37	5231.09	-4955.11	2097.45
Fixation L	1	16	4837442666	4838006086	563420	433.38	432.40	33	126	-1	18.35	18.35
Fixation R	1	16	4837442666	4838006086	563420	433.38	432.40	33	126	-1	19.13	19.13
Saccade L	1	13	4838021980	4838049978	27998	434.77	496.50	442.39	437.07	0.81	50.26	0.40	28.84	-684.92	-1886.64	1324.75
Saccade R	1	15	4838021980	4838049978	27998	434.77	496.50	442.39	437.07	0.81	50.26	0.40	28.84	-684.92	-1886.64	1324.75
Fixation L	1	17	4838106134	4838736424	630290	430.47	429.98	34	34	-1	18.00	18.00
Fixation R	1	17	4838106134	4838736424	630290	430.47	429.98	34	34	-1	18.47	18.47
UserEvent	1	171	4838611401	# Message: UE-mouseclick left x=389 y=530
