[BeGaze]
Converted from:	C:\Program Files\SMI\Experiment Suite 360\Experiment Center 2\Results\RC-Attachment-Exp\P16-eye_data.idf
Date:	18.03.2012 20:12:32
Version:	BeGaze 3.0.181
Sample Rate:	500
Subject:	P16
Description:	Run21

Table Header for Fixations:
Event Type	Trial	Number	Start	End	Duration	Location X	Location Y	Dispersion X	Dispersion Y	Plane	Avg. Pupil Size X	Avg. Pupil Size Y

Table Header for Saccades:
Event Type	Trial	Number	Start	End	Duration	Start Loc.X	Start Loc.Y	End Loc.X	End Loc.Y	Amplitude	Peak Speed	Peak Speed At	Average Speed	Peak Accel.	Peak Decel.	Average Accel.

Table Header for Blinks:
Event Type	Trial	Number	Start	End	Duration

Table Header for User Events:
Event Type	Trial	Number	Start	Description

UserEvent	1	1	1878165908	# Message: Questionnaire20.jpg
Fixation L	1	1	1878168801	1878612182	443381	920.00	929.66	25	23	-1	11.52	11.52
Fixation R	1	1	1878168801	1878612182	443381	920.00	929.66	25	23	-1	11.93	11.93
Saccade L	1	1	1878612182	1878670305	58123	929.07	939.26	520.24	451.60	14.24	440.51	0.31	245.07	19619.49	-10476.86	10254.98
Saccade R	1	1	1878612182	1878670305	58123	929.07	939.26	520.24	451.60	14.24	440.51	0.31	245.07	19619.49	-10476.86	10254.98
Saccade L	1	2	1878684303	1878710307	26004	521.79	464.53	531.25	500.71	0.80	40.44	0.47	30.83	903.42	-1438.00	846.80
Saccade R	1	2	1878684303	1878710307	26004	521.79	464.53	531.25	500.71	0.80	40.44	0.47	30.83	903.42	-1438.00	846.80
Fixation L	1	2	1878710307	1878772301	61994	528.18	492.53	12	23	-1	11.19	11.19
Fixation R	1	2	1878710307	1878772301	61994	528.18	492.53	12	23	-1	11.27	11.27
Saccade L	1	3	1878772301	1878810489	38188	534.26	480.65	402.42	388.15	3.84	190.49	0.47	100.46	8089.58	-7714.31	5624.04
Saccade R	1	3	1878772301	1878810489	38188	534.26	480.65	402.42	388.15	3.84	190.49	0.47	100.46	8089.58	-7714.31	5624.04
Fixation L	1	3	1878810489	1879058386	247897	421.51	398.16	24	27	-1	11.12	11.12
Fixation R	1	3	1878810489	1879058386	247897	421.51	398.16	24	27	-1	11.30	11.30
Saccade L	1	4	1879058386	1879090410	32024	424.31	403.91	505.35	385.10	1.83	118.34	0.38	57.05	4734.15	-4316.43	3042.35
Saccade R	1	4	1879058386	1879090410	32024	424.31	403.91	505.35	385.10	1.83	118.34	0.38	57.05	4734.15	-4316.43	3042.35
Fixation L	1	4	1879090410	1879210934	120524	501.42	384.40	12	18	-1	10.38	10.38
Fixation R	1	4	1879090410	1879210934	120524	501.42	384.40	12	18	-1	10.79	10.79
Saccade L	1	5	1879210934	1879236529	25595	504.78	375.68	573.99	380.35	1.48	95.35	0.53	57.70	3777.73	-3562.49	2403.21
Saccade R	1	5	1879210934	1879236529	25595	504.78	375.68	573.99	380.35	1.48	95.35	0.53	57.70	3777.73	-3562.49	2403.21
Saccade L	1	6	1879246571	1879276531	29960	575.32	384.64	569.75	375.82	5.84	234.05	0.20	194.97	10369.31	-10648.69	8338.83
Saccade R	1	6	1879246571	1879276531	29960	575.32	384.64	569.75	375.82	5.84	234.05	0.20	194.97	10369.31	-10648.69	8338.83
Fixation L	1	5	1879276531	1879373971	97440	571.30	380.44	12	14	-1	10.08	10.08
Fixation R	1	5	1879276531	1879373971	97440	571.30	380.44	12	14	-1	10.53	10.53
Saccade L	1	7	1879373971	1879402552	28581	573.56	375.49	646.42	386.75	1.59	105.15	0.44	55.63	4372.05	-4000.33	2965.34
Saccade R	1	7	1879373971	1879402552	28581	573.56	375.49	646.42	386.75	1.59	105.15	0.44	55.63	4372.05	-4000.33	2965.34
Fixation L	1	6	1879402552	1879524654	122102	646.47	376.75	6	21	-1	10.09	10.09
Fixation R	1	6	1879402552	1879524654	122102	646.47	376.75	6	21	-1	10.59	10.59
Saccade L	1	8	1879524654	1879548648	23994	646.18	377.21	698.84	373.24	1.16	85.95	0.50	48.39	3399.31	-3378.27	2376.09
Saccade R	1	8	1879524654	1879548648	23994	646.18	377.21	698.84	373.24	1.16	85.95	0.50	48.39	3399.31	-3378.27	2376.09
Fixation L	1	7	1879548648	1879666443	117795	699.32	367.56	8	19	-1	10.48	10.48
Fixation R	1	7	1879548648	1879666443	117795	699.32	367.56	8	19	-1	11.06	11.06
Saccade L	1	9	1879666443	1879696652	30209	698.81	359.45	700.74	372.53	6.66	266.56	0.60	220.40	12038.29	-9504.31	8563.47
Saccade R	1	9	1879666443	1879696652	30209	698.81	359.45	700.74	372.53	6.66	266.56	0.60	220.40	12038.29	-9504.31	8563.47
Saccade L	1	10	1879700640	1879742787	42147	697.01	370.13	418.86	361.07	6.21	286.68	0.34	147.42	10428.62	-10844.32	6665.93
Saccade R	1	10	1879700640	1879742787	42147	697.01	370.13	418.86	361.07	6.21	286.68	0.34	147.42	10428.62	-10844.32	6665.93
Fixation L	1	8	1879742787	1879974750	231963	411.76	359.31	427	388	-1	10.82	10.82
Fixation R	1	8	1879742787	1879974750	231963	411.76	359.31	427	388	-1	11.17	11.17
Saccade L	1	11	1879992744	1880018878	26134	413.09	369.68	406.00	485.22	2.37	172.01	0.46	90.55	5226.21	-6051.42	4173.24
Saccade R	1	11	1879992744	1880018878	26134	413.09	369.68	406.00	485.22	2.37	172.01	0.46	90.55	5226.21	-6051.42	4173.24
Fixation L	1	9	1880018878	1881439447	1420569	385.78	463.13	59	54	-1	11.18	11.18
Fixation R	1	9	1880018878	1881439447	1420569	385.78	463.13	59	54	-1	11.45	11.45
UserEvent	1	74	1881088803	# Message: UE-mouseclick left x=360 y=434
Saccade L	1	12	1881485488	1881535603	50115	394.25	439.64	381.04	567.19	3.76	114.11	0.32	75.09	4924.92	-4480.31	3613.11
Saccade R	1	12	1881485488	1881535603	50115	394.25	439.64	381.04	567.19	3.76	114.11	0.32	75.09	4924.92	-4480.31	3613.11
Fixation L	1	10	1881535603	1881632141	96538	380.57	547.62	28	27	-1	11.49	11.49
Fixation R	1	10	1881535603	1881632141	96538	380.57	547.62	28	27	-1	11.82	11.82
Blink L	1	1	1881632141	1881681560	49419
Blink R	1	1	1881632141	1881681560	49419
Saccade L	1	13	1881687555	1881711560	24005	0.00	0.00	376.42	551.33	14.32	1296.16	0.50	596.47	42298.71	-48609.75	32319.92
Saccade R	1	13	1881687555	1881711560	24005	0.00	0.00	376.42	551.33	14.32	1296.16	0.50	596.47	42298.71	-48609.75	32319.92
Fixation L	1	11	1881711560	1882016392	304832	386.91	552.48	38	20	-1	11.25	11.25
Fixation R	1	11	1881711560	1882016392	304832	386.91	552.48	38	20	-1	11.55	11.55
UserEvent	1	94	1881896781	# Message: UE-mouseclick left x=376 y=531
