[BeGaze]
Converted from:	C:\Program Files\SMI\Experiment Suite 360\Experiment Center 2\Results\RC-Attachment-Exp\P08-eye_data.idf
Date:	18.03.2012 20:06:57
Version:	BeGaze 3.0.181
Sample Rate:	500
Subject:	P08
Description:	Run13

Table Header for Fixations:
Event Type	Trial	Number	Start	End	Duration	Location X	Location Y	Dispersion X	Dispersion Y	Plane	Avg. Pupil Size X	Avg. Pupil Size Y

Table Header for Saccades:
Event Type	Trial	Number	Start	End	Duration	Start Loc.X	Start Loc.Y	End Loc.X	End Loc.Y	Amplitude	Peak Speed	Peak Speed At	Average Speed	Peak Accel.	Peak Decel.	Average Accel.

Table Header for Blinks:
Event Type	Trial	Number	Start	End	Duration

Table Header for User Events:
Event Type	Trial	Number	Start	Description

UserEvent	1	1	11549015211	# Message: intro-3.jpg
Fixation L	1	1	11549024778	11549412201	387423	443.82	435.81	17	18	-1	12.52	12.52
Fixation R	1	1	11549024778	11549412201	387423	443.82	435.81	17	18	-1	12.06	12.06
Saccade L	1	1	11549412201	11549438187	25986	443.18	434.68	435.80	506.43	1.63	128.53	0.46	62.61	4839.37	-2304.80	2426.27
Saccade R	1	1	11549412201	11549438187	25986	443.18	434.68	435.80	506.43	1.63	128.53	0.46	62.61	4839.37	-2304.80	2426.27
Saccade L	1	2	11549438187	11549504313	66126	435.80	506.43	515.23	431.95	3.72	136.67	0.21	56.31	3300.30	-3515.45	1902.11
Saccade R	1	2	11549438187	11549504313	66126	435.80	506.43	515.23	431.95	3.72	136.67	0.21	56.31	3300.30	-3515.45	1902.11
Fixation L	1	2	11549504313	11549652338	148025	509.55	420.75	12	27	-1	12.68	12.68
Fixation R	1	2	11549504313	11549652338	148025	509.55	420.75	12	27	-1	12.17	12.17
Saccade L	1	3	11549652338	11549690311	37973	510.06	405.25	569.08	442.33	1.53	77.43	0.42	40.31	3230.74	-2982.42	2204.93
Saccade R	1	3	11549652338	11549690311	37973	510.06	405.25	569.08	442.33	1.53	77.43	0.42	40.31	3230.74	-2982.42	2204.93
Fixation L	1	3	11549690311	11549816633	126322	576.57	431.65	14	26	-1	12.98	12.98
Fixation R	1	3	11549690311	11549816633	126322	576.57	431.65	14	26	-1	12.39	12.39
Saccade L	1	4	11549816633	11549868440	51807	572.27	437.68	699.86	450.34	2.82	135.86	0.27	54.48	5601.37	-4109.18	2768.51
Saccade R	1	4	11549816633	11549868440	51807	572.27	437.68	699.86	450.34	2.82	135.86	0.27	54.48	5601.37	-4109.18	2768.51
Fixation L	1	4	11549868440	11549981660	113220	706.65	443.15	13	12	-1	13.07	13.07
Fixation R	1	4	11549868440	11549981660	113220	706.65	443.15	13	12	-1	12.77	12.77
Saccade L	1	5	11549981660	11550042555	60895	710.62	438.67	758.10	453.40	1.74	72.65	0.61	28.55	2033.62	-2649.88	1259.82
Saccade R	1	5	11549981660	11550042555	60895	710.62	438.67	758.10	453.40	1.74	72.65	0.61	28.55	2033.62	-2649.88	1259.82
Fixation L	1	5	11550042555	11550142549	99994	770.57	451.93	28	20	-1	13.15	13.15
Fixation R	1	5	11550042555	11550142549	99994	770.57	451.93	28	20	-1	12.82	12.82
Saccade L	1	6	11550142549	11550174574	32025	754.20	462.14	836.28	449.79	2.05	135.77	0.62	63.99	5343.49	-5198.70	3818.00
Saccade R	1	6	11550142549	11550174574	32025	754.20	462.14	836.28	449.79	2.05	135.77	0.62	63.99	5343.49	-5198.70	3818.00
Fixation L	1	6	11550174574	11550347521	172947	849.16	451.29	21	33	-1	13.23	13.23
Fixation R	1	6	11550174574	11550347521	172947	849.16	451.29	21	33	-1	12.81	12.81
Saccade L	1	7	11550347521	11550394676	47155	846.63	443.00	974.28	461.46	3.06	158.50	0.41	64.88	6609.35	-6334.23	4093.26
Saccade R	1	7	11550347521	11550394676	47155	846.63	443.00	974.28	461.46	3.06	158.50	0.41	64.88	6609.35	-6334.23	4093.26
Fixation L	1	7	11550394676	11550748800	354124	980.20	452.65	31	34	-1	13.48	13.48
Fixation R	1	7	11550394676	11550748800	354124	980.20	452.65	31	34	-1	13.05	13.05
Saccade L	1	8	11550748800	11550796793	47993	982.59	449.49	1118.42	451.00	3.03	155.61	0.29	63.04	6908.23	-5979.80	3878.43
Saccade R	1	8	11550748800	11550796793	47993	982.59	449.49	1118.42	451.00	3.03	155.61	0.29	63.04	6908.23	-5979.80	3878.43
Fixation L	1	8	11550796793	11551036919	240126	1117.72	451.61	22	22	-1	14.39	14.39
Fixation R	1	8	11550796793	11551036919	240126	1117.72	451.61	22	22	-1	13.85	13.85
Saccade L	1	9	11551036919	11551123089	86170	1115.45	454.53	904.88	910.50	11.79	294.32	0.30	136.78	12612.21	-6986.83	5342.89
Saccade R	1	9	11551036919	11551123089	86170	1115.45	454.53	904.88	910.50	11.79	294.32	0.30	136.78	12612.21	-6986.83	5342.89
Fixation L	1	9	11551123089	11551667288	544199	925.95	910.14	44	31	-1	14.48	14.48
Fixation R	1	9	11551123089	11551667288	544199	925.95	910.14	44	31	-1	14.11	14.11
