[BeGaze]
Converted from:	C:\Program Files\SMI\Experiment Suite 360\Experiment Center 2\Results\RC-Attachment-Exp\P19-eye_data.idf
Date:	18.03.2012 20:14:32
Version:	BeGaze 3.0.181
Sample Rate:	500
Subject:	P19
Description:	Run24

Table Header for Fixations:
Event Type	Trial	Number	Start	End	Duration	Location X	Location Y	Dispersion X	Dispersion Y	Plane	Avg. Pupil Size X	Avg. Pupil Size Y

Table Header for Saccades:
Event Type	Trial	Number	Start	End	Duration	Start Loc.X	Start Loc.Y	End Loc.X	End Loc.Y	Amplitude	Peak Speed	Peak Speed At	Average Speed	Peak Accel.	Peak Decel.	Average Accel.

Table Header for Blinks:
Event Type	Trial	Number	Start	End	Duration

Table Header for User Events:
Event Type	Trial	Number	Start	Description

UserEvent	1	1	18040887839	# Message: Questionnaire4.jpg
Saccade L	1	1	18040905946	18040971964	66018	890.20	904.71	934.70	923.41	1.55	41.33	0.24	23.49	1399.67	-1223.62	665.69
Saccade R	1	1	18040905946	18040971964	66018	890.20	904.71	934.70	923.41	1.55	41.33	0.24	23.49	1399.67	-1223.62	665.69
Fixation L	1	1	18040971964	18041136079	164115	919.74	926.23	52	16	-1	13.08	13.08
Fixation R	1	1	18040971964	18041136079	164115	919.74	926.23	52	16	-1	13.10	13.10
Saccade L	1	2	18041136079	18041234104	98025	888.97	923.26	891.17	933.38	2.55	46.98	0.35	26.00	1541.83	-719.50	704.05
Saccade R	1	2	18041136079	18041234104	98025	888.97	923.26	891.17	933.38	2.55	46.98	0.35	26.00	1541.83	-719.50	704.05
Saccade L	1	3	18041276923	18041394177	117254	914.38	918.35	555.15	404.19	17.58	415.10	0.50	149.90	17867.92	-14577.63	6849.89
Saccade R	1	3	18041276923	18041394177	117254	914.38	918.35	555.15	404.19	17.58	415.10	0.50	149.90	17867.92	-14577.63	6849.89
Saccade L	1	4	18041394177	18041438311	44134	555.15	404.19	584.55	407.61	1.24	44.03	0.36	28.02	863.86	-1080.14	518.79
Saccade R	1	4	18041394177	18041438311	44134	555.15	404.19	584.55	407.61	1.24	44.03	0.36	28.02	863.86	-1080.14	518.79
Saccade L	1	5	18041470188	18041528200	58012	572.33	426.30	429.11	389.46	3.59	158.02	0.45	61.87	6544.59	-6152.14	3625.60
Saccade R	1	5	18041470188	18041528200	58012	572.33	426.30	429.11	389.46	3.59	158.02	0.45	61.87	6544.59	-6152.14	3625.60
Fixation L	1	2	18041528200	18041624288	96088	427.17	393.85	14	31	-1	13.35	13.35
Fixation R	1	2	18041528200	18041624288	96088	427.17	393.85	14	31	-1	13.13	13.13
Saccade L	1	6	18041624288	18041670308	46020	420.41	382.26	660.50	404.24	6.28	278.78	0.74	136.53	9709.82	-10863.98	7581.87
Saccade R	1	6	18041624288	18041670308	46020	420.41	382.26	660.50	404.24	6.28	278.78	0.74	136.53	9709.82	-10863.98	7581.87
Fixation L	1	3	18041670308	18041868271	197963	667.15	406.17	30	23	-1	13.06	13.06
Fixation R	1	3	18041670308	18041868271	197963	667.15	406.17	30	23	-1	13.18	13.18
Saccade L	1	7	18041868271	18041920457	52186	664.19	411.06	826.66	407.15	3.74	168.60	0.42	71.69	7354.47	-7007.03	4479.57
Saccade R	1	7	18041868271	18041920457	52186	664.19	411.06	826.66	407.15	3.74	168.60	0.42	71.69	7354.47	-7007.03	4479.57
Fixation L	1	4	18041920457	18042040403	119946	831.44	405.63	15	29	-1	13.45	13.45
Fixation R	1	4	18041920457	18042040403	119946	831.44	405.63	15	29	-1	13.58	13.58
Saccade L	1	8	18042040403	18042070390	29987	834.67	392.56	833.10	406.57	7.84	314.22	0.80	261.37	14869.17	-14958.24	11766.94
Saccade R	1	8	18042040403	18042070390	29987	834.67	392.56	833.10	406.57	7.84	314.22	0.80	261.37	14869.17	-14958.24	11766.94
Fixation L	1	5	18042070390	18042166385	95995	832.80	406.03	22	16	-1	13.72	13.72
Fixation R	1	5	18042070390	18042166385	95995	832.80	406.03	22	16	-1	13.75	13.75
Saccade L	1	9	18042166385	18042214502	48117	834.97	411.78	795.04	406.87	1.63	90.49	0.25	33.82	3331.30	-2789.71	1533.95
Saccade R	1	9	18042166385	18042214502	48117	834.97	411.78	795.04	406.87	1.63	90.49	0.25	33.82	3331.30	-2789.71	1533.95
Saccade L	1	10	18042222535	18042266524	43989	797.61	399.61	922.70	395.54	2.84	154.86	0.50	64.61	6227.01	-6327.58	4224.13
Saccade R	1	10	18042222535	18042266524	43989	797.61	399.61	922.70	395.54	2.84	154.86	0.50	64.61	6227.01	-6327.58	4224.13
Fixation L	1	6	18042266524	18042317979	51455	928.39	412.92	18	25	-1	13.94	13.94
Fixation R	1	6	18042266524	18042317979	51455	928.39	412.92	18	25	-1	13.84	13.84
Saccade L	1	11	18042317979	18042367320	49341	930.97	423.13	928.88	424.09	2.37	108.18	0.38	47.97	3779.30	-3844.64	2303.29
Saccade R	1	11	18042317979	18042367320	49341	930.97	423.13	928.88	424.09	2.37	108.18	0.38	47.97	3779.30	-3844.64	2303.29
Fixation L	1	7	18042367320	18042428621	61301	925.44	425.12	17	31	-1	14.01	14.01
Fixation R	1	7	18042367320	18042428621	61301	925.44	425.12	17	31	-1	13.89	13.89
Saccade L	1	12	18042428621	18042472653	44032	919.16	437.52	1001.39	434.42	2.40	118.93	0.41	54.56	4568.18	-3857.58	2593.48
Saccade R	1	12	18042428621	18042472653	44032	919.16	437.52	1001.39	434.42	2.40	118.93	0.41	54.56	4568.18	-3857.58	2593.48
Saccade L	1	13	18042490669	18042516646	25977	1025.14	434.16	985.84	416.06	0.81	52.73	0.46	31.15	1147.17	-1122.63	619.21
Saccade R	1	13	18042490669	18042516646	25977	1025.14	434.16	985.84	416.06	0.81	52.73	0.46	31.15	1147.17	-1122.63	619.21
Saccade L	1	14	18042516646	18042548623	31977	985.84	416.06	1034.77	427.07	1.04	56.53	0.44	32.48	1545.42	-2006.81	1158.00
Saccade R	1	14	18042516646	18042548623	31977	985.84	416.06	1034.77	427.07	1.04	56.53	0.44	32.48	1545.42	-2006.81	1158.00
Fixation L	1	8	18042548623	18042664766	116143	1004.74	415.02	53	33	-1	14.06	14.06
Fixation R	1	8	18042548623	18042664766	116143	1004.74	415.02	53	33	-1	14.00	14.00
Saccade L	1	15	18042664766	18042700777	36011	1003.40	423.68	1057.91	414.02	1.57	85.93	0.65	43.50	3411.37	-3289.24	2438.92
Saccade R	1	15	18042664766	18042700777	36011	1003.40	423.68	1057.91	414.02	1.57	85.93	0.65	43.50	3411.37	-3289.24	2438.92
Fixation L	1	9	18042700777	18042822738	121961	1055.70	418.92	27	31	-1	14.17	14.17
Fixation R	1	9	18042700777	18042822738	121961	1055.70	418.92	27	31	-1	14.04	14.04
Saccade L	1	16	18042822738	18042950722	127984	1035.88	417.54	357.62	443.71	18.69	368.15	0.55	146.06	14495.68	-14592.72	4992.67
Saccade R	1	16	18042822738	18042950722	127984	1035.88	417.54	357.62	443.71	18.69	368.15	0.55	146.06	14495.68	-14592.72	4992.67
Saccade L	1	17	18042954857	18042998879	44022	346.66	444.32	350.36	399.24	1.97	76.56	0.50	44.86	2312.75	-2307.49	1401.83
Saccade R	1	17	18042954857	18042998879	44022	346.66	444.32	350.36	399.24	1.97	76.56	0.50	44.86	2312.75	-2307.49	1401.83
Saccade L	1	18	18043003072	18043066887	63815	347.13	394.15	348.41	338.33	3.12	88.55	0.32	48.88	2226.24	-1655.49	844.17
Saccade R	1	18	18043003072	18043066887	63815	347.13	394.15	348.41	338.33	3.12	88.55	0.32	48.88	2226.24	-1655.49	844.17
Saccade L	1	19	18043066887	18043106910	40023	348.41	338.33	336.51	313.32	1.61	67.28	0.40	40.15	1113.77	-1646.43	761.07
Saccade R	1	19	18043066887	18043106910	40023	348.41	338.33	336.51	313.32	1.61	67.28	0.40	40.15	1113.77	-1646.43	761.07
Saccade L	1	20	18043126888	18043196917	70029	296.33	295.94	359.42	480.25	9.03	357.75	0.69	128.91	7950.04	-12856.02	4799.23
Saccade R	1	20	18043126888	18043196917	70029	296.33	295.94	359.42	480.25	9.03	357.75	0.69	128.91	7950.04	-12856.02	4799.23
Fixation L	1	10	18043196917	18044105304	908387	364.39	498.46	54	43	-1	13.72	13.72
Fixation R	1	10	18043196917	18044105304	908387	364.39	498.46	54	43	-1	13.66	13.66
Saccade L	1	21	18044105304	18044227310	122006	348.13	506.66	437.92	491.00	4.83	80.71	0.30	39.58	2819.83	-2032.03	1061.15
Saccade R	1	21	18044105304	18044227310	122006	348.13	506.66	437.92	491.00	4.83	80.71	0.30	39.58	2819.83	-2032.03	1061.15
Saccade L	1	22	18044227310	18044259296	31986	437.92	491.00	363.44	516.49	1.72	114.32	0.63	53.89	3685.49	-3708.70	2457.62
Saccade R	1	22	18044227310	18044259296	31986	437.92	491.00	363.44	516.49	1.72	114.32	0.63	53.89	3685.49	-3708.70	2457.62
Saccade L	1	23	18044265334	18044303424	38090	363.45	517.57	410.69	504.60	1.10	43.09	0.37	28.82	1233.44	-1277.90	752.81
Saccade R	1	23	18044265334	18044303424	38090	363.45	517.57	410.69	504.60	1.10	43.09	0.37	28.82	1233.44	-1277.90	752.81
Fixation L	1	11	18044303424	18044487414	183990	403.66	496.84	42	27	-1	13.73	13.73
Fixation R	1	11	18044303424	18044487414	183990	403.66	496.84	42	27	-1	13.83	13.83
Saccade L	1	24	18044487414	18044553433	66019	418.92	479.34	379.59	404.36	2.42	98.83	0.21	36.63	3827.16	-3537.05	1685.30
Saccade R	1	24	18044487414	18044553433	66019	418.92	479.34	379.59	404.36	2.42	98.83	0.21	36.63	3827.16	-3537.05	1685.30
Fixation L	1	12	18044553433	18044665685	112252	387.62	397.36	13	12	-1	13.67	13.67
Fixation R	1	12	18044553433	18044665685	112252	387.62	397.36	13	12	-1	13.72	13.72
Saccade L	1	25	18044665685	18044723532	57847	390.46	396.44	476.35	384.82	1.94	76.88	0.28	33.62	3375.72	-2184.28	1471.59
Saccade R	1	25	18044665685	18044723532	57847	390.46	396.44	476.35	384.82	1.94	76.88	0.28	33.62	3375.72	-2184.28	1471.59
Fixation L	1	13	18044723532	18044849666	126134	480.91	406.74	9	29	-1	13.62	13.62
Fixation R	1	13	18044723532	18044849666	126134	480.91	406.74	9	29	-1	13.93	13.93
Saccade L	1	26	18044849666	18044903671	54005	484.22	413.73	581.84	409.55	2.94	127.32	0.53	54.44	4443.93	-4655.10	2929.67
Saccade R	1	26	18044849666	18044903671	54005	484.22	413.73	581.84	409.55	2.94	127.32	0.53	54.44	4443.93	-4655.10	2929.67
Fixation L	1	14	18044903671	18045027642	123971	580.66	415.78	18	24	-1	13.71	13.71
Fixation R	1	14	18044903671	18045027642	123971	580.66	415.78	18	24	-1	13.70	13.70
Saccade L	1	27	18045027642	18045073641	45999	590.10	428.79	697.90	392.90	2.89	161.64	0.52	62.78	6009.46	-6556.90	3985.18
Saccade R	1	27	18045027642	18045073641	45999	590.10	428.79	697.90	392.90	2.89	161.64	0.52	62.78	6009.46	-6556.90	3985.18
Fixation L	1	15	18045073641	18045217763	144122	702.84	398.17	13	39	-1	13.65	13.65
Fixation R	1	15	18045073641	18045217763	144122	702.84	398.17	13	39	-1	13.87	13.87
Saccade L	1	28	18045217763	18045265775	48012	705.48	427.50	873.42	388.69	3.94	153.59	0.29	81.97	6470.65	-4462.20	3852.14
Saccade R	1	28	18045217763	18045265775	48012	705.48	427.50	873.42	388.69	3.94	153.59	0.29	81.97	6470.65	-4462.20	3852.14
Fixation L	1	16	18045265775	18045431904	166129	870.76	406.30	13	39	-1	13.76	13.76
Fixation R	1	16	18045265775	18045431904	166129	870.76	406.30	13	39	-1	13.79	13.79
Saccade L	1	29	18045431904	18045488668	56764	875.77	404.33	1029.99	415.03	3.61	181.79	0.28	63.59	6877.53	-5771.68	3385.44
Saccade R	1	29	18045431904	18045488668	56764	875.77	404.33	1029.99	415.03	3.61	181.79	0.28	63.59	6877.53	-5771.68	3385.44
Fixation L	1	17	18045488668	18045791984	303316	1041.05	388.58	32	44	-1	13.67	13.67
Fixation R	1	17	18045488668	18045791984	303316	1041.05	388.58	32	44	-1	13.74	13.74
Saccade L	1	30	18045791984	18045829990	38006	1033.55	381.61	1055.03	421.58	1.02	44.06	0.44	26.72	1803.55	-1549.74	1118.59
Saccade R	1	30	18045791984	18045829990	38006	1033.55	381.61	1055.03	421.58	1.02	44.06	0.44	26.72	1803.55	-1549.74	1118.59
Saccade L	1	31	18045836110	18046016138	180028	1055.83	422.73	429.71	487.21	21.20	380.84	0.57	117.76	10456.65	-10354.18	3233.73
Saccade R	1	31	18045836110	18046016138	180028	1055.83	422.73	429.71	487.21	21.20	380.84	0.57	117.76	10456.65	-10354.18	3233.73
Fixation L	1	18	18046016138	18046086145	70007	454.97	492.99	36	34	-1	13.80	13.80
Fixation R	1	18	18046016138	18046086145	70007	454.97	492.99	36	34	-1	13.49	13.49
Blink R	1	1	18046086145	18050168741	4082596
Fixation L	1	19	18046166107	18046824445	658338	-0.01	0.00	1	0	-1	1.61	1.61
Saccade L	1	32	18050208408	18050278060	69652	320.26	546.89	402.69	540.67	2.58	134.95	0.46	37.06	4989.09	-4232.47	2058.08
Saccade R	1	32	18050208408	18050278060	69652	320.26	546.89	402.69	540.67	2.58	134.95	0.46	37.06	4989.09	-4232.47	2058.08
Fixation L	1	20	18050278060	18050952554	674494	378.10	525.18	70	78	-1	14.24	14.24
Fixation R	1	19	18050278060	18050952554	674494	378.10	525.18	70	78	-1	14.81	14.81
UserEvent	1	246	18050686924	# Message: UE-mouseclick left x=433 y=483
Saccade L	1	33	18050952554	18051000201	47647	360.51	509.41	415.95	580.01	2.56	115.23	0.42	53.74	4922.94	-4476.79	3187.32
Saccade R	1	33	18050952554	18051000201	47647	360.51	509.41	415.95	580.01	2.56	115.23	0.42	53.74	4922.94	-4476.79	3187.32
Fixation L	1	21	18051000201	18051218540	218339	406.50	559.64	29	41	-1	14.36	14.36
Fixation R	1	20	18051000201	18051218540	218339	406.50	559.64	29	41	-1	14.68	14.68
Saccade L	1	34	18051268572	18051326038	57466	385.66	597.27	430.96	566.02	1.77	53.52	0.21	30.78	1018.25	-1313.47	901.27
Saccade R	1	34	18051268572	18051326038	57466	385.66	597.27	430.96	566.02	1.77	53.52	0.21	30.78	1018.25	-1313.47	901.27
UserEvent	1	262	18051295061	# Message: UE-mouseclick left x=446 y=577
Fixation L	1	22	18051326038	18051378032	51994	427.86	574.74	25	18	-1	14.67	14.67
Fixation R	1	21	18051326038	18051378032	51994	427.86	574.74	25	18	-1	14.76	14.76
