[BeGaze]
Converted from:	C:\Program Files\SMI\Experiment Suite 360\Experiment Center 2\Results\RC-Attachment-Exp\P27-eye_data.idf
Date:	18.03.2012 20:22:30
Version:	BeGaze 3.0.181
Sample Rate:	500
Subject:	P27
Description:	Run32

Table Header for Fixations:
Event Type	Trial	Number	Start	End	Duration	Location X	Location Y	Dispersion X	Dispersion Y	Plane	Avg. Pupil Size X	Avg. Pupil Size Y

Table Header for Saccades:
Event Type	Trial	Number	Start	End	Duration	Start Loc.X	Start Loc.Y	End Loc.X	End Loc.Y	Amplitude	Peak Speed	Peak Speed At	Average Speed	Peak Accel.	Peak Decel.	Average Accel.

Table Header for Blinks:
Event Type	Trial	Number	Start	End	Duration

Table Header for User Events:
Event Type	Trial	Number	Start	Description

UserEvent	1	1	13573787030	# Message: RC-nonforced-anim-4.jpg
Fixation L	1	1	13573787292	13574596650	809358	509.38	423.56	79	27	-1	12.09	12.09
Fixation R	1	1	13573787292	13574596650	809358	509.38	423.56	79	27	-1	12.82	12.82
Saccade L	1	1	13574596650	13574638661	42011	541.35	423.99	633.04	412.25	2.02	94.71	0.28	47.98	3909.90	-2944.93	2070.79
Saccade R	1	1	13574596650	13574638661	42011	541.35	423.99	633.04	412.25	2.02	94.71	0.28	47.98	3909.90	-2944.93	2070.79
Saccade L	1	2	13574688609	13574768781	80172	658.21	419.80	881.32	144.78	11.75	580.59	0.25	146.59	20937.51	-19538.32	7750.39
Saccade R	1	2	13574688609	13574768781	80172	658.21	419.80	881.32	144.78	11.75	580.59	0.25	146.59	20937.51	-19538.32	7750.39
Saccade L	1	3	13574828788	13574858987	30199	892.73	137.67	681.30	257.76	3.10	168.50	0.40	102.70	4246.19	-7073.64	4209.16
Saccade R	1	3	13574828788	13574858987	30199	892.73	137.67	681.30	257.76	3.10	168.50	0.40	102.70	4246.19	-7073.64	4209.16
Saccade L	1	4	13574908746	13574954770	46024	682.39	269.53	635.37	409.43	3.99	268.22	0.70	86.78	8442.12	-9970.92	4970.92
Saccade R	1	4	13574908746	13574954770	46024	682.39	269.53	635.37	409.43	3.99	268.22	0.70	86.78	8442.12	-9970.92	4970.92
Saccade L	1	5	13574971280	13575014746	43466	640.87	412.85	745.66	403.49	2.31	89.43	0.40	53.12	3318.92	-2966.99	2342.61
Saccade R	1	5	13574971280	13575014746	43466	640.87	412.85	745.66	403.49	2.31	89.43	0.40	53.12	3318.92	-2966.99	2342.61
Fixation L	1	2	13575014746	13575246853	232107	743.21	405.04	35	14	-1	12.26	12.26
Fixation R	1	2	13575014746	13575246853	232107	743.21	405.04	35	14	-1	12.75	12.75
Saccade L	1	6	13575246853	13575276967	30114	742.62	400.92	814.47	401.63	1.54	87.30	0.49	51.02	3571.84	-3001.10	2156.89
Saccade R	1	6	13575246853	13575276967	30114	742.62	400.92	814.47	401.63	1.54	87.30	0.49	51.02	3571.84	-3001.10	2156.89
Saccade L	1	7	13575282964	13575309010	26046	816.49	399.88	728.42	312.30	2.20	152.51	0.46	84.65	5162.64	-3135.68	2904.83
Saccade R	1	7	13575282964	13575309010	26046	816.49	399.88	728.42	312.30	2.20	152.51	0.46	84.65	5162.64	-3135.68	2904.83
Saccade L	1	8	13575350975	13575374983	24008	741.53	318.49	857.26	315.55	1.51	145.17	0.25	62.85	-210.88	-2787.12	1578.05
Saccade R	1	8	13575350975	13575374983	24008	741.53	318.49	857.26	315.55	1.51	145.17	0.25	62.85	-210.88	-2787.12	1578.05
Saccade L	1	9	13575381017	13575412962	31945	853.28	314.76	811.04	411.40	2.46	186.63	0.37	76.89	5320.16	-6464.31	4112.04
Saccade R	1	9	13575381017	13575412962	31945	853.28	314.76	811.04	411.40	2.46	186.63	0.37	76.89	5320.16	-6464.31	4112.04
Fixation L	1	3	13575412962	13575525107	112145	811.66	411.91	7	12	-1	11.98	11.98
Fixation R	1	3	13575412962	13575525107	112145	811.66	411.91	7	12	-1	12.62	12.62
Saccade L	1	10	13575525107	13575585091	59984	814.72	417.68	872.11	416.83	2.11	52.50	0.43	35.22	1974.61	-1007.19	973.34
Saccade R	1	10	13575525107	13575585091	59984	814.72	417.68	872.11	416.83	2.11	52.50	0.43	35.22	1974.61	-1007.19	973.34
Fixation L	1	4	13575585091	13575697299	112208	884.60	419.22	23	15	-1	12.11	12.11
Fixation R	1	4	13575585091	13575697299	112208	884.60	419.22	23	15	-1	12.88	12.88
Saccade L	1	11	13575697299	13575731070	33771	885.42	416.67	958.08	423.88	3.76	255.61	0.70	111.44	6269.64	-1529.04	2944.65
Saccade R	1	11	13575697299	13575731070	33771	885.42	416.67	958.08	423.88	3.76	255.61	0.70	111.44	6269.64	-1529.04	2944.65
Saccade L	1	12	13575749075	13575793073	43998	878.08	314.36	959.73	425.05	5.24	276.28	0.23	119.14	3094.52	-4684.99	2196.97
Saccade R	1	12	13575749075	13575793073	43998	878.08	314.36	959.73	425.05	5.24	276.28	0.23	119.14	3094.52	-4684.99	2196.97
Saccade L	1	13	13575799195	13575827098	27903	961.82	426.02	969.50	419.66	1.97	155.55	0.29	70.68	1604.75	-2181.00	1058.29
Saccade R	1	13	13575799195	13575827098	27903	961.82	426.02	969.50	419.66	1.97	155.55	0.29	70.68	1604.75	-2181.00	1058.29
Saccade L	1	14	13575883212	13575917196	33984	1098.51	320.46	1112.26	302.72	3.12	211.03	0.77	91.67	5589.05	-5385.56	3104.06
Saccade R	1	14	13575883212	13575917196	33984	1098.51	320.46	1112.26	302.72	3.12	211.03	0.77	91.67	5589.05	-5385.56	3104.06
Saccade L	1	15	13575951264	13575973235	21971	1102.26	328.20	1098.65	334.68	2.52	212.90	0.73	114.65	6800.04	-1963.22	2838.65
Saccade R	1	15	13575951264	13575973235	21971	1102.26	328.20	1098.65	334.68	2.52	212.90	0.73	114.65	6800.04	-1963.22	2838.65
Saccade L	1	16	13575973235	13576003196	29961	1098.65	334.68	1094.41	324.06	2.97	208.63	0.33	99.22	1653.88	-2881.15	1718.09
Saccade R	1	16	13575973235	13576003196	29961	1098.65	334.68	1094.41	324.06	2.97	208.63	0.33	99.22	1653.88	-2881.15	1718.09
Saccade L	1	17	13576071309	13576093345	22036	1087.14	305.47	1101.84	325.73	2.14	222.97	0.64	97.10	5659.54	867.47	3142.56
Saccade R	1	17	13576071309	13576093345	22036	1087.14	305.47	1101.84	325.73	2.14	222.97	0.64	97.10	5659.54	867.47	3142.56
Saccade L	1	18	13576093345	13576131314	37969	1101.84	325.73	902.02	298.14	4.68	335.72	0.42	123.19	6503.04	-11170.41	5898.66
Saccade R	1	18	13576093345	13576131314	37969	1101.84	325.73	902.02	298.14	4.68	335.72	0.42	123.19	6503.04	-11170.41	5898.66
Fixation L	1	5	13576217586	13576625573	407987	1103.64	423.19	33	33	-1	11.84	11.84
Fixation R	1	5	13576217586	13576625573	407987	1103.64	423.19	33	33	-1	12.50	12.50
Saccade L	1	19	13576625573	13576801556	175983	1104.21	431.90	953.53	896.45	19.58	231.63	0.49	111.24	9432.67	-7136.20	3220.35
Saccade R	1	19	13576625573	13576801556	175983	1104.21	431.90	953.53	896.45	19.58	231.63	0.49	111.24	9432.67	-7136.20	3220.35
Saccade L	1	20	13576837538	13576873659	36121	944.41	908.36	843.37	922.54	2.36	134.60	0.33	65.36	5102.56	-4754.51	3414.86
Saccade R	1	20	13576837538	13576873659	36121	944.41	908.36	843.37	922.54	2.36	134.60	0.33	65.36	5102.56	-4754.51	3414.86
Saccade L	1	21	13576883658	13576931722	48064	849.26	924.52	1020.88	870.18	19.59	1021.59	0.54	407.65	37188.80	-43137.29	29228.84
Saccade R	1	21	13576883658	13576931722	48064	849.26	924.52	1020.88	870.18	19.59	1021.59	0.54	407.65	37188.80	-43137.29	29228.84
Saccade L	1	22	13576953714	13576981662	27948	1018.98	865.08	912.86	910.61	2.56	206.33	0.43	91.55	7557.39	-7427.30	5323.06
Saccade R	1	22	13576953714	13576981662	27948	1018.98	865.08	912.86	910.61	2.56	206.33	0.43	91.55	7557.39	-7427.30	5323.06
Fixation L	1	6	13576981662	13577039680	58018	906.72	913.60	10	6	-1	12.52	12.52
Fixation R	1	6	13576981662	13577039680	58018	906.72	913.60	10	6	-1	13.20	13.20
Saccade L	1	23	13577039680	13577067666	27986	905.99	918.14	977.30	935.41	1.62	108.11	0.43	57.78	4215.05	-4268.69	3026.15
Saccade R	1	23	13577039680	13577067666	27986	905.99	918.14	977.30	935.41	1.62	108.11	0.43	57.78	4215.05	-4268.69	3026.15
Fixation L	1	7	13577067666	13577149661	81995	972.11	927.59	29	18	-1	12.30	12.30
Fixation R	1	7	13577067666	13577149661	81995	972.11	927.59	29	18	-1	13.28	13.28
Saccade L	1	24	13577149661	13577171781	22120	952.80	922.47	1024.07	921.04	1.48	119.88	0.46	67.02	4275.61	-4187.48	2890.40
Saccade R	1	24	13577149661	13577171781	22120	952.80	922.47	1024.07	921.04	1.48	119.88	0.46	67.02	4275.61	-4187.48	2890.40
Fixation L	1	8	13577171781	13577297790	126009	1024.08	928.65	24	24	-1	12.51	12.51
Fixation R	1	8	13577171781	13577297790	126009	1024.08	928.65	24	24	-1	13.23	13.23
Saccade L	1	25	13577297790	13577321890	24100	1011.15	938.21	978.54	930.54	0.71	41.29	0.50	29.39	1712.51	-1301.29	1064.99
Saccade R	1	25	13577297790	13577321890	24100	1011.15	938.21	978.54	930.54	0.71	41.29	0.50	29.39	1712.51	-1301.29	1064.99
Saccade L	1	26	13577351878	13577409773	57895	991.82	923.15	832.18	883.51	5.34	209.37	0.48	92.16	6858.81	-7151.67	4721.83
Saccade R	1	26	13577351878	13577409773	57895	991.82	923.15	832.18	883.51	5.34	209.37	0.48	92.16	6858.81	-7151.67	4721.83
Saccade L	1	27	13577429894	13577454208	24314	828.22	877.65	918.50	907.01	2.12	178.03	0.49	87.15	6464.63	-4519.04	3085.11
Saccade R	1	27	13577429894	13577454208	24314	828.22	877.65	918.50	907.01	2.12	178.03	0.49	87.15	6464.63	-4519.04	3085.11
