[BeGaze]
Converted from:	C:\Program Files\SMI\Experiment Suite 360\Experiment Center 2\Results\RC-Attachment-Exp\P06-eye_data.idf
Date:	18.03.2012 20:06:10
Version:	BeGaze 3.0.181
Sample Rate:	500
Subject:	P06
Description:	kibrisli

Table Header for Fixations:
Event Type	Trial	Number	Start	End	Duration	Location X	Location Y	Dispersion X	Dispersion Y	Plane	Avg. Pupil Size X	Avg. Pupil Size Y

Table Header for Saccades:
Event Type	Trial	Number	Start	End	Duration	Start Loc.X	Start Loc.Y	End Loc.X	End Loc.Y	Amplitude	Peak Speed	Peak Speed At	Average Speed	Peak Accel.	Peak Decel.	Average Accel.

Table Header for Blinks:
Event Type	Trial	Number	Start	End	Duration

Table Header for User Events:
Event Type	Trial	Number	Start	Description

UserEvent	1	1	6982206911	# Message: RC-N1forced-anim-3.jpg
Blink L	1	1	6982221766	6982287638	65872
Blink R	1	1	6982221766	6982287638	65872
Blink L	1	2	6982303641	6982529707	226066
Blink R	1	2	6982303641	6982529707	226066
Saccade L	1	1	6982541737	6982571705	29968	476.67	484.78	525.57	470.34	1.14	60.20	0.33	37.96	2398.61	-2262.64	1542.26
Saccade R	1	1	6982541737	6982571705	29968	476.67	484.78	525.57	470.34	1.14	60.20	0.33	37.96	2398.61	-2262.64	1542.26
Fixation L	1	1	6982571705	6982805824	234119	514.33	469.93	31	30	-1	12.06	12.06
Fixation R	1	1	6982571705	6982805824	234119	514.33	469.93	31	30	-1	12.49	12.49
Saccade L	1	2	6982805824	6982851822	45998	519.46	468.42	602.98	453.24	1.96	91.43	0.26	42.57	3015.54	-2522.50	1626.16
Saccade R	1	2	6982805824	6982851822	45998	519.46	468.42	602.98	453.24	1.96	91.43	0.26	42.57	3015.54	-2522.50	1626.16
Fixation L	1	2	6982851822	6983119944	268122	603.97	442.42	37	42	-1	12.30	12.30
Fixation R	1	2	6982851822	6983119944	268122	603.97	442.42	37	42	-1	12.72	12.72
Saccade L	1	3	6983119944	6983161939	41995	617.53	451.45	676.23	454.49	1.40	40.30	0.25	33.45	1253.25	-1544.96	774.65
Saccade R	1	3	6983119944	6983161939	41995	617.53	451.45	676.23	454.49	1.40	40.30	0.25	33.45	1253.25	-1544.96	774.65
Fixation L	1	3	6983161939	6983553802	391863	688.49	457.02	38	38	-1	12.82	12.82
Fixation R	1	3	6983161939	6983553802	391863	688.49	457.02	38	38	-1	13.17	13.17
Saccade L	1	4	6983553802	6983601067	47265	708.52	460.34	632.64	500.64	3.03	123.71	0.55	64.07	4906.44	-4659.39	3463.36
Saccade R	1	4	6983553802	6983601067	47265	708.52	460.34	632.64	500.64	3.03	123.71	0.55	64.07	4906.44	-4659.39	3463.36
Blink L	1	3	6983638196	6983670179	31983
Blink R	1	3	6983638196	6983670179	31983
Fixation L	1	4	6983730195	6983848309	118114	777.41	510.01	34	44	-1	13.21	13.21
Fixation R	1	4	6983730195	6983848309	118114	777.41	510.01	34	44	-1	13.36	13.36
Saccade L	1	5	6983848309	6983882308	33999	753.95	513.91	782.65	478.00	1.06	43.56	0.41	31.17	1510.23	-1210.44	1010.50
Saccade R	1	5	6983848309	6983882308	33999	753.95	513.91	782.65	478.00	1.06	43.56	0.41	31.17	1510.23	-1210.44	1010.50
Fixation L	1	5	6983882308	6984406550	524242	825.79	464.34	119	43	-1	13.19	13.19
Fixation R	1	5	6983882308	6984406550	524242	825.79	464.34	119	43	-1	13.39	13.39
Saccade L	1	6	6984406550	6984442942	36392	915.36	518.49	792.15	451.34	2.52	118.27	0.27	69.17	4397.47	-3338.78	2661.25
Saccade R	1	6	6984406550	6984442942	36392	915.36	518.49	792.15	451.34	2.52	118.27	0.27	69.17	4397.47	-3338.78	2661.25
Saccade L	1	7	6984458548	6984482557	24009	788.10	446.91	787.83	531.99	1.83	152.43	0.50	76.24	5565.06	-3189.64	3115.95
Saccade R	1	7	6984458548	6984482557	24009	788.10	446.91	787.83	531.99	1.83	152.43	0.50	76.24	5565.06	-3189.64	3115.95
Saccade L	1	8	6984486563	6984508572	22009	786.61	533.87	770.97	461.62	1.58	140.62	0.45	71.70	2282.57	-4845.35	2499.70
Saccade R	1	8	6984486563	6984508572	22009	786.61	533.87	770.97	461.62	1.58	140.62	0.45	71.70	2282.57	-4845.35	2499.70
Fixation L	1	6	6984508572	6984654678	146106	785.20	459.20	40	42	-1	13.09	13.09
Fixation R	1	6	6984508572	6984654678	146106	785.20	459.20	40	42	-1	13.33	13.33
Saccade L	1	9	6984654678	6984676678	22000	788.39	432.37	785.18	465.49	0.74	51.38	0.54	33.76	1260.24	-1304.82	936.06
Saccade R	1	9	6984654678	6984676678	22000	788.39	432.37	785.18	465.49	0.74	51.38	0.54	33.76	1260.24	-1304.82	936.06
Saccade L	1	10	6984708667	6984734665	25998	796.14	461.48	869.20	449.52	1.72	124.88	0.56	65.98	4547.27	-4496.35	3166.02
Saccade R	1	10	6984708667	6984734665	25998	796.14	461.48	869.20	449.52	1.72	124.88	0.56	65.98	4547.27	-4496.35	3166.02
Fixation L	1	7	6984734665	6985066787	332122	888.15	461.51	54	54	-1	13.46	13.46
Fixation R	1	7	6984734665	6985066787	332122	888.15	461.51	54	54	-1	13.67	13.67
Saccade L	1	11	6985066787	6985092782	25995	896.43	464.82	999.46	449.23	2.07	155.10	0.38	79.72	5864.17	-5989.47	4032.34
Saccade R	1	11	6985066787	6985092782	25995	896.43	464.82	999.46	449.23	2.07	155.10	0.38	79.72	5864.17	-5989.47	4032.34
Fixation L	1	8	6985092782	6985465032	372250	985.30	448.43	59	50	-1	13.79	13.79
Fixation R	1	8	6985092782	6985465032	372250	985.30	448.43	59	50	-1	13.95	13.95
Saccade L	1	12	6985465032	6985501289	36257	954.03	459.32	1060.95	439.39	2.33	133.46	0.33	64.33	4941.70	-4853.31	3258.34
Saccade R	1	12	6985465032	6985501289	36257	954.03	459.32	1060.95	439.39	2.33	133.46	0.33	64.33	4941.70	-4853.31	3258.34
Fixation L	1	9	6985501289	6985556728	55439	1057.65	451.32	10	17	-1	14.00	14.00
Fixation R	1	9	6985501289	6985556728	55439	1057.65	451.32	10	17	-1	14.22	14.22
Saccade L	1	13	6985556728	6985589028	32300	1058.57	458.38	1024.33	470.72	1.01	43.68	0.63	31.25	1545.62	-1537.50	1117.18
Saccade R	1	13	6985556728	6985589028	32300	1058.57	458.38	1024.33	470.72	1.01	43.68	0.63	31.25	1545.62	-1537.50	1117.18
Fixation L	1	10	6985589028	6985653023	63995	1023.09	464.78	23	11	-1	14.11	14.11
Fixation R	1	10	6985589028	6985653023	63995	1023.09	464.78	23	11	-1	14.29	14.29
Saccade L	1	14	6985653023	6985683323	30300	1007.91	465.62	1135.34	444.12	2.88	181.48	0.46	94.96	7278.98	-6470.07	5006.53
Saccade R	1	14	6985653023	6985683323	30300	1007.91	465.62	1135.34	444.12	2.88	181.48	0.46	94.96	7278.98	-6470.07	5006.53
Saccade L	1	15	6985683323	6985713033	29710	1135.34	444.12	1087.00	469.13	1.23	66.10	0.46	41.30	1277.24	-3409.66	1623.05
Saccade R	1	15	6985683323	6985713033	29710	1135.34	444.12	1087.00	469.13	1.23	66.10	0.46	41.30	1277.24	-3409.66	1623.05
Fixation L	1	11	6985713033	6985791149	78116	1116.52	460.11	67	21	-1	14.16	14.16
Fixation R	1	11	6985713033	6985791149	78116	1116.52	460.11	67	21	-1	14.28	14.28
Saccade L	1	16	6985791149	6985825140	33991	1152.16	452.73	1102.00	455.26	1.06	42.05	0.53	31.10	1432.71	-1446.68	960.74
Saccade R	1	16	6985791149	6985825140	33991	1152.16	452.73	1102.00	455.26	1.06	42.05	0.53	31.10	1432.71	-1446.68	960.74
Fixation L	1	12	6985825140	6985899446	74306	1124.60	455.07	61	22	-1	14.19	14.19
Fixation R	1	12	6985825140	6985899446	74306	1124.60	455.07	61	22	-1	14.16	14.16
Saccade L	1	17	6985947147	6985979145	31998	1116.21	462.55	1147.51	429.56	1.02	41.65	0.52	31.84	1330.79	-1149.48	895.31
Saccade R	1	17	6985947147	6985979145	31998	1116.21	462.55	1147.51	429.56	1.02	41.65	0.52	31.84	1330.79	-1149.48	895.31
Saccade L	1	18	6985987141	6986019270	32129	1140.43	427.12	1110.65	466.24	1.10	49.10	0.51	34.21	1378.10	-1831.87	1162.54
Saccade R	1	18	6985987141	6986019270	32129	1140.43	427.12	1110.65	466.24	1.10	49.10	0.51	34.21	1378.10	-1831.87	1162.54
Fixation L	1	13	6986019270	6986121270	102000	1121.47	465.01	28	15	-1	14.33	14.33
Fixation R	1	13	6986019270	6986121270	102000	1121.47	465.01	28	15	-1	14.21	14.21
Saccade L	1	19	6986121270	6986179274	58004	1135.15	455.72	551.33	479.38	12.93	354.53	0.41	222.99	15023.20	-11686.49	8684.48
Saccade R	1	19	6986121270	6986179274	58004	1135.15	455.72	551.33	479.38	12.93	354.53	0.41	222.99	15023.20	-11686.49	8684.48
Saccade L	1	20	6986205279	6986229265	23986	568.97	496.10	580.80	459.05	0.82	46.64	0.50	34.35	894.06	-1627.08	936.04
Saccade R	1	20	6986205279	6986229265	23986	568.97	496.10	580.80	459.05	0.82	46.64	0.50	34.35	894.06	-1627.08	936.04
Fixation L	1	14	6986229265	6986367396	138131	562.58	458.59	43	25	-1	14.14	14.14
Fixation R	1	14	6986229265	6986367396	138131	562.58	458.59	43	25	-1	13.76	13.76
Saccade L	1	21	6986367396	6986389400	22004	558.07	471.52	503.18	472.60	1.05	85.84	0.45	47.57	2327.28	-3284.17	1806.42
Saccade R	1	21	6986367396	6986389400	22004	558.07	471.52	503.18	472.60	1.05	85.84	0.45	47.57	2327.28	-3284.17	1806.42
Fixation L	1	15	6986389400	6986583766	194366	507.80	470.72	30	41	-1	13.97	13.97
Fixation R	1	15	6986389400	6986583766	194366	507.80	470.72	30	41	-1	13.59	13.59
Saccade L	1	22	6986583766	6986641578	57812	509.64	461.57	598.34	470.45	2.60	91.71	0.31	45.00	3373.89	-2854.11	1666.43
Saccade R	1	22	6986583766	6986641578	57812	509.64	461.57	598.34	470.45	2.60	91.71	0.31	45.00	3373.89	-2854.11	1666.43
Fixation L	1	16	6986641578	6986805634	164056	610.07	451.88	20	40	-1	13.61	13.61
Fixation R	1	16	6986641578	6986805634	164056	610.07	451.88	20	40	-1	13.57	13.57
Saccade L	1	23	6986805634	6986859962	54328	599.98	472.45	803.24	799.70	8.89	361.87	0.40	163.61	15645.82	-12960.36	9373.99
Saccade R	1	23	6986805634	6986859962	54328	599.98	472.45	803.24	799.70	8.89	361.87	0.40	163.61	15645.82	-12960.36	9373.99
Fixation L	1	17	6986859962	6987043629	183667	808.12	806.80	30	31	-1	13.58	13.58
Fixation R	1	17	6986859962	6987043629	183667	808.12	806.80	30	31	-1	13.85	13.85
Saccade L	1	24	6987043629	6987079749	36120	822.06	788.85	801.56	835.12	1.19	45.59	0.33	33.08	1527.40	-1310.09	1063.17
Saccade R	1	24	6987043629	6987079749	36120	822.06	788.85	801.56	835.12	1.19	45.59	0.33	33.08	1527.40	-1310.09	1063.17
Fixation L	1	18	6987079749	6987134324	54575	799.16	827.71	11	26	-1	13.48	13.48
Fixation R	1	18	6987079749	6987134324	54575	799.16	827.71	11	26	-1	14.00	14.00
Saccade L	1	25	6987134324	6987191749	57425	809.31	811.44	877.90	942.01	4.58	222.89	0.23	79.72	9028.27	-8162.41	4059.22
Saccade R	1	25	6987134324	6987191749	57425	809.31	811.44	877.90	942.01	4.58	222.89	0.23	79.72	9028.27	-8162.41	4059.22
Fixation L	1	19	6987191749	6987325838	134089	875.91	959.90	42	44	-1	13.79	13.79
Fixation R	1	19	6987191749	6987325838	134089	875.91	959.90	42	44	-1	13.78	13.78
Saccade L	1	26	6987325838	6987353872	28034	854.99	972.63	885.61	940.71	0.92	48.03	0.50	32.86	1890.12	-1846.15	1348.18
Saccade R	1	26	6987325838	6987353872	28034	854.99	972.63	885.61	940.71	0.92	48.03	0.50	32.86	1890.12	-1846.15	1348.18
Fixation L	1	20	6987353872	6987840436	486564	870.43	952.92	53	38	-1	13.63	13.63
Fixation R	1	20	6987353872	6987840436	486564	870.43	952.92	53	38	-1	13.72	13.72
Saccade L	1	27	6987840436	6987870117	29681	880.41	960.94	833.14	949.99	0.97	45.59	0.52	32.84	1755.86	-1595.41	1197.47
Saccade R	1	27	6987840436	6987870117	29681	880.41	960.94	833.14	949.99	0.97	45.59	0.52	32.84	1755.86	-1595.41	1197.47
Saccade L	1	28	6987906003	6987942109	36106	845.77	948.46	889.87	969.33	1.23	51.38	0.67	33.96	1350.20	-1272.61	979.82
Saccade R	1	28	6987906003	6987942109	36106	845.77	948.46	889.87	969.33	1.23	51.38	0.67	33.96	1350.20	-1272.61	979.82
Saccade L	1	29	6987946284	6987982109	35825	893.31	968.20	845.41	952.19	1.07	42.28	0.60	29.88	1127.39	-1487.15	815.68
Saccade R	1	29	6987946284	6987982109	35825	893.31	968.20	845.41	952.19	1.07	42.28	0.60	29.88	1127.39	-1487.15	815.68
Fixation L	1	21	6987982109	6988156120	174011	854.15	953.17	35	35	-1	13.87	13.87
Fixation R	1	21	6987982109	6988156120	174011	854.15	953.17	35	35	-1	14.24	14.24
