[BeGaze]
Converted from:	C:\Program Files\SMI\Experiment Suite 360\Experiment Center 2\Results\RC-Attachment-Exp\P26-eye_data.idf
Date:	18.03.2012 20:21:36
Version:	BeGaze 3.0.181
Sample Rate:	500
Subject:	P26
Description:	Run31

Table Header for Fixations:
Event Type	Trial	Number	Start	End	Duration	Location X	Location Y	Dispersion X	Dispersion Y	Plane	Avg. Pupil Size X	Avg. Pupil Size Y

Table Header for Saccades:
Event Type	Trial	Number	Start	End	Duration	Start Loc.X	Start Loc.Y	End Loc.X	End Loc.Y	Amplitude	Peak Speed	Peak Speed At	Average Speed	Peak Accel.	Peak Decel.	Average Accel.

Table Header for Blinks:
Event Type	Trial	Number	Start	End	Duration

Table Header for User Events:
Event Type	Trial	Number	Start	Description

UserEvent	1	1	12904550601	# Message: Questionnaire18.jpg
Fixation L	1	1	12904560907	12904892135	331228	905.51	925.95	43	31	-1	11.32	11.32
Fixation R	1	1	12904560907	12904892135	331228	905.51	925.95	43	31	-1	11.08	11.08
Saccade L	1	1	12904892135	12905004281	112146	906.28	925.89	515.80	429.14	17.31	442.73	0.43	154.35	18832.70	-9947.25	7176.79
Saccade R	1	1	12904892135	12905004281	112146	906.28	925.89	515.80	429.14	17.31	442.73	0.43	154.35	18832.70	-9947.25	7176.79
Fixation L	1	2	12905004281	12905086325	82044	508.18	432.06	24	12	-1	11.19	11.19
Fixation R	1	2	12905004281	12905086325	82044	508.18	432.06	24	12	-1	10.90	10.90
Saccade L	1	2	12905086325	12905128187	41862	514.78	424.19	544.61	383.70	1.17	53.89	0.52	27.89	1922.90	-1952.39	1324.60
Saccade R	1	2	12905086325	12905128187	41862	514.78	424.19	544.61	383.70	1.17	53.89	0.52	27.89	1922.90	-1952.39	1324.60
Fixation L	1	3	12905128187	12905254178	125991	541.86	386.53	26	17	-1	11.33	11.33
Fixation R	1	3	12905128187	12905254178	125991	541.86	386.53	26	17	-1	11.03	11.03
Saccade L	1	3	12905254178	12905308200	54022	537.48	373.97	637.49	406.53	2.27	96.09	0.52	41.99	2922.72	-3704.05	1961.32
Saccade R	1	3	12905254178	12905308200	54022	537.48	373.97	637.49	406.53	2.27	96.09	0.52	41.99	2922.72	-3704.05	1961.32
Fixation L	1	4	12905308200	12905472295	164095	646.13	387.04	16	53	-1	11.35	11.35
Fixation R	1	4	12905308200	12905472295	164095	646.13	387.04	16	53	-1	10.94	10.94
Saccade L	1	4	12905472295	12905506297	34002	646.58	355.28	781.56	340.83	3.26	199.45	0.47	95.80	8474.20	-8274.27	6129.24
Saccade R	1	4	12905472295	12905506297	34002	646.58	355.28	781.56	340.83	3.26	199.45	0.47	95.80	8474.20	-8274.27	6129.24
Fixation L	1	5	12905506297	12905784413	278116	801.95	362.54	37	41	-1	11.30	11.30
Fixation R	1	5	12905506297	12905784413	278116	801.95	362.54	37	41	-1	10.67	10.67
Saccade L	1	5	12905784413	12905824420	40007	796.02	346.19	870.42	341.46	1.66	102.28	0.40	41.61	4207.96	-3964.21	2623.34
Saccade R	1	5	12905784413	12905824420	40007	796.02	346.19	870.42	341.46	1.66	102.28	0.40	41.61	4207.96	-3964.21	2623.34
Fixation L	1	6	12905824420	12906058586	234166	877.45	345.77	22	58	-1	11.22	11.22
Fixation R	1	6	12905824420	12906058586	234166	877.45	345.77	22	58	-1	10.68	10.68
Saccade L	1	6	12906058586	12906106940	48354	875.69	354.46	942.79	322.47	1.76	74.19	0.33	36.37	2954.57	-2480.02	1885.53
Saccade R	1	6	12906058586	12906106940	48354	875.69	354.46	942.79	322.47	1.76	74.19	0.33	36.37	2954.57	-2480.02	1885.53
Fixation L	1	7	12906106940	12906238952	132012	950.08	335.44	19	27	-1	11.19	11.19
Fixation R	1	7	12906106940	12906238952	132012	950.08	335.44	19	27	-1	10.58	10.58
Saccade L	1	7	12906238952	12906310689	71737	953.23	344.00	419.87	470.20	22.04	914.55	0.76	307.17	37319.76	-38015.76	24274.56
Saccade R	1	7	12906238952	12906310689	71737	953.23	344.00	419.87	470.20	22.04	914.55	0.76	307.17	37319.76	-38015.76	24274.56
Fixation L	1	8	12906310689	12907523201	1212512	358.25	410.62	703	600	-1	10.28	10.28
Fixation R	1	8	12906310689	12907523201	1212512	358.25	410.62	703	600	-1	10.07	10.07
Saccade L	1	8	12907523201	12907574793	51592	0.00	0.00	459.91	422.40	18.67	1030.54	0.23	361.84	41813.47	-38378.60	22817.05
Saccade R	1	8	12907523201	12907574793	51592	0.00	0.00	459.91	422.40	18.67	1030.54	0.23	361.84	41813.47	-38378.60	22817.05
Saccade L	1	9	12907574793	12907629365	54572	459.91	422.40	427.86	475.75	3.15	167.85	0.43	57.75	3998.28	-5503.64	2326.28
Saccade R	1	9	12907574793	12907629365	54572	459.91	422.40	427.86	475.75	3.15	167.85	0.43	57.75	3998.28	-5503.64	2326.28
Fixation L	1	9	12907629365	12907905344	275979	428.34	486.71	21	19	-1	11.72	11.72
Fixation R	1	9	12907629365	12907905344	275979	428.34	486.71	21	19	-1	11.37	11.37
Saccade L	1	10	12907905344	12907937339	31995	421.90	488.22	461.59	505.38	0.98	62.99	0.63	30.55	2252.20	-2170.34	1571.49
Saccade R	1	10	12907905344	12907937339	31995	421.90	488.22	461.59	505.38	0.98	62.99	0.63	30.55	2252.20	-2170.34	1571.49
Fixation L	1	10	12907937339	12909828155	1890816	429.37	479.68	83	59	-1	11.38	11.38
Fixation R	1	10	12907937339	12909828155	1890816	429.37	479.68	83	59	-1	11.07	11.07
UserEvent	1	123	12909447155	# Message: UE-mouseclick left x=387 y=440
Saccade L	1	11	12909828155	12909858177	30022	400.66	462.70	456.40	535.03	2.04	143.56	0.53	67.79	5920.39	-5774.79	4188.28
Saccade R	1	11	12909828155	12909858177	30022	400.66	462.70	456.40	535.03	2.04	143.56	0.53	67.79	5920.39	-5774.79	4188.28
Fixation L	1	11	12909858177	12910200286	342109	448.15	535.90	28	19	-1	11.63	11.63
Fixation R	1	11	12909858177	12910200286	342109	448.15	535.90	28	19	-1	11.43	11.43
UserEvent	1	141	12910127316	# Message: UE-mouseclick left x=403 y=525
Saccade L	1	12	12910200286	12910241524	41238	437.88	525.67	558.59	434.05	3.83	164.70	0.54	92.97	6325.09	0.00	2505.57
Saccade R	1	12	12910200286	12910241524	41238	437.88	525.67	558.59	434.05	3.83	164.70	0.54	92.97	6325.09	0.00	2505.57
