[BeGaze]
Converted from:	C:\Program Files\SMI\Experiment Suite 360\Experiment Center 2\Results\RC-Attachment-Exp\P28-eye_data.idf
Date:	18.03.2012 20:23:25
Version:	BeGaze 3.0.181
Sample Rate:	500
Subject:	P28
Description:	Run33

Table Header for Fixations:
Event Type	Trial	Number	Start	End	Duration	Location X	Location Y	Dispersion X	Dispersion Y	Plane	Avg. Pupil Size X	Avg. Pupil Size Y

Table Header for Saccades:
Event Type	Trial	Number	Start	End	Duration	Start Loc.X	Start Loc.Y	End Loc.X	End Loc.Y	Amplitude	Peak Speed	Peak Speed At	Average Speed	Peak Accel.	Peak Decel.	Average Accel.

Table Header for Blinks:
Event Type	Trial	Number	Start	End	Duration

Table Header for User Events:
Event Type	Trial	Number	Start	Description

UserEvent	1	1	14254362055	# Message: Questionnaire10.jpg
Fixation L	1	1	14254364295	14254841198	476903	901.85	976.41	31	57	-1	13.24	13.24
Fixation R	1	1	14254364295	14254841198	476903	901.85	976.41	31	57	-1	13.34	13.34
Saccade L	1	1	14254841198	14254909218	68020	896.58	980.58	393.49	383.59	17.84	520.21	0.27	262.30	22608.19	-11927.70	10930.86
Saccade R	1	1	14254841198	14254909218	68020	896.58	980.58	393.49	383.59	17.84	520.21	0.27	262.30	22608.19	-11927.70	10930.86
Fixation L	1	2	14254909218	14255027354	118136	414.94	378.58	33	26	-1	13.60	13.60
Fixation R	1	2	14254909218	14255027354	118136	414.94	378.58	33	26	-1	13.22	13.22
Fixation L	1	3	14255085477	14255175311	89834	449.93	354.70	16	26	-1	13.28	13.28
Fixation R	1	3	14255085477	14255175311	89834	449.93	354.70	16	26	-1	13.07	13.07
Saccade L	1	2	14255175311	14255203313	28002	440.84	350.64	560.07	346.15	2.53	190.86	0.43	90.38	7084.44	-7348.28	5107.35
Saccade R	1	2	14255175311	14255203313	28002	440.84	350.64	560.07	346.15	2.53	190.86	0.43	90.38	7084.44	-7348.28	5107.35
Fixation L	1	4	14255203313	14255395424	192111	582.88	346.08	42	50	-1	13.21	13.21
Fixation R	1	4	14255203313	14255395424	192111	582.88	346.08	42	50	-1	13.12	13.12
Saccade L	1	3	14255395424	14255421478	26054	587.69	327.82	524.55	329.26	1.40	94.70	0.54	53.91	4019.27	-3389.61	2628.28
Saccade R	1	3	14255395424	14255421478	26054	587.69	327.82	524.55	329.26	1.40	94.70	0.54	53.91	4019.27	-3389.61	2628.28
Fixation L	1	5	14255421478	14255497553	76075	530.65	340.50	16	16	-1	13.66	13.66
Fixation R	1	5	14255421478	14255497553	76075	530.65	340.50	16	16	-1	13.36	13.36
Saccade L	1	4	14255497553	14255555553	58000	534.16	348.11	528.60	355.84	3.82	149.03	0.79	65.84	4529.57	-5072.97	2591.95
Saccade R	1	4	14255497553	14255555553	58000	534.16	348.11	528.60	355.84	3.82	149.03	0.79	65.84	4529.57	-5072.97	2591.95
Fixation L	1	6	14255555553	14255821703	266150	533.75	371.07	39	36	-1	14.03	14.03
Fixation R	1	6	14255555553	14255821703	266150	533.75	371.07	39	36	-1	13.73	13.73
Saccade L	1	5	14255821703	14255843675	21972	512.18	360.77	507.29	393.85	0.66	40.14	0.45	29.89	958.63	-726.78	611.12
Saccade R	1	5	14255821703	14255843675	21972	512.18	360.77	507.29	393.85	0.66	40.14	0.45	29.89	958.63	-726.78	611.12
Saccade L	1	6	14255879654	14255903659	24005	517.16	392.56	640.57	397.10	2.60	206.65	0.50	108.28	8148.54	-7478.45	5498.07
Saccade R	1	6	14255879654	14255903659	24005	517.16	392.56	640.57	397.10	2.60	206.65	0.50	108.28	8148.54	-7478.45	5498.07
Fixation L	1	7	14255903659	14256073845	170186	625.39	375.54	32	55	-1	14.18	14.18
Fixation R	1	7	14255903659	14256073845	170186	625.39	375.54	32	55	-1	14.10	14.10
Blink L	1	1	14256073845	14256277771	203926
Blink R	1	1	14256073845	14256277771	203926
Fixation L	1	8	14256277771	14256385892	108121	606.79	356.21	18	24	-1	14.07	14.07
Fixation R	1	8	14256277771	14256385892	108121	606.79	356.21	18	24	-1	13.99	13.99
Saccade L	1	7	14256385892	14256418061	32169	608.43	345.60	632.07	383.50	1.09	60.21	0.32	33.73	2330.80	-1703.75	1352.69
Saccade R	1	7	14256385892	14256418061	32169	608.43	345.60	632.07	383.50	1.09	60.21	0.32	33.73	2330.80	-1703.75	1352.69
Fixation L	1	9	14256418061	14256792003	373942	618.61	372.40	42	27	-1	14.22	14.22
Fixation R	1	9	14256418061	14256792003	373942	618.61	372.40	42	27	-1	14.11	14.11
Saccade L	1	8	14256792003	14256817999	25996	624.61	375.19	578.49	344.09	1.20	69.88	0.46	46.31	1902.75	-2869.22	1748.40
Saccade R	1	8	14256792003	14256817999	25996	624.61	375.19	578.49	344.09	1.20	69.88	0.46	46.31	1902.75	-2869.22	1748.40
Fixation L	1	10	14256817999	14257081280	263281	554.71	344.33	596	397	-1	13.44	13.44
Fixation R	1	10	14256817999	14257081280	263281	554.71	344.33	596	397	-1	13.37	13.37
Saccade L	1	9	14257081280	14257114254	32974	595.27	362.00	668.61	341.80	1.63	92.22	0.33	49.31	3726.06	-3131.39	2353.84
Saccade R	1	9	14257081280	14257114254	32974	595.27	362.00	668.61	341.80	1.63	92.22	0.33	49.31	3726.06	-3131.39	2353.84
Fixation L	1	11	14257114254	14257256779	142525	666.34	350.54	32	24	-1	14.03	14.03
Fixation R	1	11	14257114254	14257256779	142525	666.34	350.54	32	24	-1	14.08	14.08
Saccade L	1	10	14257256779	14257285255	28476	658.30	362.55	763.11	358.92	2.87	206.65	0.62	100.66	7600.95	-6664.32	4696.64
Saccade R	1	10	14257256779	14257285255	28476	658.30	362.55	763.11	358.92	2.87	206.65	0.62	100.66	7600.95	-6664.32	4696.64
Fixation L	1	12	14257318365	14257388369	70004	777.78	362.47	28	34	-1	13.92	13.92
Fixation R	1	12	14257318365	14257388369	70004	777.78	362.47	28	34	-1	14.14	14.14
Saccade L	1	11	14257388369	14257451914	63545	776.21	369.12	356.09	432.33	12.87	458.00	0.29	202.54	19935.45	-16138.87	12031.78
Saccade R	1	11	14257388369	14257451914	63545	776.21	369.12	356.09	432.33	12.87	458.00	0.29	202.54	19935.45	-16138.87	12031.78
Saccade L	1	12	14257461332	14257485110	23778	340.92	435.84	369.49	466.76	0.80	47.83	0.33	33.51	1283.41	-1452.06	1003.87
Saccade R	1	12	14257461332	14257485110	23778	340.92	435.84	369.49	466.76	0.80	47.83	0.33	33.51	1283.41	-1452.06	1003.87
Fixation L	1	13	14257485110	14257768473	283363	365.53	463.30	27	63	-1	14.13	14.13
Fixation R	1	13	14257485110	14257768473	283363	365.53	463.30	27	63	-1	14.00	14.00
Saccade L	1	13	14257768473	14257792473	24000	364.46	438.90	374.23	483.54	0.98	64.47	0.50	40.70	2460.32	-2626.08	1798.95
Saccade R	1	13	14257768473	14257792473	24000	364.46	438.90	374.23	483.54	0.98	64.47	0.50	40.70	2460.32	-2626.08	1798.95
Fixation L	1	14	14257792473	14257887566	95093	370.66	490.95	22	25	-1	14.19	14.19
Fixation R	1	14	14257792473	14257887566	95093	370.66	490.95	22	25	-1	14.17	14.17
Saccade L	1	14	14257887566	14257912693	25127	354.16	479.74	383.93	500.71	0.80	41.26	0.43	31.77	733.67	-1509.59	831.40
Saccade R	1	14	14257887566	14257912693	25127	354.16	479.74	383.93	500.71	0.80	41.26	0.43	31.77	733.67	-1509.59	831.40
Fixation L	1	15	14257912693	14258312736	400043	365.92	501.82	34	46	-1	14.07	14.07
Fixation R	1	15	14257912693	14258312736	400043	365.92	501.82	34	46	-1	14.14	14.14
UserEvent	1	95	14258068080	# Message: UE-mouseclick left x=364 y=473
Saccade L	1	15	14258312736	14258334713	21977	364.37	483.94	376.03	514.10	0.65	41.82	0.45	29.40	763.67	-1199.43	751.37
Saccade R	1	15	14258312736	14258334713	21977	364.37	483.94	376.03	514.10	0.65	41.82	0.45	29.40	763.67	-1199.43	751.37
Blink L	1	2	14258367959	14258600502	232543
Blink R	1	2	14258367959	14258600502	232543
Fixation L	1	16	14258600502	14258984943	384441	379.94	534.22	24	40	-1	13.95	13.95
Fixation R	1	16	14258600502	14258984943	384441	379.94	534.22	24	40	-1	13.82	13.82
UserEvent	1	117	14258891127	# Message: UE-mouseclick left x=362 y=529
