[BeGaze]
Converted from:	C:\Program Files\SMI\Experiment Suite 360\Experiment Center 2\Results\RC-Attachment-Exp\P02-eye_data.idf
Date:	24.02.2012 09:57:28
Version:	BeGaze 3.0.181
Sample Rate:	500
Subject:	P02
Description:	Run2

Table Header for Fixations:
Event Type	Trial	Number	Start	End	Duration	Location X	Location Y	Dispersion X	Dispersion Y	Plane	Avg. Pupil Size X	Avg. Pupil Size Y

Table Header for Saccades:
Event Type	Trial	Number	Start	End	Duration	Start Loc.X	Start Loc.Y	End Loc.X	End Loc.Y	Amplitude	Peak Speed	Peak Speed At	Average Speed	Peak Accel.	Peak Decel.	Average Accel.

Table Header for Blinks:
Event Type	Trial	Number	Start	End	Duration

Table Header for User Events:
Event Type	Trial	Number	Start	Description

UserEvent	1	1	3693082204	# Message: RC-nonforced-anim-5.jpg
Fixation L	1	1	3693086344	3693355893	269549	520.27	439.51	27	32	-1	12.39	12.39
Fixation R	1	1	3693086344	3693355893	269549	520.27	439.51	27	32	-1	12.73	12.73
Saccade L	1	1	3693355893	3693380194	24301	508.64	452.65	566.19	446.13	1.16	78.48	0.41	47.84	2750.59	-2968.45	2052.72
Saccade R	1	1	3693355893	3693380194	24301	508.64	452.65	566.19	446.13	1.16	78.48	0.41	47.84	2750.59	-2968.45	2052.72
Fixation L	1	2	3693380194	3693473922	93728	574.15	442.53	24	23	-1	12.39	12.39
Fixation R	1	2	3693380194	3693473922	93728	574.15	442.53	24	23	-1	12.75	12.75
Saccade L	1	2	3693473922	3693497934	24012	574.87	428.90	525.16	434.43	1.05	68.71	0.50	43.69	2788.47	-2184.14	1727.79
Saccade R	1	2	3693473922	3693497934	24012	574.87	428.90	525.16	434.43	1.05	68.71	0.50	43.69	2788.47	-2184.14	1727.79
Fixation L	1	3	3693497934	3694036153	538219	534.68	445.29	34	33	-1	12.57	12.57
Fixation R	1	3	3693497934	3694036153	538219	534.68	445.29	34	33	-1	13.00	13.00
Saccade L	1	3	3694036153	3694060268	24115	528.88	450.86	577.50	448.13	1.05	71.78	0.50	43.52	2292.84	-2384.55	1597.49
Saccade R	1	3	3694036153	3694060268	24115	528.88	450.86	577.50	448.13	1.05	71.78	0.50	43.52	2292.84	-2384.55	1597.49
Fixation L	1	4	3694060268	3694192248	131980	582.52	436.27	15	33	-1	12.70	12.70
Fixation R	1	4	3694060268	3694192248	131980	582.52	436.27	15	33	-1	13.01	13.01
Saccade L	1	4	3694192248	3694232255	40007	591.59	454.90	655.66	429.11	1.82	91.24	0.30	45.49	3382.62	-2513.52	1867.91
Saccade R	1	4	3694192248	3694232255	40007	591.59	454.90	655.66	429.11	1.82	91.24	0.30	45.49	3382.62	-2513.52	1867.91
Fixation L	1	5	3694232255	3694606476	374221	649.28	440.41	33	36	-1	12.88	12.88
Fixation R	1	5	3694232255	3694606476	374221	649.28	440.41	33	36	-1	13.25	13.25
Saccade L	1	5	3694606476	3694634495	28019	658.13	432.04	723.08	432.39	1.33	72.40	0.43	47.59	2749.75	-2973.33	2094.95
Saccade R	1	5	3694606476	3694634495	28019	658.13	432.04	723.08	432.39	1.33	72.40	0.43	47.59	2749.75	-2973.33	2094.95
Fixation L	1	6	3694634495	3694824873	190378	721.30	437.49	16	16	-1	12.87	12.87
Fixation R	1	6	3694634495	3694824873	190378	721.30	437.49	16	16	-1	13.38	13.38
Saccade L	1	6	3694824873	3694846600	21727	724.92	445.07	761.10	453.87	0.74	49.20	0.45	33.95	2073.11	-1656.59	1256.82
Saccade R	1	6	3694824873	3694846600	21727	724.92	445.07	761.10	453.87	0.74	49.20	0.45	33.95	2073.11	-1656.59	1256.82
Fixation L	1	7	3694846600	3695148707	302107	766.85	444.15	31	32	-1	12.82	12.82
Fixation R	1	7	3694846600	3695148707	302107	766.85	444.15	31	32	-1	13.21	13.21
Saccade L	1	7	3695148707	3695174738	26031	774.22	455.47	843.75	433.76	1.48	107.39	0.38	56.68	3913.87	-3996.18	2771.97
Saccade R	1	7	3695148707	3695174738	26031	774.22	455.47	843.75	433.76	1.48	107.39	0.38	56.68	3913.87	-3996.18	2771.97
Fixation L	1	8	3695174738	3695227099	52361	845.96	434.07	7	11	-1	12.64	12.64
Fixation R	1	8	3695174738	3695227099	52361	845.96	434.07	7	11	-1	12.98	12.98
Saccade L	1	8	3695227099	3695276707	49608	854.14	442.85	845.48	426.62	8.27	320.22	0.52	166.72	14466.09	-13851.96	10957.80
Saccade R	1	8	3695227099	3695276707	49608	854.14	442.85	845.48	426.62	8.27	320.22	0.52	166.72	14466.09	-13851.96	10957.80
Saccade L	1	9	3695294700	3695333177	38477	834.42	407.82	850.77	443.76	7.66	317.89	0.68	198.98	14314.49	-14630.34	11095.16
Saccade R	1	9	3695294700	3695333177	38477	834.42	407.82	850.77	443.76	7.66	317.89	0.68	198.98	14314.49	-14630.34	11095.16
Fixation L	1	9	3695333177	3695758953	425776	847.93	439.47	18	27	-1	12.47	12.47
Fixation R	1	9	3695333177	3695758953	425776	847.93	439.47	18	27	-1	12.82	12.82
Fixation L	1	10	3695779204	3696061048	281844	898.41	438.29	18	38	-1	12.34	12.34
Fixation R	1	10	3695779204	3696061048	281844	898.41	438.29	18	38	-1	12.77	12.77
Saccade L	1	10	3696061048	3696087048	26000	891.91	442.93	935.86	453.66	0.93	52.88	0.46	35.69	1563.15	-1734.47	1242.06
Saccade R	1	10	3696061048	3696087048	26000	891.91	442.93	935.86	453.66	0.93	52.88	0.46	35.69	1563.15	-1734.47	1242.06
Fixation L	1	11	3696087048	3696233172	146124	941.26	443.46	12	36	-1	12.50	12.50
Fixation R	1	11	3696087048	3696233172	146124	941.26	443.46	12	36	-1	13.04	13.04
Saccade L	1	11	3696233172	3696269183	36011	946.16	444.35	986.88	446.11	8.66	372.88	0.67	240.56	15932.59	-17261.79	12708.33
Saccade R	1	11	3696233172	3696269183	36011	946.16	444.35	986.88	446.11	8.66	372.88	0.67	240.56	15932.59	-17261.79	12708.33
Fixation L	1	12	3696269183	3696403155	133972	990.14	435.51	16	21	-1	12.54	12.54
Fixation R	1	12	3696269183	3696403155	133972	990.14	435.51	16	21	-1	13.12	13.12
Saccade L	1	12	3696403155	3696437179	34024	987.63	432.72	1045.78	424.47	1.55	81.77	0.41	45.53	2940.01	-2614.50	1915.92
Saccade R	1	12	3696403155	3696437179	34024	987.63	432.72	1045.78	424.47	1.55	81.77	0.41	45.53	2940.01	-2614.50	1915.92
Fixation L	1	13	3696437179	3696647301	210122	1046.00	427.57	11	31	-1	12.73	12.73
Fixation R	1	13	3696437179	3696647301	210122	1046.00	427.57	11	31	-1	13.26	13.26
Saccade L	1	13	3696647301	3696683276	35975	1041.82	413.95	1175.33	442.97	3.18	186.32	0.61	88.47	7399.60	-7024.39	4999.65
Saccade R	1	13	3696647301	3696683276	35975	1041.82	413.95	1175.33	442.97	3.18	186.32	0.61	88.47	7399.60	-7024.39	4999.65
Fixation L	1	14	3696683276	3697021513	338237	1150.59	430.47	45	37	-1	12.79	12.79
Fixation R	1	14	3696683276	3697021513	338237	1150.59	430.47	45	37	-1	13.38	13.38
Fixation L	1	15	3697041516	3697183508	141992	1182.00	431.97	16	19	-1	12.86	12.86
Fixation R	1	15	3697041516	3697183508	141992	1182.00	431.97	16	19	-1	13.44	13.44
Fixation L	1	16	3697283683	3697765736	482053	917.64	979.75	28	56	-1	13.32	13.32
Fixation R	1	16	3697283683	3697765736	482053	917.64	979.75	28	56	-1	13.91	13.91
