[BeGaze]
Converted from:	C:\Program Files\SMI\Experiment Suite 360\Experiment Center 2\Results\RC-Attachment-Exp\P24-eye_data.idf
Date:	18.03.2012 20:19:42
Version:	BeGaze 3.0.181
Sample Rate:	500
Subject:	P24
Description:	Run29

Table Header for Fixations:
Event Type	Trial	Number	Start	End	Duration	Location X	Location Y	Dispersion X	Dispersion Y	Plane	Avg. Pupil Size X	Avg. Pupil Size Y

Table Header for Saccades:
Event Type	Trial	Number	Start	End	Duration	Start Loc.X	Start Loc.Y	End Loc.X	End Loc.Y	Amplitude	Peak Speed	Peak Speed At	Average Speed	Peak Accel.	Peak Decel.	Average Accel.

Table Header for Blinks:
Event Type	Trial	Number	Start	End	Duration

Table Header for User Events:
Event Type	Trial	Number	Start	Description

UserEvent	1	1	10371241112	# Message: Dist-orthm-30.jpg
Fixation L	1	1	10371242685	10371528768	286083	521.09	438.15	28	23	-1	14.20	14.20
Fixation R	1	1	10371242685	10371528768	286083	521.09	438.15	28	23	-1	13.36	13.36
Saccade L	1	1	10371528768	10371556766	27998	518.24	437.14	559.87	440.45	0.87	41.71	0.43	31.06	1720.37	-1323.96	1054.33
Saccade R	1	1	10371528768	10371556766	27998	518.24	437.14	559.87	440.45	0.87	41.71	0.43	31.06	1720.37	-1323.96	1054.33
Fixation L	1	2	10371556766	10371682754	125988	566.27	443.95	17	11	-1	14.42	14.42
Fixation R	1	2	10371556766	10371682754	125988	566.27	443.95	17	11	-1	13.60	13.60
Saccade L	1	2	10371682754	10371706763	24009	557.04	447.63	606.73	448.46	1.03	66.68	0.50	42.93	2651.63	-2596.67	1856.23
Saccade R	1	2	10371682754	10371706763	24009	557.04	447.63	606.73	448.46	1.03	66.68	0.50	42.93	2651.63	-2596.67	1856.23
Fixation L	1	3	10371706763	10371858901	152138	621.58	445.99	28	14	-1	14.48	14.48
Fixation R	1	3	10371706763	10371858901	152138	621.58	445.99	28	14	-1	13.71	13.71
Saccade L	1	3	10371858901	10371894899	35998	614.79	446.52	695.54	448.98	1.82	92.21	0.39	50.62	3848.86	-3350.46	2572.15
Saccade R	1	3	10371858901	10371894899	35998	614.79	446.52	695.54	448.98	1.82	92.21	0.39	50.62	3848.86	-3350.46	2572.15
Fixation L	1	4	10371894899	10372113865	218966	694.08	441.93	15	16	-1	14.21	14.21
Fixation R	1	4	10371894899	10372113865	218966	694.08	441.93	15	16	-1	13.49	13.49
Saccade L	1	4	10372113865	10372145188	31323	699.12	431.74	793.39	442.48	2.00	119.47	0.42	63.97	4578.83	-4704.62	3415.89
Saccade R	1	4	10372113865	10372145188	31323	699.12	431.74	793.39	442.48	2.00	119.47	0.42	63.97	4578.83	-4704.62	3415.89
Fixation L	1	5	10372145188	10372483105	337917	793.02	444.81	27	11	-1	13.87	13.87
Fixation R	1	5	10372145188	10372483105	337917	793.02	444.81	27	11	-1	13.25	13.25
Saccade L	1	5	10372483105	10372517592	34487	799.68	443.46	866.53	439.71	1.47	71.72	0.35	42.56	3025.06	-2491.58	2012.36
Saccade R	1	5	10372483105	10372517592	34487	799.68	443.46	866.53	439.71	1.47	71.72	0.35	42.56	3025.06	-2491.58	2012.36
Fixation L	1	6	10372517592	10372689228	171636	879.71	434.39	25	12	-1	13.42	13.42
Fixation R	1	6	10372517592	10372689228	171636	879.71	434.39	25	12	-1	13.03	13.03
Saccade L	1	6	10372689228	10372723233	34005	875.79	433.80	940.77	427.12	1.40	64.71	0.35	41.19	2689.32	-2119.09	1728.24
Saccade R	1	6	10372689228	10372723233	34005	875.79	433.80	940.77	427.12	1.40	64.71	0.35	41.19	2689.32	-2119.09	1728.24
Fixation L	1	7	10372723233	10372943364	220131	938.91	436.25	10	28	-1	13.23	13.23
Fixation R	1	7	10372723233	10372943364	220131	938.91	436.25	10	28	-1	12.83	12.83
Saccade L	1	7	10372943364	10372995359	51995	940.34	441.25	1085.14	440.18	12.09	474.50	0.55	232.60	17387.18	-16551.63	11581.42
Saccade R	1	7	10372943364	10372995359	51995	940.34	441.25	1085.14	440.18	12.09	474.50	0.55	232.60	17387.18	-16551.63	11581.42
Fixation L	1	8	10372995359	10373121461	126102	1079.67	440.95	27	9	-1	13.22	13.22
Fixation R	1	8	10372995359	10373121461	126102	1079.67	440.95	27	9	-1	12.88	12.88
Saccade L	1	8	10373121461	10373165590	44129	1074.19	437.00	891.75	443.29	4.19	198.77	0.28	94.88	8714.67	-7281.65	5323.54
Saccade R	1	8	10373121461	10373165590	44129	1074.19	437.00	891.75	443.29	4.19	198.77	0.28	94.88	8714.67	-7281.65	5323.54
Fixation L	1	9	10373165590	10373317465	151875	889.41	438.43	13	19	-1	13.48	13.48
Fixation R	1	9	10373165590	10373317465	151875	889.41	438.43	13	19	-1	12.93	12.93
Saccade L	1	9	10373317465	10373344485	27020	880.31	431.88	835.97	439.30	0.97	52.62	0.44	35.97	2030.31	-2024.55	1389.06
Saccade R	1	9	10373317465	10373344485	27020	880.31	431.88	835.97	439.30	0.97	52.62	0.44	35.97	2030.31	-2024.55	1389.06
Fixation L	1	10	10373344485	10373649690	305205	829.88	432.74	12	19	-1	13.63	13.63
Fixation R	1	10	10373344485	10373649690	305205	829.88	432.74	12	19	-1	12.98	12.98
Saccade L	1	10	10373649690	10373687688	37998	828.11	437.04	946.43	434.95	2.78	149.02	0.42	73.08	6361.84	-5895.75	4319.70
Saccade R	1	10	10373649690	10373687688	37998	828.11	437.04	946.43	434.95	2.78	149.02	0.42	73.08	6361.84	-5895.75	4319.70
Fixation L	1	11	10373687688	10374003798	316110	942.89	433.36	35	18	-1	13.64	13.64
Fixation R	1	11	10373687688	10374003798	316110	942.89	433.36	35	18	-1	13.06	13.06
Saccade L	1	11	10374003798	10374039846	36048	920.22	431.28	1087.82	431.94	3.75	215.24	0.44	103.96	8416.01	-8586.95	6150.44
Saccade R	1	11	10374003798	10374039846	36048	920.22	431.28	1087.82	431.94	3.75	215.24	0.44	103.96	8416.01	-8586.95	6150.44
Fixation L	1	12	10374039846	10374224202	184356	1078.13	435.90	29	11	-1	13.44	13.44
Fixation R	1	12	10374039846	10374224202	184356	1078.13	435.90	29	11	-1	13.09	13.09
Saccade L	1	12	10374224202	10374245947	21745	1068.03	438.63	1034.52	427.48	0.73	52.85	0.54	33.47	1882.60	-1179.73	1115.64
Saccade R	1	12	10374224202	10374245947	21745	1068.03	438.63	1034.52	427.48	0.73	52.85	0.54	33.47	1882.60	-1179.73	1115.64
Saccade L	1	13	10374253956	10374279114	25158	1032.11	428.39	1070.16	450.50	0.88	46.48	0.40	34.85	1305.75	-1752.11	1125.79
Saccade R	1	13	10374253956	10374279114	25158	1032.11	428.39	1070.16	450.50	0.88	46.48	0.40	34.85	1305.75	-1752.11	1125.79
Fixation L	1	13	10374279114	10374395916	116802	1063.80	442.97	44	23	-1	13.67	13.67
Fixation R	1	13	10374279114	10374395916	116802	1063.80	442.97	44	23	-1	13.11	13.11
Saccade L	1	14	10374395916	10374426103	30187	1048.06	431.74	1136.27	429.96	2.08	138.67	0.60	68.97	5011.96	-5154.30	3622.61
Saccade R	1	14	10374395916	10374426103	30187	1048.06	431.74	1136.27	429.96	2.08	138.67	0.60	68.97	5011.96	-5154.30	3622.61
Fixation L	1	14	10374426103	10374696025	269922	1153.47	434.19	38	16	-1	13.73	13.73
Fixation R	1	14	10374426103	10374696025	269922	1153.47	434.19	38	16	-1	13.08	13.08
Saccade L	1	15	10374696025	10374764153	68128	1150.07	436.22	909.79	967.03	13.12	335.67	0.53	192.58	10743.49	-12320.02	7908.50
Saccade R	1	15	10374696025	10374764153	68128	1150.07	436.22	909.79	967.03	13.12	335.67	0.53	192.58	10743.49	-12320.02	7908.50
Fixation L	1	15	10374764153	10374984266	220113	901.43	963.09	53	12	-1	14.68	14.68
Fixation R	1	15	10374764153	10374984266	220113	901.43	963.09	53	12	-1	13.69	13.69
Saccade L	1	16	10374984266	10375006273	22007	871.64	961.97	903.42	946.16	0.71	44.90	0.27	32.14	1636.47	-1557.90	1102.83
Saccade R	1	16	10374984266	10375006273	22007	871.64	961.97	903.42	946.16	0.71	44.90	0.27	32.14	1636.47	-1557.90	1102.83
Fixation L	1	16	10375006273	10375338380	332107	876.20	962.34	48	47	-1	14.66	14.66
Fixation R	1	16	10375006273	10375338380	332107	876.20	962.34	48	47	-1	13.87	13.87
