[BeGaze]
Converted from:	C:\Program Files\SMI\Experiment Suite 360\Experiment Center 2\Results\RC-Attachment-Exp\P04-eye_data.idf
Date:	24.02.2012 09:58:27
Version:	BeGaze 3.0.181
Sample Rate:	500
Subject:	P04
Description:	Run9

Table Header for Fixations:
Event Type	Trial	Number	Start	End	Duration	Location X	Location Y	Dispersion X	Dispersion Y	Plane	Avg. Pupil Size X	Avg. Pupil Size Y

Table Header for Saccades:
Event Type	Trial	Number	Start	End	Duration	Start Loc.X	Start Loc.Y	End Loc.X	End Loc.Y	Amplitude	Peak Speed	Peak Speed At	Average Speed	Peak Accel.	Peak Decel.	Average Accel.

Table Header for Blinks:
Event Type	Trial	Number	Start	End	Duration

Table Header for User Events:
Event Type	Trial	Number	Start	Description

UserEvent	1	1	5078741643	# Message: RC-N1forced-anim-2.jpg
Fixation L	1	1	5078743240	5079012150	268910	506.68	441.15	13	14	-1	14.06	14.06
Fixation R	1	1	5078743240	5079012150	268910	506.68	441.15	13	14	-1	13.26	13.26
Saccade L	1	1	5079012150	5079050149	37999	506.51	439.98	588.55	434.55	1.82	108.44	0.37	47.83	4414.80	-3990.67	2577.06
Saccade R	1	1	5079012150	5079050149	37999	506.51	439.98	588.55	434.55	1.82	108.44	0.37	47.83	4414.80	-3990.67	2577.06
Fixation L	1	2	5079050149	5079232787	182638	603.40	436.84	25	17	-1	13.56	13.56
Fixation R	1	2	5079050149	5079232787	182638	603.40	436.84	25	17	-1	12.83	12.83
Saccade L	1	2	5079232787	5079258351	25564	602.66	445.91	562.27	445.61	0.81	53.34	0.45	31.69	1999.66	-1892.79	1463.13
Saccade R	1	2	5079232787	5079258351	25564	602.66	445.91	562.27	445.61	0.81	53.34	0.45	31.69	1999.66	-1892.79	1463.13
Fixation L	1	3	5079258351	5079558393	300042	558.90	445.28	27	11	-1	13.34	13.34
Fixation R	1	3	5079258351	5079558393	300042	558.90	445.28	27	11	-1	12.56	12.56
Saccade L	1	3	5079558393	5079628388	69995	546.70	448.24	535.17	720.41	16.89	711.07	0.37	241.23	25809.01	-14712.69	9535.34
Saccade R	1	3	5079558393	5079628388	69995	546.70	448.24	535.17	720.41	16.89	711.07	0.37	241.23	25809.01	-14712.69	9535.34
Saccade L	1	4	5079628388	5079714930	86542	535.17	720.41	633.47	435.89	11.09	307.43	0.30	128.20	7964.82	-8163.56	3808.71
Saccade R	1	4	5079628388	5079714930	86542	535.17	720.41	633.47	435.89	11.09	307.43	0.30	128.20	7964.82	-8163.56	3808.71
Fixation L	1	4	5079714930	5079928644	213714	646.55	438.78	24	13	-1	13.51	13.51
Fixation R	1	4	5079714930	5079928644	213714	646.55	438.78	24	13	-1	12.72	12.72
Blink L	1	1	5079928644	5080130630	201986
Blink R	1	1	5079928644	5080130630	201986
Fixation L	1	5	5080130630	5080232756	102126	679.02	437.45	13	9	-1	13.52	13.52
Fixation R	1	5	5080130630	5080232756	102126	679.02	437.45	13	9	-1	12.62	12.62
Saccade L	1	5	5080232756	5080262754	29998	680.22	441.61	742.65	449.15	1.41	88.78	0.51	47.14	3672.31	-3481.66	2506.42
Saccade R	1	5	5080232756	5080262754	29998	680.22	441.61	742.65	449.15	1.41	88.78	0.51	47.14	3672.31	-3481.66	2506.42
Fixation L	1	6	5080262754	5080728988	466234	737.96	450.70	39	17	-1	13.40	13.40
Fixation R	1	6	5080262754	5080728988	466234	737.96	450.70	39	17	-1	12.78	12.78
Saccade L	1	6	5080728988	5080770994	42006	717.58	443.69	804.90	453.30	2.18	110.58	0.60	52.00	4324.32	-4325.86	3040.59
Saccade R	1	6	5080728988	5080770994	42006	717.58	443.69	804.90	453.30	2.18	110.58	0.60	52.00	4324.32	-4325.86	3040.59
Fixation L	1	7	5080770994	5080954988	183994	813.88	443.04	17	19	-1	12.86	12.86
Fixation R	1	7	5080770994	5080954988	183994	813.88	443.04	17	19	-1	12.25	12.25
Saccade L	1	7	5080954988	5080989117	34129	823.74	436.95	878.78	440.74	1.22	69.24	0.41	35.69	2635.42	-2530.95	1841.10
Saccade R	1	7	5080954988	5080989117	34129	823.74	436.95	878.78	440.74	1.22	69.24	0.41	35.69	2635.42	-2530.95	1841.10
Fixation L	1	8	5080989117	5081239112	249995	880.08	444.12	16	13	-1	12.88	12.88
Fixation R	1	8	5080989117	5081239112	249995	880.08	444.12	16	13	-1	12.25	12.25
Saccade L	1	8	5081239112	5081283028	43916	887.91	437.99	957.22	431.92	1.74	83.16	0.41	39.70	3077.92	-2961.80	2046.37
Saccade R	1	8	5081239112	5081283028	43916	887.91	437.99	957.22	431.92	1.74	83.16	0.41	39.70	3077.92	-2961.80	2046.37
Fixation L	1	9	5081283028	5081443228	160200	961.23	437.61	10	16	-1	12.94	12.94
Fixation R	1	9	5081283028	5081443228	160200	961.23	437.61	10	16	-1	12.34	12.34
Saccade L	1	9	5081443228	5081477241	34013	956.76	440.33	1017.18	429.73	1.41	75.47	0.35	41.35	2848.14	-2859.11	2074.38
Saccade R	1	9	5081443228	5081477241	34013	956.76	440.33	1017.18	429.73	1.41	75.47	0.35	41.35	2848.14	-2859.11	2074.38
Fixation L	1	10	5081477241	5081844533	367292	1018.69	432.91	12	10	-1	13.34	13.34
Fixation R	1	10	5081477241	5081844533	367292	1018.69	432.91	12	10	-1	12.60	12.60
Saccade L	1	10	5081844533	5081881678	37145	1016.09	432.97	1101.77	440.61	1.82	96.92	0.30	48.97	4085.96	-3337.70	2522.82
Saccade R	1	10	5081844533	5081881678	37145	1016.09	432.97	1101.77	440.61	1.82	96.92	0.30	48.97	4085.96	-3337.70	2522.82
Fixation L	1	11	5081881678	5082581710	700032	1115.18	441.42	47	25	-1	14.02	14.02
Fixation R	1	11	5081881678	5082581710	700032	1115.18	441.42	47	25	-1	13.29	13.29
Saccade L	1	11	5082581710	5082659831	78121	1110.76	441.74	888.81	911.77	12.06	308.94	0.26	154.42	13806.91	-6014.41	6327.71
Saccade R	1	11	5082581710	5082659831	78121	1110.76	441.74	888.81	911.77	12.06	308.94	0.26	154.42	13806.91	-6014.41	6327.71
Fixation L	1	12	5082659831	5082779828	119997	877.73	917.09	34	16	-1	14.39	14.39
Fixation R	1	12	5082659831	5082779828	119997	877.73	917.09	34	16	-1	13.29	13.29
Saccade L	1	12	5082779828	5082807839	28011	858.08	918.51	922.77	945.66	1.63	118.76	0.57	58.10	4694.84	-4649.87	3308.52
Saccade R	1	12	5082779828	5082807839	28011	858.08	918.51	922.77	945.66	1.63	118.76	0.57	58.10	4694.84	-4649.87	3308.52
Fixation L	1	13	5082807839	5083144077	336238	919.84	953.78	19	27	-1	14.01	14.01
Fixation R	1	13	5082807839	5083144077	336238	919.84	953.78	19	27	-1	13.20	13.20
