[BeGaze]
Converted from:	C:\Program Files\SMI\Experiment Suite 360\Experiment Center 2\Results\RC-Attachment-Exp\P29-eye_data.idf
Date:	18.03.2012 20:24:46
Version:	BeGaze 3.0.181
Sample Rate:	500
Subject:	P29
Description:	Run34

Table Header for Fixations:
Event Type	Trial	Number	Start	End	Duration	Location X	Location Y	Dispersion X	Dispersion Y	Plane	Avg. Pupil Size X	Avg. Pupil Size Y

Table Header for Saccades:
Event Type	Trial	Number	Start	End	Duration	Start Loc.X	Start Loc.Y	End Loc.X	End Loc.Y	Amplitude	Peak Speed	Peak Speed At	Average Speed	Peak Accel.	Peak Decel.	Average Accel.

Table Header for Blinks:
Event Type	Trial	Number	Start	End	Duration

Table Header for User Events:
Event Type	Trial	Number	Start	Description

UserEvent	1	1	3447313561	# Message: RC-nonforced-anim-4.jpg
Fixation L	1	1	3447314759	3447934272	619513	467.86	454.04	34	59	-1	10.69	10.69
Fixation R	1	1	3447314759	3447934272	619513	467.86	454.04	34	59	-1	10.93	10.93
Saccade L	1	1	3447934272	3447960311	26039	480.88	453.98	569.59	443.14	1.94	139.90	0.54	74.42	5882.62	-5742.84	4161.15
Saccade R	1	1	3447934272	3447960311	26039	480.88	453.98	569.59	443.14	1.94	139.90	0.54	74.42	5882.62	-5742.84	4161.15
Fixation L	1	2	3447960311	3448198401	238090	580.18	457.05	27	25	-1	10.75	10.75
Fixation R	1	2	3447960311	3448198401	238090	580.18	457.05	27	25	-1	10.82	10.82
Saccade L	1	2	3448198401	3448220376	21975	589.14	460.40	540.10	462.39	0.97	70.40	0.45	44.27	2291.53	-2679.99	1754.36
Saccade R	1	2	3448198401	3448220376	21975	589.14	460.40	540.10	462.39	0.97	70.40	0.45	44.27	2291.53	-2679.99	1754.36
Fixation L	1	3	3448220376	3448372372	151996	549.66	460.76	16	11	-1	10.69	10.69
Fixation R	1	3	3448220376	3448372372	151996	549.66	460.76	16	11	-1	10.78	10.78
Saccade L	1	3	3448372372	3448396375	24003	553.29	452.60	625.37	454.17	1.53	119.13	0.50	63.71	4542.35	-4782.52	3267.92
Saccade R	1	3	3448372372	3448396375	24003	553.29	452.60	625.37	454.17	1.53	119.13	0.50	63.71	4542.35	-4782.52	3267.92
Fixation L	1	4	3448396375	3448661193	264818	631.41	453.44	14	29	-1	10.91	10.91
Fixation R	1	4	3448396375	3448661193	264818	631.41	453.44	14	29	-1	11.03	11.03
Saccade L	1	4	3448661193	3448684619	23426	634.06	451.86	713.03	447.80	1.79	147.65	0.48	76.53	5359.78	-5738.87	3863.45
Saccade R	1	4	3448661193	3448684619	23426	634.06	451.86	713.03	447.80	1.79	147.65	0.48	76.53	5359.78	-5738.87	3863.45
Fixation L	1	5	3448684619	3448912620	228001	733.32	452.16	33	21	-1	11.07	11.07
Fixation R	1	5	3448684619	3448912620	228001	733.32	452.16	33	21	-1	11.18	11.18
Fixation L	1	6	3448928634	3449412861	484227	782.60	441.03	31	34	-1	10.99	10.99
Fixation R	1	6	3448928634	3449412861	484227	782.60	441.03	31	34	-1	11.17	11.17
Saccade L	1	5	3449412861	3449440889	28028	777.73	444.59	870.00	435.30	2.02	138.07	0.50	72.18	5716.56	-5605.21	4101.23
Saccade R	1	5	3449412861	3449440889	28028	777.73	444.59	870.00	435.30	2.02	138.07	0.50	72.18	5716.56	-5605.21	4101.23
Fixation L	1	7	3449440889	3449663022	222133	874.51	437.14	14	14	-1	10.88	10.88
Fixation R	1	7	3449440889	3449663022	222133	874.51	437.14	14	14	-1	10.92	10.92
Saccade L	1	6	3449663022	3449686977	23955	872.22	439.86	957.10	438.60	1.76	138.12	0.50	73.42	5328.57	-5332.12	3701.62
Saccade R	1	6	3449663022	3449686977	23955	872.22	439.86	957.10	438.60	1.76	138.12	0.50	73.42	5328.57	-5332.12	3701.62
Fixation L	1	8	3449686977	3449911106	224129	965.11	440.58	27	21	-1	10.84	10.84
Fixation R	1	8	3449686977	3449911106	224129	965.11	440.58	27	21	-1	10.98	10.98
Saccade L	1	7	3449911106	3449937091	25985	965.47	434.52	1005.71	445.88	0.90	53.22	0.46	34.72	1421.40	-1888.75	1155.71
Saccade R	1	7	3449911106	3449937091	25985	965.47	434.52	1005.71	445.88	0.90	53.22	0.46	34.72	1421.40	-1888.75	1155.71
Fixation L	1	9	3449937091	3450171218	234127	1010.21	446.27	27	26	-1	10.72	10.72
Fixation R	1	9	3449937091	3450171218	234127	1010.21	446.27	27	26	-1	10.85	10.85
Saccade L	1	8	3450171218	3450197220	26002	1001.78	438.41	1111.95	442.23	2.37	171.27	0.54	91.11	6973.56	-7161.15	5021.86
Saccade R	1	8	3450171218	3450197220	26002	1001.78	438.41	1111.95	442.23	2.37	171.27	0.54	91.11	6973.56	-7161.15	5021.86
Fixation L	1	10	3450197220	3450539348	342128	1115.46	441.99	19	31	-1	10.56	10.56
Fixation R	1	10	3450197220	3450539348	342128	1115.46	441.99	19	31	-1	10.80	10.80
Saccade L	1	9	3450539348	3450621477	82129	1113.53	446.42	884.53	963.38	13.11	309.20	0.46	159.61	13074.77	-10920.09	6168.80
Saccade R	1	9	3450539348	3450621477	82129	1113.53	446.42	884.53	963.38	13.11	309.20	0.46	159.61	13074.77	-10920.09	6168.80
Fixation L	1	11	3450621477	3450815565	194088	890.42	945.21	30	47	-1	10.55	10.55
Fixation R	1	11	3450621477	3450815565	194088	890.42	945.21	30	47	-1	10.87	10.87
Saccade L	1	10	3450815565	3450849579	34014	896.37	973.33	907.19	922.15	1.26	66.72	0.29	36.93	2027.64	-1957.24	1355.23
Saccade R	1	10	3450815565	3450849579	34014	896.37	973.33	907.19	922.15	1.26	66.72	0.29	36.93	2027.64	-1957.24	1355.23
Fixation L	1	12	3450849579	3451105702	256123	913.14	917.61	42	39	-1	10.58	10.58
Fixation R	1	12	3450849579	3451105702	256123	913.14	917.61	42	39	-1	11.10	11.10
