[BeGaze]
Converted from:	C:\Program Files\SMI\Experiment Suite 360\Experiment Center 2\Results\RC-Attachment-Exp\P09-eye_data.idf
Date:	18.03.2012 20:07:51
Version:	BeGaze 3.0.181
Sample Rate:	500
Subject:	P09
Description:	Run14

Table Header for Fixations:
Event Type	Trial	Number	Start	End	Duration	Location X	Location Y	Dispersion X	Dispersion Y	Plane	Avg. Pupil Size X	Avg. Pupil Size Y

Table Header for Saccades:
Event Type	Trial	Number	Start	End	Duration	Start Loc.X	Start Loc.Y	End Loc.X	End Loc.Y	Amplitude	Peak Speed	Peak Speed At	Average Speed	Peak Accel.	Peak Decel.	Average Accel.

Table Header for Blinks:
Event Type	Trial	Number	Start	End	Duration

Table Header for User Events:
Event Type	Trial	Number	Start	Description

UserEvent	1	1	7615070221	# Message: Dist-srthm-24.jpg
Fixation L	1	1	7615115988	7615352087	236099	469.52	437.37	36	32	-1	12.36	12.36
Fixation R	1	1	7615115988	7615352087	236099	469.52	437.37	36	32	-1	13.18	13.18
Saccade L	1	1	7615352087	7615388101	36014	450.40	424.14	474.32	462.76	1.00	42.28	0.50	27.83	1311.30	-1521.07	1014.45
Saccade R	1	1	7615352087	7615388101	36014	450.40	424.14	474.32	462.76	1.00	42.28	0.50	27.83	1311.30	-1521.07	1014.45
Saccade L	1	2	7615406082	7615434213	28131	465.13	464.39	497.51	448.75	0.77	46.09	0.50	27.49	1493.18	-1444.84	1081.10
Saccade R	1	2	7615406082	7615434213	28131	465.13	464.39	497.51	448.75	0.77	46.09	0.50	27.49	1493.18	-1444.84	1081.10
Fixation L	1	2	7615434213	7615582227	148014	496.98	444.43	22	11	-1	12.24	12.24
Fixation R	1	2	7615434213	7615582227	148014	496.98	444.43	22	11	-1	13.15	13.15
Saccade L	1	3	7615582227	7615630229	48002	494.06	448.29	592.62	434.94	2.28	125.76	0.71	47.55	4499.54	-4892.40	2668.98
Saccade R	1	3	7615582227	7615630229	48002	494.06	448.29	592.62	434.94	2.28	125.76	0.71	47.55	4499.54	-4892.40	2668.98
Fixation L	1	3	7615630229	7615868353	238124	591.46	435.49	14	31	-1	12.19	12.19
Fixation R	1	3	7615630229	7615868353	238124	591.46	435.49	14	31	-1	13.15	13.15
Saccade L	1	4	7615868353	7615964449	96096	589.51	451.16	672.18	445.74	2.51	81.70	0.40	26.10	2800.67	-2476.31	924.68
Saccade R	1	4	7615868353	7615964449	96096	589.51	451.16	672.18	445.74	2.51	81.70	0.40	26.10	2800.67	-2476.31	924.68
Fixation L	1	4	7615964449	7616056468	92019	656.98	417.04	25	55	-1	12.03	12.03
Fixation R	1	4	7615964449	7616056468	92019	656.98	417.04	25	55	-1	13.04	13.04
Saccade L	1	5	7616056468	7616106445	49977	653.95	427.18	737.16	427.73	2.40	124.44	0.48	48.05	4028.81	-4546.15	2326.70
Saccade R	1	5	7616056468	7616106445	49977	653.95	427.18	737.16	427.73	2.40	124.44	0.48	48.05	4028.81	-4546.15	2326.70
Fixation L	1	5	7616106445	7616300579	194134	727.20	434.62	29	34	-1	12.07	12.07
Fixation R	1	5	7616106445	7616300579	194134	727.20	434.62	29	34	-1	13.08	13.08
Saccade L	1	6	7616300579	7616346563	45984	724.00	436.44	791.10	435.34	1.53	72.68	0.26	33.32	2534.83	-2414.73	1473.49
Saccade R	1	6	7616300579	7616346563	45984	724.00	436.44	791.10	435.34	1.53	72.68	0.26	33.32	2534.83	-2414.73	1473.49
Fixation L	1	6	7616346563	7616560701	214138	793.08	424.95	30	37	-1	12.05	12.05
Fixation R	1	6	7616346563	7616560701	214138	793.08	424.95	30	37	-1	13.03	13.03
Saccade L	1	7	7616560701	7616586680	25979	788.72	435.38	868.56	440.16	1.52	114.97	0.46	58.65	4187.40	-4236.88	2980.74
Saccade R	1	7	7616560701	7616586680	25979	788.72	435.38	868.56	440.16	1.52	114.97	0.46	58.65	4187.40	-4236.88	2980.74
Fixation L	1	7	7616586680	7616804803	218123	852.12	419.17	35	39	-1	11.90	11.90
Fixation R	1	7	7616586680	7616804803	218123	852.12	419.17	35	39	-1	12.81	12.81
Saccade L	1	8	7616804803	7616830707	25904	841.96	429.07	923.05	423.36	1.69	128.56	0.54	65.43	5064.07	-5121.51	3682.92
Saccade R	1	8	7616804803	7616830707	25904	841.96	429.07	923.05	423.36	1.69	128.56	0.54	65.43	5064.07	-5121.51	3682.92
Fixation L	1	8	7616830707	7616915404	84697	920.30	431.70	30	26	-1	11.93	11.93
Fixation R	1	8	7616830707	7616915404	84697	920.30	431.70	30	26	-1	12.76	12.76
Fixation L	1	9	7616954799	7617156919	202120	926.14	429.08	25	32	-1	11.83	11.83
Fixation R	1	9	7616954799	7617156919	202120	926.14	429.08	25	32	-1	12.63	12.63
Saccade L	1	9	7617156919	7617210921	54002	920.36	428.23	1045.62	421.81	3.28	143.88	0.30	60.67	6258.65	-5297.38	3277.91
Saccade R	1	9	7617156919	7617210921	54002	920.36	428.23	1045.62	421.81	3.28	143.88	0.30	60.67	6258.65	-5297.38	3277.91
Fixation L	1	10	7617210921	7617445036	234115	1047.71	418.23	32	28	-1	11.60	11.60
Fixation R	1	10	7617210921	7617445036	234115	1047.71	418.23	32	28	-1	12.39	12.39
Saccade L	1	10	7617445036	7617481037	36001	1043.31	420.09	1156.71	407.91	2.75	189.08	0.33	76.29	7346.35	-7536.45	4921.67
Saccade R	1	10	7617445036	7617481037	36001	1043.31	420.09	1156.71	407.91	2.75	189.08	0.33	76.29	7346.35	-7536.45	4921.67
Fixation L	1	11	7617481037	7618079529	598492	1160.29	419.13	31	33	-1	11.50	11.50
Fixation R	1	11	7617481037	7618079529	598492	1160.29	419.13	31	33	-1	12.28	12.28
Saccade L	1	11	7618079529	7618155398	75869	1145.00	429.89	900.04	920.47	13.32	466.11	0.47	175.54	19147.18	-17459.39	10213.61
Saccade R	1	11	7618079529	7618155398	75869	1145.00	429.89	900.04	920.47	13.32	466.11	0.47	175.54	19147.18	-17459.39	10213.61
Fixation L	1	12	7618155398	7618313398	158000	901.81	909.51	20	34	-1	12.03	12.03
Fixation R	1	12	7618155398	7618313398	158000	901.81	909.51	20	34	-1	12.77	12.77
Saccade L	1	12	7618313398	7618383929	70531	914.18	885.14	894.88	906.32	1.85	50.47	0.32	26.17	1096.66	-942.61	581.23
Saccade R	1	12	7618313398	7618383929	70531	914.18	885.14	894.88	906.32	1.85	50.47	0.32	26.17	1096.66	-942.61	581.23
Fixation L	1	13	7618383929	7618645510	261581	875.77	907.83	39	43	-1	12.19	12.19
Fixation R	1	13	7618383929	7618645510	261581	875.77	907.83	39	43	-1	13.06	13.06
