[BeGaze]
Converted from:	C:\Program Files\SMI\Experiment Suite 360\Experiment Center 2\Results\RC-Attachment-Exp\P01-eye_data.idf
Date:	24.02.2012 09:57:15
Version:	BeGaze 3.0.181
Sample Rate:	500
Subject:	P01
Description:	Run1

Table Header for Fixations:
Event Type	Trial	Number	Start	End	Duration	Location X	Location Y	Dispersion X	Dispersion Y	Plane	Avg. Pupil Size X	Avg. Pupil Size Y

Table Header for Saccades:
Event Type	Trial	Number	Start	End	Duration	Start Loc.X	Start Loc.Y	End Loc.X	End Loc.Y	Amplitude	Peak Speed	Peak Speed At	Average Speed	Peak Accel.	Peak Decel.	Average Accel.

Table Header for Blinks:
Event Type	Trial	Number	Start	End	Duration

Table Header for User Events:
Event Type	Trial	Number	Start	Description

UserEvent	1	1	1989165833	# Message: Questionnaire6.jpg
Fixation L	1	1	1989184464	1989260453	75989	918.11	921.28	18	20	-1	11.90	11.90
Fixation R	1	1	1989184464	1989260453	75989	918.11	921.28	18	20	-1	11.64	11.64
Saccade L	1	1	1989260453	1989325628	65175	923.61	911.29	949.85	934.93	2.03	41.33	0.14	31.08	1019.99	-1369.66	803.73
Saccade R	1	1	1989260453	1989325628	65175	923.61	911.29	949.85	934.93	2.03	41.33	0.14	31.08	1019.99	-1369.66	803.73
Fixation L	1	2	1989325628	1989733524	407896	927.86	928.13	37	22	-1	11.63	11.63
Fixation R	1	2	1989325628	1989733524	407896	927.86	928.13	37	22	-1	11.46	11.46
Saccade L	1	2	1989733524	1989795645	62121	917.11	926.43	452.47	574.94	13.23	430.08	0.29	212.90	19643.83	-12473.63	10315.37
Saccade R	1	2	1989733524	1989795645	62121	917.11	926.43	452.47	574.94	13.23	430.08	0.29	212.90	19643.83	-12473.63	10315.37
Saccade L	1	3	1989859643	1989881642	21999	489.82	560.40	451.14	579.39	0.72	46.51	0.55	32.57	799.01	-1315.07	800.16
Saccade R	1	3	1989859643	1989881642	21999	489.82	560.40	451.14	579.39	0.72	46.51	0.55	32.57	799.01	-1315.07	800.16
Saccade L	1	4	1989993638	1990015692	22054	407.11	476.08	401.40	418.85	1.36	123.17	0.45	61.75	2321.37	-3408.45	1976.16
Saccade R	1	4	1989993638	1990015692	22054	407.11	476.08	401.40	418.85	1.36	123.17	0.45	61.75	2321.37	-3408.45	1976.16
Fixation L	1	3	1990015692	1990083765	68073	402.48	428.08	21	42	-1	11.26	11.26
Fixation R	1	3	1990015692	1990083765	68073	402.48	428.08	21	42	-1	11.06	11.06
Saccade L	1	5	1990109776	1990181769	71993	425.14	488.20	401.64	435.36	6.03	220.59	0.28	83.76	4228.97	-4941.88	2426.56
Saccade R	1	5	1990109776	1990181769	71993	425.14	488.20	401.64	435.36	6.03	220.59	0.28	83.76	4228.97	-4941.88	2426.56
Saccade L	1	6	1990258634	1990281767	23133	415.27	431.53	414.70	361.00	1.52	116.71	0.40	65.72	4444.86	-3551.21	2677.60
Saccade R	1	6	1990258634	1990281767	23133	415.27	431.53	414.70	361.00	1.52	116.71	0.40	65.72	4444.86	-3551.21	2677.60
Saccade L	1	7	1990290945	1990313915	22970	421.16	361.95	461.14	490.54	2.85	256.83	0.48	124.02	8569.07	-9286.52	6276.71
Saccade R	1	7	1990290945	1990313915	22970	421.16	361.95	461.14	490.54	2.85	256.83	0.48	124.02	8569.07	-9286.52	6276.71
Fixation L	1	4	1990313915	1990459885	145970	453.42	460.14	32	47	-1	11.61	11.61
Fixation R	1	4	1990313915	1990459885	145970	453.42	460.14	32	47	-1	11.50	11.50
Saccade L	1	8	1990459885	1990493906	34021	456.32	460.08	438.71	439.70	3.52	213.04	0.41	103.33	8061.66	-4224.24	4025.92
Saccade R	1	8	1990459885	1990493906	34021	456.32	460.08	438.71	439.70	3.52	213.04	0.41	103.33	8061.66	-4224.24	4025.92
Saccade L	1	9	1990505881	1990539906	34025	439.01	355.07	600.12	479.69	4.70	289.22	0.65	138.01	8276.50	-10185.61	6259.26
Saccade R	1	9	1990505881	1990539906	34025	439.01	355.07	600.12	479.69	4.70	289.22	0.65	138.01	8276.50	-10185.61	6259.26
Saccade L	1	10	1990547872	1990569994	22122	600.42	479.89	590.91	438.83	0.82	50.70	0.37	37.00	946.50	-1953.28	1105.41
Saccade R	1	10	1990547872	1990569994	22122	600.42	479.89	590.91	438.83	0.82	50.70	0.37	37.00	946.50	-1953.28	1105.41
Fixation L	1	5	1990569994	1990624016	54022	592.03	430.74	25	16	-1	11.88	11.88
Fixation R	1	5	1990569994	1990624016	54022	592.03	430.74	25	16	-1	11.87	11.87
Saccade L	1	11	1990624016	1990645996	21980	596.20	429.85	606.56	455.53	0.69	45.90	0.45	31.53	1660.54	-1461.28	1058.78
Saccade R	1	11	1990624016	1990645996	21980	596.20	429.85	606.56	455.53	0.69	45.90	0.45	31.53	1660.54	-1461.28	1058.78
Fixation L	1	6	1990645996	1990697988	51992	606.55	450.18	17	10	-1	11.95	11.95
Fixation R	1	6	1990645996	1990697988	51992	606.55	450.18	17	10	-1	11.98	11.98
Saccade L	1	12	1990697988	1990726008	28020	606.21	452.27	710.72	442.12	2.33	163.69	0.57	83.06	6331.12	-6773.48	4643.69
Saccade R	1	12	1990697988	1990726008	28020	606.21	452.27	710.72	442.12	2.33	163.69	0.57	83.06	6331.12	-6773.48	4643.69
Fixation L	1	7	1990726008	1990900246	174238	721.35	427.69	22	36	-1	12.16	12.16
Fixation R	1	7	1990726008	1990900246	174238	721.35	427.69	22	36	-1	12.04	12.04
Saccade L	1	13	1990900246	1990930138	29892	721.89	406.19	841.55	399.34	2.65	175.93	0.53	88.55	6811.40	-7152.82	5088.85
Saccade R	1	13	1990900246	1990930138	29892	721.89	406.19	841.55	399.34	2.65	175.93	0.53	88.55	6811.40	-7152.82	5088.85
Fixation L	1	8	1990930138	1991018102	87964	848.11	390.69	10	24	-1	12.32	12.32
Fixation R	1	8	1990930138	1991018102	87964	848.11	390.69	10	24	-1	12.29	12.29
Blink L	1	1	1991018102	1991154221	136119
Blink R	1	1	1991018102	1991154221	136119
Fixation L	1	9	1991154221	1991372205	217984	924.92	453.48	20	45	-1	12.20	12.20
Fixation R	1	9	1991154221	1991372205	217984	924.92	453.48	20	45	-1	11.87	11.87
Saccade L	1	14	1991372205	1991400363	28158	911.48	455.86	1012.62	480.60	2.47	172.96	0.50	87.87	6943.86	-6604.87	4823.69
Saccade R	1	14	1991372205	1991400363	28158	911.48	455.86	1012.62	480.60	2.47	172.96	0.50	87.87	6943.86	-6604.87	4823.69
Fixation L	1	10	1991400363	1991552328	151965	1017.88	483.42	28	8	-1	12.24	12.24
Fixation R	1	10	1991400363	1991552328	151965	1017.88	483.42	28	8	-1	11.92	11.92
Saccade L	1	15	1991552328	1991586327	33999	998.51	486.23	807.15	483.57	4.24	265.95	0.52	124.74	10944.17	-10668.65	7760.71
Saccade R	1	15	1991552328	1991586327	33999	998.51	486.23	807.15	483.57	4.24	265.95	0.52	124.74	10944.17	-10668.65	7760.71
Fixation L	1	11	1991586327	1991680455	94128	796.35	470.31	58	26	-1	12.39	12.39
Fixation R	1	11	1991586327	1991680455	94128	796.35	470.31	58	26	-1	12.01	12.01
Blink L	1	2	1991680455	1991820461	140006
Blink R	1	2	1991680455	1991820461	140006
Fixation L	1	12	1991820461	1992314673	494212	716.08	434.47	42	51	-1	12.92	12.92
Fixation R	1	12	1991820461	1992314673	494212	716.08	434.47	42	51	-1	12.50	12.50
Blink L	1	3	1992314673	1992514798	200125
Blink R	1	3	1992314673	1992514798	200125
Fixation L	1	13	1992514798	1992750998	236200	843.60	448.95	32	28	-1	13.05	13.05
Fixation R	1	13	1992514798	1992750998	236200	843.60	448.95	32	28	-1	12.66	12.66
Saccade L	1	16	1992750998	1992772914	21916	857.43	442.97	817.96	446.22	0.77	51.79	0.45	35.34	1963.83	-1774.84	1316.94
Saccade R	1	16	1992750998	1992772914	21916	857.43	442.97	817.96	446.22	0.77	51.79	0.45	35.34	1963.83	-1774.84	1316.94
Fixation L	1	14	1992772914	1992898908	125994	812.30	451.54	11	21	-1	13.32	13.32
Fixation R	1	14	1992772914	1992898908	125994	812.30	451.54	11	21	-1	12.92	12.92
Blink L	1	4	1992898908	1993023030	124122
Blink R	1	4	1992898908	1993023030	124122
Saccade L	1	17	1993023030	1993077253	54223	918.62	361.33	892.57	415.73	2.81	115.72	0.22	51.91	645.45	-30658.45	4426.45
Saccade R	1	17	1993023030	1993077253	54223	918.62	361.33	892.57	415.73	2.81	115.72	0.22	51.91	645.45	-30658.45	4426.45
Fixation L	1	15	1993077253	1993317142	239889	884.62	421.63	21	21	-1	13.36	13.36
Fixation R	1	15	1993077253	1993317142	239889	884.62	421.63	21	21	-1	12.83	12.83
Saccade L	1	18	1993317142	1993347150	30008	880.33	429.90	976.79	404.19	2.37	154.78	0.48	78.97	6320.50	-6089.53	4462.04
Saccade R	1	18	1993317142	1993347150	30008	880.33	429.90	976.79	404.19	2.37	154.78	0.48	78.97	6320.50	-6089.53	4462.04
Fixation L	1	16	1993347150	1993449136	101986	986.27	428.35	24	40	-1	13.45	13.45
Fixation R	1	16	1993347150	1993449136	101986	986.27	428.35	24	40	-1	13.05	13.05
Saccade L	1	19	1993449136	1993505134	55998	978.81	442.87	337.67	507.97	15.35	459.58	0.68	274.11	16007.82	-18453.15	11955.48
Saccade R	1	19	1993449136	1993505134	55998	978.81	442.87	337.67	507.97	15.35	459.58	0.68	274.11	16007.82	-18453.15	11955.48
Saccade L	1	20	1993505134	1993532167	27033	337.67	507.97	410.39	486.54	1.66	101.11	0.48	61.31	-950.01	-10749.58	3861.06
Saccade R	1	20	1993505134	1993532167	27033	337.67	507.97	410.39	486.54	1.66	101.11	0.48	61.31	-950.01	-10749.58	3861.06
Fixation L	1	17	1993532167	1993801408	269241	404.11	496.24	54	54	-1	13.56	13.56
Fixation R	1	17	1993532167	1993801408	269241	404.11	496.24	54	54	-1	13.14	13.14
Saccade L	1	21	1993801408	1993833313	31905	403.87	516.36	428.56	491.38	1.05	55.84	0.69	32.86	1698.63	-1877.84	1030.26
Saccade R	1	21	1993801408	1993833313	31905	403.87	516.36	428.56	491.38	1.05	55.84	0.69	32.86	1698.63	-1877.84	1030.26
Fixation L	1	18	1993833313	1994101489	268176	404.79	494.46	61	39	-1	13.28	13.28
Fixation R	1	18	1993833313	1994101489	268176	404.79	494.46	61	39	-1	13.13	13.13
Saccade L	1	22	1994101489	1994132289	30800	414.19	508.32	353.50	437.24	2.20	156.61	0.39	71.49	5155.73	-5729.85	3802.19
Saccade R	1	22	1994101489	1994132289	30800	414.19	508.32	353.50	437.24	2.20	156.61	0.39	71.49	5155.73	-5729.85	3802.19
Fixation L	1	19	1994132289	1994377628	245339	379.09	465.60	58	71	-1	12.91	12.91
Fixation R	1	19	1994132289	1994377628	245339	379.09	465.60	58	71	-1	12.69	12.69
Saccade L	1	23	1994377628	1994407613	29985	395.83	488.23	446.63	563.25	1.93	136.15	0.40	64.33	4684.63	-5188.23	3580.00
Saccade R	1	23	1994377628	1994407613	29985	395.83	488.23	446.63	563.25	1.93	136.15	0.40	64.33	4684.63	-5188.23	3580.00
Fixation L	1	20	1994407613	1994562979	155366	451.57	540.75	23	48	-1	12.82	12.82
Fixation R	1	20	1994407613	1994562979	155366	451.57	540.75	23	48	-1	12.61	12.61
UserEvent	1	131	1994514813	# Message: UE-mouseclick left x=376 y=437
Saccade L	1	24	1994562979	1994589806	26827	447.58	533.04	391.57	484.89	1.59	117.05	0.40	59.35	3839.06	-4168.65	2888.76
Saccade R	1	24	1994562979	1994589806	26827	447.58	533.04	391.57	484.89	1.59	117.05	0.40	59.35	3839.06	-4168.65	2888.76
Fixation L	1	21	1994631752	1994825738	193986	407.56	474.91	51	36	-1	12.86	12.86
Fixation R	1	21	1994631752	1994825738	193986	407.56	474.91	51	36	-1	12.46	12.46
Saccade L	1	25	1994825738	1994880028	54290	416.46	456.15	420.34	516.06	3.63	136.77	0.45	66.78	4286.44	-3844.47	2666.74
Saccade R	1	25	1994825738	1994880028	54290	416.46	456.15	420.34	516.06	3.63	136.77	0.45	66.78	4286.44	-3844.47	2666.74
Fixation L	1	22	1994880028	1995301968	421940	428.01	540.15	24	59	-1	12.59	12.59
Fixation R	1	22	1994880028	1995301968	421940	428.01	540.15	24	59	-1	12.31	12.31
UserEvent	1	152	1995290840	# Message: UE-mouseclick left x=403 y=531
Saccade L	1	26	1995301968	1995336343	34375	423.13	570.75	447.60	518.22	1.39	65.75	0.47	40.44	2112.99	-2539.09	1591.84
Saccade R	1	26	1995301968	1995336343	34375	423.13	570.75	447.60	518.22	1.39	65.75	0.47	40.44	2112.99	-2539.09	1591.84
Saccade L	1	27	1995345950	1995373995	28045	447.51	522.66	415.63	482.75	1.05	58.37	0.36	37.42	1833.19	-1656.84	1205.37
Saccade R	1	27	1995345950	1995373995	28045	447.51	522.66	415.63	482.75	1.05	58.37	0.36	37.42	1833.19	-1656.84	1205.37
