[BeGaze]
Converted from:	C:\Program Files\SMI\Experiment Suite 360\Experiment Center 2\Results\RC-Attachment-Exp\Denek01-eye_data.idf
Date:	24.02.2012 09:57:40
Version:	BeGaze 3.0.181
Sample Rate:	500
Subject:	Denek01
Description:	Run4

Table Header for Fixations:
Event Type	Trial	Number	Start	End	Duration	Location X	Location Y	Dispersion X	Dispersion Y	Plane	Avg. Pupil Size X	Avg. Pupil Size Y

Table Header for Saccades:
Event Type	Trial	Number	Start	End	Duration	Start Loc.X	Start Loc.Y	End Loc.X	End Loc.Y	Amplitude	Peak Speed	Peak Speed At	Average Speed	Peak Accel.	Peak Decel.	Average Accel.

Table Header for Blinks:
Event Type	Trial	Number	Start	End	Duration

Table Header for User Events:
Event Type	Trial	Number	Start	Description

UserEvent	1	1	1719259021	# Message: RC-nonforced-nonanim-1.jpg
Fixation L	1	1	1719260921	1719552951	292030	479.16	439.55	11	20	-1	14.73	14.73
Fixation R	1	1	1719260921	1719552951	292030	479.16	439.55	11	20	-1	16.03	16.03
Saccade L	1	1	1719552951	1719588944	35993	481.48	442.14	575.09	427.30	2.05	115.49	0.39	56.98	4773.77	-4257.76	3118.07
Saccade R	1	1	1719552951	1719588944	35993	481.48	442.14	575.09	427.30	2.05	115.49	0.39	56.98	4773.77	-4257.76	3118.07
Fixation L	1	2	1719588944	1719759068	170124	577.24	427.85	15	14	-1	14.66	14.66
Fixation R	1	2	1719588944	1719759068	170124	577.24	427.85	15	14	-1	16.06	16.06
Saccade L	1	2	1719759068	1719817061	57993	580.51	422.51	650.57	429.05	7.36	300.16	0.48	126.90	11548.49	-11411.36	6597.04
Saccade R	1	2	1719759068	1719817061	57993	580.51	422.51	650.57	429.05	7.36	300.16	0.48	126.90	11548.49	-11411.36	6597.04
Fixation L	1	3	1719817061	1720037179	220118	655.26	424.87	11	11	-1	14.81	14.81
Fixation R	1	3	1719817061	1720037179	220118	655.26	424.87	11	11	-1	16.18	16.18
Saccade L	1	3	1720037179	1720073186	36007	647.26	428.01	771.55	435.45	2.87	163.99	0.45	79.79	6644.28	-6686.62	4825.36
Saccade R	1	3	1720037179	1720073186	36007	647.26	428.01	771.55	435.45	2.87	163.99	0.45	79.79	6644.28	-6686.62	4825.36
Fixation L	1	4	1720073186	1720427371	354185	781.00	419.22	24	29	-1	14.69	14.69
Fixation R	1	4	1720073186	1720427371	354185	781.00	419.22	24	29	-1	16.22	16.22
Saccade L	1	4	1720427371	1720453302	25931	777.59	422.51	821.14	415.86	0.92	54.20	0.39	35.47	2174.47	-1583.94	1336.86
Saccade R	1	4	1720427371	1720453302	25931	777.59	422.51	821.14	415.86	0.92	54.20	0.39	35.47	2174.47	-1583.94	1336.86
Fixation L	1	5	1720453302	1720766779	313477	816.44	419.03	12	23	-1	14.82	14.82
Fixation R	1	5	1720453302	1720766779	313477	816.44	419.03	12	23	-1	16.24	16.24
Saccade L	1	5	1720766779	1720803525	36746	816.01	412.73	915.81	425.61	2.12	113.75	0.35	57.57	4751.72	-4300.34	3165.69
Saccade R	1	5	1720766779	1720803525	36746	816.01	412.73	915.81	425.61	2.12	113.75	0.35	57.57	4751.72	-4300.34	3165.69
Fixation L	1	6	1720803525	1721141692	338167	920.68	418.78	17	23	-1	14.88	14.88
Fixation R	1	6	1720803525	1721141692	338167	920.68	418.78	17	23	-1	16.28	16.28
Saccade L	1	6	1721141692	1721177634	35942	924.32	416.71	1034.91	422.60	2.40	128.32	0.39	66.84	5494.75	-4911.20	3727.60
Saccade R	1	6	1721141692	1721177634	35942	924.32	416.71	1034.91	422.60	2.40	128.32	0.39	66.84	5494.75	-4911.20	3727.60
Fixation L	1	7	1721177634	1721648367	470733	1047.18	428.35	37	28	-1	14.71	14.71
Fixation R	1	7	1721177634	1721648367	470733	1047.18	428.35	37	28	-1	16.11	16.11
Saccade L	1	7	1721648367	1721679873	31506	1062.39	437.82	1144.90	438.75	1.70	96.86	0.37	53.89	3969.23	-3835.59	2843.31
Saccade R	1	7	1721648367	1721679873	31506	1062.39	437.82	1144.90	438.75	1.70	96.86	0.37	53.89	3969.23	-3835.59	2843.31
Fixation L	1	8	1721679873	1722410211	730338	1134.19	431.16	1161	445	-1	14.60	14.60
Fixation R	1	8	1721679873	1722410211	730338	1134.19	431.16	1161	445	-1	16.06	16.06
Saccade L	1	8	1722410211	1722468206	57995	1159.58	438.15	853.96	951.73	13.34	425.13	0.34	229.98	18756.32	-13994.82	11281.56
Saccade R	1	8	1722410211	1722468206	57995	1159.58	438.15	853.96	951.73	13.34	425.13	0.34	229.98	18756.32	-13994.82	11281.56
Fixation L	1	9	1722468206	1722668358	200152	850.45	946.61	33	22	-1	15.49	15.49
Fixation R	1	9	1722468206	1722668358	200152	850.45	946.61	33	22	-1	16.93	16.93
Saccade L	1	9	1722668358	1722696340	27982	870.18	946.96	868.02	902.24	0.97	51.53	0.50	34.73	1938.63	-1523.24	1277.38
Saccade R	1	9	1722668358	1722696340	27982	870.18	946.96	868.02	902.24	0.97	51.53	0.50	34.73	1938.63	-1523.24	1277.38
Fixation L	1	10	1722696340	1722962436	266096	887.76	929.96	30	50	-1	15.03	15.03
Fixation R	1	10	1722696340	1722962436	266096	887.76	929.96	30	50	-1	16.44	16.44
