[BeGaze]
Converted from:	C:\Program Files\SMI\Experiment Suite 360\Experiment Center 2\Results\RC-Attachment-Exp\P22-eye_data.idf
Date:	18.03.2012 20:17:46
Version:	BeGaze 3.0.181
Sample Rate:	500
Subject:	P22
Description:	Run27

Table Header for Fixations:
Event Type	Trial	Number	Start	End	Duration	Location X	Location Y	Dispersion X	Dispersion Y	Plane	Avg. Pupil Size X	Avg. Pupil Size Y

Table Header for Saccades:
Event Type	Trial	Number	Start	End	Duration	Start Loc.X	Start Loc.Y	End Loc.X	End Loc.Y	Amplitude	Peak Speed	Peak Speed At	Average Speed	Peak Accel.	Peak Decel.	Average Accel.

Table Header for Blinks:
Event Type	Trial	Number	Start	End	Duration

Table Header for User Events:
Event Type	Trial	Number	Start	Description

UserEvent	1	1	2500545433	# Message: Questionnaire22.jpg
Fixation L	1	1	2500547581	2500681644	134063	891.74	960.01	38	22	-1	8.69	8.69
Fixation R	1	1	2500547581	2500681644	134063	891.74	960.01	38	22	-1	9.18	9.18
Saccade L	1	1	2500681644	2500746094	64450	904.27	973.75	803.22	590.29	18.07	709.25	0.51	280.45	28083.23	-28598.08	19371.28
Saccade R	1	1	2500681644	2500746094	64450	904.27	973.75	803.22	590.29	18.07	709.25	0.51	280.45	28083.23	-28598.08	19371.28
Fixation L	1	2	2500746094	2500897763	151669	793.33	567.50	17	32	-1	8.64	8.64
Fixation R	1	2	2500746094	2500897763	151669	793.33	567.50	17	32	-1	8.90	8.90
Saccade L	1	2	2500897763	2500951764	54001	796.16	573.56	463.23	438.51	8.12	362.39	0.33	150.28	15693.85	-14681.87	8950.80
Saccade R	1	2	2500897763	2500951764	54001	796.16	573.56	463.23	438.51	8.12	362.39	0.33	150.28	15693.85	-14681.87	8950.80
Saccade L	1	3	2500993761	2501015979	22218	464.56	443.25	452.23	400.35	0.90	66.30	0.45	40.56	2283.26	-2466.73	1676.29
Saccade R	1	3	2500993761	2501015979	22218	464.56	443.25	452.23	400.35	0.90	66.30	0.45	40.56	2283.26	-2466.73	1676.29
Fixation L	1	3	2501015979	2501161887	145908	462.24	403.05	27	15	-1	8.56	8.56
Fixation R	1	3	2501015979	2501161887	145908	462.24	403.05	27	15	-1	8.67	8.67
Saccade L	1	4	2501161887	2501189877	27990	467.31	397.40	551.79	406.09	1.85	125.39	0.50	66.25	4619.68	-4593.28	3342.86
Saccade R	1	4	2501161887	2501189877	27990	467.31	397.40	551.79	406.09	1.85	125.39	0.50	66.25	4619.68	-4593.28	3342.86
Fixation L	1	4	2501189877	2501335998	146121	561.60	399.10	14	14	-1	8.80	8.80
Fixation R	1	4	2501189877	2501335998	146121	561.60	399.10	14	14	-1	8.80	8.80
Saccade L	1	5	2501335998	2501364733	28735	562.72	398.72	667.48	388.80	2.43	163.12	0.49	84.72	6700.56	-6181.19	4659.49
Saccade R	1	5	2501335998	2501364733	28735	562.72	398.72	667.48	388.80	2.43	163.12	0.49	84.72	6700.56	-6181.19	4659.49
Fixation L	1	5	2501364733	2501543991	179258	686.71	389.56	27	23	-1	8.98	8.98
Fixation R	1	5	2501364733	2501543991	179258	686.71	389.56	27	23	-1	8.99	8.99
Saccade L	1	6	2501543991	2501573988	29997	687.30	388.31	688.06	396.22	6.51	255.32	0.67	217.00	12242.70	-12225.64	9601.34
Saccade R	1	6	2501543991	2501573988	29997	687.30	388.31	688.06	396.22	6.51	255.32	0.67	217.00	12242.70	-12225.64	9601.34
Saccade L	1	7	2501587986	2501612116	24130	688.71	389.91	774.29	399.45	1.84	138.24	0.50	76.18	5403.65	-4631.10	3544.92
Saccade R	1	7	2501587986	2501612116	24130	688.71	389.91	774.29	399.45	1.84	138.24	0.50	76.18	5403.65	-4631.10	3544.92
Fixation L	1	6	2501612116	2501793020	180904	777.54	389.08	46	20	-1	9.10	9.10
Fixation R	1	6	2501612116	2501793020	180904	777.54	389.08	46	20	-1	9.15	9.15
Saccade L	1	8	2501793020	2501834127	41107	800.93	394.14	454.96	480.21	8.39	444.36	0.44	204.03	19313.93	-18963.42	13648.91
Saccade R	1	8	2501793020	2501834127	41107	800.93	394.14	454.96	480.21	8.39	444.36	0.44	204.03	19313.93	-18963.42	13648.91
Fixation L	1	7	2501834127	2502638458	804331	438.91	490.73	44	25	-1	9.27	9.27
Fixation R	1	7	2501834127	2502638458	804331	438.91	490.73	44	25	-1	9.34	9.34
UserEvent	1	49	2502452614	# Message: UE-mouseclick left x=419 y=430
Saccade L	1	9	2502638458	2502669386	30928	445.24	492.51	424.76	550.86	1.57	88.50	0.53	50.82	3085.88	-3568.82	2365.82
Saccade R	1	9	2502638458	2502669386	30928	445.24	492.51	424.76	550.86	1.57	88.50	0.53	50.82	3085.88	-3568.82	2365.82
Fixation L	1	8	2502669386	2502832597	163211	426.71	555.68	24	10	-1	9.10	9.10
Fixation R	1	8	2502669386	2502832597	163211	426.71	555.68	24	10	-1	9.20	9.20
Saccade L	1	10	2502832597	2502854762	22165	425.68	558.12	455.18	572.18	0.73	46.54	0.54	33.11	1463.59	-1885.63	1126.08
Saccade R	1	10	2502832597	2502854762	22165	425.68	558.12	455.18	572.18	0.73	46.54	0.54	33.11	1463.59	-1885.63	1126.08
Fixation L	1	9	2502854762	2502914603	59841	451.17	573.85	19	5	-1	8.93	8.93
Fixation R	1	9	2502854762	2502914603	59841	451.17	573.85	19	5	-1	9.14	9.14
Blink L	1	1	2503773041	2503899039	125998
Blink R	1	1	2503773041	2503899039	125998
UserEvent	1	83	2503788516	# Message: UE-mouseclick left x=416 y=531
