[BeGaze]
Converted from:	C:\Program Files\SMI\Experiment Suite 360\Experiment Center 2\Results\RC-Attachment-Exp\P08-eye_data.idf
Date:	18.03.2012 20:07:05
Version:	BeGaze 3.0.181
Sample Rate:	500
Subject:	P08
Description:	Run13

Table Header for Fixations:
Event Type	Trial	Number	Start	End	Duration	Location X	Location Y	Dispersion X	Dispersion Y	Plane	Avg. Pupil Size X	Avg. Pupil Size Y

Table Header for Saccades:
Event Type	Trial	Number	Start	End	Duration	Start Loc.X	Start Loc.Y	End Loc.X	End Loc.Y	Amplitude	Peak Speed	Peak Speed At	Average Speed	Peak Accel.	Peak Decel.	Average Accel.

Table Header for Blinks:
Event Type	Trial	Number	Start	End	Duration

Table Header for User Events:
Event Type	Trial	Number	Start	Description

UserEvent	1	1	11707439560	# Message: Dist-orcop-9.jpg
Fixation L	1	1	11707441638	11707987127	545489	486.36	473.95	29	32	-1	13.29	13.29
Fixation R	1	1	11707441638	11707987127	545489	486.36	473.95	29	32	-1	12.74	12.74
Saccade L	1	1	11707987127	11708029124	41997	483.70	458.71	549.21	470.99	1.58	62.15	0.62	37.61	1564.13	-2488.13	1444.32
Saccade R	1	1	11707987127	11708029124	41997	483.70	458.71	549.21	470.99	1.58	62.15	0.62	37.61	1564.13	-2488.13	1444.32
Fixation L	1	2	11708029124	11708449240	420116	573.27	484.29	92	27	-1	14.22	14.22
Fixation R	1	2	11708029124	11708449240	420116	573.27	484.29	92	27	-1	13.63	13.63
Saccade L	1	2	11708449240	11708481242	32002	613.46	488.46	674.18	506.92	1.36	69.47	0.44	42.40	2800.29	-2157.69	1727.96
Saccade R	1	2	11708449240	11708481242	32002	613.46	488.46	674.18	506.92	1.36	69.47	0.44	42.40	2800.29	-2157.69	1727.96
Fixation L	1	3	11708481242	11708634182	152940	680.10	491.07	12	34	-1	13.93	13.93
Fixation R	1	3	11708481242	11708634182	152940	680.10	491.07	12	34	-1	13.58	13.58
Saccade L	1	3	11708634182	11708667374	33192	685.93	488.58	731.58	503.96	1.12	48.31	0.40	33.76	1741.48	-1639.61	1213.79
Saccade R	1	3	11708634182	11708667374	33192	685.93	488.58	731.58	503.96	1.12	48.31	0.40	33.76	1741.48	-1639.61	1213.79
Fixation L	1	4	11708667374	11709063744	396370	740.10	490.21	40	44	-1	13.52	13.52
Fixation R	1	4	11708667374	11709063744	396370	740.10	490.21	40	44	-1	13.06	13.06
Saccade L	1	4	11709063744	11709097636	33892	756.99	466.86	832.62	474.50	1.64	83.54	0.41	48.31	3230.64	-3038.09	2281.98
Saccade R	1	4	11709063744	11709097636	33892	756.99	466.86	832.62	474.50	1.64	83.54	0.41	48.31	3230.64	-3038.09	2281.98
Fixation L	1	5	11709097636	11709595842	498206	838.54	485.29	35	28	-1	13.45	13.45
Fixation R	1	5	11709097636	11709595842	498206	838.54	485.29	35	28	-1	12.97	12.97
Saccade L	1	5	11709595842	11709626144	30302	849.39	478.65	920.41	486.57	1.52	86.79	0.40	50.30	3529.42	-3058.34	2321.77
Saccade R	1	5	11709595842	11709626144	30302	849.39	478.65	920.41	486.57	1.52	86.79	0.40	50.30	3529.42	-3058.34	2321.77
Fixation L	1	6	11709626144	11709987969	361825	935.73	487.08	49	21	-1	13.92	13.92
Fixation R	1	6	11709626144	11709987969	361825	935.73	487.08	49	21	-1	13.31	13.31
Saccade L	1	6	11709987969	11710022353	34384	944.79	479.16	1016.54	477.26	1.67	103.99	0.29	48.61	3522.59	-3566.77	2326.73
Saccade R	1	6	11709987969	11710022353	34384	944.79	479.16	1016.54	477.26	1.67	103.99	0.29	48.61	3522.59	-3566.77	2326.73
Fixation L	1	7	11710022353	11710156109	133756	1024.10	480.68	14	19	-1	14.08	14.08
Fixation R	1	7	11710022353	11710156109	133756	1024.10	480.68	14	19	-1	13.46	13.46
Saccade L	1	7	11710156109	11710182218	26109	1027.37	479.22	1077.78	483.61	1.04	57.99	0.38	39.69	2167.05	-2067.72	1484.07
Saccade R	1	7	11710156109	11710182218	26109	1027.37	479.22	1077.78	483.61	1.04	57.99	0.38	39.69	2167.05	-2067.72	1484.07
Fixation L	1	8	11710182218	11710416100	233882	1080.49	479.21	22	37	-1	13.87	13.87
Fixation R	1	8	11710182218	11710416100	233882	1080.49	479.21	22	37	-1	13.34	13.34
Saccade L	1	8	11710416100	11710438360	22260	1064.08	466.43	1112.82	470.82	1.01	73.69	0.46	45.45	2431.92	-2707.85	1689.09
Saccade R	1	8	11710416100	11710438360	22260	1064.08	466.43	1112.82	470.82	1.01	73.69	0.46	45.45	2431.92	-2707.85	1689.09
Fixation L	1	9	11710438360	11710954470	516110	1124.45	470.56	18	20	-1	13.94	13.94
Fixation R	1	9	11710438360	11710954470	516110	1124.45	470.56	18	20	-1	13.33	13.33
Saccade L	1	9	11710954470	11711032457	77987	1120.30	477.77	971.17	917.36	10.50	236.14	0.28	134.58	9923.45	-4633.12	4770.85
Saccade R	1	9	11710954470	11711032457	77987	1120.30	477.77	971.17	917.36	10.50	236.14	0.28	134.58	9923.45	-4633.12	4770.85
Fixation L	1	10	11711032457	11711168492	136035	971.16	911.00	20	25	-1	14.79	14.79
Fixation R	1	10	11711032457	11711168492	136035	971.16	911.00	20	25	-1	14.04	14.04
Saccade L	1	10	11711168492	11711198577	30085	964.62	909.72	923.46	959.95	1.47	83.79	0.40	48.83	3152.22	-3365.12	2349.27
Saccade R	1	10	11711168492	11711198577	30085	964.62	909.72	923.46	959.95	1.47	83.79	0.40	48.83	3152.22	-3365.12	2349.27
Fixation L	1	11	11711198577	11711469157	270580	934.95	950.54	38	29	-1	14.84	14.84
Fixation R	1	11	11711198577	11711469157	270580	934.95	950.54	38	29	-1	14.25	14.25
Saccade L	1	11	11711469157	11711492687	23530	949.08	948.08	913.23	953.46	0.74	43.68	0.49	31.51	1702.89	-1409.89	1082.38
Saccade R	1	11	11711469157	11711492687	23530	949.08	948.08	913.23	953.46	0.74	43.68	0.49	31.51	1702.89	-1409.89	1082.38
