[BeGaze]
Converted from:	C:\Program Files\SMI\Experiment Suite 360\Experiment Center 2\Results\RC-Attachment-Exp\P01-eye_data.idf
Date:	24.02.2012 09:57:14
Version:	BeGaze 3.0.181
Sample Rate:	500
Subject:	P01
Description:	Run1

Table Header for Fixations:
Event Type	Trial	Number	Start	End	Duration	Location X	Location Y	Dispersion X	Dispersion Y	Plane	Avg. Pupil Size X	Avg. Pupil Size Y

Table Header for Saccades:
Event Type	Trial	Number	Start	End	Duration	Start Loc.X	Start Loc.Y	End Loc.X	End Loc.Y	Amplitude	Peak Speed	Peak Speed At	Average Speed	Peak Accel.	Peak Decel.	Average Accel.

Table Header for Blinks:
Event Type	Trial	Number	Start	End	Duration

Table Header for User Events:
Event Type	Trial	Number	Start	Description

UserEvent	1	1	1783037215	# Message: int-2.jpg
Fixation L	1	1	1783048746	1783442404	393658	484.92	472.45	55	27	-1	12.21	12.21
Fixation R	1	1	1783048746	1783442404	393658	484.92	472.45	55	27	-1	12.56	12.56
Saccade L	1	1	1783442404	1783499348	56944	486.29	475.61	596.62	475.93	2.63	106.83	0.39	46.14	4281.17	-3757.97	2531.72
Saccade R	1	1	1783442404	1783499348	56944	486.29	475.61	596.62	475.93	2.63	106.83	0.39	46.14	4281.17	-3757.97	2531.72
Fixation L	1	2	1783499348	1783718525	219177	591.10	473.42	15	11	-1	12.37	12.37
Fixation R	1	2	1783499348	1783718525	219177	591.10	473.42	15	11	-1	12.63	12.63
Blink L	1	1	1783718525	1783868640	150115
Blink R	1	1	1783718525	1783868640	150115
Saccade L	1	2	1783872640	1783930639	57999	558.29	387.58	562.86	433.16	1.44	45.97	0.24	24.79	1413.57	-1151.85	596.45
Saccade R	1	2	1783872640	1783930639	57999	558.29	387.58	562.86	433.16	1.44	45.97	0.24	24.79	1413.57	-1151.85	596.45
Fixation L	1	3	1783930639	1784006826	76187	555.01	425.80	23	11	-1	12.50	12.50
Fixation R	1	3	1783930639	1784006826	76187	555.01	425.80	23	11	-1	12.57	12.57
Saccade L	1	3	1784006826	1784049668	42842	544.10	422.35	578.53	386.49	1.31	40.41	0.57	30.67	1065.58	-582.86	469.16
Saccade R	1	3	1784006826	1784049668	42842	544.10	422.35	578.53	386.49	1.31	40.41	0.57	30.67	1065.58	-582.86	469.16
Saccade L	1	4	1784049668	1784092794	43126	578.53	386.49	556.98	359.81	1.67	91.86	0.58	38.79	2150.43	-3415.46	1777.71
Saccade R	1	4	1784049668	1784092794	43126	578.53	386.49	556.98	359.81	1.67	91.86	0.58	38.79	2150.43	-3415.46	1777.71
Saccade L	1	5	1784107268	1784166760	59492	560.81	363.08	563.47	351.02	1.58	57.64	0.73	26.60	1129.68	-1939.70	952.34
Saccade R	1	5	1784107268	1784166760	59492	560.81	363.08	563.47	351.02	1.58	57.64	0.73	26.60	1129.68	-1939.70	952.34
Fixation L	1	4	1784166760	1784330878	164118	550.29	355.04	30	40	-1	12.94	12.94
Fixation R	1	4	1784166760	1784330878	164118	550.29	355.04	30	40	-1	12.93	12.93
Saccade L	1	6	1784330878	1784386874	55996	544.41	356.01	633.57	362.84	2.17	91.65	0.57	38.78	2579.47	-3580.37	1668.83
Saccade R	1	6	1784330878	1784386874	55996	544.41	356.01	633.57	362.84	2.17	91.65	0.57	38.78	2579.47	-3580.37	1668.83
Fixation L	1	5	1784386874	1784519480	132606	610.43	378.08	46	42	-1	13.21	13.21
Fixation R	1	5	1784386874	1784519480	132606	610.43	378.08	46	42	-1	13.19	13.19
Saccade L	1	7	1784519480	1784550867	31387	590.06	387.21	579.74	407.85	0.93	40.43	0.75	29.49	269.59	-119.47	130.09
Saccade R	1	7	1784519480	1784550867	31387	590.06	387.21	579.74	407.85	0.93	40.43	0.75	29.49	269.59	-119.47	130.09
Saccade L	1	8	1784550867	1784608991	58124	579.74	407.85	541.28	395.96	1.49	42.10	0.24	25.69	231.78	-699.26	305.08
Saccade R	1	8	1784550867	1784608991	58124	579.74	407.85	541.28	395.96	1.49	42.10	0.24	25.69	231.78	-699.26	305.08
Blink L	1	2	1784608991	1784911100	302109
Blink R	1	2	1784608991	1784911100	302109
Saccade L	1	9	1784943107	1784979316	36209	838.51	479.89	817.91	448.00	0.92	43.68	0.61	25.41	1662.67	-1081.01	920.19
Saccade R	1	9	1784943107	1784979316	36209	838.51	479.89	817.91	448.00	0.92	43.68	0.61	25.41	1662.67	-1081.01	920.19
Saccade L	1	10	1784979316	1785029091	49775	817.91	448.00	826.64	454.84	1.44	57.96	0.28	28.90	1119.78	-1278.32	751.40
Saccade R	1	10	1784979316	1785029091	49775	817.91	448.00	826.64	454.84	1.44	57.96	0.28	28.90	1119.78	-1278.32	751.40
Fixation L	1	6	1785029091	1785113683	84592	824.31	457.41	21	38	-1	12.83	12.83
Fixation R	1	6	1785029091	1785113683	84592	824.31	457.41	21	38	-1	12.79	12.79
Saccade L	1	11	1785113683	1785169228	55545	814.57	449.67	900.99	498.25	2.25	94.95	0.28	40.54	3767.44	-3103.34	1966.88
Saccade R	1	11	1785113683	1785169228	55545	814.57	449.67	900.99	498.25	2.25	94.95	0.28	40.54	3767.44	-3103.34	1966.88
Fixation L	1	7	1785169228	1785359329	190101	901.93	468.43	19	66	-1	12.63	12.63
Fixation R	1	7	1785169228	1785359329	190101	901.93	468.43	19	66	-1	12.66	12.66
Saccade L	1	12	1785359329	1785433341	74012	907.21	471.05	903.42	441.53	2.24	85.06	0.43	30.25	2396.47	-2411.56	1134.21
Saccade R	1	12	1785359329	1785433341	74012	907.21	471.05	903.42	441.53	2.24	85.06	0.43	30.25	2396.47	-2411.56	1134.21
Saccade L	1	13	1785439332	1785501331	61999	905.73	446.28	944.25	503.26	1.59	56.78	0.32	25.72	2171.19	-2050.26	1075.55
Saccade R	1	13	1785439332	1785501331	61999	905.73	446.28	944.25	503.26	1.59	56.78	0.32	25.72	2171.19	-2050.26	1075.55
Fixation L	1	8	1785501331	1785677448	176117	930.07	488.00	30	37	-1	12.58	12.58
Fixation R	1	8	1785501331	1785677448	176117	930.07	488.00	30	37	-1	12.63	12.63
Saccade L	1	14	1785677448	1785717451	40003	926.35	476.57	869.34	433.50	1.57	77.35	0.30	39.20	2777.00	-2827.82	1916.72
Saccade R	1	14	1785677448	1785717451	40003	926.35	476.57	869.34	433.50	1.57	77.35	0.30	39.20	2777.00	-2827.82	1916.72
Fixation L	1	9	1785717451	1785960537	243086	869.14	446.67	8	25	-1	12.69	12.69
Fixation R	1	9	1785717451	1785960537	243086	869.14	446.67	8	25	-1	12.66	12.66
Saccade L	1	15	1785960537	1785999564	39027	868.30	458.77	963.24	445.60	2.08	119.63	0.40	53.34	4911.30	-4675.72	3289.27
Saccade R	1	15	1785960537	1785999564	39027	868.30	458.77	963.24	445.60	2.08	119.63	0.40	53.34	4911.30	-4675.72	3289.27
Fixation L	1	10	1785999564	1786221678	222114	968.18	463.83	20	32	-1	12.81	12.81
Fixation R	1	10	1785999564	1786221678	222114	968.18	463.83	20	32	-1	12.73	12.73
Saccade L	1	16	1786221678	1786258285	36607	963.21	469.40	1017.27	480.77	1.23	69.75	0.38	33.55	2900.64	-2480.38	1822.15
Saccade R	1	16	1786221678	1786258285	36607	963.21	469.40	1017.27	480.77	1.23	69.75	0.38	33.55	2900.64	-2480.38	1822.15
Fixation L	1	11	1786258285	1786491794	233509	1023.22	493.28	15	21	-1	12.58	12.58
Fixation R	1	11	1786258285	1786491794	233509	1023.22	493.28	15	21	-1	12.64	12.64
Saccade L	1	17	1786491794	1786536500	44706	1017.93	494.81	1079.67	514.57	1.57	71.21	0.45	35.15	2894.91	-2544.77	1907.40
Saccade R	1	17	1786491794	1786536500	44706	1017.93	494.81	1079.67	514.57	1.57	71.21	0.45	35.15	2894.91	-2544.77	1907.40
Fixation L	1	12	1786536500	1786625791	89291	1075.40	519.28	12	12	-1	12.56	12.56
Fixation R	1	12	1786536500	1786625791	89291	1075.40	519.28	12	12	-1	12.67	12.67
Saccade L	1	18	1786625791	1786706239	80448	1074.72	523.02	1041.68	447.15	39.79	2104.67	0.35	494.62	66955.27	-38331.26	26134.42
Saccade R	1	18	1786625791	1786706239	80448	1074.72	523.02	1041.68	447.15	39.79	2104.67	0.35	494.62	66955.27	-38331.26	26134.42
Saccade L	1	19	1786713782	1786767922	54140	1048.66	450.19	1068.50	520.85	1.80	70.36	0.37	33.23	2759.79	-2083.49	1551.99
Saccade R	1	19	1786713782	1786767922	54140	1048.66	450.19	1068.50	520.85	1.80	70.36	0.37	33.23	2759.79	-2083.49	1551.99
Fixation L	1	13	1786767922	1787136021	368099	1065.58	518.07	19	20	-1	12.84	12.84
Fixation R	1	13	1786767922	1787136021	368099	1065.58	518.07	19	20	-1	12.80	12.80
Saccade L	1	20	1787136021	1787166018	29997	1061.25	520.09	1110.00	542.91	1.10	70.15	0.41	36.73	2441.04	-2701.39	1760.62
Saccade R	1	20	1787136021	1787166018	29997	1061.25	520.09	1110.00	542.91	1.10	70.15	0.41	36.73	2441.04	-2701.39	1760.62
Fixation L	1	14	1787166018	1787754250	588232	1122.21	541.77	39	17	-1	12.73	12.73
Fixation R	1	14	1787166018	1787754250	588232	1122.21	541.77	39	17	-1	12.72	12.72
Saccade L	1	21	1787754250	1787806380	52130	1129.17	532.52	1071.01	509.12	2.03	98.08	0.50	38.89	3905.73	-3819.02	2454.45
Saccade R	1	21	1787754250	1787806380	52130	1129.17	532.52	1071.01	509.12	2.03	98.08	0.50	38.89	3905.73	-3819.02	2454.45
Fixation L	1	15	1787806380	1787953111	146731	1065.86	514.65	16	20	-1	12.85	12.85
Fixation R	1	15	1787806380	1787953111	146731	1065.86	514.65	16	20	-1	12.80	12.80
Saccade L	1	22	1787953111	1787988365	35254	1074.10	527.43	1117.05	544.14	1.00	51.99	0.38	28.26	1955.12	-1775.49	1299.25
Saccade R	1	22	1787953111	1787988365	35254	1074.10	527.43	1117.05	544.14	1.00	51.99	0.38	28.26	1955.12	-1775.49	1299.25
Fixation L	1	16	1787988365	1788431536	443171	1112.56	546.10	18	18	-1	12.96	12.96
Fixation R	1	16	1787988365	1788431536	443171	1112.56	546.10	18	18	-1	12.87	12.87
Saccade L	1	23	1788431536	1788459030	27494	1106.05	541.82	1123.72	582.42	0.98	60.69	0.48	35.49	2233.79	-712.23	972.17
Saccade R	1	23	1788431536	1788459030	27494	1106.05	541.82	1123.72	582.42	0.98	60.69	0.48	35.49	2233.79	-712.23	972.17
Saccade L	1	24	1788459030	1788480593	21563	1123.72	582.42	1152.81	590.80	0.74	61.06	0.35	34.40	274.52	-1746.41	816.68
Saccade R	1	24	1788459030	1788480593	21563	1123.72	582.42	1152.81	590.80	0.74	61.06	0.35	34.40	274.52	-1746.41	816.68
Fixation L	1	17	1788480593	1788820848	340255	1126.60	555.39	41	53	-1	13.15	13.15
Fixation R	1	17	1788480593	1788820848	340255	1126.60	555.39	41	53	-1	13.09	13.09
Saccade L	1	25	1788820848	1788861015	40167	1133.01	545.58	1102.57	588.28	1.15	43.55	0.55	28.74	1587.71	-1627.21	1164.40
Saccade R	1	25	1788820848	1788861015	40167	1133.01	545.58	1102.57	588.28	1.15	43.55	0.55	28.74	1587.71	-1627.21	1164.40
Fixation L	1	18	1788861015	1788926833	65818	1104.15	579.70	7	20	-1	13.38	13.38
Fixation R	1	18	1788861015	1788926833	65818	1104.15	579.70	7	20	-1	13.24	13.24
Saccade L	1	26	1788944970	1789038827	93857	1114.53	559.67	853.77	851.17	8.87	158.19	0.39	94.49	5478.22	-3253.80	2382.53
Saccade R	1	26	1788944970	1789038827	93857	1114.53	559.67	853.77	851.17	8.87	158.19	0.39	94.49	5478.22	-3253.80	2382.53
Fixation L	1	19	1789038827	1789230941	192114	850.57	844.35	16	16	-1	13.10	13.10
Fixation R	1	19	1789038827	1789230941	192114	850.57	844.35	16	16	-1	12.86	12.86
Saccade L	1	27	1789230941	1789259271	28330	843.46	839.89	786.57	833.34	1.34	92.15	0.42	47.43	3719.08	-3604.86	2612.21
Saccade R	1	27	1789230941	1789259271	28330	843.46	839.89	786.57	833.34	1.34	92.15	0.42	47.43	3719.08	-3604.86	2612.21
Fixation L	1	20	1789259271	1789372941	113670	788.71	833.13	10	6	-1	13.20	13.20
Fixation R	1	20	1789259271	1789372941	113670	788.71	833.13	10	6	-1	13.01	13.01
Saccade L	1	28	1789372941	1789407075	34134	786.62	831.34	964.74	861.55	4.21	243.33	0.50	123.32	10673.48	-10663.86	7847.58
Saccade R	1	28	1789372941	1789407075	34134	786.62	831.34	964.74	861.55	4.21	243.33	0.50	123.32	10673.48	-10663.86	7847.58
Fixation L	1	21	1789407075	1790063291	656216	955.02	850.86	52	22	-1	13.48	13.48
Fixation R	1	21	1789407075	1790063291	656216	955.02	850.86	52	22	-1	13.39	13.39
Saccade L	1	29	1790063291	1790118548	55257	948.42	844.48	969.82	1013.76	3.77	169.27	0.65	68.24	6747.02	-6627.51	3977.99
Saccade R	1	29	1790063291	1790118548	55257	948.42	844.48	969.82	1013.76	3.77	169.27	0.65	68.24	6747.02	-6627.51	3977.99
Saccade L	1	30	1790169282	1790203413	34131	969.36	933.54	958.02	1029.83	1.57	93.25	0.61	45.88	2252.38	-2754.42	1864.59
Saccade R	1	30	1790169282	1790203413	34131	969.36	933.54	958.02	1029.83	1.57	93.25	0.61	45.88	2252.38	-2754.42	1864.59
Saccade L	1	31	1790231414	1790283399	51985	966.49	1034.20	968.29	1031.61	1.34	46.95	0.77	25.84	1090.84	-1677.21	799.34
Saccade R	1	31	1790231414	1790283399	51985	966.49	1034.20	968.29	1031.61	1.34	46.95	0.77	25.84	1090.84	-1677.21	799.34
Saccade L	1	32	1790291419	1790361407	69988	967.62	1032.12	926.01	998.64	2.01	58.96	0.60	28.73	1438.93	-1512.01	881.38
Saccade R	1	32	1790291419	1790361407	69988	967.62	1032.12	926.01	998.64	2.01	58.96	0.60	28.73	1438.93	-1512.01	881.38
Fixation L	1	22	1790361407	1790628001	266594	928.11	997.06	21	18	-1	14.68	14.68
Fixation R	1	22	1790361407	1790628001	266594	928.11	997.06	21	18	-1	14.34	14.34
