[BeGaze]
Converted from:	C:\Program Files\SMI\Experiment Suite 360\Experiment Center 2\Results\RC-Attachment-Exp\P26-eye_data.idf
Date:	18.03.2012 20:21:07
Version:	BeGaze 3.0.181
Sample Rate:	500
Subject:	P26
Description:	Run31

Table Header for Fixations:
Event Type	Trial	Number	Start	End	Duration	Location X	Location Y	Dispersion X	Dispersion Y	Plane	Avg. Pupil Size X	Avg. Pupil Size Y

Table Header for Saccades:
Event Type	Trial	Number	Start	End	Duration	Start Loc.X	Start Loc.Y	End Loc.X	End Loc.Y	Amplitude	Peak Speed	Peak Speed At	Average Speed	Peak Accel.	Peak Decel.	Average Accel.

Table Header for Blinks:
Event Type	Trial	Number	Start	End	Duration

Table Header for User Events:
Event Type	Trial	Number	Start	Description

UserEvent	1	1	12592526428	# Message: Questionnaire6.jpg
Fixation L	1	1	12592529529	12592945497	415968	913.13	934.61	15	49	-1	11.73	11.73
Fixation R	1	1	12592529529	12592945497	415968	913.13	934.61	15	49	-1	11.32	11.32
Saccade L	1	1	12592945497	12593019536	74039	912.51	956.18	476.83	450.16	15.39	440.65	0.30	207.81	19134.32	-10077.91	9332.24
Saccade R	1	1	12592945497	12593019536	74039	912.51	956.18	476.83	450.16	15.39	440.65	0.30	207.81	19134.32	-10077.91	9332.24
Fixation L	1	2	12593019536	12593165608	146072	479.94	458.44	15	18	-1	11.37	11.37
Fixation R	1	2	12593019536	12593165608	146072	479.94	458.44	15	18	-1	11.12	11.12
Saccade L	1	2	12593165608	12593219622	54014	475.13	451.26	534.84	374.78	2.35	97.49	0.37	43.56	3800.52	-3249.85	1989.76
Saccade R	1	2	12593165608	12593219622	54014	475.13	451.26	534.84	374.78	2.35	97.49	0.37	43.56	3800.52	-3249.85	1989.76
Fixation L	1	3	12593219622	12593483722	264100	535.14	376.12	20	16	-1	11.09	11.09
Fixation R	1	3	12593219622	12593483722	264100	535.14	376.12	20	16	-1	10.76	10.76
Saccade L	1	3	12593483722	12593553726	70004	524.22	371.95	757.38	356.47	5.60	171.85	0.23	80.02	7738.04	-5785.62	3486.58
Saccade R	1	3	12593483722	12593553726	70004	524.22	371.95	757.38	356.47	5.60	171.85	0.23	80.02	7738.04	-5785.62	3486.58
Fixation L	1	4	12593553726	12593725859	172133	751.79	372.34	13	28	-1	11.09	11.09
Fixation R	1	4	12593553726	12593725859	172133	751.79	372.34	13	28	-1	10.72	10.72
Fixation L	1	5	12593755858	12593855848	99990	745.34	371.40	9	20	-1	11.15	11.15
Fixation R	1	5	12593755858	12593855848	99990	745.34	371.40	9	20	-1	10.70	10.70
Saccade L	1	4	12593855848	12593899844	43996	742.89	360.48	863.17	349.01	8.23	328.58	0.73	187.04	9859.09	-15028.69	8526.69
Saccade R	1	4	12593855848	12593899844	43996	742.89	360.48	863.17	349.01	8.23	328.58	0.73	187.04	9859.09	-15028.69	8526.69
Fixation L	1	6	12593899844	12594059944	160100	860.70	364.06	15	25	-1	10.99	10.99
Fixation R	1	6	12593899844	12594059944	160100	860.70	364.06	15	25	-1	10.59	10.59
Saccade L	1	5	12594059944	12594091953	32009	852.82	366.46	853.22	351.24	13.13	619.65	0.49	410.24	27461.11	-23682.57	19663.85
Saccade R	1	5	12594059944	12594091953	32009	852.82	366.46	853.22	351.24	13.13	619.65	0.49	410.24	27461.11	-23682.57	19663.85
Saccade L	1	6	12594109995	12594160032	50037	855.52	360.00	974.12	327.57	2.98	119.40	0.36	59.53	4963.48	-4185.49	2739.66
Saccade R	1	6	12594109995	12594160032	50037	855.52	360.00	974.12	327.57	2.98	119.40	0.36	59.53	4963.48	-4185.49	2739.66
Saccade L	1	7	12594264065	12594290060	25995	971.68	321.67	977.68	359.90	0.78	43.01	0.57	30.09	1546.67	-1263.53	999.94
Saccade R	1	7	12594264065	12594290060	25995	971.68	321.67	977.68	359.90	0.78	43.01	0.57	30.09	1546.67	-1263.53	999.94
Fixation L	1	7	12594290060	12594400055	109995	964.48	335.16	28	46	-1	10.81	10.81
Fixation R	1	7	12594290060	12594400055	109995	964.48	335.16	28	46	-1	10.52	10.52
Saccade L	1	8	12594456059	12594484177	28118	970.12	326.20	1018.61	335.47	1.03	55.27	0.36	36.49	2237.29	-2037.89	1508.83
Saccade R	1	8	12594456059	12594484177	28118	970.12	326.20	1018.61	335.47	1.03	55.27	0.36	36.49	2237.29	-2037.89	1508.83
Fixation L	1	8	12594484177	12594542180	58003	1019.20	326.24	26	18	-1	10.72	10.72
Fixation R	1	8	12594484177	12594542180	58003	1019.20	326.24	26	18	-1	10.46	10.46
Fixation L	1	9	12594576212	12594665661	89449	1012.31	315.54	14	14	-1	10.67	10.67
Fixation R	1	9	12594576212	12594665661	89449	1012.31	315.54	14	14	-1	10.36	10.36
Saccade L	1	9	12594665661	12594715843	50182	1013.19	314.20	1022.39	328.20	2.56	85.06	0.35	51.00	3333.56	-2858.73	2244.53
Saccade R	1	9	12594665661	12594715843	50182	1013.19	314.20	1022.39	328.20	2.56	85.06	0.35	51.00	3333.56	-2858.73	2244.53
Saccade L	1	10	12594758564	12594810310	51746	1012.30	319.22	1108.57	346.44	2.51	106.98	0.28	48.57	3999.87	-3151.68	2033.00
Saccade R	1	10	12594758564	12594810310	51746	1012.30	319.22	1108.57	346.44	2.51	106.98	0.28	48.57	3999.87	-3151.68	2033.00
Fixation L	1	10	12594856319	12594934293	77974	1097.72	334.95	26	32	-1	10.90	10.90
Fixation R	1	10	12594856319	12594934293	77974	1097.72	334.95	26	32	-1	10.60	10.60
Saccade L	1	11	12594934293	12595028412	94119	1094.36	339.00	510.78	453.25	16.96	462.65	0.41	180.20	16186.18	-17609.84	8076.94
Blink R	1	1	12594934293	12595064413	130120
Saccade L	1	12	12595028412	12595064413	36001	510.78	453.25	494.61	480.48	1.19	44.04	0.72	33.00	699.61	-1367.24	646.31
Blink R	1	2	12595092420	12595384524	292104
Fixation L	1	11	12595166409	12595360534	194125	444.25	451.03	28	47	-1	11.44	11.44
Blink L	1	1	12595360534	12595980761	620227
Fixation R	1	11	12595384524	12595762637	378113	0.00	0.00	0	0	-1	0.00	0.00
Saccade R	1	11	12595762637	12595980761	218124	0.00	0.00	441.71	462.27	124.10	1232.82	0.95	568.96	46902.63	-46594.62	32669.39
UserEvent	1	85	12595849355	# Message: UE-mouseclick left x=435 y=441
Fixation L	1	12	12595980761	12596259050	278289	443.21	470.46	35	38	-1	11.60	11.60
Fixation R	1	12	12595980761	12596259050	278289	443.21	470.46	35	38	-1	11.19	11.19
Saccade L	1	13	12596259050	12596290857	31807	432.69	459.57	457.32	532.67	1.69	97.48	0.31	53.24	2677.73	-3516.94	2206.37
Saccade R	1	12	12596259050	12596290857	31807	432.69	459.57	457.32	532.67	1.69	97.48	0.31	53.24	2677.73	-3516.94	2206.37
Fixation L	1	13	12596290857	12596569000	278143	463.10	532.45	41	37	-1	11.56	11.56
Fixation R	1	13	12596290857	12596569000	278143	463.10	532.45	41	37	-1	11.32	11.32
UserEvent	1	101	12596457310	# Message: UE-mouseclick left x=424 y=530
