[BeGaze]
Converted from:	C:\Program Files\SMI\Experiment Suite 360\Experiment Center 2\Results\RC-Attachment-Exp\P18-eye_data.idf
Date:	18.03.2012 20:14:17
Version:	BeGaze 3.0.181
Sample Rate:	500
Subject:	P18
Description:	Run23

Table Header for Fixations:
Event Type	Trial	Number	Start	End	Duration	Location X	Location Y	Dispersion X	Dispersion Y	Plane	Avg. Pupil Size X	Avg. Pupil Size Y

Table Header for Saccades:
Event Type	Trial	Number	Start	End	Duration	Start Loc.X	Start Loc.Y	End Loc.X	End Loc.Y	Amplitude	Peak Speed	Peak Speed At	Average Speed	Peak Accel.	Peak Decel.	Average Accel.

Table Header for Blinks:
Event Type	Trial	Number	Start	End	Duration

Table Header for User Events:
Event Type	Trial	Number	Start	Description

UserEvent	1	1	17480448076	# Message: Questionnaire25.jpg
Fixation L	1	1	17480460471	17480582614	122143	840.75	963.00	30	68	-1	9.89	9.89
Fixation R	1	1	17480460471	17480582614	122143	840.75	963.00	30	68	-1	10.21	10.21
Fixation L	1	2	17480600613	17480900701	300088	867.21	928.87	52	55	-1	9.91	9.91
Fixation R	1	2	17480600613	17480900701	300088	867.21	928.87	52	55	-1	10.30	10.30
Saccade L	1	1	17480900701	17480972712	72011	881.27	911.26	433.36	364.97	16.54	455.47	0.28	229.63	18988.21	-9591.14	9182.16
Saccade R	1	1	17480900701	17480972712	72011	881.27	911.26	433.36	364.97	16.54	455.47	0.28	229.63	18988.21	-9591.14	9182.16
Fixation L	1	3	17480972712	17481188990	216278	439.19	383.69	22	41	-1	9.81	9.81
Fixation R	1	3	17480972712	17481188990	216278	439.19	383.69	22	41	-1	9.95	9.95
Saccade L	1	2	17481188990	17481226798	37808	450.28	404.40	384.01	282.97	2.99	145.53	0.42	79.16	6248.28	-5503.09	4171.75
Saccade R	1	2	17481188990	17481226798	37808	450.28	404.40	384.01	282.97	2.99	145.53	0.42	79.16	6248.28	-5503.09	4171.75
Fixation L	1	4	17481226798	17481414919	188121	401.05	280.83	34	15	-1	10.02	10.02
Fixation R	1	4	17481226798	17481414919	188121	401.05	280.83	34	15	-1	10.26	10.26
Saccade L	1	3	17481414919	17481454939	40020	397.14	275.09	519.92	320.10	2.92	170.84	0.40	73.04	7118.78	-6353.29	4365.01
Saccade R	1	3	17481414919	17481454939	40020	397.14	275.09	519.92	320.10	2.92	170.84	0.40	73.04	7118.78	-6353.29	4365.01
Fixation L	1	5	17481454939	17481705046	250107	532.69	321.95	42	33	-1	10.18	10.18
Fixation R	1	5	17481454939	17481705046	250107	532.69	321.95	42	33	-1	10.45	10.45
Saccade L	1	4	17481705046	17481737031	31985	539.82	315.99	600.68	354.85	1.59	88.55	0.31	49.84	2778.85	-3004.82	2078.17
Saccade R	1	4	17481705046	17481737031	31985	539.82	315.99	600.68	354.85	1.59	88.55	0.31	49.84	2778.85	-3004.82	2078.17
Fixation L	1	6	17481737031	17481897157	160126	607.05	347.56	20	46	-1	10.15	10.15
Fixation R	1	6	17481737031	17481897157	160126	607.05	347.56	20	46	-1	10.39	10.39
Saccade L	1	5	17481897157	17481929153	31996	601.57	317.71	669.88	374.08	1.92	117.41	0.46	60.13	4840.27	-4414.53	3332.00
Saccade R	1	5	17481897157	17481929153	31996	601.57	317.71	669.88	374.08	1.92	117.41	0.46	60.13	4840.27	-4414.53	3332.00
Fixation L	1	7	17481929153	17482111267	182114	675.65	379.37	20	30	-1	10.24	10.24
Fixation R	1	7	17481929153	17482111267	182114	675.65	379.37	20	30	-1	10.51	10.51
Saccade L	1	6	17482111267	17482135269	24002	685.65	387.78	653.86	376.28	0.70	40.44	0.42	29.37	1565.86	-1222.97	964.36
Saccade R	1	6	17482111267	17482135269	24002	685.65	387.78	653.86	376.28	0.70	40.44	0.42	29.37	1565.86	-1222.97	964.36
Fixation L	1	8	17482135269	17482213264	77995	661.31	359.70	10	29	-1	10.20	10.20
Fixation R	1	8	17482135269	17482213264	77995	661.31	359.70	10	29	-1	10.44	10.44
Saccade L	1	7	17482213264	17482291259	77995	662.22	356.17	814.57	316.16	19.08	736.28	0.41	244.58	31135.38	-26388.24	13905.12
Saccade R	1	7	17482213264	17482291259	77995	662.22	356.17	814.57	316.16	19.08	736.28	0.41	244.58	31135.38	-26388.24	13905.12
Fixation L	1	9	17482291259	17482507429	216170	820.61	323.99	24	31	-1	10.27	10.27
Fixation R	1	9	17482291259	17482507429	216170	820.61	323.99	24	31	-1	10.53	10.53
Saccade L	1	8	17482507429	17482539375	31946	835.92	304.62	911.23	323.19	1.94	123.70	0.56	60.76	4664.10	-4819.94	3343.11
Saccade R	1	8	17482507429	17482539375	31946	835.92	304.62	911.23	323.19	1.94	123.70	0.56	60.76	4664.10	-4819.94	3343.11
Fixation L	1	10	17482539375	17482632193	92818	909.56	329.35	15	21	-1	10.39	10.39
Fixation R	1	10	17482539375	17482632193	92818	909.56	329.35	15	21	-1	10.64	10.64
Blink L	1	1	17482632193	17482715515	83322
Blink R	1	1	17482632193	17482715515	83322
Fixation L	1	11	17482735520	17483051601	316081	914.49	360.16	27	33	-1	10.37	10.37
Fixation R	1	11	17482735520	17483051601	316081	914.49	360.16	27	33	-1	10.70	10.70
Fixation L	1	12	17483065601	17483201723	136122	906.03	362.03	24	46	-1	10.58	10.58
Fixation R	1	12	17483065601	17483201723	136122	906.03	362.03	24	46	-1	10.84	10.84
Saccade L	1	9	17483201723	17483231718	29995	894.47	334.73	853.96	342.61	0.92	42.76	0.53	30.51	1198.55	-1225.51	881.09
Saccade R	1	9	17483201723	17483231718	29995	894.47	334.73	853.96	342.61	0.92	42.76	0.53	30.51	1198.55	-1225.51	881.09
Fixation L	1	13	17483231718	17483351441	119723	862.47	344.79	23	51	-1	10.63	10.63
Fixation R	1	13	17483231718	17483351441	119723	862.47	344.79	23	51	-1	10.73	10.73
Saccade L	1	10	17483351441	17483422914	71473	865.54	364.40	474.67	436.89	9.99	287.40	0.51	139.77	7251.97	-10981.36	6307.88
Saccade R	1	10	17483351441	17483422914	71473	865.54	364.40	474.67	436.89	9.99	287.40	0.51	139.77	7251.97	-10981.36	6307.88
Saccade L	1	11	17483459951	17483492341	32390	480.95	434.44	432.87	447.00	1.12	45.17	0.64	34.43	1687.11	-1550.77	1144.20
Saccade R	1	11	17483459951	17483492341	32390	480.95	434.44	432.87	447.00	1.12	45.17	0.64	34.43	1687.11	-1550.77	1144.20
Saccade L	1	12	17483499836	17483527924	28088	432.92	444.34	482.50	447.62	1.04	51.55	0.57	37.12	1731.14	-1100.63	1038.71
Saccade R	1	12	17483499836	17483527924	28088	432.92	444.34	482.50	447.62	1.04	51.55	0.57	37.12	1731.14	-1100.63	1038.71
Saccade L	1	13	17483527924	17483581836	53912	482.50	447.62	408.76	462.73	1.71	45.47	0.22	31.68	976.45	-806.32	516.19
Saccade R	1	13	17483527924	17483581836	53912	482.50	447.62	408.76	462.73	1.71	45.47	0.22	31.68	976.45	-806.32	516.19
Fixation L	1	14	17483659844	17483923945	264101	419.31	451.75	40	52	-1	10.65	10.65
Fixation R	1	14	17483659844	17483923945	264101	419.31	451.75	40	52	-1	10.76	10.76
Saccade L	1	14	17483982069	17484006086	24017	401.65	475.96	401.54	441.33	0.75	45.03	0.51	31.08	921.44	-1718.44	949.93
Saccade R	1	14	17483982069	17484006086	24017	401.65	475.96	401.54	441.33	0.75	45.03	0.51	31.08	921.44	-1718.44	949.93
Fixation L	1	15	17484006086	17484170064	163978	401.49	439.71	10	37	-1	10.67	10.67
Fixation R	1	15	17484006086	17484170064	163978	401.49	439.71	10	37	-1	10.80	10.80
Fixation L	1	16	17484188057	17484420175	232118	401.03	460.03	25	45	-1	10.67	10.67
Fixation R	1	16	17484188057	17484420175	232118	401.03	460.03	25	45	-1	10.94	10.94
UserEvent	1	95	17484221750	# Message: UE-mouseclick left x=394 y=473
Saccade L	1	15	17484470293	17484498261	27968	392.96	496.01	432.68	509.03	0.89	45.42	0.43	31.77	1134.90	-1421.06	922.00
Saccade R	1	15	17484470293	17484498261	27968	392.96	496.01	432.68	509.03	0.89	45.42	0.43	31.77	1134.90	-1421.06	922.00
Fixation L	1	17	17484498261	17484791287	293026	413.37	496.09	45	40	-1	10.61	10.61
Fixation R	1	17	17484498261	17484791287	293026	413.37	496.09	45	40	-1	10.77	10.77
UserEvent	1	110	17484773620	# Message: UE-mouseclick left x=399 y=522
