[BeGaze]
Converted from:	C:\Program Files\SMI\Experiment Suite 360\Experiment Center 2\Results\RC-Attachment-Exp\P31-eye_data.idf
Date:	18.03.2012 20:27:18
Version:	BeGaze 3.0.181
Sample Rate:	500
Subject:	P31
Description:	Run36

Table Header for Fixations:
Event Type	Trial	Number	Start	End	Duration	Location X	Location Y	Dispersion X	Dispersion Y	Plane	Avg. Pupil Size X	Avg. Pupil Size Y

Table Header for Saccades:
Event Type	Trial	Number	Start	End	Duration	Start Loc.X	Start Loc.Y	End Loc.X	End Loc.Y	Amplitude	Peak Speed	Peak Speed At	Average Speed	Peak Accel.	Peak Decel.	Average Accel.

Table Header for Blinks:
Event Type	Trial	Number	Start	End	Duration

Table Header for User Events:
Event Type	Trial	Number	Start	Description

UserEvent	1	1	5165379876	# Message: Questionnaire18.jpg
Fixation L	1	1	5165381629	5165728751	347122	931.02	895.53	29	37	-1	9.47	9.47
Fixation R	1	1	5165381629	5165728751	347122	931.02	895.53	29	37	-1	10.76	10.76
Saccade L	1	1	5165728751	5165793865	65114	925.31	919.63	504.70	457.35	14.70	488.26	0.31	225.83	21748.34	-10792.43	10745.76
Saccade R	1	1	5165728751	5165793865	65114	925.31	919.63	504.70	457.35	14.70	488.26	0.31	225.83	21748.34	-10792.43	10745.76
Saccade L	1	2	5165836803	5165873007	36204	500.98	455.98	437.98	411.47	2.08	121.52	0.33	57.56	4762.86	-3839.85	2732.56
Saccade R	1	2	5165836803	5165873007	36204	500.98	455.98	437.98	411.47	2.08	121.52	0.33	57.56	4762.86	-3839.85	2732.56
Fixation L	1	2	5165873007	5166048908	175901	435.37	405.83	21	15	-1	10.88	10.88
Fixation R	1	2	5165873007	5166048908	175901	435.37	405.83	21	15	-1	11.27	11.27
Saccade L	1	3	5166048908	5166082887	33979	436.44	400.56	589.82	374.24	3.42	171.25	0.47	100.79	7407.41	-7264.66	5516.64
Saccade R	1	3	5166048908	5166082887	33979	436.44	400.56	589.82	374.24	3.42	171.25	0.47	100.79	7407.41	-7264.66	5516.64
Fixation L	1	3	5166082887	5166291008	208121	597.75	374.28	18	28	-1	10.93	10.93
Fixation R	1	3	5166082887	5166291008	208121	597.75	374.28	18	28	-1	11.33	11.33
Saccade L	1	4	5166291008	5166319009	28001	602.62	382.83	728.38	373.08	3.19	242.34	0.57	113.90	9015.59	-8613.31	6149.10
Saccade R	1	4	5166291008	5166319009	28001	602.62	382.83	728.38	373.08	3.19	242.34	0.57	113.90	9015.59	-8613.31	6149.10
Fixation L	1	4	5166319009	5166607115	288106	735.89	368.36	33	39	-1	10.77	10.77
Fixation R	1	4	5166319009	5166607115	288106	735.89	368.36	33	39	-1	11.31	11.31
Saccade L	1	5	5166607115	5166733120	126005	736.08	370.78	962.20	534.51	28.81	529.24	0.77	228.61	12717.14	-9556.60	6588.63
Saccade R	1	5	5166607115	5166733120	126005	736.08	370.78	962.20	534.51	28.81	529.24	0.77	228.61	12717.14	-9556.60	6588.63
Blink L	1	1	5166733120	5166897171	164051
Blink R	1	1	5166733120	5166897171	164051
Saccade L	1	6	5166897171	5166945375	48204	689.51	323.30	423.74	409.41	7.03	362.70	0.46	145.94	14669.19	-14859.32	9157.23
Saccade R	1	6	5166897171	5166945375	48204	689.51	323.30	423.74	409.41	7.03	362.70	0.46	145.94	14669.19	-14859.32	9157.23
Saccade L	1	7	5166945375	5166977359	31984	423.74	409.41	377.35	431.38	0.99	44.99	0.31	31.07	489.06	-2920.51	760.03
Saccade R	1	7	5166945375	5166977359	31984	423.74	409.41	377.35	431.38	0.99	44.99	0.31	31.07	489.06	-2920.51	760.03
Fixation L	1	5	5166977359	5167095362	118003	400.74	449.69	38	25	-1	11.58	11.58
Fixation R	1	5	5166977359	5167095362	118003	400.74	449.69	38	25	-1	12.23	12.23
Saccade L	1	8	5167095362	5167123371	28009	415.55	453.45	395.22	500.88	1.18	68.92	0.54	41.98	2717.74	-2315.67	1814.72
Saccade R	1	8	5167095362	5167123371	28009	415.55	453.45	395.22	500.88	1.18	68.92	0.54	41.98	2717.74	-2315.67	1814.72
Fixation L	1	6	5167123371	5167303343	179972	410.08	523.83	24	35	-1	11.53	11.53
Fixation R	1	6	5167123371	5167303343	179972	410.08	523.83	24	35	-1	12.30	12.30
Saccade L	1	9	5167303343	5167327339	23996	413.65	533.14	377.06	537.18	0.88	55.02	0.50	36.79	2250.64	-2108.52	1448.07
Saccade R	1	9	5167303343	5167327339	23996	413.65	533.14	377.06	537.18	0.88	55.02	0.50	36.79	2250.64	-2108.52	1448.07
Fixation L	1	7	5167327339	5167605584	278245	386.03	530.85	32	19	-1	11.40	11.40
Fixation R	1	7	5167327339	5167605584	278245	386.03	530.85	32	19	-1	11.97	11.97
UserEvent	1	46	5167337470	# Message: UE-mouseclick left x=402 y=437
Saccade L	1	10	5167605584	5167641586	36002	383.56	525.27	420.18	586.86	1.60	76.14	0.39	44.58	3090.55	-2549.41	2007.94
Saccade R	1	10	5167605584	5167641586	36002	383.56	525.27	420.18	586.86	1.60	76.14	0.39	44.58	3090.55	-2549.41	2007.94
Fixation L	1	8	5167641586	5167911699	270113	433.16	588.09	23	21	-1	11.48	11.48
Fixation R	1	8	5167641586	5167911699	270113	433.16	588.09	23	21	-1	12.09	12.09
UserEvent	1	57	5167785424	# Message: UE-mouseclick left x=409 y=532
