[BeGaze]
Converted from:	C:\Program Files\SMI\Experiment Suite 360\Experiment Center 2\Results\RC-Attachment-Exp\P26-eye_data.idf
Date:	18.03.2012 20:21:48
Version:	BeGaze 3.0.181
Sample Rate:	500
Subject:	P26
Description:	Run31

Table Header for Fixations:
Event Type	Trial	Number	Start	End	Duration	Location X	Location Y	Dispersion X	Dispersion Y	Plane	Avg. Pupil Size X	Avg. Pupil Size Y

Table Header for Saccades:
Event Type	Trial	Number	Start	End	Duration	Start Loc.X	Start Loc.Y	End Loc.X	End Loc.Y	Amplitude	Peak Speed	Peak Speed At	Average Speed	Peak Accel.	Peak Decel.	Average Accel.

Table Header for Blinks:
Event Type	Trial	Number	Start	End	Duration

Table Header for User Events:
Event Type	Trial	Number	Start	Description

UserEvent	1	1	13030815512	# Message: Questionnaire23.jpg
Fixation L	1	1	13030817226	13030910473	93247	932.34	939.31	11	14	-1	11.08	11.08
Fixation R	1	1	13030817226	13030910473	93247	932.34	939.31	11	14	-1	10.92	10.92
Fixation L	1	2	13030930598	13031246698	316100	892.98	949.41	33	29	-1	11.66	11.66
Fixation R	1	2	13030930598	13031246698	316100	892.98	949.41	33	29	-1	11.41	11.41
Saccade L	1	1	13031246698	13031306694	59996	880.69	953.23	475.49	423.72	15.06	504.60	0.30	251.03	21919.43	-12186.65	11189.19
Saccade R	1	1	13031246698	13031306694	59996	880.69	953.23	475.49	423.72	15.06	504.60	0.30	251.03	21919.43	-12186.65	11189.19
Fixation L	1	3	13031306694	13031420703	114009	480.77	438.39	14	24	-1	11.52	11.52
Fixation R	1	3	13031306694	13031420703	114009	480.77	438.39	14	24	-1	11.18	11.18
Saccade L	1	2	13031420703	13031444739	24036	482.59	437.74	476.61	368.67	1.48	112.25	0.50	61.44	4356.92	-4407.97	3044.10
Saccade R	1	2	13031420703	13031444739	24036	482.59	437.74	476.61	368.67	1.48	112.25	0.50	61.44	4356.92	-4407.97	3044.10
Fixation L	1	4	13031444739	13031584808	140069	470.01	368.42	19	13	-1	11.47	11.47
Fixation R	1	4	13031444739	13031584808	140069	470.01	368.42	19	13	-1	10.97	10.97
Saccade L	1	3	13031584808	13031624813	40005	472.13	376.04	595.93	387.65	2.69	119.20	0.40	67.21	5090.27	-4416.78	3492.27
Saccade R	1	3	13031584808	13031624813	40005	472.13	376.04	595.93	387.65	2.69	119.20	0.40	67.21	5090.27	-4416.78	3492.27
Fixation L	1	5	13031624813	13031752934	128121	598.51	376.78	14	29	-1	11.15	11.15
Fixation R	1	5	13031624813	13031752934	128121	598.51	376.78	14	29	-1	10.85	10.85
Saccade L	1	4	13031752934	13031780982	28048	601.04	363.48	691.80	369.27	2.03	133.38	0.43	72.25	5646.50	-5276.60	3904.72
Saccade R	1	4	13031752934	13031780982	28048	601.04	363.48	691.80	369.27	2.03	133.38	0.43	72.25	5646.50	-5276.60	3904.72
Fixation L	1	6	13031780982	13032005050	224068	701.70	361.73	31	26	-1	11.00	11.00
Fixation R	1	6	13031780982	13032005050	224068	701.70	361.73	31	26	-1	10.60	10.60
Saccade L	1	5	13032005050	13032035086	30036	711.17	373.68	825.14	381.43	2.50	162.79	0.47	83.35	6109.88	-6569.70	4631.02
Saccade R	1	5	13032005050	13032035086	30036	711.17	373.68	825.14	381.43	2.50	162.79	0.47	83.35	6109.88	-6569.70	4631.02
Fixation L	1	7	13032035086	13032323187	288101	839.56	366.98	28	35	-1	10.95	10.95
Fixation R	1	7	13032035086	13032323187	288101	839.56	366.98	28	35	-1	10.54	10.54
Saccade L	1	6	13032323187	13032347210	24023	836.66	372.73	784.67	379.61	1.10	71.73	0.50	45.70	2448.24	-2748.19	1814.31
Saccade R	1	6	13032323187	13032347210	24023	836.66	372.73	784.67	379.61	1.10	71.73	0.50	45.70	2448.24	-2748.19	1814.31
Fixation L	1	8	13032347210	13032455178	107968	792.68	390.33	16	19	-1	11.36	11.36
Fixation R	1	8	13032347210	13032455178	107968	792.68	390.33	16	19	-1	10.79	10.79
Saccade L	1	7	13032455178	13032477157	21979	794.85	388.15	744.29	390.77	1.12	85.78	0.54	50.94	3271.18	-3298.08	2261.26
Saccade R	1	7	13032455178	13032477157	21979	794.85	388.15	744.29	390.77	1.12	85.78	0.54	50.94	3271.18	-3298.08	2261.26
Fixation L	1	9	13032477157	13032843403	366246	723.69	392.90	56	24	-1	11.51	11.51
Fixation R	1	9	13032477157	13032843403	366246	723.69	392.90	56	24	-1	11.04	11.04
Saccade L	1	8	13032843403	13032871421	28018	721.67	395.32	808.86	394.24	1.90	124.37	0.43	67.75	4726.11	-4995.41	3513.88
Saccade R	1	8	13032843403	13032871421	28018	721.67	395.32	808.86	394.24	1.90	124.37	0.43	67.75	4726.11	-4995.41	3513.88
Fixation L	1	10	13032871421	13033037390	165969	816.29	397.88	27	12	-1	11.83	11.83
Fixation R	1	10	13032871421	13033037390	165969	816.29	397.88	27	12	-1	11.23	11.23
Saccade L	1	9	13033037390	13033065412	28022	821.32	391.87	889.55	396.52	1.50	94.20	0.50	53.69	3100.67	-3958.38	2569.16
Saccade R	1	9	13033037390	13033065412	28022	821.32	391.87	889.55	396.52	1.50	94.20	0.50	53.69	3100.67	-3958.38	2569.16
Fixation L	1	11	13033065412	13033207648	142236	889.18	385.71	14	18	-1	11.86	11.86
Fixation R	1	11	13033065412	13033207648	142236	889.18	385.71	14	18	-1	11.17	11.17
Saccade L	1	10	13033207648	13033263548	55900	885.05	380.30	466.47	515.59	10.55	347.18	0.28	188.66	15647.87	-11485.48	9440.01
Saccade R	1	10	13033207648	13033263548	55900	885.05	380.30	466.47	515.59	10.55	347.18	0.28	188.66	15647.87	-11485.48	9440.01
Fixation L	1	12	13033263548	13034055890	792342	436.53	510.13	60	34	-1	11.86	11.86
Fixation R	1	12	13033263548	13034055890	792342	436.53	510.13	60	34	-1	11.28	11.28
UserEvent	1	75	13033739512	# Message: UE-mouseclick left x=394 y=470
Fixation L	1	13	13034074116	13034147892	73776	408.79	503.96	23	34	-1	11.80	11.80
Fixation R	1	13	13034074116	13034147892	73776	408.79	503.96	23	34	-1	11.07	11.07
Saccade L	1	11	13034147892	13034172250	24358	422.03	493.62	472.06	547.03	1.54	107.24	0.50	63.11	3307.47	-3837.66	2522.15
Saccade R	1	11	13034147892	13034172250	24358	422.03	493.62	472.06	547.03	1.54	107.24	0.50	63.11	3307.47	-3837.66	2522.15
Fixation L	1	14	13034172250	13034318000	145750	472.58	534.51	25	22	-1	11.78	11.78
Fixation R	1	14	13034172250	13034318000	145750	472.58	534.51	25	22	-1	11.29	11.29
UserEvent	1	90	13034307021	# Message: UE-mouseclick left x=413 y=515
Saccade L	1	12	13034318000	13034349979	31979	484.56	534.96	470.32	566.17	1.02	45.05	0.71	32.02	1343.48	-1377.65	965.40
Saccade R	1	12	13034318000	13034349979	31979	484.56	534.96	470.32	566.17	1.02	45.05	0.71	32.02	1343.48	-1377.65	965.40
Fixation L	1	15	13034349979	13034426802	76823	473.90	559.19	15	15	-1	11.87	11.87
Fixation R	1	15	13034349979	13034426802	76823	473.90	559.19	15	15	-1	11.34	11.34
