[BeGaze]
Converted from:	C:\Program Files\SMI\Experiment Suite 360\Experiment Center 2\Results\RC-Attachment-Exp\P33-eye_data.idf
Date:	18.03.2012 20:29:10
Version:	BeGaze 3.0.181
Sample Rate:	500
Subject:	P33
Description:	Run38

Table Header for Fixations:
Event Type	Trial	Number	Start	End	Duration	Location X	Location Y	Dispersion X	Dispersion Y	Plane	Avg. Pupil Size X	Avg. Pupil Size Y

Table Header for Saccades:
Event Type	Trial	Number	Start	End	Duration	Start Loc.X	Start Loc.Y	End Loc.X	End Loc.Y	Amplitude	Peak Speed	Peak Speed At	Average Speed	Peak Accel.	Peak Decel.	Average Accel.

Table Header for Blinks:
Event Type	Trial	Number	Start	End	Duration

Table Header for User Events:
Event Type	Trial	Number	Start	Description

UserEvent	1	1	3398042359	# Message: RC-N2forced-anim-1.jpg
Fixation L	1	1	3398045090	3398283900	238810	488.04	451.75	22	19	-1	12.90	12.90
Fixation R	1	1	3398045090	3398283900	238810	488.04	451.75	22	19	-1	13.61	13.61
Saccade L	1	1	3398283900	3398309738	25838	481.74	457.44	533.60	432.75	1.20	72.94	0.46	46.38	2923.85	-2857.50	2080.15
Saccade R	1	1	3398283900	3398309738	25838	481.74	457.44	533.60	432.75	1.20	72.94	0.46	46.38	2923.85	-2857.50	2080.15
Fixation L	1	2	3398309738	3398459875	150137	542.55	446.04	20	23	-1	12.89	12.89
Fixation R	1	2	3398309738	3398459875	150137	542.55	446.04	20	23	-1	13.69	13.69
Saccade L	1	2	3398459875	3398488274	28399	539.58	445.44	601.30	455.13	1.36	84.24	0.49	47.93	3142.72	-2822.90	2191.43
Saccade R	1	2	3398459875	3398488274	28399	539.58	445.44	601.30	455.13	1.36	84.24	0.49	47.93	3142.72	-2822.90	2191.43
Fixation L	1	3	3398488274	3398649847	161573	612.62	443.34	21	21	-1	12.77	12.77
Fixation R	1	3	3398488274	3398649847	161573	612.62	443.34	21	21	-1	13.41	13.41
Saccade L	1	3	3398649847	3398683985	34138	614.71	439.44	712.69	443.54	2.11	116.12	0.41	61.76	4839.88	-4404.26	3304.67
Saccade R	1	3	3398649847	3398683985	34138	614.71	439.44	712.69	443.54	2.11	116.12	0.41	61.76	4839.88	-4404.26	3304.67
Fixation L	1	4	3398683985	3398855964	171979	709.60	445.09	12	7	-1	12.68	12.68
Fixation R	1	4	3398683985	3398855964	171979	709.60	445.09	12	7	-1	13.59	13.59
Saccade L	1	4	3398855964	3398878007	22043	704.71	447.91	778.87	460.67	1.61	132.34	0.45	72.99	5303.65	-4955.85	3424.57
Saccade R	1	4	3398855964	3398878007	22043	704.71	447.91	778.87	460.67	1.61	132.34	0.45	72.99	5303.65	-4955.85	3424.57
Fixation L	1	5	3398878007	3399052112	174105	782.96	451.26	32	34	-1	12.60	12.60
Fixation R	1	5	3398878007	3399052112	174105	782.96	451.26	32	34	-1	13.42	13.42
Saccade L	1	5	3399052112	3399080087	27975	782.71	438.65	836.64	445.32	1.09	63.86	0.36	38.91	1807.22	-2261.14	1450.79
Saccade R	1	5	3399052112	3399080087	27975	782.71	438.65	836.64	445.32	1.09	63.86	0.36	38.91	1807.22	-2261.14	1450.79
Fixation L	1	6	3399080087	3399242241	162154	824.26	453.17	27	13	-1	12.59	12.59
Fixation R	1	6	3399080087	3399242241	162154	824.26	453.17	27	13	-1	13.39	13.39
Saccade L	1	6	3399242241	3399270207	27966	821.01	459.06	885.45	454.12	1.37	80.06	0.50	48.93	3113.91	-3124.52	2309.20
Saccade R	1	6	3399242241	3399270207	27966	821.01	459.06	885.45	454.12	1.37	80.06	0.50	48.93	3113.91	-3124.52	2309.20
Fixation L	1	7	3399270207	3399487158	216951	885.57	443.98	28	33	-1	12.50	12.50
Fixation R	1	7	3399270207	3399487158	216951	885.57	443.98	28	33	-1	13.23	13.23
Saccade L	1	7	3399487158	3399516234	29076	894.12	460.53	970.43	450.61	1.56	95.80	0.31	53.68	4037.61	-3499.77	2617.17
Saccade R	1	7	3399487158	3399516234	29076	894.12	460.53	970.43	450.61	1.56	95.80	0.31	53.68	4037.61	-3499.77	2617.17
Fixation L	1	8	3399516234	3399936447	420213	992.68	443.00	58	45	-1	12.45	12.45
Fixation R	1	8	3399516234	3399936447	420213	992.68	443.00	58	45	-1	13.08	13.08
Saccade L	1	8	3399936447	3399962447	26000	1011.09	464.37	1103.53	452.21	1.93	144.16	0.46	74.13	5543.54	-5688.84	4023.88
Saccade R	1	8	3399936447	3399962447	26000	1011.09	464.37	1103.53	452.21	1.93	144.16	0.46	74.13	5543.54	-5688.84	4023.88
Fixation L	1	9	3399962447	3400462672	500225	1112.35	455.68	22	46	-1	12.44	12.44
Fixation R	1	9	3399962447	3400462672	500225	1112.35	455.68	22	46	-1	13.05	13.05
Saccade L	1	9	3400462672	3400528562	65890	1121.81	449.69	910.66	908.08	12.01	299.74	0.24	182.31	12464.24	-9701.43	6504.99
Saccade R	1	9	3400462672	3400528562	65890	1121.81	449.69	910.66	908.08	12.01	299.74	0.24	182.31	12464.24	-9701.43	6504.99
Fixation L	1	10	3400528562	3400634826	106264	922.63	912.45	21	19	-1	12.78	12.78
Fixation R	1	10	3400528562	3400634826	106264	922.63	912.45	21	19	-1	13.35	13.35
Saccade L	1	10	3400634826	3400664798	29972	926.16	915.82	857.30	961.63	1.73	102.51	0.33	57.88	3990.49	-4085.45	2876.07
Saccade R	1	10	3400634826	3400664798	29972	926.16	915.82	857.30	961.63	1.73	102.51	0.33	57.88	3990.49	-4085.45	2876.07
Fixation L	1	11	3400664798	3400830771	165973	872.08	958.18	21	15	-1	12.96	12.96
Fixation R	1	11	3400664798	3400830771	165973	872.08	958.18	21	15	-1	13.49	13.49
Fixation L	1	12	3400848780	3401026896	178116	896.87	959.15	30	14	-1	12.75	12.75
Fixation R	1	12	3400848780	3401026896	178116	896.87	959.15	30	14	-1	13.44	13.44
