[BeGaze]
Converted from:	C:\Program Files\SMI\Experiment Suite 360\Experiment Center 2\Results\RC-Attachment-Exp\P13-eye_data.idf
Date:	18.03.2012 20:10:00
Version:	BeGaze 3.0.181
Sample Rate:	500
Subject:	P13
Description:	Run18

Table Header for Fixations:
Event Type	Trial	Number	Start	End	Duration	Location X	Location Y	Dispersion X	Dispersion Y	Plane	Avg. Pupil Size X	Avg. Pupil Size Y

Table Header for Saccades:
Event Type	Trial	Number	Start	End	Duration	Start Loc.X	Start Loc.Y	End Loc.X	End Loc.Y	Amplitude	Peak Speed	Peak Speed At	Average Speed	Peak Accel.	Peak Decel.	Average Accel.

Table Header for Blinks:
Event Type	Trial	Number	Start	End	Duration

Table Header for User Events:
Event Type	Trial	Number	Start	Description

UserEvent	1	1	4423534240	# Message: RC-N2forced-nonanim-1.jpg
Fixation L	1	1	4423538125	4423715569	177444	481.55	453.70	15	16	-1	14.16	14.16
Fixation R	1	1	4423538125	4423715569	177444	481.55	453.70	15	16	-1	13.50	13.50
Saccade L	1	1	4423715569	4423750018	34449	480.97	459.79	542.52	462.46	1.69	81.18	0.60	49.08	3273.92	-3323.99	2329.73
Saccade R	1	1	4423715569	4423750018	34449	480.97	459.79	542.52	462.46	1.69	81.18	0.60	49.08	3273.92	-3323.99	2329.73
Fixation L	1	2	4423750018	4423894135	144117	533.75	458.39	22	11	-1	14.16	14.16
Fixation R	1	2	4423750018	4423894135	144117	533.75	458.39	22	11	-1	13.48	13.48
Saccade L	1	2	4423894135	4423936153	42018	538.63	450.46	594.12	446.32	1.27	42.59	0.33	30.15	1592.86	-1035.64	827.85
Saccade R	1	2	4423894135	4423936153	42018	538.63	450.46	594.12	446.32	1.27	42.59	0.33	30.15	1592.86	-1035.64	827.85
Fixation L	1	3	4423936153	4424062249	126096	596.12	446.97	8	12	-1	14.03	14.03
Fixation R	1	3	4423936153	4424062249	126096	596.12	446.97	8	12	-1	13.41	13.41
Saccade L	1	3	4424062249	4424100268	38019	599.37	450.20	655.58	438.84	1.28	47.36	0.37	33.72	1697.75	-1284.65	1074.96
Saccade R	1	3	4424062249	4424100268	38019	599.37	450.20	655.58	438.84	1.28	47.36	0.37	33.72	1697.75	-1284.65	1074.96
Fixation L	1	4	4424100268	4424194249	93981	661.81	437.41	9	4	-1	13.88	13.88
Fixation R	1	4	4424100268	4424194249	93981	661.81	437.41	9	4	-1	13.24	13.24
Saccade L	1	4	4424194249	4424222252	28003	659.74	436.48	567.99	433.31	2.12	139.76	0.57	75.53	5846.88	-5668.37	4109.09
Saccade R	1	4	4424194249	4424222252	28003	659.74	436.48	567.99	433.31	2.12	139.76	0.57	75.53	5846.88	-5668.37	4109.09
Fixation L	1	5	4424222252	4424460554	238302	562.24	447.86	13	27	-1	14.12	14.12
Fixation R	1	5	4424222252	4424460554	238302	562.24	447.86	13	27	-1	13.46	13.46
Saccade L	1	5	4424460554	4424498369	37815	558.70	450.04	684.96	444.36	2.75	156.64	0.37	72.80	6609.29	-5937.06	4237.88
Saccade R	1	5	4424460554	4424498369	37815	558.70	450.04	684.96	444.36	2.75	156.64	0.37	72.80	6609.29	-5937.06	4237.88
Fixation L	1	6	4424498369	4424662491	164122	695.04	444.75	15	12	-1	15.11	15.11
Fixation R	1	6	4424498369	4424662491	164122	695.04	444.75	15	12	-1	14.41	14.41
Saccade L	1	6	4424662491	4424689528	27037	701.22	444.23	744.93	452.19	1.01	57.67	0.44	37.42	2059.74	-2262.83	1557.01
Saccade R	1	6	4424662491	4424689528	27037	701.22	444.23	744.93	452.19	1.01	57.67	0.44	37.42	2059.74	-2262.83	1557.01
Fixation L	1	7	4424689528	4424904602	215074	749.28	440.68	14	20	-1	15.47	15.47
Fixation R	1	7	4424689528	4424904602	215074	749.28	440.68	14	20	-1	14.71	14.71
Saccade L	1	7	4424904602	4424930622	26020	746.90	434.79	786.19	440.94	0.95	54.82	0.46	36.40	2134.32	-2137.98	1461.98
Saccade R	1	7	4424904602	4424930622	26020	746.90	434.79	786.19	440.94	0.95	54.82	0.46	36.40	2134.32	-2137.98	1461.98
Fixation L	1	8	4424930622	4425166000	235378	778.55	448.27	21	31	-1	14.92	14.92
Fixation R	1	8	4424930622	4425166000	235378	778.55	448.27	21	31	-1	14.32	14.32
Saccade L	1	8	4425166000	4425192763	26763	774.25	462.28	862.27	457.31	1.79	119.04	0.48	66.89	5129.11	-4933.21	3624.62
Saccade R	1	8	4425166000	4425192763	26763	774.25	462.28	862.27	457.31	1.79	119.04	0.48	66.89	5129.11	-4933.21	3624.62
Fixation L	1	9	4425192763	4425305001	112238	860.97	450.63	14	13	-1	14.56	14.56
Fixation R	1	9	4425192763	4425305001	112238	860.97	450.63	14	13	-1	14.15	14.15
Blink L	1	1	4425305001	4425508843	203842
Blink R	1	1	4425305001	4425508843	203842
Fixation L	1	10	4425508843	4425684958	176115	894.89	422.75	15	23	-1	14.24	14.24
Fixation R	1	10	4425508843	4425684958	176115	894.89	422.75	15	23	-1	13.47	13.47
Saccade L	1	9	4425684958	4425712955	27997	890.99	418.36	850.40	432.32	0.90	43.60	0.44	32.27	1751.72	-1444.93	1140.89
Saccade R	1	9	4425684958	4425712955	27997	890.99	418.36	850.40	432.32	0.90	43.60	0.44	32.27	1751.72	-1444.93	1140.89
Fixation L	1	11	4425712955	4425790941	77986	848.86	436.10	4	5	-1	14.84	14.84
Fixation R	1	11	4425712955	4425790941	77986	848.86	436.10	4	5	-1	14.19	14.19
Saccade L	1	10	4425790941	4425836943	46002	850.46	435.02	634.48	431.32	5.00	229.99	0.32	108.66	10211.61	-8174.96	6085.37
Saccade R	1	10	4425790941	4425836943	46002	850.46	435.02	634.48	431.32	5.00	229.99	0.32	108.66	10211.61	-8174.96	6085.37
Fixation L	1	12	4425836943	4426095143	258200	635.51	440.08	20	15	-1	14.97	14.97
Fixation R	1	12	4425836943	4426095143	258200	635.51	440.08	20	15	-1	13.97	13.97
Saccade L	1	11	4426095143	4426149290	54147	630.75	446.29	887.37	449.88	5.98	204.12	0.33	110.43	8681.69	-6521.05	5409.43
Saccade R	1	11	4426095143	4426149290	54147	630.75	446.29	887.37	449.88	5.98	204.12	0.33	110.43	8681.69	-6521.05	5409.43
Fixation L	1	13	4426149290	4426597305	448015	902.84	448.91	36	33	-1	15.16	15.16
Fixation R	1	13	4426149290	4426597305	448015	902.84	448.91	36	33	-1	14.45	14.45
Saccade L	1	12	4426597305	4426629306	32001	918.97	445.69	973.27	440.06	1.35	66.48	0.50	42.16	2523.24	-2393.30	1763.84
Saccade R	1	12	4426597305	4426629306	32001	918.97	445.69	973.27	440.06	1.35	66.48	0.50	42.16	2523.24	-2393.30	1763.84
Fixation L	1	14	4426629306	4426911418	282112	979.50	438.67	24	18	-1	15.17	15.17
Fixation R	1	14	4426629306	4426911418	282112	979.50	438.67	24	18	-1	14.39	14.39
Saccade L	1	13	4426911418	4426941537	30119	969.88	448.14	1034.15	438.43	1.50	84.87	0.48	49.67	3368.08	-3293.29	2370.78
Saccade R	1	13	4426911418	4426941537	30119	969.88	448.14	1034.15	438.43	1.50	84.87	0.48	49.67	3368.08	-3293.29	2370.78
Fixation L	1	15	4426941537	4427115569	174032	1037.95	448.47	11	17	-1	15.02	15.02
Fixation R	1	15	4426941537	4427115569	174032	1037.95	448.47	11	17	-1	14.37	14.37
Saccade L	1	14	4427115569	4427155529	39960	1042.89	439.17	1149.72	429.91	2.36	93.60	0.41	59.10	3886.45	-3289.96	2604.07
Saccade R	1	14	4427115569	4427155529	39960	1042.89	439.17	1149.72	429.91	2.36	93.60	0.41	59.10	3886.45	-3289.96	2604.07
Fixation L	1	16	4427155529	4427555773	400244	1153.32	436.53	23	31	-1	14.89	14.89
Fixation R	1	16	4427155529	4427555773	400244	1153.32	436.53	23	31	-1	14.18	14.18
Saccade L	1	15	4427555773	4427610754	54981	1152.01	445.81	769.00	445.23	8.70	284.22	0.33	158.17	12916.13	-7712.92	7147.25
Saccade R	1	15	4427555773	4427610754	54981	1152.01	445.81	769.00	445.23	8.70	284.22	0.33	158.17	12916.13	-7712.92	7147.25
Fixation L	1	17	4427610754	4427804954	194200	753.47	440.35	31	11	-1	14.65	14.65
Fixation R	1	17	4427610754	4427804954	194200	753.47	440.35	31	11	-1	13.82	13.82
Saccade L	1	16	4427804954	4427980636	175682	758.38	433.88	957.99	1014.09	46.16	1032.92	0.64	262.74	29833.30	-35425.76	11076.07
Saccade R	1	16	4427804954	4427980636	175682	758.38	433.88	957.99	1014.09	46.16	1032.92	0.64	262.74	29833.30	-35425.76	11076.07
Saccade L	1	17	4427999888	4428026434	26546	966.80	1012.44	970.22	934.00	1.81	145.16	0.47	68.12	5094.52	-4517.03	3014.90
Saccade R	1	17	4427999888	4428026434	26546	966.80	1012.44	970.22	934.00	1.81	145.16	0.47	68.12	5094.52	-4517.03	3014.90
Saccade L	1	18	4428031883	4428068168	36285	979.45	928.37	884.71	964.59	2.09	79.03	0.43	57.62	2678.96	-2291.85	1837.39
Saccade R	1	18	4428031883	4428068168	36285	979.45	928.37	884.71	964.59	2.09	79.03	0.43	57.62	2678.96	-2291.85	1837.39
Fixation L	1	18	4428092978	4428500120	407142	896.97	970.43	52	71	-1	14.83	14.83
Fixation R	1	18	4428092978	4428500120	407142	896.97	970.43	52	71	-1	14.02	14.02
