[BeGaze]
Converted from:	C:\Program Files\SMI\Experiment Suite 360\Experiment Center 2\Results\RC-Attachment-Exp\P29-eye_data.idf
Date:	18.03.2012 20:25:12
Version:	BeGaze 3.0.181
Sample Rate:	500
Subject:	P29
Description:	Run34

Table Header for Fixations:
Event Type	Trial	Number	Start	End	Duration	Location X	Location Y	Dispersion X	Dispersion Y	Plane	Avg. Pupil Size X	Avg. Pupil Size Y

Table Header for Saccades:
Event Type	Trial	Number	Start	End	Duration	Start Loc.X	Start Loc.Y	End Loc.X	End Loc.Y	Amplitude	Peak Speed	Peak Speed At	Average Speed	Peak Accel.	Peak Decel.	Average Accel.

Table Header for Blinks:
Event Type	Trial	Number	Start	End	Duration

Table Header for User Events:
Event Type	Trial	Number	Start	Description

UserEvent	1	1	3654931764	# Message: Questionnaire24.jpg
Fixation L	1	1	3654936958	3655289353	352395	905.98	925.68	20	37	-1	10.46	10.46
Fixation R	1	1	3654936958	3655289353	352395	905.98	925.68	20	37	-1	10.90	10.90
Saccade L	1	1	3655289353	3655378961	89608	916.44	934.40	587.13	416.76	14.26	555.72	0.40	159.08	23756.46	-17953.52	9295.58
Saccade R	1	1	3655289353	3655378961	89608	916.44	934.40	587.13	416.76	14.26	555.72	0.40	159.08	23756.46	-17953.52	9295.58
Fixation L	1	2	3655378961	3655487073	108112	586.35	419.82	13	12	-1	10.70	10.70
Fixation R	1	2	3655378961	3655487073	108112	586.35	419.82	13	12	-1	10.97	10.97
Saccade L	1	2	3655487073	3655515068	27995	585.83	422.08	458.83	350.75	3.23	237.80	0.50	115.21	10064.04	-9879.52	7209.67
Saccade R	1	2	3655487073	3655515068	27995	585.83	422.08	458.83	350.75	3.23	237.80	0.50	115.21	10064.04	-9879.52	7209.67
Fixation L	1	3	3655515068	3655667110	152042	452.79	368.90	14	27	-1	10.80	10.80
Fixation R	1	3	3655515068	3655667110	152042	452.79	368.90	14	27	-1	10.83	10.83
Saccade L	1	3	3655667110	3655699427	32317	449.30	376.67	585.40	356.51	3.05	181.97	0.49	94.47	8033.92	-7857.07	5875.91
Saccade R	1	3	3655667110	3655699427	32317	449.30	376.67	585.40	356.51	3.05	181.97	0.49	94.47	8033.92	-7857.07	5875.91
Fixation L	1	4	3655699427	3655919205	219778	596.66	357.35	37	15	-1	10.78	10.78
Fixation R	1	4	3655699427	3655919205	219778	596.66	357.35	37	15	-1	11.14	11.14
Saccade L	1	4	3655919205	3655951185	31980	594.20	354.90	638.53	365.30	1.58	111.47	0.37	49.27	4333.89	-3852.24	2524.19
Saccade R	1	4	3655919205	3655951185	31980	594.20	354.90	638.53	365.30	1.58	111.47	0.37	49.27	4333.89	-3852.24	2524.19
Fixation L	1	5	3655951185	3656113311	162126	660.91	350.97	33	26	-1	10.91	10.91
Fixation R	1	5	3655951185	3656113311	162126	660.91	350.97	33	26	-1	11.56	11.56
Saccade L	1	5	3656113311	3656141303	27992	670.74	339.11	763.57	357.57	2.19	158.38	0.50	78.29	6289.52	-6302.55	4418.07
Saccade R	1	5	3656113311	3656141303	27992	670.74	339.11	763.57	357.57	2.19	158.38	0.50	78.29	6289.52	-6302.55	4418.07
Fixation L	1	6	3656141303	3656243429	102126	757.93	356.73	10	15	-1	11.13	11.13
Fixation R	1	6	3656141303	3656243429	102126	757.93	356.73	10	15	-1	11.75	11.75
Saccade L	1	6	3656243429	3656279437	36008	756.99	352.26	504.14	344.29	5.51	338.78	0.47	153.16	14422.37	-14230.24	10286.95
Saccade R	1	6	3656243429	3656279437	36008	756.99	352.26	504.14	344.29	5.51	338.78	0.47	153.16	14422.37	-14230.24	10286.95
Fixation L	1	7	3656279437	3656541555	262118	497.81	361.10	40	27	-1	11.34	11.34
Fixation R	1	7	3656279437	3656541555	262118	497.81	361.10	40	27	-1	11.66	11.66
Saccade L	1	7	3656541555	3656583549	41994	480.84	365.35	562.44	376.83	2.02	127.68	0.33	48.09	5233.54	-4626.44	2933.98
Saccade R	1	7	3656541555	3656583549	41994	480.84	365.35	562.44	376.83	2.02	127.68	0.33	48.09	5233.54	-4626.44	2933.98
Fixation L	1	8	3656583549	3656731547	147998	562.92	379.80	12	22	-1	11.62	11.62
Fixation R	1	8	3656583549	3656731547	147998	562.92	379.80	12	22	-1	11.89	11.89
Saccade L	1	8	3656731547	3656767577	36030	565.92	389.85	424.45	375.36	3.92	276.88	0.39	108.88	11162.53	-10270.12	6867.23
Saccade R	1	8	3656731547	3656767577	36030	565.92	389.85	424.45	375.36	3.92	276.88	0.39	108.88	11162.53	-10270.12	6867.23
Fixation L	1	9	3656767577	3657021665	254088	399.93	386.71	36	37	-1	11.62	11.62
Fixation R	1	9	3656767577	3657021665	254088	399.93	386.71	36	37	-1	11.60	11.60
Saccade L	1	9	3657021665	3657049789	28124	390.04	398.42	532.91	383.12	3.11	238.46	0.57	110.48	9504.89	-9028.93	6588.48
Saccade R	1	9	3657021665	3657049789	28124	390.04	398.42	532.91	383.12	3.11	238.46	0.57	110.48	9504.89	-9028.93	6588.48
Fixation L	1	10	3657049789	3657433911	384122	535.70	377.24	32	29	-1	11.31	11.31
Fixation R	1	10	3657049789	3657433911	384122	535.70	377.24	32	29	-1	11.54	11.54
Saccade L	1	10	3657433911	3657463911	30000	535.33	383.12	692.48	379.19	3.35	229.96	0.60	111.50	9778.61	-9217.50	6790.68
Saccade R	1	10	3657433911	3657463911	30000	535.33	383.12	692.48	379.19	3.35	229.96	0.60	111.50	9778.61	-9217.50	6790.68
Fixation L	1	11	3657463911	3657722082	258171	688.09	377.29	43	30	-1	11.35	11.35
Fixation R	1	11	3657463911	3657722082	258171	688.09	377.29	43	30	-1	11.65	11.65
Saccade L	1	11	3657722082	3657754049	31967	696.98	390.26	551.12	364.28	3.30	230.02	0.50	103.38	9659.10	-9419.52	6920.09
Saccade R	1	11	3657722082	3657754049	31967	696.98	390.26	551.12	364.28	3.30	230.02	0.50	103.38	9659.10	-9419.52	6920.09
Fixation L	1	12	3657754049	3658054150	300101	539.99	355.95	32	24	-1	11.40	11.40
Fixation R	1	12	3657754049	3658054150	300101	539.99	355.95	32	24	-1	11.69	11.69
Saccade L	1	12	3658054150	3658094149	39999	521.86	353.48	728.97	353.00	4.79	288.67	0.40	119.77	12669.50	-12284.80	8271.81
Saccade R	1	12	3658054150	3658094149	39999	521.86	353.48	728.97	353.00	4.79	288.67	0.40	119.77	12669.50	-12284.80	8271.81
Fixation L	1	13	3658094149	3658350674	256525	743.66	349.52	44	27	-1	11.57	11.57
Fixation R	1	13	3658094149	3658350674	256525	743.66	349.52	44	27	-1	11.85	11.85
Saccade L	1	13	3658350674	3658424700	74026	753.25	342.65	369.07	479.93	9.75	389.60	0.24	131.76	16924.48	-13817.93	7444.81
Saccade R	1	13	3658350674	3658424700	74026	753.25	342.65	369.07	479.93	9.75	389.60	0.24	131.76	16924.48	-13817.93	7444.81
Fixation L	1	14	3658424700	3658706639	281939	377.24	474.78	19	30	-1	11.76	11.76
Fixation R	1	14	3658424700	3658706639	281939	377.24	474.78	19	30	-1	11.82	11.82
Saccade L	1	14	3658706639	3658734519	27880	385.35	468.51	349.57	456.04	0.80	50.74	0.35	28.62	1175.14	-1797.25	1103.86
Saccade R	1	14	3658706639	3658734519	27880	385.35	468.51	349.57	456.04	0.80	50.74	0.35	28.62	1175.14	-1797.25	1103.86
Fixation L	1	15	3658734519	3659628006	893487	340.63	447.89	39	43	-1	11.42	11.42
Fixation R	1	15	3658734519	3659628006	893487	340.63	447.89	39	43	-1	11.58	11.58
UserEvent	1	114	3659412203	# Message: UE-mouseclick left x=363 y=439
Saccade L	1	15	3659628006	3659701849	73843	358.07	466.07	363.75	533.36	2.69	81.81	0.48	36.48	2877.18	-3082.20	1799.26
Saccade R	1	15	3659628006	3659701849	73843	358.07	466.07	363.75	533.36	2.69	81.81	0.48	36.48	2877.18	-3082.20	1799.26
Fixation L	1	16	3659701849	3660115142	413293	362.40	532.99	38	25	-1	11.47	11.47
Fixation R	1	16	3659701849	3660115142	413293	362.40	532.99	38	25	-1	11.57	11.57
UserEvent	1	131	3660052179	# Message: UE-mouseclick left x=403 y=525
