[BeGaze]
Converted from:	C:\Program Files\SMI\Experiment Suite 360\Experiment Center 2\Results\RC-Attachment-Exp\P10-eye_data.idf
Date:	18.03.2012 20:08:26
Version:	BeGaze 3.0.181
Sample Rate:	500
Subject:	P10
Description:	Run15

Table Header for Fixations:
Event Type	Trial	Number	Start	End	Duration	Location X	Location Y	Dispersion X	Dispersion Y	Plane	Avg. Pupil Size X	Avg. Pupil Size Y

Table Header for Saccades:
Event Type	Trial	Number	Start	End	Duration	Start Loc.X	Start Loc.Y	End Loc.X	End Loc.Y	Amplitude	Peak Speed	Peak Speed At	Average Speed	Peak Accel.	Peak Decel.	Average Accel.

Table Header for Blinks:
Event Type	Trial	Number	Start	End	Duration

Table Header for User Events:
Event Type	Trial	Number	Start	Description

UserEvent	1	1	8508842704	# Message: RC-N2forced-nonanim-4.jpg
Fixation L	1	1	8508843451	8509101591	258140	493.21	445.39	27	34	-1	11.06	11.06
Fixation R	1	1	8508843451	8509101591	258140	493.21	445.39	27	34	-1	10.89	10.89
Saccade L	1	1	8509101591	8509166303	64712	489.05	436.72	469.63	438.91	9.13	342.63	0.59	141.07	10757.17	-12348.92	5588.59
Saccade R	1	1	8509101591	8509166303	64712	489.05	436.72	469.63	438.91	9.13	342.63	0.59	141.07	10757.17	-12348.92	5588.59
Fixation L	1	2	8509166303	8509239696	73393	489.69	430.57	43	28	-1	11.07	11.07
Fixation R	1	2	8509166303	8509239696	73393	489.69	430.57	43	28	-1	10.98	10.98
Fixation L	1	3	8509275618	8509397697	122079	500.51	451.64	44	32	-1	11.19	11.19
Fixation R	1	3	8509275618	8509397697	122079	500.51	451.64	44	32	-1	11.06	11.06
Saccade L	1	2	8509417795	8509453757	35962	562.19	462.69	602.93	565.89	3.14	221.41	0.39	87.25	4793.24	-6950.55	3711.85
Saccade R	1	2	8509417795	8509453757	35962	562.19	462.69	602.93	565.89	3.14	221.41	0.39	87.25	4793.24	-6950.55	3711.85
Saccade L	1	3	8509468064	8509497801	29737	606.70	564.38	565.57	455.46	2.41	169.77	0.33	81.09	5113.04	-5579.19	3634.12
Saccade R	1	3	8509468064	8509497801	29737	606.70	564.38	565.57	455.46	2.41	169.77	0.33	81.09	5113.04	-5579.19	3634.12
Saccade L	1	4	8509541796	8509567811	26015	574.67	450.52	639.60	447.39	1.44	100.31	0.46	55.39	4164.02	-3634.13	2754.82
Saccade R	1	4	8509541796	8509567811	26015	574.67	450.52	639.60	447.39	1.44	100.31	0.46	55.39	4164.02	-3634.13	2754.82
Saccade L	1	5	8509607820	8509649819	41999	622.01	442.73	645.49	454.03	3.57	132.96	0.68	84.93	4398.64	-4983.72	3176.47
Saccade R	1	5	8509607820	8509649819	41999	622.01	442.73	645.49	454.03	3.57	132.96	0.68	84.93	4398.64	-4983.72	3176.47
Fixation L	1	4	8509649819	8509713288	63469	640.43	456.76	11	6	-1	11.12	11.12
Fixation R	1	4	8509649819	8509713288	63469	640.43	456.76	11	6	-1	11.17	11.17
Saccade L	1	6	8509713288	8509739920	26632	634.82	459.01	781.20	462.13	2.97	230.93	0.47	111.56	9411.64	-9222.02	6734.84
Saccade R	1	6	8509713288	8509739920	26632	634.82	459.01	781.20	462.13	2.97	230.93	0.47	111.56	9411.64	-9222.02	6734.84
Fixation L	1	5	8509739920	8509987954	248034	779.61	459.26	16	37	-1	11.11	11.11
Fixation R	1	5	8509739920	8509987954	248034	779.61	459.26	16	37	-1	11.08	11.08
Saccade L	1	7	8509987954	8510028293	40339	773.19	436.06	901.03	436.13	3.13	151.75	0.35	77.67	6276.39	-5334.14	3985.54
Saccade R	1	7	8509987954	8510028293	40339	773.19	436.06	901.03	436.13	3.13	151.75	0.35	77.67	6276.39	-5334.14	3985.54
Fixation L	1	6	8510028293	8510112091	83798	894.41	445.38	34	27	-1	11.08	11.08
Fixation R	1	6	8510028293	8510112091	83798	894.41	445.38	34	27	-1	11.04	11.04
Saccade L	1	8	8510112091	8510156851	44760	888.85	464.16	888.88	453.61	2.94	126.44	0.58	65.70	3519.64	-4295.94	2461.05
Saccade R	1	8	8510112091	8510156851	44760	888.85	464.16	888.88	453.61	2.94	126.44	0.58	65.70	3519.64	-4295.94	2461.05
Saccade L	1	9	8510206054	8510256163	50109	894.02	443.91	940.61	446.10	4.07	165.65	0.76	81.32	5287.56	-5741.14	2552.98
Saccade R	1	9	8510206054	8510256163	50109	894.02	443.91	940.61	446.10	4.07	165.65	0.76	81.32	5287.56	-5741.14	2552.98
Fixation L	1	7	8510256163	8510420158	163995	954.32	439.72	30	18	-1	10.93	10.93
Fixation R	1	7	8510256163	8510420158	163995	954.32	439.72	30	18	-1	10.86	10.86
Saccade L	1	10	8510420158	8510452151	31993	962.29	431.82	925.47	521.52	2.28	147.71	0.53	71.21	5654.65	-4855.36	3656.71
Saccade R	1	10	8510420158	8510452151	31993	962.29	431.82	925.47	521.52	2.28	147.71	0.53	71.21	5654.65	-4855.36	3656.71
Saccade L	1	11	8510456167	8510486151	29984	927.11	523.74	990.61	461.67	1.97	133.93	0.41	65.65	3828.60	-5080.27	3174.79
Saccade R	1	11	8510456167	8510486151	29984	927.11	523.74	990.61	461.67	1.97	133.93	0.41	65.65	3828.60	-5080.27	3174.79
Fixation L	1	8	8510486151	8510540280	54129	984.80	453.35	19	27	-1	10.92	10.92
Fixation R	1	8	8510486151	8510540280	54129	984.80	453.35	19	27	-1	10.92	10.92
Saccade L	1	12	8510540280	8510576269	35989	976.32	436.77	1011.99	527.79	2.12	117.24	0.50	58.78	4041.10	-3929.10	2780.85
Saccade R	1	12	8510540280	8510576269	35989	976.32	436.77	1011.99	527.79	2.12	117.24	0.50	58.78	4041.10	-3929.10	2780.85
Saccade L	1	13	8510600677	8510648281	47604	1010.94	539.19	1104.18	552.63	4.29	227.43	0.60	90.03	8095.73	-9350.31	5049.45
Saccade R	1	13	8510600677	8510648281	47604	1010.94	539.19	1104.18	552.63	4.29	227.43	0.60	90.03	8095.73	-9350.31	5049.45
Fixation L	1	9	8510648281	8510708315	60034	1118.07	555.49	38	7	-1	10.96	10.96
Fixation R	1	9	8510648281	8510708315	60034	1118.07	555.49	38	7	-1	10.97	10.97
Saccade L	1	14	8510708315	8510776266	67951	1108.59	552.40	1100.47	497.73	5.16	280.47	0.44	75.98	6706.82	-8626.03	3788.27
Saccade R	1	14	8510708315	8510776266	67951	1108.59	552.40	1100.47	497.73	5.16	280.47	0.44	75.98	6706.82	-8626.03	3788.27
Saccade L	1	15	8510783040	8510806394	23354	1104.17	498.91	1114.03	551.80	1.25	110.52	0.66	53.61	3191.30	504.43	2149.63
Saccade R	1	15	8510783040	8510806394	23354	1104.17	498.91	1114.03	551.80	1.25	110.52	0.66	53.61	3191.30	504.43	2149.63
Saccade L	1	16	8510806394	8510848395	42001	1114.03	551.80	1120.70	489.50	2.96	133.23	0.25	70.44	627.60	-3194.52	1132.67
Saccade R	1	16	8510806394	8510848395	42001	1114.03	551.80	1120.70	489.50	2.96	133.23	0.25	70.44	627.60	-3194.52	1132.67
Saccade L	1	17	8510888393	8510914394	26001	1139.73	505.76	1117.51	477.73	0.80	41.05	0.39	30.95	3941.39	-621.00	1004.18
Saccade R	1	17	8510888393	8510914394	26001	1139.73	505.76	1117.51	477.73	0.80	41.05	0.39	30.95	3941.39	-621.00	1004.18
Saccade L	1	18	8510918708	8510940715	22007	1114.35	479.06	1148.78	576.44	2.16	183.89	0.44	98.23	6172.74	-7351.23	4534.69
Saccade R	1	18	8510918708	8510940715	22007	1114.35	479.06	1148.78	576.44	2.16	183.89	0.44	98.23	6172.74	-7351.23	4534.69
Saccade L	1	19	8510976385	8511060515	84130	1146.03	561.83	867.21	917.22	11.99	258.29	0.81	142.51	5425.47	-9281.13	4842.87
Saccade R	1	19	8510976385	8511060515	84130	1146.03	561.83	867.21	917.22	11.99	258.29	0.81	142.51	5425.47	-9281.13	4842.87
Fixation L	1	10	8511060515	8511140513	79998	881.65	924.81	23	31	-1	11.04	11.04
Fixation R	1	10	8511060515	8511140513	79998	881.65	924.81	23	31	-1	11.10	11.10
Saccade L	1	20	8511155943	8511176554	20611	881.12	961.27	880.72	898.02	1.00	96.60	0.22	48.59	1385.17	-3043.52	1591.62
Saccade R	1	20	8511155943	8511176554	20611	881.12	961.27	880.72	898.02	1.00	96.60	0.22	48.59	1385.17	-3043.52	1591.62
Saccade L	1	21	8511188516	8511238550	50034	881.97	894.81	892.85	956.89	1.67	56.46	0.72	33.46	1258.15	-1559.14	818.29
Saccade R	1	21	8511188516	8511238550	50034	881.97	894.81	892.85	956.89	1.67	56.46	0.72	33.46	1258.15	-1559.14	818.29
Saccade L	1	22	8511272508	8511314520	42012	920.22	958.02	915.90	958.80	1.50	51.18	0.62	35.69	1271.10	-1320.24	809.45
Saccade R	1	22	8511272508	8511314520	42012	920.22	958.02	915.90	958.80	1.50	51.18	0.62	35.69	1271.10	-1320.24	809.45
Saccade L	1	23	8511418631	8511446626	27995	952.45	971.98	894.93	921.52	1.55	108.43	0.36	55.19	1360.83	-2652.92	1088.31
Saccade R	1	23	8511418631	8511446626	27995	952.45	971.98	894.93	921.52	1.55	108.43	0.36	55.19	1360.83	-2652.92	1088.31
Saccade L	1	24	8511464636	8511492628	27992	941.02	942.39	886.76	941.90	1.19	65.46	0.50	42.60	-215.08	-1939.66	973.66
Saccade R	1	24	8511464636	8511492628	27992	941.02	942.39	886.76	941.90	1.19	65.46	0.50	42.60	-215.08	-1939.66	973.66
Saccade L	1	25	8511496637	8511520630	23993	885.98	937.26	927.17	948.91	0.86	54.69	0.42	35.90	1116.28	-1878.61	1077.36
Saccade R	1	25	8511496637	8511520630	23993	885.98	937.26	927.17	948.91	0.86	54.69	0.42	35.90	1116.28	-1878.61	1077.36
Fixation L	1	11	8511520630	8511614751	94121	910.35	953.41	33	50	-1	11.09	11.09
Fixation R	1	11	8511520630	8511614751	94121	910.35	953.41	33	50	-1	11.05	11.05
