[BeGaze]
Converted from:	C:\Program Files\SMI\Experiment Suite 360\Experiment Center 2\Results\RC-Attachment-Exp\Denek01-eye_data.idf
Date:	18.03.2012 20:03:32
Version:	BeGaze 3.0.181
Sample Rate:	500
Subject:	Denek01
Description:	Run4

Table Header for Fixations:
Event Type	Trial	Number	Start	End	Duration	Location X	Location Y	Dispersion X	Dispersion Y	Plane	Avg. Pupil Size X	Avg. Pupil Size Y

Table Header for Saccades:
Event Type	Trial	Number	Start	End	Duration	Start Loc.X	Start Loc.Y	End Loc.X	End Loc.Y	Amplitude	Peak Speed	Peak Speed At	Average Speed	Peak Accel.	Peak Decel.	Average Accel.

Table Header for Blinks:
Event Type	Trial	Number	Start	End	Duration

Table Header for User Events:
Event Type	Trial	Number	Start	Description

UserEvent	1	1	1904897871	# Message: RC-nonforced-nonanim-3.jpg
Fixation L	1	1	1904901721	1905172258	270537	488.87	440.18	26	31	-1	14.86	14.86
Fixation R	1	1	1904901721	1905172258	270537	488.87	440.18	26	31	-1	15.81	15.81
Saccade L	1	1	1905172258	1905196286	24028	494.30	444.54	578.15	433.57	1.73	136.56	0.50	71.92	5365.46	-5023.66	3566.95
Saccade R	1	1	1905172258	1905196286	24028	494.30	444.54	578.15	433.57	1.73	136.56	0.50	71.92	5365.46	-5023.66	3566.95
Fixation L	1	2	1905196286	1905366282	169996	586.25	419.58	22	22	-1	14.86	14.86
Fixation R	1	2	1905196286	1905366282	169996	586.25	419.58	22	22	-1	15.99	15.99
Saccade L	1	2	1905366282	1905390353	24071	596.74	413.06	670.59	417.31	1.56	111.46	0.50	64.85	4261.21	-4436.01	3065.33
Saccade R	1	2	1905366282	1905390353	24071	596.74	413.06	670.59	417.31	1.56	111.46	0.50	64.85	4261.21	-4436.01	3065.33
Fixation L	1	3	1905390353	1905596346	205993	668.21	416.12	10	26	-1	14.94	14.94
Fixation R	1	3	1905390353	1905596346	205993	668.21	416.12	10	26	-1	16.04	16.04
Saccade L	1	3	1905596346	1905620349	24003	670.03	404.91	738.85	412.20	1.47	107.29	0.53	61.34	4266.58	-3990.71	2870.19
Saccade R	1	3	1905596346	1905620349	24003	670.03	404.91	738.85	412.20	1.47	107.29	0.53	61.34	4266.58	-3990.71	2870.19
Fixation L	1	4	1905620349	1905898455	278106	752.07	413.58	28	16	-1	14.77	14.77
Fixation R	1	4	1905620349	1905898455	278106	752.07	413.58	28	16	-1	16.02	16.02
Saccade L	1	4	1905898455	1905926649	28194	765.04	402.30	837.74	405.20	1.59	102.73	0.50	56.42	3794.91	-4072.42	2861.81
Saccade R	1	4	1905898455	1905926649	28194	765.04	402.30	837.74	405.20	1.59	102.73	0.50	56.42	3794.91	-4072.42	2861.81
Fixation L	1	5	1905926649	1906274743	348094	844.17	411.44	17	23	-1	14.60	14.60
Fixation R	1	5	1905926649	1906274743	348094	844.17	411.44	17	23	-1	15.78	15.78
Saccade L	1	5	1906274743	1906298690	23947	844.67	419.39	903.42	416.29	1.23	88.52	0.50	51.51	3235.13	-3564.00	2394.56
Saccade R	1	5	1906274743	1906298690	23947	844.67	419.39	903.42	416.29	1.23	88.52	0.50	51.51	3235.13	-3564.00	2394.56
Fixation L	1	6	1906298690	1906458689	159999	905.89	412.06	19	18	-1	14.78	14.78
Fixation R	1	6	1906298690	1906458689	159999	905.89	412.06	19	18	-1	15.84	15.84
Saccade L	1	6	1906458689	1906487862	29173	907.13	421.08	998.31	426.41	2.11	138.20	0.48	72.45	5406.79	-5469.68	3903.63
Saccade R	1	6	1906458689	1906487862	29173	907.13	421.08	998.31	426.41	2.11	138.20	0.48	72.45	5406.79	-5469.68	3903.63
Fixation L	1	7	1906487862	1906800938	313076	1009.94	420.06	18	26	-1	14.56	14.56
Fixation R	1	7	1906487862	1906800938	313076	1009.94	420.06	18	26	-1	15.83	15.83
Saccade L	1	7	1906800938	1906836970	36032	1005.74	426.83	1118.34	428.89	2.46	138.30	0.39	68.32	5680.58	-5144.97	3833.53
Saccade R	1	7	1906800938	1906836970	36032	1005.74	426.83	1118.34	428.89	2.46	138.30	0.39	68.32	5680.58	-5144.97	3833.53
Fixation L	1	8	1906836970	1907037037	200067	1119.40	425.09	11	23	-1	14.37	14.37
Fixation R	1	8	1906836970	1907037037	200067	1119.40	425.09	11	23	-1	15.63	15.63
Saccade L	1	8	1907037037	1907059039	22002	1118.36	433.50	1160.05	426.24	0.82	57.11	0.54	37.13	2199.90	-2009.23	1418.79
Saccade R	1	8	1907037037	1907059039	22002	1118.36	433.50	1160.05	426.24	0.82	57.11	0.54	37.13	2199.90	-2009.23	1418.79
Fixation L	1	9	1907059039	1907159186	100147	1153.83	418.59	21	16	-1	14.35	14.35
Fixation R	1	9	1907059039	1907159186	100147	1153.83	418.59	21	16	-1	15.69	15.69
Blink L	1	1	1907159186	1907315146	155960
Blink R	1	1	1907159186	1907315146	155960
Saccade L	1	9	1907320955	1907391154	70199	808.36	765.31	856.13	925.95	3.78	75.80	0.32	53.78	2255.82	-2166.82	1092.58
Saccade R	1	9	1907320955	1907391154	70199	808.36	765.31	856.13	925.95	3.78	75.80	0.32	53.78	2255.82	-2166.82	1092.58
Fixation L	1	10	1907391154	1907523272	132118	845.32	926.68	28	26	-1	14.85	14.85
Fixation R	1	10	1907391154	1907523272	132118	845.32	926.68	28	26	-1	15.81	15.81
Saccade L	1	10	1907523272	1907551273	28001	831.23	911.11	917.82	914.05	1.98	136.34	0.50	70.75	5272.09	-4976.75	3652.23
Saccade R	1	10	1907523272	1907551273	28001	831.23	911.11	917.82	914.05	1.98	136.34	0.50	70.75	5272.09	-4976.75	3652.23
Fixation L	1	11	1907551273	1907891378	340105	909.99	919.25	23	35	-1	14.23	14.23
Fixation R	1	11	1907551273	1907891378	340105	909.99	919.25	23	35	-1	15.46	15.46
