[BeGaze]
Converted from:	C:\Program Files\SMI\Experiment Suite 360\Experiment Center 2\Results\RC-Attachment-Exp\P17-eye_data.idf
Date:	18.03.2012 20:12:52
Version:	BeGaze 3.0.181
Sample Rate:	500
Subject:	P17
Description:	Run22

Table Header for Fixations:
Event Type	Trial	Number	Start	End	Duration	Location X	Location Y	Dispersion X	Dispersion Y	Plane	Avg. Pupil Size X	Avg. Pupil Size Y

Table Header for Saccades:
Event Type	Trial	Number	Start	End	Duration	Start Loc.X	Start Loc.Y	End Loc.X	End Loc.Y	Amplitude	Peak Speed	Peak Speed At	Average Speed	Peak Accel.	Peak Decel.	Average Accel.

Table Header for Blinks:
Event Type	Trial	Number	Start	End	Duration

Table Header for User Events:
Event Type	Trial	Number	Start	Description

UserEvent	1	1	15994871594	# Message: Dist-orcop-6.jpg
Fixation L	1	1	15994872446	15995536775	664329	487.90	443.10	32	21	-1	12.56	12.56
Fixation R	1	1	15994872446	15995536775	664329	487.90	443.10	32	21	-1	12.25	12.25
Saccade L	1	1	15995536775	15995566798	30023	485.80	445.63	552.51	438.86	1.36	80.41	0.33	45.40	3063.58	-2710.58	2058.37
Saccade R	1	1	15995536775	15995566798	30023	485.80	445.63	552.51	438.86	1.36	80.41	0.33	45.40	3063.58	-2710.58	2058.37
Fixation L	1	2	15995566798	15996062998	496200	579.51	445.99	66	24	-1	12.85	12.85
Fixation R	1	2	15995566798	15996062998	496200	579.51	445.99	66	24	-1	12.50	12.50
Saccade L	1	2	15996062998	15996107150	44152	617.64	449.09	696.97	442.20	1.79	59.60	0.32	40.53	2430.09	-1585.67	1451.91
Saccade R	1	2	15996062998	15996107150	44152	617.64	449.09	696.97	442.20	1.79	59.60	0.32	40.53	2430.09	-1585.67	1451.91
Fixation L	1	3	15996107150	15996200987	93837	708.14	448.82	20	11	-1	12.39	12.39
Fixation R	1	3	15996107150	15996200987	93837	708.14	448.82	20	11	-1	12.06	12.06
Saccade L	1	3	15996200987	15996229021	28034	717.94	449.19	767.77	442.77	1.06	54.09	0.50	37.65	2021.33	-2175.26	1508.51
Saccade R	1	3	15996200987	15996229021	28034	717.94	449.19	767.77	442.77	1.06	54.09	0.50	37.65	2021.33	-2175.26	1508.51
Fixation L	1	4	15996229021	15996909349	680328	788.63	442.45	54	50	-1	12.08	12.08
Fixation R	1	4	15996229021	15996909349	680328	788.63	442.45	54	50	-1	11.68	11.68
Saccade L	1	4	15996909349	15996935371	26022	795.96	429.25	882.88	421.37	1.95	139.17	0.54	74.84	5392.96	-5387.34	3850.78
Saccade R	1	4	15996909349	15996935371	26022	795.96	429.25	882.88	421.37	1.95	139.17	0.54	74.84	5392.96	-5387.34	3850.78
Fixation L	1	5	15996935371	15997137456	202085	889.74	407.96	33	21	-1	11.66	11.66
Fixation R	1	5	15996935371	15997137456	202085	889.74	407.96	33	21	-1	11.19	11.19
Saccade L	1	5	15997137456	15997291608	154152	875.05	411.48	1014.78	373.23	77.91	2282.94	0.55	505.40	71576.43	-71669.78	18525.98
Saccade R	1	5	15997137456	15997291608	154152	875.05	411.48	1014.78	373.23	77.91	2282.94	0.55	505.40	71576.43	-71669.78	18525.98
Fixation L	1	6	15997291608	15997475564	183956	1006.22	414.97	19	64	-1	12.07	12.07
Fixation R	1	6	15997291608	15997475564	183956	1006.22	414.97	19	64	-1	11.58	11.58
Saccade L	1	6	15997475564	15997501596	26032	998.05	396.39	899.65	417.54	2.22	164.95	0.54	85.40	6147.36	-6735.09	4617.00
Saccade R	1	6	15997475564	15997501596	26032	998.05	396.39	899.65	417.54	2.22	164.95	0.54	85.40	6147.36	-6735.09	4617.00
Fixation L	1	7	15997501596	15997699749	198153	901.26	425.57	35	20	-1	12.30	12.30
Fixation R	1	7	15997501596	15997699749	198153	901.26	425.57	35	20	-1	11.89	11.89
Saccade L	1	7	15997699749	15997737688	37939	923.01	435.14	997.94	429.73	1.79	81.14	0.53	47.11	3004.81	-2991.08	2201.81
Saccade R	1	7	15997699749	15997737688	37939	923.01	435.14	997.94	429.73	1.79	81.14	0.53	47.11	3004.81	-2991.08	2201.81
Fixation L	1	8	15997737688	15997985796	248108	991.68	434.66	26	18	-1	11.76	11.76
Fixation R	1	8	15997737688	15997985796	248108	991.68	434.66	26	18	-1	11.32	11.32
Saccade L	1	8	15997985796	15998013790	27994	975.44	444.35	1055.29	434.52	1.81	114.55	0.49	64.65	4667.43	-4649.14	3348.85
Saccade R	1	8	15997985796	15998013790	27994	975.44	444.35	1055.29	434.52	1.81	114.55	0.49	64.65	4667.43	-4649.14	3348.85
Fixation L	1	9	15998013790	15998207933	194143	1058.88	426.51	23	21	-1	11.81	11.81
Fixation R	1	9	15998013790	15998207933	194143	1058.88	426.51	23	21	-1	11.40	11.40
Saccade L	1	9	15998207933	15998234006	26073	1062.57	433.66	1107.43	431.81	0.98	57.42	0.46	37.50	2079.90	-1965.83	1431.18
Saccade R	1	9	15998207933	15998234006	26073	1062.57	433.66	1107.43	431.81	0.98	57.42	0.46	37.50	2079.90	-1965.83	1431.18
Fixation L	1	10	15998234006	15998323907	89901	1117.53	433.51	14	12	-1	11.98	11.98
Fixation R	1	10	15998234006	15998323907	89901	1117.53	433.51	14	12	-1	11.61	11.61
Saccade L	1	10	15998323907	15998345975	22068	1113.81	425.71	1155.82	430.57	0.83	61.18	0.46	37.83	2020.09	-2466.22	1536.31
Saccade R	1	10	15998323907	15998345975	22068	1113.81	425.71	1155.82	430.57	0.83	61.18	0.46	37.83	2020.09	-2466.22	1536.31
Fixation L	1	11	15998345975	15998550035	204060	1161.73	434.97	18	17	-1	12.22	12.22
Fixation R	1	11	15998345975	15998550035	204060	1161.73	434.97	18	17	-1	11.70	11.70
Blink L	1	1	15998550035	15998850159	300124
Blink R	1	1	15998550035	15998850159	300124
Saccade L	1	11	15998896134	15998922144	26010	871.44	933.82	911.15	928.88	0.82	44.21	0.39	31.62	269.14	-1159.11	550.41
Saccade R	1	11	15998896134	15998922144	26010	871.44	933.82	911.15	928.88	0.82	44.21	0.39	31.62	269.14	-1159.11	550.41
Fixation L	1	12	15998922144	15999344365	422221	909.97	917.87	32	53	-1	14.29	14.29
Fixation R	1	12	15998922144	15999344365	422221	909.97	917.87	32	53	-1	13.39	13.39
