[BeGaze]
Converted from:	C:\Program Files\SMI\Experiment Suite 360\Experiment Center 2\Results\RC-Attachment-Exp\P18-eye_data.idf
Date:	18.03.2012 20:13:42
Version:	BeGaze 3.0.181
Sample Rate:	500
Subject:	P18
Description:	Run23

Table Header for Fixations:
Event Type	Trial	Number	Start	End	Duration	Location X	Location Y	Dispersion X	Dispersion Y	Plane	Avg. Pupil Size X	Avg. Pupil Size Y

Table Header for Saccades:
Event Type	Trial	Number	Start	End	Duration	Start Loc.X	Start Loc.Y	End Loc.X	End Loc.Y	Amplitude	Peak Speed	Peak Speed At	Average Speed	Peak Accel.	Peak Decel.	Average Accel.

Table Header for Blinks:
Event Type	Trial	Number	Start	End	Duration

Table Header for User Events:
Event Type	Trial	Number	Start	Description

UserEvent	1	1	16966483233	# Message: RC-nonforced-anim-2.jpg
Fixation L	1	1	16966484409	16967138607	654198	513.10	437.42	31	36	-1	9.73	9.73
Fixation R	1	1	16966484409	16967138607	654198	513.10	437.42	31	36	-1	9.95	9.95
Fixation L	1	2	16967158595	16967504701	346106	578.05	429.62	48	21	-1	9.95	9.95
Fixation R	1	2	16967158595	16967504701	346106	578.05	429.62	48	21	-1	10.18	10.18
Saccade L	1	1	16967504701	16967538826	34125	569.52	433.58	682.52	450.00	2.46	124.96	0.41	72.01	4724.78	-4872.99	3624.70
Saccade R	1	1	16967504701	16967538826	34125	569.52	433.58	682.52	450.00	2.46	124.96	0.41	72.01	4724.78	-4872.99	3624.70
Fixation L	1	3	16967538826	16967836944	298118	672.90	431.43	50	34	-1	9.84	9.84
Fixation R	1	3	16967538826	16967836944	298118	672.90	431.43	50	34	-1	10.13	10.13
Saccade L	1	2	16967836944	16967866961	30017	656.60	422.15	707.69	418.25	1.40	90.19	0.67	46.53	3062.49	-2215.68	1891.72
Saccade R	1	2	16967836944	16967866961	30017	656.60	422.15	707.69	418.25	1.40	90.19	0.67	46.53	3062.49	-2215.68	1891.72
Saccade L	1	3	16967872941	16967894949	22008	720.60	413.01	744.13	442.34	0.78	49.88	0.38	35.25	641.66	-1466.49	771.52
Saccade R	1	3	16967872941	16967894949	22008	720.60	413.01	744.13	442.34	0.78	49.88	0.38	35.25	641.66	-1466.49	771.52
Fixation L	1	4	16967894949	16967948932	53983	761.63	441.36	42	13	-1	9.74	9.74
Fixation R	1	4	16967894949	16967948932	53983	761.63	441.36	42	13	-1	10.05	10.05
Saccade L	1	4	16967948932	16967974993	26061	787.35	447.63	771.73	399.10	1.05	62.35	0.46	40.37	1555.55	-2390.05	1437.64
Saccade R	1	4	16967948932	16967974993	26061	787.35	447.63	771.73	399.10	1.05	62.35	0.46	40.37	1555.55	-2390.05	1437.64
Saccade L	1	5	16968006950	16968059059	52109	773.46	398.35	868.41	448.65	2.39	101.28	0.23	45.79	4117.06	-2994.71	1680.46
Saccade R	1	5	16968006950	16968059059	52109	773.46	398.35	868.41	448.65	2.39	101.28	0.23	45.79	4117.06	-2994.71	1680.46
Saccade L	1	6	16968063059	16968089049	25990	869.82	449.17	824.42	437.41	0.97	59.32	0.48	37.19	1237.12	-2299.01	1269.41
Saccade R	1	6	16968063059	16968089049	25990	869.82	449.17	824.42	437.41	0.97	59.32	0.48	37.19	1237.12	-2299.01	1269.41
Fixation L	1	5	16968089049	16968191078	102029	800.92	424.80	42	28	-1	9.58	9.58
Fixation R	1	5	16968089049	16968191078	102029	800.92	424.80	42	28	-1	10.03	10.03
Saccade L	1	7	16968191078	16968221051	29973	798.49	415.99	900.38	432.30	2.32	152.52	0.53	77.43	5950.44	-6043.14	4350.08
Saccade R	1	7	16968191078	16968221051	29973	798.49	415.99	900.38	432.30	2.32	152.52	0.53	77.43	5950.44	-6043.14	4350.08
Fixation L	1	6	16968221051	16968281248	60197	902.23	431.22	14	8	-1	9.57	9.57
Fixation R	1	6	16968221051	16968281248	60197	902.23	431.22	14	8	-1	10.17	10.17
Saccade L	1	8	16968281248	16968317774	36526	892.68	429.89	968.71	399.24	2.13	122.00	0.32	58.39	4685.78	-4100.99	2878.12
Saccade R	1	8	16968281248	16968317774	36526	892.68	429.89	968.71	399.24	2.13	122.00	0.32	58.39	4685.78	-4100.99	2878.12
Fixation L	1	7	16968317774	16968497165	179391	977.26	416.86	71	39	-1	9.46	9.46
Fixation R	1	7	16968317774	16968497165	179391	977.26	416.86	71	39	-1	10.01	10.01
Saccade L	1	9	16968497165	16968523224	26059	927.11	428.18	1023.10	426.59	2.11	150.48	0.46	81.16	5408.23	-6014.05	4129.24
Saccade R	1	9	16968497165	16968523224	26059	927.11	428.18	1023.10	426.59	2.11	150.48	0.46	81.16	5408.23	-6014.05	4129.24
Fixation L	1	8	16968523224	16968745274	222050	1027.16	440.61	11	36	-1	9.46	9.46
Fixation R	1	8	16968523224	16968745274	222050	1027.16	440.61	11	36	-1	9.83	9.83
Saccade L	1	10	16968745274	16968773279	28005	1026.19	451.03	979.82	452.30	1.05	55.86	0.43	37.38	2320.88	-2216.64	1611.51
Saccade R	1	10	16968745274	16968773279	28005	1026.19	451.03	979.82	452.30	1.05	55.86	0.43	37.38	2320.88	-2216.64	1611.51
Fixation L	1	9	16968773279	16968869401	96122	990.72	447.69	35	17	-1	9.36	9.36
Fixation R	1	9	16968773279	16968869401	96122	990.72	447.69	35	17	-1	9.81	9.81
Saccade L	1	11	16968869401	16968899409	30008	1007.42	451.11	949.14	446.80	1.29	65.84	0.40	42.99	2502.99	-2355.29	1783.89
Saccade R	1	11	16968869401	16968899409	30008	1007.42	451.11	949.14	446.80	1.29	65.84	0.40	42.99	2502.99	-2355.29	1783.89
Saccade L	1	12	16968931417	16968973389	41972	950.56	451.71	1097.86	440.73	3.23	181.11	0.33	76.96	7811.01	-6832.80	4630.00
Saccade R	1	12	16968931417	16968973389	41972	950.56	451.71	1097.86	440.73	3.23	181.11	0.33	76.96	7811.01	-6832.80	4630.00
Fixation L	1	10	16968973389	16969157554	184165	1093.54	441.38	25	34	-1	9.40	9.40
Fixation R	1	10	16968973389	16969157554	184165	1093.54	441.38	25	34	-1	9.77	9.77
Saccade L	1	13	16969161534	16969297549	136015	1086.58	447.43	1135.05	410.89	73.93	2198.89	0.46	543.52	49524.80	-68697.21	19925.93
Saccade R	1	13	16969161534	16969297549	136015	1086.58	447.43	1135.05	410.89	73.93	2198.89	0.46	543.52	49524.80	-68697.21	19925.93
Saccade L	1	14	16969339502	16969375500	35998	1144.04	417.42	1090.95	433.97	1.19	44.78	0.50	33.15	1458.01	-1569.66	1105.88
Saccade R	1	14	16969339502	16969375500	35998	1144.04	417.42	1090.95	433.97	1.19	44.78	0.50	33.15	1458.01	-1569.66	1105.88
Saccade L	1	15	16969421633	16969451610	29977	1085.03	441.17	1202.07	430.74	2.61	168.24	0.55	86.95	7046.86	-7233.53	5258.39
Saccade R	1	15	16969421633	16969451610	29977	1085.03	441.17	1202.07	430.74	2.61	168.24	0.55	86.95	7046.86	-7233.53	5258.39
Fixation L	1	11	16969451610	16969674058	222448	1175.90	425.55	66	35	-1	9.69	9.69
Fixation R	1	11	16969451610	16969674058	222448	1175.90	425.55	66	35	-1	9.99	9.99
Saccade L	1	16	16969674058	16969709763	35705	1206.77	419.28	1098.37	460.35	2.48	149.89	0.39	69.51	6144.12	-5646.02	3943.44
Saccade R	1	16	16969674058	16969709763	35705	1206.77	419.28	1098.37	460.35	2.48	149.89	0.39	69.51	6144.12	-5646.02	3943.44
Fixation L	1	12	16969709763	16969785744	75981	1096.71	447.95	12	24	-1	9.48	9.48
Fixation R	1	12	16969709763	16969785744	75981	1096.71	447.95	12	24	-1	9.69	9.69
Saccade L	1	17	16969785744	16969817774	32030	1104.81	436.37	1032.08	428.60	1.59	98.36	0.37	49.74	3931.34	-3428.46	2485.77
Saccade R	1	17	16969785744	16969817774	32030	1104.81	436.37	1032.08	428.60	1.59	98.36	0.37	49.74	3931.34	-3428.46	2485.77
Fixation L	1	13	16969817774	16970005909	188135	1050.49	424.40	60	18	-1	9.47	9.47
Fixation R	1	13	16969817774	16970005909	188135	1050.49	424.40	60	18	-1	9.67	9.67
Saccade L	1	18	16970005909	16970065875	59966	1028.85	420.61	1185.08	422.22	3.69	135.57	0.27	61.61	5302.12	-4594.23	2623.68
Saccade R	1	18	16970005909	16970065875	59966	1028.85	420.61	1185.08	422.22	3.69	135.57	0.27	61.61	5302.12	-4594.23	2623.68
Fixation L	1	14	16970065875	16970276034	210159	1184.93	431.24	26	42	-1	9.66	9.66
Fixation R	1	14	16970065875	16970276034	210159	1184.93	431.24	26	42	-1	10.02	10.02
Fixation L	1	15	16970379964	16970516077	136113	665.82	465.10	27	26	-1	9.94	9.94
Fixation R	1	15	16970379964	16970516077	136113	665.82	465.10	27	26	-1	10.07	10.07
Saccade L	1	19	16970516077	16970546098	30021	657.04	470.85	584.31	428.15	1.95	108.66	0.47	64.79	4748.18	-4437.44	3379.29
Saccade R	1	19	16970516077	16970546098	30021	657.04	470.85	584.31	428.15	1.95	108.66	0.47	64.79	4748.18	-4437.44	3379.29
Fixation L	1	16	16970546098	16970872487	326389	584.04	438.18	45	57	-1	9.78	9.78
Fixation R	1	16	16970546098	16970872487	326389	584.04	438.18	45	57	-1	10.13	10.13
Saccade L	1	20	16970872487	16970923008	50521	588.37	453.69	691.42	437.39	2.39	86.85	0.63	47.36	2219.98	-2948.24	1444.26
Saccade R	1	20	16970872487	16970923008	50521	588.37	453.69	691.42	437.39	2.39	86.85	0.63	47.36	2219.98	-2948.24	1444.26
Saccade L	1	21	16970968213	16971002305	34092	713.96	449.93	654.82	452.94	1.31	55.54	0.53	38.29	2101.54	-2072.69	1475.96
Saccade R	1	21	16970968213	16971002305	34092	713.96	449.93	654.82	452.94	1.31	55.54	0.53	38.29	2101.54	-2072.69	1475.96
Fixation L	1	17	16971002305	16971064307	62002	655.22	450.16	15	6	-1	9.41	9.41
Fixation R	1	17	16971002305	16971064307	62002	655.22	450.16	15	6	-1	10.08	10.08
Saccade L	1	22	16971064307	16971096334	32027	663.42	455.32	780.74	469.89	2.55	168.47	0.44	79.49	6503.37	-6323.93	4518.10
Saccade R	1	22	16971064307	16971096334	32027	663.42	455.32	780.74	469.89	2.55	168.47	0.44	79.49	6503.37	-6323.93	4518.10
Fixation L	1	18	16971096334	16971248329	151995	794.27	452.66	24	28	-1	9.55	9.55
Fixation R	1	18	16971096334	16971248329	151995	794.27	452.66	24	28	-1	9.97	9.97
Saccade L	1	23	16971248329	16971286325	37996	795.40	446.15	841.68	482.17	1.26	42.86	0.47	33.07	1711.82	-1315.39	1067.25
Saccade R	1	23	16971248329	16971286325	37996	795.40	446.15	841.68	482.17	1.26	42.86	0.47	33.07	1711.82	-1315.39	1067.25
Fixation L	1	19	16971286325	16971466419	180094	862.63	463.18	42	28	-1	9.72	9.72
Fixation R	1	19	16971286325	16971466419	180094	862.63	463.18	42	28	-1	9.91	9.91
Saccade L	1	24	16971466419	16971500414	33995	835.80	458.02	907.74	444.98	2.35	163.39	0.29	69.26	5672.18	-5471.44	3335.64
Saccade R	1	24	16971466419	16971500414	33995	835.80	458.02	907.74	444.98	2.35	163.39	0.29	69.26	5672.18	-5471.44	3335.64
Fixation L	1	20	16971500414	16971678535	178121	934.17	462.34	69	35	-1	9.65	9.65
Fixation R	1	20	16971500414	16971678535	178121	934.17	462.34	69	35	-1	10.04	10.04
Saccade L	1	25	16971678535	16971718529	39994	971.84	449.56	1088.18	445.54	2.65	135.18	0.35	66.17	5321.21	-4556.32	3454.80
Saccade R	1	25	16971678535	16971718529	39994	971.84	449.56	1088.18	445.54	2.65	135.18	0.35	66.17	5321.21	-4556.32	3454.80
Saccade L	1	26	16971732546	16971756628	24082	1089.51	446.45	1096.06	411.13	0.72	41.66	0.50	29.99	1452.09	-665.05	790.82
Saccade R	1	26	16971732546	16971756628	24082	1089.51	446.45	1096.06	411.13	0.72	41.66	0.50	29.99	1452.09	-665.05	790.82
Fixation L	1	21	16971756628	16971918653	162025	1090.50	431.60	34	32	-1	9.63	9.63
Fixation R	1	21	16971756628	16971918653	162025	1090.50	431.60	34	32	-1	10.01	10.01
Saccade L	1	27	16971918653	16971946651	27998	1082.16	422.51	1035.96	414.62	0.97	53.48	0.36	34.62	1896.51	-1700.86	1272.82
Saccade R	1	27	16971918653	16971946651	27998	1082.16	422.51	1035.96	414.62	0.97	53.48	0.36	34.62	1896.51	-1700.86	1272.82
Fixation L	1	22	16971946651	16972041700	95049	1047.14	408.17	20	13	-1	9.73	9.73
Fixation R	1	22	16971946651	16972041700	95049	1047.14	408.17	20	13	-1	10.00	10.00
Saccade L	1	28	16972041700	16972102790	61090	1050.13	413.27	876.83	946.84	13.59	382.60	0.57	222.54	12862.53	-15837.53	9826.63
Saccade R	1	28	16972041700	16972102790	61090	1050.13	413.27	876.83	946.84	13.59	382.60	0.57	222.54	12862.53	-15837.53	9826.63
Saccade L	1	29	16972112765	16972146765	34000	864.91	945.32	865.46	1002.90	1.37	66.15	0.47	40.23	1695.94	-2391.95	1378.59
Saccade R	1	29	16972112765	16972146765	34000	864.91	945.32	865.46	1002.90	1.37	66.15	0.47	40.23	1695.94	-2391.95	1378.59
Fixation L	1	23	16972146765	16972216779	70014	855.46	995.76	22	13	-1	10.39	10.39
Fixation R	1	23	16972146765	16972216779	70014	855.46	995.76	22	13	-1	10.76	10.76
Saccade L	1	30	16972254759	16972281240	26481	863.15	1017.06	859.51	981.00	0.88	48.35	0.45	33.28	1574.77	-1532.97	1067.15
Saccade R	1	30	16972254759	16972281240	26481	863.15	1017.06	859.51	981.00	0.88	48.35	0.45	33.28	1574.77	-1532.97	1067.15
Fixation L	1	24	16972281240	16972386907	105667	860.09	977.10	25	28	-1	10.57	10.57
Fixation R	1	24	16972281240	16972386907	105667	860.09	977.10	25	28	-1	10.94	10.94
Saccade L	1	31	16972386907	16972410988	24081	868.31	964.96	837.50	992.84	0.78	45.68	0.49	32.44	1660.76	-1581.10	1186.79
Saccade R	1	31	16972386907	16972410988	24081	868.31	964.96	837.50	992.84	0.78	45.68	0.49	32.44	1660.76	-1581.10	1186.79
Saccade L	1	32	16972428907	16972454927	26020	843.47	987.14	735.15	961.31	2.45	192.09	0.48	94.23	7438.35	-5718.51	4187.12
Saccade R	1	32	16972428907	16972454927	26020	843.47	987.14	735.15	961.31	2.45	192.09	0.48	94.23	7438.35	-5718.51	4187.12
Saccade L	1	33	16972454927	16972492876	37949	735.15	961.31	837.85	991.48	2.78	183.26	0.42	73.21	5244.37	-6409.94	3638.77
Saccade R	1	33	16972454927	16972492876	37949	735.15	961.31	837.85	991.48	2.78	183.26	0.42	73.21	5244.37	-6409.94	3638.77
Saccade L	1	34	16972538909	16972560899	21990	838.99	983.91	843.13	952.88	0.64	42.68	0.74	29.24	1331.27	105.96	699.14
Saccade R	1	34	16972538909	16972560899	21990	838.99	983.91	843.13	952.88	0.64	42.68	0.74	29.24	1331.27	105.96	699.14
Fixation L	1	25	16972582916	16972659007	76091	849.82	983.44	9	40	-1	10.10	10.10
Fixation R	1	25	16972582916	16972659007	76091	849.82	983.44	9	40	-1	10.41	10.41
Fixation L	1	26	16972677001	16972831009	154008	834.48	991.23	53	28	-1	10.24	10.24
Fixation R	1	26	16972677001	16972831009	154008	834.48	991.23	53	28	-1	10.48	10.48
Saccade L	1	35	16972831009	16972870994	39985	857.85	992.97	835.16	951.23	1.20	47.06	0.65	30.01	1025.53	-1610.00	888.61
Saccade R	1	35	16972831009	16972870994	39985	857.85	992.97	835.16	951.23	1.20	47.06	0.65	30.01	1025.53	-1610.00	888.61
Saccade L	1	36	16972909134	16972961136	52002	836.21	941.83	817.35	1009.55	1.68	40.72	0.23	32.36	1673.87	-955.92	670.71
Saccade R	1	36	16972909134	16972961136	52002	836.21	941.83	817.35	1009.55	1.68	40.72	0.23	32.36	1673.87	-955.92	670.71
