[BeGaze]
Converted from:	C:\Program Files\SMI\Experiment Suite 360\Experiment Center 2\Results\RC-Attachment-Exp\P25-eye_data.idf
Date:	18.03.2012 20:20:08
Version:	BeGaze 3.0.181
Sample Rate:	500
Subject:	P25
Description:	Run30

Table Header for Fixations:
Event Type	Trial	Number	Start	End	Duration	Location X	Location Y	Dispersion X	Dispersion Y	Plane	Avg. Pupil Size X	Avg. Pupil Size Y

Table Header for Saccades:
Event Type	Trial	Number	Start	End	Duration	Start Loc.X	Start Loc.Y	End Loc.X	End Loc.Y	Amplitude	Peak Speed	Peak Speed At	Average Speed	Peak Accel.	Peak Decel.	Average Accel.

Table Header for Blinks:
Event Type	Trial	Number	Start	End	Duration

Table Header for User Events:
Event Type	Trial	Number	Start	Description

UserEvent	1	1	10844637278	# Message: RC-nonforced-anim-2.jpg
Fixation L	1	1	10844640248	10845275210	634962	504.25	452.68	18	35	-1	13.84	13.84
Fixation R	1	1	10844640248	10845275210	634962	504.25	452.68	18	35	-1	13.77	13.77
Saccade L	1	1	10845275210	10845305262	30052	509.63	455.76	563.38	456.98	1.10	56.15	0.40	36.61	2224.24	-1930.36	1494.03
Saccade R	1	1	10845275210	10845305262	30052	509.63	455.76	563.38	456.98	1.10	56.15	0.40	36.61	2224.24	-1930.36	1494.03
Fixation L	1	2	10845305262	10845481321	176059	559.64	450.79	24	22	-1	13.47	13.47
Fixation R	1	2	10845305262	10845481321	176059	559.64	450.79	24	22	-1	13.53	13.53
Saccade L	1	2	10845481321	10845523309	41988	566.76	438.89	656.75	447.09	2.02	97.76	0.33	48.12	3520.98	-3186.39	2157.84
Saccade R	1	2	10845481321	10845523309	41988	566.76	438.89	656.75	447.09	2.02	97.76	0.33	48.12	3520.98	-3186.39	2157.84
Fixation L	1	3	10845523309	10845695318	172009	658.39	448.94	8	21	-1	13.34	13.34
Fixation R	1	3	10845523309	10845695318	172009	658.39	448.94	8	21	-1	13.53	13.53
Saccade L	1	3	10845695318	10845719446	24128	657.06	460.70	720.33	468.28	1.39	97.73	0.50	57.54	4063.02	-3434.46	2654.53
Saccade R	1	3	10845695318	10845719446	24128	657.06	460.70	720.33	468.28	1.39	97.73	0.50	57.54	4063.02	-3434.46	2654.53
Fixation L	1	4	10845719446	10846287697	568251	736.41	449.35	43	31	-1	13.29	13.29
Fixation R	1	4	10845719446	10846287697	568251	736.41	449.35	43	31	-1	13.49	13.49
Saccade L	1	4	10846287697	10846313657	25960	754.18	451.84	818.16	446.69	1.31	88.81	0.38	50.60	3512.07	-3313.21	2409.43
Saccade R	1	4	10846287697	10846313657	25960	754.18	451.84	818.16	446.69	1.31	88.81	0.38	50.60	3512.07	-3313.21	2409.43
Fixation L	1	5	10846313657	10846541659	228002	824.98	448.67	15	22	-1	13.40	13.40
Fixation R	1	5	10846313657	10846541659	228002	824.98	448.67	15	22	-1	13.65	13.65
Saccade L	1	5	10846541659	10846572099	30440	831.19	456.51	912.68	453.34	1.82	119.91	0.40	59.74	4650.04	-4276.99	3167.34
Saccade R	1	5	10846541659	10846572099	30440	831.19	456.51	912.68	453.34	1.82	119.91	0.40	59.74	4650.04	-4276.99	3167.34
Fixation L	1	6	10846572099	10846761771	189672	922.83	451.42	18	30	-1	13.52	13.52
Fixation R	1	6	10846572099	10846761771	189672	922.83	451.42	18	30	-1	13.79	13.79
Saccade L	1	6	10846785888	10846821928	36040	929.36	482.01	1023.06	436.26	15.37	786.10	0.61	426.52	23288.82	-32883.93	19334.78
Saccade R	1	6	10846785888	10846821928	36040	929.36	482.01	1023.06	436.26	15.37	786.10	0.61	426.52	23288.82	-32883.93	19334.78
Fixation L	1	7	10846821928	10847120011	298083	1024.59	441.02	32	22	-1	13.18	13.18
Fixation R	1	7	10846821928	10847120011	298083	1024.59	441.02	32	22	-1	13.56	13.56
Saccade L	1	7	10847120011	10847144006	23995	1010.66	444.88	1076.40	444.40	1.42	111.53	0.50	59.25	4407.46	-4611.16	3135.63
Saccade R	1	7	10847120011	10847144006	23995	1010.66	444.88	1076.40	444.40	1.42	111.53	0.50	59.25	4407.46	-4611.16	3135.63
Fixation L	1	8	10847144006	10847264002	119996	1084.70	442.19	19	18	-1	13.12	13.12
Fixation R	1	8	10847144006	10847264002	119996	1084.70	442.19	19	18	-1	13.51	13.51
Saccade L	1	8	10847264002	10847300027	36025	1094.47	439.08	943.30	442.01	3.51	179.37	0.39	97.31	7601.72	-7057.37	5416.93
Saccade R	1	8	10847264002	10847300027	36025	1094.47	439.08	943.30	442.01	3.51	179.37	0.39	97.31	7601.72	-7057.37	5416.93
Fixation L	1	9	10847300027	10847454122	154095	946.37	438.39	29	21	-1	13.21	13.21
Fixation R	1	9	10847300027	10847454122	154095	946.37	438.39	29	21	-1	13.43	13.43
Saccade L	1	9	10847454122	10847492126	38004	949.27	450.03	1088.37	433.75	3.09	163.11	0.38	81.34	6786.18	-6241.16	4586.81
Saccade R	1	9	10847454122	10847492126	38004	949.27	450.03	1088.37	433.75	3.09	163.11	0.38	81.34	6786.18	-6241.16	4586.81
Fixation L	1	10	10847492126	10847624244	132118	1086.45	436.14	14	24	-1	13.13	13.13
Fixation R	1	10	10847492126	10847624244	132118	1086.45	436.14	14	24	-1	13.57	13.57
Saccade L	1	10	10847624244	10847674258	50014	1084.15	435.88	1196.57	460.58	2.71	110.76	0.28	54.12	4568.41	-2163.87	1923.58
Saccade R	1	10	10847624244	10847674258	50014	1084.15	435.88	1196.57	460.58	2.71	110.76	0.28	54.12	4568.41	-2163.87	1923.58
Blink L	1	1	10847728241	10847920557	192316
Blink R	1	1	10847728241	10847920557	192316
Fixation L	1	11	10848010361	10848858844	848483	905.93	943.01	62	83	-1	13.26	13.26
Fixation R	1	11	10848010361	10848858844	848483	905.93	943.01	62	83	-1	13.71	13.71
