[BeGaze]
Converted from:	C:\Program Files\SMI\Experiment Suite 360\Experiment Center 2\Results\RC-Attachment-Exp\Deney02-eye_data.idf
Date:	24.02.2012 09:57:53
Version:	BeGaze 3.0.181
Sample Rate:	500
Subject:	Deney02
Description:	Run5

Table Header for Fixations:
Event Type	Trial	Number	Start	End	Duration	Location X	Location Y	Dispersion X	Dispersion Y	Plane	Avg. Pupil Size X	Avg. Pupil Size Y

Table Header for Saccades:
Event Type	Trial	Number	Start	End	Duration	Start Loc.X	Start Loc.Y	End Loc.X	End Loc.Y	Amplitude	Peak Speed	Peak Speed At	Average Speed	Peak Accel.	Peak Decel.	Average Accel.

Table Header for Blinks:
Event Type	Trial	Number	Start	End	Duration

Table Header for User Events:
Event Type	Trial	Number	Start	Description

UserEvent	1	1	3498033173	# Message: Questionnaire24.jpg
Fixation L	1	1	3498048650	3498399851	351201	894.18	956.00	25	33	-1	12.20	12.20
Fixation R	1	1	3498048650	3498399851	351201	894.18	956.00	25	33	-1	12.55	12.55
Saccade L	1	1	3498399851	3498467823	67972	883.49	954.89	525.02	430.18	14.41	398.20	0.26	212.02	17937.37	-11127.73	8624.28
Saccade R	1	1	3498399851	3498467823	67972	883.49	954.89	525.02	430.18	14.41	398.20	0.26	212.02	17937.37	-11127.73	8624.28
Fixation L	1	2	3498467823	3498561961	94138	518.69	440.59	21	15	-1	11.47	11.47
Fixation R	1	2	3498467823	3498561961	94138	518.69	440.59	21	15	-1	12.09	12.09
Saccade L	1	2	3498561961	3498597963	36002	521.27	443.45	466.93	359.10	2.24	137.01	0.50	62.30	5382.65	-5663.26	3939.86
Saccade R	1	2	3498561961	3498597963	36002	521.27	443.45	466.93	359.10	2.24	137.01	0.50	62.30	5382.65	-5663.26	3939.86
Fixation L	1	3	3498597963	3498764064	166101	459.96	359.68	18	21	-1	11.38	11.38
Fixation R	1	3	3498597963	3498764064	166101	459.96	359.68	18	21	-1	11.95	11.95
Saccade L	1	3	3498764064	3498794089	30025	458.54	354.78	562.93	368.84	2.36	187.19	0.48	78.64	7560.12	-7304.90	5271.21
Saccade R	1	3	3498764064	3498794089	30025	458.54	354.78	562.93	368.84	2.36	187.19	0.48	78.64	7560.12	-7304.90	5271.21
Fixation L	1	4	3498794089	3498928052	133963	573.39	372.57	27	10	-1	11.68	11.68
Fixation R	1	4	3498794089	3498928052	133963	573.39	372.57	27	10	-1	12.36	12.36
Saccade L	1	4	3498928052	3498952055	24003	575.39	375.11	517.22	369.77	1.21	97.40	0.61	50.21	3547.78	-3530.60	2496.09
Saccade R	1	4	3498928052	3498952055	24003	575.39	375.11	517.22	369.77	1.21	97.40	0.61	50.21	3547.78	-3530.60	2496.09
Fixation L	1	5	3498952055	3499014062	62007	519.41	374.40	22	14	-1	12.09	12.09
Fixation R	1	5	3498952055	3499014062	62007	519.41	374.40	22	14	-1	12.72	12.72
Saccade L	1	5	3499014062	3499054176	40114	531.15	373.85	449.57	390.59	1.89	107.94	0.65	47.02	3596.77	-4231.13	2312.39
Saccade R	1	5	3499014062	3499054176	40114	531.15	373.85	449.57	390.59	1.89	107.94	0.65	47.02	3596.77	-4231.13	2312.39
Fixation L	1	6	3499054176	3499180186	126010	442.82	392.41	18	20	-1	12.17	12.17
Fixation R	1	6	3499054176	3499180186	126010	442.82	392.41	18	20	-1	12.89	12.89
Saccade L	1	6	3499180186	3499246167	65981	433.26	381.76	529.73	380.60	2.41	122.68	0.61	36.53	4722.79	-4883.82	2100.11
Saccade R	1	6	3499180186	3499246167	65981	433.26	381.76	529.73	380.60	2.41	122.68	0.61	36.53	4722.79	-4883.82	2100.11
Fixation L	1	7	3499246167	3499590404	344237	541.34	372.62	24	33	-1	12.58	12.58
Fixation R	1	7	3499246167	3499590404	344237	541.34	372.62	24	33	-1	13.50	13.50
Saccade L	1	7	3499590404	3499680403	89999	553.84	386.64	661.38	386.53	9.85	368.35	0.76	109.46	12180.47	-14780.58	6451.73
Saccade R	1	7	3499590404	3499680403	89999	553.84	386.64	661.38	386.53	9.85	368.35	0.76	109.46	12180.47	-14780.58	6451.73
Fixation L	1	8	3499680403	3500074508	394105	647.53	380.53	37	58	-1	12.81	12.81
Fixation R	1	8	3499680403	3500074508	394105	647.53	380.53	37	58	-1	5.30	5.30
Saccade L	1	8	3500074508	3500100632	26124	640.65	354.99	640.81	387.03	0.68	45.44	0.54	26.09	669.23	-1731.33	864.33
Blink R	1	1	3500074508	3500160629	86121
Saccade L	1	9	3500112634	3500160629	47995	626.06	383.49	693.52	355.41	1.89	81.72	0.25	39.37	3288.12	-2047.86	1272.22
Blink L	1	1	3500200672	3500983000	782328
Blink R	1	2	3500200672	3500983000	782328
Saccade L	1	10	3500983000	3501050974	67974	557.91	276.68	511.18	365.48	3.81	233.23	0.44	56.01	7921.66	-7881.11	3186.01
Blink R	1	3	3500983000	3501251083	268083
Fixation L	1	9	3501050974	3501210962	159988	525.78	366.71	29	24	-1	12.79	12.79
Saccade L	1	11	3501210962	3501251083	40121	525.56	381.26	524.31	346.15	1.30	58.78	0.55	32.33	775.75	-1549.92	665.06
Fixation L	1	10	3501251083	3501355084	104001	525.63	352.92	29	29	-1	12.76	12.76
Fixation R	1	9	3501251083	3501355084	104001	525.63	352.92	29	29	-1	0.00	0.00
Saccade L	1	12	3501355084	3501391083	35999	521.06	372.22	618.23	342.08	2.20	124.96	0.67	61.22	4970.35	-5095.30	3060.92
Blink R	1	4	3501355084	3501425196	70112
Blink L	1	2	3501401080	3502041916	640836
Fixation R	1	10	3501425196	3501811312	386116	0.00	0.00	0	0	-1	0.00	0.00
Blink R	1	5	3502011334	3502017304	5970
Saccade R	1	8	3502017304	3502041916	24612	0.00	0.00	637.52	276.30	15.25	1343.55	0.49	619.70	51161.56	-50243.78	35469.50
Saccade L	1	13	3502051303	3502099302	47999	636.68	275.52	620.04	373.83	2.94	195.15	0.42	61.18	6824.05	-6739.88	3622.61
Blink R	1	6	3502051303	3502191427	140124
Saccade L	1	14	3502133425	3502191427	58002	641.62	377.90	519.67	341.99	2.74	113.86	0.55	47.27	3625.15	-4257.96	2391.82
Fixation L	1	11	3502191427	3502437539	246112	511.23	346.50	26	29	-1	13.10	13.10
Fixation R	1	11	3502191427	3502437539	246112	511.23	346.50	26	29	-1	0.00	0.00
Blink L	1	3	3502437539	3503079799	642260
Blink R	1	7	3502437539	3503079799	642260
Fixation L	1	12	3503079799	3503544036	464237	532.80	284.67	24	57	-1	13.30	13.30
Fixation R	1	12	3503079799	3503544036	464237	532.80	284.67	24	57	-1	14.05	14.05
Saccade L	1	15	3503544036	3503594005	49969	539.69	299.42	424.66	293.65	2.78	143.63	0.38	55.58	5911.01	-5498.76	3493.14
Saccade R	1	9	3503544036	3503594005	49969	539.69	299.42	424.66	293.65	2.78	143.63	0.38	55.58	5911.01	-5498.76	3493.14
Saccade L	1	16	3503639990	3503673449	33459	416.26	286.26	415.14	329.14	1.06	60.28	0.38	31.77	2421.01	-2223.45	1694.34
Saccade R	1	10	3503639990	3503673449	33459	416.26	286.26	415.14	329.14	1.06	60.28	0.38	31.77	2421.01	-2223.45	1694.34
Fixation L	1	13	3503673449	3503912583	239134	411.65	327.36	26	18	-1	12.92	12.92
Fixation R	1	13	3503673449	3503912583	239134	411.65	327.36	26	18	-1	13.91	13.91
Saccade L	1	17	3503912583	3503954101	41518	404.45	339.45	392.40	496.29	3.65	191.64	0.33	87.84	8215.50	-7135.78	5136.59
Saccade R	1	11	3503912583	3503954101	41518	404.45	339.45	392.40	496.29	3.65	191.64	0.33	87.84	8215.50	-7135.78	5136.59
Fixation L	1	14	3503954101	3504610584	656483	390.40	475.34	27	59	-1	13.22	13.22
Fixation R	1	14	3503954101	3504610584	656483	390.40	475.34	27	59	-1	14.14	14.14
UserEvent	1	157	3504385043	# Message: UE-mouseclick left x=415 y=437
Saccade L	1	18	3504610584	3504725301	114717	395.61	457.92	415.85	533.10	3.04	72.05	0.52	26.48	2686.99	-2455.89	1055.11
Saccade R	1	12	3504610584	3504725301	114717	395.61	457.92	415.85	533.10	3.04	72.05	0.52	26.48	2686.99	-2455.89	1055.11
Fixation L	1	15	3504725301	3505214696	489395	413.59	547.09	20	40	-1	12.99	12.99
Fixation R	1	15	3504725301	3505214696	489395	413.59	547.09	20	40	-1	13.77	13.77
UserEvent	1	176	3505129041	# Message: UE-mouseclick left x=411 y=530
