[BeGaze]
Converted from:	C:\Program Files\SMI\Experiment Suite 360\Experiment Center 2\Results\RC-Attachment-Exp\Denek03-eye_data.idf
Date:	24.02.2012 09:57:58
Version:	BeGaze 3.0.181
Sample Rate:	500
Subject:	Denek03
Description:	Run6

Table Header for Fixations:
Event Type	Trial	Number	Start	End	Duration	Location X	Location Y	Dispersion X	Dispersion Y	Plane	Avg. Pupil Size X	Avg. Pupil Size Y

Table Header for Saccades:
Event Type	Trial	Number	Start	End	Duration	Start Loc.X	Start Loc.Y	End Loc.X	End Loc.Y	Amplitude	Peak Speed	Peak Speed At	Average Speed	Peak Accel.	Peak Decel.	Average Accel.

Table Header for Blinks:
Event Type	Trial	Number	Start	End	Duration

Table Header for User Events:
Event Type	Trial	Number	Start	Description

UserEvent	1	1	5030871279	# Message: Questionnaire11.jpg
Fixation L	1	1	5030876157	5031242387	366230	866.48	957.07	39	42	-1	14.83	14.83
Fixation R	1	1	5030876157	5031242387	366230	866.48	957.07	39	42	-1	14.98	14.98
Saccade L	1	1	5031242387	5031319636	77249	885.14	960.02	463.53	381.40	16.68	486.68	0.38	215.96	19158.66	-14100.55	10250.20
Saccade R	1	1	5031242387	5031319636	77249	885.14	960.02	463.53	381.40	16.68	486.68	0.38	215.96	19158.66	-14100.55	10250.20
Fixation L	1	2	5031319636	5031399776	80140	484.43	386.00	39	10	-1	15.18	15.18
Fixation R	1	2	5031319636	5031399776	80140	484.43	386.00	39	10	-1	15.28	15.28
Saccade L	1	2	5031399776	5031431735	31959	503.73	389.06	438.77	341.80	1.71	104.74	0.37	53.65	4016.58	-3818.39	2768.64
Saccade R	1	2	5031399776	5031431735	31959	503.73	389.06	438.77	341.80	1.71	104.74	0.37	53.65	4016.58	-3818.39	2768.64
Fixation L	1	3	5031431735	5031583734	151999	445.79	351.32	19	26	-1	15.32	15.32
Fixation R	1	3	5031431735	5031583734	151999	445.79	351.32	19	26	-1	15.42	15.42
Saccade L	1	3	5031583734	5031607702	23968	458.44	363.21	412.87	377.87	1.00	68.75	0.50	41.56	2621.53	-2506.19	1756.29
Saccade R	1	3	5031583734	5031607702	23968	458.44	363.21	412.87	377.87	1.00	68.75	0.50	41.56	2621.53	-2506.19	1756.29
Fixation L	1	4	5031607702	5031750435	142733	409.96	385.31	25	14	-1	15.69	15.69
Fixation R	1	4	5031607702	5031750435	142733	409.96	385.31	25	14	-1	15.71	15.71
Saccade L	1	4	5031750435	5031775813	25378	423.89	382.09	543.72	377.87	2.52	186.79	0.45	99.16	7678.36	-7097.81	5311.75
Saccade R	1	4	5031750435	5031775813	25378	423.89	382.09	543.72	377.87	2.52	186.79	0.45	99.16	7678.36	-7097.81	5311.75
Fixation L	1	5	5031775813	5031925958	150145	549.46	372.54	18	13	-1	16.36	16.36
Fixation R	1	5	5031775813	5031925958	150145	549.46	372.54	18	13	-1	16.14	16.14
Saccade L	1	5	5031925958	5031965997	40039	544.73	371.89	632.94	414.00	2.27	126.84	0.44	56.75	4863.42	-4311.45	2973.57
Saccade R	1	5	5031925958	5031965997	40039	544.73	371.89	632.94	414.00	2.27	126.84	0.44	56.75	4863.42	-4311.45	2973.57
Fixation L	1	6	5031965997	5032127924	161927	630.94	386.55	33	38	-1	16.83	16.83
Fixation R	1	6	5031965997	5032127924	161927	630.94	386.55	33	38	-1	16.77	16.77
Saccade L	1	6	5032127924	5032178374	50450	619.24	391.89	766.95	375.49	3.45	161.75	0.32	68.31	6660.05	-5823.27	3745.85
Saccade R	1	6	5032127924	5032178374	50450	619.24	391.89	766.95	375.49	3.45	161.75	0.32	68.31	6660.05	-5823.27	3745.85
Fixation L	1	7	5032178374	5032362056	183682	754.01	374.48	39	15	-1	17.10	17.10
Fixation R	1	7	5032178374	5032362056	183682	754.01	374.48	39	15	-1	16.90	16.90
Saccade L	1	7	5032362056	5032396046	33990	732.75	380.28	901.81	377.82	3.54	188.02	0.47	104.05	8118.02	-7990.85	5976.54
Saccade R	1	7	5032362056	5032396046	33990	732.75	380.28	901.81	377.82	3.54	188.02	0.47	104.05	8118.02	-7990.85	5976.54
Fixation L	1	8	5032396046	5032556163	160117	881.83	383.69	32	15	-1	17.07	17.07
Fixation R	1	8	5032396046	5032556163	160117	881.83	383.69	32	15	-1	16.70	16.70
Saccade L	1	8	5032556163	5032596158	39995	876.89	381.69	1040.84	378.93	3.53	148.76	0.45	88.19	6515.50	-6036.42	4685.20
Saccade R	1	8	5032556163	5032596158	39995	876.89	381.69	1040.84	378.93	3.53	148.76	0.45	88.19	6515.50	-6036.42	4685.20
Fixation L	1	9	5032596158	5032768336	172178	1029.19	373.38	26	24	-1	17.03	17.03
Fixation R	1	9	5032596158	5032768336	172178	1029.19	373.38	26	24	-1	16.71	16.71
Saccade L	1	9	5032768336	5032798340	30004	1029.56	368.40	1076.85	371.56	1.00	44.23	0.47	33.25	1826.95	-1361.12	1168.71
Saccade R	1	9	5032768336	5032798340	30004	1029.56	368.40	1076.85	371.56	1.00	44.23	0.47	33.25	1826.95	-1361.12	1168.71
Fixation L	1	10	5032798340	5032953524	155184	1083.64	372.49	19	17	-1	16.93	16.93
Fixation R	1	10	5032798340	5032953524	155184	1083.64	372.49	19	17	-1	16.62	16.62
Saccade L	1	10	5032953524	5032984774	31250	1071.80	378.54	1190.87	379.46	2.53	155.64	0.34	80.94	6248.28	-6200.67	4413.35
Saccade R	1	10	5032953524	5032984774	31250	1071.80	378.54	1190.87	379.46	2.53	155.64	0.34	80.94	6248.28	-6200.67	4413.35
Fixation L	1	11	5032984774	5033210386	225612	1189.73	368.15	15	24	-1	16.66	16.66
Fixation R	1	11	5032984774	5033210386	225612	1189.73	368.15	15	24	-1	16.52	16.52
Saccade L	1	11	5033210386	5033322524	112138	1184.17	375.93	314.94	459.93	29.82	818.49	0.27	265.93	27392.36	-20235.99	10847.22
Saccade R	1	11	5033210386	5033322524	112138	1184.17	375.93	314.94	459.93	29.82	818.49	0.27	265.93	27392.36	-20235.99	10847.22
Fixation L	1	12	5033349465	5033402532	53067	393.66	486.66	15	17	-1	16.36	16.36
Fixation R	1	12	5033349465	5033402532	53067	393.66	486.66	15	17	-1	16.31	16.31
Saccade L	1	12	5033402532	5033434508	31976	389.80	494.41	404.61	744.73	6.81	344.35	0.69	212.88	12784.18	-9872.16	7618.99
Blink R	1	1	5033402532	5033450544	48012
Saccade L	1	13	5033450544	5033476498	25954	383.44	518.70	413.01	509.37	0.78	41.05	0.53	30.12	-373.74	-4721.79	2054.56
Blink R	1	2	5033450544	5033834736	384192
Fixation L	1	13	5033476498	5033818740	342242	408.65	486.98	49	47	-1	15.92	15.92
Fixation L	1	14	5033834736	5033911519	76783	393.14	467.84	14	27	-1	15.74	15.74
Fixation R	1	13	5033834736	5033911519	76783	393.14	467.84	14	27	-1	0.00	0.00
Blink L	1	1	5033911519	5036181319	2269800
Blink R	1	3	5033911519	5036181319	2269800
UserEvent	1	127	5035899470	# Message: UE-mouseclick left x=357 y=436
Saccade L	1	14	5036197472	5036229530	32058	302.31	287.40	334.99	309.83	0.95	41.27	0.69	29.78	893.70	-1284.38	835.63
Saccade R	1	12	5036197472	5036229530	32058	302.31	287.40	334.99	309.83	0.95	41.27	0.69	29.78	893.70	-1284.38	835.63
Fixation L	1	15	5036229530	5036284021	54491	329.45	296.87	10	24	-1	16.97	16.97
Fixation R	1	14	5036229530	5036284021	54491	329.45	296.87	10	24	-1	16.97	16.97
Saccade L	1	15	5036284021	5036382241	98220	329.31	287.97	394.56	510.37	8.60	293.08	0.55	87.57	10671.18	-10664.46	5122.68
Saccade R	1	13	5036284021	5036382241	98220	329.31	287.97	394.56	510.37	8.60	293.08	0.55	87.57	10671.18	-10664.46	5122.68
Fixation L	1	16	5036402287	5036452778	50491	400.59	492.51	9	69	-1	16.96	16.96
Fixation R	1	15	5036402287	5036452778	50491	400.59	492.51	9	69	-1	17.22	17.22
Saccade L	1	16	5036518470	5036574130	55660	404.11	512.16	343.69	582.93	3.94	168.12	0.59	70.82	4905.34	-5366.04	3219.93
Blink R	1	4	5036518470	5036600124	81654
Saccade L	1	17	5036578152	5036600124	21972	342.39	583.77	395.43	575.67	1.07	77.66	0.36	48.88	916.41	-2721.10	1314.87
Saccade L	1	18	5036630360	5036752121	121761	413.52	588.35	421.99	587.71	4.68	63.71	0.66	38.40	980.13	-1201.50	488.80
Blink R	1	5	5036630360	5036790734	160374
Saccade L	1	19	5036752121	5036790734	38613	421.99	587.71	387.53	560.66	1.35	48.71	0.31	34.87	480.33	-1054.86	572.31
Fixation L	1	17	5036790734	5036890242	99508	421.97	579.23	61	27	-1	17.09	17.09
Fixation R	1	16	5036790734	5036914522	123788	423.68	579.77	61	27	-1	0.00	0.00
UserEvent	1	151	5036803416	# Message: UE-mouseclick left x=398 y=532
