[BeGaze]
Converted from:	C:\Program Files\SMI\Experiment Suite 360\Experiment Center 2\Results\RC-Attachment-Exp\P15-eye_data.idf
Date:	18.03.2012 20:11:50
Version:	BeGaze 3.0.181
Sample Rate:	500
Subject:	P15
Description:	Run20

Table Header for Fixations:
Event Type	Trial	Number	Start	End	Duration	Location X	Location Y	Dispersion X	Dispersion Y	Plane	Avg. Pupil Size X	Avg. Pupil Size Y

Table Header for Saccades:
Event Type	Trial	Number	Start	End	Duration	Start Loc.X	Start Loc.Y	End Loc.X	End Loc.Y	Amplitude	Peak Speed	Peak Speed At	Average Speed	Peak Accel.	Peak Decel.	Average Accel.

Table Header for Blinks:
Event Type	Trial	Number	Start	End	Duration

Table Header for User Events:
Event Type	Trial	Number	Start	Description

UserEvent	1	1	2836570471	# Message: Dist-orthm-30.jpg
Fixation L	1	1	2836570541	2837094747	524206	515.50	434.47	68	29	-1	11.32	11.32
Fixation R	1	1	2836570541	2837094747	524206	515.50	434.47	68	29	-1	11.00	11.00
Saccade L	1	1	2837094747	2837124746	29999	532.23	420.54	583.04	421.70	1.09	54.29	0.53	36.42	2192.01	-1959.75	1526.62
Saccade R	1	1	2837094747	2837124746	29999	532.23	420.54	583.04	421.70	1.09	54.29	0.53	36.42	2192.01	-1959.75	1526.62
Fixation L	1	2	2837124746	2837248866	124120	610.27	429.64	45	41	-1	11.31	11.31
Fixation R	1	2	2837124746	2837248866	124120	610.27	429.64	45	41	-1	11.11	11.11
Saccade L	1	2	2837248866	2837272859	23993	620.86	455.54	585.91	451.07	0.75	41.61	0.61	31.40	1257.83	-1339.79	915.44
Saccade R	1	2	2837248866	2837272859	23993	620.86	455.54	585.91	451.07	0.75	41.61	0.61	31.40	1257.83	-1339.79	915.44
Saccade L	1	3	2837288860	2837316903	28043	585.76	444.37	655.48	443.80	1.62	109.27	0.57	57.79	4181.48	-4432.01	3054.77
Saccade R	1	3	2837288860	2837316903	28043	585.76	444.37	655.48	443.80	1.62	109.27	0.57	57.79	4181.48	-4432.01	3054.77
Fixation L	1	3	2837316903	2837478987	162084	673.20	421.01	35	46	-1	11.56	11.56
Fixation R	1	3	2837316903	2837478987	162084	673.20	421.01	35	46	-1	11.41	11.41
Saccade L	1	4	2837478987	2837509040	30053	671.98	412.22	713.51	428.57	0.98	46.18	0.53	32.60	1790.10	-1802.18	1272.62
Saccade R	1	4	2837478987	2837509040	30053	671.98	412.22	713.51	428.57	0.98	46.18	0.53	32.60	1790.10	-1802.18	1272.62
Fixation L	1	4	2837509040	2837731103	222063	722.56	424.32	16	8	-1	11.76	11.76
Fixation R	1	4	2837509040	2837731103	222063	722.56	424.32	16	8	-1	11.61	11.61
Saccade L	1	5	2837731103	2837761127	30024	728.17	427.75	803.49	425.84	1.61	86.99	0.44	53.49	3595.56	-3278.78	2511.32
Saccade R	1	5	2837731103	2837761127	30024	728.17	427.75	803.49	425.84	1.61	86.99	0.44	53.49	3595.56	-3278.78	2511.32
Fixation L	1	5	2837761127	2838333981	572854	830.91	439.20	63	55	-1	11.79	11.79
Fixation R	1	5	2837761127	2838333981	572854	830.91	439.20	63	55	-1	11.54	11.54
Saccade L	1	6	2838333981	2838371363	37382	839.85	432.54	926.78	437.18	1.84	89.99	0.46	49.16	3664.37	-3271.33	2498.71
Saccade R	1	6	2838333981	2838371363	37382	839.85	432.54	926.78	437.18	1.84	89.99	0.46	49.16	3664.37	-3271.33	2498.71
Fixation L	1	6	2838371363	2838729448	358085	942.46	428.40	41	26	-1	11.99	11.99
Fixation R	1	6	2838371363	2838729448	358085	942.46	428.40	41	26	-1	11.95	11.95
Saccade L	1	7	2838729448	2838765448	36000	967.47	430.18	901.43	442.20	1.57	71.85	0.44	43.66	3100.33	-2655.63	2078.72
Saccade R	1	7	2838729448	2838765448	36000	967.47	430.18	901.43	442.20	1.57	71.85	0.44	43.66	3100.33	-2655.63	2078.72
Fixation L	1	7	2838765448	2839405801	640353	934.11	442.42	101	17	-1	12.23	12.23
Fixation R	1	7	2838765448	2839405801	640353	934.11	442.42	101	17	-1	12.05	12.05
Saccade L	1	8	2839405801	2839435807	30006	981.78	444.04	1030.95	453.60	1.17	60.01	0.51	38.89	2391.51	-2054.76	1579.87
Saccade R	1	8	2839405801	2839435807	30006	981.78	444.04	1030.95	453.60	1.17	60.01	0.51	38.89	2391.51	-2054.76	1579.87
Fixation L	1	8	2839435807	2839536798	100991	1039.36	458.73	14	7	-1	12.15	12.15
Fixation R	1	8	2839435807	2839536798	100991	1039.36	458.73	14	7	-1	12.12	12.12
Saccade L	1	9	2839536798	2839561798	25000	1037.95	461.20	1104.17	453.07	1.35	89.88	0.44	54.06	3613.49	-3218.46	2470.61
Saccade R	1	9	2839536798	2839561798	25000	1037.95	461.20	1104.17	453.07	1.35	89.88	0.44	54.06	3613.49	-3218.46	2470.61
Fixation L	1	9	2839561798	2839958039	396241	1105.03	436.44	31	46	-1	12.12	12.12
Fixation R	1	9	2839561798	2839958039	396241	1105.03	436.44	31	46	-1	12.07	12.07
Saccade L	1	10	2839958039	2839982368	24329	1099.66	448.06	1136.92	447.25	0.82	48.40	0.41	33.86	1736.60	-1638.91	1141.38
Saccade R	1	10	2839958039	2839982368	24329	1099.66	448.06	1136.92	447.25	0.82	48.40	0.41	33.86	1736.60	-1638.91	1141.38
Fixation L	1	10	2839982368	2840356147	373779	1119.82	433.97	45	42	-1	11.82	11.82
Fixation R	1	10	2839982368	2840356147	373779	1119.82	433.97	45	42	-1	11.73	11.73
Saccade L	1	11	2840356147	2840388144	31997	1103.97	409.04	1158.28	410.41	1.24	64.78	0.31	38.83	2632.32	-2114.02	1653.80
Saccade R	1	11	2840356147	2840388144	31997	1103.97	409.04	1158.28	410.41	1.24	64.78	0.31	38.83	2632.32	-2114.02	1653.80
Fixation L	1	11	2840388144	2841265057	876913	1170.01	417.63	41	50	-1	11.57	11.57
Fixation R	1	11	2840388144	2841265057	876913	1170.01	417.63	41	50	-1	11.49	11.49
Saccade L	1	12	2841265057	2841379098	114041	1152.81	413.88	976.09	913.84	12.46	232.67	0.47	109.30	5258.05	-5108.85	2772.10
Saccade R	1	12	2841265057	2841379098	114041	1152.81	413.88	976.09	913.84	12.46	232.67	0.47	109.30	5258.05	-5108.85	2772.10
Fixation L	1	12	2841379098	2841504843	125745	946.57	909.28	38	12	-1	11.97	11.97
Fixation R	1	12	2841379098	2841504843	125745	946.57	909.28	38	12	-1	11.26	11.26
Saccade L	1	13	2841504843	2841535850	31007	946.33	906.67	906.51	931.96	1.06	47.35	0.32	34.06	1687.34	-1652.29	1256.73
Saccade R	1	13	2841504843	2841535850	31007	946.33	906.67	906.51	931.96	1.06	47.35	0.32	34.06	1687.34	-1652.29	1256.73
Fixation L	1	13	2841535850	2841706762	170912	903.73	940.59	21	16	-1	12.08	12.08
Fixation R	1	13	2841535850	2841706762	170912	903.73	940.59	21	16	-1	11.57	11.57
Saccade L	1	14	2841706762	2841780885	74123	910.94	938.57	821.59	407.52	12.51	306.93	0.22	168.77	13787.81	-10107.18	6820.63
Saccade R	1	14	2841706762	2841780885	74123	910.94	938.57	821.59	407.52	12.51	306.93	0.22	168.77	13787.81	-10107.18	6820.63
Fixation L	1	14	2841780885	2842208993	428108	835.27	437.33	36	46	-1	12.06	12.06
Fixation R	1	14	2841780885	2842208993	428108	835.27	437.33	36	46	-1	11.65	11.65
Saccade L	1	15	2842208993	2842246963	37970	822.73	451.17	689.38	436.81	3.01	155.52	0.47	79.28	6485.66	-6196.00	4602.21
Saccade R	1	15	2842208993	2842246963	37970	822.73	451.17	689.38	436.81	3.01	155.52	0.47	79.28	6485.66	-6196.00	4602.21
Fixation L	1	15	2842246963	2842451090	204127	682.85	438.92	11	14	-1	12.15	12.15
Fixation R	1	15	2842246963	2842451090	204127	682.85	438.92	11	14	-1	11.83	11.83
Saccade L	1	16	2842451090	2842479085	27995	687.11	450.26	621.06	456.38	1.52	90.89	0.50	54.30	3397.77	-3678.69	2545.61
Saccade R	1	16	2842451090	2842479085	27995	687.11	450.26	621.06	456.38	1.52	90.89	0.50	54.30	3397.77	-3678.69	2545.61
Fixation L	1	16	2842479085	2842661232	182147	636.72	452.57	41	30	-1	12.31	12.31
Fixation R	1	16	2842479085	2842661232	182147	636.72	452.57	41	30	-1	12.00	12.00
Saccade L	1	17	2842661232	2842687211	25979	655.00	430.72	574.51	435.12	1.70	122.70	0.46	65.25	4543.69	-4941.06	3356.12
Saccade R	1	17	2842661232	2842687211	25979	655.00	430.72	574.51	435.12	1.70	122.70	0.46	65.25	4543.69	-4941.06	3356.12
Fixation L	1	17	2842687211	2842873326	186115	562.96	439.98	31	19	-1	12.32	12.32
Fixation R	1	17	2842687211	2842873326	186115	562.96	439.98	31	19	-1	12.03	12.03
Saccade L	1	18	2842873326	2842917323	43997	546.08	449.96	686.40	440.01	3.08	110.30	0.51	70.11	4342.82	-4294.06	3158.68
Saccade R	1	18	2842873326	2842917323	43997	546.08	449.96	686.40	440.01	3.08	110.30	0.51	70.11	4342.82	-4294.06	3158.68
Saccade L	1	19	2842965328	2842993331	28003	688.36	462.89	656.24	441.64	0.85	41.08	0.43	30.35	1162.24	-1281.60	918.90
Saccade R	1	19	2842965328	2842993331	28003	688.36	462.89	656.24	441.64	0.85	41.08	0.43	30.35	1162.24	-1281.60	918.90
Fixation L	1	18	2842993331	2843089448	96117	677.48	438.13	35	8	-1	12.52	12.52
Fixation R	1	18	2842993331	2843089448	96117	677.48	438.13	35	8	-1	12.38	12.38
Saccade L	1	20	2843089448	2843115684	26236	687.15	438.20	724.93	445.62	0.81	40.63	0.49	30.79	1600.05	-1218.86	1017.05
Saccade R	1	20	2843089448	2843115684	26236	687.15	438.20	724.93	445.62	0.81	40.63	0.49	30.79	1600.05	-1218.86	1017.05
Fixation L	1	19	2843115684	2843243447	127763	733.87	447.95	19	28	-1	12.46	12.46
Fixation R	1	19	2843115684	2843243447	127763	733.87	447.95	19	28	-1	12.33	12.33
Saccade L	1	21	2843243447	2843271448	28001	722.72	462.74	812.54	459.53	1.85	119.23	0.50	66.23	4727.67	-4830.41	3498.20
Saccade R	1	21	2843243447	2843271448	28001	722.72	462.74	812.54	459.53	1.85	119.23	0.50	66.23	4727.67	-4830.41	3498.20
Fixation L	1	20	2843271448	2843431567	160119	792.33	441.41	41	29	-1	12.61	12.61
Fixation R	1	20	2843271448	2843431567	160119	792.33	441.41	41	29	-1	12.51	12.51
Saccade L	1	22	2843431567	2843465562	33995	774.42	448.41	847.68	434.35	1.79	111.98	0.35	52.67	4615.94	-3807.22	2716.03
Saccade R	1	22	2843431567	2843465562	33995	774.42	448.41	847.68	434.35	1.79	111.98	0.35	52.67	4615.94	-3807.22	2716.03
Fixation L	1	21	2843465562	2843597560	131998	861.36	449.52	33	37	-1	12.72	12.72
Fixation R	1	21	2843465562	2843597560	131998	861.36	449.52	33	37	-1	12.46	12.46
Saccade L	1	23	2843597560	2843624021	26461	877.50	465.96	955.89	462.19	1.88	129.01	0.45	70.92	4904.14	-4526.59	3318.51
Saccade R	1	23	2843597560	2843624021	26461	877.50	465.96	955.89	462.19	1.88	129.01	0.45	70.92	4904.14	-4526.59	3318.51
Fixation L	1	22	2843624021	2844003809	379788	980.17	450.62	59	41	-1	12.61	12.61
Fixation R	1	22	2843624021	2844003809	379788	980.17	450.62	59	41	-1	12.53	12.53
Saccade L	1	24	2844003809	2844039789	35980	1002.58	436.91	1056.43	428.73	1.18	42.71	0.44	32.76	1542.49	-1560.93	1088.26
Saccade R	1	24	2844003809	2844039789	35980	1002.58	436.91	1056.43	428.73	1.18	42.71	0.44	32.76	1542.49	-1560.93	1088.26
Fixation L	1	23	2844039789	2844178850	139061	1053.88	437.23	12	18	-1	12.66	12.66
Fixation R	1	23	2844039789	2844178850	139061	1053.88	437.23	12	18	-1	12.34	12.34
Saccade L	1	25	2844178850	2844207918	29068	1050.71	428.29	1119.47	439.66	1.45	92.29	0.38	49.84	3444.46	-3239.91	2379.09
Saccade R	1	25	2844178850	2844207918	29068	1050.71	428.29	1119.47	439.66	1.45	92.29	0.38	49.84	3444.46	-3239.91	2379.09
Fixation L	1	24	2844207918	2844403933	196015	1106.53	429.79	34	20	-1	12.34	12.34
Fixation R	1	24	2844207918	2844403933	196015	1106.53	429.79	34	20	-1	12.17	12.17
Saccade L	1	26	2844403933	2844430036	26103	1094.86	420.73	1163.62	436.96	1.48	98.20	0.46	56.75	4136.04	-3758.89	2828.86
Saccade R	1	26	2844403933	2844430036	26103	1094.86	420.73	1163.62	436.96	1.48	98.20	0.46	56.75	4136.04	-3758.89	2828.86
Fixation L	1	25	2844430036	2844564031	133995	1167.04	428.83	10	13	-1	12.47	12.47
Fixation R	1	25	2844430036	2844564031	133995	1167.04	428.83	10	13	-1	12.13	12.13
Blink L	1	1	2844564031	2844822148	258117
Blink R	1	1	2844564031	2844822148	258117
Saccade L	1	27	2844826182	2844850142	23960	864.76	876.72	842.98	920.15	0.86	46.97	0.33	35.72	626.94	-1269.33	691.94
Saccade R	1	27	2844826182	2844850142	23960	864.76	876.72	842.98	920.15	0.86	46.97	0.33	35.72	626.94	-1269.33	691.94
Saccade L	1	28	2844890151	2844912796	22645	843.31	912.51	853.41	963.62	1.00	79.95	0.44	43.98	2309.87	-2499.84	1565.83
Saccade R	1	28	2844890151	2844912796	22645	843.31	912.51	853.41	963.62	1.00	79.95	0.44	43.98	2309.87	-2499.84	1565.83
Fixation L	1	26	2844912796	2845546601	633805	854.76	953.00	53	33	-1	12.68	12.68
Fixation R	1	26	2844912796	2845546601	633805	854.76	953.00	53	33	-1	12.15	12.15
