[BeGaze]
Converted from:	C:\Program Files\SMI\Experiment Suite 360\Experiment Center 2\Results\RC-Attachment-Exp\P25-eye_data.idf
Date:	18.03.2012 20:20:35
Version:	BeGaze 3.0.181
Sample Rate:	500
Subject:	P25
Description:	Run30

Table Header for Fixations:
Event Type	Trial	Number	Start	End	Duration	Location X	Location Y	Dispersion X	Dispersion Y	Plane	Avg. Pupil Size X	Avg. Pupil Size Y

Table Header for Saccades:
Event Type	Trial	Number	Start	End	Duration	Start Loc.X	Start Loc.Y	End Loc.X	End Loc.Y	Amplitude	Peak Speed	Peak Speed At	Average Speed	Peak Accel.	Peak Decel.	Average Accel.

Table Header for Blinks:
Event Type	Trial	Number	Start	End	Duration

Table Header for User Events:
Event Type	Trial	Number	Start	Description

UserEvent	1	1	11123304559	# Message: RC-nonforced-anim-5.jpg
Fixation L	1	1	11123304766	11123903739	598973	509.52	455.91	18	25	-1	12.99	12.99
Fixation R	1	1	11123304766	11123903739	598973	509.52	455.91	18	25	-1	13.16	13.16
Saccade L	1	1	11123903739	11123929756	26017	505.57	449.97	567.87	474.03	1.53	102.62	0.54	58.68	4194.88	-4122.75	2929.24
Saccade R	1	1	11123903739	11123929756	26017	505.57	449.97	567.87	474.03	1.53	102.62	0.54	58.68	4194.88	-4122.75	2929.24
Fixation L	1	2	11123929756	11124186063	256307	571.67	463.00	20	32	-1	13.01	13.01
Fixation R	1	2	11123929756	11124186063	256307	571.67	463.00	20	32	-1	13.18	13.18
Saccade L	1	2	11124186063	11124211728	25665	578.41	444.49	623.24	470.35	1.21	87.46	0.69	46.97	2914.21	-3034.74	1912.91
Saccade R	1	2	11124186063	11124211728	25665	578.41	444.49	623.24	470.35	1.21	87.46	0.69	46.97	2914.21	-3034.74	1912.91
Fixation L	1	3	11124211728	11124377846	166118	629.44	457.65	32	27	-1	13.12	13.12
Fixation R	1	3	11124211728	11124377846	166118	629.44	457.65	32	27	-1	13.39	13.39
Blink L	1	1	11124377846	11124573991	196145
Blink R	1	1	11124377846	11124573991	196145
Fixation L	1	4	11124573991	11124683971	109980	664.95	423.95	18	34	-1	13.15	13.15
Fixation R	1	4	11124573991	11124683971	109980	664.95	423.95	18	34	-1	13.38	13.38
Saccade L	1	3	11124683971	11124713566	29595	666.08	436.23	744.38	433.39	1.88	120.14	0.41	63.45	4597.58	-4484.08	3288.54
Saccade R	1	3	11124683971	11124713566	29595	666.08	436.23	744.38	433.39	1.88	120.14	0.41	63.45	4597.58	-4484.08	3288.54
Fixation L	1	5	11124713566	11125208197	494631	749.64	443.66	41	25	-1	12.95	12.95
Fixation R	1	5	11124713566	11125208197	494631	749.64	443.66	41	25	-1	13.10	13.10
Saccade L	1	4	11125208197	11125242203	34006	737.91	440.61	838.48	447.25	2.17	119.38	0.35	63.80	4958.69	-4338.41	3255.24
Saccade R	1	4	11125208197	11125242203	34006	737.91	440.61	838.48	447.25	2.17	119.38	0.35	63.80	4958.69	-4338.41	3255.24
Fixation L	1	6	11125242203	11125520312	278109	843.24	449.29	30	29	-1	12.48	12.48
Fixation R	1	6	11125242203	11125520312	278109	843.24	449.29	30	29	-1	12.68	12.68
Saccade L	1	5	11125520312	11125544436	24124	855.32	435.73	903.46	438.73	1.02	70.34	0.42	42.24	1989.06	-2477.28	1552.57
Saccade R	1	5	11125520312	11125544436	24124	855.32	435.73	903.46	438.73	1.02	70.34	0.42	42.24	1989.06	-2477.28	1552.57
Fixation L	1	7	11125544436	11125802550	258114	905.21	441.03	30	19	-1	12.45	12.45
Fixation R	1	7	11125544436	11125802550	258114	905.21	441.03	30	19	-1	12.65	12.65
Saccade L	1	6	11125802550	11125842546	39996	893.50	429.52	975.76	425.76	1.83	100.44	0.25	45.87	3988.87	-2855.50	1850.17
Saccade R	1	6	11125802550	11125842546	39996	893.50	429.52	975.76	425.76	1.83	100.44	0.25	45.87	3988.87	-2855.50	1850.17
Fixation L	1	8	11125842546	11126028544	185998	998.38	440.06	34	24	-1	12.37	12.37
Fixation R	1	8	11125842546	11126028544	185998	998.38	440.06	34	24	-1	12.59	12.59
Saccade L	1	7	11126028544	11126056668	28124	998.27	447.45	1112.17	445.34	2.49	173.57	0.50	88.39	7275.90	-7058.24	5193.89
Saccade R	1	7	11126028544	11126056668	28124	998.27	447.45	1112.17	445.34	2.49	173.57	0.50	88.39	7275.90	-7058.24	5193.89
Fixation L	1	9	11126056668	11126244675	188007	1124.55	435.12	24	18	-1	12.50	12.50
Fixation R	1	9	11126056668	11126244675	188007	1124.55	435.12	24	18	-1	12.79	12.79
Blink L	1	2	11126258665	11126414018	155353
Blink R	1	2	11126258665	11126414018	155353
Fixation L	1	10	11126500835	11126565753	64918	876.02	938.72	10	20	-1	13.10	13.10
Fixation R	1	10	11126500835	11126565753	64918	876.02	938.72	10	20	-1	13.34	13.34
Saccade L	1	8	11126565753	11126599113	33360	874.60	945.45	918.06	958.21	1.04	40.01	0.52	31.14	1521.03	-1411.07	1027.30
Saccade R	1	8	11126565753	11126599113	33360	874.60	945.45	918.06	958.21	1.04	40.01	0.52	31.14	1521.03	-1411.07	1027.30
Fixation L	1	11	11126599113	11127033008	433895	894.08	947.12	51	48	-1	13.04	13.04
Fixation R	1	11	11126599113	11127033008	433895	894.08	947.12	51	48	-1	13.55	13.55
