[BeGaze]
Converted from:	C:\Program Files\SMI\Experiment Suite 360\Experiment Center 2\Results\RC-Attachment-Exp\P21-eye_data.idf
Date:	18.03.2012 20:16:41
Version:	BeGaze 3.0.181
Sample Rate:	500
Subject:	P21
Description:	Run26

Table Header for Fixations:
Event Type	Trial	Number	Start	End	Duration	Location X	Location Y	Dispersion X	Dispersion Y	Plane	Avg. Pupil Size X	Avg. Pupil Size Y

Table Header for Saccades:
Event Type	Trial	Number	Start	End	Duration	Start Loc.X	Start Loc.Y	End Loc.X	End Loc.Y	Amplitude	Peak Speed	Peak Speed At	Average Speed	Peak Accel.	Peak Decel.	Average Accel.

Table Header for Blinks:
Event Type	Trial	Number	Start	End	Duration

Table Header for User Events:
Event Type	Trial	Number	Start	Description

UserEvent	1	1	20091176308	# Message: RC-N1forced-nonanim-4.jpg
Fixation L	1	1	20091176659	20091268651	91992	518.82	434.36	23	21	-1	13.98	13.98
Fixation R	1	1	20091176659	20091268651	91992	518.82	434.36	23	21	-1	14.63	14.63
Saccade L	1	1	20091268651	20091292654	24003	517.55	425.78	499.72	455.62	0.73	41.20	0.58	30.58	1365.53	-1214.92	918.45
Saccade R	1	1	20091268651	20091292654	24003	517.55	425.78	499.72	455.62	0.73	41.20	0.58	30.58	1365.53	-1214.92	918.45
Fixation L	1	2	20091292654	20091667472	374818	497.06	446.03	19	24	-1	14.12	14.12
Fixation R	1	2	20091292654	20091667472	374818	497.06	446.03	19	24	-1	14.84	14.84
Blink L	1	1	20091667472	20091794954	127482
Blink R	1	1	20091667472	20091794954	127482
Fixation L	1	3	20091808885	20091972992	164107	502.24	424.31	31	62	-1	13.96	13.96
Fixation R	1	3	20091808885	20091972992	164107	502.24	424.31	31	62	-1	14.61	14.61
Saccade L	1	2	20091972992	20092019458	46466	488.74	437.72	590.50	430.13	2.23	82.65	0.43	48.03	3204.13	-2539.07	2078.26
Saccade R	1	2	20091972992	20092019458	46466	488.74	437.72	590.50	430.13	2.23	82.65	0.43	48.03	3204.13	-2539.07	2078.26
Fixation L	1	4	20092019458	20092169021	149563	579.87	439.08	21	19	-1	14.77	14.77
Fixation R	1	4	20092019458	20092169021	149563	579.87	439.08	21	19	-1	15.33	15.33
Saccade L	1	3	20092169021	20092203002	33981	579.92	449.95	630.73	431.07	1.24	55.92	0.35	36.35	1932.28	-1623.37	1289.97
Saccade R	1	3	20092169021	20092203002	33981	579.92	449.95	630.73	431.07	1.24	55.92	0.35	36.35	1932.28	-1623.37	1289.97
Fixation L	1	5	20092203002	20092345108	142106	636.74	435.78	12	20	-1	14.95	14.95
Fixation R	1	5	20092203002	20092345108	142106	636.74	435.78	12	20	-1	15.54	15.54
Saccade L	1	4	20092345108	20092389144	44036	635.84	435.57	726.22	431.41	2.11	102.64	0.32	47.92	4274.27	-3206.11	2217.23
Saccade R	1	4	20092345108	20092389144	44036	635.84	435.57	726.22	431.41	2.11	102.64	0.32	47.92	4274.27	-3206.11	2217.23
Fixation L	1	6	20092389144	20092565222	176078	731.01	433.89	26	11	-1	14.54	14.54
Fixation R	1	6	20092389144	20092565222	176078	731.01	433.89	26	11	-1	15.11	15.11
Saccade L	1	5	20092565222	20092621224	56002	728.04	435.72	872.15	448.88	3.18	111.38	0.21	56.84	4487.48	-3294.23	2276.36
Saccade R	1	5	20092565222	20092621224	56002	728.04	435.72	872.15	448.88	3.18	111.38	0.21	56.84	4487.48	-3294.23	2276.36
Fixation L	1	7	20092621224	20092869347	248123	862.68	439.50	32	16	-1	14.17	14.17
Fixation R	1	7	20092621224	20092869347	248123	862.68	439.50	32	16	-1	14.68	14.68
Saccade L	1	6	20092869347	20092905342	35995	860.92	438.30	790.82	436.64	1.48	60.58	0.44	41.11	2530.40	-2223.93	1727.39
Saccade R	1	6	20092869347	20092905342	35995	860.92	438.30	790.82	436.64	1.48	60.58	0.44	41.11	2530.40	-2223.93	1727.39
Fixation L	1	8	20092905342	20093047453	142111	797.27	437.03	23	15	-1	14.13	14.13
Fixation R	1	8	20092905342	20093047453	142111	797.27	437.03	23	15	-1	14.59	14.59
Saccade L	1	7	20093047453	20093095446	47993	797.15	431.95	901.66	431.49	2.24	92.27	0.25	46.65	3428.39	-2515.07	1890.63
Saccade R	1	7	20093047453	20093095446	47993	797.15	431.95	901.66	431.49	2.24	92.27	0.25	46.65	3428.39	-2515.07	1890.63
Fixation L	1	9	20093095446	20093275457	180011	910.06	440.74	17	16	-1	14.61	14.61
Fixation R	1	9	20093095446	20093275457	180011	910.06	440.74	17	16	-1	14.87	14.87
Saccade L	1	8	20093275457	20093323565	48108	915.46	436.34	1033.05	446.82	2.64	113.57	0.25	54.80	4482.23	-2801.82	2165.76
Saccade R	1	8	20093275457	20093323565	48108	915.46	436.34	1033.05	446.82	2.64	113.57	0.25	54.80	4482.23	-2801.82	2165.76
Fixation L	1	10	20093323565	20093581558	257993	1022.16	446.64	30	20	-1	14.95	14.95
Fixation R	1	10	20093323565	20093581558	257993	1022.16	446.64	30	20	-1	15.21	15.21
Saccade L	1	9	20093581558	20093639685	58127	1018.96	447.53	896.41	445.45	2.88	91.72	0.21	49.54	3960.18	-2441.55	1868.46
Saccade R	1	9	20093581558	20093639685	58127	1018.96	447.53	896.41	445.45	2.88	91.72	0.21	49.54	3960.18	-2441.55	1868.46
Fixation L	1	11	20093639685	20093793667	153982	899.32	442.27	24	16	-1	14.38	14.38
Fixation R	1	11	20093639685	20093793667	153982	899.32	442.27	24	16	-1	14.83	14.83
Saccade L	1	10	20093793667	20093839810	46143	912.19	441.05	1029.05	431.66	2.68	111.06	0.31	58.12	4554.73	-2970.20	2519.79
Saccade R	1	10	20093793667	20093839810	46143	912.19	441.05	1029.05	431.66	2.68	111.06	0.31	58.12	4554.73	-2970.20	2519.79
Fixation L	1	12	20093839810	20093965812	126002	1015.10	441.22	23	19	-1	14.37	14.37
Fixation R	1	12	20093839810	20093965812	126002	1015.10	441.22	23	19	-1	14.70	14.70
Saccade L	1	11	20093965812	20094013787	47975	1009.20	451.23	1172.10	426.82	3.63	151.76	0.33	75.72	6421.05	-4830.35	3796.98
Saccade R	1	11	20093965812	20094013787	47975	1009.20	451.23	1172.10	426.82	3.63	151.76	0.33	75.72	6421.05	-4830.35	3796.98
Saccade L	1	12	20094061785	20094129921	68136	1179.12	437.92	611.02	447.58	12.79	401.45	0.32	187.77	17790.77	-11402.03	9164.62
Saccade R	1	12	20094061785	20094129921	68136	1179.12	437.92	611.02	447.58	12.79	401.45	0.32	187.77	17790.77	-11402.03	9164.62
Fixation L	1	13	20094129921	20094283912	153991	642.47	448.21	50	22	-1	15.31	15.31
Fixation R	1	13	20094129921	20094283912	153991	642.47	448.21	50	22	-1	15.71	15.71
Saccade L	1	13	20094283912	20094345904	61992	652.89	450.89	831.96	881.68	11.87	382.11	0.26	191.44	16140.32	-10442.16	9055.79
Saccade R	1	13	20094283912	20094345904	61992	652.89	450.89	831.96	881.68	11.87	382.11	0.26	191.44	16140.32	-10442.16	9055.79
Fixation L	1	14	20094345904	20094508025	162121	812.26	878.17	35	32	-1	15.92	15.92
Fixation R	1	14	20094345904	20094508025	162121	812.26	878.17	35	32	-1	16.69	16.69
Saccade L	1	14	20094508025	20094546109	38084	798.48	862.94	852.04	918.36	1.72	74.36	0.37	45.11	2975.19	-2290.85	1862.92
Saccade R	1	14	20094508025	20094546109	38084	798.48	862.94	852.04	918.36	1.72	74.36	0.37	45.11	2975.19	-2290.85	1862.92
Fixation L	1	15	20094546109	20095006264	460155	845.85	911.77	40	35	-1	15.95	15.95
Fixation R	1	15	20094546109	20095006264	460155	845.85	911.77	40	35	-1	16.48	16.48
Saccade L	1	15	20095006264	20095028736	22472	828.24	917.12	845.92	946.53	0.70	42.03	0.53	31.00	1549.54	-1341.85	1045.31
Saccade R	1	15	20095006264	20095028736	22472	828.24	917.12	845.92	946.53	0.70	42.03	0.53	31.00	1549.54	-1341.85	1045.31
Fixation L	1	16	20095028736	20095578496	549760	835.57	928.14	19	38	-1	15.94	15.94
Fixation R	1	16	20095028736	20095578496	549760	835.57	928.14	19	38	-1	16.91	16.91
