[BeGaze]
Converted from:	C:\Program Files\SMI\Experiment Suite 360\Experiment Center 2\Results\RC-Attachment-Exp\P06-eye_data.idf
Date:	18.03.2012 20:06:05
Version:	BeGaze 3.0.181
Sample Rate:	500
Subject:	P06
Description:	kibrisli

Table Header for Fixations:
Event Type	Trial	Number	Start	End	Duration	Location X	Location Y	Dispersion X	Dispersion Y	Plane	Avg. Pupil Size X	Avg. Pupil Size Y

Table Header for Saccades:
Event Type	Trial	Number	Start	End	Duration	Start Loc.X	Start Loc.Y	End Loc.X	End Loc.Y	Amplitude	Peak Speed	Peak Speed At	Average Speed	Peak Accel.	Peak Decel.	Average Accel.

Table Header for Blinks:
Event Type	Trial	Number	Start	End	Duration

Table Header for User Events:
Event Type	Trial	Number	Start	Description

UserEvent	1	1	6835508819	# Message: Questionnaire6.jpg
Fixation L	1	1	6835525407	6835752063	226656	843.77	959.04	58	53	-1	14.53	14.53
Fixation R	1	1	6835525407	6835752063	226656	843.77	959.04	58	53	-1	14.41	14.41
Saccade L	1	1	6835752063	6835800147	48084	851.93	929.16	854.59	994.09	1.72	68.71	0.38	35.70	2724.23	-2477.94	1823.82
Saccade R	1	1	6835752063	6835800147	48084	851.93	929.16	854.59	994.09	1.72	68.71	0.38	35.70	2724.23	-2477.94	1823.82
Fixation L	1	2	6835800147	6835896186	96039	851.24	986.03	12	12	-1	14.10	14.10
Fixation R	1	2	6835800147	6835896186	96039	851.24	986.03	12	12	-1	14.49	14.49
Saccade L	1	2	6835896186	6835984311	88125	852.37	981.00	384.41	391.50	17.62	488.01	0.43	199.89	20376.08	-13068.13	8926.04
Saccade R	1	2	6835896186	6835984311	88125	852.37	981.00	384.41	391.50	17.62	488.01	0.43	199.89	20376.08	-13068.13	8926.04
Saccade L	1	3	6836026183	6836068184	42001	380.50	354.94	399.76	397.67	1.19	51.88	0.38	28.23	1819.74	-1757.56	1113.89
Saccade R	1	3	6836026183	6836068184	42001	380.50	354.94	399.76	397.67	1.19	51.88	0.38	28.23	1819.74	-1757.56	1113.89
Fixation L	1	3	6836068184	6836178332	110148	395.13	386.68	36	26	-1	14.46	14.46
Fixation R	1	3	6836068184	6836178332	110148	395.13	386.68	36	26	-1	14.35	14.35
Saccade L	1	4	6836178332	6836220306	41974	400.86	385.86	544.36	399.03	3.20	183.14	0.43	76.32	7639.12	-7496.39	4912.92
Saccade R	1	4	6836178332	6836220306	41974	400.86	385.86	544.36	399.03	3.20	183.14	0.43	76.32	7639.12	-7496.39	4912.92
Fixation L	1	4	6836220306	6836430425	210119	538.97	375.25	25	44	-1	14.40	14.40
Fixation R	1	4	6836220306	6836430425	210119	538.97	375.25	25	44	-1	14.44	14.44
Saccade L	1	5	6836430425	6836500625	70200	546.85	354.78	691.22	353.04	3.68	147.55	0.43	52.38	5879.87	-4141.04	2752.21
Saccade R	1	5	6836430425	6836500625	70200	546.85	354.78	691.22	353.04	3.68	147.55	0.43	52.38	5879.87	-4141.04	2752.21
Fixation L	1	5	6836500625	6836580421	79796	686.51	349.94	16	26	-1	14.74	14.74
Fixation R	1	5	6836500625	6836580421	79796	686.51	349.94	16	26	-1	14.91	14.91
Saccade L	1	6	6836580421	6836648451	68030	679.43	332.73	702.70	402.05	1.82	40.47	0.50	26.77	3120.29	-619.69	653.31
Saccade R	1	6	6836580421	6836648451	68030	679.43	332.73	702.70	402.05	1.82	40.47	0.50	26.77	3120.29	-619.69	653.31
Saccade L	1	7	6836652554	6836696548	43994	697.95	410.48	786.78	388.90	3.65	157.57	0.27	82.93	5738.64	-5725.97	4341.84
Saccade R	1	7	6836652554	6836696548	43994	697.95	410.48	786.78	388.90	3.65	157.57	0.27	82.93	5738.64	-5725.97	4341.84
Fixation L	1	6	6836696548	6836870544	173996	772.31	369.90	58	49	-1	15.40	15.40
Fixation R	1	6	6836696548	6836870544	173996	772.31	369.90	58	49	-1	15.44	15.44
Saccade L	1	8	6836870544	6836958031	87487	802.77	339.44	943.11	336.84	4.31	196.15	0.27	49.25	7565.83	-7743.15	2742.58
Saccade R	1	8	6836870544	6836958031	87487	802.77	339.44	943.11	336.84	4.31	196.15	0.27	49.25	7565.83	-7743.15	2742.58
Fixation L	1	7	6836958031	6837012680	54649	944.25	336.31	4	8	-1	15.88	15.88
Fixation R	1	7	6836958031	6837012680	54649	944.25	336.31	4	8	-1	15.81	15.81
Saccade L	1	9	6837012680	6837048702	36022	944.95	339.27	918.80	376.17	1.05	51.74	0.46	29.23	2043.18	-1949.18	1427.85
Saccade R	1	9	6837012680	6837048702	36022	944.95	339.27	918.80	376.17	1.05	51.74	0.46	29.23	2043.18	-1949.18	1427.85
Saccade L	1	10	6837098668	6837144665	45997	945.29	366.56	1009.62	381.73	1.48	57.53	0.39	32.22	2044.30	-1766.56	1242.86
Saccade R	1	10	6837098668	6837144665	45997	945.29	366.56	1009.62	381.73	1.48	57.53	0.39	32.22	2044.30	-1766.56	1242.86
Fixation L	1	8	6837144665	6837284791	140126	1002.49	366.71	28	31	-1	15.99	15.99
Fixation R	1	8	6837144665	6837284791	140126	1002.49	366.71	28	31	-1	16.07	16.07
Saccade L	1	11	6837284791	6837326915	42124	1003.40	351.42	1102.10	372.39	2.26	120.04	0.38	53.62	4858.56	-4455.21	3103.88
Saccade R	1	11	6837284791	6837326915	42124	1003.40	351.42	1102.10	372.39	2.26	120.04	0.38	53.62	4858.56	-4455.21	3103.88
Fixation L	1	9	6837326915	6837428842	101927	1091.35	373.49	25	26	-1	15.99	15.99
Fixation R	1	9	6837326915	6837428842	101927	1091.35	373.49	25	26	-1	16.07	16.07
Saccade L	1	12	6837428842	6837510913	82071	1099.19	353.29	363.24	482.26	17.63	467.65	0.59	214.85	18812.91	-12887.09	9770.26
Saccade R	1	12	6837428842	6837510913	82071	1099.19	353.29	363.24	482.26	17.63	467.65	0.59	214.85	18812.91	-12887.09	9770.26
Saccade L	1	13	6837671746	6837726988	55242	364.73	476.92	408.78	488.48	1.42	48.24	0.53	25.79	1119.25	-1706.56	862.27
Saccade R	1	13	6837671746	6837726988	55242	364.73	476.92	408.78	488.48	1.42	48.24	0.53	25.79	1119.25	-1706.56	862.27
Saccade L	1	14	6837749835	6837793154	43319	397.05	477.70	300.08	515.79	2.47	162.10	0.58	56.97	5520.01	-5129.71	2895.36
Saccade R	1	14	6837749835	6837793154	43319	397.05	477.70	300.08	515.79	2.47	162.10	0.58	56.97	5520.01	-5129.71	2895.36
Saccade L	1	15	6837797023	6837853117	56094	297.37	515.23	404.05	475.45	3.46	206.86	0.21	61.66	6415.24	-5917.38	2745.57
Saccade R	1	15	6837797023	6837853117	56094	297.37	515.23	404.05	475.45	3.46	206.86	0.21	61.66	6415.24	-5917.38	2745.57
Saccade L	1	16	6837853117	6837887058	33941	404.05	475.45	383.94	515.07	1.00	51.10	0.56	29.40	1533.68	-1090.22	816.89
Saccade R	1	16	6837853117	6837887058	33941	404.05	475.45	383.94	515.07	1.00	51.10	0.56	29.40	1533.68	-1090.22	816.89
Saccade L	1	17	6837887058	6837921061	34003	383.94	515.07	317.09	502.86	1.50	76.63	0.47	44.09	3014.44	-1667.57	1464.03
Saccade R	1	17	6837887058	6837921061	34003	383.94	515.07	317.09	502.86	1.50	76.63	0.47	44.09	3014.44	-1667.57	1464.03
Saccade L	1	18	6837921061	6837945024	23963	317.09	502.86	393.33	477.82	1.71	143.43	0.50	71.42	3513.74	-4735.81	2962.40
Saccade R	1	18	6837921061	6837945024	23963	317.09	502.86	393.33	477.82	1.71	143.43	0.50	71.42	3513.74	-4735.81	2962.40
Saccade L	1	19	6837979046	6838011149	32103	370.67	507.24	415.11	494.68	0.98	51.93	0.31	30.43	1378.53	-1313.42	874.33
Saccade R	1	19	6837979046	6838011149	32103	370.67	507.24	415.11	494.68	0.98	51.93	0.31	30.43	1378.53	-1313.42	874.33
Saccade L	1	20	6838057151	6838081183	24032	367.69	499.49	395.33	543.92	1.08	85.24	0.46	44.76	2537.93	-2830.45	1925.30
Saccade R	1	20	6838057151	6838081183	24032	367.69	499.49	395.33	543.92	1.08	85.24	0.46	44.76	2537.93	-2830.45	1925.30
Fixation L	1	10	6838081183	6838179145	97962	376.30	526.88	26	30	-1	16.22	16.22
Fixation R	1	10	6838081183	6838179145	97962	376.30	526.88	26	30	-1	16.36	16.36
Saccade L	1	21	6838237184	6838269268	32084	377.17	552.37	362.82	504.01	1.11	51.24	0.44	34.61	520.81	-1433.78	650.50
Saccade R	1	21	6838237184	6838269268	32084	377.17	552.37	362.82	504.01	1.11	51.24	0.44	34.61	520.81	-1433.78	650.50
Saccade L	1	22	6838269268	6838309262	39994	362.82	504.01	383.73	559.79	1.29	41.79	0.65	32.19	1058.99	-1145.36	654.03
Saccade R	1	22	6838269268	6838309262	39994	362.82	504.01	383.73	559.79	1.29	41.79	0.65	32.19	1058.99	-1145.36	654.03
Saccade L	1	23	6838309262	6838345270	36008	383.73	559.79	357.93	521.72	1.09	46.04	0.33	30.26	1084.63	-1592.03	935.98
Saccade R	1	23	6838309262	6838345270	36008	383.73	559.79	357.93	521.72	1.09	46.04	0.33	30.26	1084.63	-1592.03	935.98
Fixation L	1	11	6838345270	6838693389	348119	368.83	526.76	44	42	-1	16.22	16.22
Fixation R	1	11	6838345270	6838693389	348119	368.83	526.76	44	42	-1	16.28	16.28
Saccade L	1	24	6838693389	6838727392	34003	375.20	507.37	317.63	456.92	1.80	98.00	0.30	52.86	3567.05	-3385.47	2209.23
Saccade R	1	24	6838693389	6838727392	34003	375.20	507.37	317.63	456.92	1.80	98.00	0.30	52.86	3567.05	-3385.47	2209.23
Saccade L	1	25	6838733383	6838823625	90242	316.98	452.73	298.19	379.97	8.49	199.44	0.69	94.12	4042.70	-6526.68	2439.85
Saccade R	1	25	6838733383	6838823625	90242	316.98	452.73	298.19	379.97	8.49	199.44	0.69	94.12	4042.70	-6526.68	2439.85
UserEvent	1	59	6838758688	# Message: UE-mouseclick left x=366 y=474
Blink L	1	1	6838853520	6839007527	154007
Blink R	1	1	6838853520	6839007527	154007
Fixation L	1	12	6839007527	6839307627	300100	278.50	426.60	352	563	-1	14.75	14.75
Fixation R	1	12	6839007527	6839307627	300100	278.50	426.60	352	563	-1	14.63	14.63
Saccade L	1	26	6839307627	6839347099	39472	325.82	561.24	369.29	514.79	1.43	65.65	0.41	36.20	2760.11	-2658.31	1828.80
Saccade R	1	26	6839307627	6839347099	39472	325.82	561.24	369.29	514.79	1.43	65.65	0.41	36.20	2760.11	-2658.31	1828.80
Saccade L	1	27	6839351902	6839393840	41938	367.68	517.39	376.05	570.74	6.93	385.91	0.57	165.14	12276.76	-16592.42	9954.35
Saccade R	1	27	6839351902	6839393840	41938	367.68	517.39	376.05	570.74	6.93	385.91	0.57	165.14	12276.76	-16592.42	9954.35
Fixation L	1	13	6839393840	6839467776	73936	355.51	558.89	33	22	-1	15.49	15.49
Fixation R	1	13	6839393840	6839467776	73936	355.51	558.89	33	22	-1	15.16	15.16
Saccade L	1	28	6839467776	6839513778	46002	344.79	555.17	313.48	632.17	1.94	120.67	0.65	42.26	4466.44	-3413.97	2102.66
Saccade R	1	28	6839467776	6839513778	46002	344.79	555.17	313.48	632.17	1.94	120.67	0.65	42.26	4466.44	-3413.97	2102.66
Saccade L	1	29	6839513778	6839557208	43430	313.48	632.17	363.77	563.36	2.37	148.15	0.32	54.64	4312.18	-5432.85	2757.25
Saccade R	1	29	6839513778	6839557208	43430	313.48	632.17	363.77	563.36	2.37	148.15	0.32	54.64	4312.18	-5432.85	2757.25
Fixation L	1	14	6839557208	6840119999	562791	365.93	577.70	405	623	-1	15.15	15.15
Fixation R	1	14	6839557208	6840119999	562791	365.93	577.70	405	623	-1	15.16	15.16
UserEvent	1	88	6840014491	# Message: UE-mouseclick left x=381 y=532
