[BeGaze]
Converted from:	C:\Program Files\SMI\Experiment Suite 360\Experiment Center 2\Results\RC-Attachment-Exp\P15-eye_data.idf
Date:	18.03.2012 20:11:20
Version:	BeGaze 3.0.181
Sample Rate:	500
Subject:	P15
Description:	Run20

Table Header for Fixations:
Event Type	Trial	Number	Start	End	Duration	Location X	Location Y	Dispersion X	Dispersion Y	Plane	Avg. Pupil Size X	Avg. Pupil Size Y

Table Header for Saccades:
Event Type	Trial	Number	Start	End	Duration	Start Loc.X	Start Loc.Y	End Loc.X	End Loc.Y	Amplitude	Peak Speed	Peak Speed At	Average Speed	Peak Accel.	Peak Decel.	Average Accel.

Table Header for Blinks:
Event Type	Trial	Number	Start	End	Duration

Table Header for User Events:
Event Type	Trial	Number	Start	Description

UserEvent	1	1	2382820783	# Message: RC-nonforced-nonanim-1.jpg
Fixation L	1	1	2382822878	2383357060	534182	506.34	450.93	26	27	-1	12.51	12.51
Fixation R	1	1	2382822878	2383357060	534182	506.34	450.93	26	27	-1	12.09	12.09
Saccade L	1	1	2383357060	2383387057	29997	507.14	463.74	563.13	448.16	1.21	62.92	0.33	40.47	2226.22	-2164.13	1643.34
Saccade R	1	1	2383357060	2383387057	29997	507.14	463.74	563.13	448.16	1.21	62.92	0.33	40.47	2226.22	-2164.13	1643.34
Fixation L	1	2	2383387057	2383647179	260122	561.81	448.93	34	23	-1	12.28	12.28
Fixation R	1	2	2383387057	2383647179	260122	561.81	448.93	34	23	-1	12.06	12.06
Saccade L	1	2	2383647179	2383731285	84106	540.15	437.79	678.94	347.79	16.32	395.33	0.48	194.05	13649.79	-8316.89	4470.85
Saccade R	1	2	2383647179	2383731285	84106	540.15	437.79	678.94	347.79	16.32	395.33	0.48	194.05	13649.79	-8316.89	4470.85
Saccade L	1	3	2383731285	2383763175	31890	678.94	347.79	629.75	399.26	1.65	92.59	0.25	51.81	-286.75	-7033.83	2488.30
Saccade R	1	3	2383731285	2383763175	31890	678.94	347.79	629.75	399.26	1.65	92.59	0.25	51.81	-286.75	-7033.83	2488.30
Fixation L	1	3	2383763175	2384131287	368112	649.87	432.74	57	59	-1	12.50	12.50
Fixation R	1	3	2383763175	2384131287	368112	649.87	432.74	57	59	-1	12.10	12.10
Saccade L	1	4	2384131287	2384173481	42194	647.25	423.66	774.24	433.73	2.79	125.71	0.38	66.24	5100.06	-4544.93	3416.19
Saccade R	1	4	2384131287	2384173481	42194	647.25	423.66	774.24	433.73	2.79	125.71	0.38	66.24	5100.06	-4544.93	3416.19
Fixation L	1	4	2384173481	2384271422	97941	754.96	430.84	32	10	-1	12.38	12.38
Fixation R	1	4	2384173481	2384271422	97941	754.96	430.84	32	10	-1	12.12	12.12
Blink L	1	1	2384271422	2384425775	154353
Blink R	1	1	2384271422	2384425775	154353
Saccade L	1	5	2384431403	2384471553	40150	742.11	343.25	760.30	410.95	1.94	77.15	0.50	48.24	1477.41	-4232.49	1769.10
Saccade R	1	5	2384431403	2384471553	40150	742.11	343.25	760.30	410.95	1.94	77.15	0.50	48.24	1477.41	-4232.49	1769.10
Fixation L	1	5	2384471553	2384789641	318088	768.61	435.30	16	39	-1	12.82	12.82
Fixation R	1	5	2384471553	2384789641	318088	768.61	435.30	16	39	-1	12.55	12.55
Saccade L	1	6	2384789641	2384821639	31998	767.66	447.16	817.60	434.16	1.10	51.62	0.38	34.22	2108.85	-1561.93	1298.43
Saccade R	1	6	2384789641	2384821639	31998	767.66	447.16	817.60	434.16	1.10	51.62	0.38	34.22	2108.85	-1561.93	1298.43
Fixation L	1	6	2384821639	2385071760	250121	818.57	421.83	13	17	-1	13.15	13.15
Fixation R	1	6	2384821639	2385071760	250121	818.57	421.83	13	17	-1	12.82	12.82
Saccade L	1	7	2385071760	2385115791	44031	809.21	417.84	880.99	413.52	1.58	46.44	0.50	35.90	1859.41	-1449.89	1144.11
Saccade R	1	7	2385071760	2385115791	44031	809.21	417.84	880.99	413.52	1.58	46.44	0.50	35.90	1859.41	-1449.89	1144.11
Fixation L	1	7	2385115791	2385237894	122103	882.54	413.63	7	15	-1	12.75	12.75
Fixation R	1	7	2385115791	2385237894	122103	882.54	413.63	7	15	-1	12.54	12.54
Saccade L	1	8	2385237894	2385273914	36020	877.59	424.88	932.42	432.85	1.32	57.35	0.44	36.54	1685.72	-1782.58	1261.70
Saccade R	1	8	2385237894	2385273914	36020	877.59	424.88	932.42	432.85	1.32	57.35	0.44	36.54	1685.72	-1782.58	1261.70
Fixation L	1	8	2385273914	2385475871	201957	941.99	432.86	14	20	-1	12.72	12.72
Fixation R	1	8	2385273914	2385475871	201957	941.99	432.86	14	20	-1	12.42	12.42
Saccade L	1	9	2385475871	2385505868	29997	933.11	444.89	1012.51	448.11	1.70	106.55	0.47	56.62	4120.98	-3887.00	2882.87
Saccade R	1	9	2385475871	2385505868	29997	933.11	444.89	1012.51	448.11	1.70	106.55	0.47	56.62	4120.98	-3887.00	2882.87
Fixation L	1	9	2385505868	2386278344	772476	1055.59	434.74	82	46	-1	13.05	13.05
Fixation R	1	9	2385505868	2386278344	772476	1055.59	434.74	82	46	-1	12.73	12.73
Saccade L	1	10	2386278344	2386312251	33907	1062.82	421.43	1138.84	436.61	1.75	91.30	0.41	51.49	3604.70	-3158.64	2397.05
Saccade R	1	10	2386278344	2386312251	33907	1062.82	421.43	1138.84	436.61	1.75	91.30	0.41	51.49	3604.70	-3158.64	2397.05
Fixation L	1	10	2386312251	2386904582	592331	1156.82	431.63	40	34	-1	12.94	12.94
Fixation R	1	10	2386312251	2386904582	592331	1156.82	431.63	40	34	-1	12.66	12.66
Saccade L	1	11	2386904582	2387024596	120014	1150.18	422.09	901.49	893.93	12.79	225.75	0.33	106.58	8182.97	-4837.12	3073.02
Saccade R	1	11	2386904582	2387024596	120014	1150.18	422.09	901.49	893.93	12.79	225.75	0.33	106.58	8182.97	-4837.12	3073.02
Fixation L	1	11	2387024596	2387331036	306440	898.85	926.20	34	68	-1	13.11	13.11
Fixation R	1	11	2387024596	2387331036	306440	898.85	926.20	34	68	-1	12.73	12.73
Saccade L	1	12	2387331036	2387362708	31672	911.27	953.70	872.71	927.97	1.04	45.74	0.43	32.68	1802.44	-1156.59	1095.78
Saccade R	1	12	2387331036	2387362708	31672	911.27	953.70	872.71	927.97	1.04	45.74	0.43	32.68	1802.44	-1156.59	1095.78
Saccade L	1	13	2387404957	2387493317	88360	871.27	942.43	663.12	416.80	13.58	327.25	0.27	153.64	14024.72	-7056.28	6151.12
Saccade R	1	13	2387404957	2387493317	88360	871.27	942.43	663.12	416.80	13.58	327.25	0.27	153.64	14024.72	-7056.28	6151.12
Fixation L	1	12	2387493317	2387782931	289614	670.57	443.04	67	40	-1	13.40	13.40
Fixation R	1	12	2387493317	2387782931	289614	670.57	443.04	67	40	-1	12.91	12.91
Saccade L	1	14	2387782931	2387814943	32012	713.12	437.30	655.30	438.53	1.24	62.57	0.47	38.83	2457.85	-2244.58	1721.86
Saccade R	1	14	2387782931	2387814943	32012	713.12	437.30	655.30	438.53	1.24	62.57	0.47	38.83	2457.85	-2244.58	1721.86
Fixation L	1	13	2387814943	2388025062	210119	657.17	444.54	24	24	-1	13.89	13.89
Fixation R	1	13	2387814943	2388025062	210119	657.17	444.54	24	24	-1	13.53	13.53
Saccade L	1	15	2388025062	2388079047	53985	661.22	448.08	773.17	445.82	2.60	114.76	0.22	48.12	4890.29	-3463.28	2098.90
Saccade R	1	15	2388025062	2388079047	53985	661.22	448.08	773.17	445.82	2.60	114.76	0.22	48.12	4890.29	-3463.28	2098.90
Fixation L	1	14	2388079047	2388277163	198116	773.49	439.35	20	18	-1	13.98	13.98
Fixation R	1	14	2388079047	2388277163	198116	773.49	439.35	20	18	-1	13.60	13.60
Saccade L	1	16	2388277163	2388341166	64003	769.02	434.86	561.48	454.14	4.91	178.39	0.31	76.79	7960.53	-6618.51	3749.65
Saccade R	1	16	2388277163	2388341166	64003	769.02	434.86	561.48	454.14	4.91	178.39	0.31	76.79	7960.53	-6618.51	3749.65
Fixation L	1	15	2388341166	2388751403	410237	598.64	453.19	72	32	-1	13.63	13.63
Fixation R	1	15	2388341166	2388751403	410237	598.64	453.19	72	32	-1	13.17	13.17
Saccade L	1	17	2388751403	2388785397	33994	618.48	450.05	685.55	439.94	1.50	77.10	0.42	44.22	3156.41	-2565.62	2017.99
Saccade R	1	17	2388751403	2388785397	33994	618.48	450.05	685.55	439.94	1.50	77.10	0.42	44.22	3156.41	-2565.62	2017.99
Fixation L	1	16	2388785397	2388915394	129997	686.58	455.22	22	37	-1	13.52	13.52
Fixation R	1	16	2388785397	2388915394	129997	686.58	455.22	22	37	-1	13.06	13.06
Saccade L	1	18	2388915394	2388939404	24010	672.20	474.84	743.73	464.49	1.62	123.31	0.52	67.40	4557.23	-4184.93	2952.68
Saccade R	1	18	2388915394	2388939404	24010	672.20	474.84	743.73	464.49	1.62	123.31	0.52	67.40	4557.23	-4184.93	2952.68
Fixation L	1	17	2388939404	2389061521	122117	754.57	471.53	16	21	-1	13.54	13.54
Fixation R	1	17	2388939404	2389061521	122117	754.57	471.53	16	21	-1	13.05	13.05
Blink L	1	2	2389061521	2389262248	200727
Blink R	1	2	2389061521	2389262248	200727
Saccade L	1	19	2389323967	2389350791	26824	821.41	887.19	820.90	999.13	1.73	149.07	0.29	64.33	3516.61	-5165.15	3087.22
Saccade R	1	19	2389323967	2389350791	26824	821.41	887.19	820.90	999.13	1.73	149.07	0.29	64.33	3516.61	-5165.15	3087.22
Saccade L	1	20	2389388036	2389443631	55595	828.94	990.74	900.39	972.65	1.79	60.16	0.27	32.20	2029.53	-1688.61	951.57
Saccade R	1	20	2389388036	2389443631	55595	828.94	990.74	900.39	972.65	1.79	60.16	0.27	32.20	2029.53	-1688.61	951.57
Fixation L	1	18	2389443631	2390217982	774351	861.89	955.47	64	41	-1	13.70	13.70
Fixation R	1	18	2389443631	2390217982	774351	861.89	955.47	64	41	-1	13.03	13.03
