[BeGaze]
Converted from:	C:\Program Files\SMI\Experiment Suite 360\Experiment Center 2\Results\RC-Attachment-Exp\P05-eye_data.idf
Date:	18.03.2012 20:05:58
Version:	BeGaze 3.0.181
Sample Rate:	500
Subject:	P05
Description:	Kibrisli

Table Header for Fixations:
Event Type	Trial	Number	Start	End	Duration	Location X	Location Y	Dispersion X	Dispersion Y	Plane	Avg. Pupil Size X	Avg. Pupil Size Y

Table Header for Saccades:
Event Type	Trial	Number	Start	End	Duration	Start Loc.X	Start Loc.Y	End Loc.X	End Loc.Y	Amplitude	Peak Speed	Peak Speed At	Average Speed	Peak Accel.	Peak Decel.	Average Accel.

Table Header for Blinks:
Event Type	Trial	Number	Start	End	Duration

Table Header for User Events:
Event Type	Trial	Number	Start	Description

UserEvent	1	1	6474658490	# Message: RC-N2forced-nonanim-6.jpg
Fixation L	1	1	6474659151	6474929224	270073	482.88	454.10	16	28	-1	13.88	13.88
Fixation R	1	1	6474659151	6474929224	270073	482.88	454.10	16	28	-1	14.60	14.60
Saccade L	1	1	6474929224	6474957223	27999	492.64	462.41	527.93	442.83	0.84	46.92	0.50	30.11	2015.13	-1943.26	1419.77
Saccade R	1	1	6474929224	6474957223	27999	492.64	462.41	527.93	442.83	0.84	46.92	0.50	30.11	2015.13	-1943.26	1419.77
Fixation L	1	2	6474957223	6475169345	212122	523.98	450.47	14	20	-1	14.20	14.20
Fixation R	1	2	6474957223	6475169345	212122	523.98	450.47	14	20	-1	15.00	15.00
Saccade L	1	2	6475169345	6475193612	24267	519.20	461.46	575.68	457.21	1.20	88.16	0.49	49.56	3506.81	-3530.32	2481.05
Saccade R	1	2	6475169345	6475193612	24267	519.20	461.46	575.68	457.21	1.20	88.16	0.49	49.56	3506.81	-3530.32	2481.05
Fixation L	1	3	6475193612	6475385489	191877	568.44	460.67	21	14	-1	13.99	13.99
Fixation R	1	3	6475193612	6475385489	191877	568.44	460.67	21	14	-1	14.81	14.81
Saccade L	1	3	6475385489	6475415468	29979	570.77	459.44	638.73	446.62	1.49	95.94	0.43	49.57	4079.19	-3715.18	2771.30
Saccade R	1	3	6475385489	6475415468	29979	570.77	459.44	638.73	446.62	1.49	95.94	0.43	49.57	4079.19	-3715.18	2771.30
Fixation L	1	4	6475415468	6475575608	160140	646.20	449.38	13	7	-1	13.79	13.79
Fixation R	1	4	6475415468	6475575608	160140	646.20	449.38	13	7	-1	14.82	14.82
Saccade L	1	4	6475575608	6475597699	22091	649.67	447.66	704.56	452.79	1.21	98.40	0.54	54.62	4051.79	-3741.64	2641.21
Saccade R	1	4	6475575608	6475597699	22091	649.67	447.66	704.56	452.79	1.21	98.40	0.54	54.62	4051.79	-3741.64	2641.21
Fixation L	1	5	6475597699	6475723606	125907	701.70	447.26	8	8	-1	13.88	13.88
Fixation R	1	5	6475597699	6475723606	125907	701.70	447.26	8	8	-1	14.82	14.82
Blink L	1	1	6475723606	6475913079	189473
Blink R	1	1	6475723606	6475913079	189473
Fixation L	1	6	6475913079	6476005720	92641	793.51	459.04	9	12	-1	14.04	14.04
Fixation R	1	6	6475913079	6476005720	92641	793.51	459.04	9	12	-1	14.51	14.51
Saccade L	1	5	6476005720	6476031704	25984	793.22	467.43	857.77	445.45	1.38	101.66	0.54	52.99	3952.11	-3628.04	2682.48
Saccade R	1	5	6476005720	6476031704	25984	793.22	467.43	857.77	445.45	1.38	101.66	0.54	52.99	3952.11	-3628.04	2682.48
Fixation L	1	7	6476031704	6476185133	153429	857.69	469.02	19	28	-1	14.55	14.55
Fixation R	1	7	6476031704	6476185133	153429	857.69	469.02	19	28	-1	14.98	14.98
Saccade L	1	6	6476185133	6476225830	40697	860.10	462.36	914.75	466.37	1.48	64.69	0.55	36.42	2614.36	-2296.80	1778.44
Saccade R	1	6	6476185133	6476225830	40697	860.10	462.36	914.75	466.37	1.48	64.69	0.55	36.42	2614.36	-2296.80	1778.44
Fixation L	1	8	6476225830	6476453952	228122	920.82	460.84	18	13	-1	14.26	14.26
Fixation R	1	8	6476225830	6476453952	228122	920.82	460.84	18	13	-1	14.70	14.70
Saccade L	1	7	6476453952	6476476786	22834	930.25	453.36	900.16	441.39	0.68	47.68	0.44	29.71	1906.54	-1704.56	1260.39
Saccade R	1	7	6476453952	6476476786	22834	930.25	453.36	900.16	441.39	0.68	47.68	0.44	29.71	1906.54	-1704.56	1260.39
Fixation L	1	9	6476476786	6476558066	81280	907.23	443.17	13	5	-1	13.90	13.90
Fixation R	1	9	6476476786	6476558066	81280	907.23	443.17	13	5	-1	14.34	14.34
Saccade L	1	8	6476558066	6476586070	28004	913.09	445.79	989.62	459.30	1.69	116.32	0.50	60.49	4809.93	-4615.88	3397.16
Saccade R	1	8	6476558066	6476586070	28004	913.09	445.79	989.62	459.30	1.69	116.32	0.50	60.49	4809.93	-4615.88	3397.16
Fixation L	1	10	6476586070	6476768070	182000	981.92	458.32	14	16	-1	13.95	13.95
Fixation R	1	10	6476586070	6476768070	182000	981.92	458.32	14	16	-1	14.47	14.47
Saccade L	1	9	6476768070	6476794604	26534	981.96	467.37	1046.42	455.39	1.50	104.18	0.53	56.47	4312.48	-4024.82	3048.34
Saccade R	1	9	6476768070	6476794604	26534	981.96	467.37	1046.42	455.39	1.50	104.18	0.53	56.47	4312.48	-4024.82	3048.34
Fixation L	1	11	6476794604	6477228869	434265	1053.61	458.52	24	25	-1	14.48	14.48
Fixation R	1	11	6476794604	6477228869	434265	1053.61	458.52	24	25	-1	15.06	15.06
Saccade L	1	10	6477228869	6477256310	27441	1057.25	459.58	1154.80	473.50	2.26	159.34	0.49	82.27	6670.64	-5847.58	4494.37
Saccade R	1	10	6477228869	6477256310	27441	1057.25	459.58	1154.80	473.50	2.26	159.34	0.49	82.27	6670.64	-5847.58	4494.37
Fixation L	1	12	6477256310	6478284420	1028110	1166.64	452.92	54	46	-1	14.83	14.83
Fixation R	1	12	6477256310	6478284420	1028110	1166.64	452.92	54	46	-1	15.27	15.27
Blink L	1	2	6478284420	6478570909	286489
Blink R	1	2	6478284420	6478570909	286489
Saccade L	1	11	6478576916	6478626953	50037	932.96	821.18	863.78	870.98	1.99	82.30	0.32	39.78	2616.16	-2069.65	1377.66
Saccade R	1	11	6478576916	6478626953	50037	932.96	821.18	863.78	870.98	1.99	82.30	0.32	39.78	2616.16	-2069.65	1377.66
Fixation L	1	13	6478626953	6479355267	728314	871.01	912.37	44	56	-1	14.68	14.68
Fixation R	1	13	6478626953	6479355267	728314	871.01	912.37	44	56	-1	15.64	15.64
