[BeGaze]
Converted from:	C:\Program Files\SMI\Experiment Suite 360\Experiment Center 2\Results\RC-Attachment-Exp\P11-eye_data.idf
Date:	18.03.2012 20:09:12
Version:	BeGaze 3.0.181
Sample Rate:	500
Subject:	P11
Description:	Run16

Table Header for Fixations:
Event Type	Trial	Number	Start	End	Duration	Location X	Location Y	Dispersion X	Dispersion Y	Plane	Avg. Pupil Size X	Avg. Pupil Size Y

Table Header for Saccades:
Event Type	Trial	Number	Start	End	Duration	Start Loc.X	Start Loc.Y	End Loc.X	End Loc.Y	Amplitude	Peak Speed	Peak Speed At	Average Speed	Peak Accel.	Peak Decel.	Average Accel.

Table Header for Blinks:
Event Type	Trial	Number	Start	End	Duration

Table Header for User Events:
Event Type	Trial	Number	Start	Description

UserEvent	1	1	10654083303	# Message: Dist-orthm-36.jpg
Fixation L	1	1	10654083958	10654394044	310086	514.71	422.46	21	27	-1	14.32	14.32
Fixation R	1	1	10654083958	10654394044	310086	514.71	422.46	21	27	-1	13.59	13.59
Saccade L	1	1	10654394044	10654424038	29994	509.77	430.10	559.79	424.10	1.08	52.63	0.40	35.97	1766.90	-1976.99	1393.99
Saccade R	1	1	10654394044	10654424038	29994	509.77	430.10	559.79	424.10	1.08	52.63	0.40	35.97	1766.90	-1976.99	1393.99
Fixation L	1	2	10654424038	10654534190	110152	560.15	423.22	7	5	-1	14.81	14.81
Fixation R	1	2	10654424038	10654534190	110152	560.15	423.22	7	5	-1	13.90	13.90
Saccade L	1	2	10654534190	10654566162	31972	563.45	427.48	629.09	427.82	1.41	80.93	0.37	44.18	3133.83	-2731.99	2038.92
Saccade R	1	2	10654534190	10654566162	31972	563.45	427.48	629.09	427.82	1.41	80.93	0.37	44.18	3133.83	-2731.99	2038.92
Fixation L	1	3	10654566162	10654754293	188131	629.49	446.70	13	28	-1	14.65	14.65
Fixation R	1	3	10654566162	10654754293	188131	629.49	446.70	13	28	-1	13.76	13.76
Saccade L	1	3	10654754293	10654790312	36019	629.71	446.89	735.69	434.74	2.25	110.73	0.44	62.47	4876.36	-4438.25	3377.44
Saccade R	1	3	10654754293	10654790312	36019	629.71	446.89	735.69	434.74	2.25	110.73	0.44	62.47	4876.36	-4438.25	3377.44
Fixation L	1	4	10654790312	10654978283	187971	738.98	448.55	18	24	-1	14.20	14.20
Fixation R	1	4	10654790312	10654978283	187971	738.98	448.55	18	24	-1	13.43	13.43
Saccade L	1	4	10654978283	10655002435	24152	751.45	457.95	793.83	438.90	1.01	62.05	0.50	41.72	2085.50	-2033.63	1491.21
Saccade R	1	4	10654978283	10655002435	24152	751.45	457.95	793.83	438.90	1.01	62.05	0.50	41.72	2085.50	-2033.63	1491.21
Fixation L	1	5	10655002435	10655164400	161965	785.30	451.64	19	19	-1	14.13	14.13
Fixation R	1	5	10655002435	10655164400	161965	785.30	451.64	19	19	-1	13.38	13.38
Saccade L	1	5	10655164400	10655196399	31999	791.71	439.32	884.16	435.63	1.99	108.39	0.46	62.07	4424.54	-4586.68	3315.67
Saccade R	1	5	10655164400	10655196399	31999	791.71	439.32	884.16	435.63	1.99	108.39	0.46	62.07	4424.54	-4586.68	3315.67
Fixation L	1	6	10655196399	10655414516	218117	887.78	446.69	27	28	-1	14.02	14.02
Fixation R	1	6	10655196399	10655414516	218117	887.78	446.69	27	28	-1	13.15	13.15
Saccade L	1	6	10655414516	10655452666	38150	894.70	453.69	980.90	448.66	1.93	81.41	0.52	50.58	2865.13	-3231.73	2256.41
Saccade R	1	6	10655414516	10655452666	38150	894.70	453.69	980.90	448.66	1.93	81.41	0.52	50.58	2865.13	-3231.73	2256.41
Fixation L	1	7	10655452666	10655644638	191972	975.37	442.89	16	13	-1	13.94	13.94
Fixation R	1	7	10655452666	10655644638	191972	975.37	442.89	16	13	-1	13.07	13.07
Saccade L	1	7	10655644638	10655684659	40021	975.65	443.37	1114.72	449.16	3.02	116.38	0.40	75.50	5252.43	-4478.25	3584.23
Saccade R	1	7	10655644638	10655684659	40021	975.65	443.37	1114.72	449.16	3.02	116.38	0.40	75.50	5252.43	-4478.25	3584.23
Fixation L	1	8	10655684659	10655920756	236097	1112.47	444.33	34	21	-1	13.96	13.96
Fixation R	1	8	10655684659	10655920756	236097	1112.47	444.33	34	21	-1	13.04	13.04
Saccade L	1	8	10655920756	10655944756	24000	1117.33	436.63	1160.13	438.85	0.88	54.84	0.54	36.53	2101.20	-2093.69	1467.94
Saccade R	1	8	10655920756	10655944756	24000	1117.33	436.63	1160.13	438.85	0.88	54.84	0.54	36.53	2101.20	-2093.69	1467.94
Fixation L	1	9	10655944756	10656178875	234119	1169.02	436.86	24	19	-1	13.82	13.82
Fixation R	1	9	10655944756	10656178875	234119	1169.02	436.86	24	19	-1	13.11	13.11
Blink L	1	1	10656178875	10656370995	192120
Blink R	1	1	10656178875	10656370995	192120
Saccade L	1	9	10656547162	10656607117	59955	962.16	900.01	889.51	908.91	2.38	53.31	0.80	39.64	717.64	-1660.58	628.02
Saccade R	1	9	10656547162	10656607117	59955	962.16	900.01	889.51	908.91	2.38	53.31	0.80	39.64	717.64	-1660.58	628.02
Fixation L	1	10	10656607117	10656765110	157993	903.57	926.47	18	51	-1	13.77	13.77
Fixation R	1	10	10656607117	10656765110	157993	903.57	926.47	18	51	-1	13.90	13.90
Fixation L	1	11	10656789116	10656987236	198120	903.17	947.13	38	40	-1	13.78	13.78
Fixation R	1	11	10656789116	10656987236	198120	903.17	947.13	38	40	-1	13.47	13.47
