[BeGaze]
Converted from:	C:\Program Files\SMI\Experiment Suite 360\Experiment Center 2\Results\RC-Attachment-Exp\P34-eye_data.idf
Date:	18.03.2012 20:31:30
Version:	BeGaze 3.0.181
Sample Rate:	500
Subject:	P34
Description:	Run39

Table Header for Fixations:
Event Type	Trial	Number	Start	End	Duration	Location X	Location Y	Dispersion X	Dispersion Y	Plane	Avg. Pupil Size X	Avg. Pupil Size Y

Table Header for Saccades:
Event Type	Trial	Number	Start	End	Duration	Start Loc.X	Start Loc.Y	End Loc.X	End Loc.Y	Amplitude	Peak Speed	Peak Speed At	Average Speed	Peak Accel.	Peak Decel.	Average Accel.

Table Header for Blinks:
Event Type	Trial	Number	Start	End	Duration

Table Header for User Events:
Event Type	Trial	Number	Start	Description

UserEvent	1	1	4729245111	# Message: Questionnaire25.jpg
Fixation L	1	1	4729250142	4729358084	107942	933.99	898.55	24	26	-1	13.32	13.32
Fixation R	1	1	4729250142	4729358084	107942	933.99	898.55	24	26	-1	13.25	13.25
Fixation L	1	2	4729388974	4729481492	92518	926.75	899.27	17	14	-1	13.34	13.34
Fixation R	1	2	4729388974	4729481492	92518	926.75	899.27	17	14	-1	13.34	13.34
Saccade L	1	1	4729481492	4729510000	28508	939.10	901.19	892.09	912.62	1.13	58.62	0.56	39.52	2043.13	-1556.30	1237.49
Saccade R	1	1	4729481492	4729510000	28508	939.10	901.19	892.09	912.62	1.13	58.62	0.56	39.52	2043.13	-1556.30	1237.49
Fixation L	1	3	4729510000	4729595889	85889	916.84	927.32	58	28	-1	13.41	13.41
Fixation R	1	3	4729510000	4729595889	85889	916.84	927.32	58	28	-1	13.41	13.41
Saccade L	1	2	4729595889	4729631131	35242	948.78	934.94	912.41	931.11	1.15	49.24	0.57	32.59	992.98	-1629.47	960.68
Saccade R	1	2	4729595889	4729631131	35242	948.78	934.94	912.41	931.11	1.15	49.24	0.57	32.59	992.98	-1629.47	960.68
Saccade L	1	3	4729647795	4729729816	82021	917.06	927.88	466.10	412.87	16.13	379.00	0.41	196.66	16389.66	-11214.62	7880.05
Saccade R	1	3	4729647795	4729729816	82021	917.06	927.88	466.10	412.87	16.13	379.00	0.41	196.66	16389.66	-11214.62	7880.05
Fixation L	1	4	4729729816	4729825903	96087	458.14	420.35	17	16	-1	13.47	13.47
Fixation R	1	4	4729729816	4729825903	96087	458.14	420.35	17	16	-1	13.29	13.29
Saccade L	1	4	4729825903	4729856157	30254	454.98	428.74	402.41	339.35	2.32	144.49	0.47	76.68	6081.02	-5797.13	4376.00
Saccade R	1	4	4729825903	4729856157	30254	454.98	428.74	402.41	339.35	2.32	144.49	0.47	76.68	6081.02	-5797.13	4376.00
Fixation L	1	5	4729856157	4730045902	189745	401.96	334.08	25	46	-1	13.57	13.57
Fixation R	1	5	4729856157	4730045902	189745	401.96	334.08	25	46	-1	13.28	13.28
Saccade L	1	5	4730045902	4730078157	32255	408.66	362.85	509.06	373.72	2.25	134.71	0.44	69.71	5595.54	-5334.95	3957.51
Saccade R	1	5	4730045902	4730078157	32255	408.66	362.85	509.06	373.72	2.25	134.71	0.44	69.71	5595.54	-5334.95	3957.51
Saccade L	1	6	4730101900	4730126079	24179	508.34	372.18	523.71	332.35	0.84	52.63	0.42	34.88	2036.06	-1625.69	1275.62
Saccade R	1	6	4730101900	4730126079	24179	508.34	372.18	523.71	332.35	0.84	52.63	0.42	34.88	2036.06	-1625.69	1275.62
Fixation L	1	6	4730126079	4730228023	101944	521.13	340.43	19	17	-1	13.79	13.79
Fixation R	1	6	4730126079	4730228023	101944	521.13	340.43	19	17	-1	13.65	13.65
Saccade L	1	7	4730228023	4730254059	26036	512.01	340.42	590.34	349.94	1.76	130.85	0.54	67.45	5326.30	-4754.43	3580.29
Saccade R	1	7	4730228023	4730254059	26036	512.01	340.42	590.34	349.94	1.76	130.85	0.54	67.45	5326.30	-4754.43	3580.29
Fixation L	1	7	4730254059	4730386137	132078	588.99	333.92	21	29	-1	13.85	13.85
Fixation R	1	7	4730254059	4730386137	132078	588.99	333.92	21	29	-1	13.85	13.85
Saccade L	1	8	4730386137	4730436376	50239	591.17	348.85	663.97	358.47	2.18	85.53	0.68	43.33	2686.27	-3460.81	1783.75
Saccade R	1	8	4730386137	4730436376	50239	591.17	348.85	663.97	358.47	2.18	85.53	0.68	43.33	2686.27	-3460.81	1783.75
Fixation L	1	8	4730436376	4730582144	145768	673.43	364.15	25	20	-1	14.10	14.10
Fixation R	1	8	4730436376	4730582144	145768	673.43	364.15	25	20	-1	13.98	13.98
Saccade L	1	9	4730582144	4730606275	24131	681.28	366.72	782.23	358.33	1.94	158.27	0.50	80.47	6199.48	-5949.62	4228.02
Saccade R	1	9	4730582144	4730606275	24131	681.28	366.72	782.23	358.33	1.94	158.27	0.50	80.47	6199.48	-5949.62	4228.02
Fixation L	1	9	4730652392	4730742249	89857	774.97	375.87	20	28	-1	14.16	14.16
Fixation R	1	9	4730652392	4730742249	89857	774.97	375.87	20	28	-1	14.06	14.06
Saccade L	1	10	4730742249	4730772248	29999	768.12	371.95	851.08	387.68	1.73	106.21	0.53	57.76	4111.21	-4046.60	2936.12
Saccade R	1	10	4730742249	4730772248	29999	768.12	371.95	851.08	387.68	1.73	106.21	0.53	57.76	4111.21	-4046.60	2936.12
Fixation L	1	10	4730772248	4730854245	81997	850.97	384.30	75	17	-1	14.05	14.05
Fixation R	1	10	4730772248	4730854245	81997	850.97	384.30	75	17	-1	13.95	13.95
Saccade L	1	11	4730854245	4730884283	30038	855.39	385.56	841.46	383.97	7.69	310.20	0.43	256.16	14803.73	-14069.75	11242.33
Saccade R	1	11	4730854245	4730884283	30038	855.39	385.56	841.46	383.97	7.69	310.20	0.43	256.16	14803.73	-14069.75	11242.33
Fixation L	1	11	4730884283	4731004378	120095	844.17	384.11	39	29	-1	13.66	13.66
Fixation R	1	11	4730884283	4731004378	120095	844.17	384.11	39	29	-1	13.73	13.73
Saccade L	1	12	4731004378	4731034420	30042	848.15	377.43	960.32	370.13	2.56	151.72	0.47	85.17	6012.09	-6522.22	4611.70
Saccade R	1	12	4731004378	4731034420	30042	848.15	377.43	960.32	370.13	2.56	151.72	0.47	85.17	6012.09	-6522.22	4611.70
Fixation L	1	12	4731034420	4731126489	92069	961.82	365.20	26	20	-1	13.46	13.46
Fixation R	1	12	4731034420	4731126489	92069	961.82	365.20	26	20	-1	13.46	13.46
Blink L	1	1	4731126489	4731308611	182122
Blink R	1	1	4731126489	4731308611	182122
Fixation L	1	13	4731308611	4731466942	158331	403.76	472.46	26	38	-1	13.30	13.30
Fixation R	1	13	4731308611	4731466942	158331	403.76	472.46	26	38	-1	13.31	13.31
Saccade L	1	13	4731466942	4731496642	29700	401.07	483.47	362.25	483.60	1.62	99.31	0.74	54.55	3701.25	-3465.10	2374.03
Saccade R	1	13	4731466942	4731496642	29700	401.07	483.47	362.25	483.60	1.62	99.31	0.74	54.55	3701.25	-3465.10	2374.03
Fixation L	1	14	4731496642	4731588599	91957	350.55	482.79	24	24	-1	13.42	13.42
Fixation R	1	14	4731496642	4731588599	91957	350.55	482.79	24	24	-1	13.41	13.41
Fixation L	1	15	4731604582	4731672718	68136	340.61	479.66	68	13	-1	13.31	13.31
Fixation R	1	15	4731604582	4731672718	68136	340.61	479.66	68	13	-1	13.28	13.28
Saccade L	1	14	4731672718	4731708637	35919	355.66	478.91	326.27	475.24	1.08	40.82	0.29	30.10	1673.55	-1126.92	914.76
Saccade R	1	14	4731672718	4731708637	35919	355.66	478.91	326.27	475.24	1.08	40.82	0.29	30.10	1673.55	-1126.92	914.76
Fixation L	1	16	4731708637	4731766738	58101	337.47	468.71	21	34	-1	13.18	13.18
Fixation R	1	16	4731708637	4731766738	58101	337.47	468.71	21	34	-1	13.20	13.20
Saccade L	1	15	4731766738	4731788793	22055	345.99	480.92	322.16	454.81	0.72	53.20	0.45	32.79	1252.38	-1429.16	959.30
Saccade R	1	15	4731766738	4731788793	22055	345.99	480.92	322.16	454.81	0.72	53.20	0.45	32.79	1252.38	-1429.16	959.30
Saccade L	1	16	4731818709	4731842717	24008	311.67	455.56	351.68	457.83	0.82	49.29	0.42	34.30	1882.73	-1659.46	1276.09
Saccade R	1	16	4731818709	4731842717	24008	311.67	455.56	351.68	457.83	0.82	49.29	0.42	34.30	1882.73	-1659.46	1276.09
Saccade L	1	17	4731852756	4731886724	33968	351.77	454.34	315.55	456.67	1.04	43.80	0.54	30.61	1359.74	-1391.32	937.30
Saccade R	1	17	4731852756	4731886724	33968	351.77	454.34	315.55	456.67	1.04	43.80	0.54	30.61	1359.74	-1391.32	937.30
Saccade L	1	18	4731916754	4731938708	21954	323.39	449.58	339.30	489.83	0.82	49.77	0.55	37.26	1765.56	-129.06	790.02
Saccade R	1	18	4731916754	4731938708	21954	323.39	449.58	339.30	489.83	0.82	49.77	0.55	37.26	1765.56	-129.06	790.02
Saccade L	1	19	4731942876	4731968703	25827	340.14	492.81	329.65	457.68	0.88	60.24	0.23	33.93	-35.39	-1816.55	787.83
Saccade R	1	19	4731942876	4731968703	25827	340.14	492.81	329.65	457.68	0.88	60.24	0.23	33.93	-35.39	-1816.55	787.83
Fixation L	1	17	4731968703	4732111997	143294	336.32	471.10	31	42	-1	13.41	13.41
Fixation R	1	17	4731968703	4732111997	143294	336.32	471.10	31	42	-1	13.59	13.59
UserEvent	1	72	4732051120	# Message: UE-mouseclick left x=368 y=471
Fixation L	1	18	4732139289	4732223542	84253	335.96	484.63	23	12	-1	13.57	13.57
Fixation R	1	18	4732139289	4732223542	84253	335.96	484.63	23	12	-1	13.83	13.83
Saccade L	1	20	4732223542	4732269925	46383	336.52	481.21	383.12	545.15	2.29	97.83	0.25	49.43	3862.59	-2877.95	2104.47
Saccade R	1	20	4732223542	4732269925	46383	336.52	481.21	383.12	545.15	2.29	97.83	0.25	49.43	3862.59	-2877.95	2104.47
Saccade L	1	21	4732390970	4732460991	70021	375.14	568.07	324.13	533.80	2.69	47.17	0.62	38.40	1205.28	-1451.38	610.11
Saccade R	1	21	4732390970	4732460991	70021	375.14	568.07	324.13	533.80	2.69	47.17	0.62	38.40	1205.28	-1451.38	610.11
Saccade L	1	22	4732468941	4732497037	28096	324.66	533.32	360.04	572.73	1.10	60.83	0.53	39.23	2053.39	-1707.66	1394.81
Saccade R	1	22	4732468941	4732497037	28096	324.66	533.32	360.04	572.73	1.10	60.83	0.53	39.23	2053.39	-1707.66	1394.81
Fixation L	1	19	4732497037	4732594783	97746	374.97	550.94	30	34	-1	14.01	14.01
Fixation R	1	19	4732497037	4732594783	97746	374.97	550.94	30	34	-1	14.15	14.15
UserEvent	1	85	4732515394	# Message: UE-mouseclick left x=382 y=526
