[BeGaze]
Converted from:	C:\Program Files\SMI\Experiment Suite 360\Experiment Center 2\Results\RC-Attachment-Exp\P03-eye_data.idf
Date:	24.02.2012 09:58:18
Version:	BeGaze 3.0.181
Sample Rate:	500
Subject:	P03
Description:	Run8

Table Header for Fixations:
Event Type	Trial	Number	Start	End	Duration	Location X	Location Y	Dispersion X	Dispersion Y	Plane	Avg. Pupil Size X	Avg. Pupil Size Y

Table Header for Saccades:
Event Type	Trial	Number	Start	End	Duration	Start Loc.X	Start Loc.Y	End Loc.X	End Loc.Y	Amplitude	Peak Speed	Peak Speed At	Average Speed	Peak Accel.	Peak Decel.	Average Accel.

Table Header for Blinks:
Event Type	Trial	Number	Start	End	Duration

Table Header for User Events:
Event Type	Trial	Number	Start	Description

UserEvent	1	1	1016267065	# Message: Questionnaire10.jpg
Saccade L	1	1	1016329173	1016371062	41889	880.56	953.80	902.50	1000.17	1.39	47.34	0.37	33.28	1693.33	-1605.76	1163.66
Saccade R	1	1	1016329173	1016371062	41889	880.56	953.80	902.50	1000.17	1.39	47.34	0.37	33.28	1693.33	-1605.76	1163.66
Saccade L	1	2	1016383912	1016437824	53912	903.98	1005.47	892.32	928.01	1.83	56.64	0.23	34.01	2084.01	-1196.52	1012.96
Saccade R	1	2	1016383912	1016437824	53912	903.98	1005.47	892.32	928.01	1.83	56.64	0.23	34.01	2084.01	-1196.52	1012.96
Saccade L	1	3	1016450512	1016474516	24004	890.70	926.04	915.54	960.75	0.80	48.34	0.50	33.31	1706.17	-829.56	880.87
Saccade R	1	3	1016450512	1016474516	24004	890.70	926.04	915.54	960.75	0.80	48.34	0.50	33.31	1706.17	-829.56	880.87
Blink L	1	1	1016506516	1016704641	198125
Blink R	1	1	1016506516	1016704641	198125
Fixation L	1	1	1016720771	1016803122	82351	505.40	586.51	9	16	-1	10.77	10.77
Fixation R	1	1	1016720771	1016803122	82351	505.40	586.51	9	16	-1	9.74	9.74
Saccade L	1	4	1016803122	1016844718	41596	509.43	587.57	438.21	473.97	2.95	122.64	0.33	70.88	5084.07	-3816.13	3232.97
Saccade R	1	4	1016803122	1016844718	41596	509.43	587.57	438.21	473.97	2.95	122.64	0.33	70.88	5084.07	-3816.13	3232.97
Fixation L	1	2	1016844718	1016922709	77991	435.53	474.60	5	5	-1	10.79	10.79
Fixation R	1	2	1016844718	1016922709	77991	435.53	474.60	5	5	-1	9.81	9.81
Blink L	1	2	1016922709	1016974774	52065
Blink R	1	2	1016922709	1016974774	52065
Fixation L	1	3	1016974774	1017159705	184931	466.98	399.64	29	31	-1	10.53	10.53
Fixation R	1	3	1016974774	1017159705	184931	466.98	399.64	29	31	-1	9.57	9.57
Saccade L	1	5	1017159705	1017194829	35124	477.49	389.62	475.56	390.67	16.83	990.46	0.32	479.02	32961.13	-35338.14	22010.67
Saccade R	1	5	1017159705	1017194829	35124	477.49	389.62	475.56	390.67	16.83	990.46	0.32	479.02	32961.13	-35338.14	22010.67
Saccade L	1	6	1017242873	1017278823	35950	483.22	389.17	592.97	382.37	2.35	120.68	0.33	65.26	5121.67	-4509.86	3436.61
Saccade R	1	6	1017242873	1017278823	35950	483.22	389.17	592.97	382.37	2.35	120.68	0.33	65.26	5121.67	-4509.86	3436.61
Saccade L	1	7	1017324826	1017366956	42130	592.75	383.29	591.69	385.74	29.54	1365.39	0.71	701.13	51570.68	-51843.80	26376.45
Saccade R	1	7	1017324826	1017366956	42130	592.75	383.29	591.69	385.74	29.54	1365.39	0.71	701.13	51570.68	-51843.80	26376.45
Fixation L	1	4	1017366956	1017450947	83991	593.55	383.09	7	9	-1	10.56	10.56
Fixation R	1	4	1017366956	1017450947	83991	593.55	383.09	7	9	-1	9.56	9.56
Saccade L	1	8	1017450947	1017482947	32000	596.33	377.06	686.03	378.33	1.91	108.97	0.37	59.71	4683.24	-4318.43	3266.49
Saccade R	1	8	1017450947	1017482947	32000	596.33	377.06	686.03	378.33	1.91	108.97	0.37	59.71	4683.24	-4318.43	3266.49
Fixation L	1	5	1017482947	1017665063	182116	684.19	379.03	11	7	-1	10.76	10.76
Fixation R	1	5	1017482947	1017665063	182116	684.19	379.03	11	7	-1	9.95	9.95
Saccade L	1	9	1017665063	1017693065	28002	680.33	374.99	747.96	374.77	1.45	88.90	0.43	51.86	3426.82	-3634.50	2553.96
Saccade R	1	9	1017665063	1017693065	28002	680.33	374.99	747.96	374.77	1.45	88.90	0.43	51.86	3426.82	-3634.50	2553.96
Fixation L	1	6	1017693065	1017773113	80048	746.19	374.75	17	7	-1	10.96	10.96
Fixation R	1	6	1017693065	1017773113	80048	746.19	374.75	17	7	-1	10.09	10.09
Saccade L	1	10	1017773113	1017813051	39938	758.22	370.98	582.97	370.51	4.04	182.41	0.45	101.08	7702.70	-7754.19	5668.63
Saccade R	1	10	1017773113	1017813051	39938	758.22	370.98	582.97	370.51	4.04	182.41	0.45	101.08	7702.70	-7754.19	5668.63
Fixation L	1	7	1017813051	1017895052	82001	579.36	375.06	14	9	-1	11.03	11.03
Fixation R	1	7	1017813051	1017895052	82001	579.36	375.06	14	9	-1	10.10	10.10
Saccade L	1	11	1017895052	1017917177	22125	576.92	378.83	568.37	415.74	0.76	46.97	0.46	34.19	8933.51	548.54	3803.82
Saccade R	1	11	1017895052	1017917177	22125	576.92	378.83	568.37	415.74	0.76	46.97	0.46	34.19	8933.51	548.54	3803.82
Saccade L	1	12	1017917177	1017951175	33998	568.37	415.74	593.27	378.87	5.42	236.00	0.41	159.47	9478.71	-10988.33	8334.62
Saccade R	1	12	1017917177	1017951175	33998	568.37	415.74	593.27	378.87	5.42	236.00	0.41	159.47	9478.71	-10988.33	8334.62
Fixation L	1	8	1017951175	1018038231	87056	590.92	381.27	5	5	-1	11.34	11.34
Fixation R	1	8	1017951175	1018038231	87056	590.92	381.27	5	5	-1	10.14	10.14
Saccade L	1	13	1018038231	1018061170	22939	592.84	382.09	576.20	417.93	0.77	47.45	0.39	33.44	1981.68	-1694.16	1302.34
Saccade R	1	13	1018038231	1018061170	22939	592.84	382.09	576.20	417.93	0.77	47.45	0.39	33.44	1981.68	-1694.16	1302.34
Fixation L	1	9	1018061170	1018159226	98056	582.12	419.68	18	31	-1	11.50	11.50
Fixation R	1	9	1018061170	1018159226	98056	582.12	419.68	18	31	-1	10.36	10.36
Saccade L	1	14	1018159226	1018181288	22062	591.73	394.01	570.10	428.20	0.65	41.40	0.37	29.36	981.42	-1040.99	726.27
Saccade R	1	14	1018159226	1018181288	22062	591.73	394.01	570.10	428.20	0.65	41.40	0.37	29.36	981.42	-1040.99	726.27
Blink L	1	3	1018297290	1018333283	35993
Blink R	1	3	1018297290	1018333283	35993
Saccade L	1	15	1018361296	1018385285	23989	468.55	453.90	393.98	443.20	1.63	137.85	0.50	67.79	4432.83	-4671.11	3231.62
Saccade R	1	15	1018361296	1018385285	23989	468.55	453.90	393.98	443.20	1.63	137.85	0.50	67.79	4432.83	-4671.11	3231.62
Fixation L	1	10	1018385285	1018511399	126114	439.52	450.34	70	28	-1	11.69	11.69
Fixation R	1	10	1018385285	1018511399	126114	439.52	450.34	70	28	-1	10.60	10.60
Fixation L	1	11	1018561427	1018867511	306084	441.11	484.90	42	8	-1	11.67	11.67
Fixation R	1	11	1018561427	1018867511	306084	441.11	484.90	42	8	-1	10.68	10.68
Saccade L	1	16	1018867511	1018895535	28024	416.35	483.17	408.97	484.61	4.85	210.01	0.43	173.17	9657.91	-9778.25	7610.42
Saccade R	1	16	1018867511	1018895535	28024	416.35	483.17	408.97	484.61	4.85	210.01	0.43	173.17	9657.91	-9778.25	7610.42
Fixation L	1	12	1018895535	1021582654	2687119	397.25	486.30	36	26	-1	10.83	10.83
Fixation R	1	12	1018895535	1021582654	2687119	397.25	486.30	36	26	-1	10.12	10.12
UserEvent	1	116	1021227994	# Message: UE-mouseclick left x=362 y=471
Saccade L	1	17	1021582654	1021606681	24027	401.67	492.57	416.14	524.05	0.76	41.07	0.42	31.66	1703.23	-1631.30	1146.87
Saccade R	1	17	1021582654	1021606681	24027	401.67	492.57	416.14	524.05	0.76	41.07	0.42	31.66	1703.23	-1631.30	1146.87
Fixation L	1	13	1021606681	1021952931	346250	416.42	527.22	18	10	-1	10.87	10.87
Fixation R	1	13	1021606681	1021952931	346250	416.42	527.22	18	10	-1	10.13	10.13
UserEvent	1	134	1021883986	# Message: UE-mouseclick left x=372 y=521
