[BeGaze]
Converted from:	C:\Program Files\SMI\Experiment Suite 360\Experiment Center 2\Results\RC-Attachment-Exp\P28-eye_data.idf
Date:	18.03.2012 20:23:11
Version:	BeGaze 3.0.181
Sample Rate:	500
Subject:	P28
Description:	Run33

Table Header for Fixations:
Event Type	Trial	Number	Start	End	Duration	Location X	Location Y	Dispersion X	Dispersion Y	Plane	Avg. Pupil Size X	Avg. Pupil Size Y

Table Header for Saccades:
Event Type	Trial	Number	Start	End	Duration	Start Loc.X	Start Loc.Y	End Loc.X	End Loc.Y	Amplitude	Peak Speed	Peak Speed At	Average Speed	Peak Accel.	Peak Decel.	Average Accel.

Table Header for Blinks:
Event Type	Trial	Number	Start	End	Duration

Table Header for User Events:
Event Type	Trial	Number	Start	Description

UserEvent	1	1	14145428442	# Message: RC-N2forced-nonanim-1.jpg
Fixation L	1	1	14145428567	14145896408	467841	484.67	441.08	24	38	-1	12.88	12.88
Fixation R	1	1	14145428567	14145896408	467841	484.67	441.08	24	38	-1	12.83	12.83
Saccade L	1	1	14145896408	14145942135	45727	475.93	457.28	454.45	410.31	2.00	66.99	0.80	43.64	1640.54	-2598.64	1402.64
Saccade R	1	1	14145896408	14145942135	45727	475.93	457.28	454.45	410.31	2.00	66.99	0.80	43.64	1640.54	-2598.64	1402.64
Fixation L	1	2	14146028967	14146084238	55271	475.83	400.59	3	27	-1	12.95	12.95
Fixation R	1	2	14146028967	14146084238	55271	475.83	400.59	3	27	-1	12.85	12.85
Saccade L	1	2	14146084238	14146110376	26138	473.25	412.77	595.25	417.64	2.58	185.46	0.46	98.71	7520.79	-7249.74	5336.53
Saccade R	1	2	14146084238	14146110376	26138	473.25	412.77	595.25	417.64	2.58	185.46	0.46	98.71	7520.79	-7249.74	5336.53
Fixation L	1	3	14146110376	14146262383	152007	590.91	414.61	14	22	-1	12.89	12.89
Fixation R	1	3	14146110376	14146262383	152007	590.91	414.61	14	22	-1	12.87	12.87
Saccade L	1	3	14146262383	14146288315	25932	587.84	426.19	690.22	418.05	1.99	146.41	0.54	76.85	5879.77	-5070.14	3904.98
Saccade R	1	3	14146262383	14146288315	25932	587.84	426.19	690.22	418.05	1.99	146.41	0.54	76.85	5879.77	-5070.14	3904.98
Fixation L	1	4	14146288315	14146470351	182036	682.68	449.39	34	47	-1	12.75	12.75
Fixation R	1	4	14146288315	14146470351	182036	682.68	449.39	34	47	-1	12.97	12.97
Saccade L	1	4	14146470351	14146522391	52040	687.54	466.06	832.96	472.68	3.32	108.99	0.58	63.86	3998.75	-3889.91	2036.82
Saccade R	1	4	14146470351	14146522391	52040	687.54	466.06	832.96	472.68	3.32	108.99	0.58	63.86	3998.75	-3889.91	2036.82
Fixation L	1	5	14146522391	14146630519	108128	818.53	462.88	39	24	-1	12.79	12.79
Fixation R	1	5	14146522391	14146630519	108128	818.53	462.88	39	24	-1	12.80	12.80
Fixation L	1	6	14146650467	14146710489	60022	743.01	444.26	25	9	-1	12.69	12.69
Fixation R	1	6	14146650467	14146710489	60022	743.01	444.26	25	9	-1	12.68	12.68
Saccade L	1	5	14146710489	14146736469	25980	736.47	443.94	783.10	436.13	0.97	52.53	0.62	37.26	2069.13	-1634.31	1381.13
Saccade R	1	5	14146710489	14146736469	25980	736.47	443.94	783.10	436.13	0.97	52.53	0.62	37.26	2069.13	-1634.31	1381.13
Fixation L	1	7	14146736469	14146824590	88121	764.30	446.29	26	34	-1	12.76	12.76
Fixation R	1	7	14146736469	14146824590	88121	764.30	446.29	26	34	-1	12.66	12.66
Saccade L	1	6	14146824590	14146884601	60011	761.35	467.73	901.33	465.15	3.53	118.53	0.33	58.84	4142.81	-3345.73	2133.77
Saccade R	1	6	14146824590	14146884601	60011	761.35	467.73	901.33	465.15	3.53	118.53	0.33	58.84	4142.81	-3345.73	2133.77
Fixation L	1	8	14146884601	14146992720	108119	877.79	464.49	38	19	-1	12.64	12.64
Fixation R	1	8	14146884601	14146992720	108119	877.79	464.49	38	19	-1	12.78	12.78
Blink L	1	1	14146992720	14147170081	177361
Blink R	1	1	14146992720	14147170081	177361
Saccade L	1	7	14147218706	14147248853	30147	761.66	423.56	657.66	438.19	2.81	185.97	0.60	93.26	7110.32	-6940.33	5008.99
Saccade R	1	7	14147218706	14147248853	30147	761.66	423.56	657.66	438.19	2.81	185.97	0.60	93.26	7110.32	-6940.33	5008.99
Fixation L	1	9	14147248853	14147578814	329961	656.27	428.17	48	45	-1	13.23	13.23
Fixation R	1	9	14147248853	14147578814	329961	656.27	428.17	48	45	-1	12.94	12.94
Saccade L	1	8	14147578814	14147616935	38121	651.07	415.51	768.44	436.67	2.82	134.84	0.53	74.03	5310.69	-5619.79	3955.61
Saccade R	1	8	14147578814	14147616935	38121	651.07	415.51	768.44	436.67	2.82	134.84	0.53	74.03	5310.69	-5619.79	3955.61
Fixation L	1	10	14147616935	14147804931	187996	763.64	432.72	49	30	-1	13.30	13.30
Fixation R	1	10	14147616935	14147804931	187996	763.64	432.72	49	30	-1	13.30	13.30
Saccade L	1	9	14147804931	14147858941	54010	767.15	431.99	910.85	459.14	3.70	121.79	0.41	68.44	4985.90	-3464.33	3003.06
Saccade R	1	9	14147804931	14147858941	54010	767.15	431.99	910.85	459.14	3.70	121.79	0.41	68.44	4985.90	-3464.33	3003.06
Fixation L	1	11	14147858941	14148069234	210293	898.10	449.72	34	43	-1	13.36	13.36
Fixation R	1	11	14147858941	14148069234	210293	898.10	449.72	34	43	-1	13.47	13.47
Saccade L	1	10	14148069234	14148093142	23908	895.78	447.30	954.13	437.20	1.25	91.09	0.49	52.08	3515.41	-3321.24	2408.59
Saccade R	1	10	14148069234	14148093142	23908	895.78	447.30	954.13	437.20	1.25	91.09	0.49	52.08	3515.41	-3321.24	2408.59
Fixation L	1	12	14148093142	14148143193	50051	955.09	423.40	17	28	-1	13.38	13.38
Fixation R	1	12	14148093142	14148143193	50051	955.09	423.40	17	28	-1	13.39	13.39
Saccade L	1	11	14148143193	14148171177	27984	969.64	414.01	839.24	431.61	3.12	221.19	0.43	111.47	7900.15	-5986.89	4685.40
Saccade R	1	11	14148143193	14148171177	27984	969.64	414.01	839.24	431.61	3.12	221.19	0.43	111.47	7900.15	-5986.89	4685.40
Saccade L	1	12	14148247165	14148287489	40324	872.11	363.33	959.68	368.97	2.53	121.68	0.65	62.78	2918.68	-882.18	1113.94
Saccade R	1	12	14148247165	14148287489	40324	872.11	363.33	959.68	368.97	2.53	121.68	0.65	62.78	2918.68	-882.18	1113.94
Saccade L	1	13	14148287489	14148327164	39675	959.68	368.97	1054.07	417.19	2.62	188.48	0.24	65.96	2477.06	-6192.66	2566.52
Saccade R	1	13	14148287489	14148327164	39675	959.68	368.97	1054.07	417.19	2.62	188.48	0.24	65.96	2477.06	-6192.66	2566.52
Fixation L	1	13	14148327164	14148587297	260133	1081.48	430.84	46	33	-1	13.38	13.38
Fixation R	1	13	14148327164	14148587297	260133	1081.48	430.84	46	33	-1	13.39	13.39
Saccade L	1	14	14148587297	14148613278	25981	1097.77	445.42	960.62	466.94	3.23	257.24	0.54	124.35	9559.65	-9585.85	6750.11
Saccade R	1	14	14148587297	14148613278	25981	1097.77	445.42	960.62	466.94	3.23	257.24	0.54	124.35	9559.65	-9585.85	6750.11
Saccade L	1	15	14148659283	14148699408	40125	947.93	450.21	1073.20	434.34	4.14	244.42	0.40	103.27	9845.67	-7535.33	5421.97
Saccade R	1	15	14148659283	14148699408	40125	947.93	450.21	1073.20	434.34	4.14	244.42	0.40	103.27	9845.67	-7535.33	5421.97
Saccade L	1	16	14148699408	14148725402	25994	1073.20	434.34	1060.84	361.37	1.45	107.01	0.32	55.75	1576.79	-1883.25	799.57
Saccade R	1	16	14148699408	14148725402	25994	1073.20	434.34	1060.84	361.37	1.45	107.01	0.32	55.75	1576.79	-1883.25	799.57
Saccade L	1	17	14148725402	14148775405	50003	1060.84	361.37	1177.45	412.36	4.13	177.49	0.63	82.53	3919.28	-6732.51	3260.55
Saccade R	1	17	14148725402	14148775405	50003	1060.84	361.37	1177.45	412.36	4.13	177.49	0.63	82.53	3919.28	-6732.51	3260.55
Blink L	1	2	14148813398	14149015526	202128
Blink R	1	2	14148813398	14149015526	202128
Saccade L	1	18	14149015526	14149075652	60126	846.65	845.42	914.50	950.44	3.79	106.73	0.42	63.01	3229.11	-4458.48	2391.92
Saccade R	1	18	14149015526	14149075652	60126	846.65	845.42	914.50	950.44	3.79	106.73	0.42	63.01	3229.11	-4458.48	2391.92
Saccade L	1	19	14149097595	14149129142	31547	921.33	952.78	906.79	990.65	1.00	43.32	0.57	31.78	1479.42	-1275.57	1041.25
Saccade R	1	19	14149097595	14149129142	31547	921.33	952.78	906.79	990.65	1.00	43.32	0.57	31.78	1479.42	-1275.57	1041.25
Fixation L	1	14	14149129142	14149359639	230497	907.15	998.67	25	30	-1	13.50	13.50
Fixation R	1	14	14149129142	14149359639	230497	907.15	998.67	25	30	-1	13.53	13.53
Saccade L	1	20	14149359639	14149394571	34932	908.49	1005.33	891.63	936.77	1.61	77.20	0.40	46.05	3226.28	-2673.97	2142.44
Saccade R	1	20	14149359639	14149394571	34932	908.49	1005.33	891.63	936.77	1.61	77.20	0.40	46.05	3226.28	-2673.97	2142.44
Fixation L	1	15	14149394571	14149561779	167208	892.13	942.59	22	39	-1	13.20	13.20
Fixation R	1	15	14149394571	14149561779	167208	892.13	942.59	22	39	-1	13.12	13.12
