[BeGaze]
Converted from:	C:\Program Files\SMI\Experiment Suite 360\Experiment Center 2\Results\RC-Attachment-Exp\P13-eye_data.idf
Date:	18.03.2012 20:10:23
Version:	BeGaze 3.0.181
Sample Rate:	500
Subject:	P13
Description:	Run18

Table Header for Fixations:
Event Type	Trial	Number	Start	End	Duration	Location X	Location Y	Dispersion X	Dispersion Y	Plane	Avg. Pupil Size X	Avg. Pupil Size Y

Table Header for Saccades:
Event Type	Trial	Number	Start	End	Duration	Start Loc.X	Start Loc.Y	End Loc.X	End Loc.Y	Amplitude	Peak Speed	Peak Speed At	Average Speed	Peak Accel.	Peak Decel.	Average Accel.

Table Header for Blinks:
Event Type	Trial	Number	Start	End	Duration

Table Header for User Events:
Event Type	Trial	Number	Start	Description

UserEvent	1	1	4804738544	# Message: RC-N2forced-anim-5.jpg
Fixation L	1	1	4804740413	4804967656	227243	480.55	427.23	23	27	-1	13.23	13.23
Fixation R	1	1	4804740413	4804967656	227243	480.55	427.23	23	27	-1	12.65	12.65
Saccade L	1	1	4804967656	4804989064	21408	479.37	438.43	532.32	436.74	1.10	84.01	0.44	51.50	3350.59	-3314.18	2225.82
Saccade R	1	1	4804967656	4804989064	21408	479.37	438.43	532.32	436.74	1.10	84.01	0.44	51.50	3350.59	-3314.18	2225.82
Fixation L	1	2	4804989064	4805147151	158087	536.57	430.36	18	26	-1	12.95	12.95
Fixation R	1	2	4804989064	4805147151	158087	536.57	430.36	18	26	-1	12.44	12.44
Saccade L	1	2	4805147151	4805177162	30011	530.27	432.94	608.25	426.49	1.72	101.87	0.53	57.21	4192.57	-4061.84	3026.45
Saccade R	1	2	4805147151	4805177162	30011	530.27	432.94	608.25	426.49	1.72	101.87	0.53	57.21	4192.57	-4061.84	3026.45
Fixation L	1	3	4805177162	4805355154	177992	613.45	432.23	27	19	-1	12.84	12.84
Fixation R	1	3	4805177162	4805355154	177992	613.45	432.23	27	19	-1	12.31	12.31
Saccade L	1	3	4805355154	4805403272	48118	631.47	435.66	709.75	429.55	1.82	55.83	0.25	37.92	1584.58	-1422.54	1097.50
Saccade R	1	3	4805355154	4805403272	48118	631.47	435.66	709.75	429.55	1.82	55.83	0.25	37.92	1584.58	-1422.54	1097.50
Fixation L	1	4	4805403272	4805601303	198031	707.29	433.64	13	22	-1	12.91	12.91
Fixation R	1	4	4805403272	4805601303	198031	707.29	433.64	13	22	-1	12.58	12.58
Saccade L	1	4	4805601303	4805625277	23974	713.95	443.30	753.92	442.66	0.84	50.16	0.42	35.08	1703.98	-1991.20	1303.22
Saccade R	1	4	4805601303	4805625277	23974	713.95	443.30	753.92	442.66	0.84	50.16	0.42	35.08	1703.98	-1991.20	1303.22
Fixation L	1	5	4805625277	4805823392	198115	762.91	440.23	23	12	-1	13.35	13.35
Fixation R	1	5	4805625277	4805823392	198115	762.91	440.23	23	12	-1	12.76	12.76
Saccade L	1	5	4805823392	4805849379	25987	772.70	439.80	813.79	438.66	0.92	50.58	0.38	35.48	1768.82	-1709.41	1261.84
Saccade R	1	5	4805823392	4805849379	25987	772.70	439.80	813.79	438.66	0.92	50.58	0.38	35.48	1768.82	-1709.41	1261.84
Fixation L	1	6	4805849379	4806013532	164153	810.73	443.52	16	24	-1	13.84	13.84
Fixation R	1	6	4805849379	4806013532	164153	810.73	443.52	16	24	-1	13.24	13.24
Saccade L	1	6	4806013532	4806045520	31988	818.92	433.63	888.30	452.37	1.78	113.86	0.63	55.57	4190.34	-4745.21	2965.57
Saccade R	1	6	4806013532	4806045520	31988	818.92	433.63	888.30	452.37	1.78	113.86	0.63	55.57	4190.34	-4745.21	2965.57
Fixation L	1	7	4806045520	4806275637	230117	891.78	450.42	10	18	-1	14.33	14.33
Fixation R	1	7	4806045520	4806275637	230117	891.78	450.42	10	18	-1	13.43	13.43
Saccade L	1	7	4806275637	4806303754	28117	895.03	458.43	946.19	460.88	1.18	69.20	0.50	41.82	2419.70	-2428.44	1757.94
Saccade R	1	7	4806275637	4806303754	28117	895.03	458.43	946.19	460.88	1.18	69.20	0.50	41.82	2419.70	-2428.44	1757.94
Fixation L	1	8	4806303754	4806365617	61863	945.77	452.45	9	14	-1	14.28	14.28
Fixation R	1	8	4806303754	4806365617	61863	945.77	452.45	9	14	-1	13.35	13.35
Blink L	1	1	4806365617	4806572385	206768
Blink R	1	1	4806365617	4806572385	206768
Fixation L	1	9	4806635735	4806701735	66000	984.28	445.47	15	9	-1	13.95	13.95
Fixation R	1	9	4806635735	4806701735	66000	984.28	445.47	15	9	-1	13.08	13.08
Saccade L	1	8	4806701735	4806735861	34126	992.43	447.83	1046.73	441.80	1.17	53.49	0.35	34.22	2143.38	-1623.70	1352.78
Saccade R	1	8	4806701735	4806735861	34126	992.43	447.83	1046.73	441.80	1.17	53.49	0.35	34.22	2143.38	-1623.70	1352.78
Fixation L	1	10	4806735861	4806889849	153988	1064.76	446.07	39	10	-1	14.37	14.37
Fixation R	1	10	4806735861	4806889849	153988	1064.76	446.07	39	10	-1	13.61	13.61
Saccade L	1	9	4806889849	4806918229	28380	1080.78	451.24	1132.83	446.72	1.16	65.53	0.49	40.80	2512.31	-2544.25	1804.30
Saccade R	1	9	4806889849	4806918229	28380	1080.78	451.24	1132.83	446.72	1.16	65.53	0.49	40.80	2512.31	-2544.25	1804.30
Fixation L	1	11	4806918229	4807275770	357541	1142.56	437.79	64	29	-1	13.62	13.62
Fixation R	1	11	4806918229	4807275770	357541	1142.56	437.79	64	29	-1	13.04	13.04
Saccade L	1	10	4807275770	4807326090	50320	1172.87	427.24	902.45	425.11	6.05	290.78	0.36	120.25	12355.09	-9976.27	7047.22
Saccade R	1	10	4807275770	4807326090	50320	1172.87	427.24	902.45	425.11	6.05	290.78	0.36	120.25	12355.09	-9976.27	7047.22
Fixation L	1	12	4807326090	4807440708	114618	891.80	422.17	16	8	-1	13.10	13.10
Fixation R	1	12	4807326090	4807440708	114618	891.80	422.17	16	8	-1	12.55	12.55
Saccade L	1	11	4807440708	4807492086	51378	888.02	419.79	645.09	419.12	5.54	244.95	0.37	107.74	10895.94	-8388.50	5851.16
Saccade R	1	11	4807440708	4807492086	51378	888.02	419.79	645.09	419.12	5.54	244.95	0.37	107.74	10895.94	-8388.50	5851.16
Fixation L	1	13	4807492086	4807810320	318234	619.90	434.48	44	32	-1	14.01	14.01
Fixation R	1	13	4807492086	4807810320	318234	619.90	434.48	44	32	-1	13.24	13.24
Saccade L	1	12	4807810320	4807868325	58005	607.68	446.50	850.97	957.04	13.38	413.67	0.34	230.64	18113.38	-17045.69	12070.59
Saccade R	1	12	4807810320	4807868325	58005	607.68	446.50	850.97	957.04	13.38	413.67	0.34	230.64	18113.38	-17045.69	12070.59
Fixation L	1	14	4807868325	4808376556	508231	860.82	951.10	72	47	-1	14.36	14.36
Fixation R	1	14	4807868325	4808376556	508231	860.82	951.10	72	47	-1	13.53	13.53
