[BeGaze]
Converted from:	C:\Program Files\SMI\Experiment Suite 360\Experiment Center 2\Results\RC-Attachment-Exp\P19-eye_data.idf
Date:	18.03.2012 20:15:08
Version:	BeGaze 3.0.181
Sample Rate:	500
Subject:	P19
Description:	Run24

Table Header for Fixations:
Event Type	Trial	Number	Start	End	Duration	Location X	Location Y	Dispersion X	Dispersion Y	Plane	Avg. Pupil Size X	Avg. Pupil Size Y

Table Header for Saccades:
Event Type	Trial	Number	Start	End	Duration	Start Loc.X	Start Loc.Y	End Loc.X	End Loc.Y	Amplitude	Peak Speed	Peak Speed At	Average Speed	Peak Accel.	Peak Decel.	Average Accel.

Table Header for Blinks:
Event Type	Trial	Number	Start	End	Duration

Table Header for User Events:
Event Type	Trial	Number	Start	Description

UserEvent	1	1	18459693329	# Message: Dist-orthm-33.jpg
Saccade L	1	1	18459742320	18459769911	27591	551.12	436.51	589.62	446.35	0.82	41.90	0.56	29.89	892.86	-1523.35	856.51
Saccade R	1	1	18459742320	18459769911	27591	551.12	436.51	589.62	446.35	0.82	41.90	0.56	29.89	892.86	-1523.35	856.51
Fixation L	1	1	18459825414	18460013983	188569	574.85	444.83	26	35	-1	12.83	12.83
Fixation R	1	1	18459825414	18460013983	188569	574.85	444.83	26	35	-1	12.76	12.76
Saccade L	1	2	18460013983	18460037973	23990	578.93	464.91	572.63	423.87	0.90	53.53	0.42	37.37	1934.24	-1812.32	1340.96
Saccade R	1	2	18460013983	18460037973	23990	578.93	464.91	572.63	423.87	0.90	53.53	0.42	37.37	1934.24	-1812.32	1340.96
Fixation L	1	2	18460037973	18460129982	92009	574.70	444.37	23	40	-1	12.69	12.69
Fixation R	1	2	18460037973	18460129982	92009	574.70	444.37	23	40	-1	12.69	12.69
Saccade L	1	3	18460129982	18460155970	25988	583.16	451.90	545.53	447.06	0.99	63.59	0.60	38.03	2199.46	-2386.83	1532.90
Saccade R	1	3	18460129982	18460155970	25988	583.16	451.90	545.53	447.06	0.99	63.59	0.60	38.03	2199.46	-2386.83	1532.90
Fixation L	1	3	18460155970	18460400072	244102	539.61	435.31	37	31	-1	12.45	12.45
Fixation R	1	3	18460155970	18460400072	244102	539.61	435.31	37	31	-1	12.32	12.32
Saccade L	1	4	18460400072	18460430112	30040	557.29	441.03	586.45	421.26	0.91	43.20	0.40	30.30	1670.95	-1075.56	942.02
Saccade R	1	4	18460400072	18460430112	30040	557.29	441.03	586.45	421.26	0.91	43.20	0.40	30.30	1670.95	-1075.56	942.02
Fixation L	1	4	18460430112	18460669062	238950	596.72	425.14	22	25	-1	12.24	12.24
Fixation R	1	4	18460430112	18460669062	238950	596.72	425.14	22	25	-1	12.20	12.20
Saccade L	1	5	18460669062	18460724333	55271	608.75	419.00	708.88	433.46	2.31	96.28	0.20	41.81	3546.16	-2859.34	1479.77
Saccade R	1	5	18460669062	18460724333	55271	608.75	419.00	708.88	433.46	2.31	96.28	0.20	41.81	3546.16	-2859.34	1479.77
Fixation L	1	5	18460724333	18460884344	160011	701.66	421.71	36	31	-1	12.34	12.34
Fixation R	1	5	18460724333	18460884344	160011	701.66	421.71	36	31	-1	12.25	12.25
Saccade L	1	6	18460884344	18460938349	54005	704.66	433.68	584.83	411.42	2.90	136.81	0.22	53.63	4836.66	-4442.80	2062.95
Saccade R	1	6	18460884344	18460938349	54005	704.66	433.68	584.83	411.42	2.90	136.81	0.22	53.63	4836.66	-4442.80	2062.95
Saccade L	1	7	18460942331	18460964400	22069	588.57	410.70	602.45	443.84	0.68	42.29	0.54	30.74	671.54	-1272.77	730.46
Saccade R	1	7	18460942331	18460964400	22069	588.57	410.70	602.45	443.84	0.68	42.29	0.54	30.74	671.54	-1272.77	730.46
Fixation L	1	6	18460964400	18461132422	168022	597.80	429.12	22	27	-1	12.56	12.56
Fixation R	1	6	18460964400	18461132422	168022	597.80	429.12	22	27	-1	12.37	12.37
Saccade L	1	8	18461132422	18461172415	39993	600.91	433.09	734.05	446.17	3.13	163.62	0.30	78.25	6496.92	-5637.82	4089.97
Saccade R	1	8	18461132422	18461172415	39993	600.91	433.09	734.05	446.17	3.13	163.62	0.30	78.25	6496.92	-5637.82	4089.97
Fixation L	1	7	18461172415	18461384532	212117	740.32	436.08	36	45	-1	13.08	13.08
Fixation R	1	7	18461172415	18461384532	212117	740.32	436.08	36	45	-1	12.77	12.77
Saccade L	1	9	18461384532	18461424535	40003	740.44	448.80	796.88	452.55	1.32	40.92	0.35	33.02	1510.55	-1357.88	922.92
Saccade R	1	9	18461384532	18461424535	40003	740.44	448.80	796.88	452.55	1.32	40.92	0.35	33.02	1510.55	-1357.88	922.92
Fixation L	1	8	18461424535	18461592670	168135	785.58	447.71	24	27	-1	13.15	13.15
Fixation R	1	8	18461424535	18461592670	168135	785.58	447.71	24	27	-1	12.93	12.93
Saccade L	1	10	18461592670	18461644673	52003	793.93	453.45	908.59	457.17	2.62	105.70	0.27	50.32	4312.55	-3407.90	2182.48
Saccade R	1	10	18461592670	18461644673	52003	793.93	453.45	908.59	457.17	2.62	105.70	0.27	50.32	4312.55	-3407.90	2182.48
Fixation L	1	9	18461644673	18461743217	98544	898.00	458.28	47	24	-1	13.05	13.05
Fixation R	1	9	18461644673	18461743217	98544	898.00	458.28	47	24	-1	12.80	12.80
Saccade L	1	11	18461743217	18461766653	23436	871.94	473.68	904.23	450.48	0.77	43.86	0.49	32.79	967.47	-1464.32	899.34
Saccade R	1	11	18461743217	18461766653	23436	871.94	473.68	904.23	450.48	0.77	43.86	0.49	32.79	967.47	-1464.32	899.34
Fixation L	1	10	18461766653	18461874771	108118	898.43	458.41	20	27	-1	13.07	13.07
Fixation R	1	10	18461766653	18461874771	108118	898.43	458.41	20	27	-1	12.89	12.89
Saccade L	1	12	18461892772	18461922763	29991	874.46	462.06	940.54	466.13	1.50	94.78	0.47	49.89	2147.63	-3495.19	1983.97
Saccade R	1	12	18461892772	18461922763	29991	874.46	462.06	940.54	466.13	1.50	94.78	0.47	49.89	2147.63	-3495.19	1983.97
Saccade L	1	13	18461931026	18461954818	23792	941.22	464.64	930.69	428.53	0.78	43.58	0.41	32.62	1184.30	-1621.65	1021.02
Saccade R	1	13	18461931026	18461954818	23792	941.22	464.64	930.69	428.53	0.78	43.58	0.41	32.62	1184.30	-1621.65	1021.02
Fixation L	1	11	18461954818	18462048756	93938	918.60	443.52	32	36	-1	13.24	13.24
Fixation R	1	11	18461954818	18462048756	93938	918.60	443.52	32	36	-1	12.92	12.92
Saccade L	1	14	18462048756	18462072912	24156	933.91	446.32	984.34	463.17	1.21	82.92	0.59	49.91	2541.85	-3135.20	1997.60
Saccade R	1	14	18462048756	18462072912	24156	933.91	446.32	984.34	463.17	1.21	82.92	0.59	49.91	2541.85	-3135.20	1997.60
Fixation L	1	12	18462072912	18462252902	179990	989.49	459.09	16	37	-1	13.22	13.22
Fixation R	1	12	18462072912	18462252902	179990	989.49	459.09	16	37	-1	12.92	12.92
Saccade L	1	15	18462252902	18462278922	26020	990.27	439.55	1040.81	478.71	1.38	88.11	0.46	53.05	3692.69	-3394.54	2520.38
Saccade R	1	15	18462252902	18462278922	26020	990.27	439.55	1040.81	478.71	1.38	88.11	0.46	53.05	3692.69	-3394.54	2520.38
Fixation L	1	13	18462278922	18462532988	254066	1041.74	467.72	23	55	-1	13.11	13.11
Fixation R	1	13	18462278922	18462532988	254066	1041.74	467.72	23	55	-1	12.79	12.79
Saccade L	1	16	18462532988	18462562985	29997	1044.33	458.53	1123.52	461.20	1.74	106.42	0.43	58.09	4072.15	-3859.00	2857.23
Saccade R	1	16	18462532988	18462562985	29997	1044.33	458.53	1123.52	461.20	1.74	106.42	0.43	58.09	4072.15	-3859.00	2857.23
Fixation L	1	14	18462562985	18462755115	192130	1128.96	453.48	38	27	-1	12.86	12.86
Fixation R	1	14	18462562985	18462755115	192130	1128.96	453.48	38	27	-1	12.56	12.56
Saccade L	1	17	18462755115	18462789156	34041	1142.23	465.43	981.53	449.14	3.81	226.07	0.41	111.97	8996.90	-8921.91	6571.86
Saccade R	1	17	18462755115	18462789156	34041	1142.23	465.43	981.53	449.14	3.81	226.07	0.41	111.97	8996.90	-8921.91	6571.86
Fixation L	1	15	18462789156	18463049216	260060	953.82	462.20	40	37	-1	13.27	13.27
Fixation R	1	15	18462789156	18463049216	260060	953.82	462.20	40	37	-1	12.78	12.78
Saccade L	1	18	18463049216	18463073225	24009	942.03	463.92	893.12	469.33	0.97	64.52	0.42	40.36	2314.76	-2192.33	1648.30
Saccade R	1	18	18463049216	18463073225	24009	942.03	463.92	893.12	469.33	0.97	64.52	0.42	40.36	2314.76	-2192.33	1648.30
Fixation L	1	16	18463073225	18463245338	172113	892.19	469.16	19	29	-1	13.68	13.68
Fixation R	1	16	18463073225	18463245338	172113	892.19	469.16	19	29	-1	13.30	13.30
Fixation L	1	17	18463359337	18463535446	176109	955.31	917.22	40	30	-1	13.98	13.98
Fixation R	1	17	18463359337	18463535446	176109	955.31	917.22	40	30	-1	13.89	13.89
Saccade L	1	19	18463535446	18463557445	21999	935.32	915.94	943.75	961.29	0.97	71.84	0.36	44.06	2178.08	-2719.24	1729.85
Saccade R	1	19	18463535446	18463557445	21999	935.32	915.94	943.75	961.29	0.97	71.84	0.36	44.06	2178.08	-2719.24	1729.85
Fixation L	1	18	18463557445	18464215796	658351	919.50	942.50	50	49	-1	13.86	13.86
Fixation R	1	18	18463557445	18464215796	658351	919.50	942.50	50	49	-1	13.68	13.68
