[BeGaze]
Converted from:	C:\Program Files\SMI\Experiment Suite 360\Experiment Center 2\Results\RC-Attachment-Exp\deneme-eye_data.idf
Date:	24.02.2012 09:57:34
Version:	BeGaze 3.0.181
Sample Rate:	500
Subject:	deneme
Description:	Run3

Table Header for Fixations:
Event Type	Trial	Number	Start	End	Duration	Location X	Location Y	Dispersion X	Dispersion Y	Plane	Avg. Pupil Size X	Avg. Pupil Size Y

Table Header for Saccades:
Event Type	Trial	Number	Start	End	Duration	Start Loc.X	Start Loc.Y	End Loc.X	End Loc.Y	Amplitude	Peak Speed	Peak Speed At	Average Speed	Peak Accel.	Peak Decel.	Average Accel.

Table Header for Blinks:
Event Type	Trial	Number	Start	End	Duration

Table Header for User Events:
Event Type	Trial	Number	Start	Description

UserEvent	1	1	8654795022	# Message: RC-N2forced-nonanim-2.jpg
Fixation L	1	1	8654799715	8654931684	131969	512.56	437.91	13	15	-1	9.87	9.87
Fixation R	1	1	8654799715	8654931684	131969	512.56	437.91	13	15	-1	9.50	9.50
Blink L	1	1	8654931684	8654997668	65984
Blink R	1	1	8654931684	8654997668	65984
Blink L	1	2	8655027690	8655073683	45993
Blink R	1	2	8655027690	8655073683	45993
Saccade L	1	1	8655073683	8655117704	44021	515.20	456.35	548.52	448.92	28.78	1346.39	0.64	653.79	15207.72	-50757.18	19089.58
Saccade R	1	1	8655073683	8655117704	44021	515.20	456.35	548.52	448.92	28.78	1346.39	0.64	653.79	15207.72	-50757.18	19089.58
Fixation L	1	2	8655117704	8655241790	124086	547.60	436.97	9	22	-1	10.01	10.01
Fixation R	1	2	8655117704	8655241790	124086	547.60	436.97	9	22	-1	9.69	9.69
Blink L	1	3	8655241790	8655289783	47993
Blink R	1	3	8655241790	8655289783	47993
Saccade L	1	2	8655289783	8655324421	34638	553.25	425.63	631.32	418.87	10.51	525.14	0.40	303.44	704.35	-32811.26	15191.57
Saccade R	1	2	8655289783	8655324421	34638	553.25	425.63	631.32	418.87	10.51	525.14	0.40	303.44	704.35	-32811.26	15191.57
Blink L	1	4	8655327779	8655415908	88129
Blink R	1	4	8655327779	8655415908	88129
Saccade L	1	3	8655439776	8655467907	28131	627.74	408.52	552.44	378.86	1.80	148.56	0.36	64.12	4884.30	-4998.13	3254.48
Saccade R	1	3	8655439776	8655467907	28131	627.74	408.52	552.44	378.86	1.80	148.56	0.36	64.12	4884.30	-4998.13	3254.48
Saccade L	1	4	8655497908	8655523908	26000	569.13	369.21	652.77	395.04	1.86	144.26	0.46	71.50	5203.75	-3861.96	3153.78
Saccade R	1	4	8655497908	8655523908	26000	569.13	369.21	652.77	395.04	1.86	144.26	0.46	71.50	5203.75	-3861.96	3153.78
Saccade L	1	5	8655523908	8655557909	34001	652.77	395.04	715.67	421.72	1.56	79.17	0.48	45.85	1892.26	-2657.35	1480.74
Saccade R	1	5	8655523908	8655557909	34001	652.77	395.04	715.67	421.72	1.56	79.17	0.48	45.85	1892.26	-2657.35	1480.74
Fixation L	1	3	8655599908	8655708845	108937	667.18	407.34	15	34	-1	10.03	10.03
Fixation R	1	3	8655599908	8655708845	108937	667.18	407.34	15	34	-1	9.56	9.56
Saccade L	1	6	8655708845	8655744019	35174	663.02	392.71	708.15	364.95	1.48	68.43	0.46	41.94	2875.35	-2549.75	2000.94
Saccade R	1	6	8655708845	8655744019	35174	663.02	392.71	708.15	364.95	1.48	68.43	0.46	41.94	2875.35	-2549.75	2000.94
Saccade L	1	7	8655784025	8655840025	56000	716.72	328.60	772.51	385.30	2.33	78.66	0.21	41.65	761.92	-1509.85	703.98
Saccade R	1	7	8655784025	8655840025	56000	716.72	328.60	772.51	385.30	2.33	78.66	0.21	41.65	761.92	-1509.85	703.98
Fixation L	1	4	8655840025	8655925174	85149	763.66	398.95	13	27	-1	9.97	9.97
Fixation R	1	4	8655840025	8655925174	85149	763.66	398.95	13	27	-1	9.58	9.58
Saccade L	1	8	8655925174	8655956029	30855	757.15	414.21	716.92	429.21	1.05	49.80	0.35	33.99	1745.07	-1634.50	1195.43
Saccade R	1	8	8655925174	8655956029	30855	757.15	414.21	716.92	429.21	1.05	49.80	0.35	33.99	1745.07	-1634.50	1195.43
Fixation L	1	5	8655956029	8656054131	98102	712.52	432.30	11	6	-1	9.93	9.93
Fixation R	1	5	8655956029	8656054131	98102	712.52	432.30	11	6	-1	9.58	9.58
Saccade L	1	9	8656054131	8656086135	32004	711.88	436.49	789.52	417.12	1.77	101.24	0.50	55.18	4144.57	-3968.61	2974.03
Saccade R	1	9	8656054131	8656086135	32004	711.88	436.49	789.52	417.12	1.77	101.24	0.50	55.18	4144.57	-3968.61	2974.03
Fixation L	1	6	8656086135	8656242422	156287	788.58	388.96	9	58	-1	9.77	9.77
Fixation R	1	6	8656086135	8656242422	156287	788.58	388.96	9	58	-1	9.41	9.41
Saccade L	1	10	8656266281	8656296263	29982	789.66	392.44	875.30	389.19	1.91	120.39	0.47	63.73	4007.53	-4753.59	3209.75
Saccade R	1	10	8656266281	8656296263	29982	789.66	392.44	875.30	389.19	1.91	120.39	0.47	63.73	4007.53	-4753.59	3209.75
Fixation L	1	7	8656296263	8656506388	210125	876.96	408.52	19	40	-1	9.76	9.76
Fixation R	1	7	8656296263	8656506388	210125	876.96	408.52	19	40	-1	9.44	9.44
Saccade L	1	11	8656506388	8656538377	31989	883.71	421.80	965.58	424.85	2.04	123.79	0.44	63.80	4722.01	-5047.68	3511.72
Saccade R	1	11	8656506388	8656538377	31989	883.71	421.80	965.58	424.85	2.04	123.79	0.44	63.80	4722.01	-5047.68	3511.72
Fixation L	1	8	8656538377	8656676488	138111	968.59	427.39	20	11	-1	9.87	9.87
Fixation R	1	8	8656538377	8656676488	138111	968.59	427.39	20	11	-1	9.44	9.44
Saccade L	1	12	8656676488	8656706366	29878	966.04	428.81	1048.73	426.97	1.92	119.28	0.60	64.21	4687.93	-4807.15	3377.77
Saccade R	1	12	8656676488	8656706366	29878	966.04	428.81	1048.73	426.97	1.92	119.28	0.60	64.21	4687.93	-4807.15	3377.77
Fixation L	1	9	8656706366	8657026482	320116	1058.76	424.30	24	19	-1	9.81	9.81
Fixation R	1	9	8656706366	8657026482	320116	1058.76	424.30	24	19	-1	9.49	9.49
Saccade L	1	13	8657026482	8657052608	26126	1049.81	414.20	1088.55	414.93	1.01	63.51	0.45	38.71	2470.38	-1875.11	1489.60
Saccade R	1	13	8657026482	8657052608	26126	1049.81	414.20	1088.55	414.93	1.01	63.51	0.45	38.71	2470.38	-1875.11	1489.60
Fixation L	1	10	8657052608	8657406736	354128	1105.51	416.82	27	22	-1	9.71	9.71
Fixation R	1	10	8657052608	8657406736	354128	1105.51	416.82	27	22	-1	9.47	9.47
Blink L	1	5	8657406736	8657574720	167984
Saccade R	1	14	8657406736	8657520720	113984	1091.76	426.05	0.00	0.00	70.22	2506.93	0.35	616.06	66987.10	-88268.43	26310.62
Saccade R	1	15	8657526719	8657574720	48001	0.00	0.00	897.18	938.76	39.23	2889.05	0.25	817.31	85960.23	-61116.69	39092.76
Saccade L	1	14	8657596846	8657632844	35998	885.36	877.25	889.58	931.93	1.22	50.61	0.39	33.90	1435.15	-1519.59	986.88
Saccade R	1	16	8657596846	8657632844	35998	885.36	877.25	889.58	931.93	1.22	50.61	0.39	33.90	1435.15	-1519.59	986.88
Fixation L	1	11	8657632844	8657822840	189996	885.52	934.69	23	20	-1	10.19	10.19
Fixation R	1	11	8657632844	8657822840	189996	885.52	934.69	23	20	-1	9.68	9.68
Saccade L	1	15	8657822840	8657844964	22124	885.07	925.85	856.30	948.19	0.71	47.30	0.45	31.91	1689.55	-1769.61	1206.71
Saccade R	1	17	8657822840	8657844964	22124	885.07	925.85	856.30	948.19	0.71	47.30	0.45	31.91	1689.55	-1769.61	1206.71
Fixation L	1	12	8657844964	8658088951	243987	852.80	966.54	22	40	-1	10.34	10.34
Fixation R	1	12	8657844964	8658088951	243987	852.80	966.54	22	40	-1	9.85	9.85
