[BeGaze]
Converted from:	C:\Program Files\SMI\Experiment Suite 360\Experiment Center 2\Results\RC-Attachment-Exp\P02-eye_data.idf
Date:	18.03.2012 20:03:03
Version:	BeGaze 3.0.181
Sample Rate:	500
Subject:	P02
Description:	Run2

Table Header for Fixations:
Event Type	Trial	Number	Start	End	Duration	Location X	Location Y	Dispersion X	Dispersion Y	Plane	Avg. Pupil Size X	Avg. Pupil Size Y

Table Header for Saccades:
Event Type	Trial	Number	Start	End	Duration	Start Loc.X	Start Loc.Y	End Loc.X	End Loc.Y	Amplitude	Peak Speed	Peak Speed At	Average Speed	Peak Accel.	Peak Decel.	Average Accel.

Table Header for Blinks:
Event Type	Trial	Number	Start	End	Duration

Table Header for User Events:
Event Type	Trial	Number	Start	Description

UserEvent	1	1	3382278093	# Message: RC-N1forced-nonanim-2.jpg
Fixation L	1	1	3382278687	3382332930	54243	571.38	431.70	23	16	-1	12.61	12.61
Fixation R	1	1	3382278687	3382332930	54243	571.38	431.70	23	16	-1	12.94	12.94
Saccade L	1	1	3382332930	3382377384	44454	577.55	430.32	786.99	415.14	4.88	199.64	0.36	109.67	8367.96	-6426.46	5352.11
Saccade R	1	1	3382332930	3382377384	44454	577.55	430.32	786.99	415.14	4.88	199.64	0.36	109.67	8367.96	-6426.46	5352.11
Fixation L	1	2	3382377384	3382603097	225713	794.83	405.00	38	47	-1	12.55	12.55
Fixation R	1	2	3382377384	3382603097	225713	794.83	405.00	38	47	-1	12.92	12.92
Saccade L	1	2	3382603097	3382642941	39844	792.10	415.66	549.22	427.49	5.46	277.51	0.50	136.99	11831.00	-11726.58	8535.57
Saccade R	1	2	3382603097	3382642941	39844	792.10	415.66	549.22	427.49	5.46	277.51	0.50	136.99	11831.00	-11726.58	8535.57
Fixation L	1	3	3382642941	3382856967	214026	544.70	434.47	26	15	-1	12.68	12.68
Fixation R	1	3	3382642941	3382856967	214026	544.70	434.47	26	15	-1	12.88	12.88
Saccade L	1	3	3382856967	3382878967	22000	543.74	436.57	602.30	436.47	1.20	89.71	0.54	54.48	3319.13	-3076.19	2237.54
Saccade R	1	3	3382856967	3382878967	22000	543.74	436.57	602.30	436.47	1.20	89.71	0.54	54.48	3319.13	-3076.19	2237.54
Fixation L	1	4	3382878967	3383133422	254455	604.43	447.33	27	20	-1	12.75	12.75
Fixation R	1	4	3382878967	3383133422	254455	604.43	447.33	27	20	-1	13.14	13.14
Fixation L	1	5	3383153064	3383405211	252147	675.72	452.46	25	24	-1	13.17	13.17
Fixation R	1	5	3383153064	3383405211	252147	675.72	452.46	25	24	-1	13.56	13.56
Saccade L	1	4	3383405211	3383427176	21965	680.75	453.40	738.92	449.69	1.16	84.35	0.45	52.71	3254.51	-3108.94	2214.19
Saccade R	1	4	3383405211	3383427176	21965	680.75	453.40	738.92	449.69	1.16	84.35	0.45	52.71	3254.51	-3108.94	2214.19
Fixation L	1	6	3383427176	3383587179	160003	734.94	446.57	22	31	-1	13.39	13.39
Fixation R	1	6	3383427176	3383587179	160003	734.94	446.57	22	31	-1	13.65	13.65
Saccade L	1	5	3383587179	3383613329	26150	743.28	463.06	788.49	443.95	1.10	64.88	0.54	41.88	2253.01	-2380.33	1711.98
Saccade R	1	5	3383587179	3383613329	26150	743.28	463.06	788.49	443.95	1.10	64.88	0.54	41.88	2253.01	-2380.33	1711.98
Fixation L	1	7	3383613329	3383735335	122006	786.14	445.77	12	11	-1	13.45	13.45
Fixation R	1	7	3383613329	3383735335	122006	786.14	445.77	12	11	-1	13.89	13.89
Saccade L	1	6	3383735335	3383759307	23972	789.17	447.36	856.72	442.61	1.42	106.84	0.50	59.09	4391.54	-3998.20	2919.25
Saccade R	1	6	3383735335	3383759307	23972	789.17	447.36	856.72	442.61	1.42	106.84	0.50	59.09	4391.54	-3998.20	2919.25
Fixation L	1	8	3383759307	3383979404	220097	851.33	443.97	25	23	-1	13.67	13.67
Fixation R	1	8	3383759307	3383979404	220097	851.33	443.97	25	23	-1	14.13	14.13
Saccade L	1	7	3383979404	3384009430	30026	858.26	446.85	947.58	437.55	1.87	108.37	0.47	62.25	4321.79	-4192.11	3202.79
Saccade R	1	7	3383979404	3384009430	30026	858.26	446.85	947.58	437.55	1.87	108.37	0.47	62.25	4321.79	-4192.11	3202.79
Fixation L	1	9	3384009430	3384161538	152108	936.39	445.44	25	25	-1	13.84	13.84
Fixation R	1	9	3384009430	3384161538	152108	936.39	445.44	25	25	-1	14.25	14.25
Fixation L	1	10	3384179569	3384334207	154638	905.24	445.19	23	16	-1	13.91	13.91
Fixation R	1	10	3384179569	3384334207	154638	905.24	445.19	23	16	-1	14.33	14.33
Fixation L	1	11	3384353554	3384418283	64729	946.93	448.87	28	12	-1	13.94	13.94
Fixation R	1	11	3384353554	3384418283	64729	946.93	448.87	28	12	-1	14.36	14.36
Blink L	1	1	3384418283	3384524730	106447
Blink R	1	1	3384418283	3384524730	106447
Fixation L	1	12	3384553641	3384627631	73990	980.70	430.48	34	26	-1	14.25	14.25
Fixation R	1	12	3384553641	3384627631	73990	980.70	430.48	34	26	-1	14.61	14.61
Saccade L	1	8	3384627631	3384651625	23994	997.24	414.58	831.60	427.35	3.07	227.03	0.58	127.83	8782.22	-7126.40	5481.02
Saccade R	1	8	3384627631	3384651625	23994	997.24	414.58	831.60	427.35	3.07	227.03	0.58	127.83	8782.22	-7126.40	5481.02
Saccade L	1	9	3384753779	3384797750	43971	851.25	390.77	834.79	398.94	7.77	346.41	0.41	176.73	14001.10	-13973.51	10092.89
Saccade R	1	9	3384753779	3384797750	43971	851.25	390.77	834.79	398.94	7.77	346.41	0.41	176.73	14001.10	-13973.51	10092.89
Fixation L	1	13	3384797750	3384903747	105997	852.05	411.32	53	34	-1	13.98	13.98
Fixation R	1	13	3384797750	3384903747	105997	852.05	411.32	53	34	-1	14.34	14.34
Saccade L	1	10	3384903747	3384951912	48165	850.83	421.11	776.20	412.66	2.45	94.47	0.25	50.78	3091.80	-2072.78	1678.13
Saccade R	1	10	3384903747	3384951912	48165	850.83	421.11	776.20	412.66	2.45	94.47	0.25	50.78	3091.80	-2072.78	1678.13
Fixation L	1	14	3384951912	3385021865	69953	784.26	420.88	52	17	-1	13.83	13.83
Fixation R	1	14	3384951912	3385021865	69953	784.26	420.88	52	17	-1	14.19	14.19
Saccade L	1	11	3385187863	3385231984	44121	765.73	470.79	761.39	441.59	7.26	308.23	0.46	164.57	13397.93	-13253.68	9851.21
Saccade R	1	11	3385187863	3385231984	44121	765.73	470.79	761.39	441.59	7.26	308.23	0.46	164.57	13397.93	-13253.68	9851.21
Saccade L	1	12	3385257862	3385284187	26325	784.62	444.07	650.70	454.90	2.66	201.93	0.61	101.09	7581.42	-5381.66	4323.18
Saccade R	1	12	3385257862	3385284187	26325	784.62	444.07	650.70	454.90	2.66	201.93	0.61	101.09	7581.42	-5381.66	4323.18
Fixation L	1	15	3385301990	3385900210	598220	688.38	448.84	32	30	-1	13.71	13.71
Fixation R	1	15	3385301990	3385900210	598220	688.38	448.84	32	30	-1	13.96	13.96
Blink L	1	2	3385900210	3385950207	49997
Blink R	1	2	3385900210	3385950207	49997
Fixation L	1	16	3385950207	3386088768	138561	579.47	444.55	12	26	-1	13.47	13.47
Fixation R	1	16	3385950207	3386088768	138561	579.47	444.55	12	26	-1	13.72	13.72
Saccade L	1	13	3386088768	3386112328	23560	575.86	454.36	627.22	452.90	0.99	70.30	0.50	41.92	2904.45	-2681.02	1962.64
Saccade R	1	13	3386088768	3386112328	23560	575.86	454.36	627.22	452.90	0.99	70.30	0.50	41.92	2904.45	-2681.02	1962.64
Fixation L	1	17	3386112328	3386300319	187991	624.07	450.76	20	21	-1	13.34	13.34
Fixation R	1	17	3386112328	3386300319	187991	624.07	450.76	20	21	-1	13.68	13.68
Saccade L	1	14	3386300319	3386340782	40463	615.63	464.75	694.62	441.01	2.11	113.37	0.30	52.25	4045.55	-3860.49	2523.43
Saccade R	1	14	3386300319	3386340782	40463	615.63	464.75	694.62	441.01	2.11	113.37	0.30	52.25	4045.55	-3860.49	2523.43
Fixation L	1	18	3386340782	3386800572	459790	691.80	452.98	30	22	-1	13.49	13.49
Fixation R	1	18	3386340782	3386800572	459790	691.80	452.98	30	22	-1	13.74	13.74
Saccade L	1	15	3386800572	3386838672	38100	694.16	461.56	762.17	439.26	2.14	136.93	0.32	56.23	5188.60	-4459.25	2921.23
Saccade R	1	15	3386800572	3386838672	38100	694.16	461.56	762.17	439.26	2.14	136.93	0.32	56.23	5188.60	-4459.25	2921.23
Fixation L	1	19	3386838672	3387375769	537097	755.50	444.80	29	26	-1	13.31	13.31
Fixation R	1	19	3386838672	3387375769	537097	755.50	444.80	29	26	-1	13.67	13.67
Saccade L	1	16	3387375769	3387400907	25138	757.25	449.94	849.59	449.46	1.68	119.77	0.52	66.87	4508.39	-4535.45	3298.68
Saccade R	1	16	3387375769	3387400907	25138	757.25	449.94	849.59	449.46	1.68	119.77	0.52	66.87	4508.39	-4535.45	3298.68
Fixation L	1	20	3387400907	3387527309	126402	837.25	450.06	17	11	-1	13.29	13.29
Fixation R	1	20	3387400907	3387527309	126402	837.25	450.06	17	11	-1	13.72	13.72
Saccade L	1	17	3387527309	3387569111	41802	838.87	452.42	879.85	469.95	18.39	676.86	0.42	439.95	25784.79	-30887.59	21261.26
Saccade R	1	17	3387527309	3387569111	41802	838.87	452.42	879.85	469.95	18.39	676.86	0.42	439.95	25784.79	-30887.59	21261.26
Fixation L	1	21	3387701231	3387979131	277900	883.88	448.32	22	23	-1	13.46	13.46
Fixation R	1	21	3387701231	3387979131	277900	883.88	448.32	22	23	-1	14.02	14.02
Saccade L	1	18	3387979131	3388005136	26005	884.27	446.42	945.02	429.92	1.33	91.69	0.38	51.03	3276.75	-3178.24	2311.13
Saccade R	1	18	3387979131	3388005136	26005	884.27	446.42	945.02	429.92	1.33	91.69	0.38	51.03	3276.75	-3178.24	2311.13
Fixation L	1	22	3388005136	3388331264	326128	939.45	442.63	27	24	-1	13.43	13.43
Fixation R	1	22	3388005136	3388331264	326128	939.45	442.63	27	24	-1	14.20	14.20
Saccade L	1	19	3388331264	3388353485	22221	932.06	451.61	989.44	446.05	1.22	98.23	0.45	55.11	3129.06	-3732.09	2366.60
Saccade R	1	19	3388331264	3388353485	22221	932.06	451.61	989.44	446.05	1.22	98.23	0.45	55.11	3129.06	-3732.09	2366.60
Fixation L	1	23	3388353485	3388501629	148144	980.06	446.52	16	14	-1	13.59	13.59
Fixation R	1	23	3388353485	3388501629	148144	980.06	446.52	16	14	-1	14.47	14.47
Saccade L	1	20	3388501629	3388530581	28952	978.78	440.72	1051.31	448.47	1.69	99.00	0.41	58.51	4232.83	-3988.04	2965.90
Saccade R	1	20	3388501629	3388530581	28952	978.78	440.72	1051.31	448.47	1.69	99.00	0.41	58.51	4232.83	-3988.04	2965.90
Fixation L	1	24	3388530581	3388777480	246899	1059.42	448.01	18	34	-1	13.43	13.43
Fixation R	1	24	3388530581	3388777480	246899	1059.42	448.01	18	34	-1	14.20	14.20
Blink L	1	3	3388777480	3388823831	46351
Blink R	1	3	3388777480	3388823831	46351
Fixation L	1	25	3388823831	3389305709	481878	1152.51	450.73	51	33	-1	13.58	13.58
Fixation R	1	25	3388823831	3389305709	481878	1152.51	450.73	51	33	-1	14.11	14.11
Fixation L	1	26	3389392122	3389489004	96882	988.64	938.65	9	22	-1	13.82	13.82
Fixation R	1	26	3389392122	3389489004	96882	988.64	938.65	9	22	-1	14.31	14.31
Fixation L	1	27	3389508329	3389638387	130058	972.20	955.22	41	41	-1	13.73	13.73
Fixation R	1	27	3389508329	3389638387	130058	972.20	955.22	41	41	-1	14.40	14.40
Fixation L	1	28	3389659831	3389899938	240107	909.58	972.36	25	35	-1	13.52	13.52
Fixation R	1	28	3389659831	3389899938	240107	909.58	972.36	25	35	-1	14.16	14.16
