[BeGaze]
Converted from:	C:\Program Files\SMI\Experiment Suite 360\Experiment Center 2\Results\RC-Attachment-Exp\P27-eye_data.idf
Date:	18.03.2012 20:21:57
Version:	BeGaze 3.0.181
Sample Rate:	500
Subject:	P27
Description:	Run32

Table Header for Fixations:
Event Type	Trial	Number	Start	End	Duration	Location X	Location Y	Dispersion X	Dispersion Y	Plane	Avg. Pupil Size X	Avg. Pupil Size Y

Table Header for Saccades:
Event Type	Trial	Number	Start	End	Duration	Start Loc.X	Start Loc.Y	End Loc.X	End Loc.Y	Amplitude	Peak Speed	Peak Speed At	Average Speed	Peak Accel.	Peak Decel.	Average Accel.

Table Header for Blinks:
Event Type	Trial	Number	Start	End	Duration

Table Header for User Events:
Event Type	Trial	Number	Start	Description

UserEvent	1	1	13211196808	# Message: int-1.jpg
Fixation L	1	1	13211198425	13211795822	597397	482.19	442.41	41	24	-1	12.68	12.68
Fixation R	1	1	13211198425	13211795822	597397	482.19	442.41	41	24	-1	13.36	13.36
Saccade L	1	1	13211795822	13211825812	29990	476.32	454.09	545.16	454.04	1.47	85.33	0.40	49.14	3446.98	-3454.38	2483.76
Saccade R	1	1	13211795822	13211825812	29990	476.32	454.09	545.16	454.04	1.47	85.33	0.40	49.14	3446.98	-3454.38	2483.76
Fixation L	1	2	13211825812	13211999936	174124	544.22	458.19	27	18	-1	12.67	12.67
Fixation R	1	2	13211825812	13211999936	174124	544.22	458.19	27	18	-1	13.28	13.28
Saccade L	1	2	13211999936	13212043929	43993	561.48	447.75	640.39	437.55	1.73	62.70	0.50	39.34	2215.14	-2291.82	1668.34
Saccade R	1	2	13211999936	13212043929	43993	561.48	447.75	640.39	437.55	1.73	62.70	0.50	39.34	2215.14	-2291.82	1668.34
Fixation L	1	3	13212043929	13212240046	196117	640.27	431.38	16	15	-1	12.66	12.66
Fixation R	1	3	13212043929	13212240046	196117	640.27	431.38	16	15	-1	13.25	13.25
Saccade L	1	3	13212240046	13212286049	46003	633.43	433.48	712.55	424.37	1.99	74.88	0.52	43.27	2825.08	-2544.77	1935.98
Saccade R	1	3	13212240046	13212286049	46003	633.43	433.48	712.55	424.37	1.99	74.88	0.52	43.27	2825.08	-2544.77	1935.98
Fixation L	1	4	13212286049	13212444041	157992	701.22	408.76	23	39	-1	12.52	12.52
Fixation R	1	4	13212286049	13212444041	157992	701.22	408.76	23	39	-1	13.19	13.19
Saccade L	1	4	13212444041	13212466167	22126	699.00	417.37	689.96	383.50	0.72	43.71	0.46	32.38	1887.93	238.02	944.16
Saccade R	1	4	13212444041	13212466167	22126	699.00	417.37	689.96	383.50	0.72	43.71	0.46	32.38	1887.93	238.02	944.16
Saccade L	1	5	13212466167	13212502247	36080	689.96	383.50	757.52	376.20	1.68	68.02	0.67	46.65	1589.90	-2498.43	1490.19
Saccade R	1	5	13212466167	13212502247	36080	689.96	383.50	757.52	376.20	1.68	68.02	0.67	46.65	1589.90	-2498.43	1490.19
Fixation L	1	5	13212502247	13212604166	101919	774.59	372.86	31	16	-1	12.48	12.48
Fixation R	1	5	13212502247	13212604166	101919	774.59	372.86	31	16	-1	13.24	13.24
Saccade L	1	6	13212604166	13212630167	26001	749.81	366.28	794.27	380.47	0.88	54.54	0.40	33.79	776.25	-1840.07	991.54
Saccade R	1	6	13212604166	13212630167	26001	749.81	366.28	794.27	380.47	0.88	54.54	0.40	33.79	776.25	-1840.07	991.54
Saccade L	1	7	13212642214	13212686186	43972	795.49	385.33	840.38	438.53	1.73	72.99	0.55	39.29	2622.11	-2701.78	1851.55
Saccade R	1	7	13212642214	13212686186	43972	795.49	385.33	840.38	438.53	1.73	72.99	0.55	39.29	2622.11	-2701.78	1851.55
Saccade L	1	8	13212714167	13212764279	50112	820.32	438.20	942.54	416.17	2.71	106.91	0.24	54.06	3964.48	-2608.73	2159.77
Saccade R	1	8	13212714167	13212764279	50112	820.32	438.20	942.54	416.17	2.71	106.91	0.24	54.06	3964.48	-2608.73	2159.77
Saccade L	1	9	13212806295	13212832275	25980	949.38	406.89	915.18	381.88	0.85	48.07	0.38	32.56	1845.34	-1930.34	1366.49
Saccade R	1	9	13212806295	13212832275	25980	949.38	406.89	915.18	381.88	0.85	48.07	0.38	32.56	1845.34	-1930.34	1366.49
Fixation L	1	6	13212832275	13212958274	125999	915.38	389.33	9	20	-1	12.59	12.59
Fixation R	1	6	13212832275	13212958274	125999	915.38	389.33	9	20	-1	13.61	13.61
Saccade L	1	10	13212958274	13212988400	30126	912.82	402.01	874.94	392.85	0.88	45.01	0.47	29.29	1805.39	-1822.11	1293.86
Saccade R	1	10	13212958274	13212988400	30126	912.82	402.01	874.94	392.85	0.88	45.01	0.47	29.29	1805.39	-1822.11	1293.86
Fixation L	1	7	13212988400	13213046406	58006	871.50	397.47	7	15	-1	12.57	12.57
Fixation R	1	7	13212988400	13213046406	58006	871.50	397.47	7	15	-1	13.44	13.44
Saccade L	1	11	13213046406	13213072395	25989	870.49	407.70	814.60	394.39	1.13	73.49	0.54	43.67	2756.14	-1005.60	1389.63
Saccade R	1	11	13213046406	13213072395	25989	870.49	407.70	814.60	394.39	1.13	73.49	0.54	43.67	2756.14	-1005.60	1389.63
Saccade L	1	12	13213072395	13213100402	28007	814.60	394.39	875.09	427.84	1.47	104.32	0.36	52.62	1943.45	-3964.17	2056.35
Saccade R	1	12	13213072395	13213100402	28007	814.60	394.39	875.09	427.84	1.47	104.32	0.36	52.62	1943.45	-3964.17	2056.35
Saccade L	1	13	13213108390	13213156390	48000	876.40	429.42	1018.55	427.70	3.16	122.55	0.42	65.91	5131.29	-4507.04	3357.49
Saccade R	1	13	13213108390	13213156390	48000	876.40	429.42	1018.55	427.70	3.16	122.55	0.42	65.91	5131.29	-4507.04	3357.49
Fixation L	1	8	13213156390	13213342519	186129	1018.32	427.05	20	18	-1	12.61	12.61
Fixation R	1	8	13213156390	13213342519	186129	1018.32	427.05	20	18	-1	13.56	13.56
Saccade L	1	14	13213342519	13213368521	26002	1016.44	415.91	1081.24	413.80	1.37	89.30	0.46	52.50	3646.75	-3369.86	2541.09
Saccade R	1	14	13213342519	13213368521	26002	1016.44	415.91	1081.24	413.80	1.37	89.30	0.46	52.50	3646.75	-3369.86	2541.09
Saccade L	1	15	13213384871	13213408539	23668	1072.79	403.33	1090.63	437.53	0.67	42.21	0.41	28.39	1279.11	-1438.70	964.25
Saccade R	1	15	13213384871	13213408539	23668	1072.79	403.33	1090.63	437.53	0.67	42.21	0.41	28.39	1279.11	-1438.70	964.25
Fixation L	1	9	13213408539	13213593814	185275	1100.73	430.33	40	12	-1	12.61	12.61
Fixation R	1	9	13213408539	13213593814	185275	1100.73	430.33	40	12	-1	13.58	13.58
Saccade L	1	16	13213593814	13213684673	90859	1090.60	430.29	953.34	903.58	12.31	281.07	0.38	135.52	9696.34	-5949.03	5181.99
Saccade R	1	16	13213593814	13213684673	90859	1090.60	430.29	953.34	903.58	12.31	281.07	0.38	135.52	9696.34	-5949.03	5181.99
Fixation L	1	10	13213684673	13213750624	65951	965.81	905.27	28	15	-1	12.81	12.81
Fixation R	1	10	13213684673	13213750624	65951	965.81	905.27	28	15	-1	13.99	13.99
Saccade L	1	17	13213750624	13213786633	36009	968.78	895.75	913.86	941.77	1.86	90.55	0.50	51.73	3771.90	-3401.34	2422.43
Saccade R	1	17	13213750624	13213786633	36009	968.78	895.75	913.86	941.77	1.86	90.55	0.50	51.73	3771.90	-3401.34	2422.43
Saccade L	1	18	13213790626	13213824623	33997	911.95	938.59	979.17	964.19	1.60	98.07	0.36	47.21	2970.23	-3247.89	2206.43
Saccade R	1	18	13213790626	13213824623	33997	911.95	938.59	979.17	964.19	1.60	98.07	0.36	47.21	2970.23	-3247.89	2206.43
Fixation L	1	11	13213824623	13213880745	56122	979.79	959.32	8	16	-1	13.32	13.32
Fixation R	1	11	13213824623	13213880745	56122	979.79	959.32	8	16	-1	14.34	14.34
Saccade L	1	19	13213948745	13213970736	21991	929.50	915.57	882.59	894.71	0.92	63.63	0.64	42.01	1252.26	-422.34	647.81
Saccade R	1	19	13213948745	13213970736	21991	929.50	915.57	882.59	894.71	0.92	63.63	0.64	42.01	1252.26	-422.34	647.81
Saccade L	1	20	13213970736	13214006739	36003	882.59	894.71	951.08	964.82	2.06	101.02	0.39	57.33	2182.32	-3675.73	2017.19
Saccade R	1	20	13213970736	13214006739	36003	882.59	894.71	951.08	964.82	2.06	101.02	0.39	57.33	2182.32	-3675.73	2017.19
Saccade L	1	21	13214010739	13214034738	23999	953.92	963.44	920.52	934.10	0.82	52.23	0.33	34.21	808.35	-1840.83	1012.09
Saccade R	1	21	13214010739	13214034738	23999	953.92	963.44	920.52	934.10	0.82	52.23	0.33	34.21	808.35	-1840.83	1012.09
Fixation L	1	12	13214034738	13214202856	168118	926.68	937.72	11	11	-1	13.48	13.48
Fixation R	1	12	13214034738	13214202856	168118	926.68	937.72	11	11	-1	14.29	14.29
Saccade L	1	22	13214202856	13214238862	36006	921.72	938.02	978.25	960.78	1.52	85.08	0.61	42.25	3105.23	-3423.75	2246.88
Saccade R	1	22	13214202856	13214238862	36006	921.72	938.02	978.25	960.78	1.52	85.08	0.61	42.25	3105.23	-3423.75	2246.88
Fixation L	1	13	13214238862	13214306854	67992	973.03	963.33	12	7	-1	13.23	13.23
Fixation R	1	13	13214238862	13214306854	67992	973.03	963.33	12	7	-1	14.25	14.25
Saccade L	1	23	13214306854	13214350978	44124	971.15	958.45	928.73	926.00	1.33	55.76	0.63	30.10	1624.98	-2177.14	1209.34
Saccade R	1	23	13214306854	13214350978	44124	971.15	958.45	928.73	926.00	1.33	55.76	0.63	30.10	1624.98	-2177.14	1209.34
Fixation L	1	14	13214350978	13214527028	176050	925.55	932.06	11	29	-1	13.30	13.30
Fixation R	1	14	13214350978	13214527028	176050	925.55	932.06	11	29	-1	14.29	14.29
Saccade L	1	24	13214527028	13214554976	27948	917.91	945.03	973.48	948.79	1.18	79.00	0.43	42.28	3024.79	-2275.70	1780.54
Saccade R	1	24	13214527028	13214554976	27948	917.91	945.03	973.48	948.79	1.18	79.00	0.43	42.28	3024.79	-2275.70	1780.54
Saccade L	1	25	13214560974	13214583068	22094	975.12	950.94	921.14	943.11	1.09	81.57	0.45	49.20	2256.34	-3122.16	1657.29
Saccade R	1	25	13214560974	13214583068	22094	975.12	950.94	921.14	943.11	1.09	81.57	0.45	49.20	2256.34	-3122.16	1657.29
