[BeGaze]
Converted from:	C:\Program Files\SMI\Experiment Suite 360\Experiment Center 2\Results\RC-Attachment-Exp\P13-eye_data.idf
Date:	18.03.2012 20:10:03
Version:	BeGaze 3.0.181
Sample Rate:	500
Subject:	P13
Description:	Run18

Table Header for Fixations:
Event Type	Trial	Number	Start	End	Duration	Location X	Location Y	Dispersion X	Dispersion Y	Plane	Avg. Pupil Size X	Avg. Pupil Size Y

Table Header for Saccades:
Event Type	Trial	Number	Start	End	Duration	Start Loc.X	Start Loc.Y	End Loc.X	End Loc.Y	Amplitude	Peak Speed	Peak Speed At	Average Speed	Peak Accel.	Peak Decel.	Average Accel.

Table Header for Blinks:
Event Type	Trial	Number	Start	End	Duration

Table Header for User Events:
Event Type	Trial	Number	Start	Description

UserEvent	1	1	4467138077	# Message: Questionnaire7.jpg
Fixation L	1	1	4467139505	4467515302	375797	839.66	949.22	40	38	-1	15.52	15.52
Fixation R	1	1	4467139505	4467515302	375797	839.66	949.22	40	38	-1	14.43	14.43
Saccade L	1	1	4467515302	4467589248	73946	817.56	939.82	521.22	340.22	19.29	558.67	0.57	260.90	18514.25	-21425.53	10338.58
Saccade R	1	1	4467515302	4467589248	73946	817.56	939.82	521.22	340.22	19.29	558.67	0.57	260.90	18514.25	-21425.53	10338.58
Fixation L	1	2	4467589248	4467825363	236115	522.38	360.62	25	38	-1	15.73	15.73
Fixation R	1	2	4467589248	4467825363	236115	522.38	360.62	25	38	-1	14.48	14.48
Saccade L	1	2	4467825363	4467865502	40139	523.44	362.36	713.54	362.05	4.17	222.07	0.35	103.88	9379.53	-8358.51	6171.07
Saccade R	1	2	4467825363	4467865502	40139	523.44	362.36	713.54	362.05	4.17	222.07	0.35	103.88	9379.53	-8358.51	6171.07
Fixation L	1	3	4467865502	4468065478	199976	725.43	361.33	17	11	-1	15.07	15.07
Fixation R	1	3	4467865502	4468065478	199976	725.43	361.33	17	11	-1	14.10	14.10
Saccade L	1	3	4468065478	4468109494	44016	728.05	368.28	864.62	354.28	3.05	154.32	0.32	69.21	6669.65	-5533.96	3779.01
Saccade R	1	3	4468065478	4468109494	44016	728.05	368.28	864.62	354.28	3.05	154.32	0.32	69.21	6669.65	-5533.96	3779.01
Fixation L	1	4	4468109494	4468255471	145977	869.59	357.61	12	11	-1	14.87	14.87
Fixation R	1	4	4468109494	4468255471	145977	869.59	357.61	12	11	-1	14.26	14.26
Saccade L	1	4	4468255471	4468295756	40285	870.89	360.47	992.62	353.88	2.68	121.00	0.35	66.60	5456.35	-4246.32	3413.58
Saccade R	1	4	4468255471	4468295756	40285	870.89	360.47	992.62	353.88	2.68	121.00	0.35	66.60	5456.35	-4246.32	3413.58
Fixation L	1	5	4468295756	4468556583	260827	998.34	345.73	9	44	-1	15.19	15.19
Fixation R	1	5	4468295756	4468556583	260827	998.34	345.73	9	44	-1	14.51	14.51
Saccade L	1	5	4468556583	4468581595	25012	998.70	319.13	926.76	330.17	1.47	108.10	0.44	58.73	4237.85	-4113.90	2999.08
Saccade R	1	5	4468556583	4468581595	25012	998.70	319.13	926.76	330.17	1.47	108.10	0.44	58.73	4237.85	-4113.90	2999.08
Fixation L	1	6	4468581595	4468799724	218129	936.88	345.07	24	38	-1	15.69	15.69
Fixation R	1	6	4468581595	4468799724	218129	936.88	345.07	24	38	-1	14.88	14.88
Saccade L	1	6	4468799724	4468829711	29987	928.03	365.21	1048.84	356.11	2.56	174.66	0.40	85.49	7223.44	-6874.10	5078.20
Saccade R	1	6	4468799724	4468829711	29987	928.03	365.21	1048.84	356.11	2.56	174.66	0.40	85.49	7223.44	-6874.10	5078.20
Fixation L	1	7	4468829711	4469011083	181372	1062.33	345.95	18	18	-1	15.90	15.90
Fixation R	1	7	4468829711	4469011083	181372	1062.33	345.95	18	18	-1	14.96	14.96
Saccade L	1	7	4469011083	4469047273	36190	1062.35	341.94	1143.39	331.10	2.60	139.39	0.31	71.86	5682.01	-5268.72	3779.84
Saccade R	1	7	4469011083	4469047273	36190	1062.35	341.94	1143.39	331.10	2.60	139.39	0.31	71.86	5682.01	-5268.72	3779.84
Fixation L	1	8	4469047273	4469143953	96680	1149.69	326.83	10	16	-1	15.81	15.81
Fixation R	1	8	4469047273	4469143953	96680	1149.69	326.83	10	16	-1	14.77	14.77
Saccade L	1	8	4469143953	4469216008	72055	1149.17	338.17	390.24	418.49	17.67	401.48	0.25	245.28	17639.18	-13011.57	8733.13
Saccade R	1	8	4469143953	4469216008	72055	1149.17	338.17	390.24	418.49	17.67	401.48	0.25	245.28	17639.18	-13011.57	8733.13
Fixation L	1	9	4469216008	4470500543	1284535	374.44	439.81	36	42	-1	15.35	15.35
Fixation R	1	9	4469216008	4470500543	1284535	374.44	439.81	36	42	-1	14.49	14.49
UserEvent	1	76	4470121840	# Message: UE-mouseclick left x=369 y=441
Saccade L	1	9	4470500543	4470538581	38038	371.50	437.37	429.34	568.35	4.04	223.26	0.54	106.14	9385.58	-9252.11	6768.04
Saccade R	1	9	4470500543	4470538581	38038	371.50	437.37	429.34	568.35	4.04	223.26	0.54	106.14	9385.58	-9252.11	6768.04
Fixation L	1	10	4470538581	4470922846	384265	438.42	559.45	21	50	-1	15.36	15.36
Fixation R	1	10	4470538581	4470922846	384265	438.42	559.45	21	50	-1	14.71	14.71
Saccade L	1	10	4470922846	4470948647	25801	436.94	529.62	401.61	472.41	1.44	96.14	0.46	55.83	4105.71	-3978.17	2891.85
Saccade R	1	10	4470922846	4470948647	25801	436.94	529.62	401.61	472.41	1.44	96.14	0.46	55.83	4105.71	-3978.17	2891.85
Fixation L	1	11	4470948647	4471062775	114128	404.00	472.40	21	15	-1	14.54	14.54
Fixation R	1	11	4470948647	4471062775	114128	404.00	472.40	21	15	-1	13.95	13.95
UserEvent	1	99	4470977856	# Message: UE-mouseclick left x=422 y=524
