[BeGaze]
Converted from:	C:\Program Files\SMI\Experiment Suite 360\Experiment Center 2\Results\RC-Attachment-Exp\P14-eye_data.idf
Date:	18.03.2012 20:10:33
Version:	BeGaze 3.0.181
Sample Rate:	500
Subject:	P14
Description:	Run19

Table Header for Fixations:
Event Type	Trial	Number	Start	End	Duration	Location X	Location Y	Dispersion X	Dispersion Y	Plane	Avg. Pupil Size X	Avg. Pupil Size Y

Table Header for Saccades:
Event Type	Trial	Number	Start	End	Duration	Start Loc.X	Start Loc.Y	End Loc.X	End Loc.Y	Amplitude	Peak Speed	Peak Speed At	Average Speed	Peak Accel.	Peak Decel.	Average Accel.

Table Header for Blinks:
Event Type	Trial	Number	Start	End	Duration

Table Header for User Events:
Event Type	Trial	Number	Start	Description

UserEvent	1	1	944934783	# Message: Validation.jpg
Fixation L	1	1	945018862	945151766	132904	509.82	271.60	9	20	-1	12.69	12.69
Fixation R	1	1	945018862	945151766	132904	509.82	271.60	9	20	-1	12.44	12.44
Saccade L	1	1	945151766	945175772	24006	512.85	276.98	446.33	263.61	1.51	112.05	0.50	62.82	4650.19	-4332.63	3185.12
Saccade R	1	1	945151766	945175772	24006	512.85	276.98	446.33	263.61	1.51	112.05	0.50	62.82	4650.19	-4332.63	3185.12
Fixation L	1	2	945175772	946650359	1474587	434.19	274.22	58	63	-1	13.00	13.00
Fixation R	1	2	945175772	946650359	1474587	434.19	274.22	58	63	-1	12.90	12.90
Saccade L	1	2	946650359	946738723	88364	433.38	297.06	1135.53	692.57	18.63	411.45	0.20	210.84	17647.67	-10002.45	6832.64
Saccade R	1	2	946650359	946738723	88364	433.38	297.06	1135.53	692.57	18.63	411.45	0.20	210.84	17647.67	-10002.45	6832.64
Fixation L	1	3	946738723	947008665	269942	1182.33	710.15	91	35	-1	13.61	13.61
Fixation R	1	3	946738723	947008665	269942	1182.33	710.15	91	35	-1	13.54	13.54
Saccade L	1	3	947008665	947034597	25932	1221.23	721.85	1255.17	790.87	1.63	107.70	0.46	63.04	4403.85	-4418.48	3165.26
Saccade R	1	3	947008665	947034597	25932	1221.23	721.85	1255.17	790.87	1.63	107.70	0.46	63.04	4403.85	-4418.48	3165.26
Fixation L	1	4	947034597	947210582	175985	1259.36	795.96	13	13	-1	13.65	13.65
Fixation R	1	4	947034597	947210582	175985	1259.36	795.96	13	13	-1	13.55	13.55
Fixation L	1	5	947230706	948038946	808240	1277.13	789.06	34	45	-1	13.02	13.02
Fixation R	1	5	947230706	948038946	808240	1277.13	789.06	34	45	-1	12.80	12.80
Saccade L	1	4	948038946	948101062	62116	1280.15	764.55	1259.91	560.22	5.12	189.43	0.20	82.48	7782.65	-5149.03	3803.41
Saccade R	1	4	948038946	948101062	62116	1280.15	764.55	1259.91	560.22	5.12	189.43	0.20	82.48	7782.65	-5149.03	3803.41
Saccade L	1	5	948195061	948227050	31989	1236.98	529.67	1271.08	380.67	3.47	225.93	0.56	108.58	8904.96	-8278.25	6283.84
Saccade R	1	5	948195061	948227050	31989	1236.98	529.67	1271.08	380.67	3.47	225.93	0.56	108.58	8904.96	-8278.25	6283.84
Fixation L	1	6	948227050	948393167	166117	1248.83	351.42	33	53	-1	12.20	12.20
Fixation R	1	6	948227050	948393167	166117	1248.83	351.42	33	53	-1	11.96	11.96
Saccade L	1	6	948393167	948457168	64001	1249.31	353.65	1240.60	199.15	3.54	105.16	0.38	55.27	3675.88	-2343.86	1998.46
Saccade R	1	6	948393167	948457168	64001	1249.31	353.65	1240.60	199.15	3.54	105.16	0.38	55.27	3675.88	-2343.86	1998.46
Fixation L	1	7	948457168	948571285	114117	1230.20	202.86	42	17	-1	12.08	12.08
Fixation R	1	7	948457168	948571285	114117	1230.20	202.86	42	17	-1	12.06	12.06
Saccade L	1	7	948571285	948615173	43888	1208.25	209.68	1263.18	245.41	1.94	84.41	0.27	44.30	2593.16	-1956.87	1458.24
Saccade R	1	7	948571285	948615173	43888	1208.25	209.68	1263.18	245.41	1.94	84.41	0.27	44.30	2593.16	-1956.87	1458.24
Fixation L	1	8	948615173	949015955	400782	1249.89	248.59	63	35	-1	12.28	12.28
Fixation R	1	8	948615173	949015955	400782	1249.89	248.59	63	35	-1	12.15	12.15
Saccade L	1	8	949015955	949037401	21446	1222.19	244.81	1257.26	249.16	0.68	44.29	0.44	31.65	1564.70	-1286.98	1023.89
Saccade R	1	8	949015955	949037401	21446	1222.19	244.81	1257.26	249.16	0.68	44.29	0.44	31.65	1564.70	-1286.98	1023.89
Fixation L	1	9	949037401	949457633	420232	1248.93	241.42	51	47	-1	12.32	12.32
Fixation R	1	9	949037401	949457633	420232	1248.93	241.42	51	47	-1	12.16	12.16
Fixation L	1	10	949545901	949765977	220076	641.23	656.71	98	51	-1	12.59	12.59
Fixation R	1	10	949545901	949765977	220076	641.23	656.71	98	51	-1	12.02	12.02
Saccade L	1	9	949765977	949810042	44065	583.51	679.20	396.01	791.53	5.49	354.13	0.45	124.57	14469.54	-14014.78	8732.18
Saccade R	1	9	949765977	949810042	44065	583.51	679.20	396.01	791.53	5.49	354.13	0.45	124.57	14469.54	-14014.78	8732.18
Saccade L	1	10	949815749	949847756	32007	398.49	786.62	378.53	803.94	1.74	88.35	0.25	54.52	2048.51	-3081.42	2005.85
Saccade R	1	10	949815749	949847756	32007	398.49	786.62	378.53	803.94	1.74	88.35	0.25	54.52	2048.51	-3081.42	2005.85
Fixation L	1	11	949847756	949953736	105980	367.67	804.43	17	16	-1	13.07	13.07
Fixation R	1	11	949847756	949953736	105980	367.67	804.43	17	16	-1	12.85	12.85
Fixation L	1	12	949971859	950485998	514139	399.34	811.60	36	37	-1	13.19	13.19
Fixation R	1	12	949971859	950485998	514139	399.34	811.60	36	37	-1	13.06	13.06
