[BeGaze]
Converted from:	C:\Program Files\SMI\Experiment Suite 360\Experiment Center 2\Results\RC-Attachment-Exp\Denek03-eye_data.idf
Date:	24.02.2012 09:58:00
Version:	BeGaze 3.0.181
Sample Rate:	500
Subject:	Denek03
Description:	Run6

Table Header for Fixations:
Event Type	Trial	Number	Start	End	Duration	Location X	Location Y	Dispersion X	Dispersion Y	Plane	Avg. Pupil Size X	Avg. Pupil Size Y

Table Header for Saccades:
Event Type	Trial	Number	Start	End	Duration	Start Loc.X	Start Loc.Y	End Loc.X	End Loc.Y	Amplitude	Peak Speed	Peak Speed At	Average Speed	Peak Accel.	Peak Decel.	Average Accel.

Table Header for Blinks:
Event Type	Trial	Number	Start	End	Duration

Table Header for User Events:
Event Type	Trial	Number	Start	Description

UserEvent	1	1	5187398370	# Message: Questionnaire17.jpg
Fixation L	1	1	5187398441	5187776426	377985	886.44	958.10	35	31	-1	15.59	15.59
Fixation R	1	1	5187398441	5187776426	377985	886.44	958.10	35	31	-1	15.78	15.78
Saccade L	1	1	5187776426	5187842422	65996	880.16	953.38	447.94	398.62	15.93	475.87	0.33	241.40	20501.66	-13096.04	11271.93
Saccade R	1	1	5187776426	5187842422	65996	880.16	953.38	447.94	398.62	15.93	475.87	0.33	241.40	20501.66	-13096.04	11271.93
Fixation L	1	2	5187842422	5187914602	72180	454.98	398.35	19	32	-1	15.97	15.97
Fixation R	1	2	5187842422	5187914602	72180	454.98	398.35	19	32	-1	16.12	16.12
Saccade L	1	2	5187914602	5187942583	27981	464.61	422.45	435.00	369.24	1.21	74.78	0.36	43.29	2158.00	-2680.58	1776.66
Saccade R	1	2	5187914602	5187942583	27981	464.61	422.45	435.00	369.24	1.21	74.78	0.36	43.29	2158.00	-2680.58	1776.66
Fixation L	1	3	5187942583	5188104557	161974	443.10	366.62	15	22	-1	15.85	15.85
Fixation R	1	3	5187942583	5188104557	161974	443.10	366.62	15	22	-1	16.10	16.10
Saccade L	1	3	5188104557	5188144901	40344	434.38	369.62	516.73	366.28	1.90	103.94	0.25	47.10	4103.20	-3243.15	2048.43
Saccade R	1	3	5188104557	5188144901	40344	434.38	369.62	516.73	366.28	1.90	103.94	0.25	47.10	4103.20	-3243.15	2048.43
Fixation L	1	4	5188144901	5188236656	91755	525.82	369.85	15	7	-1	16.15	16.15
Fixation R	1	4	5188144901	5188236656	91755	525.82	369.85	15	7	-1	16.41	16.41
Saccade L	1	4	5188236656	5188266655	29999	533.61	366.59	655.53	383.72	2.71	181.86	0.40	90.18	7176.31	-6975.68	5089.67
Saccade R	1	4	5188236656	5188266655	29999	533.61	366.59	655.53	383.72	2.71	181.86	0.40	90.18	7176.31	-6975.68	5089.67
Fixation L	1	5	5188266655	5188444823	178168	659.35	387.11	31	21	-1	16.64	16.64
Fixation R	1	5	5188266655	5188444823	178168	659.35	387.11	31	21	-1	16.86	16.86
Saccade L	1	5	5188444823	5188477439	32616	679.84	385.29	873.01	411.33	4.26	254.37	0.56	130.66	10830.90	-10958.47	8003.77
Saccade R	1	5	5188444823	5188477439	32616	679.84	385.29	873.01	411.33	4.26	254.37	0.56	130.66	10830.90	-10958.47	8003.77
Fixation L	1	6	5188477439	5188682780	205341	853.48	395.49	37	26	-1	17.27	17.27
Fixation R	1	6	5188477439	5188682780	205341	853.48	395.49	37	26	-1	17.44	17.44
Saccade L	1	6	5188682780	5188708885	26105	854.26	385.08	921.71	387.03	1.62	113.09	0.46	61.95	4481.88	-3940.90	3038.83
Saccade R	1	6	5188682780	5188708885	26105	854.26	385.08	921.71	387.03	1.62	113.09	0.46	61.95	4481.88	-3940.90	3038.83
Fixation L	1	7	5188708885	5188867296	158411	945.89	388.05	32	30	-1	17.41	17.41
Fixation R	1	7	5188708885	5188867296	158411	945.89	388.05	32	30	-1	17.35	17.35
Blink L	1	1	5188870953	5189046998	176045
Blink R	1	1	5188870953	5189046998	176045
Blink L	1	2	5189065025	5189095017	29992
Blink R	1	2	5189065025	5189095017	29992
Saccade L	1	7	5189127044	5189188521	61477	420.38	513.51	409.28	522.91	12.40	470.23	0.75	201.71	13871.42	-17307.45	7497.44
Saccade R	1	7	5189127044	5189188521	61477	420.38	513.51	409.28	522.91	12.40	470.23	0.75	201.71	13871.42	-17307.45	7497.44
Fixation L	1	8	5189188521	5189393265	204744	397.82	517.80	45	38	-1	16.87	16.87
Fixation R	1	8	5189188521	5189393265	204744	397.82	517.80	45	38	-1	7.21	7.21
Blink R	1	3	5189393265	5189469811	76546
Blink R	1	4	5189469811	5189527230	57419
Blink R	1	5	5189531232	5189693339	162107
Fixation L	1	9	5189543228	5189661506	118278	369.56	491.36	30	32	-1	16.09	16.09
Blink L	1	3	5189661506	5190289446	627940
Fixation R	1	9	5189693339	5190071458	378119	0.00	0.00	0	0	-1	0.00	0.00
Saccade R	1	8	5190071458	5190289446	217988	0.00	0.00	348.90	382.87	100.75	1003.55	0.95	462.18	38107.69	-37617.99	26424.11
Saccade L	1	8	5190315448	5190353525	38077	357.76	380.04	374.91	448.64	1.85	87.69	0.53	48.50	2935.86	-3109.85	2163.22
Saccade R	1	9	5190315448	5190353525	38077	357.76	380.04	374.91	448.64	1.85	87.69	0.53	48.50	2935.86	-3109.85	2163.22
Fixation L	1	10	5190353525	5190667903	314378	362.12	475.86	63	65	-1	16.17	16.17
Fixation R	1	10	5190353525	5190667903	314378	362.12	475.86	63	65	-1	10.51	10.51
UserEvent	1	80	5190525443	# Message: UE-mouseclick left x=367 y=437
Saccade L	1	9	5190667903	5190727249	59346	335.44	513.18	363.92	462.33	2.15	56.45	0.61	36.18	1482.39	-1975.96	1296.63
Blink R	1	6	5190667903	5190857682	189779
Fixation L	1	11	5190727249	5190809008	81759	352.13	474.98	19	23	-1	16.19	16.19
Saccade L	1	10	5190809008	5190857682	48674	344.26	486.27	377.05	568.49	2.50	81.71	0.40	51.38	3267.56	-2788.89	2147.97
Fixation L	1	12	5190857682	5190913676	55994	370.70	560.35	27	13	-1	16.27	16.27
Fixation R	1	11	5190857682	5190913676	55994	370.70	560.35	27	13	-1	0.00	0.00
Saccade L	1	11	5190913676	5190939854	26178	388.85	555.21	365.74	538.45	0.78	42.91	0.70	29.98	5643.85	-909.52	766.52
Blink R	1	7	5190913676	5190973789	60113
Fixation L	1	13	5190939854	5191357907	418053	19.24	28.81	377	548	-1	0.86	0.86
Fixation R	1	12	5190973789	5191357907	384118	0.00	0.00	0	0	-1	0.00	0.00
UserEvent	1	102	5191357390	# Message: UE-mouseclick left x=399 y=524
