[BeGaze]
Converted from:	C:\Program Files\SMI\Experiment Suite 360\Experiment Center 2\Results\RC-Attachment-Exp\P15-eye_data.idf
Date:	18.03.2012 20:11:18
Version:	BeGaze 3.0.181
Sample Rate:	500
Subject:	P15
Description:	Run20

Table Header for Fixations:
Event Type	Trial	Number	Start	End	Duration	Location X	Location Y	Dispersion X	Dispersion Y	Plane	Avg. Pupil Size X	Avg. Pupil Size Y

Table Header for Saccades:
Event Type	Trial	Number	Start	End	Duration	Start Loc.X	Start Loc.Y	End Loc.X	End Loc.Y	Amplitude	Peak Speed	Peak Speed At	Average Speed	Peak Accel.	Peak Decel.	Average Accel.

Table Header for Blinks:
Event Type	Trial	Number	Start	End	Duration

Table Header for User Events:
Event Type	Trial	Number	Start	Description

UserEvent	1	1	2342284510	# Message: Questionnaire2.jpg
Fixation L	1	1	2342287325	2342619789	332464	864.24	947.57	27	30	-1	13.54	13.54
Fixation R	1	1	2342287325	2342619789	332464	864.24	947.57	27	30	-1	13.37	13.37
Saccade L	1	1	2342619789	2342703408	83619	869.63	934.95	467.17	387.61	17.32	487.72	0.47	207.16	15835.56	-11825.91	9135.05
Saccade R	1	1	2342619789	2342703408	83619	869.63	934.95	467.17	387.61	17.32	487.72	0.47	207.16	15835.56	-11825.91	9135.05
Saccade L	1	2	2342709234	2342749246	40012	468.68	384.33	517.10	417.50	1.25	43.39	0.25	31.13	1107.49	-824.93	648.72
Saccade R	1	2	2342709234	2342749246	40012	468.68	384.33	517.10	417.50	1.25	43.39	0.25	31.13	1107.49	-824.93	648.72
Saccade L	1	3	2342759393	2342803365	43972	517.10	424.69	460.09	338.06	2.43	111.10	0.36	55.17	4289.43	-3879.53	2504.02
Saccade R	1	3	2342759393	2342803365	43972	517.10	424.69	460.09	338.06	2.43	111.10	0.36	55.17	4289.43	-3879.53	2504.02
Fixation L	1	2	2342803365	2343043469	240104	457.07	325.34	33	29	-1	13.18	13.18
Fixation R	1	2	2342803365	2343043469	240104	457.07	325.34	33	29	-1	12.49	12.49
Saccade L	1	4	2343043469	2343095471	52002	461.23	337.99	559.41	343.26	2.21	58.62	0.23	42.41	2280.70	-1579.49	1289.05
Saccade R	1	4	2343043469	2343095471	52002	461.23	337.99	559.41	343.26	2.21	58.62	0.23	42.41	2280.70	-1579.49	1289.05
Fixation L	1	3	2343095471	2343223465	127994	554.48	334.58	16	18	-1	13.81	13.81
Fixation R	1	3	2343095471	2343223465	127994	554.48	334.58	16	18	-1	13.26	13.26
Saccade L	1	5	2343223465	2343273591	50126	551.35	331.72	438.46	361.08	2.66	111.65	0.36	53.01	4326.37	-3477.80	2505.65
Saccade R	1	5	2343223465	2343273591	50126	551.35	331.72	438.46	361.08	2.66	111.65	0.36	53.01	4326.37	-3477.80	2505.65
Fixation L	1	4	2343273591	2343635710	362119	441.69	360.69	27	38	-1	14.26	14.26
Fixation R	1	4	2343273591	2343635710	362119	441.69	360.69	27	38	-1	13.75	13.75
Saccade L	1	6	2343635710	2343675703	39993	443.73	380.15	514.05	389.25	1.58	71.68	0.30	39.46	2678.48	-2018.82	1504.10
Saccade R	1	6	2343635710	2343675703	39993	443.73	380.15	514.05	389.25	1.58	71.68	0.30	39.46	2678.48	-2018.82	1504.10
Fixation L	1	5	2343675703	2343789698	113995	519.96	379.72	9	18	-1	14.68	14.68
Fixation R	1	5	2343675703	2343789698	113995	519.96	379.72	9	18	-1	14.15	14.15
Saccade L	1	7	2343789698	2343839742	50044	514.55	377.43	619.04	363.80	2.34	81.87	0.36	46.74	3384.06	-2347.14	1844.87
Saccade R	1	7	2343789698	2343839742	50044	514.55	377.43	619.04	363.80	2.34	81.87	0.36	46.74	3384.06	-2347.14	1844.87
Fixation L	1	6	2343839742	2344207931	368189	637.54	359.07	49	32	-1	14.61	14.61
Fixation R	1	6	2343839742	2344207931	368189	637.54	359.07	49	32	-1	14.20	14.20
Saccade L	1	8	2344207931	2344252131	44200	654.71	355.53	751.70	359.37	2.15	81.59	0.31	48.54	3485.39	-2184.67	1983.90
Saccade R	1	8	2344207931	2344252131	44200	654.71	355.53	751.70	359.37	2.15	81.59	0.31	48.54	3485.39	-2184.67	1983.90
Fixation L	1	7	2344252131	2344374052	121921	746.35	355.84	19	12	-1	14.29	14.29
Fixation R	1	7	2344252131	2344374052	121921	746.35	355.84	19	12	-1	13.90	13.90
Saccade L	1	9	2344374052	2344412091	38039	738.21	359.44	806.74	361.68	1.47	56.63	0.32	38.61	2441.34	-1616.71	1446.11
Saccade R	1	9	2344374052	2344412091	38039	738.21	359.44	806.74	361.68	1.47	56.63	0.32	38.61	2441.34	-1616.71	1446.11
Fixation L	1	8	2344412091	2344573663	161572	809.52	360.14	18	20	-1	14.25	14.25
Fixation R	1	8	2344412091	2344573663	161572	809.52	360.14	18	20	-1	13.77	13.77
Saccade L	1	10	2344573663	2344604055	30392	802.66	375.70	849.67	380.49	0.97	49.05	0.34	32.00	1428.40	-1330.67	973.47
Saccade R	1	10	2344573663	2344604055	30392	802.66	375.70	849.67	380.49	0.97	49.05	0.34	32.00	1428.40	-1330.67	973.47
Fixation L	1	9	2344604055	2344760171	156116	859.02	384.99	23	16	-1	14.37	14.37
Fixation R	1	9	2344604055	2344760171	156116	859.02	384.99	23	16	-1	13.76	13.76
Saccade L	1	11	2344760171	2344798174	38003	839.71	382.46	921.26	373.71	1.70	83.48	0.26	44.86	2766.84	-2483.31	1791.91
Saccade R	1	11	2344760171	2344798174	38003	839.71	382.46	921.26	373.71	1.70	83.48	0.26	44.86	2766.84	-2483.31	1791.91
Fixation L	1	10	2344798174	2344922448	124274	929.76	366.89	14	16	-1	14.31	14.31
Fixation R	1	10	2344798174	2344922448	124274	929.76	366.89	14	16	-1	13.88	13.88
Saccade L	1	12	2344922448	2344966290	43842	929.13	366.81	1034.13	361.70	2.24	74.42	0.54	51.12	2756.47	-2582.58	1925.84
Saccade R	1	12	2344922448	2344966290	43842	929.13	366.81	1034.13	361.70	2.24	74.42	0.54	51.12	2756.47	-2582.58	1925.84
Fixation L	1	11	2344966290	2345242419	276129	1045.00	360.75	40	17	-1	14.45	14.45
Fixation R	1	11	2344966290	2345242419	276129	1045.00	360.75	40	17	-1	14.02	14.02
Blink L	1	1	2345242419	2345448537	206118
Blink R	1	1	2345242419	2345448537	206118
Saccade L	1	13	2345457379	2345480524	23145	479.97	515.40	460.87	481.16	0.83	53.29	0.40	35.92	846.37	-2045.28	1025.11
Saccade R	1	13	2345457379	2345480524	23145	479.97	515.40	460.87	481.16	0.83	53.29	0.40	35.92	846.37	-2045.28	1025.11
Fixation L	1	12	2345480524	2345794636	314112	440.08	498.39	35	36	-1	15.20	15.20
Fixation R	1	12	2345480524	2345794636	314112	440.08	498.39	35	36	-1	14.43	14.43
Blink L	1	2	2345794636	2345958975	164339
Blink R	1	2	2345794636	2345958975	164339
Saccade L	1	14	2345958975	2346009117	50142	595.00	439.32	467.17	534.05	4.70	208.87	0.27	93.65	5363.52	-9277.83	4072.59
Saccade R	1	14	2345958975	2346009117	50142	595.00	439.32	467.17	534.05	4.70	208.87	0.27	93.65	5363.52	-9277.83	4072.59
Blink L	1	3	2346017041	2346235339	218298
Blink R	1	3	2346017041	2346235339	218298
Fixation L	1	13	2346235339	2348430245	2194906	414.94	528.35	63	92	-1	14.58	14.58
Fixation R	1	13	2346235339	2348430245	2194906	414.94	528.35	63	92	-1	14.11	14.11
UserEvent	1	138	2347745423	# Message: UE-mouseclick left x=372 y=473
UserEvent	1	153	2348353404	# Message: UE-mouseclick left x=386 y=524
