[BeGaze]
Converted from:	C:\Program Files\SMI\Experiment Suite 360\Experiment Center 2\Results\RC-Attachment-Exp\P29-eye_data.idf
Date:	18.03.2012 20:25:05
Version:	BeGaze 3.0.181
Sample Rate:	500
Subject:	P29
Description:	Run34

Table Header for Fixations:
Event Type	Trial	Number	Start	End	Duration	Location X	Location Y	Dispersion X	Dispersion Y	Plane	Avg. Pupil Size X	Avg. Pupil Size Y

Table Header for Saccades:
Event Type	Trial	Number	Start	End	Duration	Start Loc.X	Start Loc.Y	End Loc.X	End Loc.Y	Amplitude	Peak Speed	Peak Speed At	Average Speed	Peak Accel.	Peak Decel.	Average Accel.

Table Header for Blinks:
Event Type	Trial	Number	Start	End	Duration

Table Header for User Events:
Event Type	Trial	Number	Start	Description

UserEvent	1	1	3598407658	# Message: Dist-orthm-30.jpg
Fixation L	1	1	3598410243	3598789235	378992	470.61	440.12	34	30	-1	10.46	10.46
Fixation R	1	1	3598410243	3598789235	378992	470.61	440.12	34	30	-1	10.55	10.55
Saccade L	1	1	3598789235	3598813699	24464	455.03	455.63	584.37	437.06	2.58	186.91	0.43	105.34	8026.73	-8005.93	5804.33
Saccade R	1	1	3598789235	3598813699	24464	455.03	455.63	584.37	437.06	2.58	186.91	0.43	105.34	8026.73	-8005.93	5804.33
Fixation L	1	2	3598813699	3598994111	180412	586.40	439.45	21	37	-1	10.36	10.36
Fixation R	1	2	3598813699	3598994111	180412	586.40	439.45	21	37	-1	10.63	10.63
Saccade L	1	2	3598994111	3599017851	23740	589.74	457.73	669.96	442.77	1.71	131.17	0.41	72.10	5223.51	-5195.42	3633.33
Saccade R	1	2	3598994111	3599017851	23740	589.74	457.73	669.96	442.77	1.71	131.17	0.41	72.10	5223.51	-5195.42	3633.33
Fixation L	1	3	3599017851	3599353938	336087	672.86	436.74	30	31	-1	10.28	10.28
Fixation R	1	3	3599017851	3599353938	336087	672.86	436.74	30	31	-1	10.60	10.60
Saccade L	1	3	3599353938	3599387948	34010	675.46	432.96	773.28	426.99	2.13	120.53	0.35	62.58	5234.78	-4476.55	3385.19
Saccade R	1	3	3599353938	3599387948	34010	675.46	432.96	773.28	426.99	2.13	120.53	0.35	62.58	5234.78	-4476.55	3385.19
Fixation L	1	4	3599387948	3599628059	240111	775.71	446.55	14	41	-1	10.08	10.08
Fixation R	1	4	3599387948	3599628059	240111	775.71	446.55	14	41	-1	10.26	10.26
Saccade L	1	4	3599628059	3599654055	25996	775.01	451.27	682.80	449.00	1.96	135.46	0.54	75.50	5712.76	-5691.33	4138.61
Saccade R	1	4	3599628059	3599654055	25996	775.01	451.27	682.80	449.00	1.96	135.46	0.54	75.50	5712.76	-5691.33	4138.61
Fixation L	1	5	3599654055	3599882182	228127	678.71	451.62	32	20	-1	10.02	10.02
Fixation R	1	5	3599654055	3599882182	228127	678.71	451.62	32	20	-1	10.31	10.31
Saccade L	1	5	3599882182	3599914577	32395	664.71	459.09	820.57	449.27	3.44	214.09	0.43	106.24	9151.33	-8495.17	6388.83
Saccade R	1	5	3599882182	3599914577	32395	664.71	459.09	820.57	449.27	3.44	214.09	0.43	106.24	9151.33	-8495.17	6388.83
Fixation L	1	6	3599914577	3600152481	237904	828.96	441.84	21	25	-1	10.15	10.15
Fixation R	1	6	3599914577	3600152481	237904	828.96	441.84	21	25	-1	10.46	10.46
Saccade L	1	6	3600152481	3600182304	29823	831.29	440.75	970.12	430.24	3.07	212.08	0.46	102.80	8967.93	-8742.01	6459.50
Saccade R	1	6	3600152481	3600182304	29823	831.29	440.75	970.12	430.24	3.07	212.08	0.46	102.80	8967.93	-8742.01	6459.50
Fixation L	1	7	3600182304	3600456423	274119	981.97	425.63	26	30	-1	10.17	10.17
Fixation R	1	7	3600182304	3600456423	274119	981.97	425.63	26	30	-1	10.51	10.51
Saccade L	1	7	3600456423	3600484456	28033	975.92	439.07	1073.18	433.55	2.20	145.13	0.51	78.53	5956.98	-5790.00	4218.92
Saccade R	1	7	3600456423	3600484456	28033	975.92	439.07	1073.18	433.55	2.20	145.13	0.51	78.53	5956.98	-5790.00	4218.92
Fixation L	1	8	3600484456	3600644542	160086	1073.34	427.42	16	22	-1	10.06	10.06
Fixation R	1	8	3600484456	3600644542	160086	1073.34	427.42	16	22	-1	10.40	10.40
Saccade L	1	8	3600644542	3600668542	24000	1067.00	436.89	937.39	436.70	2.74	230.87	0.50	114.25	8943.71	-8800.75	6185.41
Saccade R	1	8	3600644542	3600668542	24000	1067.00	436.89	937.39	436.70	2.74	230.87	0.50	114.25	8943.71	-8800.75	6185.41
Fixation L	1	9	3600668542	3601082660	414118	940.85	440.85	29	14	-1	10.14	10.14
Fixation R	1	9	3600668542	3601082660	414118	940.85	440.85	29	14	-1	10.36	10.36
Saccade L	1	9	3601082660	3601108668	26008	948.85	447.50	1073.96	434.79	2.71	202.99	0.54	104.06	8518.69	-8058.50	5953.93
Saccade R	1	9	3601082660	3601108668	26008	948.85	447.50	1073.96	434.79	2.71	202.99	0.54	104.06	8518.69	-8058.50	5953.93
Fixation L	1	10	3601108668	3601418903	310235	1087.14	432.64	36	26	-1	10.17	10.17
Fixation R	1	10	3601108668	3601418903	310235	1087.14	432.64	36	26	-1	10.49	10.49
Saccade L	1	10	3601418903	3601441023	22120	1086.98	425.58	1143.86	420.61	1.15	92.33	0.49	52.03	3577.63	-3623.73	2436.21
Saccade R	1	10	3601418903	3601441023	22120	1086.98	425.58	1143.86	420.61	1.15	92.33	0.49	52.03	3577.63	-3623.73	2436.21
Fixation L	1	11	3601441023	3602205268	764245	1146.89	412.00	30	37	-1	10.21	10.21
Fixation R	1	11	3601441023	3602205268	764245	1146.89	412.00	30	37	-1	10.58	10.58
Fixation L	1	12	3602225298	3603078258	852960	1049.79	594.75	266	560	-1	10.63	10.63
Fixation R	1	12	3602225298	3602747376	522078	1123.62	425.10	60	49	-1	10.81	10.81
Saccade R	1	11	3602747376	3602853511	106135	1147.89	442.76	911.73	918.67	12.56	232.36	0.53	118.37	8760.33	-7896.01	3455.12
Fixation R	1	13	3602853511	3603078258	224747	908.09	941.62	43	44	-1	10.94	10.94
Saccade L	1	11	3603078258	3603103778	25520	903.80	953.85	927.99	931.35	0.78	41.13	0.45	30.47	1662.52	-1615.32	1150.85
Saccade R	1	12	3603078258	3603103778	25520	903.80	953.85	927.99	931.35	0.78	41.13	0.45	30.47	1662.52	-1615.32	1150.85
Fixation L	1	13	3603103778	3604072110	968332	923.78	925.80	49	41	-1	10.79	10.79
Fixation R	1	14	3603103778	3604072110	968332	923.78	925.80	49	41	-1	10.95	10.95
Saccade L	1	12	3604072110	3604102111	30001	950.16	919.71	911.67	920.36	0.87	42.06	0.53	28.92	1238.37	-1286.37	905.07
Saccade R	1	13	3604072110	3604102111	30001	950.16	919.71	911.67	920.36	0.87	42.06	0.53	28.92	1238.37	-1286.37	905.07
Fixation L	1	14	3604102111	3604164276	62165	912.12	926.69	22	12	-1	10.97	10.97
Fixation R	1	15	3604102111	3604164276	62165	912.12	926.69	22	12	-1	11.22	11.22
