[BeGaze]
Converted from:	C:\Program Files\SMI\Experiment Suite 360\Experiment Center 2\Results\RC-Attachment-Exp\P32-eye_data.idf
Date:	18.03.2012 20:27:57
Version:	BeGaze 3.0.181
Sample Rate:	500
Subject:	P32
Description:	Run37

Table Header for Fixations:
Event Type	Trial	Number	Start	End	Duration	Location X	Location Y	Dispersion X	Dispersion Y	Plane	Avg. Pupil Size X	Avg. Pupil Size Y

Table Header for Saccades:
Event Type	Trial	Number	Start	End	Duration	Start Loc.X	Start Loc.Y	End Loc.X	End Loc.Y	Amplitude	Peak Speed	Peak Speed At	Average Speed	Peak Accel.	Peak Decel.	Average Accel.

Table Header for Blinks:
Event Type	Trial	Number	Start	End	Duration

Table Header for User Events:
Event Type	Trial	Number	Start	Description

UserEvent	1	1	5732663653	# Message: RC-N1forced-nonanim-1.jpg
Fixation L	1	1	5732664713	5733589029	924316	496.85	441.39	31	51	-1	14.91	14.91
Fixation R	1	1	5732664713	5733589029	924316	496.85	441.39	31	51	-1	15.49	15.49
Saccade L	1	1	5733589029	5733623138	34109	506.20	448.54	580.27	440.30	1.61	83.53	0.35	47.12	3440.57	-2856.44	2200.20
Saccade R	1	1	5733589029	5733623138	34109	506.20	448.54	580.27	440.30	1.61	83.53	0.35	47.12	3440.57	-2856.44	2200.20
Fixation L	1	2	5733623138	5733701147	78009	580.40	439.76	34	12	-1	15.51	15.51
Fixation R	1	2	5733623138	5733701147	78009	580.40	439.76	34	12	-1	16.14	16.14
Saccade L	1	2	5733701147	5733723136	21989	598.99	432.53	562.50	427.60	0.71	46.23	0.45	32.46	1265.06	-1151.44	901.85
Saccade R	1	2	5733701147	5733723136	21989	598.99	432.53	562.50	427.60	0.71	46.23	0.45	32.46	1265.06	-1151.44	901.85
Fixation L	1	3	5733723136	5733967289	244153	595.61	435.77	59	27	-1	15.80	15.80
Fixation R	1	3	5733723136	5733967289	244153	595.61	435.77	59	27	-1	16.20	16.20
Saccade L	1	3	5733967289	5733999246	31957	609.89	425.27	695.52	438.80	1.76	93.76	0.37	55.23	3749.04	-3195.97	2427.67
Saccade R	1	3	5733967289	5733999246	31957	609.89	425.27	695.52	438.80	1.76	93.76	0.37	55.23	3749.04	-3195.97	2427.67
Fixation L	1	4	5733999246	5734103836	104590	691.17	432.02	26	19	-1	15.78	15.78
Fixation R	1	4	5733999246	5734103836	104590	691.17	432.02	26	19	-1	16.43	16.43
Fixation L	1	5	5734121310	5734767609	646299	662.02	435.98	40	42	-1	15.56	15.56
Fixation R	1	5	5734121310	5734767609	646299	662.02	435.98	40	42	-1	16.10	16.10
Saccade L	1	4	5734767609	5734799602	31993	645.31	430.14	597.49	450.23	1.30	67.12	0.44	40.78	2609.48	-2268.85	1743.32
Saccade R	1	4	5734767609	5734799602	31993	645.31	430.14	597.49	450.23	1.30	67.12	0.44	40.78	2609.48	-2268.85	1743.32
Fixation L	1	6	5734799602	5735189713	390111	599.05	440.62	41	25	-1	15.68	15.68
Fixation R	1	6	5734799602	5735189713	390111	599.05	440.62	41	25	-1	16.23	16.23
Saccade L	1	5	5735189713	5735222406	32693	612.32	435.17	676.90	419.31	1.44	73.30	0.43	44.13	2974.36	-2759.84	2099.98
Saccade R	1	5	5735189713	5735222406	32693	612.32	435.17	676.90	419.31	1.44	73.30	0.43	44.13	2974.36	-2759.84	2099.98
Fixation L	1	7	5735222406	5735349139	126733	678.36	421.15	12	11	-1	15.77	15.77
Fixation R	1	7	5735222406	5735349139	126733	678.36	421.15	12	11	-1	16.47	16.47
Saccade L	1	6	5735349139	5735381830	32691	686.31	421.84	748.66	429.57	1.30	66.93	0.33	39.75	2647.46	-2073.89	1635.24
Saccade R	1	6	5735349139	5735381830	32691	686.31	421.84	748.66	429.57	1.30	66.93	0.33	39.75	2647.46	-2073.89	1635.24
Saccade L	1	7	5735409872	5735433829	23957	764.93	420.34	752.19	454.08	0.74	41.16	0.50	30.85	1085.42	-1644.25	974.98
Saccade R	1	7	5735409872	5735433829	23957	764.93	420.34	752.19	454.08	0.74	41.16	0.50	30.85	1085.42	-1644.25	974.98
Fixation L	1	8	5735433829	5735536015	102186	750.45	449.72	15	20	-1	15.54	15.54
Fixation R	1	8	5735433829	5735536015	102186	750.45	449.72	15	20	-1	16.21	16.21
Blink L	1	1	5735536015	5735686484	150469
Blink R	1	1	5735536015	5735686484	150469
Saccade L	1	8	5735686484	5735710015	23531	718.59	421.99	896.84	404.71	3.71	283.55	0.59	157.74	6260.48	-7039.80	4154.32
Saccade R	1	8	5735686484	5735710015	23531	718.59	421.99	896.84	404.71	3.71	283.55	0.59	157.74	6260.48	-7039.80	4154.32
Saccade L	1	9	5735710015	5735742131	32116	896.84	404.71	792.45	431.58	2.41	154.70	0.49	75.03	1228.50	-5691.19	3150.40
Saccade R	1	9	5735710015	5735742131	32116	896.84	404.71	792.45	431.58	2.41	154.70	0.49	75.03	1228.50	-5691.19	3150.40
Fixation L	1	9	5735742131	5735806084	63953	802.32	436.52	16	7	-1	15.48	15.48
Fixation R	1	9	5735742131	5735806084	63953	802.32	436.52	16	7	-1	15.75	15.75
Saccade L	1	10	5735806084	5735834058	27974	799.70	436.86	744.17	428.49	1.19	70.96	0.43	42.46	2669.94	-2477.06	1840.77
Saccade R	1	10	5735806084	5735834058	27974	799.70	436.86	744.17	428.49	1.19	70.96	0.43	42.46	2669.94	-2477.06	1840.77
Fixation L	1	10	5735834058	5736500594	666536	744.31	432.53	35	35	-1	15.38	15.38
Fixation R	1	10	5735834058	5736500594	666536	744.31	432.53	35	35	-1	15.89	15.89
Saccade L	1	11	5736500594	5736531791	31197	752.21	431.26	818.59	439.40	1.49	80.39	0.38	47.69	3078.37	-3249.79	2275.84
Saccade R	1	11	5736500594	5736531791	31197	752.21	431.26	818.59	439.40	1.49	80.39	0.38	47.69	3078.37	-3249.79	2275.84
Fixation L	1	11	5736531791	5737250649	718858	815.76	421.82	29	44	-1	15.27	15.27
Fixation R	1	11	5736531791	5737250649	718858	815.76	421.82	29	44	-1	15.76	15.76
Saccade L	1	12	5737250649	5737278783	28134	809.89	422.61	893.42	434.76	1.91	121.68	0.46	67.87	5090.42	-4915.00	3575.25
Saccade R	1	12	5737250649	5737278783	28134	809.89	422.61	893.42	434.76	1.91	121.68	0.46	67.87	5090.42	-4915.00	3575.25
Fixation L	1	12	5737278783	5737550853	272070	888.07	414.84	22	41	-1	15.36	15.36
Fixation R	1	12	5737278783	5737550853	272070	888.07	414.84	22	41	-1	15.76	15.76
Saccade L	1	13	5737550853	5737578764	27911	883.25	418.81	927.21	417.48	0.91	44.10	0.43	32.68	1685.06	-1607.88	1155.96
Saccade R	1	13	5737550853	5737578764	27911	883.25	418.81	927.21	417.48	0.91	44.10	0.43	32.68	1685.06	-1607.88	1155.96
Fixation L	1	13	5737578764	5737751030	172266	930.59	422.75	7	15	-1	15.50	15.50
Fixation R	1	13	5737578764	5737751030	172266	930.59	422.75	7	15	-1	15.80	15.80
Saccade L	1	14	5737751030	5737790887	39857	934.37	431.62	1014.79	427.61	1.85	76.19	0.45	46.30	3138.48	-2614.21	2120.85
Saccade R	1	14	5737751030	5737790887	39857	934.37	431.62	1014.79	427.61	1.85	76.19	0.45	46.30	3138.48	-2614.21	2120.85
Fixation L	1	14	5737790887	5738021003	230116	1005.72	424.19	24	23	-1	15.29	15.29
Fixation R	1	14	5737790887	5738021003	230116	1005.72	424.19	24	23	-1	15.61	15.61
Saccade L	1	15	5738021003	5738042989	21986	994.59	414.54	1027.16	423.35	0.71	45.41	0.59	32.23	1663.30	-1214.06	1047.90
Saccade R	1	15	5738021003	5738042989	21986	994.59	414.54	1027.16	423.35	0.71	45.41	0.59	32.23	1663.30	-1214.06	1047.90
Fixation L	1	15	5738042989	5738271275	228286	1015.72	438.89	23	25	-1	15.09	15.09
Fixation R	1	15	5738042989	5738271275	228286	1015.72	438.89	23	25	-1	15.51	15.51
Saccade L	1	16	5738271275	5738305783	34508	1011.70	429.96	1116.05	426.75	2.24	131.69	0.34	64.88	5412.69	-4751.93	3477.98
Saccade R	1	16	5738271275	5738305783	34508	1011.70	429.96	1116.05	426.75	2.24	131.69	0.34	64.88	5412.69	-4751.93	3477.98
Fixation L	1	16	5738305783	5738521237	215454	1128.50	418.11	48	20	-1	14.87	14.87
Fixation R	1	16	5738305783	5738521237	215454	1128.50	418.11	48	20	-1	15.31	15.31
Saccade L	1	17	5738521237	5738588828	67591	1141.52	404.28	787.25	432.26	9.00	307.61	0.34	133.10	13024.93	-11614.93	7087.90
Saccade R	1	17	5738521237	5738588828	67591	1141.52	404.28	787.25	432.26	9.00	307.61	0.34	133.10	13024.93	-11614.93	7087.90
Fixation L	1	17	5738588828	5738755346	166518	558.27	336.16	1821	810	-1	11.80	11.80
Fixation R	1	17	5738588828	5738649227	60399	787.29	435.60	15	4	-1	14.97	14.97
Blink R	1	2	5738649227	5738857352	208125
Fixation L	1	18	5738871152	5738989692	118540	536.27	426.52	18	36	-1	14.72	14.72
Fixation R	1	18	5738871152	5738989692	118540	536.27	426.52	18	36	-1	14.73	14.73
Saccade L	1	18	5738989692	5739033670	43978	535.92	434.35	600.22	445.51	1.51	50.07	0.36	34.37	2137.99	-1259.01	1205.39
Saccade R	1	18	5738989692	5739033670	43978	535.92	434.35	600.22	445.51	1.51	50.07	0.36	34.37	2137.99	-1259.01	1205.39
Fixation L	1	19	5739033670	5739583787	550117	641.92	436.43	87	43	-1	15.32	15.32
Fixation R	1	19	5739033670	5739583787	550117	641.92	436.43	87	43	-1	15.95	15.95
Saccade L	1	19	5739583787	5739645688	61901	677.48	455.02	864.95	916.06	11.76	393.37	0.49	190.01	13192.48	-15671.17	9599.46
Saccade R	1	19	5739583787	5739645688	61901	677.48	455.02	864.95	916.06	11.76	393.37	0.49	190.01	13192.48	-15671.17	9599.46
Fixation L	1	20	5739645688	5739782417	136729	863.25	913.37	22	28	-1	15.44	15.44
Fixation R	1	20	5739645688	5739782417	136729	863.25	913.37	22	28	-1	16.04	16.04
Saccade L	1	20	5739782417	5739817818	35401	870.06	914.19	925.07	943.39	1.27	52.99	0.32	35.99	1957.42	-1378.07	1201.58
Saccade R	1	20	5739782417	5739817818	35401	870.06	914.19	925.07	943.39	1.27	52.99	0.32	35.99	1957.42	-1378.07	1201.58
Fixation L	1	21	5739817818	5740384443	566625	920.39	949.84	61	84	-1	15.15	15.15
Fixation R	1	21	5739817818	5740384443	566625	920.39	949.84	61	84	-1	15.86	15.86
