[BeGaze]
Converted from:	C:\Program Files\SMI\Experiment Suite 360\Experiment Center 2\Results\RC-Attachment-Exp\P30-eye_data.idf
Date:	18.03.2012 20:26:05
Version:	BeGaze 3.0.181
Sample Rate:	500
Subject:	P30
Description:	Run35

Table Header for Fixations:
Event Type	Trial	Number	Start	End	Duration	Location X	Location Y	Dispersion X	Dispersion Y	Plane	Avg. Pupil Size X	Avg. Pupil Size Y

Table Header for Saccades:
Event Type	Trial	Number	Start	End	Duration	Start Loc.X	Start Loc.Y	End Loc.X	End Loc.Y	Amplitude	Peak Speed	Peak Speed At	Average Speed	Peak Accel.	Peak Decel.	Average Accel.

Table Header for Blinks:
Event Type	Trial	Number	Start	End	Duration

Table Header for User Events:
Event Type	Trial	Number	Start	Description

UserEvent	1	1	4236752111	# Message: RC-N2forced-nonanim-4.jpg
Fixation L	1	1	4236753021	4237435369	682348	476.99	430.85	29	43	-1	13.48	13.48
Fixation R	1	1	4236753021	4237435369	682348	476.99	430.85	29	43	-1	12.64	12.64
Saccade L	1	1	4237435369	4237459388	24019	485.83	432.03	550.14	451.71	1.46	112.52	0.58	60.97	4800.00	-4243.03	3171.82
Saccade R	1	1	4237435369	4237459388	24019	485.83	432.03	550.14	451.71	1.46	112.52	0.58	60.97	4800.00	-4243.03	3171.82
Fixation L	1	2	4237459388	4237637541	178153	555.34	442.59	15	17	-1	13.68	13.68
Fixation R	1	2	4237459388	4237637541	178153	555.34	442.59	15	17	-1	13.10	13.10
Saccade L	1	2	4237637541	4237659470	21929	555.55	433.94	602.12	439.86	0.99	73.20	0.45	45.18	2953.28	-2732.43	1948.63
Saccade R	1	2	4237637541	4237659470	21929	555.55	433.94	602.12	439.86	0.99	73.20	0.45	45.18	2953.28	-2732.43	1948.63
Fixation L	1	3	4237659470	4238121744	462274	611.07	437.01	27	33	-1	13.61	13.61
Fixation R	1	3	4237659470	4238121744	462274	611.07	437.01	27	33	-1	13.01	13.01
Saccade L	1	3	4238121744	4238151749	30005	597.12	445.13	741.40	432.63	3.06	187.96	0.53	101.89	8069.21	-7628.33	5799.74
Saccade R	1	3	4238121744	4238151749	30005	597.12	445.13	741.40	432.63	3.06	187.96	0.53	101.89	8069.21	-7628.33	5799.74
Fixation L	1	4	4238151749	4238567834	416085	737.65	429.80	22	24	-1	13.80	13.80
Fixation R	1	4	4238151749	4238567834	416085	737.65	429.80	22	24	-1	13.38	13.38
Saccade L	1	4	4238567834	4238593958	26124	746.82	437.65	863.03	432.82	2.49	181.15	0.54	95.32	7547.49	-6911.98	5239.37
Saccade R	1	4	4238567834	4238593958	26124	746.82	437.65	863.03	432.82	2.49	181.15	0.54	95.32	7547.49	-6911.98	5239.37
Fixation L	1	5	4238593958	4238769984	176026	861.74	436.70	24	8	-1	13.98	13.98
Fixation R	1	5	4238593958	4238769984	176026	861.74	436.70	24	8	-1	13.37	13.37
Saccade L	1	5	4238769984	4238793956	23972	872.27	439.66	966.01	432.39	1.92	147.41	0.58	80.23	5925.95	-5334.72	3862.72
Saccade R	1	5	4238769984	4238793956	23972	872.27	439.66	966.01	432.39	1.92	147.41	0.58	80.23	5925.95	-5334.72	3862.72
Fixation L	1	6	4238793956	4239040119	246163	952.95	425.83	21	16	-1	13.79	13.79
Fixation R	1	6	4238793956	4239040119	246163	952.95	425.83	21	16	-1	13.29	13.29
Saccade L	1	6	4239040119	4239066114	25995	946.45	427.95	1070.59	426.75	2.51	193.64	0.46	96.55	7440.50	-7360.09	5353.75
Saccade R	1	6	4239040119	4239066114	25995	946.45	427.95	1070.59	426.75	2.51	193.64	0.46	96.55	7440.50	-7360.09	5353.75
Fixation L	1	7	4239066114	4239280195	214081	1059.18	420.98	19	27	-1	13.69	13.69
Fixation R	1	7	4239066114	4239280195	214081	1059.18	420.98	19	27	-1	13.20	13.20
Saccade L	1	7	4239280195	4239302198	22003	1054.03	419.00	1002.66	432.80	1.12	91.28	0.46	51.10	3637.62	-3500.37	2459.35
Saccade R	1	7	4239280195	4239302198	22003	1054.03	419.00	1002.66	432.80	1.12	91.28	0.46	51.10	3637.62	-3500.37	2459.35
Fixation L	1	8	4239302198	4239484349	182151	1013.34	428.48	24	18	-1	13.65	13.65
Fixation R	1	8	4239302198	4239484349	182151	1013.34	428.48	24	18	-1	13.19	13.19
Saccade L	1	8	4239484349	4239512322	27973	1004.23	422.28	1161.27	423.66	3.25	219.53	0.50	116.22	9198.46	-8439.14	6365.85
Saccade R	1	8	4239484349	4239512322	27973	1004.23	422.28	1161.27	423.66	3.25	219.53	0.50	116.22	9198.46	-8439.14	6365.85
Fixation L	1	9	4239522485	4239696450	173965	1146.86	415.06	27	27	-1	13.74	13.74
Fixation R	1	9	4239522485	4239696450	173965	1146.86	415.06	27	27	-1	13.39	13.39
Saccade L	1	9	4239696450	4239792438	95988	1144.46	427.10	944.68	957.97	12.99	242.47	0.21	135.34	10540.81	-4011.81	3763.32
Saccade R	1	9	4239696450	4239792438	95988	1144.46	427.10	944.68	957.97	12.99	242.47	0.21	135.34	10540.81	-4011.81	3763.32
Fixation L	1	10	4239792438	4239952611	160173	941.62	952.05	33	23	-1	14.06	14.06
Fixation R	1	10	4239792438	4239952611	160173	941.62	952.05	33	23	-1	13.89	13.89
Saccade L	1	10	4239952611	4239984561	31950	956.71	951.81	917.05	950.67	0.97	40.16	0.69	30.41	1324.66	-1412.08	995.91
Saccade R	1	10	4239952611	4239984561	31950	956.71	951.81	917.05	950.67	0.97	40.16	0.69	30.41	1324.66	-1412.08	995.91
Fixation L	1	11	4239984561	4240302687	318126	906.38	950.41	32	26	-1	14.58	14.58
Fixation R	1	11	4239984561	4240302687	318126	906.38	950.41	32	26	-1	14.47	14.47
