[BeGaze]
Converted from:	C:\Program Files\SMI\Experiment Suite 360\Experiment Center 2\Results\RC-Attachment-Exp\P30-eye_data.idf
Date:	18.03.2012 20:25:54
Version:	BeGaze 3.0.181
Sample Rate:	500
Subject:	P30
Description:	Run35

Table Header for Fixations:
Event Type	Trial	Number	Start	End	Duration	Location X	Location Y	Dispersion X	Dispersion Y	Plane	Avg. Pupil Size X	Avg. Pupil Size Y

Table Header for Saccades:
Event Type	Trial	Number	Start	End	Duration	Start Loc.X	Start Loc.Y	End Loc.X	End Loc.Y	Amplitude	Peak Speed	Peak Speed At	Average Speed	Peak Accel.	Peak Decel.	Average Accel.

Table Header for Blinks:
Event Type	Trial	Number	Start	End	Duration

Table Header for User Events:
Event Type	Trial	Number	Start	Description

UserEvent	1	1	4147105992	# Message: RC-N2forced-nonanim-3x.jpg
Fixation L	1	1	4147106995	4147768267	661272	494.59	429.30	15	32	-1	12.97	12.97
Fixation R	1	1	4147106995	4147768267	661272	494.59	429.30	15	32	-1	12.32	12.32
Saccade L	1	1	4147768267	4147795322	27055	498.87	427.02	550.09	421.84	1.05	69.67	0.41	38.95	2817.49	-2799.61	2050.52
Saccade R	1	1	4147768267	4147795322	27055	498.87	427.02	550.09	421.84	1.05	69.67	0.41	38.95	2817.49	-2799.61	2050.52
Fixation L	1	2	4147795322	4148033441	238119	551.25	427.32	17	18	-1	13.07	13.07
Fixation R	1	2	4147795322	4148033441	238119	551.25	427.32	17	18	-1	12.42	12.42
Saccade L	1	2	4148033441	4148077446	44005	552.72	432.64	0.00	-1.51	23.02	1460.76	0.50	523.12	51891.30	-57238.16	35121.72
Blink R	1	1	4148033441	4148253558	220117
Saccade L	1	3	4148105438	4148253558	148120	0.00	0.00	633.92	432.25	37.77	1549.84	0.27	254.99	35599.96	-44525.66	9532.82
Fixation L	1	3	4148253558	4148365556	111998	630.70	447.07	17	23	-1	13.43	13.43
Fixation R	1	3	4148253558	4148365556	111998	630.70	447.07	17	23	-1	12.76	12.76
Saccade L	1	4	4148365556	4148387562	22006	640.63	449.35	671.87	457.79	0.66	46.64	0.51	30.16	1617.83	-1800.18	1182.46
Saccade R	1	2	4148365556	4148387562	22006	640.63	449.35	671.87	457.79	0.66	46.64	0.51	30.16	1617.83	-1800.18	1182.46
Fixation L	1	4	4148387562	4148570321	182759	671.70	443.97	16	36	-1	13.86	13.86
Fixation R	1	4	4148387562	4148570321	182759	671.70	443.97	16	36	-1	13.34	13.34
Saccade L	1	5	4148570321	4148627681	57360	672.89	426.74	742.25	453.20	2.77	147.66	0.23	48.37	5613.61	-4613.66	2349.65
Saccade R	1	3	4148570321	4148627681	57360	672.89	426.74	742.25	453.20	2.77	147.66	0.23	48.37	5613.61	-4613.66	2349.65
Fixation L	1	5	4148627681	4148821881	194200	749.61	439.27	21	39	-1	13.47	13.47
Fixation R	1	5	4148627681	4148821881	194200	749.61	439.27	21	39	-1	12.94	12.94
Saccade L	1	6	4148821881	4148843819	21938	751.74	415.83	831.73	413.87	1.67	144.92	0.54	76.05	5024.26	-5088.66	3214.42
Saccade R	1	4	4148821881	4148843819	21938	751.74	415.83	831.73	413.87	1.67	144.92	0.54	76.05	5024.26	-5088.66	3214.42
Fixation L	1	6	4148843819	4149165922	322103	827.68	435.16	17	40	-1	12.95	12.95
Fixation R	1	6	4148843819	4149165922	322103	827.68	435.16	17	40	-1	12.53	12.53
Saccade L	1	7	4149165922	4149193917	27995	821.89	439.40	739.96	430.95	2.04	152.49	0.59	72.95	5676.88	-5907.41	4105.35
Saccade R	1	5	4149165922	4149193917	27995	821.89	439.40	739.96	430.95	2.04	152.49	0.59	72.95	5676.88	-5907.41	4105.35
Fixation L	1	7	4149193917	4149358040	164123	739.94	427.29	10	18	-1	13.21	13.21
Fixation R	1	7	4149193917	4149358040	164123	739.94	427.29	10	18	-1	12.63	12.63
Saccade L	1	8	4149358040	4149384044	26004	738.32	428.43	847.78	419.00	2.31	182.38	0.59	88.69	7516.84	-6456.58	4967.59
Saccade R	1	6	4149358040	4149384044	26004	738.32	428.43	847.78	419.00	2.31	182.38	0.59	88.69	7516.84	-6456.58	4967.59
Fixation L	1	8	4149384044	4149657330	273286	840.84	434.11	29	34	-1	13.40	13.40
Fixation R	1	8	4149384044	4149657330	273286	840.84	434.11	29	34	-1	12.94	12.94
Saccade L	1	9	4149657330	4149680158	22828	847.73	453.41	907.31	462.22	1.24	102.24	0.56	54.36	3987.95	-3560.10	2648.11
Saccade R	1	7	4149657330	4149680158	22828	847.73	453.41	907.31	462.22	1.24	102.24	0.56	54.36	3987.95	-3560.10	2648.11
Fixation L	1	9	4149680158	4149972285	292127	906.55	441.24	19	45	-1	14.03	14.03
Fixation R	1	9	4149680158	4149972285	292127	906.55	441.24	19	45	-1	13.33	13.33
Saccade L	1	10	4149972285	4149998293	26008	910.59	425.25	853.79	425.13	1.31	91.48	0.54	50.47	3750.23	-3500.30	2543.81
Saccade R	1	8	4149972285	4149998293	26008	910.59	425.25	853.79	425.13	1.31	91.48	0.54	50.47	3750.23	-3500.30	2543.81
Fixation L	1	10	4149998293	4150196444	198151	855.57	422.71	18	22	-1	13.61	13.61
Fixation R	1	10	4149998293	4150196444	198151	855.57	422.71	18	22	-1	12.99	12.99
Saccade L	1	11	4150196444	4150232401	35957	847.47	436.50	981.24	437.79	2.96	170.44	0.44	82.29	7110.59	-7054.88	5135.25
Saccade R	1	9	4150196444	4150232401	35957	847.47	436.50	981.24	437.79	2.96	170.44	0.44	82.29	7110.59	-7054.88	5135.25
Fixation L	1	11	4150232401	4150446521	214120	971.81	433.66	18	26	-1	13.55	13.55
Fixation R	1	11	4150232401	4150446521	214120	971.81	433.66	18	26	-1	12.98	12.98
Saccade L	1	12	4150446521	4150470523	24002	971.77	441.16	1104.92	435.93	2.74	217.15	0.50	114.17	8877.72	-7767.09	5857.18
Saccade R	1	10	4150446521	4150470523	24002	971.77	441.16	1104.92	435.93	2.74	217.15	0.50	114.17	8877.72	-7767.09	5857.18
Fixation L	1	12	4150470523	4150734770	264247	1094.21	424.46	28	45	-1	13.69	13.69
Fixation R	1	12	4150470523	4150734770	264247	1094.21	424.46	28	45	-1	13.14	13.14
Saccade L	1	13	4150734770	4150758642	23872	1102.25	398.54	1161.55	406.93	1.24	93.90	0.58	51.90	3939.71	-3433.42	2562.02
Saccade R	1	11	4150734770	4150758642	23872	1102.25	398.54	1161.55	406.93	1.24	93.90	0.58	51.90	3939.71	-3433.42	2562.02
Fixation L	1	13	4150758642	4150956834	198192	1145.73	417.44	27	33	-1	13.80	13.80
Fixation R	1	13	4150758642	4150956834	198192	1145.73	417.44	27	33	-1	13.21	13.21
Saccade L	1	14	4150956834	4151076758	119924	1146.52	408.14	946.89	943.96	13.35	223.47	0.28	111.31	9187.36	-3218.41	2984.39
Saccade R	1	12	4150956834	4151076758	119924	1146.52	408.14	946.89	943.96	13.35	223.47	0.28	111.31	9187.36	-3218.41	2984.39
Fixation L	1	14	4151076758	4151429011	352253	934.12	945.86	26	23	-1	13.95	13.95
Fixation R	1	14	4151076758	4151429011	352253	934.12	945.86	26	23	-1	13.71	13.71
Fixation L	1	15	4151448214	4151925218	477004	905.11	936.54	26	33	-1	14.07	14.07
Fixation R	1	15	4151448214	4151925218	477004	905.11	936.54	26	33	-1	13.70	13.70
