[BeGaze]
Converted from:	C:\Program Files\SMI\Experiment Suite 360\Experiment Center 2\Results\RC-Attachment-Exp\P20-eye_data.idf
Date:	18.03.2012 20:16:01
Version:	BeGaze 3.0.181
Sample Rate:	500
Subject:	P20
Description:	Run25

Table Header for Fixations:
Event Type	Trial	Number	Start	End	Duration	Location X	Location Y	Dispersion X	Dispersion Y	Plane	Avg. Pupil Size X	Avg. Pupil Size Y

Table Header for Saccades:
Event Type	Trial	Number	Start	End	Duration	Start Loc.X	Start Loc.Y	End Loc.X	End Loc.Y	Amplitude	Peak Speed	Peak Speed At	Average Speed	Peak Accel.	Peak Decel.	Average Accel.

Table Header for Blinks:
Event Type	Trial	Number	Start	End	Duration

Table Header for User Events:
Event Type	Trial	Number	Start	Description

UserEvent	1	1	19488319796	# Message: RC-N1forced-anim-6.jpg
Fixation L	1	1	19488321428	19488603620	282192	488.76	452.63	33	22	-1	13.27	13.27
Fixation R	1	1	19488321428	19488603620	282192	488.76	452.63	33	22	-1	12.91	12.91
Saccade L	1	1	19488603620	19488625525	21905	489.42	458.51	532.15	445.87	0.95	69.53	0.46	43.15	1902.18	-2349.80	1464.38
Saccade R	1	1	19488603620	19488625525	21905	489.42	458.51	532.15	445.87	0.95	69.53	0.46	43.15	1902.18	-2349.80	1464.38
Fixation L	1	2	19488625525	19488855700	230175	544.75	451.31	21	23	-1	13.38	13.38
Fixation R	1	2	19488625525	19488855700	230175	544.75	451.31	21	23	-1	13.15	13.15
Fixation L	1	3	19488873760	19489096019	222259	536.62	445.02	26	26	-1	13.23	13.23
Fixation R	1	3	19488873760	19489096019	222259	536.62	445.02	26	26	-1	12.93	12.93
Saccade L	1	2	19489096019	19489123874	27855	541.20	438.89	627.88	427.46	1.90	129.12	0.49	68.05	5298.74	-5255.14	3805.52
Saccade R	1	2	19489096019	19489123874	27855	541.20	438.89	627.88	427.46	1.90	129.12	0.49	68.05	5298.74	-5255.14	3805.52
Fixation L	1	4	19489123874	19489513980	390106	633.50	439.58	19	26	-1	13.14	13.14
Fixation R	1	4	19489123874	19489513980	390106	633.50	439.58	19	26	-1	12.87	12.87
Saccade L	1	3	19489513980	19489553962	39982	632.14	429.39	723.17	442.94	2.01	109.06	0.30	50.29	4445.71	-3540.49	2366.59
Saccade R	1	3	19489513980	19489553962	39982	632.14	429.39	723.17	442.94	2.01	109.06	0.30	50.29	4445.71	-3540.49	2366.59
Fixation L	1	5	19489553962	19490048219	494257	730.51	446.89	30	25	-1	13.00	13.00
Fixation R	1	5	19489553962	19490048219	494257	730.51	446.89	30	25	-1	12.85	12.85
Fixation L	1	6	19490068203	19490160183	91980	692.44	446.39	22	14	-1	12.64	12.64
Fixation R	1	6	19490068203	19490160183	91980	692.44	446.39	22	14	-1	12.64	12.64
Saccade L	1	4	19490160183	19490187646	27463	708.01	439.10	773.41	448.19	1.55	100.09	0.44	56.52	3745.50	-3961.34	2745.19
Saccade R	1	4	19490160183	19490187646	27463	708.01	439.10	773.41	448.19	1.55	100.09	0.44	56.52	3745.50	-3961.34	2745.19
Fixation L	1	7	19490187646	19490396298	208652	771.26	448.11	13	17	-1	12.70	12.70
Fixation R	1	7	19490187646	19490396298	208652	771.26	448.11	13	17	-1	12.61	12.61
Saccade L	1	5	19490396298	19490422337	26039	769.17	446.84	817.45	446.69	1.04	63.89	0.47	39.78	2437.03	-2077.18	1633.39
Saccade R	1	5	19490396298	19490422337	26039	769.17	446.84	817.45	446.69	1.04	63.89	0.47	39.78	2437.03	-2077.18	1633.39
Fixation L	1	8	19490422337	19490622429	200092	816.26	451.24	19	13	-1	12.71	12.71
Fixation R	1	8	19490422337	19490622429	200092	816.26	451.24	19	13	-1	12.65	12.65
Saccade L	1	6	19490622429	19490646445	24016	809.84	446.01	844.06	460.28	0.75	40.65	0.50	31.28	1749.74	-1176.97	970.23
Saccade R	1	6	19490622429	19490646445	24016	809.84	446.01	844.06	460.28	0.75	40.65	0.50	31.28	1749.74	-1176.97	970.23
Saccade L	1	7	19490654425	19490680408	25983	841.72	463.86	896.75	458.00	1.12	73.56	0.46	43.28	2265.23	-2454.58	1730.51
Saccade R	1	7	19490654425	19490680408	25983	841.72	463.86	896.75	458.00	1.12	73.56	0.46	43.28	2265.23	-2454.58	1730.51
Fixation L	1	9	19490680408	19490818537	138129	893.11	453.85	20	17	-1	12.59	12.59
Fixation R	1	9	19490680408	19490818537	138129	893.11	453.85	20	17	-1	12.64	12.64
Saccade L	1	8	19490818537	19490848543	30006	893.61	453.68	981.70	451.84	1.92	117.43	0.40	64.06	5079.09	-4457.46	3408.92
Saccade R	1	8	19490818537	19490848543	30006	893.61	453.68	981.70	451.84	1.92	117.43	0.40	64.06	5079.09	-4457.46	3408.92
Fixation L	1	10	19490848543	19491644891	796348	984.49	450.02	30	26	-1	12.59	12.59
Fixation R	1	10	19490848543	19491644891	796348	984.49	450.02	30	26	-1	12.47	12.47
Fixation L	1	11	19491690869	19491892988	202119	1075.77	440.73	16	14	-1	12.41	12.41
Fixation R	1	11	19491690869	19491892988	202119	1075.77	440.73	16	14	-1	12.33	12.33
Saccade L	1	9	19491892988	19491921008	28020	1071.01	436.40	1123.77	415.43	1.22	68.44	0.50	43.71	2665.17	-2329.29	1827.94
Saccade R	1	9	19491892988	19491921008	28020	1071.01	436.40	1123.77	415.43	1.22	68.44	0.50	43.71	2665.17	-2329.29	1827.94
Fixation L	1	12	19491921008	19492275098	354090	1121.14	423.52	23	24	-1	12.46	12.46
Fixation R	1	12	19491921008	19492275098	354090	1121.14	423.52	23	24	-1	12.43	12.43
Saccade L	1	10	19492275098	19492301109	26011	1117.27	426.31	1191.55	430.83	1.72	118.22	0.54	66.29	4560.95	-4397.82	3154.07
Saccade R	1	10	19492275098	19492301109	26011	1117.27	426.31	1191.55	430.83	1.72	118.22	0.54	66.29	4560.95	-4397.82	3154.07
Fixation L	1	13	19492301109	19492569208	268099	1175.30	430.16	32	22	-1	12.34	12.34
Fixation R	1	13	19492301109	19492569208	268099	1175.30	430.16	32	22	-1	12.39	12.39
Saccade L	1	11	19492569208	19492599211	30003	1176.04	441.91	1180.02	436.98	10.48	412.07	0.67	349.43	19856.80	-19763.07	15538.41
Saccade R	1	11	19492569208	19492599211	30003	1176.04	441.91	1180.02	436.98	10.48	412.07	0.67	349.43	19856.80	-19763.07	15538.41
Fixation L	1	14	19492599211	19493137436	538225	1175.50	437.81	28	28	-1	12.29	12.29
Fixation R	1	14	19492599211	19493137436	538225	1175.50	437.81	28	28	-1	12.36	12.36
Saccade L	1	12	19493137436	19493215564	78128	1178.16	429.00	950.21	944.13	13.11	319.89	0.33	167.77	13546.64	-7253.03	6716.94
Saccade R	1	12	19493137436	19493215564	78128	1178.16	429.00	950.21	944.13	13.11	319.89	0.33	167.77	13546.64	-7253.03	6716.94
Fixation L	1	15	19493215564	19493573673	358109	939.49	959.45	25	29	-1	13.20	13.20
Fixation R	1	15	19493215564	19493573673	358109	939.49	959.45	25	29	-1	12.69	12.69
Saccade L	1	13	19493573673	19493601678	28005	936.00	960.35	887.59	1007.47	1.40	83.01	0.50	50.05	3512.12	-3145.03	2448.20
Saccade R	1	13	19493573673	19493601678	28005	936.00	960.35	887.59	1007.47	1.40	83.01	0.50	50.05	3512.12	-3145.03	2448.20
Fixation L	1	16	19493601678	19493713678	112000	896.03	1007.97	12	18	-1	13.06	13.06
Fixation R	1	16	19493601678	19493713678	112000	896.03	1007.97	12	18	-1	12.72	12.72
