[BeGaze]
Converted from:	C:\Program Files\SMI\Experiment Suite 360\Experiment Center 2\Results\RC-Attachment-Exp\P13-eye_data.idf
Date:	18.03.2012 20:10:21
Version:	BeGaze 3.0.181
Sample Rate:	500
Subject:	P13
Description:	Run18

Table Header for Fixations:
Event Type	Trial	Number	Start	End	Duration	Location X	Location Y	Dispersion X	Dispersion Y	Plane	Avg. Pupil Size X	Avg. Pupil Size Y

Table Header for Saccades:
Event Type	Trial	Number	Start	End	Duration	Start Loc.X	Start Loc.Y	End Loc.X	End Loc.Y	Amplitude	Peak Speed	Peak Speed At	Average Speed	Peak Accel.	Peak Decel.	Average Accel.

Table Header for Blinks:
Event Type	Trial	Number	Start	End	Duration

Table Header for User Events:
Event Type	Trial	Number	Start	Description

UserEvent	1	1	4784495163	# Message: Questionnaire19.jpg
Fixation L	1	1	4784506714	4784848414	341700	884.58	954.29	50	42	-1	14.06	14.06
Fixation R	1	1	4784506714	4784848414	341700	884.58	954.29	50	42	-1	13.11	13.11
Saccade L	1	1	4784848414	4784930751	82337	872.84	943.72	544.50	357.38	16.99	462.68	0.22	206.30	19610.93	-11447.62	7658.20
Saccade R	1	1	4784848414	4784930751	82337	872.84	943.72	544.50	357.38	16.99	462.68	0.22	206.30	19610.93	-11447.62	7658.20
Fixation L	1	2	4784930751	4785078377	147626	564.61	360.28	37	14	-1	14.57	14.57
Fixation R	1	2	4784930751	4785078377	147626	564.61	360.28	37	14	-1	13.71	13.71
Saccade L	1	2	4785078377	4785114357	35980	563.13	362.82	459.21	318.31	2.58	126.77	0.39	71.66	5132.75	-4720.45	3563.67
Saccade R	1	2	4785078377	4785114357	35980	563.13	362.82	459.21	318.31	2.58	126.77	0.39	71.66	5132.75	-4720.45	3563.67
Fixation L	1	3	4785114357	4785262474	148117	462.46	342.06	19	45	-1	14.22	14.22
Fixation R	1	3	4785114357	4785262474	148117	462.46	342.06	19	45	-1	13.43	13.43
Fixation L	1	4	4785283671	4785426475	142804	419.38	353.36	19	22	-1	14.02	14.02
Fixation R	1	4	4785283671	4785426475	142804	419.38	353.36	19	22	-1	13.32	13.32
Saccade L	1	3	4785426475	4785462524	36049	426.52	347.76	649.25	372.54	4.95	255.52	0.39	137.23	10955.89	-10599.65	7965.56
Saccade R	1	3	4785426475	4785462524	36049	426.52	347.76	649.25	372.54	4.95	255.52	0.39	137.23	10955.89	-10599.65	7965.56
Fixation L	1	5	4785462524	4785660590	198066	657.06	368.45	22	14	-1	13.84	13.84
Fixation R	1	5	4785462524	4785660590	198066	657.06	368.45	22	14	-1	13.55	13.55
Saccade L	1	4	4785660590	4785698632	38042	642.12	369.37	807.88	367.38	3.62	189.78	0.47	95.04	8175.56	-7462.51	5628.78
Saccade R	1	4	4785660590	4785698632	38042	642.12	369.37	807.88	367.38	3.62	189.78	0.47	95.04	8175.56	-7462.51	5628.78
Fixation L	1	6	4785698632	4785896706	198074	816.13	362.41	26	14	-1	14.15	14.15
Fixation R	1	6	4785698632	4785896706	198074	816.13	362.41	26	14	-1	13.83	13.83
Saccade L	1	5	4785896706	4785933121	36415	816.38	366.25	913.04	370.34	2.15	114.91	0.44	59.08	4305.77	-4364.80	3077.29
Saccade R	1	5	4785896706	4785933121	36415	816.38	366.25	913.04	370.34	2.15	114.91	0.44	59.08	4305.77	-4364.80	3077.29
Fixation L	1	7	4785933121	4786096822	163701	912.41	368.83	22	27	-1	14.53	14.53
Fixation R	1	7	4785933121	4786096822	163701	912.41	368.83	22	27	-1	14.00	14.00
Saccade L	1	6	4786096822	4786120860	24038	923.59	381.82	963.54	375.06	0.88	57.85	0.42	36.69	2411.20	-1887.17	1453.14
Saccade R	1	6	4786096822	4786120860	24038	923.59	381.82	963.54	375.06	0.88	57.85	0.42	36.69	2411.20	-1887.17	1453.14
Fixation L	1	8	4786120860	4786234823	113963	950.86	379.12	21	24	-1	14.65	14.65
Fixation R	1	8	4786120860	4786234823	113963	950.86	379.12	21	24	-1	13.82	13.82
Saccade L	1	7	4786234823	4786264822	29999	945.16	392.12	1045.17	380.97	2.23	135.72	0.43	74.23	5317.90	-5110.79	3822.48
Saccade R	1	7	4786234823	4786264822	29999	945.16	392.12	1045.17	380.97	2.23	135.72	0.43	74.23	5317.90	-5110.79	3822.48
Fixation L	1	9	4786264822	4786573158	308336	1064.26	366.45	34	34	-1	14.47	14.47
Fixation R	1	9	4786264822	4786573158	308336	1064.26	366.45	34	34	-1	13.66	13.66
Saccade L	1	8	4786573158	4786621714	48556	1060.69	360.36	1193.86	347.45	2.99	133.32	0.25	61.58	5703.16	-3824.14	2685.78
Saccade R	1	8	4786573158	4786621714	48556	1060.69	360.36	1193.86	347.45	2.99	133.32	0.25	61.58	5703.16	-3824.14	2685.78
Fixation L	1	10	4786621714	4786779096	157382	1198.86	358.83	38	21	-1	14.67	14.67
Fixation R	1	10	4786621714	4786779096	157382	1198.86	358.83	38	21	-1	13.77	13.77
Saccade L	1	9	4786779096	4786807372	28276	1217.08	363.99	1284.82	354.15	1.56	93.32	0.42	55.10	3578.57	-3320.39	2476.39
Saccade R	1	9	4786779096	4786807372	28276	1217.08	363.99	1284.82	354.15	1.56	93.32	0.42	55.10	3578.57	-3320.39	2476.39
Fixation L	1	11	4786807372	4786865233	57861	1265.57	344.71	33	14	-1	14.50	14.50
Fixation R	1	11	4786807372	4786865233	57861	1265.57	344.71	33	14	-1	13.89	13.89
Saccade L	1	10	4786865233	4786943175	77942	1252.43	341.95	388.85	422.48	20.13	467.95	0.28	258.32	21036.82	-10807.40	9641.38
Saccade R	1	10	4786865233	4786943175	77942	1252.43	341.95	388.85	422.48	20.13	467.95	0.28	258.32	21036.82	-10807.40	9641.38
Fixation L	1	12	4786943175	4787161327	218152	392.91	439.38	25	32	-1	14.75	14.75
Fixation R	1	12	4786943175	4787161327	218152	392.91	439.38	25	32	-1	13.85	13.85
Fixation L	1	13	4787180457	4787736439	555982	366.26	456.29	25	37	-1	14.98	14.98
Fixation R	1	13	4787180457	4787736439	555982	366.26	456.29	25	37	-1	14.38	14.38
Saccade L	1	11	4787736439	4787767602	31163	364.57	451.31	317.19	454.27	1.12	74.02	0.36	35.84	2147.38	-1744.71	1362.07
Saccade R	1	11	4787736439	4787767602	31163	364.57	451.31	317.19	454.27	1.12	74.02	0.36	35.84	2147.38	-1744.71	1362.07
Saccade L	1	12	4787783528	4787812322	28794	307.98	447.00	351.64	430.36	0.92	52.96	0.35	31.79	1368.35	-572.50	693.48
Saccade R	1	12	4787783528	4787812322	28794	307.98	447.00	351.64	430.36	0.92	52.96	0.35	31.79	1368.35	-572.50	693.48
Saccade L	1	13	4787812322	4787833527	21205	351.64	430.36	410.69	450.91	0.82	59.63	0.62	38.45	1050.88	-1552.20	746.33
Saccade R	1	13	4787812322	4787833527	21205	351.64	430.36	410.69	450.91	0.82	59.63	0.62	38.45	1050.88	-1552.20	746.33
UserEvent	1	85	4787816768	# Message: UE-mouseclick left x=360 y=438
Saccade L	1	14	4787907523	4787933689	26166	364.94	505.29	366.13	429.29	1.12	108.67	0.71	42.87	1775.53	-2337.40	1152.45
Saccade R	1	14	4787907523	4787933689	26166	364.94	505.29	366.13	429.29	1.12	108.67	0.71	42.87	1775.53	-2337.40	1152.45
Fixation L	1	14	4787933689	4788107645	173956	375.24	441.67	21	27	-1	14.47	14.47
Fixation R	1	14	4787933689	4788107645	173956	375.24	441.67	21	27	-1	13.92	13.92
Fixation L	1	15	4788187685	4788427782	240097	429.29	554.06	28	40	-1	15.20	15.20
Fixation R	1	15	4788187685	4788427782	240097	429.29	554.06	28	40	-1	14.37	14.37
Saccade L	1	15	4788427782	4788523882	96100	431.26	580.83	900.21	361.11	16.84	411.83	0.75	175.27	14218.60	-17338.55	6582.04
Saccade R	1	15	4788427782	4788523882	96100	431.26	580.83	900.21	361.11	16.84	411.83	0.75	175.27	14218.60	-17338.55	6582.04
Saccade L	1	16	4788537883	4788577902	40019	898.86	369.49	917.78	372.48	15.05	640.72	0.70	376.08	24003.15	-21569.83	12644.45
Saccade R	1	16	4788537883	4788577902	40019	898.86	369.49	917.78	372.48	15.05	640.72	0.70	376.08	24003.15	-21569.83	12644.45
Fixation L	1	16	4788577902	4788697883	119981	908.48	367.07	23	16	-1	14.48	14.48
Fixation R	1	16	4788577902	4788697883	119981	908.48	367.07	23	16	-1	13.92	13.92
Saccade L	1	17	4788697883	4788730030	32147	909.28	355.76	1057.87	349.38	3.19	206.76	0.44	99.25	8195.01	-8443.30	5931.26
Saccade R	1	17	4788697883	4788730030	32147	909.28	355.76	1057.87	349.38	3.19	206.76	0.44	99.25	8195.01	-8443.30	5931.26
Fixation L	1	17	4788730030	4789000120	270090	1058.16	344.72	38	20	-1	14.14	14.14
Fixation R	1	17	4788730030	4789000120	270090	1058.16	344.72	38	20	-1	13.49	13.49
UserEvent	1	113	4788889205	# Message: UE-mouseclick left x=429 y=527
