[BeGaze]
Converted from:	C:\Program Files\SMI\Experiment Suite 360\Experiment Center 2\Results\RC-Attachment-Exp\P27-eye_data.idf
Date:	18.03.2012 20:22:11
Version:	BeGaze 3.0.181
Sample Rate:	500
Subject:	P27
Description:	Run32

Table Header for Fixations:
Event Type	Trial	Number	Start	End	Duration	Location X	Location Y	Dispersion X	Dispersion Y	Plane	Avg. Pupil Size X	Avg. Pupil Size Y

Table Header for Saccades:
Event Type	Trial	Number	Start	End	Duration	Start Loc.X	Start Loc.Y	End Loc.X	End Loc.Y	Amplitude	Peak Speed	Peak Speed At	Average Speed	Peak Accel.	Peak Decel.	Average Accel.

Table Header for Blinks:
Event Type	Trial	Number	Start	End	Duration

Table Header for User Events:
Event Type	Trial	Number	Start	Description

UserEvent	1	1	13393277639	# Message: RC-nonforced-anim-2.jpg
Fixation L	1	1	13393278310	13393972624	694314	515.69	439.20	30	23	-1	12.32	12.32
Fixation R	1	1	13393278310	13393972624	694314	515.69	439.20	30	23	-1	13.19	13.19
Saccade L	1	1	13393972624	13394010643	38019	517.12	442.35	603.22	412.71	2.20	134.30	0.38	57.85	5215.25	-5016.30	3397.26
Saccade R	1	1	13393972624	13394010643	38019	517.12	442.35	603.22	412.71	2.20	134.30	0.38	57.85	5215.25	-5016.30	3397.26
Fixation L	1	2	13394010643	13394264772	254129	596.22	414.10	28	22	-1	12.37	12.37
Fixation R	1	2	13394010643	13394264772	254129	596.22	414.10	28	22	-1	13.19	13.19
Saccade L	1	2	13394264772	13394309391	44619	586.11	414.86	667.49	418.77	1.87	81.17	0.40	41.83	3308.30	-2983.38	2218.68
Saccade R	1	2	13394264772	13394309391	44619	586.11	414.86	667.49	418.77	1.87	81.17	0.40	41.83	3308.30	-2983.38	2218.68
Fixation L	1	3	13394309391	13394616854	307463	663.00	410.29	35	27	-1	12.46	12.46
Fixation R	1	3	13394309391	13394616854	307463	663.00	410.29	35	27	-1	13.16	13.16
Saccade L	1	3	13394616854	13394644853	27999	651.60	426.80	731.82	434.43	1.69	125.70	0.43	60.44	4356.37	-4770.61	3240.53
Saccade R	1	3	13394616854	13394644853	27999	651.60	426.80	731.82	434.43	1.69	125.70	0.43	60.44	4356.37	-4770.61	3240.53
Fixation L	1	4	13394644853	13394831137	186284	717.01	429.35	25	15	-1	12.58	12.58
Fixation R	1	4	13394644853	13394831137	186284	717.01	429.35	25	15	-1	13.29	13.29
Saccade L	1	4	13394831137	13394880981	49844	726.85	427.08	842.66	427.05	2.55	100.92	0.48	51.12	4042.99	-3905.55	2720.94
Saccade R	1	4	13394831137	13394880981	49844	726.85	427.08	842.66	427.05	2.55	100.92	0.48	51.12	4042.99	-3905.55	2720.94
Fixation L	1	5	13394880981	13395211119	330138	831.00	422.47	53	12	-1	12.46	12.46
Fixation R	1	5	13394880981	13395211119	330138	831.00	422.47	53	12	-1	13.35	13.35
Saccade L	1	5	13395211119	13395257221	46102	797.22	420.69	908.40	410.20	2.47	99.83	0.26	53.68	4066.72	-3304.11	2622.88
Saccade R	1	5	13395211119	13395257221	46102	797.22	420.69	908.40	410.20	2.47	99.83	0.26	53.68	4066.72	-3304.11	2622.88
Fixation L	1	6	13395257221	13395331201	73980	910.12	420.63	7	25	-1	12.48	12.48
Fixation R	1	6	13395257221	13395331201	73980	910.12	420.63	7	25	-1	13.36	13.36
Blink L	1	1	13395331201	13395421220	90019
Blink R	1	1	13395331201	13395421220	90019
Saccade L	1	6	13395421220	13395443225	22005	931.27	418.10	893.23	412.90	0.72	44.81	0.73	32.50	4525.69	173.22	1436.16
Saccade R	1	6	13395421220	13395443225	22005	931.27	418.10	893.23	412.90	0.72	44.81	0.73	32.50	4525.69	173.22	1436.16
Saccade L	1	7	13395443225	13395487537	44312	893.23	412.90	1059.33	424.08	3.60	158.87	0.27	81.25	5014.41	-5018.99	3900.85
Saccade R	1	7	13395443225	13395487537	44312	893.23	412.90	1059.33	424.08	3.60	158.87	0.27	81.25	5014.41	-5018.99	3900.85
Fixation L	1	7	13395487537	13395943447	455910	1020.75	419.23	63	25	-1	12.34	12.34
Fixation R	1	7	13395487537	13395943447	455910	1020.75	419.23	63	25	-1	13.28	13.28
Saccade L	1	8	13395943447	13395990522	47075	998.84	405.49	1151.26	419.40	3.45	143.17	0.30	73.31	6163.52	-3950.58	3588.87
Saccade R	1	8	13395943447	13395990522	47075	998.84	405.49	1151.26	419.40	3.45	143.17	0.30	73.31	6163.52	-3950.58	3588.87
Fixation L	1	8	13395990522	13396095612	105090	1139.36	414.82	23	21	-1	12.27	12.27
Fixation R	1	8	13395990522	13396095612	105090	1139.36	414.82	23	21	-1	13.16	13.16
Saccade L	1	9	13396095612	13396224751	129139	1142.56	406.20	932.00	898.34	19.85	466.06	0.25	153.70	20306.79	-12126.50	6070.32
Saccade R	1	9	13396095612	13396224751	129139	1142.56	406.20	932.00	898.34	19.85	466.06	0.25	153.70	20306.79	-12126.50	6070.32
Fixation L	1	9	13396224751	13396691796	467045	901.75	928.15	58	64	-1	12.60	12.60
Fixation R	1	9	13396224751	13396691796	467045	901.75	928.15	58	64	-1	13.43	13.43
Saccade L	1	10	13396691796	13396719785	27989	881.71	961.91	916.54	945.81	0.79	42.03	0.36	28.37	1356.08	-640.58	710.89
Saccade R	1	10	13396691796	13396719785	27989	881.71	961.91	916.54	945.81	0.79	42.03	0.36	28.37	1356.08	-640.58	710.89
Saccade L	1	11	13396719785	13396747784	27999	916.54	945.81	917.72	906.88	0.85	46.09	0.52	30.48	746.67	-1100.32	610.27
Saccade R	1	11	13396719785	13396747784	27999	916.54	945.81	917.72	906.88	0.85	46.09	0.52	30.48	746.67	-1100.32	610.27
Fixation L	1	10	13396747784	13396837790	90006	900.77	923.48	36	29	-1	12.55	12.55
Fixation R	1	10	13396747784	13396837790	90006	900.77	923.48	36	29	-1	13.55	13.55
Saccade L	1	12	13396837790	13396869901	32111	903.68	927.61	935.00	958.36	0.95	51.32	0.50	29.66	1945.01	-1910.31	1385.59
Saccade R	1	12	13396837790	13396869901	32111	903.68	927.61	935.00	958.36	0.95	51.32	0.50	29.66	1945.01	-1910.31	1385.59
Saccade L	1	13	13396875905	13396915901	39996	934.08	958.34	898.68	923.79	1.15	48.53	0.45	28.66	1922.33	-1755.09	1281.24
Saccade R	1	13	13396875905	13396915901	39996	934.08	958.34	898.68	923.79	1.15	48.53	0.45	28.66	1922.33	-1755.09	1281.24
Fixation L	1	11	13396915901	13397032514	116613	897.71	926.57	15	28	-1	12.66	12.66
Fixation R	1	11	13396915901	13397032514	116613	897.71	926.57	15	28	-1	13.66	13.66
Saccade L	1	14	13397032514	13397067898	35384	906.11	946.32	842.80	894.70	1.75	112.11	0.32	49.43	4348.01	-4212.42	2775.85
Saccade R	1	14	13397032514	13397067898	35384	906.11	946.32	842.80	894.70	1.75	112.11	0.32	49.43	4348.01	-4212.42	2775.85
