[BeGaze]
Converted from:	C:\Program Files\SMI\Experiment Suite 360\Experiment Center 2\Results\RC-Attachment-Exp\P13-eye_data.idf
Date:	18.03.2012 20:10:30
Version:	BeGaze 3.0.181
Sample Rate:	500
Subject:	P13
Description:	Run18

Table Header for Fixations:
Event Type	Trial	Number	Start	End	Duration	Location X	Location Y	Dispersion X	Dispersion Y	Plane	Avg. Pupil Size X	Avg. Pupil Size Y

Table Header for Saccades:
Event Type	Trial	Number	Start	End	Duration	Start Loc.X	Start Loc.Y	End Loc.X	End Loc.Y	Amplitude	Peak Speed	Peak Speed At	Average Speed	Peak Accel.	Peak Decel.	Average Accel.

Table Header for Blinks:
Event Type	Trial	Number	Start	End	Duration

Table Header for User Events:
Event Type	Trial	Number	Start	Description

UserEvent	1	1	4926576166	# Message: RC-nonforced-nonanim-6.jpg
Fixation L	1	1	4926577545	4927094267	516722	502.12	443.62	65	33	-1	14.47	14.47
Fixation R	1	1	4926577545	4927094267	516722	502.12	443.62	65	33	-1	13.58	13.58
Saccade L	1	1	4927094267	4927120262	25995	527.16	438.83	579.90	445.78	1.16	70.31	0.54	44.49	2861.73	-2575.54	1946.78
Saccade R	1	1	4927094267	4927120262	25995	527.16	438.83	579.90	445.78	1.16	70.31	0.54	44.49	2861.73	-2575.54	1946.78
Fixation L	1	2	4927120262	4927442383	322121	586.66	440.70	32	25	-1	14.29	14.29
Fixation R	1	2	4927120262	4927442383	322121	586.66	440.70	32	25	-1	13.36	13.36
Saccade L	1	2	4927442383	4927464405	22022	591.71	445.79	631.59	448.44	0.81	53.32	0.45	36.73	1949.70	-1708.51	1253.65
Saccade R	1	2	4927442383	4927464405	22022	591.71	445.79	631.59	448.44	0.81	53.32	0.45	36.73	1949.70	-1708.51	1253.65
Fixation L	1	3	4927464405	4927608500	144095	626.03	452.58	16	22	-1	14.57	14.57
Fixation R	1	3	4927464405	4927608500	144095	626.03	452.58	16	22	-1	13.66	13.66
Saccade L	1	3	4927608500	4927636556	28056	625.74	461.86	725.42	442.53	2.33	158.68	0.49	83.01	6636.18	-6529.51	4730.26
Saccade R	1	3	4927608500	4927636556	28056	625.74	461.86	725.42	442.53	2.33	158.68	0.49	83.01	6636.18	-6529.51	4730.26
Fixation L	1	4	4927636556	4927900620	264064	724.65	439.53	18	23	-1	14.56	14.56
Fixation R	1	4	4927636556	4927900620	264064	724.65	439.53	18	23	-1	13.66	13.66
Saccade L	1	4	4927900620	4927936713	36093	730.63	425.87	810.20	440.42	1.86	101.80	0.33	51.42	3933.76	-3543.64	2616.76
Saccade R	1	4	4927900620	4927936713	36093	730.63	425.87	810.20	440.42	1.86	101.80	0.33	51.42	3933.76	-3543.64	2616.76
Fixation L	1	5	4927936713	4928396851	460138	823.76	438.73	46	42	-1	13.78	13.78
Fixation R	1	5	4927936713	4928396851	460138	823.76	438.73	46	42	-1	13.02	13.02
Saccade L	1	5	4928396851	4928428873	32022	832.25	458.44	904.46	441.90	1.59	88.77	0.44	49.56	3839.85	-3127.82	2447.94
Saccade R	1	5	4928396851	4928428873	32022	832.25	458.44	904.46	441.90	1.59	88.77	0.44	49.56	3839.85	-3127.82	2447.94
Fixation L	1	6	4928428873	4928630847	201974	891.47	445.88	43	33	-1	13.13	13.13
Fixation R	1	6	4928428873	4928630847	201974	891.47	445.88	43	33	-1	12.54	12.54
Saccade L	1	6	4928630847	4928658881	28034	892.53	425.89	945.56	436.12	1.15	68.06	0.43	40.93	2659.88	-2411.31	1817.70
Saccade R	1	6	4928630847	4928658881	28034	892.53	425.89	945.56	436.12	1.15	68.06	0.43	40.93	2659.88	-2411.31	1817.70
Fixation L	1	7	4928658881	4928915006	256125	948.50	439.29	38	13	-1	12.77	12.77
Fixation R	1	7	4928658881	4928915006	256125	948.50	439.29	38	13	-1	12.39	12.39
Saccade L	1	7	4928915006	4928967113	52107	935.19	435.03	1044.52	430.38	2.46	78.62	0.65	47.15	1871.82	-2800.47	1472.41
Saccade R	1	7	4928915006	4928967113	52107	935.19	435.03	1044.52	430.38	2.46	78.62	0.65	47.15	1871.82	-2800.47	1472.41
Fixation L	1	8	4928967113	4929175095	207982	1041.33	437.72	14	15	-1	12.77	12.77
Fixation R	1	8	4928967113	4929175095	207982	1041.33	437.72	14	15	-1	12.24	12.24
Saccade L	1	8	4929175095	4929223216	48121	1039.38	442.91	1141.62	443.35	2.37	125.43	0.25	49.15	4985.68	-4113.57	2272.61
Saccade R	1	8	4929175095	4929223216	48121	1039.38	442.91	1141.62	443.35	2.37	125.43	0.25	49.15	4985.68	-4113.57	2272.61
Fixation L	1	9	4929223216	4929643319	420103	1148.00	429.97	25	30	-1	12.75	12.75
Fixation R	1	9	4929223216	4929643319	420103	1148.00	429.97	25	30	-1	12.09	12.09
Saccade L	1	9	4929643319	4929711360	68041	1162.88	424.89	654.74	395.70	11.47	282.27	0.29	168.54	11919.64	-7914.90	6177.90
Saccade R	1	9	4929643319	4929711360	68041	1162.88	424.89	654.74	395.70	11.47	282.27	0.29	168.54	11919.64	-7914.90	6177.90
Fixation L	1	10	4929711360	4929847438	136078	637.33	398.86	21	13	-1	12.56	12.56
Fixation R	1	10	4929711360	4929847438	136078	637.33	398.86	21	13	-1	11.64	11.64
Saccade L	1	10	4929847438	4929879515	32077	634.44	403.34	568.60	423.84	1.48	77.93	0.50	46.11	3115.54	-3164.41	2285.01
Saccade R	1	10	4929847438	4929879515	32077	634.44	403.34	568.60	423.84	1.48	77.93	0.50	46.11	3115.54	-3164.41	2285.01
Fixation L	1	11	4929879515	4930135613	256098	563.74	424.27	23	28	-1	13.05	13.05
Fixation R	1	11	4929879515	4930135613	256098	563.74	424.27	23	28	-1	12.16	12.16
Saccade L	1	11	4930135613	4930169554	33941	563.28	445.23	637.78	417.01	1.72	87.85	0.35	50.55	3119.27	-3273.70	2332.51
Saccade R	1	11	4930135613	4930169554	33941	563.28	445.23	637.78	417.01	1.72	87.85	0.35	50.55	3119.27	-3273.70	2332.51
Fixation L	1	12	4930169554	4930331667	162113	643.75	429.15	15	23	-1	13.85	13.85
Fixation R	1	12	4930169554	4930331667	162113	643.75	429.15	15	23	-1	13.03	13.03
Saccade L	1	12	4930331667	4930372489	40822	651.90	434.71	733.62	433.87	1.86	82.11	0.35	45.52	3392.78	-2608.35	1990.09
Saccade R	1	12	4930331667	4930372489	40822	651.90	434.71	733.62	433.87	1.86	82.11	0.35	45.52	3392.78	-2608.35	1990.09
Fixation L	1	13	4930372489	4930505672	133183	730.24	434.88	25	26	-1	14.23	14.23
Fixation R	1	13	4930372489	4930505672	133183	730.24	434.88	25	26	-1	13.56	13.56
Saccade L	1	13	4930505672	4930589791	84119	741.60	433.04	840.69	997.69	13.48	304.40	0.52	160.24	9355.94	-9111.96	5701.15
Saccade R	1	13	4930505672	4930589791	84119	741.60	433.04	840.69	997.69	13.48	304.40	0.52	160.24	9355.94	-9111.96	5701.15
Saccade L	1	14	4930596153	4930633791	37638	840.29	987.97	862.39	939.47	1.19	50.33	0.40	31.66	1387.66	-1206.92	797.07
Saccade R	1	14	4930596153	4930633791	37638	840.29	987.97	862.39	939.47	1.19	50.33	0.40	31.66	1387.66	-1206.92	797.07
Fixation L	1	14	4930633791	4930738070	104279	865.23	965.43	26	39	-1	14.50	14.50
Fixation R	1	14	4930633791	4930738070	104279	865.23	965.43	26	39	-1	13.72	13.72
Fixation L	1	15	4930755786	4930881904	126118	898.98	954.11	48	33	-1	14.69	14.69
Fixation R	1	15	4930755786	4930881904	126118	898.98	954.11	48	33	-1	13.81	13.81
Fixation L	1	16	4930901910	4931084186	182276	887.20	930.00	41	30	-1	14.34	14.34
Fixation R	1	16	4930901910	4931084186	182276	887.20	930.00	41	30	-1	13.44	13.44
