[BeGaze]
Converted from:	C:\Program Files\SMI\Experiment Suite 360\Experiment Center 2\Results\RC-Attachment-Exp\P11-eye_data.idf
Date:	18.03.2012 20:08:57
Version:	BeGaze 3.0.181
Sample Rate:	500
Subject:	P11
Description:	Run16

Table Header for Fixations:
Event Type	Trial	Number	Start	End	Duration	Location X	Location Y	Dispersion X	Dispersion Y	Plane	Avg. Pupil Size X	Avg. Pupil Size Y

Table Header for Saccades:
Event Type	Trial	Number	Start	End	Duration	Start Loc.X	Start Loc.Y	End Loc.X	End Loc.Y	Amplitude	Peak Speed	Peak Speed At	Average Speed	Peak Accel.	Peak Decel.	Average Accel.

Table Header for Blinks:
Event Type	Trial	Number	Start	End	Duration

Table Header for User Events:
Event Type	Trial	Number	Start	Description

UserEvent	1	1	10439825941	# Message: Questionnaire15.jpg
Blink L	1	1	10439874615	10439901580	26965
Blink R	1	1	10439874615	10439901580	26965
Fixation L	1	1	10439901580	10439953856	52276	903.43	959.75	14	12	-1	13.75	13.75
Fixation R	1	1	10439901580	10439953856	52276	903.43	959.75	14	12	-1	13.49	13.49
Blink L	1	2	10439953856	10440087183	133327
Blink R	1	2	10439953856	10440087183	133327
Fixation L	1	2	10440087183	10440143304	56121	900.48	953.20	8	34	-1	13.65	13.65
Fixation R	1	2	10440087183	10440143304	56121	900.48	953.20	8	34	-1	13.72	13.72
Saccade L	1	1	10440143304	10440243192	99888	896.13	965.63	546.23	358.31	27.20	816.33	0.59	272.35	34725.58	-34416.02	18954.20
Saccade R	1	1	10440143304	10440243192	99888	896.13	965.63	546.23	358.31	27.20	816.33	0.59	272.35	34725.58	-34416.02	18954.20
Fixation L	1	3	10440243192	10440341280	98088	551.33	378.90	21	44	-1	14.02	14.02
Fixation R	1	3	10440243192	10440341280	98088	551.33	378.90	21	44	-1	13.28	13.28
Saccade L	1	2	10440341280	10440384152	42872	558.88	396.68	459.30	322.33	2.86	122.96	0.37	66.82	5120.29	-4080.05	3281.53
Saccade R	1	2	10440341280	10440384152	42872	558.88	396.68	459.30	322.33	2.86	122.96	0.37	66.82	5120.29	-4080.05	3281.53
Saccade L	1	3	10440421314	10440459282	37968	458.62	304.78	483.46	372.47	1.67	57.18	0.40	44.07	1865.70	-2186.60	1469.51
Saccade R	1	3	10440421314	10440459282	37968	458.62	304.78	483.46	372.47	1.67	57.18	0.40	44.07	1865.70	-2186.60	1469.51
Fixation L	1	4	10440459282	10440527279	67997	468.01	354.78	33	32	-1	13.70	13.70
Fixation R	1	4	10440459282	10440527279	67997	468.01	354.78	33	32	-1	12.89	12.89
Saccade L	1	4	10440527279	10440573403	46124	451.22	342.47	649.14	340.82	4.43	231.12	0.31	96.08	9941.16	-8355.74	5504.51
Saccade R	1	4	10440527279	10440573403	46124	451.22	342.47	649.14	340.82	4.43	231.12	0.31	96.08	9941.16	-8355.74	5504.51
Fixation L	1	5	10440573403	10440624547	51144	654.08	334.03	18	23	-1	13.93	13.93
Fixation R	1	5	10440573403	10440624547	51144	654.08	334.03	18	23	-1	13.18	13.18
Saccade L	1	5	10440624547	10440649342	24795	639.02	318.27	686.80	372.40	1.34	84.35	0.44	54.16	3039.78	-2873.54	2166.40
Saccade R	1	5	10440624547	10440649342	24795	639.02	318.27	686.80	372.40	1.34	84.35	0.44	54.16	3039.78	-2873.54	2166.40
Fixation L	1	6	10440649342	10440755977	106635	670.69	360.05	23	23	-1	14.14	14.14
Fixation R	1	6	10440649342	10440755977	106635	670.69	360.05	23	23	-1	13.44	13.44
Saccade L	1	6	10440755977	10440793559	37582	670.56	360.56	794.20	365.47	2.73	145.18	0.36	72.77	6034.15	-5230.37	3933.98
Saccade R	1	6	10440755977	10440793559	37582	670.56	360.56	794.20	365.47	2.73	145.18	0.36	72.77	6034.15	-5230.37	3933.98
Fixation L	1	7	10440793559	10440957527	163968	800.51	370.57	15	23	-1	14.46	14.46
Fixation R	1	7	10440793559	10440957527	163968	800.51	370.57	15	23	-1	13.70	13.70
Saccade L	1	7	10440957527	10441005517	47990	799.69	381.57	668.65	375.64	3.01	113.43	0.29	62.66	4551.37	-2788.81	2577.84
Saccade R	1	7	10440957527	10441005517	47990	799.69	381.57	668.65	375.64	3.01	113.43	0.29	62.66	4551.37	-2788.81	2577.84
Fixation L	1	8	10441005517	10441211636	206119	665.77	372.36	28	34	-1	14.96	14.96
Fixation R	1	8	10441005517	10441211636	206119	665.77	372.36	28	34	-1	14.16	14.16
Saccade L	1	8	10441211636	10441273642	62006	669.65	355.43	437.92	442.13	5.66	209.02	0.47	91.34	8144.56	-5481.26	4205.65
Saccade R	1	8	10441211636	10441273642	62006	669.65	355.43	437.92	442.13	5.66	209.02	0.47	91.34	8144.56	-5481.26	4205.65
Fixation L	1	9	10441273642	10441463758	190116	433.79	455.71	27	28	-1	15.65	15.65
Fixation R	1	9	10441273642	10441463758	190116	433.79	455.71	27	28	-1	14.58	14.58
Saccade L	1	9	10441463758	10441495807	32049	435.59	465.92	429.98	467.43	5.60	204.49	0.47	174.88	9876.78	-9847.32	7649.20
Saccade R	1	9	10441463758	10441495807	32049	435.59	465.92	429.98	467.43	5.60	204.49	0.47	174.88	9876.78	-9847.32	7649.20
Fixation L	1	10	10441495807	10441893906	398099	432.79	468.38	25	40	-1	15.86	15.86
Fixation R	1	10	10441495807	10441893906	398099	432.79	468.38	25	40	-1	15.06	15.06
Saccade L	1	10	10441893906	10441920005	26099	420.59	494.33	439.55	460.66	0.86	44.66	0.46	32.76	1398.25	-1241.63	960.65
Saccade R	1	10	10441893906	10441920005	26099	420.59	494.33	439.55	460.66	0.86	44.66	0.46	32.76	1398.25	-1241.63	960.65
Fixation L	1	11	10441920005	10442810381	890376	416.60	465.02	47	30	-1	15.69	15.69
Fixation R	1	11	10441920005	10442810381	890376	416.60	465.02	47	30	-1	15.09	15.09
UserEvent	1	58	10442075967	# Message: UE-mouseclick left x=412 y=487
UserEvent	1	67	10442427901	# Message: UE-mouseclick left x=409 y=466
Saccade L	1	11	10442810381	10442848353	37972	414.36	454.37	424.12	506.73	1.16	42.51	0.32	30.65	1538.78	-1076.38	873.10
Saccade R	1	11	10442810381	10442848353	37972	414.36	454.37	424.12	506.73	1.16	42.51	0.32	30.65	1538.78	-1076.38	873.10
Fixation L	1	12	10442848353	10443038928	190575	430.75	505.12	29	30	-1	15.49	15.49
Fixation R	1	12	10442848353	10443038928	190575	430.75	505.12	29	30	-1	14.92	14.92
Saccade L	1	12	10443038928	10443066492	27564	425.98	499.95	448.21	530.82	0.96	52.28	0.53	34.76	1493.38	-1429.12	1025.43
Saccade R	1	12	10443038928	10443066492	27564	425.98	499.95	448.21	530.82	0.96	52.28	0.53	34.76	1493.38	-1429.12	1025.43
Fixation L	1	13	10443066492	10443298605	232113	433.19	505.95	26	33	-1	15.41	15.41
Fixation R	1	13	10443066492	10443298605	232113	433.19	505.95	26	33	-1	14.87	14.87
UserEvent	1	88	10443219933	# Message: UE-mouseclick left x=408 y=524
