[BeGaze]
Converted from:	C:\Program Files\SMI\Experiment Suite 360\Experiment Center 2\Results\RC-Attachment-Exp\P28-eye_data.idf
Date:	18.03.2012 20:23:50
Version:	BeGaze 3.0.181
Sample Rate:	500
Subject:	P28
Description:	Run33

Table Header for Fixations:
Event Type	Trial	Number	Start	End	Duration	Location X	Location Y	Dispersion X	Dispersion Y	Plane	Avg. Pupil Size X	Avg. Pupil Size Y

Table Header for Saccades:
Event Type	Trial	Number	Start	End	Duration	Start Loc.X	Start Loc.Y	End Loc.X	End Loc.Y	Amplitude	Peak Speed	Peak Speed At	Average Speed	Peak Accel.	Peak Decel.	Average Accel.

Table Header for Blinks:
Event Type	Trial	Number	Start	End	Duration

Table Header for User Events:
Event Type	Trial	Number	Start	Description

UserEvent	1	1	14496867953	# Message: Dist-srthm-27.jpg
Fixation L	1	1	14496873402	14496999936	126534	512.65	455.19	24	52	-1	13.56	13.56
Fixation R	1	1	14496873402	14496999936	126534	512.65	455.19	24	52	-1	13.40	13.40
Fixation L	1	2	14497023958	14497231944	207986	499.53	455.97	45	37	-1	13.56	13.56
Fixation R	1	2	14497023958	14497231944	207986	499.53	455.97	45	37	-1	13.39	13.39
Saccade L	1	1	14497231944	14497265996	34052	500.86	441.83	567.31	484.35	1.86	103.62	0.41	54.76	3657.68	-3965.43	2721.71
Saccade R	1	1	14497231944	14497265996	34052	500.86	441.83	567.31	484.35	1.86	103.62	0.41	54.76	3657.68	-3965.43	2721.71
Fixation L	1	3	14497265996	14497351914	85918	562.60	466.51	19	43	-1	13.26	13.26
Fixation R	1	3	14497265996	14497351914	85918	562.60	466.51	19	43	-1	13.19	13.19
Blink L	1	1	14497351914	14497535156	183242
Blink R	1	1	14497351914	14497535156	183242
Fixation L	1	4	14497535156	14497644154	108998	657.87	437.80	9	22	-1	13.31	13.31
Fixation R	1	4	14497535156	14497644154	108998	657.87	437.80	9	22	-1	13.09	13.09
Saccade L	1	2	14497644154	14497683419	39265	659.95	443.50	776.40	446.67	2.81	135.91	0.41	71.46	5735.71	-5214.83	3998.47
Saccade R	1	2	14497644154	14497683419	39265	659.95	443.50	776.40	446.67	2.81	135.91	0.41	71.46	5735.71	-5214.83	3998.47
Fixation L	1	5	14497683419	14497938277	254858	778.89	461.09	16	48	-1	13.30	13.30
Fixation R	1	5	14497683419	14497938277	254858	778.89	461.09	16	48	-1	13.39	13.39
Saccade L	1	3	14497938277	14497966281	28004	772.77	433.45	843.71	440.63	1.54	101.39	0.43	54.84	3044.62	-3685.14	2466.45
Saccade R	1	3	14497938277	14497966281	28004	772.77	433.45	843.71	440.63	1.54	101.39	0.43	54.84	3044.62	-3685.14	2466.45
Fixation L	1	6	14497966281	14498160398	194117	848.80	441.72	22	30	-1	13.30	13.30
Fixation R	1	6	14497966281	14498160398	194117	848.80	441.72	22	30	-1	13.36	13.36
Saccade L	1	4	14498160398	14498198396	37998	847.41	437.73	941.23	413.31	2.19	100.22	0.37	57.71	4066.07	-3808.11	2871.57
Saccade R	1	4	14498160398	14498198396	37998	847.41	437.73	941.23	413.31	2.19	100.22	0.37	57.71	4066.07	-3808.11	2871.57
Fixation L	1	7	14498198396	14498354390	155994	947.25	434.88	12	39	-1	13.40	13.40
Fixation R	1	7	14498198396	14498354390	155994	947.25	434.88	12	39	-1	13.36	13.36
Saccade L	1	5	14498354390	14498384882	30492	941.31	443.45	864.14	537.44	2.99	186.46	0.59	97.94	7474.14	-7461.75	5469.68
Saccade R	1	5	14498354390	14498384882	30492	941.31	443.45	864.14	537.44	2.99	186.46	0.59	97.94	7474.14	-7461.75	5469.68
Saccade L	1	6	14498414375	14498486612	72237	872.71	535.11	834.06	521.46	6.94	219.30	0.81	96.09	6275.80	-8229.48	3924.34
Saccade R	1	6	14498414375	14498486612	72237	872.71	535.11	834.06	521.46	6.94	219.30	0.81	96.09	6275.80	-8229.48	3924.34
Fixation L	1	8	14498486612	14498588509	101897	858.17	514.54	38	12	-1	13.47	13.47
Fixation R	1	8	14498486612	14498588509	101897	858.17	514.54	38	12	-1	13.32	13.32
Saccade L	1	7	14498588509	14498612497	23988	871.18	517.26	853.64	438.61	1.93	172.86	0.50	80.32	6286.51	-4737.61	3918.32
Saccade R	1	7	14498588509	14498612497	23988	871.18	517.26	853.64	438.61	1.93	172.86	0.50	80.32	6286.51	-4737.61	3918.32
Saccade L	1	8	14498616497	14498644503	28006	848.73	432.81	867.86	457.72	0.98	49.23	0.22	34.95	824.83	-2482.16	1030.11
Saccade R	1	8	14498616497	14498644503	28006	848.73	432.81	867.86	457.72	0.98	49.23	0.22	34.95	824.83	-2482.16	1030.11
Fixation L	1	9	14498644503	14498810613	166110	851.69	460.44	34	24	-1	13.58	13.58
Fixation R	1	9	14498644503	14498810613	166110	851.69	460.44	34	24	-1	13.37	13.37
Saccade L	1	9	14498810613	14498850625	40012	834.19	463.95	991.06	446.53	3.69	179.63	0.40	92.27	7087.45	-7220.07	5141.35
Saccade R	1	9	14498810613	14498850625	40012	834.19	463.95	991.06	446.53	3.69	179.63	0.40	92.27	7087.45	-7220.07	5141.35
Fixation L	1	10	14498850625	14499016752	166127	977.09	442.06	28	35	-1	13.77	13.77
Fixation R	1	10	14498850625	14499016752	166127	977.09	442.06	28	35	-1	13.49	13.49
Saccade L	1	10	14499016752	14499057009	40257	971.16	458.03	1122.65	469.14	3.66	188.53	0.35	90.89	7880.36	-7233.73	5219.08
Saccade R	1	10	14499016752	14499057009	40257	971.16	458.03	1122.65	469.14	3.66	188.53	0.35	90.89	7880.36	-7233.73	5219.08
Fixation L	1	11	14499057009	14499290851	233842	1123.71	464.08	29	22	-1	13.79	13.79
Fixation R	1	11	14499057009	14499290851	233842	1123.71	464.08	29	22	-1	13.70	13.70
Saccade L	1	11	14499290851	14499333316	42465	1136.17	455.16	1003.45	443.43	3.05	159.05	0.35	71.90	5704.69	-5376.35	3667.60
Saccade R	1	11	14499290851	14499333316	42465	1136.17	455.16	1003.45	443.43	3.05	159.05	0.35	71.90	5704.69	-5376.35	3667.60
Fixation L	1	12	14499333316	14499767083	433767	993.94	462.22	52	41	-1	13.56	13.56
Fixation R	1	12	14499333316	14499767083	433767	993.94	462.22	52	41	-1	13.29	13.29
Saccade L	1	12	14499767083	14499809083	42000	984.43	470.55	1135.25	454.02	3.35	161.41	0.39	79.84	6871.72	-6011.47	4438.61
Saccade R	1	12	14499767083	14499809083	42000	984.43	470.55	1135.25	454.02	3.35	161.41	0.39	79.84	6871.72	-6011.47	4438.61
Fixation L	1	13	14499809083	14499893079	83996	1137.08	457.91	16	11	-1	13.53	13.53
Fixation R	1	13	14499809083	14499893079	83996	1137.08	457.91	16	11	-1	13.56	13.56
Blink L	1	2	14499893079	14500174925	281846
Blink R	1	2	14499893079	14500174925	281846
Saccade L	1	13	14500215227	14500244342	29115	909.80	1061.61	930.94	1030.15	1.12	57.47	0.27	38.35	2139.76	-1828.61	1290.86
Saccade R	1	13	14500215227	14500244342	29115	909.80	1061.61	930.94	1030.15	1.12	57.47	0.27	38.35	2139.76	-1828.61	1290.86
Fixation L	1	14	14500244342	14500321313	76971	936.67	1022.89	9	14	-1	13.90	13.90
Fixation R	1	14	14500244342	14500321313	76971	936.67	1022.89	9	14	-1	13.82	13.82
Saccade L	1	14	14500321313	14500351628	30315	937.29	1023.42	949.02	981.44	1.10	54.03	0.45	36.42	2082.04	-2031.52	1460.28
Saccade R	1	14	14500321313	14500351628	30315	937.29	1023.42	949.02	981.44	1.10	54.03	0.45	36.42	2082.04	-2031.52	1460.28
Fixation L	1	15	14500351628	14500485314	133686	938.56	979.94	24	23	-1	14.11	14.11
Fixation R	1	15	14500351628	14500485314	133686	938.56	979.94	24	23	-1	13.97	13.97
Saccade L	1	15	14500485314	14500511311	25997	925.01	975.62	906.54	981.08	0.71	40.51	0.55	27.35	917.69	-1359.70	824.44
Saccade R	1	15	14500485314	14500511311	25997	925.01	975.62	906.54	981.08	0.71	40.51	0.55	27.35	917.69	-1359.70	824.44
Fixation L	1	16	14500511311	14501089541	578230	896.99	970.15	34	49	-1	13.61	13.61
Fixation R	1	16	14500511311	14501089541	578230	896.99	970.15	34	49	-1	13.44	13.44
