[BeGaze]
Converted from:	C:\Program Files\SMI\Experiment Suite 360\Experiment Center 2\Results\RC-Attachment-Exp\P20-eye_data.idf
Date:	18.03.2012 20:15:24
Version:	BeGaze 3.0.181
Sample Rate:	500
Subject:	P20
Description:	Run25

Table Header for Fixations:
Event Type	Trial	Number	Start	End	Duration	Location X	Location Y	Dispersion X	Dispersion Y	Plane	Avg. Pupil Size X	Avg. Pupil Size Y

Table Header for Saccades:
Event Type	Trial	Number	Start	End	Duration	Start Loc.X	Start Loc.Y	End Loc.X	End Loc.Y	Amplitude	Peak Speed	Peak Speed At	Average Speed	Peak Accel.	Peak Decel.	Average Accel.

Table Header for Blinks:
Event Type	Trial	Number	Start	End	Duration

Table Header for User Events:
Event Type	Trial	Number	Start	Description

UserEvent	1	1	19003794053	# Message: RC-N2forced-nonanim-1.jpg
Fixation L	1	1	19003795873	19004035993	240120	471.84	443.33	16	17	-1	13.41	13.41
Fixation R	1	1	19003795873	19004035993	240120	471.84	443.33	16	17	-1	12.79	12.79
Blink L	1	1	19004035993	19004175030	139037
Blink R	1	1	19004035993	19004175030	139037
Fixation L	1	2	19004175030	19004478678	303648	472.83	451.02	16	29	-1	13.57	13.57
Fixation R	1	2	19004175030	19004478678	303648	472.83	451.02	16	29	-1	12.92	12.92
Saccade L	1	1	19004478678	19004510094	31416	473.76	451.97	554.79	461.28	1.73	95.18	0.36	54.93	3815.33	-3476.95	2610.07
Saccade R	1	1	19004478678	19004510094	31416	473.76	451.97	554.79	461.28	1.73	95.18	0.36	54.93	3815.33	-3476.95	2610.07
Fixation L	1	3	19004510094	19004926308	416214	557.55	447.50	23	25	-1	13.48	13.48
Fixation R	1	3	19004510094	19004926308	416214	557.55	447.50	23	25	-1	12.90	12.90
Saccade L	1	2	19004926308	19004959500	33192	559.65	446.48	653.74	437.34	2.15	125.73	0.42	64.70	5146.85	-4695.41	3584.10
Saccade R	1	2	19004926308	19004959500	33192	559.65	446.48	653.74	437.34	2.15	125.73	0.42	64.70	5146.85	-4695.41	3584.10
Fixation L	1	4	19004959500	19005242426	282926	662.72	439.05	21	31	-1	13.36	13.36
Fixation R	1	4	19004959500	19005242426	282926	662.72	439.05	21	31	-1	12.79	12.79
Saccade L	1	3	19005242426	19005268419	25993	662.40	444.05	747.55	448.40	1.89	129.00	0.46	72.68	5379.23	-4862.66	3681.48
Saccade R	1	3	19005242426	19005268419	25993	662.40	444.05	747.55	448.40	1.89	129.00	0.46	72.68	5379.23	-4862.66	3681.48
Fixation L	1	5	19005268419	19005692684	424265	761.98	452.31	27	31	-1	13.17	13.17
Fixation R	1	5	19005268419	19005692684	424265	761.98	452.31	27	31	-1	12.65	12.65
Saccade L	1	4	19005692684	19005722669	29985	767.31	437.81	836.07	437.86	1.56	91.17	0.60	51.87	3385.43	-3636.59	2494.20
Saccade R	1	4	19005692684	19005722669	29985	767.31	437.81	836.07	437.86	1.56	91.17	0.60	51.87	3385.43	-3636.59	2494.20
Fixation L	1	6	19005722669	19006074766	352097	848.95	444.53	22	24	-1	12.91	12.91
Fixation R	1	6	19005722669	19006074766	352097	848.95	444.53	22	24	-1	12.29	12.29
Saccade L	1	5	19006074766	19006098764	23998	851.45	434.49	888.17	426.11	0.77	44.31	0.33	32.29	1784.91	-1700.04	1238.81
Saccade R	1	5	19006074766	19006098764	23998	851.45	434.49	888.17	426.11	0.77	44.31	0.33	32.29	1784.91	-1700.04	1238.81
Fixation L	1	7	19006098764	19006342884	244120	896.34	440.58	21	34	-1	12.69	12.69
Fixation R	1	7	19006098764	19006342884	244120	896.34	440.58	21	34	-1	12.18	12.18
Saccade L	1	6	19006342884	19006380879	37995	889.15	423.22	963.95	445.43	1.70	86.18	0.32	44.74	3193.20	-2617.01	1913.57
Saccade R	1	6	19006342884	19006380879	37995	889.15	423.22	963.95	445.43	1.70	86.18	0.32	44.74	3193.20	-2617.01	1913.57
Fixation L	1	8	19006380879	19006635200	254321	958.64	442.11	27	18	-1	12.58	12.58
Fixation R	1	8	19006380879	19006635200	254321	958.64	442.11	27	18	-1	12.11	12.11
Saccade L	1	7	19006635200	19006661007	25807	949.08	446.02	1029.82	443.63	1.87	130.66	0.53	72.53	5394.34	-5262.22	3716.32
Saccade R	1	7	19006635200	19006661007	25807	949.08	446.02	1029.82	443.63	1.87	130.66	0.53	72.53	5394.34	-5262.22	3716.32
Fixation L	1	9	19006661007	19006927104	266097	1025.58	439.26	17	27	-1	12.47	12.47
Fixation R	1	9	19006661007	19006927104	266097	1025.58	439.26	17	27	-1	12.11	12.11
Saccade L	1	8	19006927104	19006957105	30001	1028.15	445.11	1080.63	433.66	1.11	58.90	0.40	37.01	2326.70	-1828.16	1473.78
Saccade R	1	8	19006927104	19006957105	30001	1028.15	445.11	1080.63	433.66	1.11	58.90	0.40	37.01	2326.70	-1828.16	1473.78
Fixation L	1	10	19006957105	19007143246	186141	1088.66	431.31	18	24	-1	12.47	12.47
Fixation R	1	10	19006957105	19007143246	186141	1088.66	431.31	18	24	-1	12.17	12.17
Saccade L	1	9	19007143246	19007169220	25974	1086.78	422.78	1147.66	429.20	1.31	93.15	0.46	50.62	3537.11	-3307.26	2463.28
Saccade R	1	9	19007143246	19007169220	25974	1086.78	422.78	1147.66	429.20	1.31	93.15	0.46	50.62	3537.11	-3307.26	2463.28
Fixation L	1	11	19007169220	19007855572	686352	1151.94	427.35	36	29	-1	12.64	12.64
Fixation R	1	11	19007169220	19007855572	686352	1151.94	427.35	36	29	-1	12.17	12.17
Saccade L	1	10	19007855572	19007885566	29994	1159.65	423.83	1037.60	436.10	2.64	175.78	0.40	87.91	7297.94	-7014.65	5167.90
Saccade R	1	10	19007855572	19007885566	29994	1159.65	423.83	1037.60	436.10	2.64	175.78	0.40	87.91	7297.94	-7014.65	5167.90
Fixation L	1	12	19007885566	19008333726	448160	1026.22	447.61	25	34	-1	13.50	13.50
Fixation R	1	12	19007885566	19008333726	448160	1026.22	447.61	25	34	-1	12.85	12.85
Saccade L	1	11	19008333726	19008383033	49307	1032.06	450.07	749.88	446.64	6.44	274.31	0.37	130.52	12301.70	-9418.53	7203.52
Saccade R	1	11	19008333726	19008383033	49307	1032.06	450.07	749.88	446.64	6.44	274.31	0.37	130.52	12301.70	-9418.53	7203.52
Fixation L	1	13	19008383033	19008511791	128758	746.55	438.34	14	18	-1	13.55	13.55
Fixation R	1	13	19008383033	19008511791	128758	746.55	438.34	14	18	-1	13.03	13.03
Saccade L	1	12	19008511791	19008541847	30056	743.04	442.17	567.28	459.10	6.88	500.75	0.40	228.76	17121.31	-16355.15	11249.20
Saccade R	1	12	19008511791	19008541847	30056	743.04	442.17	567.28	459.10	6.88	500.75	0.40	228.76	17121.31	-16355.15	11249.20
Fixation L	1	14	19008541847	19008809904	268057	556.08	442.02	24	27	-1	13.35	13.35
Fixation R	1	14	19008541847	19008809904	268057	556.08	442.02	24	27	-1	12.82	12.82
Saccade L	1	13	19008809904	19008882070	72166	557.89	449.62	776.61	1019.85	13.94	345.68	0.25	193.12	15065.60	-8433.46	7557.41
Saccade R	1	13	19008809904	19008882070	72166	557.89	449.62	776.61	1019.85	13.94	345.68	0.25	193.12	15065.60	-8433.46	7557.41
Fixation L	1	15	19008882070	19009022030	139960	778.58	1020.25	23	18	-1	13.82	13.82
Fixation R	1	15	19008882070	19009022030	139960	778.58	1020.25	23	18	-1	13.15	13.15
Saccade L	1	14	19009022030	19009048067	26037	793.55	1010.93	897.43	1029.38	2.28	168.74	0.55	87.63	6120.61	-6464.03	4415.45
Saccade R	1	14	19009022030	19009048067	26037	793.55	1010.93	897.43	1029.38	2.28	168.74	0.55	87.63	6120.61	-6464.03	4415.45
Fixation L	1	16	19009048067	19009548252	500185	891.15	1008.59	21	46	-1	13.71	13.71
Fixation R	1	16	19009048067	19009548252	500185	891.15	1008.59	21	46	-1	13.33	13.33
