[BeGaze]
Converted from:	C:\Program Files\SMI\Experiment Suite 360\Experiment Center 2\Results\RC-Attachment-Exp\P25-eye_data.idf
Date:	18.03.2012 20:20:06
Version:	BeGaze 3.0.181
Sample Rate:	500
Subject:	P25
Description:	Run30

Table Header for Fixations:
Event Type	Trial	Number	Start	End	Duration	Location X	Location Y	Dispersion X	Dispersion Y	Plane	Avg. Pupil Size X	Avg. Pupil Size Y

Table Header for Saccades:
Event Type	Trial	Number	Start	End	Duration	Start Loc.X	Start Loc.Y	End Loc.X	End Loc.Y	Amplitude	Peak Speed	Peak Speed At	Average Speed	Peak Accel.	Peak Decel.	Average Accel.

Table Header for Blinks:
Event Type	Trial	Number	Start	End	Duration

Table Header for User Events:
Event Type	Trial	Number	Start	Description

UserEvent	1	1	10827947918	# Message: Dist-orcop-6.jpg
Fixation L	1	1	10827949177	10828529991	580814	489.88	449.36	35	35	-1	12.93	12.93
Fixation R	1	1	10827949177	10828529991	580814	489.88	449.36	35	35	-1	13.07	13.07
Fixation L	1	2	10828549992	10828737981	187989	540.69	446.46	23	24	-1	13.30	13.30
Fixation R	1	2	10828549992	10828737981	187989	540.69	446.46	23	24	-1	13.41	13.41
Saccade L	1	1	10828737981	10828780107	42126	539.98	441.34	639.83	464.44	2.32	125.33	0.38	55.17	5340.47	-4893.70	3279.33
Saccade R	1	1	10828737981	10828780107	42126	539.98	441.34	639.83	464.44	2.32	125.33	0.38	55.17	5340.47	-4893.70	3279.33
Fixation L	1	3	10828780107	10828912127	132020	643.61	460.22	19	16	-1	13.27	13.27
Fixation R	1	3	10828780107	10828912127	132020	643.61	460.22	19	16	-1	13.44	13.44
Saccade L	1	2	10828912127	10828934143	22016	645.02	456.53	611.34	452.99	0.69	54.21	0.45	31.41	1596.60	-1895.13	1160.59
Saccade R	1	2	10828912127	10828934143	22016	645.02	456.53	611.34	452.99	0.69	54.21	0.45	31.41	1596.60	-1895.13	1160.59
Fixation L	1	4	10828934143	10829044229	110086	607.85	446.44	7	9	-1	13.28	13.28
Fixation R	1	4	10828934143	10829044229	110086	607.85	446.44	7	9	-1	13.51	13.51
Saccade L	1	3	10829044229	10829074241	30012	607.31	451.26	557.67	457.84	1.17	76.46	0.53	38.88	2818.07	-2912.54	2069.11
Saccade R	1	3	10829044229	10829074241	30012	607.31	451.26	557.67	457.84	1.17	76.46	0.53	38.88	2818.07	-2912.54	2069.11
Fixation L	1	5	10829074241	10829288254	214013	555.81	458.18	10	13	-1	13.28	13.28
Fixation R	1	5	10829074241	10829288254	214013	555.81	458.18	10	13	-1	13.41	13.41
Saccade L	1	4	10829288254	10829328338	40084	556.90	459.44	648.91	447.28	2.01	103.19	0.30	50.04	4486.78	-3619.45	2652.74
Saccade R	1	4	10829288254	10829328338	40084	556.90	459.44	648.91	447.28	2.01	103.19	0.30	50.04	4486.78	-3619.45	2652.74
Fixation L	1	6	10829328338	10829508346	180008	650.62	451.60	25	13	-1	13.30	13.30
Fixation R	1	6	10829328338	10829508346	180008	650.62	451.60	25	13	-1	13.63	13.63
Saccade L	1	5	10829508346	10829548385	40039	650.36	460.61	743.48	473.77	2.05	112.08	0.30	51.25	4382.53	-4066.36	2774.08
Saccade R	1	5	10829508346	10829548385	40039	650.36	460.61	743.48	473.77	2.05	112.08	0.30	51.25	4382.53	-4066.36	2774.08
Fixation L	1	7	10829548385	10829692942	144557	743.33	464.98	23	23	-1	13.51	13.51
Fixation R	1	7	10829548385	10829692942	144557	743.33	464.98	23	23	-1	13.67	13.67
Blink L	1	1	10829692942	10829927021	234079
Blink R	1	1	10829692942	10829927021	234079
Fixation L	1	8	10829927021	10830073114	146093	679.51	440.80	15	20	-1	13.74	13.74
Fixation R	1	8	10829927021	10830073114	146093	679.51	440.80	15	20	-1	13.70	13.70
Saccade L	1	6	10830073114	10830114616	41502	679.85	427.64	767.26	445.05	1.98	106.41	0.33	47.77	4174.75	-3712.06	2550.71
Saccade R	1	6	10830073114	10830114616	41502	679.85	427.64	767.26	445.05	1.98	106.41	0.33	47.77	4174.75	-3712.06	2550.71
Fixation L	1	9	10830114616	10830292683	178067	766.98	438.25	22	20	-1	13.71	13.71
Fixation R	1	9	10830114616	10830292683	178067	766.98	438.25	22	20	-1	13.84	13.84
Saccade L	1	7	10830292683	10830330725	38042	757.47	429.31	809.67	439.74	1.18	54.24	0.37	30.96	2029.34	-1816.85	1383.75
Saccade R	1	7	10830292683	10830330725	38042	757.47	429.31	809.67	439.74	1.18	54.24	0.37	30.96	2029.34	-1816.85	1383.75
Fixation L	1	10	10830330725	10830542807	212082	818.93	435.18	15	14	-1	13.43	13.43
Fixation R	1	10	10830330725	10830542807	212082	818.93	435.18	15	14	-1	13.74	13.74
Saccade L	1	8	10830542807	10830572799	29992	820.97	444.33	883.67	439.61	1.36	89.94	0.41	45.29	3656.03	-3422.27	2527.45
Saccade R	1	8	10830542807	10830572799	29992	820.97	444.33	883.67	439.61	1.36	89.94	0.41	45.29	3656.03	-3422.27	2527.45
Fixation L	1	11	10830572799	10830868974	296175	896.33	442.14	31	16	-1	13.48	13.48
Fixation R	1	11	10830572799	10830868974	296175	896.33	442.14	31	16	-1	13.77	13.77
Saccade L	1	9	10830868974	10830904985	36011	891.82	438.47	1010.63	436.55	2.59	158.48	0.44	71.89	6532.00	-6552.31	4632.47
Saccade R	1	9	10830868974	10830904985	36011	891.82	438.47	1010.63	436.55	2.59	158.48	0.44	71.89	6532.00	-6552.31	4632.47
Fixation L	1	12	10830904985	10831363161	458176	1008.95	437.66	24	40	-1	13.42	13.42
Fixation R	1	12	10830904985	10831363161	458176	1008.95	437.66	24	40	-1	13.79	13.79
Saccade L	1	10	10831363161	10831389183	26022	1017.77	424.86	1078.34	439.40	1.34	100.36	0.46	51.55	3722.98	-3692.01	2660.16
Saccade R	1	10	10831363161	10831389183	26022	1017.77	424.86	1078.34	439.40	1.34	100.36	0.46	51.55	3722.98	-3692.01	2660.16
Fixation L	1	13	10831389183	10831549267	160084	1086.11	439.74	20	14	-1	13.42	13.42
Fixation R	1	13	10831389183	10831549267	160084	1086.11	439.74	20	14	-1	13.93	13.93
Saccade L	1	11	10831549267	10831575270	26003	1081.40	447.39	1142.50	442.59	1.42	106.24	0.62	54.70	4267.56	-4253.81	2989.46
Saccade R	1	11	10831549267	10831575270	26003	1081.40	447.39	1142.50	442.59	1.42	106.24	0.62	54.70	4267.56	-4253.81	2989.46
Fixation L	1	14	10831575270	10831733350	158080	1155.84	451.95	28	24	-1	13.52	13.52
Fixation R	1	14	10831575270	10831733350	158080	1155.84	451.95	28	24	-1	13.88	13.88
Saccade L	1	12	10831733350	10831822182	88832	1160.81	441.30	882.30	925.66	14.89	414.27	0.34	167.65	17295.98	-14809.58	8422.17
Saccade R	1	12	10831733350	10831822182	88832	1160.81	441.30	882.30	925.66	14.89	414.27	0.34	167.65	17295.98	-14809.58	8422.17
Saccade L	1	13	10831831407	10831873421	42014	877.25	925.19	936.01	840.29	2.70	179.37	0.49	64.15	6527.15	-6534.89	3962.72
Saccade R	1	13	10831831407	10831873421	42014	877.25	925.19	936.01	840.29	2.70	179.37	0.49	64.15	6527.15	-6534.89	3962.72
Saccade L	1	14	10831880936	10831913380	32444	937.38	840.20	840.49	881.92	2.41	179.59	0.38	74.34	6015.81	-6811.58	4450.40
Saccade R	1	14	10831880936	10831913380	32444	937.38	840.20	840.49	881.92	2.41	179.59	0.38	74.34	6015.81	-6811.58	4450.40
Saccade L	1	15	10831926206	10831961432	35226	839.53	876.96	880.37	879.54	1.00	49.88	0.32	28.46	1658.56	-1297.40	926.05
Saccade R	1	15	10831926206	10831961432	35226	839.53	876.96	880.37	879.54	1.00	49.88	0.32	28.46	1658.56	-1297.40	926.05
Saccade L	1	16	10831967383	10832007726	40343	883.52	878.65	888.87	944.63	1.53	84.52	0.35	37.83	2953.98	-3007.30	1907.86
Saccade R	1	16	10831967383	10832007726	40343	883.52	878.65	888.87	944.63	1.53	84.52	0.35	37.83	2953.98	-3007.30	1907.86
Fixation L	1	15	10832007726	10832593798	586072	903.63	941.46	44	28	-1	13.68	13.68
Fixation R	1	15	10832007726	10832593798	586072	903.63	941.46	44	28	-1	14.06	14.06
Saccade L	1	17	10832593798	10832623733	29935	905.22	950.73	866.24	951.19	0.84	44.97	0.53	28.05	1594.71	-1638.59	1180.66
Saccade R	1	17	10832593798	10832623733	29935	905.22	950.73	866.24	951.19	0.84	44.97	0.53	28.05	1594.71	-1638.59	1180.66
Fixation L	1	16	10832623733	10832697729	73996	868.82	957.36	13	11	-1	13.30	13.30
Fixation R	1	16	10832623733	10832697729	73996	868.82	957.36	13	11	-1	13.80	13.80
