[BeGaze]
Converted from:	C:\Program Files\SMI\Experiment Suite 360\Experiment Center 2\Results\RC-Attachment-Exp\P22-eye_data.idf
Date:	18.03.2012 20:17:51
Version:	BeGaze 3.0.181
Sample Rate:	500
Subject:	P22
Description:	Run27

Table Header for Fixations:
Event Type	Trial	Number	Start	End	Duration	Location X	Location Y	Dispersion X	Dispersion Y	Plane	Avg. Pupil Size X	Avg. Pupil Size Y

Table Header for Saccades:
Event Type	Trial	Number	Start	End	Duration	Start Loc.X	Start Loc.Y	End Loc.X	End Loc.Y	Amplitude	Peak Speed	Peak Speed At	Average Speed	Peak Accel.	Peak Decel.	Average Accel.

Table Header for Blinks:
Event Type	Trial	Number	Start	End	Duration

Table Header for User Events:
Event Type	Trial	Number	Start	Description

UserEvent	1	1	2549005182	# Message: RC-nonforced-nonanim-6.jpg
Fixation L	1	1	2549007901	2549376799	368898	520.01	468.15	51	42	-1	8.47	8.47
Fixation R	1	1	2549007901	2549376799	368898	520.01	468.15	51	42	-1	8.55	8.55
Saccade L	1	1	2549376799	2549402817	26018	553.76	493.59	633.39	479.40	1.94	137.94	0.46	74.40	5524.84	-5297.99	3750.61
Saccade R	1	1	2549376799	2549402817	26018	553.76	493.59	633.39	479.40	1.94	137.94	0.46	74.40	5524.84	-5297.99	3750.61
Fixation L	1	2	2549402817	2549586923	184106	645.52	480.76	27	14	-1	8.43	8.43
Fixation R	1	2	2549402817	2549586923	184106	645.52	480.76	27	14	-1	8.70	8.70
Saccade L	1	2	2549586923	2549614922	27999	642.95	482.29	728.92	485.01	1.85	122.92	0.43	66.09	5117.79	-4464.49	3442.44
Saccade R	1	2	2549586923	2549614922	27999	642.95	482.29	728.92	485.01	1.85	122.92	0.43	66.09	5117.79	-4464.49	3442.44
Fixation L	1	3	2549614922	2549784916	169994	733.70	480.85	36	16	-1	8.57	8.57
Fixation R	1	3	2549614922	2549784916	169994	733.70	480.85	36	16	-1	8.81	8.81
Saccade L	1	3	2549784916	2549810359	25443	715.34	476.51	794.34	473.19	1.82	127.19	0.48	71.46	5226.94	-4933.91	3566.92
Saccade R	1	3	2549784916	2549810359	25443	715.34	476.51	794.34	473.19	1.82	127.19	0.48	71.46	5226.94	-4933.91	3566.92
Fixation L	1	4	2549810359	2549965035	154676	800.14	474.44	19	16	-1	8.50	8.50
Fixation R	1	4	2549810359	2549965035	154676	800.14	474.44	19	16	-1	8.71	8.71
Saccade L	1	4	2549965035	2549991029	25994	792.97	478.41	847.68	451.30	1.28	84.72	0.48	49.29	3383.66	-3198.14	2419.53
Saccade R	1	4	2549965035	2549991029	25994	792.97	478.41	847.68	451.30	1.28	84.72	0.48	49.29	3383.66	-3198.14	2419.53
Fixation L	1	5	2549991029	2550169153	178124	839.58	467.43	18	33	-1	8.33	8.33
Fixation R	1	5	2549991029	2550169153	178124	839.58	467.43	18	33	-1	8.55	8.55
Saccade L	1	5	2550169153	2550193919	24766	834.06	466.16	874.11	447.52	0.90	54.05	0.40	36.26	2337.70	-2006.42	1508.56
Saccade R	1	5	2550169153	2550193919	24766	834.06	466.16	874.11	447.52	0.90	54.05	0.40	36.26	2337.70	-2006.42	1508.56
Fixation L	1	6	2550193919	2550343268	149349	868.36	464.08	11	24	-1	8.35	8.35
Fixation R	1	6	2550193919	2550343268	149349	868.36	464.08	11	24	-1	8.44	8.44
Saccade L	1	6	2550343268	2550369378	26110	864.20	466.88	928.08	446.55	1.42	94.42	0.43	54.37	3938.26	-3622.37	2653.42
Saccade R	1	6	2550343268	2550369378	26110	864.20	466.88	928.08	446.55	1.42	94.42	0.43	54.37	3938.26	-3622.37	2653.42
Fixation L	1	7	2550369378	2550533266	163888	934.24	457.59	17	29	-1	8.32	8.32
Fixation R	1	7	2550369378	2550533266	163888	934.24	457.59	17	29	-1	8.64	8.64
Saccade L	1	7	2550533266	2550565888	32622	925.61	472.93	1002.33	459.35	1.81	101.82	0.37	55.35	3915.06	-3786.13	2700.45
Saccade R	1	7	2550533266	2550565888	32622	925.61	472.93	1002.33	459.35	1.81	101.82	0.37	55.35	3915.06	-3786.13	2700.45
Fixation L	1	8	2550565888	2550725390	159502	1000.17	465.60	23	16	-1	8.25	8.25
Fixation R	1	8	2550565888	2550725390	159502	1000.17	465.60	23	16	-1	8.50	8.50
Saccade L	1	8	2550725390	2550752638	27248	984.33	475.95	1057.99	474.95	1.63	107.45	0.44	59.87	4293.70	-4280.53	3087.03
Saccade R	1	8	2550725390	2550752638	27248	984.33	475.95	1057.99	474.95	1.63	107.45	0.44	59.87	4293.70	-4280.53	3087.03
Fixation L	1	9	2550752638	2550966753	214115	1068.90	475.49	22	37	-1	8.21	8.21
Fixation R	1	9	2550752638	2550966753	214115	1068.90	475.49	22	37	-1	8.49	8.49
Blink L	1	1	2550966753	2551131500	164747
Blink R	1	1	2550966753	2551131500	164747
Fixation L	1	10	2551131500	2551219655	88155	636.90	658.44	1204	1132	-1	10.51	10.51
Saccade R	1	9	2551131500	2551219655	88155	0.00	0.00	945.64	924.90	37.84	2152.58	0.30	429.27	70637.77	-75604.90	22754.56
Fixation L	1	11	2551271622	2551341612	69990	901.11	895.03	6	27	-1	7.85	7.85
Fixation R	1	10	2551271622	2551341612	69990	901.11	895.03	6	27	-1	8.44	8.44
Fixation L	1	12	2551355613	2552002698	647085	899.08	956.16	65	71	-1	9.03	9.03
Fixation R	1	11	2551355613	2552002698	647085	899.08	956.16	65	71	-1	9.33	9.33
