[BeGaze]
Converted from:	C:\Program Files\SMI\Experiment Suite 360\Experiment Center 2\Results\RC-Attachment-Exp\P33-eye_data.idf
Date:	18.03.2012 20:30:07
Version:	BeGaze 3.0.181
Sample Rate:	500
Subject:	P33
Description:	Run38

Table Header for Fixations:
Event Type	Trial	Number	Start	End	Duration	Location X	Location Y	Dispersion X	Dispersion Y	Plane	Avg. Pupil Size X	Avg. Pupil Size Y

Table Header for Saccades:
Event Type	Trial	Number	Start	End	Duration	Start Loc.X	Start Loc.Y	End Loc.X	End Loc.Y	Amplitude	Peak Speed	Peak Speed At	Average Speed	Peak Accel.	Peak Decel.	Average Accel.

Table Header for Blinks:
Event Type	Trial	Number	Start	End	Duration

Table Header for User Events:
Event Type	Trial	Number	Start	Description

UserEvent	1	1	3845953833	# Message: RC-N1forced-anim-6.jpg
Fixation L	1	1	3845955739	3846259821	304082	491.79	441.45	31	28	-1	11.50	11.50
Fixation R	1	1	3845955739	3846259821	304082	491.79	441.45	31	28	-1	12.08	12.08
Saccade L	1	1	3846259821	3846283819	23998	469.74	454.02	531.33	453.20	1.26	89.49	0.42	52.39	3368.78	-3507.01	2434.56
Saccade R	1	1	3846259821	3846283819	23998	469.74	454.02	531.33	453.20	1.26	89.49	0.42	52.39	3368.78	-3507.01	2434.56
Fixation L	1	2	3846283819	3846426141	142322	532.21	446.79	9	12	-1	11.83	11.83
Fixation R	1	2	3846283819	3846426141	142322	532.21	446.79	9	12	-1	12.40	12.40
Saccade L	1	2	3846426141	3846455931	29790	530.49	441.49	616.28	455.96	1.84	114.32	0.40	61.60	4586.82	-4385.47	3213.53
Saccade R	1	2	3846426141	3846455931	29790	530.49	441.49	616.28	455.96	1.84	114.32	0.40	61.60	4586.82	-4385.47	3213.53
Fixation L	1	3	3846455931	3846632065	176134	620.19	446.54	13	28	-1	11.77	11.77
Fixation R	1	3	3846455931	3846632065	176134	620.19	446.54	13	28	-1	12.25	12.25
Saccade L	1	3	3846632065	3846658901	26836	622.83	432.23	726.50	440.71	2.24	153.73	0.52	83.45	6331.46	-6399.15	4579.61
Saccade R	1	3	3846632065	3846658901	26836	622.83	432.23	726.50	440.71	2.24	153.73	0.52	83.45	6331.46	-6399.15	4579.61
Fixation L	1	4	3846658901	3846828049	169148	712.16	441.83	26	24	-1	11.52	11.52
Fixation R	1	4	3846658901	3846828049	169148	712.16	441.83	26	24	-1	12.09	12.09
Saccade L	1	4	3846828049	3846852040	23991	708.30	434.62	775.46	450.67	1.46	108.02	0.50	60.71	4327.61	-4061.95	2888.12
Saccade R	1	4	3846828049	3846852040	23991	708.30	434.62	775.46	450.67	1.46	108.02	0.50	60.71	4327.61	-4061.95	2888.12
Fixation L	1	5	3846852040	3847250281	398241	799.00	449.20	41	27	-1	11.50	11.50
Fixation R	1	5	3846852040	3847250281	398241	799.00	449.20	41	27	-1	11.94	11.94
Saccade L	1	5	3847250281	3847286285	36004	807.35	431.74	880.34	443.80	1.64	75.89	0.43	45.49	3257.23	-2528.56	2090.87
Saccade R	1	5	3847250281	3847286285	36004	807.35	431.74	880.34	443.80	1.64	75.89	0.43	45.49	3257.23	-2528.56	2090.87
Fixation L	1	6	3847286285	3847528397	242112	888.43	447.86	22	19	-1	11.57	11.57
Fixation R	1	6	3847286285	3847528397	242112	888.43	447.86	22	19	-1	12.11	12.11
Saccade L	1	6	3847528397	3847560400	32003	885.53	450.08	958.63	440.79	1.57	95.08	0.38	48.96	3996.53	-3270.76	2514.55
Saccade R	1	6	3847528397	3847560400	32003	885.53	450.08	958.63	440.79	1.57	95.08	0.38	48.96	3996.53	-3270.76	2514.55
Fixation L	1	7	3847560400	3847800559	240159	951.03	450.20	25	17	-1	11.56	11.56
Fixation R	1	7	3847560400	3847800559	240159	951.03	450.20	25	17	-1	12.16	12.16
Saccade L	1	7	3847800559	3847830509	29950	951.03	454.74	1013.79	442.03	1.47	83.73	0.40	48.93	3209.50	-3334.53	2364.73
Saccade R	1	7	3847800559	3847830509	29950	951.03	454.74	1013.79	442.03	1.47	83.73	0.40	48.93	3209.50	-3334.53	2364.73
Fixation L	1	8	3847830509	3847988626	158117	1020.65	446.34	16	9	-1	11.72	11.72
Fixation R	1	8	3847830509	3847988626	158117	1020.65	446.34	16	9	-1	12.18	12.18
Saccade L	1	8	3847988626	3848013247	24621	1027.83	441.24	1071.60	445.58	0.94	62.71	0.41	38.38	2278.38	-1999.15	1506.48
Saccade R	1	8	3847988626	3848013247	24621	1027.83	441.24	1071.60	445.58	0.94	62.71	0.41	38.38	2278.38	-1999.15	1506.48
Fixation L	1	9	3848013247	3848260738	247491	1085.16	437.27	23	18	-1	11.63	11.63
Fixation R	1	9	3848013247	3848260738	247491	1085.16	437.27	23	18	-1	12.19	12.19
Saccade L	1	9	3848260738	3848286732	25994	1071.40	434.20	1111.57	447.96	0.85	48.87	0.38	32.56	1219.14	-1779.03	1056.33
Saccade R	1	9	3848260738	3848286732	25994	1071.40	434.20	1111.57	447.96	0.85	48.87	0.38	32.56	1219.14	-1779.03	1056.33
Fixation L	1	10	3848286732	3848478738	192006	1110.11	442.75	22	19	-1	11.68	11.68
Fixation R	1	10	3848286732	3848478738	192006	1110.11	442.75	22	19	-1	12.32	12.32
Saccade L	1	10	3848478738	3848555931	77193	1116.98	441.66	849.53	947.30	13.61	284.65	0.47	176.28	12501.22	-7855.94	6316.96
Saccade R	1	10	3848478738	3848555931	77193	1116.98	441.66	849.53	947.30	13.61	284.65	0.47	176.28	12501.22	-7855.94	6316.96
Fixation L	1	11	3848555931	3849055561	499630	881.77	950.12	64	52	-1	12.23	12.23
Fixation R	1	11	3848555931	3849055561	499630	881.77	950.12	64	52	-1	12.81	12.81
