[BeGaze]
Converted from:	C:\Program Files\SMI\Experiment Suite 360\Experiment Center 2\Results\RC-Attachment-Exp\Denek04-eye_data.idf
Date:	24.02.2012 09:58:11
Version:	BeGaze 3.0.181
Sample Rate:	500
Subject:	Denek04
Description:	Run7

Table Header for Fixations:
Event Type	Trial	Number	Start	End	Duration	Location X	Location Y	Dispersion X	Dispersion Y	Plane	Avg. Pupil Size X	Avg. Pupil Size Y

Table Header for Saccades:
Event Type	Trial	Number	Start	End	Duration	Start Loc.X	Start Loc.Y	End Loc.X	End Loc.Y	Amplitude	Peak Speed	Peak Speed At	Average Speed	Peak Accel.	Peak Decel.	Average Accel.

Table Header for Blinks:
Event Type	Trial	Number	Start	End	Duration

Table Header for User Events:
Event Type	Trial	Number	Start	Description

UserEvent	1	1	6729759938	# Message: Dist-srthm-24.jpg
Fixation L	1	1	6729761975	6730315176	553201	503.34	436.58	26	33	-1	11.23	11.23
Fixation R	1	1	6729761975	6730315176	553201	503.34	436.58	26	33	-1	11.55	11.55
Saccade L	1	1	6730315176	6730337174	21998	495.23	438.37	540.32	447.18	0.95	67.05	0.46	43.35	2830.13	-2552.09	1887.51
Saccade R	1	1	6730315176	6730337174	21998	495.23	438.37	540.32	447.18	0.95	67.05	0.46	43.35	2830.13	-2552.09	1887.51
Fixation L	1	2	6730337174	6730511164	173990	537.09	430.54	12	32	-1	10.90	10.90
Fixation R	1	2	6730337174	6730511164	173990	537.09	430.54	12	32	-1	11.32	11.32
Saccade L	1	2	6730511164	6730533163	21999	534.82	414.22	606.60	422.47	1.43	119.06	0.55	64.96	4274.58	-4314.66	2933.41
Saccade R	1	2	6730511164	6730533163	21999	534.82	414.22	606.60	422.47	1.43	119.06	0.55	64.96	4274.58	-4314.66	2933.41
Fixation L	1	3	6730533163	6730787275	254112	601.93	426.79	22	14	-1	10.96	10.96
Fixation R	1	3	6730533163	6730787275	254112	601.93	426.79	22	14	-1	11.42	11.42
Saccade L	1	3	6730787275	6730815505	28230	604.12	437.02	690.86	428.05	1.89	122.00	0.50	66.90	4907.40	-4830.64	3534.74
Saccade R	1	3	6730787275	6730815505	28230	604.12	437.02	690.86	428.05	1.89	122.00	0.50	66.90	4907.40	-4830.64	3534.74
Fixation L	1	4	6730815505	6730915397	99892	683.28	422.61	19	15	-1	11.07	11.07
Fixation R	1	4	6730815505	6730915397	99892	683.28	422.61	19	15	-1	11.51	11.51
Saccade L	1	4	6730915397	6730937403	22006	681.38	432.80	740.21	445.86	1.26	101.89	0.56	57.30	3682.78	-3904.75	2484.95
Saccade R	1	4	6730915397	6730937403	22006	681.38	432.80	740.21	445.86	1.26	101.89	0.56	57.30	3682.78	-3904.75	2484.95
Fixation L	1	5	6730937403	6731151513	214110	732.19	440.75	20	16	-1	11.12	11.12
Fixation R	1	5	6730937403	6731151513	214110	732.19	440.75	20	16	-1	11.47	11.47
Fixation L	1	6	6731171513	6731399648	228135	760.04	428.47	9	19	-1	11.14	11.14
Fixation R	1	6	6731171513	6731399648	228135	760.04	428.47	9	19	-1	11.62	11.62
Saccade L	1	5	6731399648	6731421628	21980	759.25	431.58	848.52	422.04	1.78	141.80	0.55	80.91	5940.71	-5348.36	3846.58
Saccade R	1	5	6731399648	6731421628	21980	759.25	431.58	848.52	422.04	1.78	141.80	0.55	80.91	5940.71	-5348.36	3846.58
Fixation L	1	7	6731421628	6731677743	256115	833.26	434.38	26	24	-1	11.18	11.18
Fixation R	1	7	6731421628	6731677743	256115	833.26	434.38	26	24	-1	11.65	11.65
Saccade L	1	6	6731677743	6731703818	26075	827.43	444.22	884.86	443.13	1.21	78.94	0.54	46.38	3292.86	-2943.16	2283.21
Saccade R	1	6	6731677743	6731703818	26075	827.43	444.22	884.86	443.13	1.21	78.94	0.54	46.38	3292.86	-2943.16	2283.21
Fixation L	1	8	6731703818	6731783784	79966	877.69	443.09	13	12	-1	11.24	11.24
Fixation R	1	8	6731703818	6731783784	79966	877.69	443.09	13	12	-1	11.76	11.76
Saccade L	1	7	6731783784	6731806072	22288	871.95	442.79	932.14	442.45	1.24	96.88	0.54	55.64	3736.48	-3736.26	2501.34
Saccade R	1	7	6731783784	6731806072	22288	871.95	442.79	932.14	442.45	1.24	96.88	0.54	55.64	3736.48	-3736.26	2501.34
Fixation L	1	9	6731806072	6732204430	398358	926.85	443.42	21	16	-1	11.30	11.30
Fixation R	1	9	6731806072	6732204430	398358	926.85	443.42	21	16	-1	11.80	11.80
Saccade L	1	8	6732204430	6732230025	25595	923.61	452.96	1030.72	450.95	2.19	154.10	0.45	85.73	6329.43	-6210.93	4518.75
Saccade R	1	8	6732204430	6732230025	25595	923.61	452.96	1030.72	450.95	2.19	154.10	0.45	85.73	6329.43	-6210.93	4518.75
Fixation L	1	10	6732230025	6732411033	181008	1020.29	450.18	18	10	-1	11.25	11.25
Fixation R	1	10	6732230025	6732411033	181008	1020.29	450.18	18	10	-1	11.83	11.83
Saccade L	1	9	6732411033	6732434088	23055	1017.86	450.80	1124.80	446.16	2.12	178.14	0.48	91.92	7224.46	-6406.18	4738.79
Saccade R	1	9	6732411033	6732434088	23055	1017.86	450.80	1124.80	446.16	2.12	178.14	0.48	91.92	7224.46	-6406.18	4738.79
Fixation L	1	11	6732434088	6733186357	752269	1117.96	447.30	45	24	-1	11.16	11.16
Fixation R	1	11	6732434088	6733186357	752269	1117.96	447.30	45	24	-1	11.88	11.88
Saccade L	1	10	6733186357	6733212422	26065	1128.57	444.62	1062.07	425.75	1.52	101.39	0.46	58.36	4193.40	-3713.67	2849.31
Saccade R	1	10	6733186357	6733212422	26065	1128.57	444.62	1062.07	425.75	1.52	101.39	0.46	58.36	4193.40	-3713.67	2849.31
Fixation L	1	12	6733212422	6733440447	228025	1067.65	434.95	17	18	-1	11.52	11.52
Fixation R	1	12	6733212422	6733440447	228025	1067.65	434.95	17	18	-1	12.23	12.23
Saccade L	1	11	6733440447	6733522560	82113	1064.42	438.20	888.26	918.13	13.42	334.08	0.27	163.44	14154.55	-11543.50	6829.02
Saccade R	1	11	6733440447	6733522560	82113	1064.42	438.20	888.26	918.13	13.42	334.08	0.27	163.44	14154.55	-11543.50	6829.02
Fixation L	1	13	6733522560	6734006835	484275	876.12	945.72	58	47	-1	12.04	12.04
Fixation R	1	13	6733522560	6734006835	484275	876.12	945.72	58	47	-1	12.73	12.73
