[BeGaze]
Converted from:	C:\Program Files\SMI\Experiment Suite 360\Experiment Center 2\Results\RC-Attachment-Exp\P09-eye_data.idf
Date:	18.03.2012 20:08:02
Version:	BeGaze 3.0.181
Sample Rate:	500
Subject:	P09
Description:	Run14

Table Header for Fixations:
Event Type	Trial	Number	Start	End	Duration	Location X	Location Y	Dispersion X	Dispersion Y	Plane	Avg. Pupil Size X	Avg. Pupil Size Y

Table Header for Saccades:
Event Type	Trial	Number	Start	End	Duration	Start Loc.X	Start Loc.Y	End Loc.X	End Loc.Y	Amplitude	Peak Speed	Peak Speed At	Average Speed	Peak Accel.	Peak Decel.	Average Accel.

Table Header for Blinks:
Event Type	Trial	Number	Start	End	Duration

Table Header for User Events:
Event Type	Trial	Number	Start	Description

UserEvent	1	1	7893662006	# Message: RC-N1forced-nonanim-6.jpg
Fixation L	1	1	7893664777	7893857458	192681	485.06	442.22	27	38	-1	13.22	13.22
Fixation R	1	1	7893664777	7893857458	192681	485.06	442.22	27	38	-1	13.73	13.73
Saccade L	1	1	7893857458	7893911473	54015	500.89	434.91	502.75	458.46	1.69	46.59	0.22	31.21	1166.02	-1137.26	572.00
Saccade R	1	1	7893857458	7893911473	54015	500.89	434.91	502.75	458.46	1.69	46.59	0.22	31.21	1166.02	-1137.26	572.00
Fixation L	1	2	7893911473	7894250089	338616	534.45	456.51	61	20	-1	13.28	13.28
Fixation R	1	2	7893911473	7894250089	338616	534.45	456.51	61	20	-1	13.78	13.78
Saccade L	1	2	7894250089	7894285701	35612	552.40	445.57	619.80	444.08	1.46	71.14	0.55	41.08	2411.38	-2731.20	1861.75
Saccade R	1	2	7894250089	7894285701	35612	552.40	445.57	619.80	444.08	1.46	71.14	0.55	41.08	2411.38	-2731.20	1861.75
Fixation L	1	3	7894285701	7894471696	185995	619.83	445.22	28	16	-1	13.17	13.17
Fixation R	1	3	7894285701	7894471696	185995	619.83	445.22	28	16	-1	13.84	13.84
Fixation L	1	4	7894487700	7894707809	220109	651.38	445.03	21	33	-1	13.31	13.31
Fixation R	1	4	7894487700	7894707809	220109	651.38	445.03	21	33	-1	13.98	13.98
Saccade L	1	3	7894759942	7894801943	42001	641.04	449.95	733.80	459.45	2.01	98.26	0.24	47.97	2752.34	-3136.80	1943.16
Saccade R	1	3	7894759942	7894801943	42001	641.04	449.95	733.80	459.45	2.01	98.26	0.24	47.97	2752.34	-3136.80	1943.16
Fixation L	1	5	7894801943	7895017933	215990	730.99	444.22	34	39	-1	13.39	13.39
Fixation R	1	5	7894801943	7895017933	215990	730.99	444.22	34	39	-1	14.07	14.07
Saccade L	1	4	7895017933	7895040051	22118	751.28	443.55	719.17	456.79	0.68	43.62	0.46	30.91	1306.76	-1325.14	972.97
Saccade R	1	4	7895017933	7895040051	22118	751.28	443.55	719.17	456.79	0.68	43.62	0.46	30.91	1306.76	-1325.14	972.97
Saccade L	1	5	7895072056	7895096050	23994	728.12	444.85	795.68	441.09	1.43	102.39	0.50	59.75	3882.62	-3904.33	2724.96
Saccade R	1	5	7895072056	7895096050	23994	728.12	444.85	795.68	441.09	1.43	102.39	0.50	59.75	3882.62	-3904.33	2724.96
Fixation L	1	6	7895096050	7895252048	155998	794.02	435.66	20	16	-1	13.47	13.47
Fixation R	1	6	7895096050	7895252048	155998	794.02	435.66	20	16	-1	14.15	14.15
Saccade L	1	6	7895252048	7895280176	28128	797.85	428.00	703.61	443.31	1.98	130.40	0.50	70.39	5052.99	-5495.04	3868.95
Saccade R	1	6	7895252048	7895280176	28128	797.85	428.00	703.61	443.31	1.98	130.40	0.50	70.39	5052.99	-5495.04	3868.95
Fixation L	1	7	7895280176	7895506167	225991	711.44	445.81	27	38	-1	13.47	13.47
Fixation R	1	7	7895280176	7895506167	225991	711.44	445.81	27	38	-1	14.16	14.16
Saccade L	1	7	7895506167	7895530841	24674	726.37	465.41	802.37	463.03	1.63	122.27	0.49	66.26	4778.03	-4862.57	3393.76
Saccade R	1	7	7895506167	7895530841	24674	726.37	465.41	802.37	463.03	1.63	122.27	0.49	66.26	4778.03	-4862.57	3393.76
Fixation L	1	8	7895530841	7895766287	235446	804.84	462.51	30	29	-1	13.47	13.47
Fixation R	1	8	7895530841	7895766287	235446	804.84	462.51	30	29	-1	14.30	14.30
Saccade L	1	8	7895766287	7895804297	38010	790.86	468.91	911.56	453.79	2.63	120.80	0.32	69.25	5095.51	-4404.74	3493.01
Saccade R	1	8	7895766287	7895804297	38010	790.86	468.91	911.56	453.79	2.63	120.80	0.32	69.25	5095.51	-4404.74	3493.01
Fixation L	1	9	7895804297	7895904420	100123	905.04	440.06	27	40	-1	13.51	13.51
Fixation R	1	9	7895804297	7895904420	100123	905.04	440.06	27	40	-1	14.27	14.27
Saccade L	1	9	7895904420	7895928448	24028	892.48	438.29	789.31	452.57	2.15	167.00	0.50	89.57	6493.01	-6019.79	4326.54
Saccade R	1	9	7895904420	7895928448	24028	892.48	438.29	789.31	452.57	2.15	167.00	0.50	89.57	6493.01	-6019.79	4326.54
Fixation L	1	10	7895928448	7896098547	170099	807.75	441.71	43	26	-1	13.50	13.50
Fixation R	1	10	7895928448	7896098547	170099	807.75	441.71	43	26	-1	14.33	14.33
Fixation L	1	11	7896128530	7896302525	173995	804.19	431.32	36	35	-1	13.60	13.60
Fixation R	1	11	7896128530	7896302525	173995	804.19	431.32	36	35	-1	14.39	14.39
Saccade L	1	10	7896302525	7896333058	30533	799.66	434.13	906.20	433.16	2.45	144.40	0.46	80.18	5940.21	-5943.96	4321.81
Saccade R	1	10	7896302525	7896333058	30533	799.66	434.13	906.20	433.16	2.45	144.40	0.46	80.18	5940.21	-5943.96	4321.81
Fixation L	1	12	7896333058	7896634764	301706	906.26	435.62	19	29	-1	13.56	13.56
Fixation R	1	12	7896333058	7896634764	301706	906.26	435.62	19	29	-1	14.35	14.35
Saccade L	1	11	7896634764	7896664777	30013	904.12	452.92	987.40	455.41	1.80	112.82	0.33	59.86	4465.12	-4386.54	3140.43
Saccade R	1	11	7896634764	7896664777	30013	904.12	452.92	987.40	455.41	1.80	112.82	0.33	59.86	4465.12	-4386.54	3140.43
Fixation L	1	13	7896664777	7896804761	139984	982.68	448.24	24	22	-1	13.49	13.49
Fixation R	1	13	7896664777	7896804761	139984	982.68	448.24	24	22	-1	14.31	14.31
Saccade L	1	12	7896804761	7896830763	26002	989.21	449.15	910.50	448.24	1.73	116.32	0.54	66.44	4897.17	-4558.85	3352.96
Saccade R	1	12	7896804761	7896830763	26002	989.21	449.15	910.50	448.24	1.73	116.32	0.54	66.44	4897.17	-4558.85	3352.96
Fixation L	1	14	7896830763	7896985161	154398	913.71	448.28	20	18	-1	13.31	13.31
Fixation R	1	14	7896830763	7896985161	154398	913.71	448.28	20	18	-1	14.17	14.17
Saccade L	1	13	7896985161	7897028911	43750	921.80	438.25	1047.90	449.95	2.85	139.71	0.31	65.14	5455.62	-4858.55	3244.23
Saccade R	1	13	7896985161	7897028911	43750	921.80	438.25	1047.90	449.95	2.85	139.71	0.31	65.14	5455.62	-4858.55	3244.23
Fixation L	1	15	7897028911	7897249000	220089	1032.28	452.03	42	42	-1	13.23	13.23
Fixation R	1	15	7897028911	7897249000	220089	1032.28	452.03	42	42	-1	13.99	13.99
Saccade L	1	14	7897249000	7897271004	22004	1005.43	459.51	1101.03	443.36	1.97	169.19	0.55	89.64	5803.88	-5908.62	3769.93
Saccade R	1	14	7897249000	7897271004	22004	1005.43	459.51	1101.03	443.36	1.97	169.19	0.55	89.64	5803.88	-5908.62	3769.93
Fixation L	1	16	7897271004	7897508055	237051	1094.77	429.32	29	28	-1	13.13	13.13
Fixation R	1	16	7897271004	7897508055	237051	1094.77	429.32	29	28	-1	13.87	13.87
Saccade L	1	15	7897508055	7897530263	22208	1095.06	425.13	1162.71	423.55	1.40	120.33	0.50	62.83	4496.99	-4254.13	2825.65
Saccade R	1	15	7897508055	7897530263	22208	1095.06	425.13	1162.71	423.55	1.40	120.33	0.50	62.83	4496.99	-4254.13	2825.65
Fixation L	1	17	7897530263	7897651125	120862	1163.52	420.59	31	13	-1	13.03	13.03
Fixation R	1	17	7897530263	7897651125	120862	1163.52	420.59	31	13	-1	13.82	13.82
Fixation L	1	18	7897671119	7898045825	374706	1152.93	425.73	26	29	-1	12.96	12.96
Fixation R	1	18	7897671119	7898045825	374706	1152.93	425.73	26	29	-1	13.79	13.79
Saccade L	1	16	7898045825	7898113361	67536	1139.87	434.10	918.26	878.58	11.42	288.51	0.44	169.13	11928.26	-11265.58	7168.46
Saccade R	1	16	7898045825	7898113361	67536	1139.87	434.10	918.26	878.58	11.42	288.51	0.44	169.13	11928.26	-11265.58	7168.46
Fixation L	1	19	7898113361	7898239496	126135	919.16	891.44	20	19	-1	12.90	12.90
Fixation R	1	19	7898113361	7898239496	126135	919.16	891.44	20	19	-1	13.84	13.84
Saccade L	1	17	7898239496	7898261361	21865	926.23	895.28	867.11	875.39	1.29	98.09	0.48	59.14	3583.36	-3850.34	2616.79
Saccade R	1	17	7898239496	7898261361	21865	926.23	895.28	867.11	875.39	1.29	98.09	0.48	59.14	3583.36	-3850.34	2616.79
Fixation L	1	20	7898261361	7899350077	1088716	874.32	893.00	47	50	-1	12.70	12.70
Fixation R	1	20	7898261361	7899350077	1088716	874.32	893.00	47	50	-1	13.68	13.68
Fixation L	1	21	7899381956	7900136682	754726	883.38	896.67	58	61	-1	12.92	12.92
Fixation R	1	21	7899381956	7900136682	754726	883.38	896.67	58	61	-1	13.94	13.94
Blink L	1	1	7900136682	7900352332	215650
Blink R	1	1	7900136682	7900352332	215650
Saccade L	1	18	7900356323	7900380309	23986	815.05	749.42	851.96	766.11	1.05	62.29	0.31	43.89	-51.84	-5610.69	1969.33
Saccade R	1	18	7900356323	7900380309	23986	815.05	749.42	851.96	766.11	1.05	62.29	0.31	43.89	-51.84	-5610.69	1969.33
Saccade L	1	19	7900418447	7900476428	57981	864.26	791.82	927.22	829.44	1.92	51.05	0.79	33.12	682.95	-1254.71	519.97
Saccade R	1	19	7900418447	7900476428	57981	864.26	791.82	927.22	829.44	1.92	51.05	0.79	33.12	682.95	-1254.71	519.97
Saccade L	1	20	7900482435	7900510430	27995	931.44	831.89	892.83	851.99	0.94	44.83	0.52	33.68	1201.04	-1428.58	950.06
Saccade R	1	20	7900482435	7900510430	27995	931.44	831.89	892.83	851.99	0.94	44.83	0.52	33.68	1201.04	-1428.58	950.06
Fixation L	1	22	7900510430	7900578777	68347	905.78	857.25	23	24	-1	12.75	12.75
Fixation R	1	22	7900510430	7900578777	68347	905.78	857.25	23	24	-1	13.69	13.69
Fixation L	1	23	7900598445	7900678555	80110	869.41	888.62	17	16	-1	12.52	12.52
Fixation R	1	23	7900598445	7900678555	80110	869.41	888.62	17	16	-1	13.61	13.61
Saccade L	1	21	7900678555	7900702554	23999	860.51	895.30	893.12	888.43	0.73	40.43	0.51	30.42	1433.68	-1358.85	1011.96
Saccade R	1	21	7900678555	7900702554	23999	860.51	895.30	893.12	888.43	0.73	40.43	0.51	30.42	1433.68	-1358.85	1011.96
Fixation L	1	24	7900702554	7901136675	434121	874.00	904.93	42	37	-1	12.56	12.56
Fixation R	1	24	7900702554	7901136675	434121	874.00	904.93	42	37	-1	13.39	13.39
Saccade L	1	22	7901136675	7901158672	21997	892.14	912.64	876.72	880.98	0.64	40.16	0.37	29.14	315.51	-1117.55	547.40
Saccade R	1	22	7901136675	7901158672	21997	892.14	912.64	876.72	880.98	0.64	40.16	0.37	29.14	315.51	-1117.55	547.40
Fixation L	1	25	7901158672	7901224806	66134	868.04	897.85	15	31	-1	12.76	12.76
Fixation R	1	25	7901158672	7901224806	66134	868.04	897.85	15	31	-1	13.56	13.56
Saccade L	1	23	7901224806	7901259270	34464	861.71	912.27	944.85	895.04	1.87	91.03	0.35	54.35	3777.59	-3443.52	2678.47
Saccade R	1	23	7901224806	7901259270	34464	861.71	912.27	944.85	895.04	1.87	91.03	0.35	54.35	3777.59	-3443.52	2678.47
Fixation L	1	26	7901259270	7901933027	673757	902.13	916.48	96	46	-1	13.20	13.20
Fixation R	1	26	7901259270	7901933027	673757	902.13	916.48	96	46	-1	13.99	13.99
Saccade L	1	24	7901933027	7901955032	22005	887.61	912.01	849.40	912.61	0.75	49.45	0.45	34.15	1931.59	-1518.37	1253.08
Saccade R	1	24	7901933027	7901955032	22005	887.61	912.01	849.40	912.61	0.75	49.45	0.45	34.15	1931.59	-1518.37	1253.08
Fixation L	1	27	7901955032	7902479266	524234	845.88	904.09	44	50	-1	13.29	13.29
Fixation R	1	27	7901955032	7902479266	524234	845.88	904.09	44	50	-1	14.14	14.14
