[BeGaze]
Converted from:	C:\Program Files\SMI\Experiment Suite 360\Experiment Center 2\Results\RC-Attachment-Exp\deneme-eye_data.idf
Date:	24.02.2012 09:57:34
Version:	BeGaze 3.0.181
Sample Rate:	500
Subject:	deneme
Description:	Run3

Table Header for Fixations:
Event Type	Trial	Number	Start	End	Duration	Location X	Location Y	Dispersion X	Dispersion Y	Plane	Avg. Pupil Size X	Avg. Pupil Size Y

Table Header for Saccades:
Event Type	Trial	Number	Start	End	Duration	Start Loc.X	Start Loc.Y	End Loc.X	End Loc.Y	Amplitude	Peak Speed	Peak Speed At	Average Speed	Peak Accel.	Peak Decel.	Average Accel.

Table Header for Blinks:
Event Type	Trial	Number	Start	End	Duration

Table Header for User Events:
Event Type	Trial	Number	Start	Description

UserEvent	1	1	8658138007	# Message: Questionnaire10.jpg
Fixation L	1	1	8658141782	8658569190	427408	873.31	963.22	42	32	-1	10.19	10.19
Fixation R	1	1	8658141782	8658569190	427408	873.31	963.22	42	32	-1	9.89	9.89
Saccade L	1	1	8658569190	8658653340	84150	874.26	968.93	430.36	464.49	15.18	403.80	0.21	180.42	17772.01	-7444.14	7051.34
Saccade R	1	1	8658569190	8658653340	84150	874.26	968.93	430.36	464.49	15.18	403.80	0.21	180.42	17772.01	-7444.14	7051.34
Fixation L	1	2	8658653340	8658949437	296097	417.56	461.68	41	19	-1	10.00	10.00
Fixation R	1	2	8658653340	8658949437	296097	417.56	461.68	41	19	-1	9.42	9.42
Blink L	1	1	8658979423	8659015425	36002
Blink R	1	1	8658979423	8659015425	36002
Fixation L	1	3	8659015425	8659393590	378165	0.00	0.00	0	0	-1	0.00	0.00
Fixation R	1	3	8659015425	8659393590	378165	0.00	0.00	0	0	-1	0.00	0.00
Saccade L	1	2	8659393590	8659661669	268079	0.00	0.00	537.02	411.42	119.44	1323.54	0.92	445.54	50313.42	-49404.78	31813.00
Saccade R	1	2	8659393590	8659661669	268079	0.00	0.00	537.02	411.42	119.44	1323.54	0.92	445.54	50313.42	-49404.78	31813.00
Saccade L	1	3	8659697658	8659747655	49997	530.29	414.88	615.27	394.46	3.19	138.92	0.67	63.71	5251.76	-5142.19	3669.99
Saccade R	1	3	8659697658	8659747655	49997	530.29	414.88	615.27	394.46	3.19	138.92	0.67	63.71	5251.76	-5142.19	3669.99
Fixation L	1	4	8659747655	8659947797	200142	605.44	382.75	16	32	-1	10.16	10.16
Fixation R	1	4	8659747655	8659947797	200142	605.44	382.75	16	32	-1	9.64	9.64
Saccade L	1	4	8659947797	8659971771	23974	605.74	369.57	669.45	373.44	1.40	106.97	0.50	58.48	4260.59	-3903.17	2859.17
Saccade R	1	4	8659947797	8659971771	23974	605.74	369.57	669.45	373.44	1.40	106.97	0.50	58.48	4260.59	-3903.17	2859.17
Fixation L	1	5	8659971771	8660112588	140817	674.03	366.58	19	15	-1	10.22	10.22
Fixation R	1	5	8659971771	8660112588	140817	674.03	366.58	19	15	-1	9.76	9.76
Saccade L	1	5	8660112588	8660139903	27315	677.94	364.19	726.49	366.43	1.22	80.21	0.34	44.51	2847.86	-2602.09	1771.61
Saccade R	1	5	8660112588	8660139903	27315	677.94	364.19	726.49	366.43	1.22	80.21	0.34	44.51	2847.86	-2602.09	1771.61
Fixation L	1	6	8660139903	8660233915	94012	727.78	370.04	5	11	-1	10.23	10.23
Fixation R	1	6	8660139903	8660233915	94012	727.78	370.04	5	11	-1	9.82	9.82
Saccade L	1	6	8660233915	8660289483	55568	726.44	364.21	418.94	467.03	7.81	305.08	0.33	140.62	13421.96	-11283.22	8037.78
Saccade R	1	6	8660233915	8660289483	55568	726.44	364.21	418.94	467.03	7.81	305.08	0.33	140.62	13421.96	-11283.22	8037.78
Fixation L	1	7	8660289483	8660950246	660763	413.48	474.86	24	24	-1	10.24	10.24
Fixation R	1	7	8660289483	8660950246	660763	413.48	474.86	24	24	-1	9.70	9.70
UserEvent	1	55	8660684946	# Message: UE-mouseclick left x=421 y=469
Saccade L	1	7	8660950246	8660980290	30044	414.53	479.60	418.03	520.71	0.99	48.23	0.60	32.92	1500.76	-1826.56	1191.63
Saccade R	1	7	8660950246	8660980290	30044	414.53	479.60	418.03	520.71	0.99	48.23	0.60	32.92	1500.76	-1826.56	1191.63
Fixation L	1	8	8660980290	8661428497	448207	430.11	528.61	25	27	-1	10.26	10.26
Fixation R	1	8	8660980290	8661428497	448207	430.11	528.61	25	27	-1	9.79	9.79
UserEvent	1	72	8661332951	# Message: UE-mouseclick left x=431 y=520
