[BeGaze]
Converted from:	C:\Program Files\SMI\Experiment Suite 360\Experiment Center 2\Results\RC-Attachment-Exp\P11-eye_data.idf
Date:	18.03.2012 20:08:54
Version:	BeGaze 3.0.181
Sample Rate:	500
Subject:	P11
Description:	Run16

Table Header for Fixations:
Event Type	Trial	Number	Start	End	Duration	Location X	Location Y	Dispersion X	Dispersion Y	Plane	Avg. Pupil Size X	Avg. Pupil Size Y

Table Header for Saccades:
Event Type	Trial	Number	Start	End	Duration	Start Loc.X	Start Loc.Y	End Loc.X	End Loc.Y	Amplitude	Peak Speed	Peak Speed At	Average Speed	Peak Accel.	Peak Decel.	Average Accel.

Table Header for Blinks:
Event Type	Trial	Number	Start	End	Duration

Table Header for User Events:
Event Type	Trial	Number	Start	Description

UserEvent	1	1	10403551107	# Message: RC-N1forced-nonanim-3.jpg
Fixation L	1	1	10403555661	10404101192	545531	497.90	450.40	30	38	-1	15.22	15.22
Fixation R	1	1	10403555661	10404101192	545531	497.90	450.40	30	38	-1	14.38	14.38
Saccade L	1	1	10404101192	10404127186	25994	496.98	470.65	551.84	441.03	1.29	79.38	0.46	49.46	2598.36	-2836.38	1999.08
Saccade R	1	1	10404101192	10404127186	25994	496.98	470.65	551.84	441.03	1.29	79.38	0.46	49.46	2598.36	-2836.38	1999.08
Fixation L	1	2	10404127186	10404253218	126032	565.45	449.33	26	23	-1	14.90	14.90
Fixation R	1	2	10404127186	10404253218	126032	565.45	449.33	26	23	-1	14.14	14.14
Saccade L	1	2	10404253218	10404289308	36090	558.51	445.82	645.51	453.97	1.87	79.88	0.39	51.77	2672.26	-2712.71	2092.56
Saccade R	1	2	10404253218	10404289308	36090	558.51	445.82	645.51	453.97	1.87	79.88	0.39	51.77	2672.26	-2712.71	2092.56
Fixation L	1	3	10404289308	10404437307	147999	646.72	454.76	11	25	-1	14.84	14.84
Fixation R	1	3	10404289308	10404437307	147999	646.72	454.76	11	25	-1	14.18	14.18
Saccade L	1	3	10404437307	10404471318	34011	651.81	469.69	743.70	462.78	1.95	99.96	0.47	57.44	4014.02	-3897.62	2897.75
Saccade R	1	3	10404437307	10404471318	34011	651.81	469.69	743.70	462.78	1.95	99.96	0.47	57.44	4014.02	-3897.62	2897.75
Fixation L	1	4	10404471318	10404665427	194109	752.11	460.53	23	24	-1	14.61	14.61
Fixation R	1	4	10404471318	10404665427	194109	752.11	460.53	23	24	-1	14.12	14.12
Saccade L	1	4	10404665427	10404713431	48004	747.58	447.49	833.29	459.10	1.91	62.09	0.25	39.78	1743.95	-1503.50	1079.22
Saccade R	1	4	10404665427	10404713431	48004	747.58	447.49	833.29	459.10	1.91	62.09	0.25	39.78	1743.95	-1503.50	1079.22
Fixation L	1	5	10404713431	10404961558	248127	826.33	462.11	25	25	-1	14.23	14.23
Fixation R	1	5	10404713431	10404961558	248127	826.33	462.11	25	25	-1	13.74	13.74
Saccade L	1	5	10405079713	10405111665	31952	912.70	437.36	890.31	473.10	1.16	60.14	0.70	36.40	1708.01	-1036.50	864.87
Saccade R	1	5	10405079713	10405111665	31952	912.70	437.36	890.31	473.10	1.16	60.14	0.70	36.40	1708.01	-1036.50	864.87
Saccade L	1	6	10405155096	10405199682	44586	903.41	452.62	705.60	449.26	4.20	169.46	0.33	94.10	6821.61	-4883.07	4329.80
Saccade R	1	6	10405155096	10405199682	44586	903.41	452.62	705.60	449.26	4.20	169.46	0.33	94.10	6821.61	-4883.07	4329.80
Fixation L	1	6	10405199682	10405249722	50040	700.77	448.85	10	6	-1	13.99	13.99
Fixation R	1	6	10405199682	10405249722	50040	700.77	448.85	10	6	-1	13.28	13.28
Saccade L	1	7	10405249722	10405273691	23969	695.47	446.96	745.96	462.65	1.08	70.88	0.50	45.23	2775.36	-967.14	1361.38
Saccade R	1	7	10405249722	10405273691	23969	695.47	446.96	745.96	462.65	1.08	70.88	0.50	45.23	2775.36	-967.14	1361.38
Saccade L	1	8	10405277770	10405299785	22015	748.75	466.42	704.57	448.96	0.81	49.92	0.36	36.88	192.65	-1799.59	833.86
Saccade R	1	8	10405277770	10405299785	22015	748.75	466.42	704.57	448.96	0.81	49.92	0.36	36.88	192.65	-1799.59	833.86
Fixation L	1	7	10405299785	10405409782	109997	707.72	444.15	32	12	-1	13.93	13.93
Fixation R	1	7	10405299785	10405409782	109997	707.72	444.15	32	12	-1	13.21	13.21
Saccade L	1	9	10405447798	10405473786	25988	704.08	464.14	774.73	451.15	1.49	98.77	0.46	57.39	3470.44	-3913.54	2686.83
Saccade R	1	9	10405447798	10405473786	25988	704.08	464.14	774.73	451.15	1.49	98.77	0.46	57.39	3470.44	-3913.54	2686.83
Fixation L	1	8	10405473786	10405665902	192116	789.54	453.68	25	38	-1	14.05	14.05
Fixation R	1	8	10405473786	10405665902	192116	789.54	453.68	25	38	-1	13.41	13.41
Saccade L	1	10	10405665902	10405701901	35999	785.60	458.28	878.46	456.64	1.97	98.28	0.39	54.64	4081.21	-3493.86	2634.41
Saccade R	1	10	10405665902	10405701901	35999	785.60	458.28	878.46	456.64	1.97	98.28	0.39	54.64	4081.21	-3493.86	2634.41
Fixation L	1	9	10405701901	10405968048	266147	876.33	451.09	20	34	-1	14.33	14.33
Fixation R	1	9	10405701901	10405968048	266147	876.33	451.09	20	34	-1	13.62	13.62
Saccade L	1	11	10405968048	10406004015	35967	868.97	469.97	932.20	465.76	1.39	64.33	0.33	38.77	2729.64	-1958.45	1630.11
Saccade R	1	11	10405968048	10406004015	35967	868.97	469.97	932.20	465.76	1.39	64.33	0.33	38.77	2729.64	-1958.45	1630.11
Saccade L	1	12	10406052029	10406076044	24015	957.14	477.29	922.19	452.88	0.79	49.11	0.42	32.82	974.61	-1732.77	1020.94
Saccade R	1	12	10406052029	10406076044	24015	957.14	477.29	922.19	452.88	0.79	49.11	0.42	32.82	974.61	-1732.77	1020.94
Fixation L	1	10	10406076044	10406128143	52099	936.43	461.40	35	14	-1	14.55	14.55
Fixation R	1	10	10406076044	10406128143	52099	936.43	461.40	35	14	-1	13.87	13.87
Saccade L	1	13	10406142147	10406184175	42028	927.41	462.29	1026.81	471.96	2.15	94.24	0.29	51.13	2430.38	-2305.00	1749.00
Saccade R	1	13	10406142147	10406184175	42028	927.41	462.29	1026.81	471.96	2.15	94.24	0.29	51.13	2430.38	-2305.00	1749.00
Fixation L	1	11	10406184175	10406336141	151966	1020.13	464.05	12	27	-1	14.74	14.74
Fixation R	1	11	10406184175	10406336141	151966	1020.13	464.05	12	27	-1	14.14	14.14
Saccade L	1	14	10406336141	10406374153	38012	1024.57	457.00	1104.33	473.52	3.16	138.83	0.46	83.17	5254.50	-5241.17	4085.23
Saccade R	1	14	10406336141	10406374153	38012	1024.57	457.00	1104.33	473.52	3.16	138.83	0.46	83.17	5254.50	-5241.17	4085.23
Fixation L	1	12	10406374153	10406648257	274104	1101.00	453.16	26	34	-1	14.91	14.91
Fixation R	1	12	10406374153	10406648257	274104	1101.00	453.16	26	34	-1	14.35	14.35
Saccade L	1	15	10406648257	10406674386	26129	1115.60	462.51	1166.90	457.76	1.20	73.67	0.54	45.74	2448.12	-2708.59	1847.77
Saccade R	1	15	10406648257	10406674386	26129	1115.60	462.51	1166.90	457.76	1.20	73.67	0.54	45.74	2448.12	-2708.59	1847.77
Fixation L	1	13	10406674386	10406770408	96022	1160.35	459.84	14	13	-1	15.20	15.20
Fixation R	1	13	10406674386	10406770408	96022	1160.35	459.84	14	13	-1	14.45	14.45
Saccade L	1	16	10406770408	10406839002	68594	1158.53	464.11	815.38	997.19	14.37	365.63	0.35	209.52	15952.35	-10353.70	8829.48
Saccade R	1	16	10406770408	10406839002	68594	1158.53	464.11	815.38	997.19	14.37	365.63	0.35	209.52	15952.35	-10353.70	8829.48
Fixation L	1	14	10406839002	10406924501	85499	817.52	1006.04	28	18	-1	15.65	15.65
Fixation R	1	14	10406839002	10406924501	85499	817.52	1006.04	28	18	-1	14.79	14.79
Saccade L	1	17	10406924501	10406952374	27873	800.09	1013.64	860.70	966.15	1.63	106.65	0.43	58.50	4295.02	-4303.22	3112.34
Saccade R	1	17	10406924501	10406952374	27873	800.09	1013.64	860.70	966.15	1.63	106.65	0.43	58.50	4295.02	-4303.22	3112.34
Fixation L	1	15	10406952374	10407140498	188124	865.72	970.26	17	25	-1	15.72	15.72
Fixation R	1	15	10406952374	10407140498	188124	865.72	970.26	17	25	-1	15.12	15.12
Saccade L	1	18	10407140498	10407162504	22006	873.24	975.45	907.12	983.37	0.72	45.04	0.54	32.69	1636.80	-1726.74	1171.54
Saccade R	1	18	10407140498	10407162504	22006	873.24	975.45	907.12	983.37	0.72	45.04	0.54	32.69	1636.80	-1726.74	1171.54
Fixation L	1	16	10407162504	10407732859	570355	900.48	982.36	56	46	-1	14.93	14.93
Fixation R	1	16	10407162504	10407732859	570355	900.48	982.36	56	46	-1	14.40	14.40
