[BeGaze]
Converted from:	C:\Program Files\SMI\Experiment Suite 360\Experiment Center 2\Results\RC-Attachment-Exp\P14-eye_data.idf
Date:	18.03.2012 20:10:43
Version:	BeGaze 3.0.181
Sample Rate:	500
Subject:	P14
Description:	Run19

Table Header for Fixations:
Event Type	Trial	Number	Start	End	Duration	Location X	Location Y	Dispersion X	Dispersion Y	Plane	Avg. Pupil Size X	Avg. Pupil Size Y

Table Header for Saccades:
Event Type	Trial	Number	Start	End	Duration	Start Loc.X	Start Loc.Y	End Loc.X	End Loc.Y	Amplitude	Peak Speed	Peak Speed At	Average Speed	Peak Accel.	Peak Decel.	Average Accel.

Table Header for Blinks:
Event Type	Trial	Number	Start	End	Duration

Table Header for User Events:
Event Type	Trial	Number	Start	Description

UserEvent	1	1	1270648058	# Message: RC-N1forced-nonanim-1.jpg
Fixation L	1	1	1270648703	1270916799	268096	514.49	466.36	14	33	-1	13.42	13.42
Fixation R	1	1	1270648703	1270916799	268096	514.49	466.36	14	33	-1	13.14	13.14
Saccade L	1	1	1270916799	1270938786	21987	513.28	475.25	557.44	462.35	0.97	74.92	0.55	43.93	2689.59	-2828.79	1878.97
Saccade R	1	1	1270916799	1270938786	21987	513.28	475.25	557.44	462.35	0.97	74.92	0.55	43.93	2689.59	-2828.79	1878.97
Fixation L	1	2	1270938786	1271060910	122124	553.03	471.02	20	35	-1	13.50	13.50
Fixation R	1	2	1270938786	1271060910	122124	553.03	471.02	20	35	-1	13.26	13.26
Saccade L	1	2	1271060910	1271083456	22546	558.21	474.01	622.82	471.92	1.31	101.93	0.54	58.29	3361.88	-3833.29	2335.21
Saccade R	1	2	1271060910	1271083456	22546	558.21	474.01	622.82	471.92	1.31	101.93	0.54	58.29	3361.88	-3833.29	2335.21
Fixation L	1	3	1271083456	1271244891	161435	614.30	470.62	19	13	-1	13.52	13.52
Fixation R	1	3	1271083456	1271244891	161435	614.30	470.62	19	13	-1	13.28	13.28
Saccade L	1	3	1271244891	1271267022	22131	619.69	473.11	695.94	468.39	1.63	133.10	0.54	73.84	5538.39	-4822.65	3526.00
Saccade R	1	3	1271244891	1271267022	22131	619.69	473.11	695.94	468.39	1.63	133.10	0.54	73.84	5538.39	-4822.65	3526.00
Fixation L	1	4	1271267022	1271479005	211983	703.64	465.12	24	25	-1	13.45	13.45
Fixation R	1	4	1271267022	1271479005	211983	703.64	465.12	24	25	-1	13.32	13.32
Saccade L	1	4	1271479005	1271521150	42145	710.06	453.75	731.08	508.06	1.57	48.31	0.57	37.35	2506.26	-1159.06	1076.39
Saccade R	1	4	1271479005	1271521150	42145	710.06	453.75	731.08	508.06	1.57	48.31	0.57	37.35	2506.26	-1159.06	1076.39
Saccade L	1	5	1271521150	1271545132	23982	731.08	508.06	732.51	444.61	1.45	123.22	0.50	60.52	2854.66	-3981.27	2220.84
Saccade R	1	5	1271521150	1271545132	23982	731.08	508.06	732.51	444.61	1.45	123.22	0.50	60.52	2854.66	-3981.27	2220.84
Saccade L	1	6	1271591133	1271617350	26217	765.69	449.26	777.13	516.15	1.58	103.33	0.38	60.20	3565.35	-3635.84	2524.99
Saccade R	1	6	1271591133	1271617350	26217	765.69	449.26	777.13	516.15	1.58	103.33	0.38	60.20	3565.35	-3635.84	2524.99
Saccade L	1	7	1271731120	1271757128	26008	748.56	452.31	834.20	443.73	1.84	132.08	0.62	70.66	5234.78	-5445.28	3746.42
Saccade R	1	7	1271731120	1271757128	26008	748.56	452.31	834.20	443.73	1.84	132.08	0.62	70.66	5234.78	-5445.28	3746.42
Fixation L	1	5	1271757128	1271939241	182113	838.67	447.98	17	11	-1	13.27	13.27
Fixation R	1	5	1271757128	1271939241	182113	838.67	447.98	17	11	-1	13.13	13.13
Saccade L	1	8	1271939241	1271965245	26004	836.23	456.15	799.17	479.79	1.52	116.14	0.46	58.26	4786.83	-3113.61	2512.27
Saccade R	1	8	1271939241	1271965245	26004	836.23	456.15	799.17	479.79	1.52	116.14	0.46	58.26	4786.83	-3113.61	2512.27
Fixation L	1	6	1271979250	1272118089	138839	746.27	483.18	43	17	-1	13.29	13.29
Fixation R	1	6	1271979250	1272118089	138839	746.27	483.18	43	17	-1	12.86	12.86
Saccade L	1	9	1272118089	1272153362	35273	739.30	477.49	745.35	546.35	1.79	99.96	0.38	50.70	4024.12	-3395.77	2467.96
Saccade R	1	9	1272118089	1272153362	35273	739.30	477.49	745.35	546.35	1.79	99.96	0.38	50.70	4024.12	-3395.77	2467.96
Saccade L	1	10	1272171369	1272199366	27997	742.08	540.92	842.37	472.55	2.67	198.78	0.50	95.50	8008.38	-7579.09	5652.87
Saccade R	1	10	1272171369	1272199366	27997	742.08	540.92	842.37	472.55	2.67	198.78	0.50	95.50	8008.38	-7579.09	5652.87
Fixation L	1	7	1272199366	1272473482	274116	836.26	470.10	11	31	-1	13.20	13.20
Fixation R	1	7	1272199366	1272473482	274116	836.26	470.10	11	31	-1	12.76	12.76
Saccade L	1	11	1272473482	1272495474	21992	839.54	473.10	884.20	462.43	0.96	69.62	0.55	43.85	2478.19	-2503.89	1680.11
Saccade R	1	11	1272473482	1272495474	21992	839.54	473.10	884.20	462.43	0.96	69.62	0.55	43.85	2478.19	-2503.89	1680.11
Fixation L	1	8	1272495474	1272731595	236121	889.10	457.78	20	21	-1	13.31	13.31
Fixation R	1	8	1272495474	1272731595	236121	889.10	457.78	20	21	-1	12.94	12.94
Saccade L	1	12	1272731595	1272755593	23998	898.29	465.98	973.28	453.21	1.68	132.63	0.50	70.17	5332.31	-5248.49	3708.16
Saccade R	1	12	1272731595	1272755593	23998	898.29	465.98	973.28	453.21	1.68	132.63	0.50	70.17	5332.31	-5248.49	3708.16
Fixation L	1	9	1272755593	1273015703	260110	974.32	461.30	31	19	-1	13.22	13.22
Fixation R	1	9	1272755593	1273015703	260110	974.32	461.30	31	19	-1	13.13	13.13
Saccade L	1	13	1273015703	1273039711	24008	972.73	470.61	1054.36	468.19	1.80	145.65	0.59	74.91	5623.14	-5476.49	3751.33
Saccade R	1	13	1273015703	1273039711	24008	972.73	470.61	1054.36	468.19	1.80	145.65	0.59	74.91	5623.14	-5476.49	3751.33
Fixation L	1	10	1273039711	1273467947	428236	1057.61	467.94	30	50	-1	13.30	13.30
Fixation R	1	10	1273039711	1273467947	428236	1057.61	467.94	30	50	-1	13.06	13.06
Fixation L	1	11	1273486713	1273682068	195355	1015.37	490.93	20	32	-1	13.45	13.45
Fixation R	1	11	1273486713	1273682068	195355	1015.37	490.93	20	32	-1	13.16	13.16
Saccade L	1	14	1273682068	1273712103	30035	1012.06	485.31	1099.69	488.39	1.86	111.01	0.53	61.83	4643.47	-4514.03	3353.74
Saccade R	1	14	1273682068	1273712103	30035	1012.06	485.31	1099.69	488.39	1.86	111.01	0.53	61.83	4643.47	-4514.03	3353.74
Fixation L	1	12	1273712103	1273820274	108171	1095.69	483.99	18	19	-1	13.60	13.60
Fixation R	1	12	1273712103	1273820274	108171	1095.69	483.99	18	19	-1	13.41	13.41
Saccade L	1	15	1273820274	1273842071	21797	1099.18	470.62	1153.66	465.43	1.14	91.29	0.54	52.30	3330.26	-3422.18	2289.41
Saccade R	1	15	1273820274	1273842071	21797	1099.18	470.62	1153.66	465.43	1.14	91.29	0.54	52.30	3330.26	-3422.18	2289.41
Fixation L	1	13	1273842071	1274114743	272672	1154.93	465.65	21	16	-1	13.64	13.64
Fixation R	1	13	1273842071	1274114743	272672	1154.93	465.65	21	16	-1	13.33	13.33
Saccade L	1	16	1274114743	1274174521	59778	1159.51	470.94	977.15	1019.39	13.96	368.42	0.29	233.57	16741.04	-13902.88	10197.63
Saccade R	1	16	1274114743	1274174521	59778	1159.51	470.94	977.15	1019.39	13.96	368.42	0.29	233.57	16741.04	-13902.88	10197.63
Fixation L	1	14	1274174521	1274274299	99778	970.04	1018.01	10	19	-1	13.87	13.87
Fixation R	1	14	1274174521	1274274299	99778	970.04	1018.01	10	19	-1	13.62	13.62
Saccade L	1	17	1274274299	1274300756	26457	974.22	1017.18	948.11	960.61	1.32	86.31	0.45	49.88	3432.58	-3190.13	2399.67
Saccade R	1	17	1274274299	1274300756	26457	974.22	1017.18	948.11	960.61	1.32	86.31	0.45	49.88	3432.58	-3190.13	2399.67
Fixation L	1	15	1274300756	1274432294	131538	953.54	963.59	11	23	-1	14.02	14.02
Fixation R	1	15	1274300756	1274432294	131538	953.54	963.59	11	23	-1	13.80	13.80
Saccade L	1	18	1274432294	1274455029	22735	954.39	969.08	885.98	974.70	1.52	121.26	0.44	66.77	4960.00	-4608.33	3129.86
Saccade R	1	18	1274432294	1274455029	22735	954.39	969.08	885.98	974.70	1.52	121.26	0.44	66.77	4960.00	-4608.33	3129.86
Fixation L	1	16	1274455029	1274684407	229378	890.51	975.00	24	17	-1	14.40	14.40
Fixation R	1	16	1274455029	1274684407	229378	890.51	975.00	24	17	-1	14.07	14.07
