[BeGaze]
Converted from:	C:\Program Files\SMI\Experiment Suite 360\Experiment Center 2\Results\RC-Attachment-Exp\deneme-eye_data.idf
Date:	18.03.2012 20:03:19
Version:	BeGaze 3.0.181
Sample Rate:	500
Subject:	deneme
Description:	Run3

Table Header for Fixations:
Event Type	Trial	Number	Start	End	Duration	Location X	Location Y	Dispersion X	Dispersion Y	Plane	Avg. Pupil Size X	Avg. Pupil Size Y

Table Header for Saccades:
Event Type	Trial	Number	Start	End	Duration	Start Loc.X	Start Loc.Y	End Loc.X	End Loc.Y	Amplitude	Peak Speed	Peak Speed At	Average Speed	Peak Accel.	Peak Decel.	Average Accel.

Table Header for Blinks:
Event Type	Trial	Number	Start	End	Duration

Table Header for User Events:
Event Type	Trial	Number	Start	Description

UserEvent	1	1	8782003855	# Message: Questionnaire15.jpg
Fixation L	1	1	8782019105	8782383163	364058	852.99	964.61	20	30	-1	10.37	10.37
Fixation R	1	1	8782019105	8782383163	364058	852.99	964.61	20	30	-1	10.20	10.20
Blink L	1	1	8782383163	8782569579	186416
Blink R	1	1	8782383163	8782569579	186416
Fixation L	1	2	8782569579	8782673238	103659	457.68	468.19	25	17	-1	10.07	10.07
Fixation R	1	2	8782569579	8782673238	103659	457.68	468.19	25	17	-1	9.45	9.45
Saccade L	1	1	8782673238	8782709235	35997	457.50	474.03	442.79	400.96	1.71	91.14	0.33	47.40	3786.67	-3552.00	2602.17
Saccade R	1	1	8782673238	8782709235	35997	457.50	474.03	442.79	400.96	1.71	91.14	0.33	47.40	3786.67	-3552.00	2602.17
Fixation L	1	3	8782709235	8782869357	160122	431.75	404.28	16	27	-1	10.03	10.03
Fixation R	1	3	8782709235	8782869357	160122	431.75	404.28	16	27	-1	9.49	9.49
Saccade L	1	2	8782869357	8782905372	36015	431.67	410.00	462.14	369.73	1.15	56.72	0.39	31.93	2371.09	-2061.18	1587.89
Saccade R	1	2	8782869357	8782905372	36015	431.67	410.00	462.14	369.73	1.15	56.72	0.39	31.93	2371.09	-2061.18	1587.89
Saccade L	1	3	8782947371	8782997367	49996	460.21	370.86	624.22	364.45	16.18	971.88	0.68	323.68	21485.14	-33631.10	18283.24
Saccade R	1	3	8782947371	8782997367	49996	460.21	370.86	624.22	364.45	16.18	971.88	0.68	323.68	21485.14	-33631.10	18283.24
Blink L	1	2	8783023360	8783053362	30002
Blink R	1	2	8783023360	8783053362	30002
Fixation L	1	4	8783053362	8783202718	149356	623.89	361.57	21	11	-1	10.07	10.07
Fixation R	1	4	8783053362	8783202718	149356	623.89	361.57	21	11	-1	9.57	9.57
Saccade L	1	4	8783202718	8783243745	41027	610.69	366.81	679.46	359.73	2.23	103.34	0.66	54.27	3826.16	-4059.96	2881.85
Saccade R	1	4	8783202718	8783243745	41027	610.69	366.81	679.46	359.73	2.23	103.34	0.66	54.27	3826.16	-4059.96	2881.85
Fixation L	1	5	8783243745	8783418474	174729	680.42	359.93	11	15	-1	10.21	10.21
Fixation R	1	5	8783243745	8783418474	174729	680.42	359.93	11	15	-1	9.63	9.63
Saccade L	1	5	8783418474	8783443589	25115	680.51	366.46	738.16	362.57	1.23	88.89	0.44	48.78	3687.59	-3662.10	2668.20
Saccade R	1	5	8783418474	8783443589	25115	680.51	366.46	738.16	362.57	1.23	88.89	0.44	48.78	3687.59	-3662.10	2668.20
Fixation L	1	6	8783443589	8783561594	118005	738.06	367.56	13	10	-1	10.17	10.17
Fixation R	1	6	8783443589	8783561594	118005	738.06	367.56	13	10	-1	9.60	9.60
Saccade L	1	6	8783561594	8783613895	52301	743.86	371.30	655.10	357.28	2.59	155.80	0.23	49.43	5858.93	-5772.95	2704.36
Saccade R	1	6	8783561594	8783613895	52301	743.86	371.30	655.10	357.28	2.59	155.80	0.23	49.43	5858.93	-5772.95	2704.36
Fixation L	1	7	8783613895	8783777714	163819	646.19	365.73	20	13	-1	10.14	10.14
Fixation R	1	7	8783613895	8783777714	163819	646.19	365.73	20	13	-1	9.56	9.56
Saccade L	1	7	8783777714	8783809782	32068	647.99	362.56	707.15	360.87	1.26	80.15	0.37	39.22	3292.26	-3234.15	2280.90
Saccade R	1	7	8783777714	8783809782	32068	647.99	362.56	707.15	360.87	1.26	80.15	0.37	39.22	3292.26	-3234.15	2280.90
Fixation L	1	8	8783809782	8783903705	93923	703.39	359.10	15	14	-1	10.17	10.17
Fixation R	1	8	8783809782	8783903705	93923	703.39	359.10	15	14	-1	9.71	9.71
Saccade L	1	8	8783903705	8783935830	32125	707.93	352.30	768.61	366.37	1.27	80.15	0.47	39.56	3148.37	-3187.75	2252.83
Saccade R	1	8	8783903705	8783935830	32125	707.93	352.30	768.61	366.37	1.27	80.15	0.47	39.56	3148.37	-3187.75	2252.83
Fixation L	1	9	8783935830	8784069848	134018	763.89	358.86	12	14	-1	10.24	10.24
Fixation R	1	9	8783935830	8784069848	134018	763.89	358.86	12	14	-1	9.79	9.79
Saccade L	1	9	8784069848	8784106537	36689	759.12	357.52	832.44	360.40	1.70	106.38	0.60	46.42	4135.98	-4286.20	2875.05
Saccade R	1	9	8784069848	8784106537	36689	759.12	357.52	832.44	360.40	1.70	106.38	0.60	46.42	4135.98	-4286.20	2875.05
Fixation L	1	10	8784106537	8784196011	89474	836.00	364.66	13	10	-1	10.33	10.33
Fixation R	1	10	8784106537	8784196011	89474	836.00	364.66	13	10	-1	9.85	9.85
Fixation L	1	11	8784273958	8785028316	754358	368.41	417.98	412	961	-1	9.67	9.67
Fixation R	1	11	8784273958	8784920569	646611	403.37	444.16	21	34	-1	9.86	9.86
Blink R	1	3	8784920569	8785136313	215744
Fixation L	1	12	8785136313	8786167028	1030715	401.00	454.82	30	51	-1	10.30	10.30
Fixation R	1	12	8785136313	8786167028	1030715	401.00	454.82	30	51	-1	9.77	9.77
Saccade L	1	10	8786254758	8786291319	36561	390.40	450.39	357.58	474.16	0.96	51.35	0.49	26.24	1601.54	-1971.89	1223.22
Saccade R	1	10	8786254758	8786291319	36561	390.40	450.39	357.58	474.16	0.96	51.35	0.49	26.24	1601.54	-1971.89	1223.22
UserEvent	1	77	8786281682	# Message: UE-mouseclick left x=396 y=443
Saccade L	1	11	8786327076	8786368893	41817	362.94	474.11	389.86	428.85	1.42	54.62	0.52	33.92	2317.46	-1912.18	1464.74
Saccade R	1	11	8786327076	8786368893	41817	362.94	474.11	389.86	428.85	1.42	54.62	0.52	33.92	2317.46	-1912.18	1464.74
Saccade L	1	12	8786402882	8786443133	40251	373.36	433.27	411.03	463.01	1.03	51.91	0.63	25.58	1687.87	-812.32	799.91
Saccade R	1	12	8786402882	8786443133	40251	373.36	433.27	411.03	463.01	1.03	51.91	0.63	25.58	1687.87	-812.32	799.91
Saccade L	1	13	8786448990	8786498882	49892	391.39	453.43	391.79	427.88	1.78	63.36	0.38	35.67	1525.45	-1909.66	1198.45
Saccade R	1	13	8786448990	8786498882	49892	391.39	453.43	391.79	427.88	1.78	63.36	0.38	35.67	1525.45	-1909.66	1198.45
Saccade L	1	14	8786504920	8786559105	54185	390.36	430.35	381.32	434.58	3.16	149.62	0.65	58.34	4904.90	-5013.72	2846.92
Saccade R	1	14	8786504920	8786559105	54185	390.36	430.35	381.32	434.58	3.16	149.62	0.65	58.34	4904.90	-5013.72	2846.92
Fixation L	1	13	8786559105	8786897119	338014	385.95	441.14	60	47	-1	10.41	10.41
Fixation R	1	13	8786559105	8786897119	338014	385.95	441.14	60	47	-1	9.85	9.85
Saccade L	1	15	8786897119	8786927125	30006	396.09	435.69	399.58	446.43	4.26	199.74	0.53	142.01	8692.40	-8960.32	6854.65
Saccade R	1	15	8786897119	8786927125	30006	396.09	435.69	399.58	446.43	4.26	199.74	0.53	142.01	8692.40	-8960.32	6854.65
Saccade L	1	16	8787039115	8787073149	34034	390.32	452.81	396.68	457.75	4.52	198.05	0.41	132.72	9346.66	-8928.14	7189.85
Saccade R	1	16	8787039115	8787073149	34034	390.32	452.81	396.68	457.75	4.52	198.05	0.41	132.72	9346.66	-8928.14	7189.85
Fixation L	1	14	8787180606	8787435600	254994	386.58	446.25	12	19	-1	10.99	10.99
Fixation R	1	14	8787180606	8787435600	254994	386.58	446.25	12	19	-1	10.38	10.38
Saccade L	1	17	8787435600	8787519357	83757	381.70	448.31	387.02	429.65	9.28	407.89	0.43	110.76	15360.44	-16396.36	6871.42
Saccade R	1	17	8787435600	8787519357	83757	381.70	448.31	387.02	429.65	9.28	407.89	0.43	110.76	15360.44	-16396.36	6871.42
Fixation L	1	15	8787519357	8787851485	332128	392.15	443.00	26	46	-1	11.30	11.30
Fixation R	1	15	8787519357	8787851485	332128	392.15	443.00	26	46	-1	10.62	10.62
Saccade L	1	18	8787851485	8787921479	69994	393.90	468.91	419.63	877.57	9.08	257.60	0.34	129.79	10981.84	-8166.41	5485.12
Saccade R	1	18	8787851485	8787921479	69994	393.90	468.91	419.63	877.57	9.08	257.60	0.34	129.79	10981.84	-8166.41	5485.12
Fixation L	1	16	8787921479	8787985585	64106	426.99	878.74	14	32	-1	11.97	11.97
Fixation R	1	16	8787921479	8787985585	64106	426.99	878.74	14	32	-1	10.99	10.99
Blink L	1	3	8788041599	8788065607	24008
Blink R	1	4	8788041599	8788065607	24008
Saccade L	1	19	8788085606	8788137587	51981	442.89	877.74	0.00	0.00	37.33	1742.00	0.73	718.06	32150.03	-64857.74	22144.95
Saccade R	1	19	8788085606	8788137587	51981	442.89	877.74	0.00	0.00	37.33	1742.00	0.73	718.06	32150.03	-64857.74	22144.95
Fixation L	1	17	8788137587	8789164072	1026485	0.00	0.00	0	0	-1	11.55	11.53
Fixation R	1	17	8788137587	8789164072	1026485	0.00	0.00	0	0	-1	10.39	10.39
Fixation L	1	18	8789294062	8789426169	132107	314.62	544.31	26	16	-1	11.88	11.88
Fixation R	1	18	8789294062	8789426169	132107	314.62	544.31	26	16	-1	11.20	11.20
Saccade L	1	20	8789426169	8789482289	56120	297.83	533.35	385.38	482.88	2.88	162.32	0.29	51.39	6525.95	-6478.50	3069.86
Saccade R	1	20	8789426169	8789482289	56120	297.83	533.35	385.38	482.88	2.88	162.32	0.29	51.39	6525.95	-6478.50	3069.86
Fixation L	1	19	8789482289	8789613222	130933	390.74	478.24	15	13	-1	11.69	11.69
Fixation R	1	19	8789482289	8789613222	130933	390.74	478.24	15	13	-1	11.06	11.06
Saccade L	1	21	8789613222	8789648309	35087	393.07	483.82	425.81	437.52	1.33	75.36	0.60	37.98	2913.59	-2994.75	2091.20
Saccade R	1	21	8789613222	8789648309	35087	393.07	483.82	425.81	437.52	1.33	75.36	0.60	37.98	2913.59	-2994.75	2091.20
Fixation L	1	20	8789648309	8790848755	1200446	414.05	452.25	39	67	-1	11.55	11.55
Fixation R	1	20	8789648309	8790848755	1200446	414.05	452.25	39	67	-1	10.97	10.97
Blink R	1	5	8790848755	8791046987	198232
Fixation L	1	21	8791046987	8791479197	432210	403.68	470.53	37	18	-1	11.95	11.95
Fixation R	1	21	8791046987	8791479197	432210	403.68	470.53	37	18	-1	11.19	11.19
Saccade L	1	22	8791479197	8791521120	41923	394.05	470.31	391.49	496.46	9.42	404.45	0.81	224.59	17576.61	-18523.26	13579.52
Saccade R	1	22	8791479197	8791521120	41923	394.05	470.31	391.49	496.46	9.42	404.45	0.81	224.59	17576.61	-18523.26	13579.52
Fixation L	1	22	8791521120	8791807233	286113	399.16	501.59	28	27	-1	11.56	11.56
Fixation R	1	22	8791521120	8791807233	286113	399.16	501.59	28	27	-1	10.81	10.81
Blink L	1	4	8791807233	8791839242	32009
Blink R	1	6	8791807233	8791839242	32009
Fixation L	1	23	8791839242	8792663622	824380	386.23	480.11	21	21	-1	11.69	11.69
Fixation R	1	23	8791839242	8792663622	824380	386.23	480.11	21	21	-1	10.89	10.89
Saccade L	1	23	8792663622	8792700334	36712	385.75	480.08	414.47	525.18	1.23	63.94	0.50	33.55	2557.58	-2263.88	1750.94
Saccade R	1	23	8792663622	8792700334	36712	385.75	480.08	414.47	525.18	1.23	63.94	0.50	33.55	2557.58	-2263.88	1750.94
Fixation L	1	24	8792700334	8793251809	551475	425.49	526.41	40	23	-1	11.58	11.58
Fixation R	1	24	8792700334	8793251809	551475	425.49	526.41	40	23	-1	10.76	10.76
UserEvent	1	201	8793201241	# Message: UE-mouseclick left x=450 y=522
