[BeGaze]
Converted from:	C:\Program Files\SMI\Experiment Suite 360\Experiment Center 2\Results\RC-Attachment-Exp\P07-eye_data.idf
Date:	18.03.2012 20:06:32
Version:	BeGaze 3.0.181
Sample Rate:	500
Subject:	P07
Description:	Run12

Table Header for Fixations:
Event Type	Trial	Number	Start	End	Duration	Location X	Location Y	Dispersion X	Dispersion Y	Plane	Avg. Pupil Size X	Avg. Pupil Size Y

Table Header for Saccades:
Event Type	Trial	Number	Start	End	Duration	Start Loc.X	Start Loc.Y	End Loc.X	End Loc.Y	Amplitude	Peak Speed	Peak Speed At	Average Speed	Peak Accel.	Peak Decel.	Average Accel.

Table Header for Blinks:
Event Type	Trial	Number	Start	End	Duration

Table Header for User Events:
Event Type	Trial	Number	Start	Description

UserEvent	1	1	10767031138	# Message: RC-N1forced-nonanim-1.jpg
Fixation L	1	1	10767034815	10767302084	267269	499.09	453.85	23	20	-1	11.29	11.29
Fixation R	1	1	10767034815	10767302084	267269	499.09	453.85	23	20	-1	11.19	11.19
Saccade L	1	1	10767302084	10767330099	28015	501.86	461.75	548.10	458.88	0.96	49.65	0.29	34.20	1922.53	-1571.60	1248.91
Saccade R	1	1	10767302084	10767330099	28015	501.86	461.75	548.10	458.88	0.96	49.65	0.29	34.20	1922.53	-1571.60	1248.91
Fixation L	1	2	10767330099	10767464135	134036	564.54	458.87	24	26	-1	11.33	11.33
Fixation R	1	2	10767330099	10767464135	134036	564.54	458.87	24	26	-1	11.17	11.17
Fixation L	1	3	10767484232	10767700238	216006	590.42	453.17	14	17	-1	11.28	11.28
Fixation R	1	3	10767484232	10767700238	216006	590.42	453.17	14	17	-1	11.21	11.21
Saccade L	1	2	10767700238	10767730328	30090	588.31	447.92	643.42	438.65	1.16	61.72	0.40	38.63	2484.06	-2144.58	1672.97
Saccade R	1	2	10767700238	10767730328	30090	588.31	447.92	643.42	438.65	1.16	61.72	0.40	38.63	2484.06	-2144.58	1672.97
Fixation L	1	4	10767730328	10767824355	94027	644.91	442.64	9	10	-1	11.18	11.18
Fixation R	1	4	10767730328	10767824355	94027	644.91	442.64	9	10	-1	11.23	11.23
Saccade L	1	3	10767824355	10767854340	29985	638.67	448.93	711.54	448.66	1.57	88.59	0.40	52.22	3601.34	-3582.16	2593.05
Saccade R	1	3	10767824355	10767854340	29985	638.67	448.93	711.54	448.66	1.57	88.59	0.40	52.22	3601.34	-3582.16	2593.05
Fixation L	1	5	10767854340	10768032469	178129	716.06	458.77	12	18	-1	11.40	11.40
Fixation R	1	5	10767854340	10768032469	178129	716.06	458.77	12	18	-1	11.32	11.32
Saccade L	1	4	10768032469	10768057383	24914	721.04	461.33	785.55	461.10	1.43	101.60	0.48	57.40	4161.73	-3274.09	2557.71
Saccade R	1	4	10768032469	10768057383	24914	721.04	461.33	785.55	461.10	1.43	101.60	0.48	57.40	4161.73	-3274.09	2557.71
Fixation L	1	6	10768057383	10768464624	407241	781.12	458.63	17	28	-1	11.61	11.61
Fixation R	1	6	10768057383	10768464624	407241	781.12	458.63	17	28	-1	11.43	11.43
Saccade L	1	5	10768464624	10768491113	26489	775.36	467.58	827.50	463.35	1.10	64.69	0.45	41.71	2547.10	-2415.97	1799.95
Saccade R	1	5	10768464624	10768491113	26489	775.36	467.58	827.50	463.35	1.10	64.69	0.45	41.71	2547.10	-2415.97	1799.95
Fixation L	1	7	10768491113	10768904868	413755	827.18	455.77	32	30	-1	11.78	11.78
Fixation R	1	7	10768491113	10768904868	413755	827.18	455.77	32	30	-1	11.63	11.63
Saccade L	1	6	10768904868	10768934809	29941	819.34	458.72	767.13	443.78	1.19	66.24	0.33	39.87	2207.56	-2269.15	1574.28
Saccade R	1	6	10768904868	10768934809	29941	819.34	458.72	767.13	443.78	1.19	66.24	0.33	39.87	2207.56	-2269.15	1574.28
Fixation L	1	8	10768934809	10769250926	316117	761.45	468.77	15	43	-1	11.80	11.80
Fixation R	1	8	10768934809	10769250926	316117	761.45	468.77	15	43	-1	11.67	11.67
Saccade L	1	7	10769250926	10769280935	30009	760.99	479.69	706.81	473.89	1.17	58.19	0.40	39.13	2480.51	-2230.78	1676.80
Saccade R	1	7	10769250926	10769280935	30009	760.99	479.69	706.81	473.89	1.17	58.19	0.40	39.13	2480.51	-2230.78	1676.80
Fixation L	1	9	10769280935	10769405050	124115	709.93	480.00	11	16	-1	11.95	11.95
Fixation R	1	9	10769280935	10769405050	124115	709.93	480.00	11	16	-1	11.78	11.78
Saccade L	1	8	10769405050	10769441044	35994	713.24	484.31	817.33	473.94	2.28	124.54	0.35	63.22	5295.99	-4395.06	3334.51
Saccade R	1	8	10769405050	10769441044	35994	713.24	484.31	817.33	473.94	2.28	124.54	0.35	63.22	5295.99	-4395.06	3334.51
Fixation L	1	10	10769441044	10769589066	148022	830.47	469.14	20	8	-1	12.06	12.06
Fixation R	1	10	10769441044	10769589066	148022	830.47	469.14	20	8	-1	11.99	11.99
Saccade L	1	9	10769589066	10769629176	40110	839.27	468.14	646.18	479.84	4.42	223.57	0.40	110.29	9647.98	-9041.84	6694.24
Saccade R	1	9	10769589066	10769629176	40110	839.27	468.14	646.18	479.84	4.42	223.57	0.40	110.29	9647.98	-9041.84	6694.24
Fixation L	1	11	10769629176	10769783276	154100	636.53	476.31	21	16	-1	12.15	12.15
Fixation R	1	11	10769629176	10769783276	154100	636.53	476.31	21	16	-1	11.92	11.92
Saccade L	1	10	10769783276	10769809180	25904	626.37	478.58	564.24	484.52	1.35	90.51	0.54	52.16	3607.66	-3480.89	2550.69
Saccade R	1	10	10769783276	10769809180	25904	626.37	478.58	564.24	484.52	1.35	90.51	0.54	52.16	3607.66	-3480.89	2550.69
Fixation L	1	12	10769809180	10769999303	190123	566.83	471.27	13	23	-1	12.22	12.22
Fixation R	1	12	10769809180	10769999303	190123	566.83	471.27	13	23	-1	12.02	12.02
Saccade L	1	11	10769999303	10770037317	38014	570.97	481.35	626.11	479.28	1.23	46.02	0.37	32.46	2007.86	-1115.97	1049.26
Saccade R	1	11	10769999303	10770037317	38014	570.97	481.35	626.11	479.28	1.23	46.02	0.37	32.46	2007.86	-1115.97	1049.26
Fixation L	1	13	10770037317	10770179408	142091	637.62	476.43	20	6	-1	12.19	12.19
Fixation R	1	13	10770037317	10770179408	142091	637.62	476.43	20	6	-1	11.89	11.89
Saccade L	1	12	10770179408	10770211417	32009	632.97	479.29	709.58	467.19	1.63	83.61	0.38	50.80	3485.12	-3057.75	2363.08
Saccade R	1	12	10770179408	10770211417	32009	632.97	479.29	709.58	467.19	1.63	83.61	0.38	50.80	3485.12	-3057.75	2363.08
Fixation L	1	14	10770211417	10770307409	95992	702.19	471.08	22	9	-1	12.06	12.06
Fixation R	1	14	10770211417	10770307409	95992	702.19	471.08	22	9	-1	11.84	11.84
Saccade L	1	13	10770307409	10770341404	33995	692.22	477.70	824.64	464.11	2.85	189.00	0.41	83.85	7842.05	-7442.60	5258.01
Saccade R	1	13	10770307409	10770341404	33995	692.22	477.70	824.64	464.11	2.85	189.00	0.41	83.85	7842.05	-7442.60	5258.01
Fixation L	1	15	10770341404	10770677540	336136	838.85	458.96	36	40	-1	12.18	12.18
Fixation R	1	15	10770341404	10770677540	336136	838.85	458.96	36	40	-1	12.00	12.00
Saccade L	1	14	10770677540	10770711648	34108	850.80	454.57	782.33	486.64	1.71	87.63	0.36	50.09	2800.32	-3298.52	2212.57
Saccade R	1	14	10770677540	10770711648	34108	850.80	454.57	782.33	486.64	1.71	87.63	0.36	50.09	2800.32	-3298.52	2212.57
Fixation L	1	16	10770711648	10770877646	165998	776.98	471.75	12	31	-1	12.21	12.21
Fixation R	1	16	10770711648	10770877646	165998	776.98	471.75	12	31	-1	12.00	12.00
Saccade L	1	15	10770877646	10770919645	41999	775.11	467.90	899.79	456.19	2.76	112.55	0.34	65.74	4755.73	-3786.41	3171.19
Saccade R	1	15	10770877646	10770919645	41999	775.11	467.90	899.79	456.19	2.76	112.55	0.34	65.74	4755.73	-3786.41	3171.19
Fixation L	1	17	10770919645	10771113769	194124	897.71	454.57	18	21	-1	12.14	12.14
Fixation R	1	17	10770919645	10771113769	194124	897.71	454.57	18	21	-1	11.81	11.81
Saccade L	1	16	10771113769	10771139787	26018	897.86	465.26	967.89	459.84	1.50	100.28	0.46	57.54	4259.94	-4032.43	2963.25
Saccade R	1	16	10771113769	10771139787	26018	897.86	465.26	967.89	459.84	1.50	100.28	0.46	57.54	4259.94	-4032.43	2963.25
Fixation L	1	18	10771139787	10771301890	162103	975.82	454.16	28	12	-1	12.23	12.23
Fixation R	1	18	10771139787	10771301890	162103	975.82	454.16	28	12	-1	11.96	11.96
Saccade L	1	17	10771301890	10771333903	32013	965.94	457.16	1048.91	455.84	1.74	93.26	0.37	54.34	3956.57	-3590.86	2705.95
Saccade R	1	17	10771301890	10771333903	32013	965.94	457.16	1048.91	455.84	1.74	93.26	0.37	54.34	3956.57	-3590.86	2705.95
Fixation L	1	19	10771333903	10771429883	95980	1047.33	457.08	12	9	-1	12.09	12.09
Fixation R	1	19	10771333903	10771429883	95980	1047.33	457.08	12	9	-1	11.94	11.94
Blink L	1	1	10771429883	10771499319	69436
Blink R	1	1	10771429883	10771499319	69436
Fixation L	1	20	10771499319	10771584898	85579	1058.69	481.92	13	10	-1	12.10	12.10
Fixation R	1	20	10771499319	10771584898	85579	1058.69	481.92	13	10	-1	11.94	11.94
Blink L	1	2	10771584898	10771640050	55152
Blink R	1	2	10771584898	10771640050	55152
Blink L	1	3	10771644018	10771668013	23995
Blink R	1	3	10771644018	10771668013	23995
Fixation L	1	21	10771668013	10771760136	92123	1109.54	468.09	13	13	-1	12.16	12.16
Fixation R	1	21	10771668013	10771760136	92123	1109.54	468.09	13	13	-1	12.00	12.00
Saccade L	1	18	10771760136	10771855557	95421	1106.68	463.77	898.38	983.93	13.50	232.97	0.23	141.51	9877.53	-5797.08	3616.96
Saccade R	1	18	10771760136	10771855557	95421	1106.68	463.77	898.38	983.93	13.50	232.97	0.23	141.51	9877.53	-5797.08	3616.96
Fixation L	1	22	10771855557	10772210247	354690	906.90	976.89	36	39	-1	12.58	12.58
Fixation R	1	22	10771855557	10772210247	354690	906.90	976.89	36	39	-1	12.47	12.47
Blink L	1	4	10772210247	10772254248	44001
Blink R	1	4	10772210247	10772254248	44001
Saccade L	1	19	10772268248	10772304245	35997	0.00	0.00	938.93	909.02	30.30	2102.65	0.61	841.67	68818.78	-80300.02	47590.84
Saccade R	1	19	10772268248	10772304245	35997	0.00	0.00	938.93	909.02	30.30	2102.65	0.61	841.67	68818.78	-80300.02	47590.84
Fixation L	1	23	10772304245	10772438378	134133	912.63	891.19	45	44	-1	11.84	11.84
Fixation R	1	23	10772304245	10772438378	134133	912.63	891.19	45	44	-1	11.78	11.78
Fixation L	1	24	10772500373	10772772486	272113	893.86	936.19	43	85	-1	11.75	11.75
Fixation R	1	24	10772500373	10772772486	272113	893.86	936.19	43	85	-1	11.93	11.93
Saccade L	1	20	10772772486	10772798487	26001	902.03	939.63	865.34	920.51	0.86	46.18	0.47	33.20	1979.89	-1694.22	1163.95
Saccade R	1	20	10772772486	10772798487	26001	902.03	939.63	865.34	920.51	0.86	46.18	0.47	33.20	1979.89	-1694.22	1163.95
