[BeGaze]
Converted from:	C:\Program Files\SMI\Experiment Suite 360\Experiment Center 2\Results\RC-Attachment-Exp\P33-eye_data.idf
Date:	18.03.2012 20:29:25
Version:	BeGaze 3.0.181
Sample Rate:	500
Subject:	P33
Description:	Run38

Table Header for Fixations:
Event Type	Trial	Number	Start	End	Duration	Location X	Location Y	Dispersion X	Dispersion Y	Plane	Avg. Pupil Size X	Avg. Pupil Size Y

Table Header for Saccades:
Event Type	Trial	Number	Start	End	Duration	Start Loc.X	Start Loc.Y	End Loc.X	End Loc.Y	Amplitude	Peak Speed	Peak Speed At	Average Speed	Peak Accel.	Peak Decel.	Average Accel.

Table Header for Blinks:
Event Type	Trial	Number	Start	End	Duration

Table Header for User Events:
Event Type	Trial	Number	Start	Description

UserEvent	1	1	3537160221	# Message: RC-N1forced-nonanim-2.jpg
Fixation L	1	1	3537164706	3537695540	530834	502.92	427.86	34	34	-1	11.94	11.94
Fixation R	1	1	3537164706	3537695540	530834	502.92	427.86	34	34	-1	12.51	12.51
Saccade L	1	1	3537695540	3537721640	26100	512.71	418.10	589.36	433.36	1.67	114.45	0.46	64.06	4816.89	-4470.14	3288.50
Saccade R	1	1	3537695540	3537721640	26100	512.71	418.10	589.36	433.36	1.67	114.45	0.46	64.06	4816.89	-4470.14	3288.50
Fixation L	1	2	3537721640	3537935655	214015	587.10	440.34	9	15	-1	12.23	12.23
Fixation R	1	2	3537721640	3537935655	214015	587.10	440.34	9	15	-1	12.90	12.90
Saccade L	1	2	3537935655	3537960053	24398	584.21	430.69	662.65	431.74	1.72	128.57	0.49	70.59	5258.77	-5259.19	3691.35
Saccade R	1	2	3537935655	3537960053	24398	584.21	430.69	662.65	431.74	1.72	128.57	0.49	70.59	5258.77	-5259.19	3691.35
Fixation L	1	3	3537960053	3538175776	215723	669.00	430.93	31	17	-1	12.09	12.09
Fixation R	1	3	3537960053	3538175776	215723	669.00	430.93	31	17	-1	12.75	12.75
Saccade L	1	3	3538175776	3538204476	28700	651.85	441.68	733.06	425.14	1.85	127.42	0.42	64.63	4578.03	-5118.45	3509.78
Saccade R	1	3	3538175776	3538204476	28700	651.85	441.68	733.06	425.14	1.85	127.42	0.42	64.63	4578.03	-5118.45	3509.78
Fixation L	1	4	3538204476	3538369893	165417	743.67	433.18	20	22	-1	11.70	11.70
Fixation R	1	4	3538204476	3538369893	165417	743.67	433.18	20	22	-1	12.30	12.30
Saccade L	1	4	3538369893	3538399888	29995	743.55	427.42	829.71	431.42	1.86	112.58	0.40	62.17	4860.31	-4501.07	3380.45
Saccade R	1	4	3538369893	3538399888	29995	743.55	427.42	829.71	431.42	1.86	112.58	0.40	62.17	4860.31	-4501.07	3380.45
Fixation L	1	5	3538399888	3538588010	188122	833.30	430.26	23	21	-1	11.50	11.50
Fixation R	1	5	3538399888	3538588010	188122	833.30	430.26	23	21	-1	12.01	12.01
Saccade L	1	5	3538588010	3538618013	30003	834.25	424.95	907.70	430.17	1.59	94.05	0.47	53.09	3700.95	-3622.10	2632.44
Saccade R	1	5	3538588010	3538618013	30003	834.25	424.95	907.70	430.17	1.59	94.05	0.47	53.09	3700.95	-3622.10	2632.44
Fixation L	1	6	3538618013	3539204240	586227	924.67	436.72	44	30	-1	11.13	11.13
Fixation R	1	6	3538618013	3539204240	586227	924.67	436.72	44	30	-1	11.60	11.60
Saccade L	1	6	3539204240	3539258255	54015	939.01	430.18	1030.48	416.68	1.98	73.31	0.22	36.72	2984.53	-2176.58	1279.41
Saccade R	1	6	3539204240	3539258255	54015	939.01	430.18	1030.48	416.68	1.98	73.31	0.22	36.72	2984.53	-2176.58	1279.41
Fixation L	1	7	3539258255	3539436352	178097	1020.20	425.34	38	31	-1	11.00	11.00
Fixation R	1	7	3539258255	3539436352	178097	1020.20	425.34	38	31	-1	11.42	11.42
Saccade L	1	7	3539436352	3539480582	44230	1008.81	428.93	1079.02	433.55	1.60	73.90	0.40	36.21	2209.49	-2156.67	1486.27
Saccade R	1	7	3539436352	3539480582	44230	1008.81	428.93	1079.02	433.55	1.60	73.90	0.40	36.21	2209.49	-2156.67	1486.27
Fixation L	1	8	3539480582	3539582347	101765	1073.64	427.94	26	17	-1	11.04	11.04
Fixation R	1	8	3539480582	3539582347	101765	1073.64	427.94	26	17	-1	11.46	11.46
Saccade L	1	8	3539582347	3539609751	27404	1087.53	434.63	1132.62	430.96	1.06	60.85	0.51	38.67	1703.22	-2106.90	1402.48
Saccade R	1	8	3539582347	3539609751	27404	1087.53	434.63	1132.62	430.96	1.06	60.85	0.51	38.67	1703.22	-2106.90	1402.48
Fixation L	1	9	3539609751	3539760462	150711	1130.40	420.70	14	26	-1	10.96	10.96
Fixation R	1	9	3539609751	3539760462	150711	1130.40	420.70	14	26	-1	11.24	11.24
Saccade L	1	9	3539760462	3539830469	70007	1125.30	424.84	879.01	937.47	12.81	276.33	0.51	182.96	11008.13	-9296.15	6071.42
Saccade R	1	9	3539760462	3539830469	70007	1125.30	424.84	879.01	937.47	12.81	276.33	0.51	182.96	11008.13	-9296.15	6071.42
Fixation L	1	10	3539830469	3540004646	174177	865.69	933.01	27	17	-1	11.33	11.33
Fixation R	1	10	3539830469	3540004646	174177	865.69	933.01	27	17	-1	11.79	11.79
Saccade L	1	10	3540004646	3540036585	31939	850.33	933.37	876.13	976.50	1.18	57.69	0.44	36.95	2285.14	-1797.28	1458.67
Saccade R	1	10	3540004646	3540036585	31939	850.33	933.37	876.13	976.50	1.18	57.69	0.44	36.95	2285.14	-1797.28	1458.67
Fixation L	1	11	3540036585	3540566821	530236	896.30	951.80	48	49	-1	11.23	11.23
Fixation R	1	11	3540036585	3540566821	530236	896.30	951.80	48	49	-1	11.78	11.78
