[BeGaze]
Converted from:	C:\Program Files\SMI\Experiment Suite 360\Experiment Center 2\Results\RC-Attachment-Exp\P13-eye_data.idf
Date:	18.03.2012 20:09:53
Version:	BeGaze 3.0.181
Sample Rate:	500
Subject:	P13
Description:	Run18

Table Header for Fixations:
Event Type	Trial	Number	Start	End	Duration	Location X	Location Y	Dispersion X	Dispersion Y	Plane	Avg. Pupil Size X	Avg. Pupil Size Y

Table Header for Saccades:
Event Type	Trial	Number	Start	End	Duration	Start Loc.X	Start Loc.Y	End Loc.X	End Loc.Y	Amplitude	Peak Speed	Peak Speed At	Average Speed	Peak Accel.	Peak Decel.	Average Accel.

Table Header for Blinks:
Event Type	Trial	Number	Start	End	Duration

Table Header for User Events:
Event Type	Trial	Number	Start	Description

UserEvent	1	1	4159912264	# Message: intro-3.jpg
Fixation L	1	1	4159914137	4160417230	503093	465.14	448.00	34	17	-1	14.20	14.20
Fixation R	1	1	4159914137	4160417230	503093	465.14	448.00	34	17	-1	13.45	13.45
Saccade L	1	1	4160417230	4160441220	23990	453.84	443.31	497.95	436.85	0.93	58.04	0.42	38.74	2393.04	-2075.01	1527.96
Saccade R	1	1	4160417230	4160441220	23990	453.84	443.31	497.95	436.85	0.93	58.04	0.42	38.74	2393.04	-2075.01	1527.96
Fixation L	1	2	4160441220	4160575337	134117	500.95	444.64	16	15	-1	13.95	13.95
Fixation R	1	2	4160441220	4160575337	134117	500.95	444.64	16	15	-1	13.30	13.30
Saccade L	1	2	4160575337	4160611333	35996	495.44	444.32	565.50	438.75	1.50	71.20	0.33	41.76	2914.52	-2171.67	1719.69
Saccade R	1	2	4160575337	4160611333	35996	495.44	444.32	565.50	438.75	1.50	71.20	0.33	41.76	2914.52	-2171.67	1719.69
Fixation L	1	3	4160611333	4160793451	182118	570.94	417.73	22	31	-1	14.22	14.22
Fixation R	1	3	4160611333	4160793451	182118	570.94	417.73	22	31	-1	13.73	13.73
Saccade L	1	3	4160793451	4160823449	29998	563.13	418.04	679.41	413.90	2.54	165.20	0.47	84.60	6728.47	-5254.66	4043.28
Saccade R	1	3	4160793451	4160823449	29998	563.13	418.04	679.41	413.90	2.54	165.20	0.47	84.60	6728.47	-5254.66	4043.28
Saccade L	1	4	4160823449	4160861475	38026	679.41	413.90	852.85	432.62	3.59	201.19	0.49	94.47	7298.42	-7412.53	4443.95
Saccade R	1	4	4160823449	4160861475	38026	679.41	413.90	852.85	432.62	3.59	201.19	0.49	94.47	7298.42	-7412.53	4443.95
Saccade L	1	5	4160861475	4160899454	37979	852.85	432.62	779.30	387.16	1.83	77.42	0.27	48.06	848.89	-1963.88	1173.63
Saccade R	1	5	4160861475	4160899454	37979	852.85	432.62	779.30	387.16	1.83	77.42	0.27	48.06	848.89	-1963.88	1173.63
Fixation L	1	4	4160899454	4161097568	198114	736.05	416.50	92	52	-1	14.90	14.90
Fixation R	1	4	4160899454	4161097568	198114	736.05	416.50	92	52	-1	13.86	13.86
Saccade L	1	6	4161097568	4161131566	33998	695.33	418.77	824.30	421.24	2.86	156.96	0.55	84.13	6373.02	-6531.55	4738.43
Saccade R	1	6	4161097568	4161131566	33998	695.33	418.77	824.30	421.24	2.86	156.96	0.55	84.13	6373.02	-6531.55	4738.43
Fixation L	1	5	4161131566	4161369681	238115	840.93	426.01	24	15	-1	15.28	15.28
Fixation R	1	5	4161131566	4161369681	238115	840.93	426.01	24	15	-1	14.78	14.78
Saccade L	1	7	4161369681	4161413700	44019	844.48	429.46	953.90	427.07	2.37	94.76	0.32	53.91	4163.82	-3125.73	2446.24
Saccade R	1	7	4161369681	4161413700	44019	844.48	429.46	953.90	427.07	2.37	94.76	0.32	53.91	4163.82	-3125.73	2446.24
Fixation L	1	6	4161413700	4161627831	214131	959.04	422.53	13	30	-1	14.97	14.97
Fixation R	1	6	4161413700	4161627831	214131	959.04	422.53	13	30	-1	14.33	14.33
Saccade L	1	8	4161627831	4161671173	43342	954.41	434.88	1048.98	440.08	2.18	90.66	0.32	50.40	3638.71	-2847.30	2275.66
Saccade R	1	8	4161627831	4161671173	43342	954.41	434.88	1048.98	440.08	2.18	90.66	0.32	50.40	3638.71	-2847.30	2275.66
Fixation L	1	7	4161671173	4161849917	178744	1042.62	422.39	16	36	-1	15.02	15.02
Fixation R	1	7	4161671173	4161849917	178744	1042.62	422.39	16	36	-1	14.36	14.36
Saccade L	1	9	4161849917	4161889923	40006	1039.16	417.00	895.22	419.52	3.14	154.10	0.35	78.40	6337.28	-5529.65	4185.76
Saccade R	1	9	4161849917	4161889923	40006	1039.16	417.00	895.22	419.52	3.14	154.10	0.35	78.40	6337.28	-5529.65	4185.76
Fixation L	1	8	4161889923	4162176070	286147	877.73	423.78	29	15	-1	15.32	15.32
Fixation R	1	8	4161889923	4162176070	286147	877.73	423.78	29	15	-1	14.52	14.52
Saccade L	1	10	4162176070	4162234039	57969	870.10	415.18	1115.11	424.21	5.48	220.78	0.31	94.53	9408.70	-6942.54	4783.45
Saccade R	1	10	4162176070	4162234039	57969	870.10	415.18	1115.11	424.21	5.48	220.78	0.31	94.53	9408.70	-6942.54	4783.45
Fixation L	1	9	4162234039	4162460188	226149	1112.33	427.35	22	17	-1	15.55	15.55
Fixation R	1	9	4162234039	4162460188	226149	1112.33	427.35	22	17	-1	14.95	14.95
Saccade L	1	11	4162460188	4162488157	27969	1114.16	419.51	1165.03	429.88	1.09	59.65	0.50	39.00	2047.04	-2115.58	1516.46
Saccade R	1	11	4162460188	4162488157	27969	1114.16	419.51	1165.03	429.88	1.09	59.65	0.50	39.00	2047.04	-2115.58	1516.46
Fixation L	1	10	4162488157	4162776273	288116	1169.55	435.15	35	20	-1	15.40	15.40
Fixation R	1	10	4162488157	4162776273	288116	1169.55	435.15	35	20	-1	14.83	14.83
Saccade L	1	12	4162776273	4162862265	85992	1160.50	425.87	825.10	904.09	13.46	417.83	0.35	156.56	17413.95	-15166.82	7995.81
Saccade R	1	12	4162776273	4162862265	85992	1160.50	425.87	825.10	904.09	13.46	417.83	0.35	156.56	17413.95	-15166.82	7995.81
Fixation L	1	11	4162862265	4162974390	112125	840.57	906.78	41	17	-1	15.39	15.39
Fixation R	1	11	4162862265	4162974390	112125	840.57	906.78	41	17	-1	14.39	14.39
Saccade L	1	13	4162974390	4163002433	28043	846.20	898.13	791.62	927.84	1.02	54.01	0.36	36.54	2039.99	-1927.52	1465.98
Saccade R	1	13	4162974390	4163002433	28043	846.20	898.13	791.62	927.84	1.02	54.01	0.36	36.54	2039.99	-1927.52	1465.98
Fixation L	1	12	4163002433	4163710745	708312	825.88	939.16	73	34	-1	15.69	15.69
Fixation R	1	12	4163002433	4163710745	708312	825.88	939.16	73	34	-1	14.82	14.82
