[BeGaze]
Converted from:	C:\Program Files\SMI\Experiment Suite 360\Experiment Center 2\Results\RC-Attachment-Exp\P03-eye_data.idf
Date:	18.03.2012 20:04:51
Version:	BeGaze 3.0.181
Sample Rate:	500
Subject:	P03
Description:	Run8

Table Header for Fixations:
Event Type	Trial	Number	Start	End	Duration	Location X	Location Y	Dispersion X	Dispersion Y	Plane	Avg. Pupil Size X	Avg. Pupil Size Y

Table Header for Saccades:
Event Type	Trial	Number	Start	End	Duration	Start Loc.X	Start Loc.Y	End Loc.X	End Loc.Y	Amplitude	Peak Speed	Peak Speed At	Average Speed	Peak Accel.	Peak Decel.	Average Accel.

Table Header for Blinks:
Event Type	Trial	Number	Start	End	Duration

Table Header for User Events:
Event Type	Trial	Number	Start	Description

UserEvent	1	1	1052501830	# Message: RC-N1forced-anim-3.jpg
Fixation L	1	1	1052599962	1052696045	96083	799.86	1121.43	16	36	-1	11.82	11.82
Fixation R	1	1	1052599962	1052696045	96083	799.86	1121.43	16	36	-1	10.96	10.96
Saccade L	1	1	1052696045	1052774203	78158	796.03	1118.80	509.54	541.51	15.89	435.23	0.31	203.33	18220.37	-10575.74	9095.43
Saccade R	1	1	1052696045	1052774203	78158	796.03	1118.80	509.54	541.51	15.89	435.23	0.31	203.33	18220.37	-10575.74	9095.43
Fixation L	1	2	1052774203	1052876072	101869	507.85	538.32	7	8	-1	10.06	10.06
Fixation R	1	2	1052774203	1052876072	101869	507.85	538.32	7	8	-1	9.46	9.46
Saccade L	1	2	1052876072	1052908019	31947	503.81	535.25	525.32	455.20	1.96	118.34	0.47	61.32	4885.80	-4652.96	3378.25
Saccade R	1	2	1052876072	1052908019	31947	503.81	535.25	525.32	455.20	1.96	118.34	0.47	61.32	4885.80	-4652.96	3378.25
Fixation L	1	3	1052908019	1053112161	204142	519.15	456.53	17	8	-1	9.89	9.89
Fixation R	1	3	1052908019	1053112161	204142	519.15	456.53	17	8	-1	9.18	9.18
Saccade L	1	3	1053112161	1053142133	29972	525.65	452.18	620.21	450.47	2.05	133.25	0.47	68.28	5314.97	-5439.43	3887.98
Saccade R	1	3	1053112161	1053142133	29972	525.65	452.18	620.21	450.47	2.05	133.25	0.47	68.28	5314.97	-5439.43	3887.98
Fixation L	1	4	1053142133	1053332271	190138	627.18	454.43	16	10	-1	10.05	10.05
Fixation R	1	4	1053142133	1053332271	190138	627.18	454.43	16	10	-1	9.40	9.40
Saccade L	1	4	1053332271	1053364569	32298	632.24	452.88	722.19	453.27	1.95	104.55	0.44	60.41	4365.72	-4083.38	3080.11
Saccade R	1	4	1053332271	1053364569	32298	632.24	452.88	722.19	453.27	1.95	104.55	0.44	60.41	4365.72	-4083.38	3080.11
Fixation L	1	5	1053364569	1053616409	251840	726.49	446.78	15	11	-1	10.03	10.03
Fixation R	1	5	1053364569	1053616409	251840	726.49	446.78	15	11	-1	9.33	9.33
Saccade L	1	5	1053616409	1053644377	27968	725.90	449.91	799.95	443.28	1.59	103.23	0.43	56.73	4020.16	-3915.73	2878.94
Saccade R	1	5	1053616409	1053644377	27968	725.90	449.91	799.95	443.28	1.59	103.23	0.43	56.73	4020.16	-3915.73	2878.94
Fixation L	1	6	1053644377	1053850481	206104	804.46	444.91	8	14	-1	9.96	9.96
Fixation R	1	6	1053644377	1053850481	206104	804.46	444.91	8	14	-1	9.34	9.34
Saccade L	1	6	1053850481	1053880482	30001	801.82	450.45	885.88	450.29	1.77	104.98	0.40	58.96	4427.86	-3997.22	3017.52
Saccade R	1	6	1053850481	1053880482	30001	801.82	450.45	885.88	450.29	1.77	104.98	0.40	58.96	4427.86	-3997.22	3017.52
Fixation L	1	7	1053880482	1054044620	164138	891.10	443.74	12	11	-1	10.02	10.02
Fixation R	1	7	1053880482	1054044620	164138	891.10	443.74	12	11	-1	9.24	9.24
Saccade L	1	7	1054044620	1054072600	27980	892.34	438.75	824.06	435.18	1.40	81.58	0.43	49.92	3421.87	-3285.34	2426.82
Saccade R	1	7	1054044620	1054072600	27980	892.34	438.75	824.06	435.18	1.40	81.58	0.43	49.92	3421.87	-3285.34	2426.82
Fixation L	1	8	1054072600	1054234604	162004	822.99	440.91	14	12	-1	10.09	10.09
Fixation R	1	8	1054072600	1054234604	162004	822.99	440.91	14	12	-1	9.27	9.27
Saccade L	1	8	1054234604	1054266715	32111	820.19	448.02	898.84	443.57	1.72	87.31	0.44	53.57	3540.60	-3632.87	2634.15
Saccade R	1	8	1054234604	1054266715	32111	820.19	448.02	898.84	443.57	1.72	87.31	0.44	53.57	3540.60	-3632.87	2634.15
Fixation L	1	9	1054266715	1054536914	270199	896.12	450.14	16	13	-1	10.07	10.07
Fixation R	1	9	1054266715	1054536914	270199	896.12	450.14	16	13	-1	9.39	9.39
Saccade L	1	9	1054536914	1054564856	27942	893.81	448.91	833.08	452.54	1.25	73.02	0.42	44.84	3132.34	-2743.21	2128.01
Saccade R	1	9	1054536914	1054564856	27942	893.81	448.91	833.08	452.54	1.25	73.02	0.42	44.84	3132.34	-2743.21	2128.01
Fixation L	1	10	1054564856	1054802970	238114	838.07	443.99	18	13	-1	10.06	10.06
Fixation R	1	10	1054564856	1054802970	238114	838.07	443.99	18	13	-1	9.36	9.36
Saccade L	1	10	1054802970	1054834058	31088	833.09	442.42	917.12	436.93	1.88	104.10	0.45	60.55	4489.16	-4174.71	3157.69
Saccade R	1	10	1054802970	1054834058	31088	833.09	442.42	917.12	436.93	1.88	104.10	0.45	60.55	4489.16	-4174.71	3157.69
Fixation L	1	11	1054834058	1055057062	223004	911.31	447.15	16	14	-1	10.12	10.12
Fixation R	1	11	1054834058	1055057062	223004	911.31	447.15	16	14	-1	9.39	9.39
Saccade L	1	11	1055057062	1055093055	35993	914.03	448.07	1025.54	440.32	2.42	127.02	0.46	67.28	5185.95	-5197.78	3745.65
Saccade R	1	11	1055057062	1055093055	35993	914.03	448.07	1025.54	440.32	2.42	127.02	0.46	67.28	5185.95	-5197.78	3745.65
Fixation L	1	12	1055093055	1055349184	256129	1020.54	446.35	13	16	-1	10.15	10.15
Fixation R	1	12	1055093055	1055349184	256129	1020.54	446.35	13	16	-1	9.36	9.36
Saccade L	1	12	1055349184	1055383169	33985	1019.87	448.03	1121.64	444.83	2.21	111.90	0.53	65.11	4766.05	-4756.31	3528.76
Saccade R	1	12	1055349184	1055383169	33985	1019.87	448.03	1121.64	444.83	2.21	111.90	0.53	65.11	4766.05	-4756.31	3528.76
Fixation L	1	13	1055383169	1055547180	164011	1124.58	442.76	13	11	-1	9.99	9.99
Fixation R	1	13	1055383169	1055547180	164011	1124.58	442.76	13	11	-1	9.34	9.34
Blink L	1	1	1055547180	1055729334	182154
Blink R	1	1	1055547180	1055729334	182154
Fixation L	1	14	1055729334	1055861399	132065	1016.76	451.85	15	13	-1	10.29	10.29
Fixation R	1	14	1055729334	1055861399	132065	1016.76	451.85	15	13	-1	9.50	9.50
Saccade L	1	13	1055861399	1055925560	64161	1017.89	455.04	643.35	452.01	8.92	258.79	0.34	139.05	11415.35	-6715.22	6222.93
Saccade R	1	13	1055861399	1055925560	64161	1017.89	455.04	643.35	452.01	8.92	258.79	0.34	139.05	11415.35	-6715.22	6222.93
Fixation L	1	15	1055925560	1056057387	131827	638.13	455.57	13	29	-1	10.27	10.27
Fixation R	1	15	1055925560	1056057387	131827	638.13	455.57	13	29	-1	9.43	9.43
Saccade L	1	14	1056057387	1056087387	30000	633.86	450.71	583.47	453.28	1.16	57.83	0.47	38.78	1591.73	-2275.97	1417.45
Saccade R	1	14	1056057387	1056087387	30000	633.86	450.71	583.47	453.28	1.16	57.83	0.47	38.78	1591.73	-2275.97	1417.45
Fixation L	1	16	1056087387	1056322229	234842	576.34	443.16	596	460	-1	10.03	10.03
Fixation R	1	16	1056087387	1056322229	234842	576.34	443.16	596	460	-1	9.17	9.17
Saccade L	1	15	1056322229	1056373507	51278	588.50	455.45	677.18	458.88	8.00	257.08	0.22	156.08	11390.13	-6451.47	5995.88
Saccade R	1	15	1056322229	1056373507	51278	588.50	455.45	677.18	458.88	8.00	257.08	0.22	156.08	11390.13	-6451.47	5995.88
Fixation L	1	17	1056373507	1056429630	56123	682.42	455.41	12	8	-1	10.25	10.25
Fixation R	1	17	1056373507	1056429630	56123	682.42	455.41	12	8	-1	9.59	9.59
Fixation L	1	18	1056461624	1056609620	147996	685.51	450.51	17	14	-1	10.30	10.30
Fixation R	1	18	1056461624	1056609620	147996	685.51	450.51	17	14	-1	9.53	9.53
Saccade L	1	16	1056609620	1056649743	40123	686.92	452.91	689.97	455.01	17.20	800.79	0.30	428.77	31162.38	-34144.67	24570.26
Saccade R	1	16	1056609620	1056649743	40123	686.92	452.91	689.97	455.01	17.20	800.79	0.30	428.77	31162.38	-34144.67	24570.26
Saccade L	1	17	1056661760	1056695742	33982	693.69	458.95	805.54	454.16	2.36	128.35	0.39	69.59	4969.19	-4637.21	3444.80
Saccade R	1	17	1056661760	1056695742	33982	693.69	458.95	805.54	454.16	2.36	128.35	0.39	69.59	4969.19	-4637.21	3444.80
Fixation L	1	19	1056695742	1057005851	310109	802.92	453.35	33	20	-1	10.13	10.13
Fixation R	1	19	1056695742	1057005851	310109	802.92	453.35	33	20	-1	9.47	9.47
Saccade L	1	18	1057005851	1057037855	32004	803.69	456.51	745.42	444.82	1.26	54.28	0.50	39.31	2189.24	-2198.88	1593.56
Saccade R	1	18	1057005851	1057037855	32004	803.69	456.51	745.42	444.82	1.26	54.28	0.50	39.31	2189.24	-2198.88	1593.56
Fixation L	1	20	1057037855	1057212027	174172	749.08	447.86	13	11	-1	10.15	10.15
Fixation R	1	20	1057037855	1057212027	174172	749.08	447.86	13	11	-1	9.42	9.42
Saccade L	1	19	1057212027	1057251983	39956	757.08	450.25	876.95	450.02	2.80	124.51	0.35	70.03	4771.76	-4515.11	3424.08
Saccade R	1	19	1057212027	1057251983	39956	757.08	450.25	876.95	450.02	2.80	124.51	0.35	70.03	4771.76	-4515.11	3424.08
Fixation L	1	21	1057251983	1057511632	259649	874.15	443.70	14	20	-1	10.17	10.17
Fixation R	1	21	1057251983	1057511632	259649	874.15	443.70	14	20	-1	9.43	9.43
Saccade L	1	20	1057511632	1057574226	62594	884.16	440.43	763.99	987.23	12.79	334.99	0.35	204.32	14046.09	-12411.01	8401.08
Saccade R	1	20	1057511632	1057574226	62594	884.16	440.43	763.99	987.23	12.79	334.99	0.35	204.32	14046.09	-12411.01	8401.08
Fixation L	1	22	1057574226	1057708071	133845	762.42	994.48	10	38	-1	11.37	11.37
Fixation R	1	22	1057574226	1057708071	133845	762.42	994.48	10	38	-1	10.42	10.42
Saccade L	1	21	1057708071	1057740212	32141	762.81	1007.70	820.23	961.78	1.65	86.79	0.44	51.27	2938.42	-3473.28	2367.37
Saccade R	1	21	1057708071	1057740212	32141	762.81	1007.70	820.23	961.78	1.65	86.79	0.44	51.27	2938.42	-3473.28	2367.37
Fixation L	1	23	1057740212	1058148310	408098	817.82	953.11	12	28	-1	10.98	10.98
Fixation R	1	23	1057740212	1058148310	408098	817.82	953.11	12	28	-1	10.24	10.24
Saccade L	1	22	1058148310	1058190305	41995	823.68	951.85	888.77	938.28	1.70	55.04	0.43	40.59	1953.61	-2015.15	1386.57
Saccade R	1	22	1058148310	1058190305	41995	823.68	951.85	888.77	938.28	1.70	55.04	0.43	40.59	1953.61	-2015.15	1386.57
Fixation L	1	24	1058190305	1058446418	256113	878.16	960.34	24	47	-1	10.93	10.93
Fixation R	1	24	1058190305	1058446418	256113	878.16	960.34	24	47	-1	10.14	10.14
Saccade L	1	23	1058446418	1058482423	36005	890.00	956.14	970.72	945.06	1.84	85.40	0.44	50.98	3118.75	-3128.75	2316.78
Saccade R	1	23	1058446418	1058482423	36005	890.00	956.14	970.72	945.06	1.84	85.40	0.44	50.98	3118.75	-3128.75	2316.78
Fixation L	1	25	1058482423	1058678541	196118	972.71	947.56	10	19	-1	10.83	10.83
Fixation R	1	25	1058482423	1058678541	196118	972.71	947.56	10	19	-1	10.34	10.34
