[BeGaze]
Converted from:	C:\Program Files\SMI\Experiment Suite 360\Experiment Center 2\Results\RC-Attachment-Exp\Denek04-eye_data.idf
Date:	24.02.2012 09:58:07
Version:	BeGaze 3.0.181
Sample Rate:	500
Subject:	Denek04
Description:	Run7

Table Header for Fixations:
Event Type	Trial	Number	Start	End	Duration	Location X	Location Y	Dispersion X	Dispersion Y	Plane	Avg. Pupil Size X	Avg. Pupil Size Y

Table Header for Saccades:
Event Type	Trial	Number	Start	End	Duration	Start Loc.X	Start Loc.Y	End Loc.X	End Loc.Y	Amplitude	Peak Speed	Peak Speed At	Average Speed	Peak Accel.	Peak Decel.	Average Accel.

Table Header for Blinks:
Event Type	Trial	Number	Start	End	Duration

Table Header for User Events:
Event Type	Trial	Number	Start	Description

UserEvent	1	1	6476051958	# Message: Questionnaire10.jpg
Fixation L	1	1	6476058069	6476479628	421559	859.04	952.68	21	38	-1	11.55	11.55
Fixation R	1	1	6476058069	6476479628	421559	859.04	952.68	21	38	-1	12.23	12.23
Saccade L	1	1	6476479628	6476535645	56017	853.97	940.37	474.77	529.83	12.74	380.78	0.37	227.42	17064.31	-11920.22	9691.84
Saccade R	1	1	6476479628	6476535645	56017	853.97	940.37	474.77	529.83	12.74	380.78	0.37	227.42	17064.31	-11920.22	9691.84
Fixation L	1	2	6476535645	6476629445	93800	462.31	534.14	22	31	-1	11.17	11.17
Fixation R	1	2	6476535645	6476629445	93800	462.31	534.14	22	31	-1	11.56	11.56
Saccade L	1	2	6476629445	6476655748	26303	452.36	517.27	433.79	413.99	2.14	158.94	0.47	81.43	6389.95	-6353.45	4642.19
Saccade R	1	2	6476629445	6476655748	26303	452.36	517.27	433.79	413.99	2.14	158.94	0.47	81.43	6389.95	-6353.45	4642.19
Fixation L	1	3	6476655748	6476732080	76332	432.48	430.73	9	27	-1	11.05	11.05
Fixation R	1	3	6476655748	6476732080	76332	432.48	430.73	9	27	-1	11.46	11.46
Saccade L	1	3	6476732080	6476763738	31658	433.72	439.89	411.50	343.41	2.37	160.04	0.37	74.80	6703.26	-6065.87	4361.62
Saccade R	1	3	6476732080	6476763738	31658	433.72	439.89	411.50	343.41	2.37	160.04	0.37	74.80	6703.26	-6065.87	4361.62
Fixation L	1	4	6476763738	6477089843	326105	407.75	355.22	38	25	-1	11.09	11.09
Fixation R	1	4	6476763738	6477089843	326105	407.75	355.22	38	25	-1	11.53	11.53
Saccade L	1	4	6477089843	6477143978	54135	394.41	361.03	495.58	357.17	4.00	206.57	0.26	73.83	8305.70	-7091.97	3701.79
Saccade R	1	4	6477089843	6477143978	54135	394.41	361.03	495.58	357.17	4.00	206.57	0.26	73.83	8305.70	-7091.97	3701.79
Fixation L	1	5	6477143978	6477293984	150006	505.69	357.64	16	10	-1	11.49	11.49
Fixation R	1	5	6477143978	6477293984	150006	505.69	357.64	16	10	-1	12.17	12.17
Saccade L	1	5	6477293984	6477319967	25983	508.89	355.73	596.32	357.75	1.95	146.76	0.54	75.04	5736.38	-5824.73	4121.08
Saccade R	1	5	6477293984	6477319967	25983	508.89	355.73	596.32	357.75	1.95	146.76	0.54	75.04	5736.38	-5824.73	4121.08
Fixation L	1	6	6477319967	6477546246	226279	594.14	365.45	13	17	-1	11.88	11.88
Fixation R	1	6	6477319967	6477546246	226279	594.14	365.45	13	17	-1	12.73	12.73
Saccade L	1	6	6477546246	6477572079	25833	595.23	375.43	514.66	382.07	1.71	120.80	0.54	66.39	4871.25	-4145.54	3256.45
Saccade R	1	6	6477546246	6477572079	25833	595.23	375.43	514.66	382.07	1.71	120.80	0.54	66.39	4871.25	-4145.54	3256.45
Fixation L	1	7	6477572079	6477670499	98420	522.41	367.52	20	35	-1	12.19	12.19
Fixation R	1	7	6477572079	6477670499	98420	522.41	367.52	20	35	-1	13.17	13.17
Saccade L	1	7	6477670499	6477696257	25758	520.48	344.70	632.46	359.72	2.37	182.28	0.53	92.14	6879.65	-6308.60	4636.24
Saccade R	1	7	6477670499	6477696257	25758	520.48	344.70	632.46	359.72	2.37	182.28	0.53	92.14	6879.65	-6308.60	4636.24
Fixation L	1	8	6477696257	6477946324	250067	606.77	363.16	30	20	-1	12.41	12.41
Fixation R	1	8	6477696257	6477946324	250067	606.77	363.16	30	20	-1	13.39	13.39
Saccade L	1	8	6477946324	6477972309	25985	610.70	360.82	702.06	360.03	1.91	131.46	0.54	73.65	5149.90	-5018.36	3733.58
Saccade R	1	8	6477946324	6477972309	25985	610.70	360.82	702.06	360.03	1.91	131.46	0.54	73.65	5149.90	-5018.36	3733.58
Fixation L	1	9	6477972309	6478156433	184124	688.91	374.36	26	25	-1	12.63	12.63
Fixation R	1	9	6477972309	6478156433	184124	688.91	374.36	26	25	-1	13.63	13.63
Saccade L	1	9	6478156433	6478182433	26000	695.57	374.55	589.72	375.41	2.28	161.41	0.53	87.60	6689.75	-6552.60	4819.69
Saccade R	1	9	6478156433	6478182433	26000	695.57	374.55	589.72	375.41	2.28	161.41	0.53	87.60	6689.75	-6552.60	4819.69
Fixation L	1	10	6478182433	6478396422	213989	599.51	374.46	21	28	-1	12.84	12.84
Fixation R	1	10	6478182433	6478396422	213989	599.51	374.46	21	28	-1	13.86	13.86
Fixation L	1	11	6478416422	6478611146	194724	576.43	376.46	17	21	-1	12.92	12.92
Fixation R	1	11	6478416422	6478611146	194724	576.43	376.46	17	21	-1	13.95	13.95
Saccade L	1	10	6478611146	6478632541	21395	569.85	374.30	642.97	370.64	1.51	124.64	0.53	70.40	5012.14	-4386.52	3200.64
Saccade R	1	10	6478611146	6478632541	21395	569.85	374.30	642.97	370.64	1.51	124.64	0.53	70.40	5012.14	-4386.52	3200.64
Fixation L	1	12	6478632541	6478800657	168116	636.45	379.10	22	18	-1	12.98	12.98
Fixation R	1	12	6478632541	6478800657	168116	636.45	379.10	22	18	-1	13.86	13.86
Saccade L	1	11	6478800657	6478826644	25987	642.85	386.56	698.70	372.88	1.24	82.97	0.46	47.88	3072.97	-3269.93	2277.32
Saccade R	1	11	6478800657	6478826644	25987	642.85	386.56	698.70	372.88	1.24	82.97	0.46	47.88	3072.97	-3269.93	2277.32
Fixation L	1	13	6478826644	6478949559	122915	696.73	377.21	13	24	-1	12.88	12.88
Fixation R	1	13	6478826644	6478949559	122915	696.73	377.21	13	24	-1	13.79	13.79
Saccade L	1	12	6478949559	6479012770	63211	696.23	371.69	446.95	453.27	7.50	318.10	0.27	118.72	13535.03	-11642.47	6798.86
Saccade R	1	12	6478949559	6479012770	63211	696.23	371.69	446.95	453.27	7.50	318.10	0.27	118.72	13535.03	-11642.47	6798.86
Fixation L	1	14	6479012770	6479114783	102013	443.24	453.39	12	9	-1	12.98	12.98
Fixation R	1	14	6479012770	6479114783	102013	443.24	453.39	12	9	-1	13.71	13.71
Saccade L	1	13	6479114783	6479139645	24862	439.36	460.11	397.68	503.69	1.39	92.79	0.48	56.07	3820.89	-3314.36	2541.61
Saccade R	1	13	6479114783	6479139645	24862	439.36	460.11	397.68	503.69	1.39	92.79	0.48	56.07	3820.89	-3314.36	2541.61
Fixation L	1	15	6479139645	6479466913	327268	389.94	487.02	39	41	-1	12.65	12.65
Fixation R	1	15	6479139645	6479466913	327268	389.94	487.02	39	41	-1	13.51	13.51
Saccade L	1	14	6479466913	6479496879	29966	382.99	481.03	387.31	487.84	5.22	208.88	0.80	174.08	9669.82	-9818.98	7586.75
Saccade R	1	14	6479466913	6479496879	29966	382.99	481.03	387.31	487.84	5.22	208.88	0.80	174.08	9669.82	-9818.98	7586.75
Fixation L	1	16	6479496879	6479593035	96156	384.35	484.70	6	19	-1	12.66	12.66
Fixation R	1	16	6479496879	6479593035	96156	384.35	484.70	6	19	-1	13.50	13.50
Blink L	1	1	6479593035	6479737661	144626
Blink R	1	1	6479593035	6479737661	144626
Fixation L	1	17	6479737661	6479977114	239453	363.12	542.01	55	41	-1	12.72	12.72
Fixation R	1	17	6479737661	6479977114	239453	363.12	542.01	55	41	-1	13.24	13.24
Blink L	1	2	6479977114	6480157226	180112
Blink R	1	2	6479977114	6480157226	180112
Fixation L	1	18	6480181638	6481982030	1800392	371.25	490.94	47	94	-1	12.72	12.72
Fixation R	1	18	6480181638	6481982030	1800392	371.25	490.94	47	94	-1	9.41	9.41
UserEvent	1	145	6481985921	# Message: UE-mouseclick left x=361 y=470
Fixation L	1	19	6482011740	6482146450	134710	391.53	531.08	19	10	-1	12.69	12.69
Fixation R	1	19	6482011740	6482146450	134710	391.53	531.08	19	10	-1	12.90	12.90
UserEvent	1	166	6482785617	# Message: UE-mouseclick left x=359 y=527
