[BeGaze]
Converted from:	C:\Program Files\SMI\Experiment Suite 360\Experiment Center 2\Results\RC-Attachment-Exp\P19-eye_data.idf
Date:	18.03.2012 20:14:24
Version:	BeGaze 3.0.181
Sample Rate:	500
Subject:	P19
Description:	Run24

Table Header for Fixations:
Event Type	Trial	Number	Start	End	Duration	Location X	Location Y	Dispersion X	Dispersion Y	Plane	Avg. Pupil Size X	Avg. Pupil Size Y

Table Header for Saccades:
Event Type	Trial	Number	Start	End	Duration	Start Loc.X	Start Loc.Y	End Loc.X	End Loc.Y	Amplitude	Peak Speed	Peak Speed At	Average Speed	Peak Accel.	Peak Decel.	Average Accel.

Table Header for Blinks:
Event Type	Trial	Number	Start	End	Duration

Table Header for User Events:
Event Type	Trial	Number	Start	Description

UserEvent	1	1	17796448111	# Message: Validation.jpg
Fixation L	1	1	17796452637	17796534636	81999	144.86	782.44	31	19	-1	13.23	13.23
Fixation R	1	1	17796452637	17796534636	81999	144.86	782.44	31	19	-1	13.05	13.05
Saccade L	1	1	17796534636	17796636632	101996	129.13	776.49	269.92	573.78	6.33	248.78	0.73	62.02	9153.91	-9714.97	3405.55
Saccade R	1	1	17796534636	17796636632	101996	129.13	776.49	269.92	573.78	6.33	248.78	0.73	62.02	9153.91	-9714.97	3405.55
Fixation L	1	2	17796636632	17796857942	221310	280.21	577.49	26	28	-1	13.14	13.14
Fixation R	1	2	17796636632	17796857942	221310	280.21	577.49	26	28	-1	13.18	13.18
Saccade L	1	2	17796857942	17796923350	65408	275.81	567.01	230.84	617.89	1.70	47.24	0.38	26.03	1386.49	-1080.70	696.28
Saccade R	1	2	17796857942	17796923350	65408	275.81	567.01	230.84	617.89	1.70	47.24	0.38	26.03	1386.49	-1080.70	696.28
Fixation L	1	3	17796923350	17797140915	217565	239.08	607.73	44	58	-1	13.12	13.12
Fixation R	1	3	17796923350	17797140915	217565	239.08	607.73	44	58	-1	13.10	13.10
Saccade L	1	3	17797140915	17797207407	66492	274.85	569.32	320.52	479.30	2.78	132.64	0.36	41.74	4938.50	-5053.22	2234.08
Saccade R	1	3	17797140915	17797207407	66492	274.85	569.32	320.52	479.30	2.78	132.64	0.36	41.74	4938.50	-5053.22	2234.08
Saccade L	1	4	17797252928	17797282846	29918	360.04	462.19	332.03	454.36	0.70	40.16	0.54	23.29	575.52	-1046.26	523.52
Saccade R	1	4	17797252928	17797282846	29918	360.04	462.19	332.03	454.36	0.70	40.16	0.54	23.29	575.52	-1046.26	523.52
Saccade L	1	5	17797289860	17797420970	131110	331.79	455.53	399.69	295.18	4.54	115.08	0.31	34.61	3950.69	-3459.13	1161.89
Saccade R	1	5	17797289860	17797420970	131110	331.79	455.53	399.69	295.18	4.54	115.08	0.31	34.61	3950.69	-3459.13	1161.89
Saccade L	1	6	17797450925	17797517088	66163	399.95	298.20	431.62	229.28	1.90	59.51	0.33	28.75	2224.51	-1484.90	1020.14
Saccade R	1	6	17797450925	17797517088	66163	399.95	298.20	431.62	229.28	1.90	59.51	0.33	28.75	2224.51	-1484.90	1020.14
Fixation L	1	4	17797517088	17797825211	308123	441.26	243.69	34	39	-1	12.52	12.52
Fixation R	1	4	17797517088	17797825211	308123	441.26	243.69	34	39	-1	12.43	12.43
Saccade L	1	7	17797825211	17797852244	27033	439.88	246.16	428.94	283.63	0.86	54.62	0.44	31.91	1884.08	-785.94	989.07
Saccade R	1	7	17797825211	17797852244	27033	439.88	246.16	428.94	283.63	0.86	54.62	0.44	31.91	1884.08	-785.94	989.07
Saccade L	1	8	17797852244	17797885198	32954	428.94	283.63	441.68	250.44	0.85	44.48	0.33	25.74	524.20	-1128.71	506.84
Saccade R	1	8	17797852244	17797885198	32954	428.94	283.63	441.68	250.44	0.85	44.48	0.33	25.74	524.20	-1128.71	506.84
Fixation L	1	5	17797885198	17798083322	198124	439.66	256.85	37	41	-1	12.70	12.70
Fixation R	1	5	17797885198	17798083322	198124	439.66	256.85	37	41	-1	12.50	12.50
Saccade L	1	9	17798083322	17798131317	47995	434.84	248.69	427.02	239.89	1.04	42.79	0.81	21.66	995.19	-438.12	473.94
Saccade R	1	9	17798083322	17798131317	47995	434.84	248.69	427.02	239.89	1.04	42.79	0.81	21.66	995.19	-438.12	473.94
Saccade L	1	10	17798131317	17798170011	38694	427.02	239.89	465.33	290.19	1.40	61.60	0.47	36.28	2083.06	-2253.08	1335.24
Saccade R	1	10	17798131317	17798170011	38694	427.02	239.89	465.33	290.19	1.40	61.60	0.47	36.28	2083.06	-2253.08	1335.24
Saccade L	1	11	17798170011	17798203324	33313	465.33	290.19	445.88	247.32	0.97	45.88	0.46	29.24	1270.80	-1426.43	876.58
Saccade R	1	11	17798170011	17798203324	33313	465.33	290.19	445.88	247.32	0.97	45.88	0.46	29.24	1270.80	-1426.43	876.58
Fixation L	1	6	17798203324	17798417432	214108	480.79	292.16	63	81	-1	12.71	12.71
Fixation R	1	6	17798203324	17798417432	214108	480.79	292.16	63	81	-1	12.54	12.54
Saccade L	1	12	17798557477	17798664156	106679	1204.77	963.03	1252.89	725.21	6.98	230.72	0.42	65.41	9160.15	-6533.42	3204.42
Saccade R	1	12	17798557477	17798664156	106679	1204.77	963.03	1252.89	725.21	6.98	230.72	0.42	65.41	9160.15	-6533.42	3204.42
Fixation L	1	7	17798664156	17798760984	96828	1293.00	744.23	78	35	-1	13.30	13.30
Fixation R	1	7	17798664156	17798760984	96828	1293.00	744.23	78	35	-1	13.18	13.18
Saccade L	1	13	17798760984	17798797537	36553	1332.54	760.65	1216.72	772.53	3.01	215.25	0.34	82.46	8515.61	-7993.30	4939.06
Saccade R	1	13	17798760984	17798797537	36553	1332.54	760.65	1216.72	772.53	3.01	215.25	0.34	82.46	8515.61	-7993.30	4939.06
Fixation L	1	8	17798797537	17798871662	74125	1250.44	767.05	61	27	-1	12.92	12.92
Fixation R	1	8	17798797537	17798871662	74125	1250.44	767.05	61	27	-1	12.79	12.79
Saccade L	1	14	17798871662	17798955656	83994	1276.55	780.69	1337.25	723.73	2.29	68.13	0.74	27.22	1957.72	-2544.08	864.56
Saccade R	1	14	17798871662	17798955656	83994	1276.55	780.69	1337.25	723.73	2.29	68.13	0.74	27.22	1957.72	-2544.08	864.56
Fixation L	1	9	17798955656	17799027658	72002	1345.60	714.13	13	21	-1	12.55	12.55
Fixation R	1	9	17798955656	17799027658	72002	1345.60	714.13	13	21	-1	12.41	12.41
Saccade L	1	15	17799027658	17799073652	45994	1345.84	705.48	1275.19	761.68	2.12	92.17	0.52	46.17	3606.24	-3515.75	2386.84
Saccade R	1	15	17799027658	17799073652	45994	1345.84	705.48	1275.19	761.68	2.12	92.17	0.52	46.17	3606.24	-3515.75	2386.84
Fixation L	1	10	17799073652	17799159692	86040	1292.96	748.87	31	26	-1	12.67	12.67
Fixation R	1	10	17799073652	17799159692	86040	1292.96	748.87	31	26	-1	12.43	12.43
Saccade L	1	16	17799159692	17799201769	42077	1303.40	751.95	1360.39	707.10	1.49	74.06	0.32	35.52	2601.89	-2190.39	1521.31
Saccade R	1	16	17799159692	17799201769	42077	1303.40	751.95	1360.39	707.10	1.49	74.06	0.32	35.52	2601.89	-2190.39	1521.31
Saccade L	1	17	17799201769	17799279774	78005	1360.39	707.10	1290.98	764.91	2.49	102.34	0.28	31.87	3556.81	-3309.39	1453.74
Saccade R	1	17	17799201769	17799279774	78005	1360.39	707.10	1290.98	764.91	2.49	102.34	0.28	31.87	3556.81	-3309.39	1453.74
Fixation L	1	11	17799279774	17799387768	107994	1288.11	744.83	25	52	-1	12.51	12.51
Fixation R	1	11	17799279774	17799387768	107994	1288.11	744.83	25	52	-1	12.31	12.31
Saccade L	1	18	17799387768	17799417887	30119	1302.80	713.74	1337.22	699.59	0.78	45.41	0.42	25.75	1310.36	-1671.14	1120.96
Saccade R	1	18	17799387768	17799417887	30119	1302.80	713.74	1337.22	699.59	0.78	45.41	0.42	25.75	1310.36	-1671.14	1120.96
Fixation L	1	12	17799417887	17799480153	62266	1337.31	710.23	13	21	-1	12.49	12.49
Fixation R	1	12	17799417887	17799480153	62266	1337.31	710.23	13	21	-1	12.23	12.23
Saccade L	1	19	17799480153	17799515886	35733	1346.38	721.93	1298.57	736.99	1.14	50.62	0.44	31.86	1925.35	-1816.73	1340.52
Saccade R	1	19	17799480153	17799515886	35733	1346.38	721.93	1298.57	736.99	1.14	50.62	0.44	31.86	1925.35	-1816.73	1340.52
Saccade L	1	20	17799545882	17799579883	34001	1305.05	724.37	1360.74	707.18	1.27	58.08	0.53	37.22	2210.09	-1309.39	1311.78
Saccade R	1	20	17799545882	17799579883	34001	1305.05	724.37	1360.74	707.18	1.27	58.08	0.53	37.22	2210.09	-1309.39	1311.78
Saccade L	1	21	17799579883	17799623879	43996	1360.74	707.18	1277.72	756.55	2.20	106.36	0.32	50.08	3188.95	-3917.60	2159.14
Saccade R	1	21	17799579883	17799623879	43996	1360.74	707.18	1277.72	756.55	2.20	106.36	0.32	50.08	3188.95	-3917.60	2159.14
Saccade L	1	22	17799623879	17799690356	66477	1277.72	756.55	1349.30	709.71	2.32	56.91	0.51	34.96	1388.18	-2064.13	1035.84
Saccade R	1	22	17799623879	17799690356	66477	1277.72	756.55	1349.30	709.71	2.32	56.91	0.51	34.96	1388.18	-2064.13	1035.84
Saccade L	1	23	17799690356	17799733404	43048	1349.30	709.71	1280.37	741.70	1.71	83.31	0.50	39.79	2972.26	-2939.26	1951.49
Saccade R	1	23	17799690356	17799733404	43048	1349.30	709.71	1280.37	741.70	1.71	83.31	0.50	39.79	2972.26	-2939.26	1951.49
Saccade L	1	24	17799742393	17799782388	39995	1286.28	739.87	1297.53	697.70	1.17	42.88	0.49	29.27	1540.80	-886.58	859.03
Saccade R	1	24	17799742393	17799782388	39995	1286.28	739.87	1297.53	697.70	1.17	42.88	0.49	29.27	1540.80	-886.58	859.03
Saccade L	1	25	17799782388	17799810177	27789	1297.53	697.70	1302.54	729.69	0.88	51.48	0.49	31.50	587.23	-312.40	290.47
Saccade R	1	25	17799782388	17799810177	27789	1297.53	697.70	1302.54	729.69	0.88	51.48	0.49	31.50	587.23	-312.40	290.47
Saccade L	1	26	17799810177	17799847274	37097	1302.54	729.69	1337.71	694.91	1.21	51.25	0.37	32.54	927.31	-1903.72	1043.26
Saccade R	1	26	17799810177	17799847274	37097	1302.54	729.69	1337.71	694.91	1.21	51.25	0.37	32.54	927.31	-1903.72	1043.26
Saccade L	1	27	17799948004	17800020228	72224	1308.66	468.60	1348.62	405.60	3.70	119.09	0.23	51.29	3941.48	-3052.23	1654.88
Saccade R	1	27	17799948004	17800020228	72224	1308.66	468.60	1348.62	405.60	3.70	119.09	0.23	51.29	3941.48	-3052.23	1654.88
Saccade L	1	28	17800020228	17800090498	70270	1348.62	405.60	1359.57	341.20	2.32	47.06	0.23	33.08	2794.89	-718.05	653.13
Saccade R	1	28	17800020228	17800090498	70270	1348.62	405.60	1359.57	341.20	2.32	47.06	0.23	33.08	2794.89	-718.05	653.13
Saccade L	1	29	17800090498	17800114111	23613	1359.57	341.20	1379.34	279.89	1.42	110.74	0.49	60.31	2794.89	-3940.76	2371.70
Saccade R	1	29	17800090498	17800114111	23613	1359.57	341.20	1379.34	279.89	1.42	110.74	0.49	60.31	2794.89	-3940.76	2371.70
Fixation L	1	13	17800114111	17800255039	140928	1370.58	250.56	48	67	-1	12.49	12.49
Fixation R	1	13	17800114111	17800255039	140928	1370.58	250.56	48	67	-1	12.13	12.13
Saccade L	1	30	17800255039	17800296231	41192	1400.17	215.76	1360.82	132.80	1.98	105.38	0.37	48.18	4394.50	-3819.51	2771.00
Saccade R	1	30	17800255039	17800296231	41192	1400.17	215.76	1360.82	132.80	1.98	105.38	0.37	48.18	4394.50	-3819.51	2771.00
Fixation L	1	14	17800296231	17800470222	173991	1373.52	111.26	34	48	-1	12.20	12.20
Fixation R	1	14	17800296231	17800470222	173991	1373.52	111.26	34	48	-1	11.85	11.85
Saccade L	1	31	17800470222	17800514346	44124	1388.69	106.44	1345.14	161.41	1.58	71.50	0.64	35.72	2560.73	-2772.16	1798.49
Saccade R	1	31	17800470222	17800514346	44124	1388.69	106.44	1345.14	161.41	1.58	71.50	0.64	35.72	2560.73	-2772.16	1798.49
Saccade L	1	32	17800554338	17800586342	32004	1341.04	154.39	1385.31	159.59	0.89	48.79	0.44	27.85	1259.61	-1582.60	918.12
Saccade R	1	32	17800554338	17800586342	32004	1341.04	154.39	1385.31	159.59	0.89	48.79	0.44	27.85	1259.61	-1582.60	918.12
Saccade L	1	33	17800591901	17800628383	36482	1383.86	159.32	1338.90	181.50	1.12	55.79	0.34	30.75	1736.67	-1882.62	1341.79
Saccade R	1	33	17800591901	17800628383	36482	1383.86	159.32	1338.90	181.50	1.12	55.79	0.34	30.75	1736.67	-1882.62	1341.79
Saccade L	1	34	17800642344	17800668337	25993	1338.97	183.60	1374.80	153.86	0.90	58.84	0.56	34.66	2355.59	-1511.16	1427.94
Saccade R	1	34	17800642344	17800668337	25993	1338.97	183.60	1374.80	153.86	0.90	58.84	0.56	34.66	2355.59	-1511.16	1427.94
Saccade L	1	35	17800690756	17800728413	37657	1360.97	176.02	1398.70	126.53	1.39	54.35	0.41	36.83	1733.37	-1557.94	1077.94
Saccade R	1	35	17800690756	17800728413	37657	1360.97	176.02	1398.70	126.53	1.39	54.35	0.41	36.83	1733.37	-1557.94	1077.94
Saccade L	1	36	17800728413	17800786330	57917	1398.70	126.53	1336.26	180.16	1.92	52.46	0.27	33.12	1374.37	-1205.71	871.49
Saccade R	1	36	17800728413	17800786330	57917	1398.70	126.53	1336.26	180.16	1.92	52.46	0.27	33.12	1374.37	-1205.71	871.49
Saccade L	1	37	17800812461	17800856457	43996	1343.91	177.00	1384.28	159.94	1.13	50.79	0.41	25.67	1762.87	-1754.88	1108.56
Saccade R	1	37	17800812461	17800856457	43996	1343.91	177.00	1384.28	159.94	1.13	50.79	0.41	25.67	1762.87	-1754.88	1108.56
Saccade L	1	38	17800856457	17800908452	51995	1384.28	159.94	1313.10	188.12	1.69	53.47	0.67	32.58	1477.21	-1961.24	1154.03
Saccade R	1	38	17800856457	17800908452	51995	1384.28	159.94	1313.10	188.12	1.69	53.47	0.67	32.58	1477.21	-1961.24	1154.03
Fixation L	1	15	17800908452	17801036575	128123	1343.29	190.89	53	11	-1	12.88	12.88
Fixation R	1	15	17800908452	17801036575	128123	1343.29	190.89	53	11	-1	12.47	12.47
Saccade L	1	39	17801036575	17801060443	23868	1328.33	196.82	1346.15	157.38	0.85	64.32	0.49	35.45	1957.04	-960.24	929.30
Saccade R	1	39	17801036575	17801060443	23868	1328.33	196.82	1346.15	157.38	0.85	64.32	0.49	35.45	1957.04	-960.24	929.30
Saccade L	1	40	17801060443	17801114797	54354	1346.15	157.38	1256.76	221.27	2.71	84.22	0.48	49.86	2970.90	-2801.74	1702.68
Saccade R	1	40	17801060443	17801114797	54354	1346.15	157.38	1256.76	221.27	2.71	84.22	0.48	49.86	2970.90	-2801.74	1702.68
Fixation L	1	16	17801205181	17801266566	61385	1241.93	233.87	35	41	-1	13.35	13.35
Fixation R	1	16	17801205181	17801266566	61385	1241.93	233.87	35	41	-1	12.91	12.91
Saccade L	1	41	17801266566	17801295307	28741	1235.53	266.40	1272.51	250.95	0.99	58.70	0.56	34.44	1835.57	-747.75	676.03
Saccade R	1	41	17801266566	17801295307	28741	1235.53	266.40	1272.51	250.95	0.99	58.70	0.56	34.44	1835.57	-747.75	676.03
Saccade L	1	42	17801295307	17801401454	106147	1272.51	250.95	658.71	629.61	17.78	573.58	0.28	167.53	24676.97	-21088.25	8788.67
Saccade R	1	42	17801295307	17801401454	106147	1272.51	250.95	658.71	629.61	17.78	573.58	0.28	167.53	24676.97	-21088.25	8788.67
Saccade L	1	43	17801408687	17801450681	41994	660.23	631.36	641.24	676.34	1.08	44.05	0.43	25.70	1613.65	-1571.69	1103.13
Saccade R	1	43	17801408687	17801450681	41994	660.23	631.36	641.24	676.34	1.08	44.05	0.43	25.70	1613.65	-1571.69	1103.13
Saccade L	1	44	17801460692	17801573910	113218	639.32	675.99	557.36	753.36	3.04	50.72	0.69	26.81	910.38	-1547.83	552.38
Saccade R	1	44	17801460692	17801573910	113218	639.32	675.99	557.36	753.36	3.04	50.72	0.69	26.81	910.38	-1547.83	552.38
Saccade L	1	45	17801573910	17801646857	72947	557.36	753.36	325.89	805.08	5.56	298.42	0.52	76.23	11837.38	-11647.32	4975.45
Saccade R	1	45	17801573910	17801646857	72947	557.36	753.36	325.89	805.08	5.56	298.42	0.52	76.23	11837.38	-11647.32	4975.45
Fixation L	1	17	17801646857	17801744799	97942	339.73	839.88	30	73	-1	13.93	13.93
Fixation R	1	17	17801646857	17801744799	97942	339.73	839.88	30	73	-1	13.45	13.45
Saccade L	1	46	17801744799	17801780794	35995	350.19	881.98	364.07	791.37	1.92	117.45	0.33	53.42	3977.05	-4521.05	2653.66
Saccade R	1	46	17801744799	17801780794	35995	350.19	881.98	364.07	791.37	1.92	117.45	0.33	53.42	3977.05	-4521.05	2653.66
Fixation L	1	18	17801780794	17802285358	504564	321.86	859.73	84	106	-1	14.10	14.10
Fixation R	1	18	17801780794	17802285358	504564	321.86	859.73	84	106	-1	14.02	14.02
