[BeGaze]
Converted from:	C:\Program Files\SMI\Experiment Suite 360\Experiment Center 2\Results\RC-Attachment-Exp\P06-eye_data.idf
Date:	18.03.2012 20:06:21
Version:	BeGaze 3.0.181
Sample Rate:	500
Subject:	P06
Description:	kibrisli

Table Header for Fixations:
Event Type	Trial	Number	Start	End	Duration	Location X	Location Y	Dispersion X	Dispersion Y	Plane	Avg. Pupil Size X	Avg. Pupil Size Y

Table Header for Saccades:
Event Type	Trial	Number	Start	End	Duration	Start Loc.X	Start Loc.Y	End Loc.X	End Loc.Y	Amplitude	Peak Speed	Peak Speed At	Average Speed	Peak Accel.	Peak Decel.	Average Accel.

Table Header for Blinks:
Event Type	Trial	Number	Start	End	Duration

Table Header for User Events:
Event Type	Trial	Number	Start	Description

UserEvent	1	1	7246618594	# Message: Questionnaire21.jpg
Fixation L	1	1	7246628251	7246999906	371655	863.41	940.71	48	52	-1	13.84	13.84
Fixation R	1	1	7246628251	7246999906	371655	863.41	940.71	48	52	-1	14.14	14.14
Saccade L	1	1	7246999906	7247066216	66310	840.59	955.59	367.22	391.83	18.12	485.33	0.24	273.26	21627.45	-16651.40	10713.35
Saccade R	1	1	7246999906	7247066216	66310	840.59	955.59	367.22	391.83	18.12	485.33	0.24	273.26	21627.45	-16651.40	10713.35
Saccade L	1	2	7247083884	7247109912	26028	372.51	398.03	410.28	409.82	0.82	41.80	0.64	31.63	1376.76	-1554.02	1087.79
Saccade R	1	2	7247083884	7247109912	26028	372.51	398.03	410.28	409.82	0.82	41.80	0.64	31.63	1376.76	-1554.02	1087.79
Fixation L	1	2	7247109912	7247409999	300087	397.32	404.70	32	30	-1	13.98	13.98
Fixation R	1	2	7247109912	7247409999	300087	397.32	404.70	32	30	-1	14.09	14.09
Saccade L	1	3	7247409999	7247439998	29999	407.86	400.26	494.28	389.47	1.96	115.79	0.40	65.35	4663.56	-4560.80	3394.89
Saccade R	1	3	7247409999	7247439998	29999	407.86	400.26	494.28	389.47	1.96	115.79	0.40	65.35	4663.56	-4560.80	3394.89
Fixation L	1	3	7247439998	7247628122	188124	497.47	401.93	15	35	-1	14.27	14.27
Fixation R	1	3	7247439998	7247628122	188124	497.47	401.93	15	35	-1	14.31	14.31
Saccade L	1	4	7247628122	7247656180	28058	496.03	409.35	538.86	437.52	1.12	60.20	0.36	39.98	2557.18	-2086.99	1655.05
Saccade R	1	4	7247628122	7247656180	28058	496.03	409.35	538.86	437.52	1.12	60.20	0.36	39.98	2557.18	-2086.99	1655.05
Fixation L	1	4	7247656180	7247768124	111944	530.44	435.82	18	17	-1	14.69	14.69
Fixation R	1	4	7247656180	7247768124	111944	530.44	435.82	18	17	-1	14.72	14.72
Saccade L	1	5	7247768124	7247794117	25993	524.17	427.61	411.60	422.82	2.36	172.08	0.46	90.79	7030.54	-6511.37	4844.63
Saccade R	1	5	7247768124	7247794117	25993	524.17	427.61	411.60	422.82	2.36	172.08	0.46	90.79	7030.54	-6511.37	4844.63
Fixation L	1	5	7247794117	7248022232	228115	412.04	422.40	39	34	-1	15.03	15.03
Fixation R	1	5	7247794117	7248022232	228115	412.04	422.40	39	34	-1	15.04	15.04
Saccade L	1	6	7248022232	7248048239	26007	427.47	418.53	472.28	452.56	1.17	71.84	0.46	44.83	3026.25	-2558.17	2029.09
Saccade R	1	6	7248022232	7248048239	26007	427.47	418.53	472.28	452.56	1.17	71.84	0.46	44.83	3026.25	-2558.17	2029.09
Fixation L	1	6	7248048239	7248202354	154115	486.95	443.50	23	34	-1	15.37	15.37
Fixation R	1	6	7248048239	7248202354	154115	486.95	443.50	23	34	-1	15.42	15.42
Saccade L	1	7	7248242359	7248275842	33483	520.21	418.99	564.72	425.21	1.09	43.08	0.36	32.55	1711.25	-1324.51	1049.60
Saccade R	1	7	7248242359	7248275842	33483	520.21	418.99	564.72	425.21	1.09	43.08	0.36	32.55	1711.25	-1324.51	1049.60
Saccade L	1	8	7248282379	7248311632	29253	565.06	427.31	522.06	418.45	0.95	40.71	0.41	32.46	1135.28	-1198.66	782.15
Saccade R	1	8	7248282379	7248311632	29253	565.06	427.31	522.06	418.45	0.95	40.71	0.41	32.46	1135.28	-1198.66	782.15
Saccade L	1	9	7248318358	7248364366	46008	528.46	407.75	430.03	501.19	4.25	147.37	0.37	92.33	6128.72	-4256.79	3676.89
Saccade R	1	9	7248318358	7248364366	46008	528.46	407.75	430.03	501.19	4.25	147.37	0.37	92.33	6128.72	-4256.79	3676.89
Saccade L	1	10	7248368403	7248394369	25966	427.43	502.19	389.53	476.87	0.86	43.88	0.70	33.03	873.00	-1766.84	589.97
Saccade R	1	10	7248368403	7248394369	25966	427.43	502.19	389.53	476.87	0.86	43.88	0.70	33.03	873.00	-1766.84	589.97
Fixation L	1	7	7248394369	7248488477	94108	401.33	487.11	25	25	-1	15.45	15.45
Fixation R	1	7	7248394369	7248488477	94108	401.33	487.11	25	25	-1	15.29	15.29
Saccade L	1	11	7248542810	7248578499	35689	412.06	491.44	359.77	475.66	1.23	58.85	0.33	34.34	2197.80	-1540.10	1266.35
Saccade R	1	11	7248542810	7248578499	35689	412.06	491.44	359.77	475.66	1.23	58.85	0.33	34.34	2197.80	-1540.10	1266.35
Fixation L	1	8	7248578499	7249130714	552215	370.11	499.10	30	66	-1	15.32	15.32
Fixation R	1	8	7248578499	7249130714	552215	370.11	499.10	30	66	-1	14.97	14.97
UserEvent	1	52	7249015195	# Message: UE-mouseclick left x=363 y=438
Saccade L	1	12	7249130714	7249158748	28034	376.35	528.69	366.18	488.29	0.87	41.12	0.66	31.20	1369.00	-926.81	774.29
Saccade R	1	12	7249130714	7249158748	28034	376.35	528.69	366.18	488.29	0.87	41.12	0.66	31.20	1369.00	-926.81	774.29
Fixation L	1	9	7249184608	7249626964	442356	393.02	497.28	42	71	-1	14.69	14.69
Fixation R	1	9	7249184608	7249626964	442356	393.02	497.28	42	71	-1	14.35	14.35
Saccade L	1	13	7249626964	7249664967	38003	399.01	452.40	390.29	510.32	1.41	63.74	0.32	37.00	1756.61	-1637.10	1268.20
Saccade R	1	13	7249626964	7249664967	38003	399.01	452.40	390.29	510.32	1.41	63.74	0.32	37.00	1756.61	-1637.10	1268.20
Saccade L	1	14	7249698972	7249748974	50002	400.71	476.72	386.63	550.65	2.96	177.57	0.24	59.27	5312.45	-6281.52	2501.94
Saccade R	1	14	7249698972	7249748974	50002	400.71	476.72	386.63	550.65	2.96	177.57	0.24	59.27	5312.45	-6281.52	2501.94
Fixation L	1	10	7249748974	7250033224	284250	387.96	577.26	57	60	-1	14.77	14.77
Fixation R	1	10	7249748974	7250033224	284250	387.96	577.26	57	60	-1	14.47	14.47
UserEvent	1	68	7249983259	# Message: UE-mouseclick left x=385 y=529
Saccade L	1	15	7250033224	7250080211	46987	421.68	566.92	393.57	500.49	2.48	95.90	0.52	52.85	2880.60	-3560.69	2219.78
Saccade R	1	15	7250033224	7250080211	46987	421.68	566.92	393.57	500.49	2.48	95.90	0.52	52.85	2880.60	-3560.69	2219.78
