[BeGaze]
Converted from:	C:\Program Files\SMI\Experiment Suite 360\Experiment Center 2\Results\RC-Attachment-Exp\P19-eye_data.idf
Date:	18.03.2012 20:14:38
Version:	BeGaze 3.0.181
Sample Rate:	500
Subject:	P19
Description:	Run24

Table Header for Fixations:
Event Type	Trial	Number	Start	End	Duration	Location X	Location Y	Dispersion X	Dispersion Y	Plane	Avg. Pupil Size X	Avg. Pupil Size Y

Table Header for Saccades:
Event Type	Trial	Number	Start	End	Duration	Start Loc.X	Start Loc.Y	End Loc.X	End Loc.Y	Amplitude	Peak Speed	Peak Speed At	Average Speed	Peak Accel.	Peak Decel.	Average Accel.

Table Header for Blinks:
Event Type	Trial	Number	Start	End	Duration

Table Header for User Events:
Event Type	Trial	Number	Start	Description

UserEvent	1	1	18120895401	# Message: RC-N2forced-anim-2.jpg
Fixation L	1	1	18120900743	18121198218	297475	523.00	440.94	24	30	-1	14.02	14.02
Fixation R	1	1	18120900743	18121198218	297475	523.00	440.94	24	30	-1	14.02	14.02
Saccade L	1	1	18121198218	18121260230	62012	523.20	458.09	609.32	454.44	2.22	102.41	0.64	35.86	3375.89	-3891.26	1682.90
Saccade R	1	1	18121198218	18121260230	62012	523.20	458.09	609.32	454.44	2.22	102.41	0.64	35.86	3375.89	-3891.26	1682.90
Fixation L	1	2	18121260230	18121410318	150088	615.32	449.84	28	28	-1	13.95	13.95
Fixation R	1	2	18121260230	18121410318	150088	615.32	449.84	28	28	-1	14.10	14.10
Saccade L	1	2	18121410318	18121448323	38005	609.91	450.24	714.21	461.69	2.34	136.46	0.37	61.59	5696.64	-5328.89	3725.11
Saccade R	1	2	18121410318	18121448323	38005	609.91	450.24	714.21	461.69	2.34	136.46	0.37	61.59	5696.64	-5328.89	3725.11
Fixation L	1	3	18121448323	18121586316	137993	710.58	457.38	15	20	-1	13.78	13.78
Fixation R	1	3	18121448323	18121586316	137993	710.58	457.38	15	20	-1	14.01	14.01
Saccade L	1	3	18121586316	18121648468	62152	709.08	467.18	782.25	441.85	1.89	64.06	0.55	30.37	2043.39	-1992.95	1109.22
Saccade R	1	3	18121586316	18121648468	62152	709.08	467.18	782.25	441.85	1.89	64.06	0.55	30.37	2043.39	-1992.95	1109.22
Saccade L	1	4	18121692438	18121720437	27999	802.12	481.75	779.80	450.62	0.77	45.23	0.44	27.64	1001.36	-1707.67	998.50
Saccade R	1	4	18121692438	18121720437	27999	802.12	481.75	779.80	450.62	0.77	45.23	0.44	27.64	1001.36	-1707.67	998.50
Fixation L	1	4	18121720437	18121982616	262179	772.40	455.95	49	30	-1	14.13	14.13
Fixation R	1	4	18121720437	18121982616	262179	772.40	455.95	49	30	-1	14.14	14.14
Saccade L	1	5	18121982616	18122025034	42418	755.13	449.35	834.02	468.18	2.03	123.27	0.61	47.83	4395.57	-5083.98	2839.99
Saccade R	1	5	18121982616	18122025034	42418	755.13	449.35	834.02	468.18	2.03	123.27	0.61	47.83	4395.57	-5083.98	2839.99
Fixation L	1	5	18122025034	18122210660	185626	840.75	454.62	35	35	-1	14.23	14.23
Fixation R	1	5	18122025034	18122210660	185626	840.75	454.62	35	35	-1	14.22	14.22
Saccade L	1	6	18122210660	18122260664	50004	828.53	462.61	943.76	436.93	2.70	149.89	0.56	53.97	5970.06	-6167.55	3533.98
Saccade R	1	6	18122210660	18122260664	50004	828.53	462.61	943.76	436.93	2.70	149.89	0.56	53.97	5970.06	-6167.55	3533.98
Fixation L	1	6	18122260664	18122340655	79991	939.17	442.57	8	30	-1	14.11	14.11
Fixation R	1	6	18122260664	18122340655	79991	939.17	442.57	8	30	-1	14.16	14.16
Saccade L	1	7	18122340655	18122364675	24020	935.17	462.64	932.85	430.14	0.64	42.55	0.43	26.44	749.93	-1044.21	645.02
Saccade R	1	7	18122340655	18122364675	24020	935.17	462.64	932.85	430.14	0.64	42.55	0.43	26.44	749.93	-1044.21	645.02
Fixation L	1	7	18122364675	18122472843	108168	934.24	461.98	40	45	-1	14.00	14.00
Fixation R	1	7	18122364675	18122472843	108168	934.24	461.98	40	45	-1	14.16	14.16
Saccade L	1	8	18122472843	18122498782	25939	907.48	472.34	991.47	470.26	1.69	122.85	0.54	64.99	4464.95	-4688.94	3364.96
Saccade R	1	8	18122472843	18122498782	25939	907.48	472.34	991.47	470.26	1.69	122.85	0.54	64.99	4464.95	-4688.94	3364.96
Fixation L	1	8	18122498782	18122628777	129995	992.53	466.85	33	15	-1	14.01	14.01
Fixation R	1	8	18122498782	18122628777	129995	992.53	466.85	33	15	-1	14.07	14.07
Saccade L	1	9	18122628777	18122710770	81993	1005.21	466.78	1080.43	476.87	2.07	55.31	0.37	25.25	1688.20	-954.54	717.95
Saccade R	1	9	18122628777	18122710770	81993	1005.21	466.78	1080.43	476.87	2.07	55.31	0.37	25.25	1688.20	-954.54	717.95
Fixation L	1	9	18122710770	18122842889	132119	1063.35	474.13	35	30	-1	13.86	13.86
Fixation R	1	9	18122710770	18122842889	132119	1063.35	474.13	35	30	-1	13.89	13.89
Saccade L	1	10	18122842889	18122882887	39998	1055.81	458.27	1146.18	443.80	2.24	130.21	0.55	56.02	5071.32	-5473.66	3497.24
Saccade R	1	10	18122842889	18122882887	39998	1055.81	458.27	1146.18	443.80	2.24	130.21	0.55	56.02	5071.32	-5473.66	3497.24
Fixation L	1	10	18122882887	18123128999	246112	1131.77	468.29	36	44	-1	13.56	13.56
Fixation R	1	10	18122882887	18123128999	246112	1131.77	468.29	36	44	-1	13.65	13.65
Saccade L	1	11	18123128999	18123171021	42022	1115.88	463.02	1181.84	453.62	1.74	96.84	0.62	41.34	3432.55	-3923.79	2169.67
Saccade R	1	11	18123128999	18123171021	42022	1115.88	463.02	1181.84	453.62	1.74	96.84	0.62	41.34	3432.55	-3923.79	2169.67
Fixation L	1	11	18123171021	18123303072	132051	1180.07	455.02	9	16	-1	13.42	13.42
Fixation R	1	11	18123171021	18123303072	132051	1180.07	455.02	9	16	-1	13.50	13.50
Saccade L	1	12	18123303072	18123345168	42096	1181.32	454.35	983.05	459.08	4.40	274.98	0.62	104.43	11685.19	-11900.47	7414.67
Saccade R	1	12	18123303072	18123345168	42096	1181.32	454.35	983.05	459.08	4.40	274.98	0.62	104.43	11685.19	-11900.47	7414.67
Fixation L	1	12	18123345168	18123599236	254068	1005.80	439.64	53	33	-1	13.57	13.57
Fixation R	1	12	18123345168	18123599236	254068	1005.80	439.64	53	33	-1	13.43	13.43
Saccade L	1	13	18123599236	18123637257	38021	996.50	437.40	948.28	452.23	1.15	53.82	0.71	30.25	1379.89	-2285.81	1024.84
Saccade R	1	13	18123599236	18123637257	38021	996.50	437.40	948.28	452.23	1.15	53.82	0.71	30.25	1379.89	-2285.81	1024.84
Fixation L	1	13	18123637257	18123775228	137971	939.99	447.93	28	22	-1	13.60	13.60
Fixation R	1	13	18123637257	18123775228	137971	939.99	447.93	28	22	-1	13.51	13.51
Saccade L	1	14	18123775228	18123847409	72181	953.23	434.86	750.70	931.46	12.24	339.14	0.36	169.61	15003.95	-11546.07	7793.33
Saccade R	1	14	18123775228	18123847409	72181	953.23	434.86	750.70	931.46	12.24	339.14	0.36	169.61	15003.95	-11546.07	7793.33
Fixation L	1	14	18123847409	18124007402	159993	742.99	936.84	31	21	-1	14.08	14.08
Fixation R	1	14	18123847409	18124007402	159993	742.99	936.84	31	21	-1	13.98	13.98
Saccade L	1	15	18124007402	18124053471	46069	758.28	927.92	878.79	928.32	3.42	219.26	0.49	74.21	8856.92	-8101.82	4970.00
Saccade R	1	15	18124007402	18124053471	46069	758.28	927.92	878.79	928.32	3.42	219.26	0.49	74.21	8856.92	-8101.82	4970.00
Saccade L	1	16	18124053471	18124107566	54095	878.79	928.32	917.79	909.29	2.20	64.21	0.74	40.63	1325.02	-2473.65	1124.55
Saccade R	1	16	18124053471	18124107566	54095	878.79	928.32	917.79	909.29	2.20	64.21	0.74	40.63	1325.02	-2473.65	1124.55
Fixation L	1	15	18124107566	18124341600	234034	911.49	950.02	32	87	-1	13.90	13.90
Fixation R	1	15	18124107566	18124341600	234034	911.49	950.02	32	87	-1	13.90	13.90
Saccade L	1	17	18124341600	18124387609	46009	895.99	997.91	925.92	928.13	1.78	69.32	0.48	38.76	2599.40	-1920.47	1456.90
Saccade R	1	17	18124341600	18124387609	46009	895.99	997.91	925.92	928.13	1.78	69.32	0.48	38.76	2599.40	-1920.47	1456.90
Saccade L	1	18	18124387609	18124411574	23965	925.92	928.13	924.56	964.58	0.83	46.97	0.58	34.82	4351.05	-577.11	949.19
Saccade R	1	18	18124387609	18124411574	23965	925.92	928.13	924.56	964.58	0.83	46.97	0.58	34.82	4351.05	-577.11	949.19
Saccade L	1	19	18124415598	18124495588	79990	928.60	966.78	547.69	480.63	14.10	383.56	0.22	176.25	16869.52	-9895.33	7552.42
Saccade R	1	19	18124415598	18124495588	79990	928.60	966.78	547.69	480.63	14.10	383.56	0.22	176.25	16869.52	-9895.33	7552.42
Saccade L	1	20	18124509994	18124587889	77895	547.47	480.84	567.62	409.43	3.28	153.96	0.48	42.08	5658.85	-5792.20	2201.51
Saccade R	1	20	18124509994	18124587889	77895	547.47	480.84	567.62	409.43	3.28	153.96	0.48	42.08	5658.85	-5792.20	2201.51
Fixation L	1	16	18124587889	18124666549	78660	551.09	397.90	29	23	-1	14.00	14.00
Fixation R	1	16	18124587889	18124666549	78660	551.09	397.90	29	23	-1	13.81	13.81
Saccade L	1	21	18124666549	18124757704	91155	537.49	411.47	638.80	456.14	3.10	104.86	0.32	34.00	3743.82	-2839.65	1382.03
Saccade R	1	21	18124666549	18124757704	91155	537.49	411.47	638.80	456.14	3.10	104.86	0.32	34.00	3743.82	-2839.65	1382.03
Saccade L	1	22	18124783763	18124809687	25924	632.67	459.23	645.67	423.27	0.79	53.94	0.38	30.44	2050.90	-1906.92	1422.73
Saccade R	1	22	18124783763	18124809687	25924	632.67	459.23	645.67	423.27	0.79	53.94	0.38	30.44	2050.90	-1906.92	1422.73
Fixation L	1	17	18124809687	18124921826	112139	641.81	440.08	17	34	-1	13.73	13.73
Fixation R	1	17	18124809687	18124921826	112139	641.81	440.08	17	34	-1	13.81	13.81
Saccade L	1	23	18124921826	18124992216	70390	633.06	428.43	785.79	463.30	3.82	194.17	0.23	54.28	8199.91	-7478.08	3177.83
Saccade R	1	23	18124921826	18124992216	70390	633.06	428.43	785.79	463.30	3.82	194.17	0.23	54.28	8199.91	-7478.08	3177.83
Fixation L	1	18	18124992216	18125201918	209702	780.21	446.04	21	36	-1	13.86	13.86
Fixation R	1	18	18124992216	18125201918	209702	780.21	446.04	21	36	-1	13.92	13.92
Fixation L	1	19	18125273920	18125325920	52000	860.61	458.23	35	10	-1	13.89	13.89
Fixation R	1	19	18125273920	18125325920	52000	860.61	458.23	35	10	-1	13.84	13.84
Fixation L	1	20	18125420073	18125498426	78353	1018.17	880.82	16	38	-1	14.18	14.18
Fixation R	1	20	18125420073	18125498426	78353	1018.17	880.82	16	38	-1	14.25	14.25
Saccade L	1	24	18125498426	18125536036	37610	1019.18	869.95	1026.10	955.52	2.04	117.52	0.58	54.25	3979.58	-4231.05	2564.89
Saccade R	1	24	18125498426	18125536036	37610	1019.18	869.95	1026.10	955.52	2.04	117.52	0.58	54.25	3979.58	-4231.05	2564.89
Saccade L	1	25	18125542100	18125588258	46158	1024.32	955.69	994.15	951.79	1.36	42.47	0.48	29.57	1176.97	-1077.44	624.90
Saccade R	1	25	18125542100	18125588258	46158	1024.32	955.69	994.15	951.79	1.36	42.47	0.48	29.57	1176.97	-1077.44	624.90
Saccade L	1	26	18125588258	18125618085	29827	994.15	951.79	1016.63	967.17	0.74	41.60	0.53	24.65	947.97	-1649.20	814.84
Saccade R	1	26	18125588258	18125618085	29827	994.15	951.79	1016.63	967.17	0.74	41.60	0.53	24.65	947.97	-1649.20	814.84
Saccade L	1	27	18125644028	18125696157	52129	1017.37	963.77	986.17	934.10	1.19	42.34	0.32	22.74	1773.86	-1074.94	832.84
Saccade R	1	27	18125644028	18125696157	52129	1017.37	963.77	986.17	934.10	1.19	42.34	0.32	22.74	1773.86	-1074.94	832.84
Saccade L	1	28	18125706421	18125758186	51765	985.20	936.80	872.08	932.08	2.75	155.90	0.50	53.10	6392.77	-6153.90	3554.24
Saccade R	1	28	18125706421	18125758186	51765	985.20	936.80	872.08	932.08	2.75	155.90	0.50	53.10	6392.77	-6153.90	3554.24
Fixation L	1	21	18125758186	18126029613	271427	894.14	932.84	44	49	-1	14.37	14.37
Fixation R	1	21	18125758186	18126029613	271427	894.14	932.84	44	49	-1	14.13	14.13
