[BeGaze]
Converted from:	C:\Program Files\SMI\Experiment Suite 360\Experiment Center 2\Results\RC-Attachment-Exp\P26-eye_data.idf
Date:	18.03.2012 20:21:54
Version:	BeGaze 3.0.181
Sample Rate:	500
Subject:	P26
Description:	Run31

Table Header for Fixations:
Event Type	Trial	Number	Start	End	Duration	Location X	Location Y	Dispersion X	Dispersion Y	Plane	Avg. Pupil Size X	Avg. Pupil Size Y

Table Header for Saccades:
Event Type	Trial	Number	Start	End	Duration	Start Loc.X	Start Loc.Y	End Loc.X	End Loc.Y	Amplitude	Peak Speed	Peak Speed At	Average Speed	Peak Accel.	Peak Decel.	Average Accel.

Table Header for Blinks:
Event Type	Trial	Number	Start	End	Duration

Table Header for User Events:
Event Type	Trial	Number	Start	Description

UserEvent	1	1	13090800189	# Message: Dist-orthm-36.jpg
Fixation L	1	1	13090800435	13091486744	686309	546.98	448.84	27	29	-1	9.51	9.51
Fixation R	1	1	13090800435	13091486744	686309	546.98	448.84	27	29	-1	9.00	9.00
Saccade L	1	1	13091486744	13091516728	29984	544.61	443.72	593.91	430.32	1.07	57.04	0.33	35.62	2299.12	-1759.71	1421.21
Saccade R	1	1	13091486744	13091516728	29984	544.61	443.72	593.91	430.32	1.07	57.04	0.33	35.62	2299.12	-1759.71	1421.21
Fixation L	1	2	13091516728	13091654731	138003	601.37	431.72	28	15	-1	9.37	9.37
Fixation R	1	2	13091516728	13091654731	138003	601.37	431.72	28	15	-1	8.86	8.86
Saccade L	1	2	13091654731	13091678727	23996	584.52	436.55	655.94	437.46	1.45	109.53	0.50	60.57	4300.94	-4220.21	2952.06
Saccade R	1	2	13091654731	13091678727	23996	584.52	436.55	655.94	437.46	1.45	109.53	0.50	60.57	4300.94	-4220.21	2952.06
Fixation L	1	3	13091678727	13091934837	256110	658.11	450.57	29	40	-1	9.47	9.47
Fixation R	1	3	13091678727	13091934837	256110	658.11	450.57	29	40	-1	9.19	9.19
Saccade L	1	3	13091934837	13091958932	24095	668.89	434.75	704.11	443.70	0.76	42.52	0.50	31.70	1465.93	-1459.08	1017.11
Saccade R	1	3	13091934837	13091958932	24095	668.89	434.75	704.11	443.70	0.76	42.52	0.50	31.70	1465.93	-1459.08	1017.11
Fixation L	1	4	13091958932	13092096978	138046	704.70	461.39	9	28	-1	9.42	9.42
Fixation R	1	4	13091958932	13092096978	138046	704.70	461.39	9	28	-1	9.16	9.16
Saccade L	1	4	13092096978	13092130973	33995	703.71	468.14	782.78	478.76	1.69	89.91	0.35	49.70	3831.42	-3115.52	2444.92
Saccade R	1	4	13092096978	13092130973	33995	703.71	468.14	782.78	478.76	1.69	89.91	0.35	49.70	3831.42	-3115.52	2444.92
Fixation L	1	5	13092130973	13092315083	184110	785.56	462.19	17	45	-1	9.59	9.59
Fixation R	1	5	13092130973	13092315083	184110	785.56	462.19	17	45	-1	9.29	9.29
Saccade L	1	5	13092315083	13092341076	25993	789.43	445.42	846.75	444.96	1.19	76.64	0.46	45.87	2925.73	-2818.94	2081.60
Saccade R	1	5	13092315083	13092341076	25993	789.43	445.42	846.75	444.96	1.19	76.64	0.46	45.87	2925.73	-2818.94	2081.60
Fixation L	1	6	13092341076	13092505070	163994	842.32	442.89	14	21	-1	9.60	9.60
Fixation R	1	6	13092341076	13092505070	163994	842.32	442.89	14	21	-1	9.31	9.31
Saccade L	1	6	13092505070	13092529209	24139	839.93	456.75	901.77	460.93	1.33	89.62	0.50	54.94	3582.64	-3667.51	2525.75
Saccade R	1	6	13092505070	13092529209	24139	839.93	456.75	901.77	460.93	1.33	89.62	0.50	54.94	3582.64	-3667.51	2525.75
Fixation L	1	7	13092529209	13092705186	175977	896.40	462.01	21	22	-1	9.70	9.70
Fixation R	1	7	13092529209	13092705186	175977	896.40	462.01	21	22	-1	9.40	9.40
Saccade L	1	7	13092705186	13092739209	34023	903.10	461.58	994.21	450.01	2.06	109.08	0.41	60.64	4234.07	-4206.29	3068.49
Saccade R	1	7	13092705186	13092739209	34023	903.10	461.58	994.21	450.01	2.06	109.08	0.41	60.64	4234.07	-4206.29	3068.49
Fixation L	1	8	13092739209	13093173370	434161	1016.95	470.28	45	39	-1	9.84	9.84
Fixation R	1	8	13092739209	13093173370	434161	1016.95	470.28	45	39	-1	9.47	9.47
Fixation L	1	9	13093194982	13093437547	242565	1073.25	438.85	29	50	-1	9.72	9.72
Fixation R	1	9	13093194982	13093437547	242565	1073.25	438.85	29	50	-1	8.84	8.84
Saccade L	1	8	13093437547	13093465544	27997	1069.94	436.99	1135.45	421.64	1.44	96.62	0.43	51.51	3491.61	-3518.70	2529.41
Saccade R	1	8	13093437547	13093465544	27997	1069.94	436.99	1135.45	421.64	1.44	96.62	0.43	51.51	3491.61	-3518.70	2529.41
Fixation L	1	10	13093465544	13093642535	176991	1139.87	425.97	18	26	-1	9.58	9.58
Fixation R	1	10	13093465544	13093642535	176991	1139.87	425.97	18	26	-1	8.88	8.88
Saccade L	1	9	13093642535	13093728414	85879	1146.06	437.63	981.60	930.07	12.22	308.59	0.34	142.25	12581.44	-7405.00	5908.61
Saccade R	1	9	13093642535	13093728414	85879	1146.06	437.63	981.60	930.07	12.22	308.59	0.34	142.25	12581.44	-7405.00	5908.61
Fixation L	1	11	13093728414	13093896114	167700	984.22	916.19	11	36	-1	10.04	10.04
Fixation R	1	11	13093728414	13093896114	167700	984.22	916.19	11	36	-1	10.14	10.14
Saccade L	1	10	13093896114	13093921788	25674	985.52	916.01	924.34	927.66	1.53	99.89	0.45	59.41	4090.71	-4003.47	2823.69
Saccade R	1	10	13093896114	13093921788	25674	985.52	916.01	924.34	927.66	1.53	99.89	0.45	59.41	4090.71	-4003.47	2823.69
Fixation L	1	12	13093921788	13094344449	422661	912.64	943.07	37	54	-1	10.88	10.88
Fixation R	1	12	13093921788	13094344449	422661	912.64	943.07	37	54	-1	10.55	10.55
