[BeGaze]
Converted from:	C:\Program Files\SMI\Experiment Suite 360\Experiment Center 2\Results\RC-Attachment-Exp\Denek01-eye_data.idf
Date:	18.03.2012 20:03:38
Version:	BeGaze 3.0.181
Sample Rate:	500
Subject:	Denek01
Description:	Run4

Table Header for Fixations:
Event Type	Trial	Number	Start	End	Duration	Location X	Location Y	Dispersion X	Dispersion Y	Plane	Avg. Pupil Size X	Avg. Pupil Size Y

Table Header for Saccades:
Event Type	Trial	Number	Start	End	Duration	Start Loc.X	Start Loc.Y	End Loc.X	End Loc.Y	Amplitude	Peak Speed	Peak Speed At	Average Speed	Peak Accel.	Peak Decel.	Average Accel.

Table Header for Blinks:
Event Type	Trial	Number	Start	End	Duration

Table Header for User Events:
Event Type	Trial	Number	Start	Description

UserEvent	1	1	2159923846	# Message: RC-nonforced-nonanim-6.jpg
Fixation L	1	1	2159929031	2160164884	235853	486.97	431.51	14	27	-1	13.72	13.72
Fixation R	1	1	2159929031	2160164884	235853	486.97	431.51	14	27	-1	14.68	14.68
Saccade L	1	1	2160164884	2160194863	29979	493.64	422.95	485.68	424.89	5.35	215.51	0.43	178.61	9814.15	-10032.83	7744.30
Saccade R	1	1	2160164884	2160194863	29979	493.64	422.95	485.68	424.89	5.35	215.51	0.43	178.61	9814.15	-10032.83	7744.30
Saccade L	1	2	2160206894	2160234870	27976	486.44	423.24	540.99	421.25	1.18	70.73	0.51	42.07	2900.57	-2667.23	1835.97
Saccade R	1	2	2160206894	2160234870	27976	486.44	423.24	540.99	421.25	1.18	70.73	0.51	42.07	2900.57	-2667.23	1835.97
Fixation L	1	2	2160234870	2160362994	128124	547.03	415.41	12	15	-1	13.83	13.83
Fixation R	1	2	2160234870	2160362994	128124	547.03	415.41	12	15	-1	14.78	14.78
Saccade L	1	3	2160362994	2160395044	32050	545.72	421.70	651.17	425.29	2.34	143.81	0.50	72.96	5745.93	-5483.03	4082.37
Saccade R	1	3	2160362994	2160395044	32050	545.72	421.70	651.17	425.29	2.34	143.81	0.50	72.96	5745.93	-5483.03	4082.37
Fixation L	1	3	2160395044	2160731094	336050	660.15	415.35	19	33	-1	13.96	13.96
Fixation R	1	3	2160395044	2160731094	336050	660.15	415.35	19	33	-1	15.07	15.07
Saccade L	1	4	2160731094	2160755087	23993	657.95	413.85	716.68	416.16	1.26	88.66	0.50	52.34	3684.51	-3524.83	2530.97
Saccade R	1	4	2160731094	2160755087	23993	657.95	413.85	716.68	416.16	1.26	88.66	0.50	52.34	3684.51	-3524.83	2530.97
Fixation L	1	4	2160755087	2161145328	390241	728.78	413.18	26	24	-1	13.84	13.84
Fixation R	1	4	2160755087	2161145328	390241	728.78	413.18	26	24	-1	14.93	14.93
Saccade L	1	5	2161145328	2161171329	26001	725.22	417.45	825.82	421.90	2.08	148.76	0.46	80.08	5710.58	-5937.67	4218.17
Saccade R	1	5	2161145328	2161171329	26001	725.22	417.45	825.82	421.90	2.08	148.76	0.46	80.08	5710.58	-5937.67	4218.17
Fixation L	1	5	2161171329	2161871562	700233	845.58	417.62	50	34	-1	13.85	13.85
Fixation R	1	5	2161171329	2161871562	700233	845.58	417.62	50	34	-1	15.01	15.01
Saccade L	1	6	2161871562	2161917699	46137	859.67	424.28	967.33	415.57	2.39	108.77	0.30	51.72	4473.75	-3353.76	2455.59
Saccade R	1	6	2161871562	2161917699	46137	859.67	424.28	967.33	415.57	2.39	108.77	0.30	51.72	4473.75	-3353.76	2455.59
Fixation L	1	6	2161917699	2162401788	484089	953.18	415.74	30	19	-1	13.76	13.76
Fixation R	1	6	2161917699	2162401788	484089	953.18	415.74	30	19	-1	14.82	14.82
Saccade L	1	7	2162401788	2162431778	29990	949.74	424.95	1043.73	443.22	2.10	137.85	0.47	70.15	5699.87	-5485.05	4002.53
Saccade R	1	7	2162401788	2162431778	29990	949.74	424.95	1043.73	443.22	2.10	137.85	0.47	70.15	5699.87	-5485.05	4002.53
Fixation L	1	7	2162431778	2162720018	288240	1044.69	431.77	16	23	-1	13.75	13.75
Fixation R	1	7	2162431778	2162720018	288240	1044.69	431.77	16	23	-1	14.75	14.75
Saccade L	1	8	2162720018	2162754011	33993	1043.57	436.32	1144.88	438.33	2.21	131.41	0.41	65.04	5452.52	-4879.12	3516.58
Saccade R	1	8	2162720018	2162754011	33993	1043.57	436.32	1144.88	438.33	2.21	131.41	0.41	65.04	5452.52	-4879.12	3516.58
Fixation L	1	8	2162754011	2163072125	318114	1148.37	422.37	14	25	-1	13.67	13.67
Fixation R	1	8	2162754011	2163072125	318114	1148.37	422.37	14	25	-1	14.68	14.68
Saccade L	1	9	2163072125	2163094118	21993	1150.61	418.69	1182.72	416.72	0.65	40.73	0.46	29.49	1672.49	-1612.15	1134.04
Saccade R	1	9	2163072125	2163094118	21993	1150.61	418.69	1182.72	416.72	0.65	40.73	0.46	29.49	1672.49	-1612.15	1134.04
Fixation L	1	9	2163094118	2163512229	418111	1182.61	429.86	19	24	-1	13.65	13.65
Fixation R	1	9	2163094118	2163512229	418111	1182.61	429.86	19	24	-1	14.63	14.63
Blink L	1	1	2163512229	2163666379	154150
Blink R	1	1	2163512229	2163666379	154150
Saccade L	1	10	2163666379	2163726344	59965	875.11	773.91	867.66	933.42	3.48	108.10	0.33	58.11	3264.41	-4181.55	1882.11
Saccade R	1	10	2163666379	2163726344	59965	875.11	773.91	867.66	933.42	3.48	108.10	0.33	58.11	3264.41	-4181.55	1882.11
Fixation L	1	10	2163726344	2165052010	1325666	905.96	917.13	68	53	-1	13.44	13.44
Fixation R	1	10	2163726344	2165052010	1325666	905.96	917.13	68	53	-1	14.43	14.43
