[BeGaze]
Converted from:	C:\Program Files\SMI\Experiment Suite 360\Experiment Center 2\Results\RC-Attachment-Exp\P02-eye_data.idf
Date:	24.02.2012 09:57:28
Version:	BeGaze 3.0.181
Sample Rate:	500
Subject:	P02
Description:	Run2

Table Header for Fixations:
Event Type	Trial	Number	Start	End	Duration	Location X	Location Y	Dispersion X	Dispersion Y	Plane	Avg. Pupil Size X	Avg. Pupil Size Y

Table Header for Saccades:
Event Type	Trial	Number	Start	End	Duration	Start Loc.X	Start Loc.Y	End Loc.X	End Loc.Y	Amplitude	Peak Speed	Peak Speed At	Average Speed	Peak Accel.	Peak Decel.	Average Accel.

Table Header for Blinks:
Event Type	Trial	Number	Start	End	Duration

Table Header for User Events:
Event Type	Trial	Number	Start	Description

UserEvent	1	1	3615632030	# Message: Questionnaire16.jpg
Saccade L	1	1	3615639240	3615666499	27259	880.22	964.41	918.32	942.88	1.07	60.70	0.32	39.17	0.00	-2017.72	757.69
Saccade R	1	1	3615639240	3615666499	27259	880.22	964.41	918.32	942.88	1.07	60.70	0.32	39.17	0.00	-2017.72	757.69
Fixation L	1	1	3615666499	3616002806	336307	922.20	950.13	23	42	-1	13.18	13.18
Fixation R	1	1	3615666499	3616002806	336307	922.20	950.13	23	42	-1	13.89	13.89
Saccade L	1	2	3616002806	3616070922	68116	915.61	960.80	434.26	474.04	15.70	535.09	0.35	230.51	23659.36	-18479.99	12387.99
Saccade R	1	2	3616002806	3616070922	68116	915.61	960.80	434.26	474.04	15.70	535.09	0.35	230.51	23659.36	-18479.99	12387.99
Fixation L	1	2	3616070922	3616172833	101911	438.63	475.69	17	29	-1	13.07	13.07
Fixation R	1	2	3616070922	3616172833	101911	438.63	475.69	17	29	-1	13.51	13.51
Saccade L	1	3	3616172833	3616200858	28025	449.07	493.93	398.61	367.21	2.89	187.03	0.50	103.03	7755.78	-4087.84	4255.34
Saccade R	1	3	3616172833	3616200858	28025	449.07	493.93	398.61	367.21	2.89	187.03	0.50	103.03	7755.78	-4087.84	4255.34
Saccade L	1	4	3616200858	3616244856	43998	398.61	367.21	345.85	415.74	7.49	363.93	0.64	170.16	8671.98	-11835.65	6454.03
Saccade R	1	4	3616200858	3616244856	43998	398.61	367.21	345.85	415.74	7.49	363.93	0.64	170.16	8671.98	-11835.65	6454.03
Saccade L	1	5	3616244856	3616266844	21988	345.85	415.74	393.32	402.49	0.83	62.04	0.45	37.94	-330.78	-11835.65	3794.71
Saccade R	1	5	3616244856	3616266844	21988	345.85	415.74	393.32	402.49	0.83	62.04	0.45	37.94	-330.78	-11835.65	3794.71
Fixation L	1	3	3616266844	3616330947	64103	393.14	396.00	10	13	-1	12.94	12.94
Fixation R	1	3	3616266844	3616330947	64103	393.14	396.00	10	13	-1	13.33	13.33
Saccade L	1	6	3616330947	3616352950	22003	395.29	388.36	430.83	360.63	0.90	63.69	0.64	41.12	2316.68	-1938.93	1455.16
Saccade R	1	6	3616330947	3616352950	22003	395.29	388.36	430.83	360.63	0.90	63.69	0.64	41.12	2316.68	-1938.93	1455.16
Fixation L	1	4	3616352950	3616725088	372138	396.29	350.54	60	40	-1	13.28	13.28
Fixation R	1	4	3616352950	3616725088	372138	396.29	350.54	60	40	-1	13.81	13.81
Saccade L	1	7	3616725088	3616751066	25978	389.42	365.95	458.07	358.48	1.48	96.98	0.54	56.88	3856.54	-3835.04	2836.03
Saccade R	1	7	3616725088	3616751066	25978	389.42	365.95	458.07	358.48	1.48	96.98	0.54	56.88	3856.54	-3835.04	2836.03
Fixation L	1	5	3616821065	3616935179	114114	456.68	359.99	15	19	-1	14.02	14.02
Fixation R	1	5	3616821065	3616935179	114114	456.68	359.99	15	19	-1	14.45	14.45
Saccade L	1	8	3616935179	3616963182	28003	457.25	363.76	579.66	353.98	2.58	173.84	0.61	92.18	7502.44	-6984.75	5249.92
Saccade R	1	8	3616935179	3616963182	28003	457.25	363.76	579.66	353.98	2.58	173.84	0.61	92.18	7502.44	-6984.75	5249.92
Saccade L	1	9	3616993192	3617023177	29985	570.79	365.26	571.31	358.91	5.44	221.46	0.42	181.54	9989.17	-10322.33	7859.26
Saccade R	1	9	3616993192	3617023177	29985	570.79	365.26	571.31	358.91	5.44	221.46	0.42	181.54	9989.17	-10322.33	7859.26
Fixation L	1	6	3617023177	3617155295	132118	568.93	360.36	10	15	-1	14.25	14.25
Fixation R	1	6	3617023177	3617155295	132118	568.93	360.36	10	15	-1	14.67	14.67
Saccade L	1	10	3617155295	3617199338	44043	572.24	368.45	427.18	448.82	5.62	297.93	0.32	127.53	12865.10	-11500.07	7896.67
Saccade R	1	10	3617155295	3617199338	44043	572.24	368.45	427.18	448.82	5.62	297.93	0.32	127.53	12865.10	-11500.07	7896.67
Fixation L	1	7	3617199338	3617423364	224026	413.03	460.00	22	31	-1	14.15	14.15
Fixation R	1	7	3617199338	3617423364	224026	413.03	460.00	22	31	-1	14.57	14.57
Blink L	1	1	3617423364	3617453542	30178
Blink R	1	1	3617423364	3617453542	30178
Fixation L	1	8	3617515440	3617783480	268040	434.64	449.00	16	32	-1	14.49	14.49
Fixation R	1	8	3617515440	3617783480	268040	434.64	449.00	16	32	-1	14.70	14.70
Saccade L	1	11	3617783480	3617811523	28043	433.98	448.11	402.13	482.75	1.29	74.02	0.43	45.86	2840.90	-2954.05	2128.21
Saccade R	1	11	3617783480	3617811523	28043	433.98	448.11	402.13	482.75	1.29	74.02	0.43	45.86	2840.90	-2954.05	2128.21
Fixation L	1	9	3617811523	3617970239	158716	399.34	475.64	14	31	-1	14.57	14.57
Fixation R	1	9	3617811523	3617970239	158716	399.34	475.64	14	31	-1	14.75	14.75
Saccade L	1	12	3617970239	3618001664	31425	398.30	469.34	363.73	487.48	1.09	50.21	0.54	34.80	1789.14	-1747.08	1229.64
Saccade R	1	12	3617970239	3618001664	31425	398.30	469.34	363.73	487.48	1.09	50.21	0.54	34.80	1789.14	-1747.08	1229.64
Fixation L	1	10	3618001664	3618201665	200001	374.14	475.77	18	28	-1	14.83	14.83
Fixation R	1	10	3618001664	3618201665	200001	374.14	475.77	18	28	-1	14.96	14.96
Saccade L	1	13	3618201665	3618236588	34923	377.08	466.15	445.20	478.07	1.94	96.90	0.35	55.45	4056.13	-3895.95	2829.41
Saccade R	1	13	3618201665	3618236588	34923	377.08	466.15	445.20	478.07	1.94	96.90	0.35	55.45	4056.13	-3895.95	2829.41
Fixation L	1	11	3618236588	3618423898	187310	446.34	477.10	12	23	-1	14.90	14.90
Fixation R	1	11	3618236588	3618423898	187310	446.34	477.10	12	23	-1	15.21	15.21
Saccade L	1	14	3618423898	3618447744	23846	451.05	487.25	343.17	488.28	2.18	170.71	0.50	91.38	6859.02	-5041.78	3998.30
Saccade R	1	14	3618423898	3618447744	23846	451.05	487.25	343.17	488.28	2.18	170.71	0.50	91.38	6859.02	-5041.78	3998.30
Fixation L	1	12	3618461877	3619342298	880421	357.96	488.42	48	35	-1	14.50	14.50
Fixation R	1	12	3618461877	3619342298	880421	357.96	488.42	48	35	-1	14.70	14.70
UserEvent	1	92	3619279808	# Message: UE-mouseclick left x=361 y=472
Saccade L	1	15	3619342298	3619392906	50608	364.73	486.75	403.79	449.73	1.85	58.42	0.42	36.48	2107.46	-1644.63	1266.79
Saccade R	1	15	3619342298	3619392906	50608	364.73	486.75	403.79	449.73	1.85	58.42	0.42	36.48	2107.46	-1644.63	1266.79
Fixation L	1	13	3619392906	3619706328	313422	398.39	448.50	30	27	-1	14.02	14.02
Fixation R	1	13	3619392906	3619706328	313422	398.39	448.50	30	27	-1	14.22	14.22
Fixation L	1	14	3619725568	3619848449	122881	395.62	456.42	23	28	-1	13.98	13.98
Fixation R	1	14	3619725568	3619848449	122881	395.62	456.42	23	28	-1	14.16	14.16
Saccade L	1	16	3619848449	3619874464	26015	397.53	451.35	354.60	560.79	2.49	183.92	0.54	95.55	7793.00	-6527.54	5155.38
Saccade R	1	16	3619848449	3619874464	26015	397.53	451.35	354.60	560.79	2.49	183.92	0.54	95.55	7793.00	-6527.54	5155.38
Fixation L	1	15	3619874464	3620140574	266110	363.83	545.35	38	23	-1	13.77	13.77
Fixation R	1	15	3619874464	3620140574	266110	363.83	545.35	38	23	-1	13.92	13.92
Fixation L	1	16	3620158558	3620344572	186014	371.50	542.41	32	46	-1	13.50	13.50
Fixation R	1	16	3620158558	3620344572	186014	371.50	542.41	32	46	-1	13.69	13.69
UserEvent	1	119	3620335802	# Message: UE-mouseclick left x=379 y=528
Saccade L	1	17	3620344572	3620376657	32085	376.49	550.47	428.66	550.67	1.39	70.55	0.65	43.24	2024.67	-2742.95	1732.79
Saccade R	1	17	3620344572	3620376657	32085	376.49	550.47	428.66	550.67	1.39	70.55	0.65	43.24	2024.67	-2742.95	1732.79
Fixation L	1	17	3620376657	3620477070	100413	427.76	551.63	10	7	-1	13.18	13.18
Fixation R	1	17	3620376657	3620477070	100413	427.76	551.63	10	7	-1	13.50	13.50
