[BeGaze]
Converted from:	C:\Program Files\SMI\Experiment Suite 360\Experiment Center 2\Results\RC-Attachment-Exp\deneme-eye_data.idf
Date:	18.03.2012 20:03:18
Version:	BeGaze 3.0.181
Sample Rate:	500
Subject:	deneme
Description:	Run3

Table Header for Fixations:
Event Type	Trial	Number	Start	End	Duration	Location X	Location Y	Dispersion X	Dispersion Y	Plane	Avg. Pupil Size X	Avg. Pupil Size Y

Table Header for Saccades:
Event Type	Trial	Number	Start	End	Duration	Start Loc.X	Start Loc.Y	End Loc.X	End Loc.Y	Amplitude	Peak Speed	Peak Speed At	Average Speed	Peak Accel.	Peak Decel.	Average Accel.

Table Header for Blinks:
Event Type	Trial	Number	Start	End	Duration

Table Header for User Events:
Event Type	Trial	Number	Start	Description

UserEvent	1	1	8699806935	# Message: RC-N2forced-anim-3.jpg
Fixation L	1	1	8699816432	8700093245	276813	489.26	453.08	16	32	-1	10.24	10.24
Fixation R	1	1	8699816432	8700093245	276813	489.26	453.08	16	32	-1	9.60	9.60
Saccade L	1	1	8700093245	8700123267	30022	491.45	434.21	544.58	437.26	1.13	65.69	0.48	37.73	2760.76	-2569.83	1923.61
Saccade R	1	1	8700093245	8700123267	30022	491.45	434.21	544.58	437.26	1.13	65.69	0.48	37.73	2760.76	-2569.83	1923.61
Fixation L	1	2	8700123267	8700255370	132103	541.03	450.91	16	24	-1	10.02	10.02
Fixation R	1	2	8700123267	8700255370	132103	541.03	450.91	16	24	-1	9.60	9.60
Saccade L	1	2	8700255370	8700283365	27995	547.03	461.18	604.53	455.20	1.28	82.95	0.53	45.55	3078.72	-3372.61	2308.48
Saccade R	1	2	8700255370	8700283365	27995	547.03	461.18	604.53	455.20	1.28	82.95	0.53	45.55	3078.72	-3372.61	2308.48
Fixation L	1	3	8700283365	8700441404	158039	608.48	459.96	20	13	-1	10.17	10.17
Fixation R	1	3	8700283365	8700441404	158039	608.48	459.96	20	13	-1	9.58	9.58
Saccade L	1	3	8700441404	8700469440	28036	615.79	463.77	689.52	456.46	1.58	106.35	0.50	56.48	4421.78	-4359.96	3156.70
Saccade R	1	3	8700441404	8700469440	28036	615.79	463.77	689.52	456.46	1.58	106.35	0.50	56.48	4421.78	-4359.96	3156.70
Fixation L	1	4	8700469440	8700637863	168423	691.39	451.83	15	27	-1	10.05	10.05
Fixation R	1	4	8700469440	8700637863	168423	691.39	451.83	15	27	-1	9.62	9.62
Saccade L	1	4	8700637863	8700665483	27620	691.06	441.22	745.07	447.27	1.13	72.11	0.49	41.02	2781.93	-2985.91	2124.35
Saccade R	1	4	8700637863	8700665483	27620	691.06	441.22	745.07	447.27	1.13	72.11	0.49	41.02	2781.93	-2985.91	2124.35
Fixation L	1	5	8700665483	8700825630	160147	749.84	445.79	21	15	-1	10.09	10.09
Fixation R	1	5	8700665483	8700825630	160147	749.84	445.79	21	15	-1	9.56	9.56
Saccade L	1	5	8700825630	8700851613	25983	740.21	446.78	811.15	439.56	1.55	112.21	0.46	59.65	4274.43	-4603.26	3141.34
Saccade R	1	5	8700825630	8700851613	25983	740.21	446.78	811.15	439.56	1.55	112.21	0.46	59.65	4274.43	-4603.26	3141.34
Fixation L	1	6	8700851613	8700933595	81982	818.79	439.42	19	9	-1	9.96	9.96
Fixation R	1	6	8700851613	8700933595	81982	818.79	439.42	19	9	-1	9.62	9.62
Saccade L	1	6	8700933595	8700990040	56445	825.88	434.03	821.51	445.90	39.03	1776.63	0.39	691.38	62669.98	-45648.67	26151.22
Saccade R	1	6	8700933595	8700990040	56445	825.88	434.03	821.51	445.90	39.03	1776.63	0.39	691.38	62669.98	-45648.67	26151.22
Blink L	1	1	8700997600	8701083715	86115
Blink R	1	1	8700997600	8701083715	86115
Fixation L	1	7	8701083715	8701205621	121906	891.87	433.68	20	32	-1	9.98	9.98
Fixation R	1	7	8701083715	8701205621	121906	891.87	433.68	20	32	-1	9.67	9.67
Saccade L	1	7	8701205621	8701233711	28090	883.81	452.16	899.41	416.81	0.85	50.80	0.43	30.21	1625.56	-1718.23	1203.84
Saccade R	1	7	8701205621	8701233711	28090	883.81	452.16	899.41	416.81	0.85	50.80	0.43	30.21	1625.56	-1718.23	1203.84
Saccade L	1	8	8701243718	8701307840	64122	893.53	417.38	854.28	403.80	3.43	134.70	0.28	53.51	4811.38	-3657.51	2173.52
Saccade R	1	8	8701243718	8701307840	64122	893.53	417.38	854.28	403.80	3.43	134.70	0.28	53.51	4811.38	-3657.51	2173.52
Saccade L	1	9	8701307840	8701377837	69997	854.28	403.80	973.47	426.43	11.12	363.67	0.51	158.87	15795.17	-8014.03	7579.28
Saccade R	1	9	8701307840	8701377837	69997	854.28	403.80	973.47	426.43	11.12	363.67	0.51	158.87	15795.17	-8014.03	7579.28
Fixation L	1	8	8701377837	8701663950	286113	973.04	427.46	17	9	-1	9.95	9.95
Fixation R	1	8	8701377837	8701663950	286113	973.04	427.46	17	9	-1	9.58	9.58
Saccade L	1	10	8701663950	8701687948	23998	969.66	425.59	1012.45	430.82	0.89	65.14	0.42	37.29	2463.10	-2280.47	1666.43
Saccade R	1	10	8701663950	8701687948	23998	969.66	425.59	1012.45	430.82	0.89	65.14	0.42	37.29	2463.10	-2280.47	1666.43
Fixation L	1	9	8701687948	8701811948	124000	1011.55	430.22	7	17	-1	9.88	9.88
Fixation R	1	9	8701687948	8701811948	124000	1011.55	430.22	7	17	-1	9.62	9.62
Saccade L	1	11	8701811948	8701844074	32126	1012.44	442.32	1089.57	431.65	1.80	100.77	0.44	56.06	4031.48	-4247.91	3029.18
Saccade R	1	11	8701811948	8701844074	32126	1012.44	442.32	1089.57	431.65	1.80	100.77	0.44	56.06	4031.48	-4247.91	3029.18
Fixation L	1	10	8701844074	8702220547	376473	1074.59	433.39	29	28	-1	9.83	9.83
Fixation R	1	10	8701844074	8702220547	376473	1074.59	433.39	29	28	-1	9.58	9.58
Saccade L	1	12	8702220547	8702264196	43649	1073.34	418.89	1155.11	412.01	1.87	107.89	0.68	42.87	3720.82	-4122.46	2380.62
Saccade R	1	12	8702220547	8702264196	43649	1073.34	418.89	1155.11	412.01	1.87	107.89	0.68	42.87	3720.82	-4122.46	2380.62
Fixation L	1	11	8702264196	8702758424	494228	1150.95	417.15	26	30	-1	9.81	9.81
Fixation R	1	11	8702264196	8702758424	494228	1150.95	417.15	26	30	-1	9.57	9.57
Blink L	1	2	8702758424	8702962532	204108
Blink R	1	2	8702758424	8702962532	204108
Fixation L	1	12	8702962532	8703052535	90003	1185.44	432.53	10	20	-1	9.77	9.77
Fixation R	1	12	8702962532	8703052535	90003	1185.44	432.53	10	20	-1	9.46	9.46
Saccade L	1	13	8703052535	8703192648	140113	1181.66	443.55	877.78	988.83	14.65	178.68	0.29	104.54	6592.74	-2465.15	1942.64
Saccade R	1	13	8703052535	8703192648	140113	1181.66	443.55	877.78	988.83	14.65	178.68	0.29	104.54	6592.74	-2465.15	1942.64
Fixation L	1	13	8703192648	8703644773	452125	853.48	974.63	35	46	-1	10.39	10.39
Fixation R	1	13	8703192648	8703644773	452125	853.48	974.63	35	46	-1	10.11	10.11
Blink L	1	3	8703644773	8703675249	30476
Blink R	1	3	8703644773	8703675249	30476
