[BeGaze]
Converted from:	C:\Program Files\SMI\Experiment Suite 360\Experiment Center 2\Results\RC-Attachment-Exp\P30-eye_data.idf
Date:	18.03.2012 20:26:11
Version:	BeGaze 3.0.181
Sample Rate:	500
Subject:	P30
Description:	Run35

Table Header for Fixations:
Event Type	Trial	Number	Start	End	Duration	Location X	Location Y	Dispersion X	Dispersion Y	Plane	Avg. Pupil Size X	Avg. Pupil Size Y

Table Header for Saccades:
Event Type	Trial	Number	Start	End	Duration	Start Loc.X	Start Loc.Y	End Loc.X	End Loc.Y	Amplitude	Peak Speed	Peak Speed At	Average Speed	Peak Accel.	Peak Decel.	Average Accel.

Table Header for Blinks:
Event Type	Trial	Number	Start	End	Duration

Table Header for User Events:
Event Type	Trial	Number	Start	Description

UserEvent	1	1	4292864919	# Message: Questionnaire20.jpg
Fixation L	1	1	4292866654	4293330480	463826	911.92	954.76	20	27	-1	13.81	13.81
Fixation R	1	1	4292866654	4293330480	463826	911.92	954.76	20	27	-1	13.60	13.60
Saccade L	1	1	4293330480	4293410440	79960	920.73	955.37	426.91	490.91	15.44	404.44	0.25	193.06	17797.51	-9959.36	7963.35
Saccade R	1	1	4293330480	4293410440	79960	920.73	955.37	426.91	490.91	15.44	404.44	0.25	193.06	17797.51	-9959.36	7963.35
Fixation L	1	2	4293410440	4293484508	74068	421.63	495.33	17	16	-1	13.70	13.70
Fixation R	1	2	4293410440	4293484508	74068	421.63	495.33	17	16	-1	12.83	12.83
Saccade L	1	2	4293484508	4293534484	49976	431.19	489.95	432.63	344.54	3.46	175.47	0.36	69.21	6986.46	-6056.38	3936.30
Saccade R	1	2	4293484508	4293534484	49976	431.19	489.95	432.63	344.54	3.46	175.47	0.36	69.21	6986.46	-6056.38	3936.30
Fixation L	1	3	4293534484	4293764482	229998	427.73	335.20	17	24	-1	13.83	13.83
Fixation R	1	3	4293534484	4293764482	229998	427.73	335.20	17	24	-1	12.97	12.97
Saccade L	1	3	4293764482	4293816639	52157	435.83	323.60	531.78	352.24	2.96	170.08	0.46	56.79	6520.99	-6185.78	3520.58
Saccade R	1	3	4293764482	4293816639	52157	435.83	323.60	531.78	352.24	2.96	170.08	0.46	56.79	6520.99	-6185.78	3520.58
Fixation L	1	4	4293816639	4293964627	147988	538.97	352.82	15	17	-1	14.32	14.32
Fixation R	1	4	4293816639	4293964627	147988	538.97	352.82	15	17	-1	13.74	13.74
Saccade L	1	4	4293964627	4293990598	25971	541.47	345.40	676.39	356.40	2.79	215.73	0.54	107.31	9088.34	-7467.15	5870.12
Saccade R	1	4	4293964627	4293990598	25971	541.47	345.40	676.39	356.40	2.79	215.73	0.54	107.31	9088.34	-7467.15	5870.12
Fixation L	1	5	4294006632	4294716967	710335	652.70	360.56	17	48	-1	14.82	14.82
Fixation R	1	5	4294006632	4294716967	710335	652.70	360.56	17	48	-1	14.10	14.10
Saccade L	1	5	4294716967	4294760982	44015	650.61	382.69	393.32	455.00	5.97	306.46	0.41	135.66	13506.96	-12186.48	8691.62
Saccade R	1	5	4294716967	4294760982	44015	650.61	382.69	393.32	455.00	5.97	306.46	0.41	135.66	13506.96	-12186.48	8691.62
Fixation L	1	6	4294760982	4295157204	396222	388.16	458.20	22	28	-1	15.04	15.04
Fixation R	1	6	4294760982	4295157204	396222	388.16	458.20	22	28	-1	14.19	14.19
Saccade L	1	6	4295157204	4295203278	46074	380.18	471.72	477.76	370.31	3.14	172.96	0.61	68.15	6304.07	-6999.77	4127.03
Saccade R	1	6	4295157204	4295203278	46074	380.18	471.72	477.76	370.31	3.14	172.96	0.61	68.15	6304.07	-6999.77	4127.03
Fixation L	1	7	4295203278	4295477352	274074	473.05	353.08	18	31	-1	15.23	15.23
Fixation R	1	7	4295203278	4295477352	274074	473.05	353.08	18	31	-1	14.43	14.43
Saccade L	1	7	4295477352	4295501330	23978	467.93	363.70	392.44	366.06	1.55	118.32	0.51	64.50	4363.55	-4383.24	3067.75
Saccade R	1	7	4295477352	4295501330	23978	467.93	363.70	392.44	366.06	1.55	118.32	0.51	64.50	4363.55	-4383.24	3067.75
Fixation L	1	8	4295501330	4295879440	378110	373.55	336.30	915	1078	-1	14.36	14.36
Fixation R	1	8	4295501330	4295793455	292125	402.76	368.55	17	14	-1	14.30	14.30
Blink R	1	1	4295793455	4295985563	192108
Saccade L	1	8	4295879440	4295985563	106123	0.00	0.00	543.41	367.17	41.73	1263.72	0.38	393.26	30184.08	-42482.39	13367.51
Fixation L	1	9	4296029580	4296217690	188110	584.96	390.27	13	31	-1	15.90	15.90
Fixation R	1	9	4296029580	4296217690	188110	584.96	390.27	13	31	-1	15.18	15.18
Saccade L	1	9	4296217690	4296249690	32000	577.23	371.02	379.77	470.31	4.82	310.04	0.51	150.66	13385.09	-11856.55	9320.28
Saccade R	1	8	4296217690	4296249690	32000	577.23	371.02	379.77	470.31	4.82	310.04	0.51	150.66	13385.09	-11856.55	9320.28
Fixation L	1	10	4296269691	4296697487	427796	385.73	479.10	37	45	-1	15.47	15.47
Fixation R	1	10	4296269691	4296697487	427796	385.73	479.10	37	45	-1	14.59	14.59
Fixation L	1	11	4296731933	4297688281	956348	370.41	467.65	33	47	-1	14.94	14.94
Fixation R	1	11	4296731933	4297688281	956348	370.41	467.65	33	47	-1	14.12	14.12
Fixation L	1	12	4297707083	4297993363	286280	378.52	456.91	27	19	-1	14.66	14.66
Fixation R	1	12	4297707083	4297993363	286280	378.52	456.91	27	19	-1	14.00	14.00
UserEvent	1	125	4297793492	# Message: UE-mouseclick left x=362 y=438
Saccade L	1	10	4297993363	4298025210	31847	395.11	461.22	513.77	392.30	3.16	200.04	0.42	99.30	8479.42	-8494.16	6186.31
Saccade R	1	9	4297993363	4298025210	31847	395.11	461.22	513.77	392.30	3.16	200.04	0.42	99.30	8479.42	-8494.16	6186.31
Fixation L	1	13	4298025210	4298190531	165321	507.83	372.49	14	35	-1	14.63	14.63
Fixation R	1	13	4298025210	4298190531	165321	507.83	372.49	14	35	-1	13.88	13.88
Saccade L	1	11	4298190531	4298230556	40025	505.59	369.06	635.29	361.39	3.72	227.59	0.35	92.93	9740.62	-8472.94	5699.97
Saccade R	1	10	4298190531	4298230556	40025	505.59	369.06	635.29	361.39	3.72	227.59	0.35	92.93	9740.62	-8472.94	5699.97
Fixation L	1	14	4298230556	4298408651	178095	648.66	369.87	21	28	-1	14.64	14.64
Fixation R	1	14	4298230556	4298408651	178095	648.66	369.87	21	28	-1	14.04	14.04
Saccade L	1	12	4298408651	4298480658	72007	653.53	369.56	464.59	556.52	6.65	231.44	0.22	92.39	9624.06	-5436.88	4166.97
Saccade R	1	11	4298408651	4298480658	72007	653.53	369.56	464.59	556.52	6.65	231.44	0.22	92.39	9624.06	-5436.88	4166.97
Fixation L	1	15	4298480658	4298584930	104272	475.25	560.28	21	22	-1	14.78	14.78
Fixation R	1	15	4298480658	4298584930	104272	475.25	560.28	21	22	-1	14.06	14.06
Saccade L	1	13	4298584930	4298628668	43738	476.71	551.13	417.27	524.59	2.63	163.60	0.22	60.12	6326.82	-5202.06	2959.05
Saccade R	1	12	4298584930	4298628668	43738	476.71	551.13	417.27	524.59	2.63	163.60	0.22	60.12	6326.82	-5202.06	2959.05
Fixation L	1	16	4298628668	4298874890	246222	408.05	520.91	24	20	-1	15.34	15.34
Fixation R	1	16	4298628668	4298874890	246222	408.05	520.91	24	20	-1	14.28	14.28
Saccade L	1	14	4298874890	4298928983	54093	402.41	528.05	410.69	385.22	3.75	185.41	0.70	69.38	7189.54	-7862.40	4040.37
Saccade R	1	13	4298874890	4298928983	54093	402.41	528.05	410.69	385.22	3.75	185.41	0.70	69.38	7189.54	-7862.40	4040.37
Fixation L	1	17	4298928983	4299126889	197906	414.34	378.06	30	20	-1	15.57	15.57
Fixation R	1	17	4298928983	4299126889	197906	414.34	378.06	30	20	-1	14.60	14.60
UserEvent	1	157	4299049087	# Message: UE-mouseclick left x=420 y=527
