[BeGaze]
Converted from:	C:\Program Files\SMI\Experiment Suite 360\Experiment Center 2\Results\RC-Attachment-Exp\P15-eye_data.idf
Date:	18.03.2012 20:11:23
Version:	BeGaze 3.0.181
Sample Rate:	500
Subject:	P15
Description:	Run20

Table Header for Fixations:
Event Type	Trial	Number	Start	End	Duration	Location X	Location Y	Dispersion X	Dispersion Y	Plane	Avg. Pupil Size X	Avg. Pupil Size Y

Table Header for Saccades:
Event Type	Trial	Number	Start	End	Duration	Start Loc.X	Start Loc.Y	End Loc.X	End Loc.Y	Amplitude	Peak Speed	Peak Speed At	Average Speed	Peak Accel.	Peak Decel.	Average Accel.

Table Header for Blinks:
Event Type	Trial	Number	Start	End	Duration

Table Header for User Events:
Event Type	Trial	Number	Start	Description

UserEvent	1	1	2427510768	# Message: Questionnaire6.jpg
Fixation L	1	1	2427513230	2427899050	385820	862.62	934.66	35	34	-1	12.97	12.97
Fixation R	1	1	2427513230	2427899050	385820	862.62	934.66	35	34	-1	12.78	12.78
Fixation L	1	2	2428002567	2428252527	249960	451.65	347.83	58	32	-1	12.68	12.68
Fixation R	1	2	2428002567	2428252527	249960	451.65	347.83	58	32	-1	12.13	12.13
Saccade L	1	1	2428252527	2428300679	48152	447.51	365.24	558.02	358.26	2.49	118.32	0.29	51.74	4970.17	-3683.84	2391.45
Saccade R	1	1	2428252527	2428300679	48152	447.51	365.24	558.02	358.26	2.49	118.32	0.29	51.74	4970.17	-3683.84	2391.45
Fixation L	1	3	2428300679	2428432633	131954	556.60	368.46	19	26	-1	12.70	12.70
Fixation R	1	3	2428300679	2428432633	131954	556.60	368.46	19	26	-1	12.23	12.23
Saccade L	1	2	2428432633	2428482629	49996	545.10	376.60	654.69	360.68	2.44	101.92	0.28	48.89	3945.44	-2899.00	1983.41
Saccade R	1	2	2428432633	2428482629	49996	545.10	376.60	654.69	360.68	2.44	101.92	0.28	48.89	3945.44	-2899.00	1983.41
Fixation L	1	4	2428482629	2428608968	126339	644.35	361.33	34	12	-1	13.26	13.26
Fixation R	1	4	2428482629	2428608968	126339	644.35	361.33	34	12	-1	12.80	12.80
Fixation L	1	5	2428662877	2428814892	152015	731.87	350.18	20	23	-1	13.33	13.33
Fixation R	1	5	2428662877	2428814892	152015	731.87	350.18	20	23	-1	12.82	12.82
Saccade L	1	3	2428814892	2428854909	40017	732.25	335.90	801.81	323.82	1.62	79.28	0.30	40.51	3153.57	-2149.90	1650.95
Saccade R	1	3	2428814892	2428854909	40017	732.25	335.90	801.81	323.82	1.62	79.28	0.30	40.51	3153.57	-2149.90	1650.95
Fixation L	1	6	2428854909	2429002221	147312	805.49	338.41	20	28	-1	13.43	13.43
Fixation R	1	6	2428854909	2429002221	147312	805.49	338.41	20	28	-1	13.09	13.09
Saccade L	1	4	2429002221	2429033314	31093	793.45	351.04	868.92	360.26	1.57	87.76	0.34	50.47	3403.26	-3039.26	2298.89
Saccade R	1	4	2429002221	2429033314	31093	793.45	351.04	868.92	360.26	1.57	87.76	0.34	50.47	3403.26	-3039.26	2298.89
Fixation L	1	7	2429033314	2429132989	99675	892.69	361.05	33	5	-1	13.31	13.31
Fixation R	1	7	2429033314	2429132989	99675	892.69	361.05	33	5	-1	13.18	13.18
Saccade L	1	5	2429132989	2429168994	36005	895.18	362.74	968.56	355.70	1.56	65.65	0.39	43.39	2701.58	-2026.56	1753.00
Saccade R	1	5	2429132989	2429168994	36005	895.18	362.74	968.56	355.70	1.56	65.65	0.39	43.39	2701.58	-2026.56	1753.00
Fixation L	1	8	2429168994	2429503111	334117	1000.64	343.71	55	18	-1	13.69	13.69
Fixation R	1	8	2429168994	2429503111	334117	1000.64	343.71	55	18	-1	13.44	13.44
Saccade L	1	6	2429503111	2429541112	38001	1017.11	341.57	1113.96	346.19	2.06	98.86	0.42	54.23	4307.21	-3476.86	2752.16
Saccade R	1	6	2429503111	2429541112	38001	1017.11	341.57	1113.96	346.19	2.06	98.86	0.42	54.23	4307.21	-3476.86	2752.16
Fixation L	1	9	2429541112	2429777343	236231	1117.12	343.24	30	21	-1	13.94	13.94
Fixation R	1	9	2429541112	2429777343	236231	1117.12	343.24	30	21	-1	13.79	13.79
Saccade L	1	7	2429777343	2429859237	81894	1131.36	348.74	370.13	530.80	17.75	397.26	0.39	216.74	15996.51	-11826.22	8175.83
Saccade R	1	7	2429777343	2429859237	81894	1131.36	348.74	370.13	530.80	17.75	397.26	0.39	216.74	15996.51	-11826.22	8175.83
Fixation L	1	10	2429859237	2430489667	630430	411.75	481.29	69	71	-1	14.56	14.56
Fixation R	1	10	2429859237	2430489667	630430	411.75	481.29	69	71	-1	13.81	13.81
Saccade L	1	8	2430489667	2430517580	27913	409.22	460.06	411.91	511.63	1.09	59.12	0.43	39.07	2578.80	-2392.55	1773.50
Saccade R	1	8	2430489667	2430517580	27913	409.22	460.06	411.91	511.63	1.09	59.12	0.43	39.07	2578.80	-2392.55	1773.50
Fixation L	1	11	2430517580	2431465927	948347	413.92	515.17	34	43	-1	14.52	14.52
Fixation R	1	11	2430517580	2431465927	948347	413.92	515.17	34	43	-1	13.74	13.74
UserEvent	1	91	2431094974	# Message: UE-mouseclick left x=385 y=473
Saccade L	1	9	2431465927	2431489919	23992	410.03	509.14	427.50	547.65	0.80	47.87	0.42	33.34	1508.90	-1850.93	1157.10
Saccade R	1	9	2431465927	2431489919	23992	410.03	509.14	427.50	547.65	0.80	47.87	0.42	33.34	1508.90	-1850.93	1157.10
Fixation L	1	12	2431489919	2431751337	261418	429.73	551.63	26	39	-1	14.17	14.17
Fixation R	1	12	2431489919	2431751337	261418	429.73	551.63	26	39	-1	13.51	13.51
UserEvent	1	106	2431671025	# Message: UE-mouseclick left x=398 y=519
