[BeGaze]
Converted from:	C:\Program Files\SMI\Experiment Suite 360\Experiment Center 2\Results\RC-Attachment-Exp\P06-eye_data.idf
Date:	18.03.2012 20:06:16
Version:	BeGaze 3.0.181
Sample Rate:	500
Subject:	P06
Description:	kibrisli

Table Header for Fixations:
Event Type	Trial	Number	Start	End	Duration	Location X	Location Y	Dispersion X	Dispersion Y	Plane	Avg. Pupil Size X	Avg. Pupil Size Y

Table Header for Saccades:
Event Type	Trial	Number	Start	End	Duration	Start Loc.X	Start Loc.Y	End Loc.X	End Loc.Y	Amplitude	Peak Speed	Peak Speed At	Average Speed	Peak Accel.	Peak Decel.	Average Accel.

Table Header for Blinks:
Event Type	Trial	Number	Start	End	Duration

Table Header for User Events:
Event Type	Trial	Number	Start	Description

UserEvent	1	1	7130772049	# Message: RC-nonforced-nonanim-4.jpg
Fixation L	1	1	7130773970	7131122077	348107	467.42	469.11	23	20	-1	12.19	12.19
Fixation R	1	1	7130773970	7131122077	348107	467.42	469.11	23	20	-1	12.47	12.47
Saccade L	1	1	7131122077	7131150094	28017	475.01	472.76	449.62	445.34	0.86	40.47	0.60	30.59	1595.18	-1618.11	1091.26
Saccade R	1	1	7131122077	7131150094	28017	475.01	472.76	449.62	445.34	0.86	40.47	0.60	30.59	1595.18	-1618.11	1091.26
Fixation L	1	2	7131150094	7131638318	488224	476.70	442.05	75	70	-1	12.39	12.39
Fixation R	1	2	7131150094	7131638318	488224	476.70	442.05	75	70	-1	12.72	12.72
Saccade L	1	2	7131638318	7131662329	24011	488.48	443.48	565.75	454.50	1.64	120.37	0.42	68.28	4829.39	-4589.69	3293.99
Saccade R	1	2	7131638318	7131662329	24011	488.48	443.48	565.75	454.50	1.64	120.37	0.42	68.28	4829.39	-4589.69	3293.99
Fixation L	1	3	7131662329	7131766300	103971	566.45	441.63	51	27	-1	12.58	12.58
Fixation R	1	3	7131662329	7131766300	103971	566.45	441.63	51	27	-1	12.99	12.99
Saccade L	1	3	7131766300	7131792314	26014	537.67	444.04	575.40	440.78	0.83	43.72	0.54	32.01	1036.14	-1193.94	809.60
Saccade R	1	3	7131766300	7131792314	26014	537.67	444.04	575.40	440.78	0.83	43.72	0.54	32.01	1036.14	-1193.94	809.60
Fixation L	1	4	7131792314	7132114423	322109	589.02	455.39	53	33	-1	12.73	12.73
Fixation R	1	4	7131792314	7132114423	322109	589.02	455.39	53	33	-1	13.16	13.16
Saccade L	1	4	7132114423	7132140425	26002	611.98	472.48	685.96	473.62	1.72	123.18	0.54	66.03	4636.38	-4949.29	3395.18
Saccade R	1	4	7132114423	7132140425	26002	611.98	472.48	685.96	473.62	1.72	123.18	0.54	66.03	4636.38	-4949.29	3395.18
Fixation L	1	5	7132140425	7132376543	236118	692.42	478.73	38	27	-1	13.02	13.02
Fixation R	1	5	7132140425	7132376543	236118	692.42	478.73	38	27	-1	13.41	13.41
Saccade L	1	5	7132376543	7132406541	29998	709.99	494.94	811.86	474.44	2.45	183.41	0.67	81.78	6814.16	-5890.84	4175.19
Saccade R	1	5	7132376543	7132406541	29998	709.99	494.94	811.86	474.44	2.45	183.41	0.67	81.78	6814.16	-5890.84	4175.19
Saccade L	1	6	7132406541	7132430669	24128	811.86	474.44	773.65	477.18	0.70	47.96	0.25	28.94	-705.86	-5890.84	2392.60
Saccade R	1	6	7132406541	7132430669	24128	811.86	474.44	773.65	477.18	0.70	47.96	0.25	28.94	-705.86	-5890.84	2392.60
Fixation L	1	6	7132430669	7132623113	192444	807.14	467.92	57	34	-1	13.21	13.21
Fixation R	1	6	7132430669	7132623113	192444	807.14	467.92	57	34	-1	13.44	13.44
Saccade L	1	7	7132623113	7132663721	40608	812.58	455.88	768.51	480.21	1.33	48.70	0.41	32.70	1692.71	-1661.70	1197.26
Saccade R	1	7	7132623113	7132663721	40608	812.58	455.88	768.51	480.21	1.33	48.70	0.41	32.70	1692.71	-1661.70	1197.26
Fixation L	1	7	7132663721	7132752806	89085	782.25	477.70	25	12	-1	12.94	12.94
Fixation R	1	7	7132663721	7132752806	89085	782.25	477.70	25	12	-1	12.99	12.99
Saccade L	1	8	7132752806	7132784877	32071	790.23	484.36	870.03	432.32	2.69	199.18	0.56	83.88	6895.79	-7642.59	4915.13
Saccade R	1	8	7132752806	7132784877	32071	790.23	484.36	870.03	432.32	2.69	199.18	0.56	83.88	6895.79	-7642.59	4915.13
Fixation L	1	8	7132784877	7132992788	207911	869.46	430.20	16	16	-1	12.88	12.88
Fixation R	1	8	7132784877	7132992788	207911	869.46	430.20	16	16	-1	12.92	12.92
Saccade L	1	9	7132992788	7133024901	32113	858.21	435.16	976.24	458.23	2.59	152.62	0.38	80.71	6461.66	-5983.51	4439.51
Saccade R	1	9	7132992788	7133024901	32113	858.21	435.16	976.24	458.23	2.59	152.62	0.38	80.71	6461.66	-5983.51	4439.51
Fixation L	1	9	7133024901	7133515156	490255	980.75	441.78	46	74	-1	12.92	12.92
Fixation R	1	9	7133024901	7133515156	490255	980.75	441.78	46	74	-1	12.96	12.96
Saccade L	1	10	7133515156	7133545192	30036	984.33	427.91	1102.40	438.80	2.46	146.86	0.53	81.95	6105.04	-6392.32	4633.52
Saccade R	1	10	7133515156	7133545192	30036	984.33	427.91	1102.40	438.80	2.46	146.86	0.53	81.95	6105.04	-6392.32	4633.52
Fixation L	1	10	7133545192	7133807295	262103	1096.58	418.36	36	51	-1	12.82	12.82
Fixation R	1	10	7133545192	7133807295	262103	1096.58	418.36	36	51	-1	12.81	12.81
Saccade L	1	11	7133807295	7133835270	27975	1090.89	395.11	1132.18	435.75	1.24	74.35	0.43	44.32	3009.47	-2721.27	2052.64
Saccade R	1	11	7133807295	7133835270	27975	1090.89	395.11	1132.18	435.75	1.24	74.35	0.43	44.32	3009.47	-2721.27	2052.64
Fixation L	1	11	7133835270	7134343513	508243	1143.56	416.87	55	44	-1	13.14	13.14
Fixation R	1	11	7133835270	7134343513	508243	1143.56	416.87	55	44	-1	12.97	12.97
Saccade L	1	12	7134343513	7134403507	59994	1140.69	437.87	664.41	448.30	10.63	284.13	0.24	177.26	13074.10	-9016.19	7069.89
Saccade R	1	12	7134343513	7134403507	59994	1140.69	437.87	664.41	448.30	10.63	284.13	0.24	177.26	13074.10	-9016.19	7069.89
Saccade L	1	13	7134445516	7134479502	33986	631.00	443.81	668.68	428.59	1.12	51.30	0.65	32.87	1303.17	-1615.50	928.91
Saccade R	1	13	7134445516	7134479502	33986	631.00	443.81	668.68	428.59	1.12	51.30	0.65	32.87	1303.17	-1615.50	928.91
Saccade L	1	14	7134487509	7134509964	22455	668.65	431.50	664.34	463.77	0.68	40.45	0.53	30.33	1085.39	-1537.43	956.23
Saccade R	1	14	7134487509	7134509964	22455	668.65	431.50	664.34	463.77	0.68	40.45	0.53	30.33	1085.39	-1537.43	956.23
Fixation L	1	12	7134509964	7134619628	109664	649.15	450.58	29	23	-1	12.92	12.92
Fixation R	1	12	7134509964	7134619628	109664	649.15	450.58	29	23	-1	12.90	12.90
Saccade L	1	15	7134619628	7134649710	30082	644.63	445.28	587.14	486.52	1.46	74.10	0.51	48.49	2838.91	-2586.54	2032.01
Saccade R	1	15	7134619628	7134649710	30082	644.63	445.28	587.14	486.52	1.46	74.10	0.51	48.49	2838.91	-2586.54	2032.01
Fixation L	1	13	7134649710	7134780331	130621	589.62	477.88	26	22	-1	12.89	12.89
Fixation R	1	13	7134649710	7134780331	130621	589.62	477.88	26	22	-1	12.88	12.88
Saccade L	1	16	7134780331	7134803636	23305	574.88	487.91	559.96	451.43	0.79	48.77	0.40	34.05	859.54	-1318.74	785.32
Saccade R	1	16	7134780331	7134803636	23305	574.88	487.91	559.96	451.43	0.79	48.77	0.40	34.05	859.54	-1318.74	785.32
Fixation L	1	14	7134803636	7134885770	82134	558.47	445.65	19	19	-1	12.79	12.79
Fixation R	1	14	7134803636	7134885770	82134	558.47	445.65	19	19	-1	12.92	12.92
Saccade L	1	17	7134885770	7134913750	27980	559.12	451.17	686.28	436.68	2.96	206.19	0.50	105.69	8449.91	-8676.22	6195.48
Saccade R	1	17	7134885770	7134913750	27980	559.12	451.17	686.28	436.68	2.96	206.19	0.50	105.69	8449.91	-8676.22	6195.48
Fixation L	1	15	7134913750	7135099744	185994	717.62	439.47	54	28	-1	12.59	12.59
Fixation R	1	15	7134913750	7135099744	185994	717.62	439.47	54	28	-1	12.82	12.82
Saccade L	1	18	7135099744	7135162199	62455	710.51	441.57	840.67	436.26	4.54	236.60	0.23	72.62	9889.45	-8844.41	4008.21
Saccade R	1	18	7135099744	7135162199	62455	710.51	441.57	840.67	436.26	4.54	236.60	0.23	72.62	9889.45	-8844.41	4008.21
Fixation L	1	16	7135162199	7135333863	171664	847.66	448.25	17	31	-1	12.49	12.49
Fixation R	1	16	7135162199	7135333863	171664	847.66	448.25	17	31	-1	12.79	12.79
Blink L	1	1	7135333863	7135615989	282126
Blink R	1	1	7135333863	7135615989	282126
Saccade L	1	19	7135619983	7135660112	40129	892.34	910.28	860.85	945.58	1.31	48.18	0.66	32.71	940.24	-1093.23	622.63
Saccade R	1	19	7135619983	7135660112	40129	892.34	910.28	860.85	945.58	1.31	48.18	0.66	32.71	940.24	-1093.23	622.63
Fixation L	1	17	7135660112	7135768115	108003	897.44	951.21	61	21	-1	12.87	12.87
Fixation R	1	17	7135660112	7135768115	108003	897.44	951.21	61	21	-1	13.39	13.39
Saccade L	1	20	7135768115	7135794851	26736	891.15	942.12	849.43	953.49	1.00	60.02	0.60	37.49	1635.31	-519.66	805.62
Saccade R	1	20	7135768115	7135794851	26736	891.15	942.12	849.43	953.49	1.00	60.02	0.60	37.49	1635.31	-519.66	805.62
Saccade L	1	21	7135794851	7135824116	29265	849.43	953.49	893.90	925.85	1.04	50.21	0.52	35.39	696.28	-1975.55	917.56
Saccade R	1	21	7135794851	7135824116	29265	849.43	953.49	893.90	925.85	1.04	50.21	0.52	35.39	696.28	-1975.55	917.56
Fixation L	1	18	7135824116	7135956231	132115	874.86	936.69	44	50	-1	13.63	13.63
Fixation R	1	18	7135824116	7135956231	132115	874.86	936.69	44	50	-1	13.88	13.88
Saccade L	1	22	7135956231	7135992251	36020	852.14	967.25	890.19	920.70	1.26	51.76	0.56	35.08	1742.10	-1865.26	1262.57
Saccade R	1	22	7135956231	7135992251	36020	852.14	967.25	890.19	920.70	1.26	51.76	0.56	35.08	1742.10	-1865.26	1262.57
Fixation L	1	19	7135992251	7136146225	153974	871.47	934.97	36	35	-1	13.22	13.22
Fixation R	1	19	7135992251	7136146225	153974	871.47	934.97	36	35	-1	13.77	13.77
