[BeGaze]
Converted from:	C:\Program Files\SMI\Experiment Suite 360\Experiment Center 2\Results\RC-Attachment-Exp\P21-eye_data.idf
Date:	18.03.2012 20:16:36
Version:	BeGaze 3.0.181
Sample Rate:	500
Subject:	P21
Description:	Run26

Table Header for Fixations:
Event Type	Trial	Number	Start	End	Duration	Location X	Location Y	Dispersion X	Dispersion Y	Plane	Avg. Pupil Size X	Avg. Pupil Size Y

Table Header for Saccades:
Event Type	Trial	Number	Start	End	Duration	Start Loc.X	Start Loc.Y	End Loc.X	End Loc.Y	Amplitude	Peak Speed	Peak Speed At	Average Speed	Peak Accel.	Peak Decel.	Average Accel.

Table Header for Blinks:
Event Type	Trial	Number	Start	End	Duration

Table Header for User Events:
Event Type	Trial	Number	Start	Description

UserEvent	1	1	20023037170	# Message: Questionnaire14.jpg
Fixation L	1	1	20023039977	20023421880	381903	871.92	936.17	20	37	-1	17.13	17.13
Fixation R	1	1	20023039977	20023421880	381903	871.92	936.17	20	37	-1	17.39	17.39
Saccade L	1	1	20023421880	20023551868	129988	872.52	935.54	496.60	431.70	18.51	467.93	0.29	142.39	18922.35	-17432.72	6556.90
Saccade R	1	1	20023421880	20023551868	129988	872.52	935.54	496.60	431.70	18.51	467.93	0.29	142.39	18922.35	-17432.72	6556.90
Saccade L	1	2	20023587863	20023638001	50138	504.70	451.52	462.00	349.11	2.52	79.42	0.32	50.33	2806.57	-2408.50	1822.25
Saccade R	1	2	20023587863	20023638001	50138	504.70	451.52	462.00	349.11	2.52	79.42	0.32	50.33	2806.57	-2408.50	1822.25
Fixation L	1	2	20023638001	20023795990	157989	463.21	367.06	18	29	-1	17.25	17.25
Fixation R	1	2	20023638001	20023795990	157989	463.21	367.06	18	29	-1	17.54	17.54
Saccade L	1	3	20023795990	20023858010	62020	463.45	371.50	623.15	367.81	3.73	124.36	0.29	60.21	5469.39	-4050.52	2863.25
Saccade R	1	3	20023795990	20023858010	62020	463.45	371.50	623.15	367.81	3.73	124.36	0.29	60.21	5469.39	-4050.52	2863.25
Fixation L	1	3	20023858010	20024006117	148107	604.05	376.66	31	16	-1	16.82	16.82
Fixation R	1	3	20023858010	20024006117	148107	604.05	376.66	31	16	-1	17.30	17.30
Saccade L	1	4	20024006117	20024044098	37981	604.36	379.39	679.67	378.27	1.68	71.03	0.53	44.24	2685.97	-2730.62	2013.55
Saccade R	1	4	20024006117	20024044098	37981	604.36	379.39	679.67	378.27	1.68	71.03	0.53	44.24	2685.97	-2730.62	2013.55
Fixation L	1	4	20024044098	20024270233	226135	668.60	374.48	26	19	-1	16.81	16.81
Fixation R	1	4	20024044098	20024270233	226135	668.60	374.48	26	19	-1	17.54	17.54
Saccade L	1	5	20024270233	20024326207	55974	666.97	373.08	411.25	373.64	5.81	206.73	0.44	103.84	8726.10	-7716.84	5708.69
Saccade R	1	5	20024270233	20024326207	55974	666.97	373.08	411.25	373.64	5.81	206.73	0.44	103.84	8726.10	-7716.84	5708.69
Fixation L	1	5	20024326207	20024392205	65998	417.60	373.99	22	5	-1	16.81	16.81
Fixation R	1	5	20024326207	20024392205	65998	417.60	373.99	22	5	-1	17.46	17.46
Blink L	1	1	20024396233	20024545224	148991
Blink R	1	1	20024396233	20024545224	148991
Saccade L	1	6	20024545224	20024590353	45129	581.73	332.94	507.39	391.67	1.79	66.72	0.42	39.62	1745.90	-2115.53	1304.45
Saccade R	1	6	20024545224	20024590353	45129	581.73	332.94	507.39	391.67	1.79	66.72	0.42	39.62	1745.90	-2115.53	1304.45
Fixation L	1	6	20024590353	20024709850	119497	512.49	379.93	11	19	-1	17.61	17.61
Fixation R	1	6	20024590353	20024709850	119497	512.49	379.93	11	19	-1	18.48	18.48
Saccade L	1	7	20024709850	20024760472	50622	506.59	379.48	613.03	384.28	2.34	86.49	0.29	46.27	3494.83	-2329.39	1983.99
Saccade R	1	7	20024709850	20024760472	50622	506.59	379.48	613.03	384.28	2.34	86.49	0.29	46.27	3494.83	-2329.39	1983.99
Fixation L	1	7	20024760472	20024984561	224089	603.20	385.47	22	22	-1	18.19	18.19
Fixation R	1	7	20024760472	20024984561	224089	603.20	385.47	22	22	-1	19.12	19.12
Saccade L	1	8	20024984561	20025062577	78016	607.40	383.13	404.70	479.50	5.56	217.30	0.28	71.31	8947.12	-7894.86	3683.22
Saccade R	1	8	20024984561	20025062577	78016	607.40	383.13	404.70	479.50	5.56	217.30	0.28	71.31	8947.12	-7894.86	3683.22
Fixation L	1	8	20025062577	20026839376	1776799	403.26	466.59	43	46	-1	17.60	17.60
Fixation R	1	8	20025062577	20026839376	1776799	403.26	466.59	43	46	-1	18.30	18.30
UserEvent	1	55	20026239535	# Message: UE-mouseclick left x=373 y=436
Saccade L	1	9	20026839376	20026902452	63076	410.76	467.70	459.55	556.09	2.45	69.42	0.29	38.82	2840.71	-1719.60	1477.37
Saccade R	1	9	20026839376	20026902452	63076	410.76	467.70	459.55	556.09	2.45	69.42	0.29	38.82	2840.71	-1719.60	1477.37
Fixation L	1	9	20026902452	20028006927	1104475	456.93	542.09	46	44	-1	17.33	17.33
Fixation R	1	9	20026902452	20028006927	1104475	456.93	542.09	46	44	-1	18.05	18.05
UserEvent	1	84	20027927455	# Message: UE-mouseclick left x=444 y=523
