[BeGaze]
Converted from:	C:\Program Files\SMI\Experiment Suite 360\Experiment Center 2\Results\RC-Attachment-Exp\P11-eye_data.idf
Date:	18.03.2012 20:08:58
Version:	BeGaze 3.0.181
Sample Rate:	500
Subject:	P11
Description:	Run16

Table Header for Fixations:
Event Type	Trial	Number	Start	End	Duration	Location X	Location Y	Dispersion X	Dispersion Y	Plane	Avg. Pupil Size X	Avg. Pupil Size Y

Table Header for Saccades:
Event Type	Trial	Number	Start	End	Duration	Start Loc.X	Start Loc.Y	End Loc.X	End Loc.Y	Amplitude	Peak Speed	Peak Speed At	Average Speed	Peak Accel.	Peak Decel.	Average Accel.

Table Header for Blinks:
Event Type	Trial	Number	Start	End	Duration

Table Header for User Events:
Event Type	Trial	Number	Start	Description

UserEvent	1	1	10450267610	# Message: Dist-srthm-21.jpg
Fixation L	1	1	10450282404	10450767934	485530	517.84	436.27	20	42	-1	15.00	15.00
Fixation R	1	1	10450282404	10450767934	485530	517.84	436.27	20	42	-1	14.34	14.34
Saccade L	1	1	10450767934	10450789931	21997	514.42	440.57	552.23	440.18	0.78	54.18	0.45	35.59	2100.47	-1893.26	1337.56
Saccade R	1	1	10450767934	10450789931	21997	514.42	440.57	552.23	440.18	0.78	54.18	0.45	35.59	2100.47	-1893.26	1337.56
Fixation L	1	2	10450789931	10451082051	292120	567.35	444.94	25	28	-1	15.58	15.58
Fixation R	1	2	10450789931	10451082051	292120	567.35	444.94	25	28	-1	14.47	14.47
Saccade L	1	2	10451082051	10451116089	34038	565.14	446.42	643.86	430.71	1.72	86.96	0.38	50.61	3362.08	-3153.33	2354.04
Saccade R	1	2	10451082051	10451116089	34038	565.14	446.42	643.86	430.71	1.72	86.96	0.38	50.61	3362.08	-3153.33	2354.04
Fixation L	1	3	10451116089	10451260071	143982	647.27	450.58	18	31	-1	15.20	15.20
Fixation R	1	3	10451116089	10451260071	143982	647.27	450.58	18	31	-1	14.08	14.08
Saccade L	1	3	10451260071	10451296048	35977	656.32	457.79	756.66	454.16	2.16	105.71	0.44	60.06	4441.90	-3980.05	3030.13
Saccade R	1	3	10451260071	10451296048	35977	656.32	457.79	756.66	454.16	2.16	105.71	0.44	60.06	4441.90	-3980.05	3030.13
Fixation L	1	4	10451296048	10451505324	209276	754.55	454.35	17	21	-1	14.99	14.99
Fixation R	1	4	10451296048	10451505324	209276	754.55	454.35	17	21	-1	13.83	13.83
Saccade L	1	4	10451505324	10451544215	38891	760.82	444.36	876.06	450.15	2.43	118.59	0.28	62.37	4945.12	-3715.28	2920.17
Saccade R	1	4	10451505324	10451544215	38891	760.82	444.36	876.06	450.15	2.43	118.59	0.28	62.37	4945.12	-3715.28	2920.17
Fixation L	1	5	10451544215	10451906828	362613	887.26	462.81	51	28	-1	14.93	14.93
Fixation R	1	5	10451544215	10451906828	362613	887.26	462.81	51	28	-1	13.88	13.88
Saccade L	1	5	10451906828	10451950418	43590	907.51	478.50	989.31	468.10	1.82	61.16	0.54	41.70	1792.89	-2323.27	1506.27
Saccade R	1	5	10451906828	10451950418	43590	907.51	478.50	989.31	468.10	1.82	61.16	0.54	41.70	1792.89	-2323.27	1506.27
Fixation L	1	6	10451950418	10452116552	166134	977.47	461.14	32	17	-1	14.64	14.64
Fixation R	1	6	10451950418	10452116552	166134	977.47	461.14	32	17	-1	13.81	13.81
Saccade L	1	6	10452116552	10452152545	35993	979.86	461.86	1075.86	464.23	1.99	102.15	0.39	55.20	4111.94	-3781.21	2820.08
Saccade R	1	6	10452116552	10452152545	35993	979.86	461.86	1075.86	464.23	1.99	102.15	0.39	55.20	4111.94	-3781.21	2820.08
Fixation L	1	7	10452152545	10452384833	232288	1085.04	452.88	29	23	-1	14.46	14.46
Fixation R	1	7	10452152545	10452384833	232288	1085.04	452.88	29	23	-1	13.64	13.64
Saccade L	1	7	10452384833	10452430677	45844	1094.76	443.76	909.35	454.21	4.08	176.56	0.30	89.04	7604.86	-4734.15	4273.58
Saccade R	1	7	10452384833	10452430677	45844	1094.76	443.76	909.35	454.21	4.08	176.56	0.30	89.04	7604.86	-4734.15	4273.58
Fixation L	1	8	10452430677	10452543560	112883	906.26	453.33	7	12	-1	14.41	14.41
Fixation R	1	8	10452430677	10452543560	112883	906.26	453.33	7	12	-1	13.42	13.42
Blink L	1	1	10452543560	10452591050	47490
Blink R	1	1	10452543560	10452591050	47490
Fixation L	1	9	10452591050	10452652801	61751	910.07	436.48	18	15	-1	14.43	14.43
Fixation R	1	9	10452591050	10452652801	61751	910.07	436.48	18	15	-1	13.19	13.19
Saccade L	1	8	10452652801	10452678774	25973	913.99	438.03	971.03	438.21	1.32	85.53	0.54	50.82	3387.14	-3383.57	2321.01
Saccade R	1	8	10452652801	10452678774	25973	913.99	438.03	971.03	438.21	1.32	85.53	0.54	50.82	3387.14	-3383.57	2321.01
Blink L	1	2	10452712786	10452756762	43976
Blink R	1	2	10452712786	10452756762	43976
Fixation L	1	10	10452756762	10452836777	80015	971.12	439.09	28	14	-1	14.00	14.00
Fixation R	1	10	10452756762	10452836777	80015	971.12	439.09	28	14	-1	13.23	13.23
Saccade L	1	9	10452836777	10452866774	29997	980.05	449.19	1068.15	436.36	1.98	123.46	0.47	65.86	4973.01	-5008.94	3637.04
Saccade R	1	9	10452836777	10452866774	29997	980.05	449.19	1068.15	436.36	1.98	123.46	0.47	65.86	4973.01	-5008.94	3637.04
Fixation L	1	11	10452866774	10453020929	154155	1069.72	436.28	19	25	-1	13.88	13.88
Fixation R	1	11	10452866774	10453020929	154155	1069.72	436.28	19	25	-1	13.16	13.16
Blink L	1	3	10453020929	10453048881	27952
Blink R	1	3	10453020929	10453048881	27952
Blink L	1	4	10453078895	10453156881	77986
Blink R	1	4	10453078895	10453156881	77986
Fixation L	1	12	10453156881	10453275067	118186	1160.75	436.49	46	29	-1	13.67	13.67
Fixation R	1	12	10453156881	10453275067	118186	1160.75	436.49	46	29	-1	13.24	13.24
Saccade L	1	10	10453275067	10453299021	23954	1162.68	445.19	1012.13	410.45	2.81	245.54	0.58	117.16	9587.86	-3941.12	4853.69
Saccade R	1	10	10453275067	10453299021	23954	1162.68	445.19	1012.13	410.45	2.81	245.54	0.58	117.16	9587.86	-3941.12	4853.69
Saccade L	1	11	10453299021	10453323039	24018	1012.13	410.45	1125.66	440.82	1.99	137.53	0.50	83.01	-705.82	-3700.39	2200.70
Saccade R	1	11	10453299021	10453323039	24018	1012.13	410.45	1125.66	440.82	1.99	137.53	0.50	83.01	-705.82	-3700.39	2200.70
Saccade L	1	12	10453323039	10453354999	31960	1125.66	440.82	1066.78	408.95	1.32	66.02	0.37	41.41	525.96	-3007.83	1435.04
Saccade R	1	12	10453323039	10453354999	31960	1125.66	440.82	1066.78	408.95	1.32	66.02	0.37	41.41	525.96	-3007.83	1435.04
Fixation L	1	13	10453354999	10453561120	206121	1068.00	431.84	19	42	-1	13.69	13.69
Fixation R	1	13	10453354999	10453561120	206121	1068.00	431.84	19	42	-1	13.16	13.16
Saccade L	1	13	10453561120	10453601141	40021	1058.44	446.47	1163.74	448.55	2.31	91.39	0.35	57.68	3651.54	-3285.88	2547.85
Saccade R	1	13	10453561120	10453601141	40021	1058.44	446.47	1163.74	448.55	2.31	91.39	0.35	57.68	3651.54	-3285.88	2547.85
Fixation L	1	14	10453601141	10453849243	248102	1159.39	431.19	20	37	-1	13.73	13.73
Fixation R	1	14	10453601141	10453849243	248102	1159.39	431.19	20	37	-1	13.22	13.22
Blink L	1	5	10453863236	10454085359	222123
Blink R	1	5	10453863236	10454085359	222123
Fixation L	1	15	10454162000	10455007712	845712	899.94	931.23	47	78	-1	13.62	13.62
Fixation R	1	15	10454162000	10455007712	845712	899.94	931.23	47	78	-1	13.57	13.57
