[BeGaze]
Converted from:	C:\Program Files\SMI\Experiment Suite 360\Experiment Center 2\Results\RC-Attachment-Exp\P20-eye_data.idf
Date:	18.03.2012 20:16:00
Version:	BeGaze 3.0.181
Sample Rate:	500
Subject:	P20
Description:	Run25

Table Header for Fixations:
Event Type	Trial	Number	Start	End	Duration	Location X	Location Y	Dispersion X	Dispersion Y	Plane	Avg. Pupil Size X	Avg. Pupil Size Y

Table Header for Saccades:
Event Type	Trial	Number	Start	End	Duration	Start Loc.X	Start Loc.Y	End Loc.X	End Loc.Y	Amplitude	Peak Speed	Peak Speed At	Average Speed	Peak Accel.	Peak Decel.	Average Accel.

Table Header for Blinks:
Event Type	Trial	Number	Start	End	Duration

Table Header for User Events:
Event Type	Trial	Number	Start	Description

UserEvent	1	1	19482772751	# Message: Questionnaire23.jpg
Fixation L	1	1	19482779255	19483233337	454082	881.94	1037.75	21	31	-1	13.96	13.96
Fixation R	1	1	19482779255	19483233337	454082	881.94	1037.75	21	31	-1	13.76	13.76
Saccade L	1	1	19483233337	19483305339	72002	885.76	1037.98	524.41	544.44	13.84	455.73	0.25	192.19	19655.63	-10890.88	8517.20
Saccade R	1	1	19483233337	19483305339	72002	885.76	1037.98	524.41	544.44	13.84	455.73	0.25	192.19	19655.63	-10890.88	8517.20
Fixation L	1	2	19483305339	19483373346	68007	526.87	534.68	6	14	-1	13.16	13.16
Fixation R	1	2	19483305339	19483373346	68007	526.87	534.68	6	14	-1	13.17	13.17
Saccade L	1	2	19483373346	19483413357	40011	524.98	536.93	489.28	362.81	3.80	192.57	0.30	95.05	8110.74	-6341.99	4885.35
Saccade R	1	2	19483373346	19483413357	40011	524.98	536.93	489.28	362.81	3.80	192.57	0.30	95.05	8110.74	-6341.99	4885.35
Fixation L	1	3	19483413357	19483578685	165328	491.25	367.17	4	17	-1	13.09	13.09
Fixation R	1	3	19483413357	19483578685	165328	491.25	367.17	4	17	-1	12.93	12.93
Saccade L	1	3	19483578685	19483615445	36760	491.58	367.75	665.53	351.66	3.69	182.19	0.40	100.37	7887.45	-7464.06	5633.09
Saccade R	1	3	19483578685	19483615445	36760	491.58	367.75	665.53	351.66	3.69	182.19	0.40	100.37	7887.45	-7464.06	5633.09
Fixation L	1	4	19483615445	19483673440	57995	668.47	358.09	9	10	-1	12.96	12.96
Fixation R	1	4	19483615445	19483673440	57995	668.47	358.09	9	10	-1	12.77	12.77
Saccade L	1	4	19483713440	19483739441	26001	678.21	351.71	671.54	366.08	5.49	249.72	0.54	210.98	9507.94	-11982.32	7607.45
Saccade R	1	4	19483713440	19483739441	26001	678.21	351.71	671.54	366.08	5.49	249.72	0.54	210.98	9507.94	-11982.32	7607.45
Fixation L	1	5	19483739441	19483915558	176117	672.29	359.06	17	25	-1	13.13	13.13
Fixation R	1	5	19483739441	19483915558	176117	672.29	359.06	17	25	-1	12.96	12.96
Saccade L	1	5	19483915558	19483949581	34023	670.22	362.44	800.84	352.97	3.18	186.80	0.47	93.36	7910.87	-7544.02	5612.07
Saccade R	1	5	19483915558	19483949581	34023	670.22	362.44	800.84	352.97	3.18	186.80	0.47	93.36	7910.87	-7544.02	5612.07
Fixation L	1	6	19483949581	19484179717	230136	813.31	363.17	23	18	-1	13.46	13.46
Fixation R	1	6	19483949581	19484179717	230136	813.31	363.17	23	18	-1	13.21	13.21
Saccade L	1	6	19484179717	19484211671	31954	825.43	371.04	624.44	365.50	4.24	243.58	0.44	132.73	10128.41	-10177.61	7609.11
Saccade R	1	6	19484179717	19484211671	31954	825.43	371.04	624.44	365.50	4.24	243.58	0.44	132.73	10128.41	-10177.61	7609.11
Fixation L	1	7	19484211671	19484383814	172143	635.42	374.92	18	18	-1	13.78	13.78
Fixation R	1	7	19484211671	19484383814	172143	635.42	374.92	18	18	-1	13.49	13.49
Saccade L	1	7	19484383814	19484413837	30023	638.62	371.45	428.93	472.19	5.05	332.50	0.47	168.31	14228.49	-14647.07	10585.33
Saccade R	1	7	19484383814	19484413837	30023	638.62	371.45	428.93	472.19	5.05	332.50	0.47	168.31	14228.49	-14647.07	10585.33
Fixation L	1	8	19484413837	19484843911	430074	427.22	473.64	21	26	-1	14.07	14.07
Fixation R	1	8	19484413837	19484843911	430074	427.22	473.64	21	26	-1	13.95	13.95
Saccade L	1	8	19484843911	19484874020	30109	428.90	472.59	384.85	469.43	5.10	266.95	0.44	169.41	10477.26	-9172.63	7130.22
Saccade R	1	8	19484843911	19484874020	30109	428.90	472.59	384.85	469.43	5.10	266.95	0.44	169.41	10477.26	-9172.63	7130.22
Fixation L	1	9	19484874020	19485240154	366134	390.74	463.83	19	35	-1	14.17	14.17
Fixation R	1	9	19484874020	19485240154	366134	390.74	463.83	19	35	-1	13.98	13.98
Fixation L	1	10	19485256180	19485688405	432225	384.68	487.76	29	25	-1	14.50	14.50
Fixation R	1	10	19485256180	19485688405	432225	384.68	487.76	29	25	-1	14.23	14.23
UserEvent	1	45	19485333281	# Message: UE-mouseclick left x=380 y=473
Saccade L	1	9	19485688405	19485716381	27976	396.69	496.41	432.95	544.24	1.25	76.37	0.43	44.73	2848.54	-2996.39	2112.76
Saccade R	1	9	19485688405	19485716381	27976	396.69	496.41	432.95	544.24	1.25	76.37	0.43	44.73	2848.54	-2996.39	2112.76
Fixation L	1	11	19485716381	19486008531	292150	424.06	541.71	27	15	-1	14.38	14.38
Fixation R	1	11	19485716381	19486008531	292150	424.06	541.71	27	15	-1	14.32	14.32
UserEvent	1	55	19485893288	# Message: UE-mouseclick left x=411 y=533
