[BeGaze]
Converted from:	C:\Program Files\SMI\Experiment Suite 360\Experiment Center 2\Results\RC-Attachment-Exp\P35-eye_data.idf
Date:	18.03.2012 20:31:46
Version:	BeGaze 3.0.181
Sample Rate:	500
Subject:	P35
Description:	Run40

Table Header for Fixations:
Event Type	Trial	Number	Start	End	Duration	Location X	Location Y	Dispersion X	Dispersion Y	Plane	Avg. Pupil Size X	Avg. Pupil Size Y

Table Header for Saccades:
Event Type	Trial	Number	Start	End	Duration	Start Loc.X	Start Loc.Y	End Loc.X	End Loc.Y	Amplitude	Peak Speed	Peak Speed At	Average Speed	Peak Accel.	Peak Decel.	Average Accel.

Table Header for Blinks:
Event Type	Trial	Number	Start	End	Duration

Table Header for User Events:
Event Type	Trial	Number	Start	Description

UserEvent	1	1	1943937573	# Message: RC-nonforced-nonanim-1.jpg
Fixation L	1	1	1943950060	1944192179	242119	503.99	448.83	13	24	-1	11.17	11.17
Fixation R	1	1	1943950060	1944192179	242119	503.99	448.83	13	24	-1	11.35	11.35
Saccade L	1	1	1944192179	1944224182	32003	499.63	454.63	557.19	452.48	1.23	67.71	0.38	38.55	2678.21	-2040.08	1626.92
Saccade R	1	1	1944192179	1944224182	32003	499.63	454.63	557.19	452.48	1.23	67.71	0.38	38.55	2678.21	-2040.08	1626.92
Fixation L	1	2	1944224182	1944438295	214113	564.27	452.13	14	32	-1	11.31	11.31
Fixation R	1	2	1944224182	1944438295	214113	564.27	452.13	14	32	-1	11.38	11.38
Saccade L	1	2	1944438295	1944468335	30040	560.89	464.77	623.41	454.78	1.29	73.10	0.33	43.01	2905.36	-2406.07	1834.27
Saccade R	1	2	1944438295	1944468335	30040	560.89	464.77	623.41	454.78	1.29	73.10	0.33	43.01	2905.36	-2406.07	1834.27
Fixation L	1	3	1944468335	1944872573	404238	624.45	452.85	19	17	-1	11.33	11.33
Fixation R	1	3	1944468335	1944872573	404238	624.45	452.85	19	17	-1	11.51	11.51
Saccade L	1	3	1944872573	1944902541	29968	631.37	460.05	706.99	453.90	1.60	94.46	0.47	53.38	4128.31	-3529.75	2721.00
Saccade R	1	3	1944872573	1944902541	29968	631.37	460.05	706.99	453.90	1.60	94.46	0.47	53.38	4128.31	-3529.75	2721.00
Fixation L	1	4	1944902541	1945108661	206120	717.98	455.77	19	12	-1	11.51	11.51
Fixation R	1	4	1944902541	1945108661	206120	717.98	455.77	19	12	-1	11.66	11.66
Saccade L	1	4	1945108661	1945132552	23891	724.87	457.51	752.83	438.79	0.73	40.09	0.41	30.35	1507.93	-1360.86	983.55
Saccade R	1	4	1945108661	1945132552	23891	724.87	457.51	752.83	438.79	0.73	40.09	0.41	30.35	1507.93	-1360.86	983.55
Fixation L	1	5	1945132552	1945262654	130102	762.40	447.67	16	21	-1	11.31	11.31
Fixation R	1	5	1945132552	1945262654	130102	762.40	447.67	16	21	-1	11.63	11.63
Fixation L	1	6	1945282658	1945466781	184123	812.24	452.71	22	20	-1	11.38	11.38
Fixation R	1	6	1945282658	1945466781	184123	812.24	452.71	22	20	-1	11.51	11.51
Saccade L	1	5	1945466781	1945506137	39356	816.05	451.44	908.95	436.78	2.20	120.34	0.30	55.84	5134.98	-4326.20	3027.84
Saccade R	1	5	1945466781	1945506137	39356	816.05	451.44	908.95	436.78	2.20	120.34	0.30	55.84	5134.98	-4326.20	3027.84
Fixation L	1	7	1945506137	1945696891	190754	909.71	435.20	19	14	-1	11.31	11.31
Fixation R	1	7	1945506137	1945696891	190754	909.71	435.20	19	14	-1	11.54	11.54
Saccade L	1	6	1945696891	1945732911	36020	906.98	430.19	857.29	449.30	1.22	49.36	0.33	33.96	1962.02	-1231.54	1119.66
Saccade R	1	6	1945696891	1945732911	36020	906.98	430.19	857.29	449.30	1.22	49.36	0.33	33.96	1962.02	-1231.54	1119.66
Fixation L	1	8	1945732911	1945862914	130003	859.36	446.28	23	25	-1	11.34	11.34
Fixation R	1	8	1945732911	1945862914	130003	859.36	446.28	23	25	-1	11.44	11.44
Saccade L	1	7	1945862914	1945913047	50133	857.38	432.64	1007.06	451.78	3.42	163.56	0.28	68.12	6700.18	-5419.09	3331.60
Saccade R	1	7	1945862914	1945913047	50133	857.38	432.64	1007.06	451.78	3.42	163.56	0.28	68.12	6700.18	-5419.09	3331.60
Fixation L	1	9	1945913047	1946067027	153980	1009.67	441.46	10	17	-1	11.26	11.26
Fixation R	1	9	1945913047	1946067027	153980	1009.67	441.46	10	17	-1	11.59	11.59
Saccade L	1	8	1946067027	1946095071	28044	1003.48	445.01	1047.48	432.88	0.96	50.51	0.38	34.30	1907.54	-1582.96	1259.23
Saccade R	1	8	1946067027	1946095071	28044	1003.48	445.01	1047.48	432.88	0.96	50.51	0.38	34.30	1907.54	-1582.96	1259.23
Fixation L	1	10	1946095071	1946733404	638333	1045.36	456.41	37	46	-1	11.43	11.43
Fixation R	1	10	1946095071	1946733404	638333	1045.36	456.41	37	46	-1	11.56	11.56
Saccade L	1	9	1946733404	1946773412	40008	1031.59	434.55	1141.68	433.19	2.38	128.07	0.35	59.47	5361.98	-4437.38	3221.07
Saccade R	1	9	1946733404	1946773412	40008	1031.59	434.55	1141.68	433.19	2.38	128.07	0.35	59.47	5361.98	-4437.38	3221.07
Fixation L	1	11	1946773412	1947297817	524405	1143.58	425.53	27	29	-1	11.36	11.36
Fixation R	1	11	1946773412	1947297817	524405	1143.58	425.53	27	29	-1	11.54	11.54
Saccade L	1	10	1947297817	1947367621	69804	1142.58	433.78	902.52	925.88	12.35	297.69	0.40	176.92	12494.28	-9940.54	7116.04
Saccade R	1	10	1947297817	1947367621	69804	1142.58	433.78	902.52	925.88	12.35	297.69	0.40	176.92	12494.28	-9940.54	7116.04
Fixation L	1	12	1947367621	1947545743	178122	900.77	941.19	23	25	-1	11.75	11.75
Fixation R	1	12	1947367621	1947545743	178122	900.77	941.19	23	25	-1	11.90	11.90
Saccade L	1	11	1947545743	1947613764	68021	891.77	940.63	696.70	456.21	12.29	391.94	0.32	180.73	17237.35	-10911.28	8916.44
Saccade R	1	11	1947545743	1947613764	68021	891.77	940.63	696.70	456.21	12.29	391.94	0.32	180.73	17237.35	-10911.28	8916.44
Fixation L	1	13	1947613764	1947793861	180097	691.44	454.69	23	21	-1	11.51	11.51
Fixation R	1	13	1947613764	1947793861	180097	691.44	454.69	23	21	-1	11.57	11.57
Saccade L	1	12	1947793861	1947823864	30003	693.26	447.13	648.10	464.83	1.13	59.34	0.53	37.69	1910.07	-1776.51	1350.38
Saccade R	1	12	1947793861	1947823864	30003	693.26	447.13	648.10	464.83	1.13	59.34	0.53	37.69	1910.07	-1776.51	1350.38
Fixation L	1	14	1947823864	1947973923	150059	652.00	471.76	9	18	-1	11.39	11.39
Fixation R	1	14	1947823864	1947973923	150059	652.00	471.76	9	18	-1	11.69	11.69
Saccade L	1	13	1947973923	1948037885	63962	656.65	481.51	838.91	1000.50	13.17	408.16	0.35	205.94	17530.66	-9222.60	9244.39
Saccade R	1	13	1947973923	1948037885	63962	656.65	481.51	838.91	1000.50	13.17	408.16	0.35	205.94	17530.66	-9222.60	9244.39
Saccade L	1	14	1948037885	1948072040	34155	838.91	1000.50	838.08	1018.37	1.71	84.30	0.65	50.19	1794.12	-5580.04	2009.34
Saccade R	1	14	1948037885	1948072040	34155	838.91	1000.50	838.08	1018.37	1.71	84.30	0.65	50.19	1794.12	-5580.04	2009.34
Fixation L	1	15	1948072040	1948177978	105938	835.74	1014.17	10	43	-1	11.81	11.81
Fixation R	1	15	1948072040	1948177978	105938	835.74	1014.17	10	43	-1	12.33	12.33
Saccade L	1	15	1948177978	1948205987	28009	832.68	1008.53	831.93	991.08	1.09	83.19	0.46	39.06	2412.02	-549.87	1017.77
Saccade R	1	15	1948177978	1948205987	28009	832.68	1008.53	831.93	991.08	1.09	83.19	0.46	39.06	2412.02	-549.87	1017.77
Saccade L	1	16	1948205987	1948227978	21991	831.93	991.08	871.23	971.17	0.86	61.81	0.46	39.31	574.52	-2064.15	957.63
Saccade R	1	16	1948205987	1948227978	21991	831.93	991.08	871.23	971.17	0.86	61.81	0.46	39.31	574.52	-2064.15	957.63
Fixation L	1	16	1948227978	1948544099	316121	876.69	985.05	36	63	-1	11.89	11.89
Fixation R	1	16	1948227978	1948544099	316121	876.69	985.05	36	63	-1	12.66	12.66
