[BeGaze]
Converted from:	C:\Program Files\SMI\Experiment Suite 360\Experiment Center 2\Results\RC-Attachment-Exp\P14-eye_data.idf
Date:	18.03.2012 20:10:36
Version:	BeGaze 3.0.181
Sample Rate:	500
Subject:	P14
Description:	Run19

Table Header for Fixations:
Event Type	Trial	Number	Start	End	Duration	Location X	Location Y	Dispersion X	Dispersion Y	Plane	Avg. Pupil Size X	Avg. Pupil Size Y

Table Header for Saccades:
Event Type	Trial	Number	Start	End	Duration	Start Loc.X	Start Loc.Y	End Loc.X	End Loc.Y	Amplitude	Peak Speed	Peak Speed At	Average Speed	Peak Accel.	Peak Decel.	Average Accel.

Table Header for Blinks:
Event Type	Trial	Number	Start	End	Duration

Table Header for User Events:
Event Type	Trial	Number	Start	Description

UserEvent	1	1	998907848	# Message: Validation.jpg
Saccade L	1	1	998928222	998969547	41325	768.80	432.44	721.33	422.70	1.34	44.81	0.65	32.32	1638.50	-1619.87	1148.72
Saccade R	1	1	998928222	998969547	41325	768.80	432.44	721.33	422.70	1.34	44.81	0.65	32.32	1638.50	-1619.87	1148.72
Fixation L	1	1	998969547	999091250	121703	721.12	425.17	16	18	-1	14.10	14.10
Fixation R	1	1	998969547	999091250	121703	721.12	425.17	16	18	-1	13.96	13.96
Blink L	1	1	999091250	999191132	99882
Blink R	1	1	999091250	999191132	99882
Fixation L	1	2	999191132	999289866	98734	514.16	324.01	10	12	-1	14.02	14.02
Fixation R	1	2	999191132	999289866	98734	514.16	324.01	10	12	-1	13.90	13.90
Saccade L	1	2	999289866	999323258	33392	512.64	321.86	412.45	249.43	2.68	178.25	0.34	80.13	7185.55	-6620.46	4622.69
Saccade R	1	2	999289866	999323258	33392	512.64	321.86	412.45	249.43	2.68	178.25	0.34	80.13	7185.55	-6620.46	4622.69
Fixation L	1	3	999323258	999741364	418106	428.15	258.30	28	44	-1	13.74	13.74
Fixation R	1	3	999323258	999741364	418106	428.15	258.30	28	44	-1	13.70	13.70
Fixation L	1	4	999761371	1000607763	846392	422.01	255.20	41	40	-1	13.41	13.41
Fixation R	1	4	999761371	1000607763	846392	422.01	255.20	41	40	-1	13.42	13.42
Saccade L	1	3	1000607763	1000673710	65947	435.96	267.45	676.93	418.93	7.01	330.93	0.24	106.36	14029.01	-11963.15	5833.72
Saccade R	1	3	1000607763	1000673710	65947	435.96	267.45	676.93	418.93	7.01	330.93	0.24	106.36	14029.01	-11963.15	5833.72
Fixation L	1	5	1000673710	1000739958	66248	674.01	426.27	12	18	-1	14.01	14.01
Fixation R	1	5	1000673710	1000739958	66248	674.01	426.27	12	18	-1	14.11	14.11
Saccade L	1	4	1000739958	1000814796	74838	671.67	427.57	950.32	585.15	7.58	382.66	0.41	101.25	14199.08	-15128.99	6240.84
Saccade R	1	4	1000739958	1000814796	74838	671.67	427.57	950.32	585.15	7.58	382.66	0.41	101.25	14199.08	-15128.99	6240.84
Fixation L	1	6	1000814796	1000904012	89216	976.77	578.64	43	17	-1	13.77	13.77
Fixation R	1	6	1000814796	1000904012	89216	976.77	578.64	43	17	-1	13.90	13.90
Saccade L	1	5	1000904012	1000939962	35950	982.82	580.21	1149.77	708.75	4.69	296.14	0.39	130.58	12177.61	-11989.16	8319.20
Saccade R	1	5	1000904012	1000939962	35950	982.82	580.21	1149.77	708.75	4.69	296.14	0.39	130.58	12177.61	-11989.16	8319.20
Fixation L	1	7	1000939962	1001026697	86735	1160.26	715.04	18	10	-1	14.08	14.08
Fixation R	1	7	1000939962	1001026697	86735	1160.26	715.04	18	10	-1	13.99	13.99
Saccade L	1	6	1001026697	1001061946	35249	1166.74	706.33	1275.14	804.00	4.16	297.98	0.43	118.05	11917.58	-10645.54	7290.47
Saccade R	1	6	1001026697	1001061946	35249	1166.74	706.33	1275.14	804.00	4.16	297.98	0.43	118.05	11917.58	-10645.54	7290.47
Fixation L	1	8	1001061946	1001800300	738354	1288.34	803.20	48	34	-1	13.62	13.62
Fixation R	1	8	1001061946	1001800300	738354	1288.34	803.20	48	34	-1	13.39	13.39
Saccade L	1	7	1001800300	1001830300	30000	1308.76	812.15	1269.74	786.17	1.03	50.57	0.47	34.33	1621.42	-1892.15	1287.07
Saccade R	1	7	1001800300	1001830300	30000	1308.76	812.15	1269.74	786.17	1.03	50.57	0.47	34.33	1621.42	-1892.15	1287.07
Fixation L	1	9	1001830300	1001930471	100171	1273.59	787.54	12	16	-1	13.15	13.15
Fixation R	1	9	1001830300	1001930471	100171	1273.59	787.54	12	16	-1	12.91	12.91
Saccade L	1	8	1001930471	1001952454	21983	1269.58	788.89	1300.15	810.65	0.72	46.80	0.45	32.91	1813.95	-1549.22	1211.51
Saccade R	1	8	1001930471	1001952454	21983	1269.58	788.89	1300.15	810.65	0.72	46.80	0.45	32.91	1813.95	-1549.22	1211.51
Saccade L	1	9	1001996432	1002076422	79990	1278.41	788.21	1249.07	423.59	8.84	247.30	0.25	110.49	10040.50	-5105.48	4327.90
Saccade R	1	9	1001996432	1002076422	79990	1278.41	788.21	1249.07	423.59	8.84	247.30	0.25	110.49	10040.50	-5105.48	4327.90
Fixation L	1	10	1002076422	1002293096	216674	1255.46	403.07	52	66	-1	12.95	12.95
Fixation R	1	10	1002076422	1002293096	216674	1255.46	403.07	52	66	-1	12.51	12.51
Saccade L	1	10	1002293096	1002359135	66039	1282.18	389.99	1250.37	312.17	2.25	41.59	0.39	34.01	740.63	-354.79	307.04
Saccade R	1	10	1002293096	1002359135	66039	1282.18	389.99	1250.37	312.17	2.25	41.59	0.39	34.01	740.63	-354.79	307.04
Fixation L	1	11	1002359135	1002494525	135390	1253.81	279.26	25	49	-1	12.75	12.75
Fixation R	1	11	1002359135	1002494525	135390	1253.81	279.26	25	49	-1	12.49	12.49
Saccade L	1	11	1002494525	1002528518	33993	1242.54	268.66	1162.52	314.56	2.56	167.11	0.41	75.25	5381.25	-6061.78	4080.03
Saccade R	1	11	1002494525	1002528518	33993	1242.54	268.66	1162.52	314.56	2.56	167.11	0.41	75.25	5381.25	-6061.78	4080.03
Saccade L	1	12	1002572646	1002602656	30010	1204.42	313.28	1147.01	287.17	1.57	103.50	0.33	52.32	2449.72	-3726.09	2136.33
Saccade R	1	12	1002572646	1002602656	30010	1204.42	313.28	1147.01	287.17	1.57	103.50	0.33	52.32	2449.72	-3726.09	2136.33
Fixation L	1	12	1002602656	1002738643	135987	1178.76	290.68	44	38	-1	12.66	12.66
Fixation R	1	12	1002602656	1002738643	135987	1178.76	290.68	44	38	-1	12.27	12.27
Saccade L	1	13	1002738643	1002768640	29997	1181.63	315.04	1202.22	256.70	1.48	87.83	0.47	49.44	3504.16	-3313.17	2436.37
Saccade R	1	13	1002738643	1002768640	29997	1181.63	315.04	1202.22	256.70	1.48	87.83	0.47	49.44	3504.16	-3313.17	2436.37
Fixation L	1	13	1002768640	1002848765	80125	1203.71	260.26	8	13	-1	12.49	12.49
Fixation R	1	13	1002768640	1002848765	80125	1203.71	260.26	8	13	-1	12.20	12.20
Saccade L	1	14	1002848765	1002878803	30038	1201.45	268.38	1116.64	272.30	1.83	123.50	0.40	60.84	4920.53	-4588.56	3424.31
Saccade R	1	14	1002848765	1002878803	30038	1201.45	268.38	1116.64	272.30	1.83	123.50	0.40	60.84	4920.53	-4588.56	3424.31
Saccade L	1	15	1002904774	1002930757	25983	1110.12	263.96	1167.04	329.34	2.05	141.22	0.45	78.90	5625.38	-5391.47	3859.78
Saccade R	1	15	1002904774	1002930757	25983	1110.12	263.96	1167.04	329.34	2.05	141.22	0.45	78.90	5625.38	-5391.47	3859.78
Fixation L	1	14	1002930757	1003008771	78014	1146.46	324.37	38	20	-1	12.49	12.49
Fixation R	1	14	1002930757	1003008771	78014	1146.46	324.37	38	20	-1	12.25	12.25
Saccade L	1	16	1003008771	1003038761	29990	1129.87	328.60	1177.42	278.26	1.90	119.35	0.53	63.51	4491.29	-4578.06	3245.46
Saccade R	1	16	1003008771	1003038761	29990	1129.87	328.60	1177.42	278.26	1.90	119.35	0.53	63.51	4491.29	-4578.06	3245.46
Fixation L	1	15	1003038761	1003176877	138116	1175.12	280.07	28	12	-1	12.33	12.33
Fixation R	1	15	1003038761	1003176877	138116	1175.12	280.07	28	12	-1	12.08	12.08
Saccade L	1	17	1003176877	1003202880	26003	1170.37	284.94	1175.59	348.44	1.48	114.32	0.46	57.09	4200.75	-4224.77	2984.59
Saccade R	1	17	1003176877	1003202880	26003	1170.37	284.94	1175.59	348.44	1.48	114.32	0.46	57.09	4200.75	-4224.77	2984.59
Fixation L	1	16	1003202880	1003369001	166121	1168.31	334.70	46	33	-1	12.56	12.56
Fixation R	1	16	1003202880	1003369001	166121	1168.31	334.70	46	33	-1	12.31	12.31
Saccade L	1	18	1003369001	1003393221	24220	1146.21	348.48	1191.19	359.27	1.07	75.30	0.54	44.28	2376.88	-2824.92	1790.97
Saccade R	1	18	1003369001	1003393221	24220	1146.21	348.48	1191.19	359.27	1.07	75.30	0.54	44.28	2376.88	-2824.92	1790.97
Saccade L	1	19	1003412041	1003518992	106951	1186.89	363.52	548.42	694.49	19.28	415.03	0.36	180.26	13170.80	-7710.59	6396.10
Saccade R	1	19	1003412041	1003518992	106951	1186.89	363.52	548.42	694.49	19.28	415.03	0.36	180.26	13170.80	-7710.59	6396.10
Fixation L	1	17	1003518992	1003813113	294121	510.84	706.44	93	42	-1	13.22	13.22
Fixation R	1	17	1003518992	1003813113	294121	510.84	706.44	93	42	-1	12.57	12.57
Saccade L	1	20	1003813113	1003845252	32139	459.65	724.87	376.73	768.44	2.59	212.92	0.68	80.56	7131.21	-7218.31	4081.51
Saccade R	1	20	1003813113	1003845252	32139	459.65	724.87	376.73	768.44	2.59	212.92	0.68	80.56	7131.21	-7218.31	4081.51
Fixation L	1	18	1003845252	1004459499	614247	399.87	783.90	45	41	-1	13.39	13.39
Fixation R	1	18	1003845252	1004459499	614247	399.87	783.90	45	41	-1	13.35	13.35
