[BeGaze]
Converted from:	C:\Program Files\SMI\Experiment Suite 360\Experiment Center 2\Results\RC-Attachment-Exp\P09-eye_data.idf
Date:	18.03.2012 20:07:41
Version:	BeGaze 3.0.181
Sample Rate:	500
Subject:	P09
Description:	Run14

Table Header for Fixations:
Event Type	Trial	Number	Start	End	Duration	Location X	Location Y	Dispersion X	Dispersion Y	Plane	Avg. Pupil Size X	Avg. Pupil Size Y

Table Header for Saccades:
Event Type	Trial	Number	Start	End	Duration	Start Loc.X	Start Loc.Y	End Loc.X	End Loc.Y	Amplitude	Peak Speed	Peak Speed At	Average Speed	Peak Accel.	Peak Decel.	Average Accel.

Table Header for Blinks:
Event Type	Trial	Number	Start	End	Duration

Table Header for User Events:
Event Type	Trial	Number	Start	Description

UserEvent	1	1	7395064107	# Message: Questionnaire10.jpg
Fixation L	1	1	7395068112	7395584824	516712	1006.31	912.95	27	32	-1	12.27	12.27
Fixation R	1	1	7395068112	7395584824	516712	1006.31	912.95	27	32	-1	13.43	13.43
Saccade L	1	1	7395584824	7395606833	22009	998.56	931.46	1028.64	888.63	1.00	67.97	0.45	45.57	13913.49	1241.94	4677.77
Saccade R	1	1	7395584824	7395606833	22009	998.56	931.46	1028.64	888.63	1.00	67.97	0.45	45.57	13913.49	1241.94	4677.77
Saccade L	1	2	7395606833	7395685352	78519	1028.64	888.63	385.00	408.72	19.51	467.61	0.25	248.41	19527.61	-12489.89	9685.99
Saccade R	1	2	7395606833	7395685352	78519	1028.64	888.63	385.00	408.72	19.51	467.61	0.25	248.41	19527.61	-12489.89	9685.99
Fixation L	1	2	7395685352	7395752822	67470	405.46	409.27	33	6	-1	12.37	12.37
Fixation R	1	2	7395685352	7395752822	67470	405.46	409.27	33	6	-1	13.09	13.09
Saccade L	1	3	7395752822	7395778818	25996	415.73	403.64	368.32	353.09	1.61	115.87	0.61	61.84	4313.85	-4011.15	2977.75
Saccade R	1	3	7395752822	7395778818	25996	415.73	403.64	368.32	353.09	1.61	115.87	0.61	61.84	4313.85	-4011.15	2977.75
Saccade L	1	4	7395806967	7395864945	57978	344.60	350.43	397.49	327.84	1.94	61.92	0.28	33.41	2009.92	-1541.48	975.63
Saccade R	1	4	7395806967	7395864945	57978	344.60	350.43	397.49	327.84	1.94	61.92	0.28	33.41	2009.92	-1541.48	975.63
Fixation L	1	3	7395864945	7395980997	116052	374.69	323.01	58	19	-1	12.12	12.12
Fixation R	1	3	7395864945	7395980997	116052	374.69	323.01	58	19	-1	12.70	12.70
Fixation L	1	4	7396048938	7396285065	236127	488.58	324.22	52	27	-1	12.21	12.21
Fixation R	1	4	7396048938	7396285065	236127	488.58	324.22	52	27	-1	12.71	12.71
Saccade L	1	5	7396285065	7396323180	38115	469.30	332.24	588.22	355.68	2.72	169.89	0.63	71.26	6062.87	-6714.83	4123.91
Saccade R	1	5	7396285065	7396323180	38115	469.30	332.24	588.22	355.68	2.72	169.89	0.63	71.26	6062.87	-6714.83	4123.91
Fixation L	1	5	7396323180	7396793301	470121	579.03	336.13	25	50	-1	12.62	12.62
Fixation R	1	5	7396323180	7396793301	470121	579.03	336.13	25	50	-1	13.34	13.34
Saccade L	1	6	7396793301	7396827304	34003	572.71	344.13	661.31	356.56	2.19	146.34	0.38	64.48	5873.23	-5346.94	3713.87
Saccade R	1	6	7396793301	7396827304	34003	572.71	344.13	661.31	356.56	2.19	146.34	0.38	64.48	5873.23	-5346.94	3713.87
Fixation L	1	6	7396827304	7397043718	216414	669.01	348.17	32	26	-1	12.84	12.84
Fixation R	1	6	7396827304	7397043718	216414	669.01	348.17	32	26	-1	13.63	13.63
Saccade L	1	7	7397043718	7397067434	23716	648.92	353.31	732.82	354.64	1.76	136.55	0.49	74.03	5048.15	-5096.58	3619.17
Saccade R	1	7	7397043718	7397067434	23716	648.92	353.31	732.82	354.64	1.76	136.55	0.49	74.03	5048.15	-5096.58	3619.17
Fixation L	1	7	7397067434	7397195539	128105	725.55	357.73	22	39	-1	13.08	13.08
Fixation R	1	7	7397067434	7397195539	128105	725.55	357.73	22	39	-1	13.70	13.70
Fixation L	1	8	7397211518	7397343536	132018	726.79	354.31	24	37	-1	12.95	12.95
Fixation R	1	8	7397211518	7397343536	132018	726.79	354.31	24	37	-1	13.66	13.66
Saccade L	1	8	7397343536	7397398417	54881	731.78	355.33	376.94	498.39	8.76	368.38	0.33	159.55	16082.10	-12283.48	8880.82
Saccade R	1	8	7397343536	7397398417	54881	731.78	355.33	376.94	498.39	8.76	368.38	0.33	159.55	16082.10	-12283.48	8880.82
Fixation L	1	9	7397398417	7397457695	59278	369.94	490.71	26	34	-1	13.02	13.02
Fixation R	1	9	7397398417	7397457695	59278	369.94	490.71	26	34	-1	13.49	13.49
Saccade L	1	9	7397457695	7397487715	30020	363.58	482.81	371.22	492.88	8.69	423.90	0.60	289.46	15960.00	-15855.81	12784.80
Saccade R	1	9	7397457695	7397487715	30020	363.58	482.81	371.22	492.88	8.69	423.90	0.60	289.46	15960.00	-15855.81	12784.80
Fixation L	1	10	7397487715	7397741781	254066	376.99	497.38	18	38	-1	13.08	13.08
Fixation R	1	10	7397487715	7397741781	254066	376.99	497.38	18	38	-1	13.62	13.62
Saccade L	1	10	7397741781	7397827941	86160	377.01	494.43	380.82	491.17	17.98	670.36	0.77	208.65	25183.58	-23609.94	10632.22
Saccade R	1	10	7397741781	7397827941	86160	377.01	494.43	380.82	491.17	17.98	670.36	0.77	208.65	25183.58	-23609.94	10632.22
Fixation L	1	11	7397827941	7398207943	380002	373.17	499.31	35	37	-1	12.73	12.73
Fixation R	1	11	7397827941	7398207943	380002	373.17	499.31	35	37	-1	13.31	13.31
Saccade L	1	11	7398207943	7398233906	25963	364.15	481.15	376.07	516.65	0.77	41.63	0.46	29.66	1352.14	-1487.05	1059.81
Saccade R	1	11	7398207943	7398233906	25963	364.15	481.15	376.07	516.65	0.77	41.63	0.46	29.66	1352.14	-1487.05	1059.81
Fixation L	1	12	7398233906	7398300015	66109	367.30	515.40	15	26	-1	12.42	12.42
Fixation R	1	12	7398233906	7398300015	66109	367.30	515.40	15	26	-1	13.12	13.12
Saccade L	1	12	7398300015	7398350036	50021	370.56	530.52	395.49	503.91	1.60	60.31	0.24	31.95	1507.32	-1500.70	842.02
Saccade R	1	12	7398300015	7398350036	50021	370.56	530.52	395.49	503.91	1.60	60.31	0.24	31.95	1507.32	-1500.70	842.02
Fixation L	1	13	7398389872	7398452038	62166	379.04	507.41	6	60	-1	12.44	12.44
Fixation R	1	13	7398389872	7398452038	62166	379.04	507.41	6	60	-1	13.19	13.19
Saccade L	1	13	7398452038	7398504051	52013	379.79	474.83	370.49	489.61	1.59	44.64	0.23	30.53	1186.17	-1254.89	577.25
Saccade R	1	13	7398452038	7398504051	52013	379.79	474.83	370.49	489.61	1.59	44.64	0.23	30.53	1186.17	-1254.89	577.25
Fixation L	1	14	7398504051	7398822940	318889	373.67	508.80	47	51	-1	12.52	12.52
Fixation R	1	14	7398504051	7398822940	318889	373.67	508.80	47	51	-1	13.37	13.37
UserEvent	1	94	7398749592	# Message: UE-mouseclick left x=440 y=471
Saccade L	1	14	7398852223	7398885924	33701	377.75	478.12	379.03	519.03	1.07	42.46	0.39	31.81	903.96	-750.54	515.96
Saccade R	1	14	7398852223	7398885924	33701	377.75	478.12	379.03	519.03	1.07	42.46	0.39	31.81	903.96	-750.54	515.96
Fixation L	1	15	7398885924	7399140373	254449	374.21	493.96	29	45	-1	12.67	12.67
Fixation R	1	15	7398885924	7399140373	254449	374.21	493.96	29	45	-1	13.66	13.66
Saccade L	1	15	7399140373	7399226384	86011	365.63	518.39	350.39	520.12	2.66	49.14	0.30	30.95	1227.22	-1075.58	592.31
Saccade R	1	15	7399140373	7399226384	86011	365.63	518.39	350.39	520.12	2.66	49.14	0.30	30.95	1227.22	-1075.58	592.31
Saccade L	1	16	7399268034	7399293085	25051	358.55	523.82	392.14	543.46	0.76	44.53	0.42	30.51	1759.47	-1861.69	1276.41
Saccade R	1	16	7399268034	7399293085	25051	358.55	523.82	392.14	543.46	0.76	44.53	0.42	30.51	1759.47	-1861.69	1276.41
Fixation L	1	16	7399293085	7399386493	93408	394.28	547.47	32	13	-1	12.82	12.82
Fixation R	1	16	7399293085	7399386493	93408	394.28	547.47	32	13	-1	13.97	13.97
Saccade L	1	17	7399386493	7399454504	68011	416.28	554.62	541.78	405.92	5.58	246.28	0.56	82.03	9468.62	-9378.39	4632.11
Saccade R	1	17	7399386493	7399454504	68011	416.28	554.62	541.78	405.92	5.58	246.28	0.56	82.03	9468.62	-9378.39	4632.11
UserEvent	1	112	7399413810	# Message: UE-mouseclick left x=451 y=527
