[BeGaze]
Converted from:	C:\Program Files\SMI\Experiment Suite 360\Experiment Center 2\Results\RC-Attachment-Exp\P12-eye_data.idf
Date:	18.03.2012 20:09:47
Version:	BeGaze 3.0.181
Sample Rate:	500
Subject:	P12
Description:	Run17

Table Header for Fixations:
Event Type	Trial	Number	Start	End	Duration	Location X	Location Y	Dispersion X	Dispersion Y	Plane	Avg. Pupil Size X	Avg. Pupil Size Y

Table Header for Saccades:
Event Type	Trial	Number	Start	End	Duration	Start Loc.X	Start Loc.Y	End Loc.X	End Loc.Y	Amplitude	Peak Speed	Peak Speed At	Average Speed	Peak Accel.	Peak Decel.	Average Accel.

Table Header for Blinks:
Event Type	Trial	Number	Start	End	Duration

Table Header for User Events:
Event Type	Trial	Number	Start	Description

UserEvent	1	1	11740295784	# Message: Dist-orthm-33.jpg
Fixation L	1	1	11740296629	11740842877	546248	541.71	415.16	43	49	-1	11.56	11.56
Fixation R	1	1	11740296629	11740842877	546248	541.71	415.16	43	49	-1	11.41	11.41
Fixation L	1	2	11740862864	11740992989	130125	597.98	411.42	27	36	-1	11.63	11.63
Fixation R	1	2	11740862864	11740992989	130125	597.98	411.42	27	36	-1	11.63	11.63
Fixation L	1	3	11741013018	11741355094	342076	633.95	438.21	26	42	-1	11.57	11.57
Fixation R	1	3	11741013018	11741355094	342076	633.95	438.21	26	42	-1	11.66	11.66
Saccade L	1	1	11741355094	11741387094	32000	622.25	430.25	724.85	417.12	2.88	170.01	0.37	90.15	7390.08	-6867.24	5134.29
Saccade R	1	1	11741355094	11741387094	32000	622.25	430.25	724.85	417.12	2.88	170.01	0.37	90.15	7390.08	-6867.24	5134.29
Fixation L	1	4	11741387094	11741922962	535868	773.05	416.52	77	40	-1	11.70	11.70
Fixation R	1	4	11741387094	11741922962	535868	773.05	416.52	77	40	-1	11.69	11.69
Saccade L	1	2	11741922962	11741955369	32407	786.59	411.88	857.71	400.34	1.64	95.35	0.32	50.46	3824.53	-3522.58	2638.26
Saccade R	1	2	11741922962	11741955369	32407	786.59	411.88	857.71	400.34	1.64	95.35	0.32	50.46	3824.53	-3522.58	2638.26
Fixation L	1	5	11742011452	11742211450	199998	913.00	415.54	14	16	-1	11.60	11.60
Fixation R	1	5	11742011452	11742211450	199998	913.00	415.54	14	16	-1	11.57	11.57
Saccade L	1	3	11742211450	11742233450	22000	907.83	414.82	952.55	408.71	0.96	70.32	0.45	43.49	2397.14	-2558.94	1676.63
Saccade R	1	3	11742211450	11742233450	22000	907.83	414.82	952.55	408.71	0.96	70.32	0.45	43.49	2397.14	-2558.94	1676.63
Fixation L	1	6	11742233450	11742451695	218245	956.39	410.55	12	16	-1	11.72	11.72
Fixation R	1	6	11742233450	11742451695	218245	956.39	410.55	12	16	-1	11.63	11.63
Saccade L	1	4	11742451695	11742477636	25941	957.38	418.72	990.53	404.43	0.79	41.74	0.38	30.54	1579.45	-1488.14	1061.80
Saccade R	1	4	11742451695	11742477636	25941	957.38	418.72	990.53	404.43	0.79	41.74	0.38	30.54	1579.45	-1488.14	1061.80
Saccade L	1	5	11742525565	11742553711	28146	1000.76	405.18	1043.20	421.71	1.11	64.77	0.50	39.39	2151.37	-2191.13	1535.82
Saccade R	1	5	11742525565	11742553711	28146	1000.76	405.18	1043.20	421.71	1.11	64.77	0.50	39.39	2151.37	-2191.13	1535.82
Fixation L	1	7	11742553711	11742757686	203975	1040.06	430.28	23	23	-1	11.59	11.59
Fixation R	1	7	11742553711	11742757686	203975	1040.06	430.28	23	23	-1	11.59	11.59
Saccade L	1	6	11742757686	11742781687	24001	1036.52	415.12	1074.30	410.79	0.87	60.69	0.50	36.43	1932.31	-2112.35	1379.47
Saccade R	1	6	11742757686	11742781687	24001	1036.52	415.12	1074.30	410.79	0.87	60.69	0.50	36.43	1932.31	-2112.35	1379.47
Fixation L	1	8	11742781687	11742959811	178124	1076.83	427.97	32	45	-1	11.57	11.57
Fixation R	1	8	11742781687	11742959811	178124	1076.83	427.97	32	45	-1	11.50	11.50
Saccade L	1	7	11742959811	11742993807	33996	1074.79	452.12	1077.14	371.19	1.86	110.65	0.35	54.82	3992.91	-3947.79	2873.56
Saccade R	1	7	11742959811	11742993807	33996	1074.79	452.12	1077.14	371.19	1.86	110.65	0.35	54.82	3992.91	-3947.79	2873.56
Fixation L	1	9	11742993807	11743151926	158119	1076.97	351.77	30	44	-1	11.56	11.56
Fixation R	1	9	11742993807	11743151926	158119	1076.97	351.77	30	44	-1	11.31	11.31
Saccade L	1	8	11743151926	11743179927	28001	1097.86	324.88	1036.53	314.02	1.36	84.99	0.62	48.61	3040.23	-3169.08	2239.55
Saccade R	1	8	11743151926	11743179927	28001	1097.86	324.88	1036.53	314.02	1.36	84.99	0.62	48.61	3040.23	-3169.08	2239.55
Fixation L	1	10	11743179927	11743239927	60000	1037.22	309.23	6	9	-1	11.64	11.64
Fixation R	1	10	11743179927	11743239927	60000	1037.22	309.23	6	9	-1	11.44	11.44
Saccade L	1	9	11743239927	11743317946	78019	1032.11	308.49	919.76	904.11	16.03	340.74	0.33	205.47	12235.88	-8678.51	7004.90
Saccade R	1	9	11743239927	11743317946	78019	1032.11	308.49	919.76	904.11	16.03	340.74	0.33	205.47	12235.88	-8678.51	7004.90
Fixation L	1	11	11743317946	11743465325	147379	909.01	936.29	24	44	-1	11.99	11.99
Fixation R	1	11	11743317946	11743465325	147379	909.01	936.29	24	44	-1	11.85	11.85
Saccade L	1	10	11743465325	11743486067	20742	916.86	922.26	905.37	963.27	0.86	67.05	0.42	41.56	2477.91	-2464.48	1651.12
Saccade R	1	10	11743465325	11743486067	20742	916.86	922.26	905.37	963.27	0.86	67.05	0.42	41.56	2477.91	-2464.48	1651.12
Fixation L	1	12	11743486067	11743822163	336096	908.50	967.67	32	41	-1	11.59	11.59
Fixation R	1	12	11743486067	11743822163	336096	908.50	967.67	32	41	-1	11.72	11.72
