[BeGaze]
Converted from:	C:\Program Files\SMI\Experiment Suite 360\Experiment Center 2\Results\RC-Attachment-Exp\P32-eye_data.idf
Date:	18.03.2012 20:28:29
Version:	BeGaze 3.0.181
Sample Rate:	500
Subject:	P32
Description:	Run37

Table Header for Fixations:
Event Type	Trial	Number	Start	End	Duration	Location X	Location Y	Dispersion X	Dispersion Y	Plane	Avg. Pupil Size X	Avg. Pupil Size Y

Table Header for Saccades:
Event Type	Trial	Number	Start	End	Duration	Start Loc.X	Start Loc.Y	End Loc.X	End Loc.Y	Amplitude	Peak Speed	Peak Speed At	Average Speed	Peak Accel.	Peak Decel.	Average Accel.

Table Header for Blinks:
Event Type	Trial	Number	Start	End	Duration

Table Header for User Events:
Event Type	Trial	Number	Start	Description

UserEvent	1	1	6072043417	# Message: RC-nonforced-nonanim-4.jpg
Fixation L	1	1	6072045290	6072337349	292059	463.99	436.50	39	36	-1	13.74	13.74
Fixation R	1	1	6072045290	6072337349	292059	463.99	436.50	39	36	-1	14.49	14.49
Saccade L	1	1	6072337349	6072361369	24020	460.24	434.21	498.68	433.71	0.79	47.29	0.42	32.84	1952.77	-1706.37	1256.91
Saccade R	1	1	6072337349	6072361369	24020	460.24	434.21	498.68	433.71	0.79	47.29	0.42	32.84	1952.77	-1706.37	1256.91
Fixation L	1	2	6072361369	6072635484	274115	504.22	438.33	31	24	-1	13.30	13.30
Fixation R	1	2	6072361369	6072635484	274115	504.22	438.33	31	24	-1	14.07	14.07
Saccade L	1	2	6072635484	6072659498	24014	520.58	447.06	558.17	432.85	0.91	58.53	0.50	38.05	1959.90	-2444.61	1524.36
Saccade R	1	2	6072635484	6072659498	24014	520.58	447.06	558.17	432.85	0.91	58.53	0.50	38.05	1959.90	-2444.61	1524.36
Fixation L	1	3	6072659498	6072873581	214083	581.87	444.34	35	39	-1	13.19	13.19
Fixation R	1	3	6072659498	6072873581	214083	581.87	444.34	35	39	-1	13.70	13.70
Saccade L	1	3	6072873581	6072902758	29177	589.34	462.60	525.56	458.28	1.42	79.02	0.41	48.69	3185.02	-3033.57	2221.33
Saccade R	1	3	6072873581	6072902758	29177	589.34	462.60	525.56	458.28	1.42	79.02	0.41	48.69	3185.02	-3033.57	2221.33
Fixation L	1	4	6072902758	6073099722	196964	503.20	455.07	35	21	-1	13.16	13.16
Fixation R	1	4	6072902758	6073099722	196964	503.20	455.07	35	21	-1	13.66	13.66
Saccade L	1	4	6073099722	6073137703	37981	502.29	458.19	587.31	435.93	2.02	107.12	0.37	53.14	4067.67	-3565.41	2618.75
Saccade R	1	4	6073099722	6073137703	37981	502.29	458.19	587.31	435.93	2.02	107.12	0.37	53.14	4067.67	-3565.41	2618.75
Fixation L	1	5	6073137703	6073391814	254111	587.24	439.90	34	19	-1	13.38	13.38
Fixation R	1	5	6073137703	6073391814	254111	587.24	439.90	34	19	-1	14.06	14.06
Saccade L	1	5	6073391814	6073415838	24024	578.97	442.18	614.99	445.58	0.73	40.48	0.42	30.40	1219.48	-1346.96	933.07
Saccade R	1	5	6073391814	6073415838	24024	578.97	442.18	614.99	445.58	0.73	40.48	0.42	30.40	1219.48	-1346.96	933.07
Fixation L	1	6	6073415838	6073814682	398844	617.12	439.76	36	31	-1	13.65	13.65
Fixation R	1	6	6073415838	6073814682	398844	617.12	439.76	36	31	-1	14.36	14.36
Saccade L	1	6	6073814682	6073858065	43383	619.81	449.42	720.24	444.18	2.20	109.56	0.26	50.66	4290.07	-3062.84	2133.41
Saccade R	1	6	6073814682	6073858065	43383	619.81	449.42	720.24	444.18	2.20	109.56	0.26	50.66	4290.07	-3062.84	2133.41
Fixation L	1	7	6073858065	6074114298	256233	719.81	436.94	56	36	-1	13.80	13.80
Fixation R	1	7	6073858065	6074114298	256233	719.81	436.94	56	36	-1	14.67	14.67
Saccade L	1	7	6074114298	6074152164	37866	702.89	448.04	573.11	469.69	2.83	172.65	0.37	74.76	7285.08	-6430.44	4439.72
Saccade R	1	7	6074114298	6074152164	37866	702.89	448.04	573.11	469.69	2.83	172.65	0.37	74.76	7285.08	-6430.44	4439.72
Fixation L	1	8	6074152164	6074412282	260118	578.73	459.98	36	28	-1	13.83	13.83
Fixation R	1	8	6074152164	6074412282	260118	578.73	459.98	36	28	-1	14.56	14.56
Saccade L	1	8	6074412282	6074438286	26004	584.43	455.56	628.83	454.61	0.92	54.55	0.43	35.46	1954.48	-1886.29	1380.51
Saccade R	1	8	6074412282	6074438286	26004	584.43	455.56	628.83	454.61	0.92	54.55	0.43	35.46	1954.48	-1886.29	1380.51
Fixation L	1	9	6074438286	6074566399	128113	615.47	444.53	27	15	-1	14.05	14.05
Fixation R	1	9	6074438286	6074566399	128113	615.47	444.53	27	15	-1	14.89	14.89
Saccade L	1	9	6074566399	6074596544	30145	602.05	437.43	730.28	446.51	2.75	176.71	0.40	91.20	7482.52	-7419.02	5399.81
Saccade R	1	9	6074566399	6074596544	30145	602.05	437.43	730.28	446.51	2.75	176.71	0.40	91.20	7482.52	-7419.02	5399.81
Fixation L	1	10	6074596544	6074920540	323996	734.42	434.64	26	57	-1	14.13	14.13
Fixation R	1	10	6074596544	6074920540	323996	734.42	434.64	26	57	-1	14.85	14.85
Saccade L	1	10	6074920540	6074952511	31971	737.36	421.47	791.33	418.22	1.22	60.32	0.38	38.14	2295.06	-2109.14	1580.16
Saccade R	1	10	6074920540	6074952511	31971	737.36	421.47	791.33	418.22	1.22	60.32	0.38	38.14	2295.06	-2109.14	1580.16
Fixation L	1	11	6074952511	6075301222	348711	810.64	420.69	46	17	-1	14.18	14.18
Fixation R	1	11	6074952511	6075301222	348711	810.64	420.69	46	17	-1	14.81	14.81
Saccade L	1	11	6075301222	6075330780	29558	827.46	424.97	888.63	432.33	1.29	74.04	0.39	43.76	2839.98	-2556.96	1936.21
Saccade R	1	11	6075301222	6075330780	29558	827.46	424.97	888.63	432.33	1.29	74.04	0.39	43.76	2839.98	-2556.96	1936.21
Fixation L	1	12	6075330780	6075588862	258082	891.01	422.38	24	22	-1	14.11	14.11
Fixation R	1	12	6075330780	6075588862	258082	891.01	422.38	24	22	-1	14.67	14.67
Saccade L	1	12	6075588862	6075623755	34893	879.97	432.49	984.68	426.47	2.33	119.38	0.40	66.76	4941.76	-4458.94	3438.18
Saccade R	1	12	6075588862	6075623755	34893	879.97	432.49	984.68	426.47	2.33	119.38	0.40	66.76	4941.76	-4458.94	3438.18
Fixation L	1	13	6075623755	6076854118	1230363	978.71	431.49	59	61	-1	13.47	13.47
Fixation R	1	13	6075623755	6076854118	1230363	978.71	431.49	59	61	-1	14.02	14.02
Saccade L	1	13	6076854118	6076887325	33207	969.55	463.80	1106.68	468.99	2.98	174.32	0.58	89.82	6913.49	-7127.97	5045.03
Saccade R	1	13	6076854118	6076887325	33207	969.55	463.80	1106.68	468.99	2.98	174.32	0.58	89.82	6913.49	-7127.97	5045.03
Fixation L	1	14	6076887325	6077151522	264197	1124.37	441.38	25	50	-1	13.45	13.45
Fixation R	1	14	6076887325	6077151522	264197	1124.37	441.38	25	50	-1	13.89	13.89
Blink L	1	1	6077151522	6077361554	210032
Saccade R	1	14	6077151522	6077215563	64041	1124.65	450.57	0.00	-0.11	37.29	2412.52	0.62	582.35	78518.03	-82388.95	37857.55
Saccade R	1	15	6077227564	6077361554	133990	0.00	0.00	1130.89	437.50	57.08	2380.59	0.37	426.03	71168.55	-75322.37	19171.89
Fixation L	1	15	6077361554	6077496445	134891	1132.93	440.68	10	19	-1	13.13	13.13
Fixation R	1	15	6077361554	6077496445	134891	1132.93	440.68	10	19	-1	13.49	13.49
Saccade L	1	14	6077496445	6077549672	53227	1132.92	451.87	728.07	454.09	9.54	326.32	0.44	179.26	14148.50	-13114.31	9682.53
Saccade R	1	16	6077496445	6077549672	53227	1132.92	451.87	728.07	454.09	9.54	326.32	0.44	179.26	14148.50	-13114.31	9682.53
Fixation L	1	16	6077549672	6077809808	260136	720.78	442.00	22	33	-1	13.37	13.37
Fixation R	1	16	6077549672	6077809808	260136	720.78	442.00	22	33	-1	13.76	13.76
Saccade L	1	15	6077809808	6077855951	46143	712.00	422.26	596.33	448.45	2.73	106.62	0.39	59.16	4642.68	-3545.70	2822.96
Saccade R	1	17	6077809808	6077855951	46143	712.00	422.26	596.33	448.45	2.73	106.62	0.39	59.16	4642.68	-3545.70	2822.96
Fixation L	1	17	6077855951	6077959785	103834	591.37	448.94	7	18	-1	13.45	13.45
Fixation R	1	17	6077855951	6077959785	103834	591.37	448.94	7	18	-1	13.75	13.75
Blink L	1	2	6077969792	6078249905	280113
Blink R	1	1	6077969792	6078249905	280113
Fixation L	1	18	6078249905	6078374036	124131	480.41	445.14	26	42	-1	13.47	13.47
Fixation R	1	18	6078249905	6078374036	124131	480.41	445.14	26	42	-1	13.89	13.89
Saccade L	1	16	6078374036	6078404223	30187	465.18	442.29	522.25	425.75	1.25	65.72	0.40	41.35	2713.19	-2514.78	1910.23
Saccade R	1	18	6078374036	6078404223	30187	465.18	442.29	522.25	425.75	1.25	65.72	0.40	41.35	2713.19	-2514.78	1910.23
Fixation L	1	19	6078404223	6078566013	161790	523.05	430.86	8	10	-1	13.91	13.91
Fixation R	1	19	6078404223	6078566013	161790	523.05	430.86	8	10	-1	14.67	14.67
Saccade L	1	17	6078566013	6078594264	28251	525.62	428.31	574.65	436.93	1.14	63.58	0.43	40.33	2597.13	-2339.52	1768.11
Saccade R	1	19	6078566013	6078594264	28251	525.62	428.31	574.65	436.93	1.14	63.58	0.43	40.33	2597.13	-2339.52	1768.11
Fixation L	1	20	6078594264	6079143882	549618	585.19	430.63	30	40	-1	14.06	14.06
Fixation R	1	20	6078594264	6079143882	549618	585.19	430.63	30	40	-1	14.78	14.78
Saccade L	1	18	6079143882	6079180377	36495	582.95	442.88	676.03	432.33	1.95	98.14	0.40	53.54	4187.38	-3379.84	2623.68
Saccade R	1	20	6079143882	6079180377	36495	582.95	442.88	676.03	432.33	1.95	98.14	0.40	53.54	4187.38	-3379.84	2623.68
Fixation L	1	21	6079180377	6079328369	147992	689.34	432.88	18	15	-1	14.03	14.03
Fixation R	1	21	6079180377	6079328369	147992	689.34	432.88	18	15	-1	14.85	14.85
Saccade L	1	19	6079328369	6079358521	30152	689.55	435.60	593.11	435.04	2.11	135.00	0.46	69.98	5677.85	-5643.26	4136.04
Saccade R	1	21	6079328369	6079358521	30152	689.55	435.60	593.11	435.04	2.11	135.00	0.46	69.98	5677.85	-5643.26	4136.04
Fixation L	1	22	6079358521	6079596869	238348	582.07	438.92	22	13	-1	14.00	14.00
Fixation R	1	22	6079358521	6079596869	238348	582.07	438.92	22	13	-1	14.76	14.76
Saccade L	1	20	6079596869	6079626611	29742	586.00	432.43	499.56	456.83	1.92	118.84	0.46	64.47	5036.90	-4768.09	3583.51
Saccade R	1	22	6079596869	6079626611	29742	586.00	432.43	499.56	456.83	1.92	118.84	0.46	64.47	5036.90	-4768.09	3583.51
Fixation L	1	23	6079626611	6079736616	110005	497.28	448.83	22	20	-1	14.01	14.01
Fixation R	1	23	6079626611	6079736616	110005	497.28	448.83	22	20	-1	14.94	14.94
Blink L	1	3	6079736616	6079996728	260112
Blink R	1	2	6079736616	6079996728	260112
Fixation L	1	24	6079996728	6080200952	204224	511.02	460.95	40	16	-1	14.16	14.16
Fixation R	1	24	6079996728	6080200952	204224	511.02	460.95	40	16	-1	15.01	15.01
Saccade L	1	21	6080200952	6080230842	29890	527.43	457.57	586.73	453.31	1.33	71.09	0.43	44.61	2892.86	-2862.18	2060.97
Saccade R	1	23	6080200952	6080230842	29890	527.43	457.57	586.73	453.31	1.33	71.09	0.43	44.61	2892.86	-2862.18	2060.97
Fixation L	1	25	6080230842	6080765072	534230	609.98	446.26	43	32	-1	14.17	14.17
Fixation R	1	25	6080230842	6080765072	534230	609.98	446.26	43	32	-1	15.35	15.35
Saccade L	1	22	6080765072	6080791079	26007	629.40	435.49	565.18	445.25	1.34	85.91	0.46	51.63	3335.17	-3419.91	2417.12
Saccade R	1	24	6080765072	6080791079	26007	629.40	435.49	565.18	445.25	1.34	85.91	0.46	51.63	3335.17	-3419.91	2417.12
Fixation L	1	26	6080791079	6080891103	100024	575.38	442.67	26	11	-1	14.44	14.44
Fixation R	1	26	6080791079	6080891103	100024	575.38	442.67	26	11	-1	15.45	15.45
Saccade L	1	23	6080891103	6080919062	27959	581.54	439.03	471.33	451.41	2.39	159.92	0.51	85.44	6786.58	-6704.55	4924.32
Saccade R	1	25	6080891103	6080919062	27959	581.54	439.03	471.33	451.41	2.39	159.92	0.51	85.44	6786.58	-6704.55	4924.32
Fixation L	1	27	6080919062	6080991221	72159	476.92	454.69	8	15	-1	14.36	14.36
Fixation R	1	27	6080919062	6080991221	72159	476.92	454.69	8	15	-1	15.37	15.37
Saccade L	1	24	6080991221	6081020771	29550	478.42	462.98	605.74	453.67	2.91	183.49	0.41	98.38	7706.41	-7510.27	5524.87
Saccade R	1	26	6080991221	6081020771	29550	478.42	462.98	605.74	453.67	2.91	183.49	0.41	98.38	7706.41	-7510.27	5524.87
Saccade L	1	25	6081067916	6081101189	33273	593.37	441.54	756.26	436.41	4.24	277.44	0.46	127.46	10287.16	-11076.78	7732.11
Saccade R	1	27	6081067916	6081101189	33273	593.37	441.54	756.26	436.41	4.24	277.44	0.46	127.46	10287.16	-11076.78	7732.11
Fixation L	1	28	6081101189	6081401311	300122	734.83	440.24	48	15	-1	14.82	14.82
Fixation R	1	28	6081101189	6081401311	300122	734.83	440.24	48	15	-1	15.74	15.74
Blink L	1	4	6081401311	6081537294	135983
Blink R	1	3	6081401311	6081537294	135983
Saccade L	1	26	6081545546	6081595433	49887	878.86	359.94	803.70	445.94	2.66	92.55	0.36	53.27	3370.56	-2517.97	1936.85
Saccade R	1	28	6081545546	6081595433	49887	878.86	359.94	803.70	445.94	2.66	92.55	0.36	53.27	3370.56	-2517.97	1936.85
Fixation L	1	29	6081595433	6081887806	292373	805.07	441.51	41	29	-1	14.81	14.81
Fixation R	1	29	6081595433	6081887806	292373	805.07	441.51	41	29	-1	15.40	15.40
Saccade L	1	27	6081887806	6081921537	33731	794.14	442.76	887.39	444.52	2.02	113.89	0.41	59.76	4837.17	-4220.10	3244.77
Saccade R	1	29	6081887806	6081921537	33731	794.14	442.76	887.39	444.52	2.02	113.89	0.41	59.76	4837.17	-4220.10	3244.77
Fixation L	1	30	6081921537	6082173647	252110	881.25	437.83	32	13	-1	14.68	14.68
Fixation R	1	30	6081921537	6082173647	252110	881.25	437.83	32	13	-1	15.21	15.21
Saccade L	1	28	6082173647	6082211867	38220	878.92	431.09	971.07	443.62	2.07	94.27	0.38	54.04	3738.23	-3070.97	2411.21
Saccade R	1	30	6082173647	6082211867	38220	878.92	431.09	971.07	443.62	2.07	94.27	0.38	54.04	3738.23	-3070.97	2411.21
Fixation L	1	31	6082211867	6082605903	394036	980.05	444.75	35	40	-1	14.41	14.41
Fixation R	1	31	6082211867	6082605903	394036	980.05	444.75	35	40	-1	14.98	14.98
Saccade L	1	29	6082605903	6082641887	35984	963.94	439.49	1105.41	458.73	3.14	171.27	0.45	87.34	7561.94	-6858.61	5136.69
Saccade R	1	31	6082605903	6082641887	35984	963.94	439.49	1105.41	458.73	3.14	171.27	0.45	87.34	7561.94	-6858.61	5136.69
Fixation L	1	32	6082641887	6082813902	172015	1104.82	454.24	22	10	-1	14.44	14.44
Fixation R	1	32	6082641887	6082813902	172015	1104.82	454.24	22	10	-1	14.99	14.99
Blink L	1	5	6082819893	6082920002	100109
Blink R	1	4	6082819893	6082920002	100109
Blink L	1	6	6082920002	6083039993	119991
Blink R	1	5	6082920002	6083039993	119991
Saccade L	1	30	6083056499	6083130267	73768	0.00	0.00	869.46	631.29	42.04	2292.78	0.37	569.96	89865.42	-73719.22	34064.57
Saccade R	1	32	6083056499	6083130267	73768	0.00	0.00	869.46	631.29	42.04	2292.78	0.37	569.96	89865.42	-73719.22	34064.57
Saccade L	1	31	6083130267	6083157684	27417	869.46	631.29	900.30	645.25	1.24	64.29	0.53	45.40	1442.67	-1525.50	826.76
Saccade R	1	33	6083130267	6083157684	27417	869.46	631.29	900.30	645.25	1.24	64.29	0.53	45.40	1442.67	-1525.50	826.76
Fixation L	1	33	6083210118	6083305202	95084	955.43	725.29	23	19	-1	15.21	15.21
Fixation R	1	33	6083210118	6083305202	95084	955.43	725.29	23	19	-1	15.35	15.35
Saccade L	1	32	6083305202	6083340108	34906	955.31	734.18	964.87	980.49	5.46	320.46	0.49	156.43	13707.31	-13993.62	10121.60
Saccade R	1	34	6083305202	6083340108	34906	955.31	734.18	964.87	980.49	5.46	320.46	0.49	156.43	13707.31	-13993.62	10121.60
Fixation L	1	34	6083340108	6083478998	138890	968.53	964.74	32	36	-1	15.79	15.79
Fixation R	1	34	6083340108	6083478998	138890	968.53	964.74	32	36	-1	16.20	16.20
Saccade L	1	33	6083478998	6083508233	29235	984.54	945.14	908.01	966.24	1.78	109.31	0.52	61.02	4512.17	-4534.19	3307.58
Saccade R	1	35	6083478998	6083508233	29235	984.54	945.14	908.01	966.24	1.78	109.31	0.52	61.02	4512.17	-4534.19	3307.58
Fixation L	1	35	6083508233	6083570230	61997	906.96	963.90	12	28	-1	16.11	16.11
Fixation R	1	35	6083508233	6083570230	61997	906.96	963.90	12	28	-1	16.39	16.39
Fixation L	1	36	6083632236	6083848348	216112	899.20	959.38	19	50	-1	15.93	15.93
Fixation R	1	36	6083632236	6083848348	216112	899.20	959.38	19	50	-1	16.30	16.30
