[BeGaze]
Converted from:	C:\Program Files\SMI\Experiment Suite 360\Experiment Center 2\Results\RC-Attachment-Exp\P12-eye_data.idf
Date:	18.03.2012 20:09:29
Version:	BeGaze 3.0.181
Sample Rate:	500
Subject:	P12
Description:	Run17

Table Header for Fixations:
Event Type	Trial	Number	Start	End	Duration	Location X	Location Y	Dispersion X	Dispersion Y	Plane	Avg. Pupil Size X	Avg. Pupil Size Y

Table Header for Saccades:
Event Type	Trial	Number	Start	End	Duration	Start Loc.X	Start Loc.Y	End Loc.X	End Loc.Y	Amplitude	Peak Speed	Peak Speed At	Average Speed	Peak Accel.	Peak Decel.	Average Accel.

Table Header for Blinks:
Event Type	Trial	Number	Start	End	Duration

Table Header for User Events:
Event Type	Trial	Number	Start	Description

UserEvent	1	1	11419688713	# Message: Dist-srcop-15.jpg
Fixation L	1	1	11419690645	11419982748	292103	527.96	444.55	49	47	-1	12.55	12.55
Fixation R	1	1	11419690645	11419982748	292103	527.96	444.55	49	47	-1	12.20	12.20
Saccade L	1	1	11419982748	11420006649	23901	529.16	426.28	601.01	421.27	1.53	118.36	0.50	64.19	4207.51	-4641.36	3085.26
Saccade R	1	1	11419982748	11420006649	23901	529.16	426.28	601.01	421.27	1.53	118.36	0.50	64.19	4207.51	-4641.36	3085.26
Fixation L	1	2	11420006649	11420180767	174118	590.02	430.72	22	17	-1	12.33	12.33
Fixation R	1	2	11420006649	11420180767	174118	590.02	430.72	22	17	-1	11.97	11.97
Saccade L	1	2	11420180767	11420226763	45996	589.02	438.39	663.58	428.07	2.01	99.45	0.26	43.66	3780.64	-3178.07	1838.06
Saccade R	1	2	11420180767	11420226763	45996	589.02	438.39	663.58	428.07	2.01	99.45	0.26	43.66	3780.64	-3178.07	1838.06
Fixation L	1	3	11420226763	11420422910	196147	668.97	431.46	19	28	-1	12.20	12.20
Fixation R	1	3	11420226763	11420422910	196147	668.97	431.46	19	28	-1	12.07	12.07
Saccade L	1	3	11420422910	11420446927	24017	670.80	439.46	719.82	438.10	1.02	67.16	0.42	42.55	2596.48	-2666.37	1809.06
Saccade R	1	3	11420422910	11420446927	24017	670.80	439.46	719.82	438.10	1.02	67.16	0.42	42.55	2596.48	-2666.37	1809.06
Fixation L	1	4	11420446927	11420601012	154085	717.55	432.86	21	19	-1	12.10	12.10
Fixation R	1	4	11420446927	11420601012	154085	717.55	432.86	21	19	-1	11.90	11.90
Saccade L	1	4	11420601012	11420629038	28026	729.37	432.82	809.58	420.59	1.75	111.44	0.43	62.46	4490.89	-4135.92	3095.66
Saccade R	1	4	11420601012	11420629038	28026	729.37	432.82	809.58	420.59	1.75	111.44	0.43	62.46	4490.89	-4135.92	3095.66
Fixation L	1	5	11420629038	11420879130	250092	806.87	425.32	38	20	-1	12.04	12.04
Fixation R	1	5	11420629038	11420879130	250092	806.87	425.32	38	20	-1	11.90	11.90
Saccade L	1	5	11420879130	11420903129	23999	800.22	430.72	730.49	418.99	1.55	118.96	0.56	64.66	4944.51	-4361.06	3203.89
Saccade R	1	5	11420879130	11420903129	23999	800.22	430.72	730.49	418.99	1.55	118.96	0.56	64.66	4944.51	-4361.06	3203.89
Fixation L	1	6	11420903129	11421171287	268158	713.62	421.58	30	27	-1	12.00	12.00
Fixation R	1	6	11420903129	11421171287	268158	713.62	421.58	30	27	-1	11.75	11.75
Saccade L	1	6	11421171287	11421201248	29961	713.73	428.18	800.10	426.36	2.00	125.45	0.53	66.70	4984.96	-4914.17	3600.27
Saccade R	1	6	11421171287	11421201248	29961	713.73	428.18	800.10	426.36	2.00	125.45	0.53	66.70	4984.96	-4914.17	3600.27
Fixation L	1	7	11421201248	11421375373	174125	810.42	429.33	23	11	-1	12.00	12.00
Fixation R	1	7	11421201248	11421375373	174125	810.42	429.33	23	11	-1	11.71	11.71
Saccade L	1	7	11421375373	11421405366	29993	800.35	434.62	862.52	420.71	1.37	82.80	0.40	45.68	3423.27	-3141.23	2346.88
Saccade R	1	7	11421375373	11421405366	29993	800.35	434.62	862.52	420.71	1.37	82.80	0.40	45.68	3423.27	-3141.23	2346.88
Fixation L	1	8	11421405366	11421575380	170014	867.49	431.36	27	34	-1	11.87	11.87
Fixation R	1	8	11421405366	11421575380	170014	867.49	431.36	27	34	-1	11.72	11.72
Saccade L	1	8	11421575380	11421603364	27984	882.36	438.70	961.51	448.11	1.71	112.41	0.43	60.94	4456.25	-4430.15	3215.42
Saccade R	1	8	11421575380	11421603364	27984	882.36	438.70	961.51	448.11	1.71	112.41	0.43	60.94	4456.25	-4430.15	3215.42
Fixation L	1	9	11421603364	11421779482	176118	956.33	420.81	16	42	-1	11.68	11.68
Fixation R	1	9	11421603364	11421779482	176118	956.33	420.81	16	42	-1	11.78	11.78
Saccade L	1	9	11421779482	11421817491	38009	960.27	407.51	1059.23	408.66	2.21	121.50	0.32	58.06	5060.25	-4002.75	2941.82
Saccade R	1	9	11421779482	11421817491	38009	960.27	407.51	1059.23	408.66	2.21	121.50	0.32	58.06	5060.25	-4002.75	2941.82
Fixation L	1	10	11421817491	11421995617	178126	1056.68	406.18	24	33	-1	11.60	11.60
Fixation R	1	10	11421817491	11421995617	178126	1056.68	406.18	24	33	-1	11.75	11.75
Saccade L	1	10	11421995617	11422037608	41991	1051.02	421.87	1155.26	417.30	2.27	105.18	0.29	54.03	4499.62	-3223.78	2482.17
Saccade R	1	10	11421995617	11422037608	41991	1051.02	421.87	1155.26	417.30	2.27	105.18	0.29	54.03	4499.62	-3223.78	2482.17
Fixation L	1	11	11422037608	11422827960	790352	1151.00	426.17	34	37	-1	11.80	11.80
Fixation R	1	11	11422037608	11422827960	790352	1151.00	426.17	34	37	-1	11.76	11.76
Saccade L	1	11	11422827960	11422899966	72006	1161.26	422.27	732.53	430.11	10.22	235.32	0.23	141.98	10346.51	-6387.81	4805.82
Saccade R	1	11	11422827960	11422899966	72006	1161.26	422.27	732.53	430.11	10.22	235.32	0.23	141.98	10346.51	-6387.81	4805.82
Fixation L	1	12	11422899966	11422951964	51998	717.98	433.72	23	7	-1	12.46	12.46
Fixation R	1	12	11422899966	11422951964	51998	717.98	433.72	23	7	-1	11.99	11.99
Saccade L	1	12	11422951964	11422975589	23625	713.79	436.51	615.51	437.20	2.04	166.65	0.51	86.19	6666.71	-6006.86	4135.46
Saccade R	1	12	11422951964	11422975589	23625	713.79	436.51	615.51	437.20	2.04	166.65	0.51	86.19	6666.71	-6006.86	4135.46
Fixation L	1	13	11422975589	11423224082	248493	620.30	434.15	28	18	-1	12.58	12.58
Fixation R	1	13	11422975589	11423224082	248493	620.30	434.15	28	18	-1	12.18	12.18
Saccade L	1	13	11423224082	11423248200	24118	622.00	428.24	671.50	417.76	1.01	68.13	0.44	42.02	2778.42	-2323.15	1755.40
Saccade R	1	13	11423224082	11423248200	24118	622.00	428.24	671.50	417.76	1.01	68.13	0.44	42.02	2778.42	-2323.15	1755.40
Fixation L	1	14	11423248200	11423414403	166203	670.60	418.63	19	11	-1	12.46	12.46
Fixation R	1	14	11423248200	11423414403	166203	670.60	418.63	19	11	-1	11.99	11.99
Saccade L	1	14	11423414403	11423442196	27793	672.14	418.33	787.66	412.40	2.58	183.22	0.50	92.71	7502.26	-7184.44	5342.63
Saccade R	1	14	11423414403	11423442196	27793	672.14	418.33	787.66	412.40	2.58	183.22	0.50	92.71	7502.26	-7184.44	5342.63
Fixation L	1	15	11423442196	11423628828	186632	800.98	404.89	24	17	-1	12.20	12.20
Fixation R	1	15	11423442196	11423628828	186632	800.98	404.89	24	17	-1	11.97	11.97
Fixation L	1	16	11423648336	11423798465	150129	861.39	416.57	20	35	-1	12.31	12.31
Fixation R	1	16	11423648336	11423798465	150129	861.39	416.57	20	35	-1	12.08	12.08
Saccade L	1	15	11423798465	11423828443	29978	854.56	435.04	945.35	426.78	2.10	130.47	0.40	70.18	5446.26	-5023.23	3787.96
Saccade R	1	15	11423798465	11423828443	29978	854.56	435.04	945.35	426.78	2.10	130.47	0.40	70.18	5446.26	-5023.23	3787.96
Fixation L	1	17	11423828443	11424000438	171995	959.65	411.56	25	38	-1	12.24	12.24
Fixation R	1	17	11423828443	11424000438	171995	959.65	411.56	25	38	-1	12.09	12.09
Saccade L	1	16	11424000438	11424024436	23998	962.76	389.49	1055.36	405.91	1.99	149.62	0.57	82.96	6037.04	-5839.52	4189.25
Saccade R	1	16	11424000438	11424024436	23998	962.76	389.49	1055.36	405.91	1.99	149.62	0.57	82.96	6037.04	-5839.52	4189.25
Fixation L	1	18	11424024436	11424210557	186121	1059.71	409.14	46	19	-1	12.40	12.40
Fixation R	1	18	11424024436	11424210557	186121	1059.71	409.14	46	19	-1	12.13	12.13
Saccade L	1	17	11424210557	11424234564	24007	1088.45	416.76	1133.14	405.63	1.04	72.51	0.51	43.14	2363.56	-2595.45	1707.67
Saccade R	1	17	11424210557	11424234564	24007	1088.45	416.76	1133.14	405.63	1.04	72.51	0.51	43.14	2363.56	-2595.45	1707.67
Fixation L	1	19	11424234564	11424340554	105990	1130.14	407.97	12	20	-1	12.18	12.18
Fixation R	1	19	11424234564	11424340554	105990	1130.14	407.97	12	20	-1	12.09	12.09
Saccade L	1	18	11424340554	11424418679	78125	1125.48	420.81	910.01	926.55	12.80	390.66	0.26	163.83	16951.07	-11122.17	7991.74
Saccade R	1	18	11424340554	11424418679	78125	1125.48	420.81	910.01	926.55	12.80	390.66	0.26	163.83	16951.07	-11122.17	7991.74
Fixation L	1	20	11424418679	11424550673	131994	929.81	921.83	33	35	-1	12.62	12.62
Fixation R	1	20	11424418679	11424550673	131994	929.81	921.83	33	35	-1	12.35	12.35
Saccade L	1	19	11424550673	11424576677	26004	929.90	900.47	908.36	974.98	1.66	119.43	0.46	63.69	4696.21	-4674.72	3364.23
Saccade R	1	19	11424550673	11424576677	26004	929.90	900.47	908.36	974.98	1.66	119.43	0.46	63.69	4696.21	-4674.72	3364.23
Fixation L	1	21	11424576677	11425082915	506238	911.74	972.99	33	41	-1	12.45	12.45
Fixation R	1	21	11424576677	11425082915	506238	911.74	972.99	33	41	-1	12.14	12.14
