[BeGaze]
Converted from:	C:\Program Files\SMI\Experiment Suite 360\Experiment Center 2\Results\RC-Attachment-Exp\P09-eye_data.idf
Date:	18.03.2012 20:07:41
Version:	BeGaze 3.0.181
Sample Rate:	500
Subject:	P09
Description:	Run14

Table Header for Fixations:
Event Type	Trial	Number	Start	End	Duration	Location X	Location Y	Dispersion X	Dispersion Y	Plane	Avg. Pupil Size X	Avg. Pupil Size Y

Table Header for Saccades:
Event Type	Trial	Number	Start	End	Duration	Start Loc.X	Start Loc.Y	End Loc.X	End Loc.Y	Amplitude	Peak Speed	Peak Speed At	Average Speed	Peak Accel.	Peak Decel.	Average Accel.

Table Header for Blinks:
Event Type	Trial	Number	Start	End	Duration

Table Header for User Events:
Event Type	Trial	Number	Start	Description

UserEvent	1	1	7409453936	# Message: RC-nonforced-anim-3.jpg
Fixation L	1	1	7409456982	7409791019	334037	486.55	441.36	26	35	-1	11.83	11.83
Fixation R	1	1	7409456982	7409791019	334037	486.55	441.36	26	35	-1	12.45	12.45
Saccade L	1	1	7409791019	7409829065	38046	476.09	452.99	531.93	453.72	1.44	74.25	0.63	37.77	2145.00	-2958.49	1597.09
Saccade R	1	1	7409791019	7409829065	38046	476.09	452.99	531.93	453.72	1.44	74.25	0.63	37.77	2145.00	-2958.49	1597.09
Fixation L	1	2	7409829065	7409887142	58077	525.38	451.31	15	5	-1	11.76	11.76
Fixation R	1	2	7409829065	7409887142	58077	525.38	451.31	15	5	-1	12.36	12.36
Fixation L	1	3	7409907197	7410153130	245933	529.25	433.70	17	32	-1	11.67	11.67
Fixation R	1	3	7409907197	7410153130	245933	529.25	433.70	17	32	-1	12.33	12.33
Saccade L	1	2	7410153130	7410187262	34132	523.82	453.86	590.22	412.60	1.69	90.71	0.36	49.48	3581.75	-3198.84	2328.90
Saccade R	1	2	7410153130	7410187262	34132	523.82	453.86	590.22	412.60	1.69	90.71	0.36	49.48	3581.75	-3198.84	2328.90
Fixation L	1	4	7410187262	7410359256	171994	608.65	422.17	31	21	-1	11.71	11.71
Fixation R	1	4	7410187262	7410359256	171994	608.65	422.17	31	21	-1	12.52	12.52
Saccade L	1	3	7410359256	7410385255	25999	620.27	427.38	582.11	440.01	0.82	44.58	0.47	31.53	1734.50	-1547.74	1193.85
Saccade R	1	3	7410359256	7410385255	25999	620.27	427.38	582.11	440.01	0.82	44.58	0.47	31.53	1734.50	-1547.74	1193.85
Fixation L	1	5	7410385255	7410717493	332238	602.62	441.61	52	42	-1	11.83	11.83
Fixation R	1	5	7410385255	7410717493	332238	602.62	441.61	52	42	-1	12.45	12.45
Saccade L	1	4	7410717493	7410739503	22010	607.50	422.90	686.65	440.45	1.62	130.49	0.45	73.69	4921.36	-4216.80	3062.56
Saccade R	1	4	7410717493	7410739503	22010	607.50	422.90	686.65	440.45	1.62	130.49	0.45	73.69	4921.36	-4216.80	3062.56
Saccade L	1	5	7410788230	7410831496	43266	678.77	417.75	728.30	408.23	2.55	129.35	0.31	59.05	5221.59	-3236.89	2577.02
Saccade R	1	5	7410788230	7410831496	43266	678.77	417.75	728.30	408.23	2.55	129.35	0.31	59.05	5221.59	-3236.89	2577.02
Fixation L	1	6	7410831496	7411207619	376123	748.84	427.40	43	50	-1	11.88	11.88
Fixation R	1	6	7410831496	7411207619	376123	748.84	427.40	43	50	-1	12.57	12.57
Saccade L	1	6	7411207619	7411231749	24130	746.16	431.25	801.47	423.40	1.19	81.10	0.50	49.43	2673.80	-3144.55	2025.69
Saccade R	1	6	7411207619	7411231749	24130	746.16	431.25	801.47	423.40	1.19	81.10	0.50	49.43	2673.80	-3144.55	2025.69
Fixation L	1	7	7411231749	7411333732	101983	799.01	440.76	28	45	-1	11.95	11.95
Fixation R	1	7	7411231749	7411333732	101983	799.01	440.76	28	45	-1	12.63	12.63
Saccade L	1	7	7411333732	7411355727	21995	794.47	466.54	778.91	434.03	0.70	43.70	0.46	31.74	1174.62	-1084.28	838.78
Saccade R	1	7	7411333732	7411355727	21995	794.47	466.54	778.91	434.03	0.70	43.70	0.46	31.74	1174.62	-1084.28	838.78
Saccade L	1	8	7411363839	7411391741	27902	780.24	433.32	823.55	457.35	1.01	47.85	0.43	36.07	1501.60	-1290.45	934.53
Saccade R	1	8	7411363839	7411391741	27902	780.24	433.32	823.55	457.35	1.01	47.85	0.43	36.07	1501.60	-1290.45	934.53
Saccade L	1	9	7411395984	7411424203	28219	826.39	456.83	786.16	416.72	1.15	62.61	0.42	40.70	1551.41	-2470.48	1517.11
Saccade R	1	9	7411395984	7411424203	28219	826.39	456.83	786.16	416.72	1.15	62.61	0.42	40.70	1551.41	-2470.48	1517.11
Fixation L	1	8	7411424203	7411501850	77647	802.32	428.46	36	20	-1	11.87	11.87
Fixation R	1	8	7411424203	7411501850	77647	802.32	428.46	36	20	-1	12.63	12.63
Saccade L	1	10	7411501850	7411527877	26027	817.95	438.22	786.19	418.76	0.84	46.27	0.46	32.09	1790.27	-1604.10	1201.72
Saccade R	1	10	7411501850	7411527877	26027	817.95	438.22	786.19	418.76	0.84	46.27	0.46	32.09	1790.27	-1604.10	1201.72
Fixation L	1	9	7411527877	7411921973	394096	822.36	431.71	103	32	-1	11.96	11.96
Fixation R	1	9	7411527877	7411921973	394096	822.36	431.71	103	32	-1	12.63	12.63
Saccade L	1	11	7411921973	7411945971	23998	875.40	427.84	974.14	436.31	2.12	171.82	0.50	88.46	6744.79	-6258.94	4521.16
Saccade R	1	11	7411921973	7411945971	23998	875.40	427.84	974.14	436.31	2.12	171.82	0.50	88.46	6744.79	-6258.94	4521.16
Fixation L	1	10	7411945971	7412110180	164209	956.41	447.47	42	26	-1	12.01	12.01
Fixation R	1	10	7411945971	7412110180	164209	956.41	447.47	42	26	-1	12.60	12.60
Saccade L	1	12	7412110180	7412160096	49916	932.64	441.64	1028.07	420.92	3.32	203.45	0.28	66.48	7694.65	-6998.20	3505.89
Saccade R	1	12	7412110180	7412160096	49916	932.64	441.64	1028.07	420.92	3.32	203.45	0.28	66.48	7694.65	-6998.20	3505.89
Saccade L	1	13	7412166097	7412198150	32053	1027.46	422.36	1002.35	457.35	0.99	40.25	0.44	30.96	947.30	-1310.52	827.13
Saccade R	1	13	7412166097	7412198150	32053	1027.46	422.36	1002.35	457.35	0.99	40.25	0.44	30.96	947.30	-1310.52	827.13
Fixation L	1	11	7412198150	7412598082	399932	1031.03	448.02	57	61	-1	11.96	11.96
Fixation R	1	11	7412198150	7412598082	399932	1031.03	448.02	57	61	-1	12.44	12.44
Saccade L	1	14	7412598082	7412629742	31660	1053.24	450.07	964.36	469.81	2.00	128.42	0.32	63.30	5152.55	-4889.62	3527.38
Saccade R	1	14	7412598082	7412629742	31660	1053.24	450.07	964.36	469.81	2.00	128.42	0.32	63.30	5152.55	-4889.62	3527.38
Fixation L	1	12	7412629742	7412790797	161055	956.85	457.77	20	21	-1	12.02	12.02
Fixation R	1	12	7412629742	7412790797	161055	956.85	457.77	20	21	-1	12.62	12.62
Saccade L	1	15	7412790797	7412826324	35527	952.76	454.21	1062.25	467.55	2.75	186.30	0.44	77.51	7431.50	-7151.70	4905.03
Saccade R	1	15	7412790797	7412826324	35527	952.76	454.21	1062.25	467.55	2.75	186.30	0.44	77.51	7431.50	-7151.70	4905.03
Fixation L	1	13	7412826324	7413086439	260115	1045.69	459.41	35	15	-1	12.05	12.05
Fixation R	1	13	7412826324	7413086439	260115	1045.69	459.41	35	15	-1	12.67	12.67
Saccade L	1	16	7413086439	7413112445	26006	1031.05	460.20	1155.49	441.72	2.68	199.28	0.54	102.89	8191.41	-7705.84	5672.13
Saccade R	1	16	7413086439	7413112445	26006	1031.05	460.20	1155.49	441.72	2.68	199.28	0.54	102.89	8191.41	-7705.84	5672.13
Fixation L	1	14	7413112445	7413472679	360234	1143.76	451.67	28	27	-1	12.09	12.09
Fixation R	1	14	7413112445	7413472679	360234	1143.76	451.67	28	27	-1	12.73	12.73
Saccade L	1	17	7413472679	7413562025	89346	1161.56	438.05	894.11	927.30	15.26	467.21	0.29	170.79	18724.44	-16860.49	8579.11
Saccade R	1	17	7413472679	7413562025	89346	1161.56	438.05	894.11	927.30	15.26	467.21	0.29	170.79	18724.44	-16860.49	8579.11
Fixation L	1	15	7413562025	7413650924	88899	877.52	925.41	32	20	-1	12.54	12.54
Fixation R	1	15	7413562025	7413650924	88899	877.52	925.41	32	20	-1	13.18	13.18
Saccade L	1	18	7413650924	7413678806	27882	865.78	939.05	882.12	976.20	0.89	44.71	0.51	32.03	1539.66	-697.00	788.99
Saccade R	1	18	7413650924	7413678806	27882	865.78	939.05	882.12	976.20	0.89	44.71	0.51	32.03	1539.66	-697.00	788.99
Saccade L	1	19	7413682929	7413706826	23897	879.42	975.81	884.83	934.14	0.85	51.65	0.41	35.49	889.68	-1708.56	962.19
Saccade R	1	19	7413682929	7413706826	23897	879.42	975.81	884.83	934.14	0.85	51.65	0.41	35.49	889.68	-1708.56	962.19
Saccade L	1	20	7413744821	7413776808	31987	872.67	958.62	903.21	948.02	0.92	41.99	0.63	28.83	1040.13	-1276.01	775.62
Saccade R	1	20	7413744821	7413776808	31987	872.67	958.62	903.21	948.02	0.92	41.99	0.63	28.83	1040.13	-1276.01	775.62
Fixation L	1	16	7413776808	7414039929	263121	891.19	939.54	43	33	-1	12.54	12.54
Fixation R	1	16	7413776808	7414039929	263121	891.19	939.54	43	33	-1	13.42	13.42
