[BeGaze]
Converted from:	C:\Program Files\SMI\Experiment Suite 360\Experiment Center 2\Results\RC-Attachment-Exp\P05-eye_data.idf
Date:	18.03.2012 20:05:33
Version:	BeGaze 3.0.181
Sample Rate:	500
Subject:	P05
Description:	Kibrisli

Table Header for Fixations:
Event Type	Trial	Number	Start	End	Duration	Location X	Location Y	Dispersion X	Dispersion Y	Plane	Avg. Pupil Size X	Avg. Pupil Size Y

Table Header for Saccades:
Event Type	Trial	Number	Start	End	Duration	Start Loc.X	Start Loc.Y	End Loc.X	End Loc.Y	Amplitude	Peak Speed	Peak Speed At	Average Speed	Peak Accel.	Peak Decel.	Average Accel.

Table Header for Blinks:
Event Type	Trial	Number	Start	End	Duration

Table Header for User Events:
Event Type	Trial	Number	Start	Description

UserEvent	1	1	5796363903	# Message: Validation.jpg
Fixation L	1	1	5796366899	5796719920	353021	823.74	527.57	15	17	-1	14.98	14.98
Fixation R	1	1	5796366899	5796719920	353021	823.74	527.57	15	17	-1	15.91	15.91
Saccade L	1	1	5796719920	5796782027	62107	824.17	531.66	476.36	298.81	9.48	314.47	0.36	152.67	13883.06	-8258.05	7579.08
Saccade R	1	1	5796719920	5796782027	62107	824.17	531.66	476.36	298.81	9.48	314.47	0.36	152.67	13883.06	-8258.05	7579.08
Fixation L	1	2	5796782027	5796846021	63994	473.23	292.25	10	12	-1	14.69	14.69
Fixation R	1	2	5796782027	5796846021	63994	473.23	292.25	10	12	-1	15.42	15.42
Saccade L	1	2	5796846021	5796876021	30000	477.60	288.82	472.29	287.20	4.63	184.94	0.43	154.38	8537.97	-7039.62	6205.17
Saccade R	1	2	5796846021	5796876021	30000	477.60	288.82	472.29	287.20	4.63	184.94	0.43	154.38	8537.97	-7039.62	6205.17
Saccade L	1	3	5796880032	5796902056	22024	472.11	290.10	437.82	290.50	0.67	46.77	0.36	30.21	-457.35	-6036.60	2571.47
Saccade R	1	3	5796880032	5796902056	22024	472.11	290.10	437.82	290.50	0.67	46.77	0.36	30.21	-457.35	-6036.60	2571.47
Fixation L	1	3	5796902056	5797294271	392215	435.66	283.90	16	19	-1	14.48	14.48
Fixation R	1	3	5796902056	5797294271	392215	435.66	283.90	16	19	-1	15.37	15.37
Blink L	1	1	5797294271	5797326261	31990
Blink R	1	1	5797294271	5797326261	31990
Fixation L	1	4	5797326261	5797429911	103650	430.12	290.52	23	18	-1	15.06	15.06
Fixation R	1	4	5797326261	5797429911	103650	430.12	290.52	23	18	-1	15.98	15.98
Fixation L	1	5	5797446259	5798476754	1030495	436.99	304.01	68	55	-1	15.45	15.45
Fixation R	1	5	5797446259	5798476754	1030495	436.99	304.01	68	55	-1	16.30	16.30
Saccade L	1	4	5798491763	5798532944	41181	429.75	382.35	429.21	273.04	1.36	57.89	0.32	33.07	600.79	-1323.69	768.02
Saccade R	1	4	5798491763	5798532944	41181	429.75	382.35	429.21	273.04	1.36	57.89	0.32	33.07	600.79	-1323.69	768.02
Saccade L	1	5	5798542764	5798594870	52106	427.78	271.75	698.29	435.12	7.34	285.90	0.38	140.88	12679.41	-10134.18	7917.46
Saccade R	1	5	5798542764	5798594870	52106	427.78	271.75	698.29	435.12	7.34	285.90	0.38	140.88	12679.41	-10134.18	7917.46
Fixation L	1	6	5798594870	5798680900	86030	719.67	451.42	45	25	-1	15.22	15.22
Fixation R	1	6	5798594870	5798680900	86030	719.67	451.42	45	25	-1	16.22	16.22
Saccade L	1	6	5798680900	5798766861	85961	745.47	458.45	1013.23	671.07	7.91	288.60	0.26	91.98	12347.68	-10066.81	4906.07
Saccade R	1	6	5798680900	5798766861	85961	745.47	458.45	1013.23	671.07	7.91	288.60	0.26	91.98	12347.68	-10066.81	4906.07
Fixation L	1	7	5798766861	5798838859	71998	1022.03	679.29	17	15	-1	15.63	15.63
Fixation R	1	7	5798766861	5798838859	71998	1022.03	679.29	17	15	-1	16.55	16.55
Saccade L	1	7	5798838859	5798879006	40147	1029.94	685.48	1181.71	779.21	4.34	265.66	0.35	108.04	11027.73	-10620.16	7075.85
Saccade R	1	7	5798838859	5798879006	40147	1029.94	685.48	1181.71	779.21	4.34	265.66	0.35	108.04	11027.73	-10620.16	7075.85
Saccade L	1	8	5798950983	5799031303	80320	1208.75	781.01	1273.84	807.11	15.59	580.81	0.37	194.11	23375.02	-22669.22	9989.26
Saccade R	1	8	5798950983	5799031303	80320	1208.75	781.01	1273.84	807.11	15.59	580.81	0.37	194.11	23375.02	-22669.22	9989.26
Fixation L	1	8	5799031303	5799789370	758067	1278.42	802.47	35	24	-1	14.72	14.72
Fixation R	1	8	5799031303	5799789370	758067	1278.42	802.47	35	24	-1	15.64	15.64
Saccade L	1	9	5799789370	5799825344	35974	1284.25	799.15	1276.46	816.87	1.00	58.89	0.69	27.86	1367.77	-1253.50	843.10
Saccade R	1	9	5799789370	5799825344	35974	1284.25	799.15	1276.46	816.87	1.00	58.89	0.69	27.86	1367.77	-1253.50	843.10
Fixation L	1	9	5799825344	5799933393	108049	1265.98	797.45	18	35	-1	14.59	14.59
Fixation R	1	9	5799825344	5799933393	108049	1265.98	797.45	18	35	-1	15.57	15.57
Saccade L	1	10	5799933393	5799995471	62078	1267.75	782.38	1186.23	251.70	12.07	368.04	0.29	194.44	16567.57	-9026.06	8378.09
Saccade R	1	10	5799933393	5799995471	62078	1267.75	782.38	1186.23	251.70	12.07	368.04	0.29	194.44	16567.57	-9026.06	8378.09
Saccade L	1	11	5800001468	5800059525	58057	1184.63	253.94	1260.23	242.94	2.38	94.30	0.41	40.94	2948.35	-2306.17	1555.32
Saccade R	1	11	5800001468	5800059525	58057	1184.63	253.94	1260.23	242.94	2.38	94.30	0.41	40.94	2948.35	-2306.17	1555.32
Fixation L	1	10	5800059525	5800411584	352059	1245.19	263.72	35	38	-1	14.76	14.76
Fixation R	1	10	5800059525	5800411584	352059	1245.19	263.72	35	38	-1	15.61	15.61
Saccade L	1	12	5800411584	5800441584	30000	1230.99	261.06	1230.59	295.12	0.79	40.07	0.53	26.33	1310.11	-1230.91	933.35
Saccade R	1	12	5800411584	5800441584	30000	1230.99	261.06	1230.59	295.12	0.79	40.07	0.53	26.33	1310.11	-1230.91	933.35
Fixation L	1	11	5800441584	5800591736	150152	1231.70	291.88	30	25	-1	15.54	15.54
Fixation R	1	11	5800441584	5800591736	150152	1231.70	291.88	30	25	-1	16.28	16.28
Saccade L	1	13	5800591736	5800639727	47991	1226.49	302.61	1251.84	283.63	1.18	43.81	0.67	24.59	970.74	-567.14	463.80
Saccade R	1	13	5800591736	5800639727	47991	1226.49	302.61	1251.84	283.63	1.18	43.81	0.67	24.59	970.74	-567.14	463.80
Fixation L	1	12	5800639727	5800697720	57993	1242.42	299.85	14	39	-1	15.86	15.86
Fixation R	1	12	5800639727	5800697720	57993	1242.42	299.85	14	39	-1	16.46	16.46
Saccade L	1	14	5800697720	5800727827	30107	1238.58	308.47	1234.05	264.86	0.95	52.61	0.40	31.50	2077.12	-1772.20	1382.94
Saccade R	1	14	5800697720	5800727827	30107	1238.58	308.47	1234.05	264.86	0.95	52.61	0.40	31.50	2077.12	-1772.20	1382.94
Fixation L	1	13	5800727827	5801306092	578265	1219.74	301.47	53	80	-1	15.73	15.73
Fixation R	1	13	5800727827	5801306092	578265	1219.74	301.47	53	80	-1	16.25	16.25
Saccade L	1	15	5801306092	5801410973	104881	1192.90	296.36	811.32	649.33	12.20	275.78	0.34	116.36	11403.42	-10837.52	4275.45
Saccade R	1	15	5801306092	5801410973	104881	1192.90	296.36	811.32	649.33	12.20	275.78	0.34	116.36	11403.42	-10837.52	4275.45
Blink L	1	2	5801574223	5801752736	178513
Blink R	1	2	5801574223	5801752736	178513
Saccade L	1	16	5801760196	5801810548	50352	349.94	808.39	359.29	858.54	1.63	58.61	0.64	32.28	1208.64	-2220.58	1030.16
Saccade R	1	16	5801760196	5801810548	50352	349.94	808.39	359.29	858.54	1.63	58.61	0.64	32.28	1208.64	-2220.58	1030.16
Blink L	1	3	5801834323	5801928306	93983
Blink R	1	3	5801834323	5801928306	93983
Blink L	1	4	5801960305	5802060301	99996
Blink R	1	4	5801960305	5802060301	99996
Blink L	1	5	5802066298	5802126426	60128
Blink R	1	5	5802066298	5802126426	60128
Saccade L	1	17	5802126426	5802152442	26016	345.80	768.34	368.68	807.45	0.88	58.69	0.46	33.69	316.13	-1850.21	711.14
Saccade R	1	17	5802126426	5802152442	26016	345.80	768.34	368.68	807.45	0.88	58.69	0.46	33.69	316.13	-1850.21	711.14
Saccade L	1	18	5802158501	5802182672	24171	369.91	807.87	387.14	797.98	0.69	45.05	0.41	28.58	911.12	-457.74	513.71
Saccade R	1	18	5802158501	5802182672	24171	369.91	807.87	387.14	797.98	0.69	45.05	0.41	28.58	911.12	-457.74	513.71
Saccade L	1	19	5802186422	5802208764	22342	390.38	795.60	344.37	799.64	0.91	67.23	0.47	40.95	1638.15	-2709.98	1492.24
Saccade R	1	19	5802186422	5802208764	22342	390.38	795.60	344.37	799.64	0.91	67.23	0.47	40.95	1638.15	-2709.98	1492.24
Saccade L	1	20	5802281380	5802304737	23357	383.13	783.46	335.70	781.33	0.93	63.66	0.51	39.92	1908.07	-2423.28	1522.70
Saccade R	1	20	5802281380	5802304737	23357	383.13	783.46	335.70	781.33	0.93	63.66	0.51	39.92	1908.07	-2423.28	1522.70
