[BeGaze]
Converted from:	C:\Program Files\SMI\Experiment Suite 360\Experiment Center 2\Results\RC-Attachment-Exp\P21-eye_data.idf
Date:	18.03.2012 20:16:42
Version:	BeGaze 3.0.181
Sample Rate:	500
Subject:	P21
Description:	Run26

Table Header for Fixations:
Event Type	Trial	Number	Start	End	Duration	Location X	Location Y	Dispersion X	Dispersion Y	Plane	Avg. Pupil Size X	Avg. Pupil Size Y

Table Header for Saccades:
Event Type	Trial	Number	Start	End	Duration	Start Loc.X	Start Loc.Y	End Loc.X	End Loc.Y	Amplitude	Peak Speed	Peak Speed At	Average Speed	Peak Accel.	Peak Decel.	Average Accel.

Table Header for Blinks:
Event Type	Trial	Number	Start	End	Duration

Table Header for User Events:
Event Type	Trial	Number	Start	Description

UserEvent	1	1	20099893727	# Message: Dist-srthm-24.jpg
Fixation L	1	1	20099894605	20100656818	762213	488.38	444.18	30	24	-1	14.47	14.47
Fixation R	1	1	20099894605	20100656818	762213	488.38	444.18	30	24	-1	15.07	15.07
Saccade L	1	1	20100656818	20100688639	31821	494.83	446.23	546.75	443.72	1.12	55.23	0.37	35.11	2156.93	-1834.14	1428.11
Saccade R	1	1	20100656818	20100688639	31821	494.83	446.23	546.75	443.72	1.12	55.23	0.37	35.11	2156.93	-1834.14	1428.11
Fixation L	1	2	20100688639	20100870771	182132	550.92	445.95	8	7	-1	15.16	15.16
Fixation R	1	2	20100688639	20100870771	182132	550.92	445.95	8	7	-1	15.96	15.96
Saccade L	1	2	20100870771	20100904763	33992	551.71	447.08	625.89	450.31	1.60	81.24	0.29	46.96	3411.91	-2809.08	2190.11
Saccade R	1	2	20100870771	20100904763	33992	551.71	447.08	625.89	450.31	1.60	81.24	0.29	46.96	3411.91	-2809.08	2190.11
Fixation L	1	3	20100904763	20101110877	206114	629.95	447.17	20	18	-1	15.63	15.63
Fixation R	1	3	20100904763	20101110877	206114	629.95	447.17	20	18	-1	16.10	16.10
Saccade L	1	3	20101110877	20101158877	48000	623.22	437.21	745.35	454.93	2.77	104.87	0.42	57.70	4451.61	-3522.01	2673.33
Saccade R	1	3	20101110877	20101158877	48000	623.22	437.21	745.35	454.93	2.77	104.87	0.42	57.70	4451.61	-3522.01	2673.33
Fixation L	1	4	20101158877	20101405009	246132	746.81	440.03	22	20	-1	15.49	15.49
Fixation R	1	4	20101158877	20101405009	246132	746.81	440.03	22	20	-1	15.98	15.98
Saccade L	1	4	20101405009	20101466998	61989	735.99	436.03	917.35	445.04	4.03	146.00	0.26	64.96	6342.98	-4438.14	2980.65
Saccade R	1	4	20101405009	20101466998	61989	735.99	436.03	917.35	445.04	4.03	146.00	0.26	64.96	6342.98	-4438.14	2980.65
Fixation L	1	5	20101466998	20101634976	167978	914.19	444.59	13	11	-1	15.17	15.17
Fixation R	1	5	20101466998	20101634976	167978	914.19	444.59	13	11	-1	15.71	15.71
Saccade L	1	5	20101634976	20101669100	34124	916.66	442.09	968.97	444.21	1.14	48.59	0.47	33.34	1680.01	-1814.44	1274.43
Saccade R	1	5	20101634976	20101669100	34124	916.66	442.09	968.97	444.21	1.14	48.59	0.47	33.34	1680.01	-1814.44	1274.43
Fixation L	1	6	20101669100	20101841111	172011	972.97	450.88	24	12	-1	14.94	14.94
Fixation R	1	6	20101669100	20101841111	172011	972.97	450.88	24	12	-1	15.27	15.27
Saccade L	1	6	20101841111	20101887378	46267	984.78	452.28	1082.13	435.57	2.17	85.01	0.30	46.93	3508.33	-2503.97	2059.42
Saccade R	1	6	20101841111	20101887378	46267	984.78	452.28	1082.13	435.57	2.17	85.01	0.30	46.93	3508.33	-2503.97	2059.42
Fixation L	1	7	20101887378	20102113250	225872	1082.58	442.92	11	15	-1	14.48	14.48
Fixation R	1	7	20101887378	20102113250	225872	1082.58	442.92	11	15	-1	14.92	14.92
Saccade L	1	7	20102113250	20102155236	41986	1090.06	444.56	1156.44	432.06	1.51	57.94	0.34	35.97	2074.93	-1630.76	1316.88
Saccade R	1	7	20102113250	20102155236	41986	1090.06	444.56	1156.44	432.06	1.51	57.94	0.34	35.97	2074.93	-1630.76	1316.88
Fixation L	1	8	20102155236	20102285326	130090	1158.37	433.35	10	8	-1	14.40	14.40
Fixation R	1	8	20102155236	20102285326	130090	1158.37	433.35	10	8	-1	14.79	14.79
Saccade L	1	8	20102285326	20102367374	82048	1153.28	426.61	719.56	424.84	10.46	357.99	0.27	127.47	15504.99	-12895.35	6606.53
Saccade R	1	8	20102285326	20102367374	82048	1153.28	426.61	719.56	424.84	10.46	357.99	0.27	127.47	15504.99	-12895.35	6606.53
Fixation L	1	9	20102367374	20102501446	134072	742.74	436.11	37	21	-1	14.68	14.68
Fixation R	1	9	20102367374	20102501446	134072	742.74	436.11	37	21	-1	14.95	14.95
Saccade L	1	9	20102501446	20102578297	76851	751.44	443.39	770.12	923.20	11.17	300.95	0.31	145.39	12731.41	-8481.88	6449.97
Saccade R	1	9	20102501446	20102578297	76851	751.44	443.39	770.12	923.20	11.17	300.95	0.31	145.39	12731.41	-8481.88	6449.97
Fixation L	1	10	20102578297	20102739575	161278	776.68	893.18	20	51	-1	15.84	15.84
Fixation R	1	10	20102578297	20102739575	161278	776.68	893.18	20	51	-1	16.19	16.19
Saccade L	1	10	20102739575	20102785559	45984	783.85	873.75	844.93	946.96	2.03	72.45	0.31	44.07	3132.53	-1575.07	1584.60
Saccade R	1	10	20102739575	20102785559	45984	783.85	873.75	844.93	946.96	2.03	72.45	0.31	44.07	3132.53	-1575.07	1584.60
Fixation L	1	11	20102785559	20104208126	1422567	857.08	925.31	59	51	-1	15.83	15.83
Fixation R	1	11	20102785559	20104208126	1422567	857.08	925.31	59	51	-1	16.21	16.21
Saccade L	1	11	20104208126	20104260648	52522	874.81	905.92	906.42	890.13	2.39	92.02	0.69	45.42	2178.57	-1117.12	1344.21
Saccade R	1	11	20104208126	20104260648	52522	874.81	905.92	906.42	890.13	2.39	92.02	0.69	45.42	2178.57	-1117.12	1344.21
