[BeGaze]
Converted from:	C:\Program Files\SMI\Experiment Suite 360\Experiment Center 2\Results\RC-Attachment-Exp\P06-eye_data.idf
Date:	18.03.2012 20:06:15
Version:	BeGaze 3.0.181
Sample Rate:	500
Subject:	P06
Description:	kibrisli

Table Header for Fixations:
Event Type	Trial	Number	Start	End	Duration	Location X	Location Y	Dispersion X	Dispersion Y	Plane	Avg. Pupil Size X	Avg. Pupil Size Y

Table Header for Saccades:
Event Type	Trial	Number	Start	End	Duration	Start Loc.X	Start Loc.Y	End Loc.X	End Loc.Y	Amplitude	Peak Speed	Peak Speed At	Average Speed	Peak Accel.	Peak Decel.	Average Accel.

Table Header for Blinks:
Event Type	Trial	Number	Start	End	Duration

Table Header for User Events:
Event Type	Trial	Number	Start	Description

UserEvent	1	1	7099490673	# Message: Dist-srthm-21.jpg
Fixation L	1	1	7099493805	7099623997	130192	469.52	473.71	60	32	-1	13.01	13.01
Fixation R	1	1	7099493805	7099623997	130192	469.52	473.71	60	32	-1	13.05	13.05
Saccade L	1	1	7099623997	7099654005	30008	440.75	474.80	480.00	481.25	5.06	251.49	0.53	168.48	10594.13	-11386.66	8419.38
Saccade R	1	1	7099623997	7099654005	30008	440.75	474.80	480.00	481.25	5.06	251.49	0.53	168.48	10594.13	-11386.66	8419.38
Saccade L	1	2	7099678008	7099703998	25990	486.13	484.33	445.40	464.58	0.94	52.35	0.47	36.17	1979.75	-1552.91	1282.07
Saccade R	1	2	7099678008	7099703998	25990	486.13	484.33	445.40	464.58	0.94	52.35	0.47	36.17	1979.75	-1552.91	1282.07
Fixation L	1	2	7099703998	7099802026	98028	464.97	462.85	38	16	-1	12.79	12.79
Fixation R	1	2	7099703998	7099802026	98028	464.97	462.85	38	16	-1	12.91	12.91
Blink L	1	1	7099802026	7100034121	232095
Blink R	1	1	7099802026	7100034121	232095
Fixation L	1	3	7100034121	7100456232	422111	505.26	459.37	84	63	-1	12.87	12.87
Fixation R	1	3	7100034121	7100456232	422111	505.26	459.37	84	63	-1	13.03	13.03
Saccade L	1	3	7100456232	7100490550	34318	524.14	486.26	612.09	486.71	1.90	94.77	0.59	55.27	3729.75	-3680.93	2720.70
Saccade R	1	3	7100456232	7100490550	34318	524.14	486.26	612.09	486.71	1.90	94.77	0.59	55.27	3729.75	-3680.93	2720.70
Fixation L	1	4	7100490550	7100668406	177856	612.62	478.23	40	43	-1	13.88	13.88
Fixation R	1	4	7100490550	7100668406	177856	612.62	478.23	40	43	-1	13.94	13.94
Saccade L	1	4	7100668406	7100704483	36077	613.18	477.96	709.52	477.41	2.05	125.87	0.28	56.75	4443.53	-4503.53	2790.23
Saccade R	1	4	7100668406	7100704483	36077	613.18	477.96	709.52	477.41	2.05	125.87	0.28	56.75	4443.53	-4503.53	2790.23
Fixation L	1	5	7100704483	7101006601	302118	704.81	458.59	40	50	-1	14.01	14.01
Fixation R	1	5	7100704483	7101006601	302118	704.81	458.59	40	50	-1	14.13	14.13
Saccade L	1	5	7101006601	7101030603	24002	690.98	465.75	738.51	458.00	0.99	65.31	0.42	41.42	2460.58	-2458.34	1704.71
Saccade R	1	5	7101006601	7101030603	24002	690.98	465.75	738.51	458.00	0.99	65.31	0.42	41.42	2460.58	-2458.34	1704.71
Fixation L	1	6	7101030603	7101114605	84002	753.13	457.84	37	4	-1	14.34	14.34
Fixation R	1	6	7101030603	7101114605	84002	753.13	457.84	37	4	-1	14.22	14.22
Saccade L	1	6	7101114605	7101142701	28096	772.14	455.22	743.02	484.02	0.84	42.25	0.50	29.97	1377.65	-1333.04	1009.15
Saccade R	1	6	7101114605	7101142701	28096	772.14	455.22	743.02	484.02	0.84	42.25	0.50	29.97	1377.65	-1333.04	1009.15
Saccade L	1	7	7101164939	7101194601	29662	743.74	490.16	834.71	461.96	2.07	133.56	0.58	69.95	5491.04	-5318.23	3926.78
Saccade R	1	7	7101164939	7101194601	29662	743.74	490.16	834.71	461.96	2.07	133.56	0.58	69.95	5491.04	-5318.23	3926.78
Fixation L	1	7	7101194601	7101482722	288121	844.62	460.10	23	46	-1	14.46	14.46
Fixation R	1	7	7101194601	7101482722	288121	844.62	460.10	23	46	-1	14.33	14.33
Saccade L	1	8	7101482722	7101510843	28121	838.38	428.17	901.74	449.13	1.65	103.19	0.43	58.75	3872.57	-3956.08	2822.94
Saccade R	1	8	7101482722	7101510843	28121	838.38	428.17	901.74	449.13	1.65	103.19	0.43	58.75	3872.57	-3956.08	2822.94
Fixation L	1	8	7101510843	7102070961	560118	949.61	463.44	128	65	-1	13.94	13.94
Fixation R	1	8	7101510843	7102070961	560118	949.61	463.44	128	65	-1	13.80	13.80
Saccade L	1	9	7102070961	7102101076	30115	1022.64	463.81	952.55	470.24	1.69	106.97	0.40	56.01	3380.95	-3761.90	2544.34
Saccade R	1	9	7102070961	7102101076	30115	1022.64	463.81	952.55	470.24	1.69	106.97	0.40	56.01	3380.95	-3761.90	2544.34
Fixation L	1	9	7102101076	7102319073	217997	945.56	472.27	23	21	-1	13.75	13.75
Fixation R	1	9	7102101076	7102319073	217997	945.56	472.27	23	21	-1	13.57	13.57
Saccade L	1	10	7102319073	7102357202	38129	933.99	476.88	1058.00	441.49	2.91	177.31	0.37	76.37	7270.65	-6495.55	4145.38
Saccade R	1	10	7102319073	7102357202	38129	933.99	476.88	1058.00	441.49	2.91	177.31	0.37	76.37	7270.65	-6495.55	4145.38
Fixation L	1	10	7102357202	7102751327	394125	1030.36	464.26	50	56	-1	13.83	13.83
Fixation R	1	10	7102357202	7102751327	394125	1030.36	464.26	50	56	-1	13.57	13.57
Saccade L	1	11	7102751327	7102791328	40001	1021.06	488.69	1105.66	474.77	2.01	89.31	0.55	50.33	3587.30	-3164.15	2391.54
Saccade R	1	11	7102751327	7102791328	40001	1021.06	488.69	1105.66	474.77	2.01	89.31	0.55	50.33	3587.30	-3164.15	2391.54
Fixation L	1	11	7102791328	7103307561	516233	1104.82	464.91	32	44	-1	13.35	13.35
Fixation R	1	11	7102791328	7103307561	516233	1104.82	464.91	32	44	-1	13.41	13.41
Saccade L	1	12	7103307561	7103340090	32529	1094.77	479.77	936.56	489.49	3.45	216.09	0.43	106.21	9102.01	-8859.26	6475.61
Saccade R	1	12	7103307561	7103340090	32529	1094.77	479.77	936.56	489.49	3.45	216.09	0.43	106.21	9102.01	-8859.26	6475.61
Fixation L	1	12	7103340090	7103616259	276169	932.74	476.41	20	33	-1	13.55	13.55
Fixation R	1	12	7103340090	7103616259	276169	932.74	476.41	20	33	-1	13.43	13.43
Blink L	1	2	7103616259	7103835800	219541
Blink R	1	2	7103616259	7103835800	219541
Saccade L	1	13	7103835800	7103893793	57993	843.56	1009.07	872.67	842.06	4.22	143.94	0.61	72.74	1974.34	-37519.25	4664.86
Saccade R	1	13	7103835800	7103893793	57993	843.56	1009.07	872.67	842.06	4.22	143.94	0.61	72.74	1974.34	-37519.25	4664.86
Saccade L	1	14	7103893793	7103936556	42763	872.67	842.06	867.33	902.30	1.41	41.52	0.51	32.89	689.76	-907.45	553.45
Saccade R	1	14	7103893793	7103936556	42763	872.67	842.06	867.33	902.30	1.41	41.52	0.51	32.89	689.76	-907.45	553.45
Fixation L	1	13	7103936556	7104189919	253363	859.38	953.33	56	98	-1	14.25	14.25
Fixation R	1	13	7103936556	7104189919	253363	859.38	953.33	56	98	-1	13.96	13.96
Saccade L	1	15	7104189919	7104216049	26130	837.63	974.98	901.41	979.76	1.50	113.57	0.48	57.53	4002.70	-1628.93	1899.88
Saccade R	1	15	7104189919	7104216049	26130	837.63	974.98	901.41	979.76	1.50	113.57	0.48	57.53	4002.70	-1628.93	1899.88
Saccade L	1	16	7104216049	7104244189	28140	901.41	979.76	830.63	972.42	1.66	119.48	0.42	59.01	1691.86	-4387.11	2159.75
Saccade R	1	16	7104216049	7104244189	28140	901.41	979.76	830.63	972.42	1.66	119.48	0.42	59.01	1691.86	-4387.11	2159.75
Fixation L	1	14	7104244189	7104728350	484161	858.26	958.25	61	56	-1	14.38	14.38
Fixation R	1	14	7104244189	7104728350	484161	858.26	958.25	61	56	-1	14.35	14.35
