[BeGaze]
Converted from:	C:\Program Files\SMI\Experiment Suite 360\Experiment Center 2\Results\RC-Attachment-Exp\Deney02-eye_data.idf
Date:	18.03.2012 20:03:47
Version:	BeGaze 3.0.181
Sample Rate:	500
Subject:	Deney02
Description:	Run5

Table Header for Fixations:
Event Type	Trial	Number	Start	End	Duration	Location X	Location Y	Dispersion X	Dispersion Y	Plane	Avg. Pupil Size X	Avg. Pupil Size Y

Table Header for Saccades:
Event Type	Trial	Number	Start	End	Duration	Start Loc.X	Start Loc.Y	End Loc.X	End Loc.Y	Amplitude	Peak Speed	Peak Speed At	Average Speed	Peak Accel.	Peak Decel.	Average Accel.

Table Header for Blinks:
Event Type	Trial	Number	Start	End	Duration

Table Header for User Events:
Event Type	Trial	Number	Start	Description

UserEvent	1	1	3202969854	# Message: RC-N1forced-anim-3.jpg
Fixation L	1	1	3202971925	3203373682	401757	483.48	440.49	18	18	-1	12.17	12.17
Fixation R	1	1	3202971925	3203373682	401757	483.48	440.49	18	18	-1	12.76	12.76
Saccade L	1	1	3203373682	3203395742	22060	489.25	437.79	523.21	444.87	0.75	51.69	0.45	34.00	1956.72	-1759.62	1259.54
Saccade R	1	1	3203373682	3203395742	22060	489.25	437.79	523.21	444.87	0.75	51.69	0.45	34.00	1956.72	-1759.62	1259.54
Fixation L	1	2	3203395742	3203529804	134062	531.30	446.41	14	23	-1	12.38	12.38
Fixation R	1	2	3203395742	3203529804	134062	531.30	446.41	14	23	-1	13.26	13.26
Saccade L	1	2	3203529804	3203555816	26012	531.58	441.98	611.55	445.21	1.69	120.09	0.56	64.94	4576.81	-4920.85	3418.71
Saccade R	1	2	3203529804	3203555816	26012	531.58	441.98	611.55	445.21	1.69	120.09	0.56	64.94	4576.81	-4920.85	3418.71
Fixation L	1	3	3203555816	3203871910	316094	613.01	439.58	13	25	-1	12.29	12.29
Fixation R	1	3	3203555816	3203871910	316094	613.01	439.58	13	25	-1	13.41	13.41
Saccade L	1	3	3203871910	3203917911	46001	612.53	433.63	712.00	457.18	2.29	118.53	0.30	49.67	5016.37	-4011.86	2445.98
Saccade R	1	3	3203871910	3203917911	46001	612.53	433.63	712.00	457.18	2.29	118.53	0.30	49.67	5016.37	-4011.86	2445.98
Fixation L	1	4	3203917911	3204234025	316114	703.64	436.50	20	34	-1	12.23	12.23
Fixation R	1	4	3203917911	3204234025	316114	703.64	436.50	20	34	-1	13.38	13.38
Saccade L	1	4	3204234025	3204264341	30316	701.34	446.15	780.22	438.47	1.66	108.98	0.40	54.70	3493.75	-3817.79	2530.31
Saccade R	1	4	3204234025	3204264341	30316	701.34	446.15	780.22	438.47	1.66	108.98	0.40	54.70	3493.75	-3817.79	2530.31
Fixation L	1	5	3204264341	3204640270	375929	778.50	436.62	21	34	-1	12.29	12.29
Fixation R	1	5	3204264341	3204640270	375929	778.50	436.62	21	34	-1	13.33	13.33
Saccade L	1	5	3204640270	3204678274	38004	785.45	443.18	861.01	440.58	1.62	79.68	0.32	42.54	3229.24	-2336.02	1772.39
Saccade R	1	5	3204640270	3204678274	38004	785.45	443.18	861.01	440.58	1.62	79.68	0.32	42.54	3229.24	-2336.02	1772.39
Fixation L	1	6	3204678274	3205008364	330090	859.06	435.40	15	27	-1	11.90	11.90
Fixation R	1	6	3204678274	3205008364	330090	859.06	435.40	15	27	-1	13.10	13.10
Saccade L	1	6	3205008364	3205046491	38127	862.03	440.37	909.07	449.61	1.35	70.98	0.63	35.31	2212.04	-2538.49	1562.10
Saccade R	1	6	3205008364	3205046491	38127	862.03	440.37	909.07	449.61	1.35	70.98	0.63	35.31	2212.04	-2538.49	1562.10
Fixation L	1	7	3205046491	3205188591	142100	913.76	444.10	20	32	-1	11.81	11.81
Fixation R	1	7	3205046491	3205188591	142100	913.76	444.10	20	32	-1	12.76	12.76
Saccade L	1	7	3205188591	3205224983	36392	915.02	440.56	976.95	427.84	1.65	95.33	0.33	45.23	3513.95	-3185.82	2064.93
Saccade R	1	7	3205188591	3205224983	36392	915.02	440.56	976.95	427.84	1.65	95.33	0.33	45.23	3513.95	-3185.82	2064.93
Fixation L	1	8	3205224983	3205368602	143619	984.56	442.78	19	34	-1	11.54	11.54
Fixation R	1	8	3205224983	3205368602	143619	984.56	442.78	19	34	-1	12.62	12.62
Blink L	1	1	3205368602	3205556638	188036
Blink R	1	1	3205368602	3205556638	188036
Fixation L	1	9	3205556638	3205726715	170077	1004.25	442.17	23	21	-1	11.43	11.43
Fixation R	1	9	3205556638	3205726715	170077	1004.25	442.17	23	21	-1	12.49	12.49
Saccade L	1	8	3205726715	3205754906	28191	1008.66	441.58	1077.04	442.07	1.66	107.95	0.57	58.81	4257.89	-4265.36	3069.75
Saccade R	1	8	3205726715	3205754906	28191	1008.66	441.58	1077.04	442.07	1.66	107.95	0.57	58.81	4257.89	-4265.36	3069.75
Fixation L	1	10	3205754906	3206072830	317924	1095.49	437.87	36	26	-1	11.59	11.59
Fixation R	1	10	3205754906	3206072830	317924	1095.49	437.87	36	26	-1	12.55	12.55
Blink L	1	2	3206072830	3206329604	256774
Blink R	1	2	3206072830	3206329604	256774
Fixation L	1	11	3206329604	3206673047	343443	867.61	937.29	23	31	-1	12.27	12.27
Fixation R	1	11	3206329604	3206673047	343443	867.61	937.29	23	31	-1	12.74	12.74
Saccade L	1	9	3206673047	3206699753	26706	862.63	923.84	871.43	964.58	0.86	46.27	0.53	32.28	1635.18	-1405.02	1138.58
Saccade R	1	9	3206673047	3206699753	26706	862.63	923.84	871.43	964.58	0.86	46.27	0.53	32.28	1635.18	-1405.02	1138.58
Saccade L	1	10	3206775860	3206813173	37313	882.88	961.82	932.29	948.06	1.74	103.26	0.68	46.74	3051.89	-3302.88	1923.18
Saccade R	1	10	3206775860	3206813173	37313	882.88	961.82	932.29	948.06	1.74	103.26	0.68	46.74	3051.89	-3302.88	1923.18
Fixation L	1	12	3206813173	3206911169	97996	915.12	949.57	32	21	-1	12.26	12.26
Fixation R	1	12	3206813173	3206911169	97996	915.12	949.57	32	21	-1	12.98	12.98
