[BeGaze]
Converted from:	C:\Program Files\SMI\Experiment Suite 360\Experiment Center 2\Results\RC-Attachment-Exp\P33-eye_data.idf
Date:	18.03.2012 20:29:50
Version:	BeGaze 3.0.181
Sample Rate:	500
Subject:	P33
Description:	Run38

Table Header for Fixations:
Event Type	Trial	Number	Start	End	Duration	Location X	Location Y	Dispersion X	Dispersion Y	Plane	Avg. Pupil Size X	Avg. Pupil Size Y

Table Header for Saccades:
Event Type	Trial	Number	Start	End	Duration	Start Loc.X	Start Loc.Y	End Loc.X	End Loc.Y	Amplitude	Peak Speed	Peak Speed At	Average Speed	Peak Accel.	Peak Decel.	Average Accel.

Table Header for Blinks:
Event Type	Trial	Number	Start	End	Duration

Table Header for User Events:
Event Type	Trial	Number	Start	Description

UserEvent	1	1	3726495461	# Message: Dist-srthm-24.jpg
Fixation L	1	1	3726497668	3727180772	683104	496.85	427.34	33	42	-1	11.91	11.91
Fixation R	1	1	3726497668	3727180772	683104	496.85	427.34	33	42	-1	12.46	12.46
Saccade L	1	1	3727180772	3727202812	22040	502.15	452.18	578.21	447.58	1.48	117.96	0.45	67.29	3942.47	-4672.36	2939.49
Saccade R	1	1	3727180772	3727202812	22040	502.15	452.18	578.21	447.58	1.48	117.96	0.45	67.29	3942.47	-4672.36	2939.49
Fixation L	1	2	3727202812	3727348895	146083	567.58	445.53	22	12	-1	12.06	12.06
Fixation R	1	2	3727202812	3727348895	146083	567.58	445.53	22	12	-1	12.61	12.61
Saccade L	1	2	3727348895	3727378891	29996	561.85	447.00	645.74	435.52	1.83	116.18	0.40	60.93	4488.95	-4151.83	3069.07
Saccade R	1	2	3727348895	3727378891	29996	561.85	447.00	645.74	435.52	1.83	116.18	0.40	60.93	4488.95	-4151.83	3069.07
Fixation L	1	3	3727378891	3727575030	196139	637.84	433.32	30	25	-1	11.63	11.63
Fixation R	1	3	3727378891	3727575030	196139	637.84	433.32	30	25	-1	12.22	12.22
Saccade L	1	3	3727575030	3727603696	28666	620.91	435.62	732.84	439.70	2.45	169.19	0.42	85.32	6773.35	-6539.27	4827.40
Saccade R	1	3	3727575030	3727603696	28666	620.91	435.62	732.84	439.70	2.45	169.19	0.42	85.32	6773.35	-6539.27	4827.40
Fixation L	1	4	3727603696	3727861130	257434	753.10	442.34	30	23	-1	11.45	11.45
Fixation R	1	4	3727603696	3727861130	257434	753.10	442.34	30	23	-1	11.91	11.91
Saccade L	1	4	3727861130	3727885120	23990	747.98	455.32	833.34	445.67	1.80	137.40	0.50	75.12	5424.58	-5208.73	3720.70
Saccade R	1	4	3727861130	3727885120	23990	747.98	455.32	833.34	445.67	1.80	137.40	0.50	75.12	5424.58	-5208.73	3720.70
Fixation L	1	5	3727885120	3728077240	192120	846.33	451.80	26	19	-1	11.16	11.16
Fixation R	1	5	3727885120	3728077240	192120	846.33	451.80	26	19	-1	11.74	11.74
Saccade L	1	5	3728077240	3728119239	41999	848.90	456.80	926.03	452.00	1.80	77.53	0.33	42.94	3084.76	-2117.10	1715.76
Saccade R	1	5	3728077240	3728119239	41999	848.90	456.80	926.03	452.00	1.80	77.53	0.33	42.94	3084.76	-2117.10	1715.76
Fixation L	1	6	3728119239	3728335355	216116	927.42	448.13	15	19	-1	11.06	11.06
Fixation R	1	6	3728119239	3728335355	216116	927.42	448.13	15	19	-1	11.61	11.61
Saccade L	1	6	3728335355	3728379349	43994	922.01	448.88	1051.23	440.72	2.83	147.04	0.23	64.23	5994.69	-4378.35	2963.58
Saccade R	1	6	3728335355	3728379349	43994	922.01	448.88	1051.23	440.72	2.83	147.04	0.23	64.23	5994.69	-4378.35	2963.58
Fixation L	1	7	3728379349	3728603472	224123	1076.07	432.72	43	22	-1	11.01	11.01
Fixation R	1	7	3728379349	3728603472	224123	1076.07	432.72	43	22	-1	11.47	11.47
Saccade L	1	7	3728603472	3728631503	28031	1071.44	423.37	1132.63	438.90	1.39	89.56	0.53	49.56	3456.77	-3494.69	2488.25
Saccade R	1	7	3728603472	3728631503	28031	1071.44	423.37	1132.63	438.90	1.39	89.56	0.53	49.56	3456.77	-3494.69	2488.25
Fixation L	1	8	3728631503	3728989607	358104	1129.38	436.38	16	21	-1	11.04	11.04
Fixation R	1	8	3728631503	3728989607	358104	1129.38	436.38	16	21	-1	11.53	11.53
Saccade L	1	8	3728989607	3729053619	64012	1124.46	441.70	998.29	847.97	9.94	311.10	0.38	155.24	13183.32	-7746.99	6955.33
Saccade R	1	8	3728989607	3729053619	64012	1124.46	441.70	998.29	847.97	9.94	311.10	0.38	155.24	13183.32	-7746.99	6955.33
Fixation L	1	9	3729053619	3729137946	84327	981.78	849.94	31	5	-1	11.80	11.80
Fixation R	1	9	3729053619	3729137946	84327	981.78	849.94	31	5	-1	12.35	12.35
Saccade L	1	9	3729137946	3729164754	26808	966.30	845.84	947.81	950.30	2.31	161.13	0.52	86.15	6331.44	-6545.85	4665.98
Saccade R	1	9	3729137946	3729164754	26808	966.30	845.84	947.81	950.30	2.31	161.13	0.52	86.15	6331.44	-6545.85	4665.98
Fixation L	1	10	3729164754	3729291699	126945	940.86	956.26	18	20	-1	11.90	11.90
Fixation R	1	10	3729164754	3729291699	126945	940.86	956.26	18	20	-1	12.45	12.45
Saccade L	1	10	3729291699	3729313779	22080	940.96	960.64	875.16	966.02	1.42	108.87	0.54	64.21	4305.50	-3826.53	2769.13
Saccade R	1	10	3729291699	3729313779	22080	940.96	960.64	875.16	966.02	1.42	108.87	0.54	64.21	4305.50	-3826.53	2769.13
Fixation L	1	11	3729313779	3729657927	344148	870.53	959.48	25	25	-1	11.77	11.77
Fixation R	1	11	3729313779	3729657927	344148	870.53	959.48	25	25	-1	12.45	12.45
