[BeGaze]
Converted from:	C:\Program Files\SMI\Experiment Suite 360\Experiment Center 2\Results\RC-Attachment-Exp\P14-eye_data.idf
Date:	18.03.2012 20:11:00
Version:	BeGaze 3.0.181
Sample Rate:	500
Subject:	P14
Description:	Run19

Table Header for Fixations:
Event Type	Trial	Number	Start	End	Duration	Location X	Location Y	Dispersion X	Dispersion Y	Plane	Avg. Pupil Size X	Avg. Pupil Size Y

Table Header for Saccades:
Event Type	Trial	Number	Start	End	Duration	Start Loc.X	Start Loc.Y	End Loc.X	End Loc.Y	Amplitude	Peak Speed	Peak Speed At	Average Speed	Peak Accel.	Peak Decel.	Average Accel.

Table Header for Blinks:
Event Type	Trial	Number	Start	End	Duration

Table Header for User Events:
Event Type	Trial	Number	Start	Description

UserEvent	1	1	1520109662	# Message: RC-N1forced-nonanim-4.jpg
Fixation L	1	1	1520111374	1520811003	699629	504.33	468.64	75	57	-1	13.85	13.85
Fixation R	1	1	1520111374	1520811003	699629	504.33	468.64	75	57	-1	13.82	13.82
Saccade L	1	1	1520811003	1520833028	22025	545.69	477.85	612.83	487.57	1.44	117.68	0.47	65.22	3970.03	-4574.88	2937.31
Saccade R	1	1	1520811003	1520833028	22025	545.69	477.85	612.83	487.57	1.44	117.68	0.47	65.22	3970.03	-4574.88	2937.31
Fixation L	1	2	1520833028	1520991045	158017	628.95	481.81	25	12	-1	13.85	13.85
Fixation R	1	2	1520833028	1520991045	158017	628.95	481.81	25	12	-1	13.95	13.95
Saccade L	1	2	1520991045	1521023003	31958	624.55	482.23	689.53	460.96	1.49	85.34	0.37	46.61	3326.65	-2934.91	2220.67
Saccade R	1	2	1520991045	1521023003	31958	624.55	482.23	689.53	460.96	1.49	85.34	0.37	46.61	3326.65	-2934.91	2220.67
Fixation L	1	3	1521023003	1521179119	156116	696.58	464.35	25	14	-1	13.52	13.52
Fixation R	1	3	1521023003	1521179119	156116	696.58	464.35	25	14	-1	13.54	13.54
Saccade L	1	3	1521179119	1521201130	22011	704.94	466.35	750.36	472.55	1.09	84.83	0.45	49.75	3074.49	-2800.95	1962.41
Saccade R	1	3	1521179119	1521201130	22011	704.94	466.35	750.36	472.55	1.09	84.83	0.45	49.75	3074.49	-2800.95	1962.41
Fixation L	1	4	1521201130	1521339113	137983	772.06	459.30	32	26	-1	13.27	13.27
Fixation R	1	4	1521201130	1521339113	137983	772.06	459.30	32	26	-1	13.41	13.41
Saccade L	1	4	1521339113	1521363248	24135	766.41	464.00	837.48	464.17	1.51	112.63	0.58	62.63	4437.82	-4239.96	2993.51
Saccade R	1	4	1521339113	1521363248	24135	766.41	464.00	837.48	464.17	1.51	112.63	0.58	62.63	4437.82	-4239.96	2993.51
Fixation L	1	5	1521363248	1521785695	422447	845.05	470.14	27	31	-1	13.19	13.19
Fixation R	1	5	1521363248	1521785695	422447	845.05	470.14	27	31	-1	13.18	13.18
Saccade L	1	5	1521785695	1521809360	23665	851.61	474.49	908.28	484.05	1.23	92.51	0.49	51.99	3724.20	-3246.28	2482.05
Saccade R	1	5	1521785695	1521809360	23665	851.61	474.49	908.28	484.05	1.23	92.51	0.49	51.99	3724.20	-3246.28	2482.05
Fixation L	1	6	1521809360	1522021479	212119	913.24	476.72	15	20	-1	12.90	12.90
Fixation R	1	6	1521809360	1522021479	212119	913.24	476.72	15	20	-1	12.79	12.79
Saccade L	1	6	1522021479	1522047472	25993	919.44	480.08	978.92	466.07	1.34	89.11	0.54	51.73	3561.88	-3492.58	2522.15
Saccade R	1	6	1522021479	1522047472	25993	919.44	480.08	978.92	466.07	1.34	89.11	0.54	51.73	3561.88	-3492.58	2522.15
Fixation L	1	7	1522047472	1522177625	130153	991.28	451.13	18	29	-1	12.84	12.84
Fixation R	1	7	1522047472	1522177625	130153	991.28	451.13	18	29	-1	12.53	12.53
Fixation L	1	8	1522209921	1522365583	155662	1047.24	450.88	19	17	-1	12.87	12.87
Fixation R	1	8	1522209921	1522365583	155662	1047.24	450.88	19	17	-1	12.80	12.80
Saccade L	1	7	1522365583	1522400335	34752	1045.76	455.69	1144.32	460.54	2.20	130.32	0.40	63.32	5311.67	-4726.66	3502.15
Saccade R	1	7	1522365583	1522400335	34752	1045.76	455.69	1144.32	460.54	2.20	130.32	0.40	63.32	5311.67	-4726.66	3502.15
Fixation L	1	9	1522400335	1522705819	305484	1154.49	446.52	30	29	-1	12.74	12.74
Fixation R	1	9	1522400335	1522705819	305484	1154.49	446.52	30	29	-1	12.63	12.63
Saccade L	1	8	1522705819	1522771818	65999	1168.55	435.57	870.82	868.86	12.44	372.56	0.30	188.42	15654.32	-8101.90	7719.42
Saccade R	1	8	1522705819	1522771818	65999	1168.55	435.57	870.82	868.86	12.44	372.56	0.30	188.42	15654.32	-8101.90	7719.42
Fixation L	1	10	1522771818	1522851818	80000	890.85	876.63	34	16	-1	13.09	13.09
Fixation R	1	10	1522771818	1522851818	80000	890.85	876.63	34	16	-1	12.81	12.81
Saccade L	1	9	1522851818	1522883818	32000	902.71	876.72	874.79	959.13	1.84	101.60	0.51	57.45	4310.89	-3772.94	2975.32
Saccade R	1	9	1522851818	1522883818	32000	902.71	876.72	874.79	959.13	1.84	101.60	0.51	57.45	4310.89	-3772.94	2975.32
Fixation L	1	11	1522883818	1523167933	284115	858.72	969.17	34	33	-1	13.48	13.48
Fixation R	1	11	1522883818	1523167933	284115	858.72	969.17	34	33	-1	13.48	13.48
Saccade L	1	10	1523167933	1523195942	28009	874.07	975.95	904.40	954.13	0.96	58.91	0.64	34.44	2120.78	-2235.34	1476.28
Saccade R	1	10	1523167933	1523195942	28009	874.07	975.95	904.40	954.13	0.96	58.91	0.64	34.44	2120.78	-2235.34	1476.28
Fixation L	1	12	1523195942	1523392307	196365	898.93	963.20	27	40	-1	13.36	13.36
Fixation R	1	12	1523195942	1523392307	196365	898.93	963.20	27	40	-1	13.19	13.19
