[BeGaze]
Converted from:	C:\Program Files\SMI\Experiment Suite 360\Experiment Center 2\Results\RC-Attachment-Exp\P11-eye_data.idf
Date:	18.03.2012 20:09:09
Version:	BeGaze 3.0.181
Sample Rate:	500
Subject:	P11
Description:	Run16

Table Header for Fixations:
Event Type	Trial	Number	Start	End	Duration	Location X	Location Y	Dispersion X	Dispersion Y	Plane	Avg. Pupil Size X	Avg. Pupil Size Y

Table Header for Saccades:
Event Type	Trial	Number	Start	End	Duration	Start Loc.X	Start Loc.Y	End Loc.X	End Loc.Y	Amplitude	Peak Speed	Peak Speed At	Average Speed	Peak Accel.	Peak Decel.	Average Accel.

Table Header for Blinks:
Event Type	Trial	Number	Start	End	Duration

Table Header for User Events:
Event Type	Trial	Number	Start	Description

UserEvent	1	1	10608372037	# Message: RC-N1forced-anim-6.jpg
Fixation L	1	1	10608383663	10608597790	214127	500.38	428.04	26	33	-1	13.27	13.27
Fixation R	1	1	10608383663	10608597790	214127	500.38	428.04	26	33	-1	12.51	12.51
Fixation L	1	2	10608617788	10609176014	558226	512.10	427.33	71	50	-1	13.02	13.02
Fixation R	1	2	10608617788	10609176014	558226	512.10	427.33	71	50	-1	12.27	12.27
Saccade L	1	1	10609176014	10609210018	34004	547.29	452.31	642.09	455.07	2.20	128.03	0.41	64.56	4712.70	-4738.36	3354.05
Saccade R	1	1	10609176014	10609210018	34004	547.29	452.31	642.09	455.07	2.20	128.03	0.41	64.56	4712.70	-4738.36	3354.05
Fixation L	1	3	10609210018	10609364135	154117	655.32	446.11	26	43	-1	13.19	13.19
Fixation R	1	3	10609210018	10609364135	154117	655.32	446.11	26	43	-1	12.62	12.62
Saccade L	1	2	10609364135	10609402138	38003	658.10	453.87	764.19	436.89	2.29	122.07	0.32	60.20	4644.48	-3837.13	2885.64
Saccade R	1	2	10609364135	10609402138	38003	658.10	453.87	764.19	436.89	2.29	122.07	0.32	60.20	4644.48	-3837.13	2885.64
Fixation L	1	4	10609402138	10609586292	184154	770.25	438.98	22	27	-1	13.06	13.06
Fixation R	1	4	10609402138	10609586292	184154	770.25	438.98	22	27	-1	12.52	12.52
Saccade L	1	3	10609586292	10609614291	27999	776.81	445.84	829.41	439.90	1.09	59.39	0.43	39.06	2432.52	-2192.38	1678.46
Saccade R	1	3	10609586292	10609614291	27999	776.81	445.84	829.41	439.90	1.09	59.39	0.43	39.06	2432.52	-2192.38	1678.46
Fixation L	1	5	10609614291	10609804249	189958	833.71	444.73	13	25	-1	13.10	13.10
Fixation R	1	5	10609614291	10609804249	189958	833.71	444.73	13	25	-1	12.48	12.48
Saccade L	1	4	10609804249	10609840397	36148	836.75	460.86	921.63	463.48	1.83	95.08	0.47	50.63	3629.43	-3456.79	2526.72
Saccade R	1	4	10609804249	10609840397	36148	836.75	460.86	921.63	463.48	1.83	95.08	0.47	50.63	3629.43	-3456.79	2526.72
Fixation L	1	6	10609840397	10610024389	183992	921.70	454.45	18	15	-1	13.08	13.08
Fixation R	1	6	10609840397	10610024389	183992	921.70	454.45	18	15	-1	12.54	12.54
Saccade L	1	5	10610024389	10610050495	26106	908.77	454.39	979.28	453.54	1.50	98.93	0.46	57.49	3700.03	-3829.61	2718.36
Saccade R	1	5	10610024389	10610050495	26106	908.77	454.39	979.28	453.54	1.50	98.93	0.46	57.49	3700.03	-3829.61	2718.36
Fixation L	1	7	10610050495	10610242491	191996	988.86	455.13	30	23	-1	12.90	12.90
Fixation R	1	7	10610050495	10610242491	191996	988.86	455.13	30	23	-1	12.50	12.50
Saccade L	1	6	10610242491	10610278494	36003	983.12	455.51	1092.60	437.98	2.43	131.15	0.39	67.47	5653.85	-5002.28	3803.81
Saccade R	1	6	10610242491	10610278494	36003	983.12	455.51	1092.60	437.98	2.43	131.15	0.39	67.47	5653.85	-5002.28	3803.81
Fixation L	1	8	10610278494	10610764730	486236	1103.02	443.76	36	26	-1	13.08	13.08
Fixation R	1	8	10610278494	10610764730	486236	1103.02	443.76	36	26	-1	12.67	12.67
Blink L	1	1	10610764730	10611004841	240111
Blink R	1	1	10610764730	10611004841	240111
Saccade L	1	7	10611168968	10611206970	38002	935.78	879.90	902.63	918.33	1.13	42.39	0.39	29.83	1137.94	-974.02	799.31
Saccade R	1	7	10611168968	10611206970	38002	935.78	879.90	902.63	918.33	1.13	42.39	0.39	29.83	1137.94	-974.02	799.31
Fixation L	1	9	10611206970	10611725209	518239	902.45	925.62	40	40	-1	13.23	13.23
Fixation R	1	9	10611206970	10611725209	518239	902.45	925.62	40	40	-1	13.64	13.64
