[BeGaze]
Converted from:	C:\Program Files\SMI\Experiment Suite 360\Experiment Center 2\Results\RC-Attachment-Exp\P16-eye_data.idf
Date:	18.03.2012 20:12:11
Version:	BeGaze 3.0.181
Sample Rate:	500
Subject:	P16
Description:	Run21

Table Header for Fixations:
Event Type	Trial	Number	Start	End	Duration	Location X	Location Y	Dispersion X	Dispersion Y	Plane	Avg. Pupil Size X	Avg. Pupil Size Y

Table Header for Saccades:
Event Type	Trial	Number	Start	End	Duration	Start Loc.X	Start Loc.Y	End Loc.X	End Loc.Y	Amplitude	Peak Speed	Peak Speed At	Average Speed	Peak Accel.	Peak Decel.	Average Accel.

Table Header for Blinks:
Event Type	Trial	Number	Start	End	Duration

Table Header for User Events:
Event Type	Trial	Number	Start	Description

UserEvent	1	1	1527548131	# Message: Questionnaire8.jpg
Fixation L	1	1	1527551896	1528034034	482138	900.18	914.45	31	24	-1	11.37	11.37
Fixation R	1	1	1527551896	1528034034	482138	900.18	914.45	31	24	-1	11.59	11.59
Saccade L	1	1	1528034034	1528110354	76320	892.36	916.56	598.04	370.55	14.90	438.86	0.24	195.22	19285.24	-9974.21	8291.09
Saccade R	1	1	1528034034	1528110354	76320	892.36	916.56	598.04	370.55	14.90	438.86	0.24	195.22	19285.24	-9974.21	8291.09
Fixation L	1	2	1528110354	1528220148	109794	602.97	396.36	11	36	-1	12.36	12.36
Fixation R	1	2	1528110354	1528220148	109794	602.97	396.36	11	36	-1	12.31	12.31
Saccade L	1	2	1528220148	1528260145	39997	597.40	407.04	431.34	366.46	3.71	172.35	0.40	92.71	7441.30	-6619.87	5064.61
Saccade R	1	2	1528220148	1528260145	39997	597.40	407.04	431.34	366.46	3.71	172.35	0.40	92.71	7441.30	-6619.87	5064.61
Fixation L	1	3	1528260145	1528444146	184001	441.60	372.76	16	22	-1	12.09	12.09
Fixation R	1	3	1528260145	1528444146	184001	441.60	372.76	16	22	-1	12.26	12.26
Saccade L	1	3	1528444146	1528466155	22009	446.52	383.82	401.42	384.18	0.98	68.55	0.45	44.56	2757.36	-2654.99	1901.93
Saccade R	1	3	1528444146	1528466155	22009	446.52	383.82	401.42	384.18	0.98	68.55	0.45	44.56	2757.36	-2654.99	1901.93
Fixation L	1	4	1528466155	1528616448	150293	405.71	389.13	13	15	-1	11.70	11.70
Fixation R	1	4	1528466155	1528616448	150293	405.71	389.13	13	15	-1	11.98	11.98
Saccade L	1	4	1528616448	1528646249	29801	407.90	392.38	403.84	396.47	4.64	183.79	0.67	155.82	9028.80	-8971.98	7044.38
Saccade R	1	4	1528616448	1528646249	29801	407.90	392.38	403.84	396.47	4.64	183.79	0.67	155.82	9028.80	-8971.98	7044.38
Saccade L	1	5	1528668258	1528694249	25991	404.29	399.42	499.97	407.30	2.06	147.23	0.54	79.33	6177.38	-5981.20	4377.70
Saccade R	1	5	1528668258	1528694249	25991	404.29	399.42	499.97	407.30	2.06	147.23	0.54	79.33	6177.38	-5981.20	4377.70
Fixation L	1	5	1528694249	1528880368	186119	497.40	394.44	10	31	-1	11.37	11.37
Fixation R	1	5	1528694249	1528880368	186119	497.40	394.44	10	31	-1	11.79	11.79
Saccade L	1	6	1528880368	1528918527	38159	494.54	383.37	604.85	395.13	2.40	143.82	0.37	62.94	5858.67	-5306.12	3572.29
Saccade R	1	6	1528880368	1528918527	38159	494.54	383.37	604.85	395.13	2.40	143.82	0.37	62.94	5858.67	-5306.12	3572.29
Fixation L	1	6	1528918527	1529076497	157970	602.09	390.79	12	17	-1	11.63	11.63
Fixation R	1	6	1528918527	1529076497	157970	602.09	390.79	12	17	-1	12.12	12.12
Saccade L	1	7	1529076497	1529118494	41997	599.20	392.54	682.44	387.52	2.00	104.68	0.71	47.54	3353.55	-3675.71	2050.48
Saccade R	1	7	1529076497	1529118494	41997	599.20	392.54	682.44	387.52	2.00	104.68	0.71	47.54	3353.55	-3675.71	2050.48
Fixation L	1	7	1529118494	1529236478	117984	687.63	385.55	38	26	-1	11.69	11.69
Fixation R	1	7	1529118494	1529236478	117984	687.63	385.55	38	26	-1	12.18	12.18
Saccade L	1	8	1529236478	1529282475	45997	699.74	401.23	818.81	389.19	3.21	159.33	0.61	69.76	5971.84	-6699.81	3792.31
Saccade R	1	8	1529236478	1529282475	45997	699.74	401.23	818.81	389.19	3.21	159.33	0.61	69.76	5971.84	-6699.81	3792.31
Fixation L	1	8	1529282475	1529614711	332236	817.08	375.89	22	34	-1	11.55	11.55
Fixation R	1	8	1529282475	1529614711	332236	817.08	375.89	22	34	-1	11.88	11.88
Saccade L	1	9	1529696710	1529746705	49995	775.68	365.58	929.15	373.50	3.39	164.89	0.52	67.71	5933.89	-5812.85	3557.77
Saccade R	1	9	1529696710	1529746705	49995	775.68	365.58	929.15	373.50	3.39	164.89	0.52	67.71	5933.89	-5812.85	3557.77
Fixation L	1	9	1529746705	1530002821	256116	922.37	363.20	27	29	-1	11.19	11.19
Fixation R	1	9	1529746705	1530002821	256116	922.37	363.20	27	29	-1	11.49	11.49
Saccade L	1	10	1530002821	1530032849	30028	915.89	363.19	1024.35	365.14	2.52	172.36	0.60	83.81	6983.75	-6216.71	4298.12
Saccade R	1	10	1530002821	1530032849	30028	915.89	363.19	1024.35	365.14	2.52	172.36	0.60	83.81	6983.75	-6216.71	4298.12
Fixation L	1	10	1530042817	1530180935	138118	1006.30	359.77	19	27	-1	11.15	11.15
Fixation R	1	10	1530042817	1530180935	138118	1006.30	359.77	19	27	-1	11.73	11.73
Fixation L	1	11	1530200933	1530352931	151998	1048.78	356.72	30	34	-1	11.11	11.11
Fixation R	1	11	1530200933	1530352931	151998	1048.78	356.72	30	34	-1	11.69	11.69
Saccade L	1	11	1530352931	1530378276	25345	1037.23	370.34	938.86	357.81	2.19	161.99	0.47	86.23	6398.04	-6201.99	4449.38
Saccade R	1	11	1530352931	1530378276	25345	1037.23	370.34	938.86	357.81	2.19	161.99	0.47	86.23	6398.04	-6201.99	4449.38
Fixation L	1	12	1530378276	1530613046	234770	946.31	358.88	18	18	-1	11.38	11.38
Fixation R	1	12	1530378276	1530613046	234770	946.31	358.88	18	18	-1	11.80	11.80
Saccade L	1	12	1530613046	1530711536	98490	940.65	356.01	428.06	415.54	21.86	575.89	0.63	221.98	10456.29	-17389.96	8211.19
Saccade R	1	12	1530613046	1530711536	98490	940.65	356.01	428.06	415.54	21.86	575.89	0.63	221.98	10456.29	-17389.96	8211.19
Fixation L	1	13	1530711536	1530885157	173621	422.16	424.93	19	19	-1	12.03	12.03
Fixation R	1	13	1530711536	1530885157	173621	422.16	424.93	19	19	-1	12.15	12.15
Saccade L	1	13	1530885157	1530909169	24012	418.95	431.15	387.07	509.63	1.85	145.11	0.50	77.08	5682.04	-4683.57	3505.36
Saccade R	1	13	1530885157	1530909169	24012	418.95	431.15	387.07	509.63	1.85	145.11	0.50	77.08	5682.04	-4683.57	3505.36
Fixation L	1	14	1530909169	1531018721	109552	387.98	486.52	14	35	-1	12.23	12.23
Fixation R	1	14	1530909169	1531018721	109552	387.98	486.52	14	35	-1	12.22	12.22
Blink L	1	1	1531018721	1531051281	32560
Blink R	1	1	1531018721	1531051281	32560
Fixation L	1	15	1531051281	1531115277	63996	386.26	494.65	11	20	-1	12.15	12.15
Fixation R	1	15	1531051281	1531115277	63996	386.26	494.65	11	20	-1	12.21	12.21
Saccade L	1	14	1531115277	1531141277	26000	388.82	496.11	356.90	476.14	0.78	42.04	0.31	30.13	1585.38	-1169.56	890.00
Saccade R	1	14	1531115277	1531141277	26000	388.82	496.11	356.90	476.14	0.78	42.04	0.31	30.13	1585.38	-1169.56	890.00
Fixation L	1	16	1531141277	1531541980	400703	363.20	476.86	24	20	-1	11.53	11.53
Fixation R	1	16	1531141277	1531541980	400703	363.20	476.86	24	20	-1	11.66	11.66
Saccade L	1	15	1531541980	1531607515	65535	362.51	479.46	825.43	386.85	10.90	351.73	0.30	166.36	15368.28	-13491.36	8688.35
Saccade R	1	15	1531541980	1531607515	65535	362.51	479.46	825.43	386.85	10.90	351.73	0.30	166.36	15368.28	-13491.36	8688.35
Fixation L	1	17	1531607515	1531741505	133990	832.98	371.22	19	33	-1	11.21	11.21
Fixation R	1	17	1531607515	1531741505	133990	832.98	371.22	19	33	-1	11.57	11.57
Saccade L	1	16	1531741505	1531767637	26132	835.69	370.33	912.10	366.43	1.62	116.29	0.47	62.11	4801.80	-4805.80	3477.32
Saccade R	1	16	1531741505	1531767637	26132	835.69	370.33	912.10	366.43	1.62	116.29	0.47	62.11	4801.80	-4805.80	3477.32
Fixation L	1	18	1531767637	1531949627	181990	915.96	360.57	14	19	-1	11.07	11.07
Fixation R	1	18	1531767637	1531949627	181990	915.96	360.57	14	19	-1	11.33	11.33
Saccade L	1	17	1531949627	1532001618	51991	919.92	349.14	499.35	429.91	9.55	328.22	0.38	183.71	14892.12	-12937.47	9783.03
Saccade R	1	17	1531949627	1532001618	51991	919.92	349.14	499.35	429.91	9.55	328.22	0.38	183.71	14892.12	-12937.47	9783.03
Fixation L	1	19	1532001618	1532106970	105352	489.37	434.66	26	28	-1	10.87	10.87
Fixation R	1	19	1532001618	1532106970	105352	489.37	434.66	26	28	-1	10.94	10.94
Saccade L	1	18	1532106970	1532157917	50947	482.45	453.77	384.17	473.36	3.69	201.60	0.25	72.48	7601.27	-6686.47	3738.72
Saccade R	1	18	1532106970	1532157917	50947	482.45	453.77	384.17	473.36	3.69	201.60	0.25	72.48	7601.27	-6686.47	3738.72
Fixation L	1	20	1532157917	1532331848	173931	384.65	483.17	17	22	-1	10.93	10.93
Fixation R	1	20	1532157917	1532331848	173931	384.65	483.17	17	22	-1	11.01	11.01
Saccade L	1	19	1532331848	1532367856	36008	389.24	494.99	344.50	497.00	1.18	55.65	0.56	32.68	1598.12	-1561.53	1091.40
Saccade R	1	19	1532331848	1532367856	36008	389.24	494.99	344.50	497.00	1.18	55.65	0.56	32.68	1598.12	-1561.53	1091.40
Fixation L	1	21	1532367856	1534025671	1657815	361.06	482.46	36	37	-1	11.89	11.89
Fixation R	1	21	1532367856	1534025671	1657815	361.06	482.46	36	37	-1	12.01	12.01
UserEvent	1	140	1533575966	# Message: UE-mouseclick left x=364 y=470
Saccade L	1	20	1534025671	1534064535	38864	361.02	485.52	371.48	555.70	1.48	61.90	0.33	38.16	2590.91	-1620.87	1475.55
Saccade R	1	20	1534025671	1534064535	38864	361.02	485.52	371.48	555.70	1.48	61.90	0.33	38.16	2590.91	-1620.87	1475.55
Fixation L	1	22	1534064535	1534298682	234147	374.22	544.80	29	37	-1	12.20	12.20
Fixation R	1	22	1534064535	1534298682	234147	374.22	544.80	29	37	-1	11.92	11.92
Saccade L	1	21	1534298682	1534324646	25964	375.78	546.41	403.92	487.20	1.38	91.70	0.46	53.07	3241.80	-2816.87	2170.96
Saccade R	1	21	1534298682	1534324646	25964	375.78	546.41	403.92	487.20	1.38	91.70	0.46	53.07	3241.80	-2816.87	2170.96
Fixation L	1	23	1534324646	1534416649	92003	400.68	496.58	22	22	-1	12.25	12.25
Fixation R	1	23	1534324646	1534416649	92003	400.68	496.58	22	22	-1	12.06	12.06
Saccade L	1	22	1534416649	1534466640	49991	405.42	504.18	564.28	384.37	4.64	169.96	0.44	92.85	7032.93	-5703.81	4515.01
Saccade R	1	22	1534416649	1534466640	49991	405.42	504.18	564.28	384.37	4.64	169.96	0.44	92.85	7032.93	-5703.81	4515.01
Fixation L	1	24	1534466640	1534810899	344259	566.50	377.93	54	55	-1	11.89	11.89
Fixation R	1	24	1534466640	1534810899	344259	566.50	377.93	54	55	-1	11.88	11.88
Saccade L	1	23	1534810899	1534832918	22019	577.15	348.76	656.72	363.74	1.70	136.83	0.55	77.11	5497.82	-5241.98	3662.96
Saccade R	1	23	1534810899	1534832918	22019	577.15	348.76	656.72	363.74	1.70	136.83	0.55	77.11	5497.82	-5241.98	3662.96
Fixation L	1	25	1534832918	1535023014	190096	662.91	369.99	26	27	-1	11.36	11.36
Fixation R	1	25	1534832918	1535023014	190096	662.91	369.99	26	27	-1	11.50	11.50
Saccade L	1	24	1535023014	1535068993	45979	677.37	375.67	786.18	368.90	2.46	87.38	0.26	53.49	3565.32	-1935.35	1663.89
Saccade R	1	24	1535023014	1535068993	45979	677.37	375.67	786.18	368.90	2.46	87.38	0.26	53.49	3565.32	-1935.35	1663.89
Fixation L	1	26	1535068993	1535351215	282222	779.87	359.03	15	25	-1	11.51	11.51
Fixation R	1	26	1535068993	1535351215	282222	779.87	359.03	15	25	-1	11.60	11.60
UserEvent	1	182	1535278691	# Message: UE-mouseclick left x=392 y=528
Saccade L	1	25	1535351215	1535397113	45898	785.88	373.67	880.44	373.17	2.89	109.07	0.52	63.00	4139.33	-2880.27	1953.58
Saccade R	1	25	1535351215	1535397113	45898	785.88	373.67	880.44	373.17	2.89	109.07	0.52	63.00	4139.33	-2880.27	1953.58
