[BeGaze]
Converted from:	C:\Program Files\SMI\Experiment Suite 360\Experiment Center 2\Results\RC-Attachment-Exp\P27-eye_data.idf
Date:	18.03.2012 20:22:03
Version:	BeGaze 3.0.181
Sample Rate:	500
Subject:	P27
Description:	Run32

Table Header for Fixations:
Event Type	Trial	Number	Start	End	Duration	Location X	Location Y	Dispersion X	Dispersion Y	Plane	Avg. Pupil Size X	Avg. Pupil Size Y

Table Header for Saccades:
Event Type	Trial	Number	Start	End	Duration	Start Loc.X	Start Loc.Y	End Loc.X	End Loc.Y	Amplitude	Peak Speed	Peak Speed At	Average Speed	Peak Accel.	Peak Decel.	Average Accel.

Table Header for Blinks:
Event Type	Trial	Number	Start	End	Duration

Table Header for User Events:
Event Type	Trial	Number	Start	Description

UserEvent	1	1	13320260019	# Message: Dist-orcop-3.jpg
Fixation L	1	1	13320260886	13320811007	550121	501.95	427.47	59	49	-1	13.42	13.42
Fixation R	1	1	13320260886	13320811007	550121	501.95	427.47	59	49	-1	14.14	14.14
Saccade L	1	1	13320811007	13320835047	24040	516.16	448.56	559.89	450.32	0.88	54.36	0.42	36.44	2246.51	-1649.18	1343.40
Saccade R	1	1	13320811007	13320835047	24040	516.16	448.56	559.89	450.32	0.88	54.36	0.42	36.44	2246.51	-1649.18	1343.40
Fixation L	1	2	13320835047	13320925002	89955	577.82	459.80	30	16	-1	13.77	13.77
Fixation R	1	2	13320835047	13320925002	89955	577.82	459.80	30	16	-1	14.53	14.53
Saccade L	1	2	13320925002	13320966363	41361	587.85	459.33	0.00	0.00	23.74	1930.34	0.68	574.09	56971.83	-52268.10	30510.16
Blink R	1	1	13320925002	13321001195	76193
Blink L	1	1	13320971005	13321111941	140936
Saccade R	1	2	13321015121	13321111941	96820	0.00	0.00	645.36	532.62	43.88	1338.46	0.27	453.19	44602.13	-25617.14	17059.20
Fixation L	1	3	13321134297	13321383248	248951	643.21	463.14	25	17	-1	13.40	13.40
Fixation R	1	3	13321134297	13321383248	248951	643.21	463.14	25	17	-1	14.13	14.13
Saccade L	1	3	13321383248	13321425238	41990	643.17	455.00	731.95	446.85	2.01	78.23	0.57	47.93	2564.51	-3003.38	2060.29
Saccade R	1	3	13321383248	13321425238	41990	643.17	455.00	731.95	446.85	2.01	78.23	0.57	47.93	2564.51	-3003.38	2060.29
Fixation L	1	4	13321425238	13321705362	280124	728.51	456.87	36	22	-1	13.15	13.15
Fixation R	1	4	13321425238	13321705362	280124	728.51	456.87	36	22	-1	13.96	13.96
Saccade L	1	4	13321705362	13321753396	48034	716.81	467.61	863.44	463.18	3.27	134.97	0.54	68.12	4548.40	-5035.77	3339.85
Saccade R	1	4	13321705362	13321753396	48034	716.81	467.61	863.44	463.18	3.27	134.97	0.54	68.12	4548.40	-5035.77	3339.85
Fixation L	1	5	13321753396	13321893474	140078	870.46	456.77	13	14	-1	13.04	13.04
Fixation R	1	5	13321753396	13321893474	140078	870.46	456.77	13	14	-1	13.90	13.90
Saccade L	1	5	13321893474	13321921564	28090	873.15	465.27	823.18	444.94	1.14	66.31	0.43	40.65	2464.12	-2398.39	1739.67
Saccade R	1	5	13321893474	13321921564	28090	873.15	465.27	823.18	444.94	1.14	66.31	0.43	40.65	2464.12	-2398.39	1739.67
Fixation L	1	6	13321921564	13322099591	178027	820.02	460.25	9	30	-1	12.93	12.93
Fixation R	1	6	13321921564	13322099591	178027	820.02	460.25	9	30	-1	13.76	13.76
Saccade L	1	6	13322099591	13322137586	37995	824.98	466.21	950.92	457.90	2.77	151.78	0.37	72.90	6258.14	-5448.08	4098.19
Saccade R	1	6	13322099591	13322137586	37995	824.98	466.21	950.92	457.90	2.77	151.78	0.37	72.90	6258.14	-5448.08	4098.19
Fixation L	1	7	13322137586	13322519706	382120	953.65	460.14	16	23	-1	12.89	12.89
Fixation R	1	7	13322137586	13322519706	382120	953.65	460.14	16	23	-1	13.78	13.78
Saccade L	1	7	13322519706	13322567713	48007	944.95	454.11	1067.88	431.95	2.78	120.01	0.25	57.83	4620.24	-2448.41	2181.16
Saccade R	1	7	13322519706	13322567713	48007	944.95	454.11	1067.88	431.95	2.78	120.01	0.25	57.83	4620.24	-2448.41	2181.16
Fixation L	1	8	13322567713	13322756427	188714	1060.86	426.73	14	16	-1	12.95	12.95
Fixation R	1	8	13322567713	13322756427	188714	1060.86	426.73	14	16	-1	13.84	13.84
Saccade L	1	8	13322756427	13322781824	25397	1057.16	424.02	1132.73	419.93	1.59	109.72	0.37	62.61	4644.08	-4261.54	3166.07
Saccade R	1	8	13322756427	13322781824	25397	1057.16	424.02	1132.73	419.93	1.59	109.72	0.37	62.61	4644.08	-4261.54	3166.07
Fixation L	1	9	13322781824	13323049959	268135	1143.87	424.69	37	20	-1	12.85	12.85
Fixation R	1	9	13322781824	13323049959	268135	1143.87	424.69	37	20	-1	13.62	13.62
Saccade L	1	9	13323049959	13323192062	142103	1134.94	437.51	918.95	820.69	14.59	204.82	0.53	102.68	6899.17	-4243.57	2255.75
Saccade R	1	9	13323049959	13323192062	142103	1134.94	437.51	918.95	820.69	14.59	204.82	0.53	102.68	6899.17	-4243.57	2255.75
Saccade L	1	10	13323226083	13323258088	32005	919.60	827.11	912.95	916.30	1.88	107.31	0.46	58.70	4590.32	-3985.06	3067.82
Saccade R	1	10	13323226083	13323258088	32005	919.60	827.11	912.95	916.30	1.88	107.31	0.46	58.70	4590.32	-3985.06	3067.82
Fixation L	1	10	13323258088	13323766315	508227	891.16	914.82	75	31	-1	13.24	13.24
Fixation R	1	10	13323258088	13323766315	508227	891.16	914.82	75	31	-1	14.20	14.20
