[BeGaze]
Converted from:	C:\Program Files\SMI\Experiment Suite 360\Experiment Center 2\Results\RC-Attachment-Exp\P17-eye_data.idf
Date:	18.03.2012 20:12:58
Version:	BeGaze 3.0.181
Sample Rate:	500
Subject:	P17
Description:	Run22

Table Header for Fixations:
Event Type	Trial	Number	Start	End	Duration	Location X	Location Y	Dispersion X	Dispersion Y	Plane	Avg. Pupil Size X	Avg. Pupil Size Y

Table Header for Saccades:
Event Type	Trial	Number	Start	End	Duration	Start Loc.X	Start Loc.Y	End Loc.X	End Loc.Y	Amplitude	Peak Speed	Peak Speed At	Average Speed	Peak Accel.	Peak Decel.	Average Accel.

Table Header for Blinks:
Event Type	Trial	Number	Start	End	Duration

Table Header for User Events:
Event Type	Trial	Number	Start	Description

UserEvent	1	1	16078267029	# Message: RC-N1forced-nonanim-2.jpg
Fixation L	1	1	16078267851	16078606074	338223	502.13	456.07	23	16	-1	12.66	12.66
Fixation R	1	1	16078267851	16078606074	338223	502.13	456.07	23	16	-1	12.45	12.45
Saccade L	1	1	16078606074	16078630054	23980	495.40	461.27	557.73	456.21	1.32	90.21	0.50	54.88	3616.57	-3370.54	2477.64
Saccade R	1	1	16078606074	16078630054	23980	495.40	461.27	557.73	456.21	1.32	90.21	0.50	54.88	3616.57	-3370.54	2477.64
Fixation L	1	2	16078630054	16078752105	122051	575.98	449.30	30	15	-1	12.76	12.76
Fixation R	1	2	16078630054	16078752105	122051	575.98	449.30	30	15	-1	12.50	12.50
Blink L	1	1	16078752105	16078936470	184365
Blink R	1	1	16078752105	16078936470	184365
Fixation L	1	3	16078936470	16079166154	229684	714.48	438.93	48	22	-1	13.11	13.11
Fixation R	1	3	16078936470	16079166154	229684	714.48	438.93	48	22	-1	12.65	12.65
Saccade L	1	2	16079166154	16079218287	52133	704.60	442.65	802.40	463.60	2.78	116.25	0.69	53.41	3953.42	-4601.83	2551.41
Saccade R	1	2	16079166154	16079218287	52133	704.60	442.65	802.40	463.60	2.78	116.25	0.69	53.41	3953.42	-4601.83	2551.41
Fixation L	1	4	16079276283	16079440281	163998	797.65	457.85	31	25	-1	12.66	12.66
Fixation R	1	4	16079276283	16079440281	163998	797.65	457.85	31	25	-1	12.50	12.50
Saccade L	1	3	16079440281	16079470413	30132	810.86	444.49	856.63	458.43	1.02	46.91	0.34	33.70	1569.08	-1476.14	1125.15
Saccade R	1	3	16079440281	16079470413	30132	810.86	444.49	856.63	458.43	1.02	46.91	0.34	33.70	1569.08	-1476.14	1125.15
Fixation L	1	5	16079470413	16079684399	213986	859.46	453.04	29	30	-1	12.34	12.34
Fixation R	1	5	16079470413	16079684399	213986	859.46	453.04	29	30	-1	12.01	12.01
Saccade L	1	4	16079684399	16079722644	38245	866.63	458.47	938.37	414.19	2.31	120.90	0.51	60.32	4144.76	-4743.17	3190.84
Saccade R	1	4	16079684399	16079722644	38245	866.63	458.47	938.37	414.19	2.31	120.90	0.51	60.32	4144.76	-4743.17	3190.84
Fixation L	1	6	16079722644	16080024656	302012	943.16	426.08	26	35	-1	12.21	12.21
Fixation R	1	6	16079722644	16080024656	302012	943.16	426.08	26	35	-1	11.78	11.78
Saccade L	1	5	16080024656	16080063266	38610	937.89	432.48	994.08	442.60	1.24	42.02	0.31	32.02	1351.78	-1288.45	857.81
Saccade R	1	5	16080024656	16080063266	38610	937.89	432.48	994.08	442.60	1.24	42.02	0.31	32.02	1351.78	-1288.45	857.81
Fixation L	1	7	16080063266	16080171543	108277	994.61	429.72	18	30	-1	12.23	12.23
Fixation R	1	7	16080063266	16080171543	108277	994.61	429.72	18	30	-1	11.76	11.76
Saccade L	1	6	16080171543	16080200615	29072	994.52	432.31	1050.01	431.22	1.09	59.08	0.38	37.33	1592.20	-2015.14	1361.73
Saccade R	1	6	16080171543	16080200615	29072	994.52	432.31	1050.01	431.22	1.09	59.08	0.38	37.33	1592.20	-2015.14	1361.73
Fixation L	1	8	16080200615	16080448729	248114	1047.46	432.73	21	26	-1	12.39	12.39
Fixation R	1	8	16080200615	16080448729	248114	1047.46	432.73	21	26	-1	12.02	12.02
Saccade L	1	7	16080448729	16080478728	29999	1043.31	427.33	1132.59	425.45	1.90	113.27	0.53	63.32	4287.72	-4585.41	3281.99
Saccade R	1	7	16080448729	16080478728	29999	1043.31	427.33	1132.59	425.45	1.90	113.27	0.53	63.32	4287.72	-4585.41	3281.99
Fixation L	1	9	16080478728	16080664889	186161	1132.26	427.08	16	27	-1	12.76	12.76
Fixation R	1	9	16080478728	16080664889	186161	1132.26	427.08	16	27	-1	12.26	12.26
Saccade L	1	8	16080664889	16080716900	52011	1132.33	427.16	732.94	426.84	8.91	328.32	0.38	171.37	14098.46	-10017.19	8705.24
Saccade R	1	8	16080664889	16080716900	52011	1132.33	427.16	732.94	426.84	8.91	328.32	0.38	171.37	14098.46	-10017.19	8705.24
Fixation L	1	10	16080716900	16081143091	426191	709.72	442.20	56	31	-1	13.12	13.12
Fixation R	1	10	16080716900	16081143091	426191	709.72	442.20	56	31	-1	12.58	12.58
Saccade L	1	9	16081143091	16081173076	29985	698.08	452.18	555.25	449.45	3.05	201.75	0.53	101.68	8384.04	-8346.63	6145.58
Saccade R	1	9	16081143091	16081173076	29985	698.08	452.18	555.25	449.45	3.05	201.75	0.53	101.68	8384.04	-8346.63	6145.58
Fixation L	1	11	16081173076	16081359192	186116	558.40	452.09	15	12	-1	13.58	13.58
Fixation R	1	11	16081173076	16081359192	186116	558.40	452.09	15	12	-1	13.11	13.11
Saccade L	1	10	16081359192	16081381196	22004	557.50	455.51	603.35	459.25	0.89	64.12	0.47	40.51	2349.70	-2526.63	1675.94
Saccade R	1	10	16081359192	16081381196	22004	557.50	455.51	603.35	459.25	0.89	64.12	0.47	40.51	2349.70	-2526.63	1675.94
Fixation L	1	12	16081381196	16081497312	116116	603.55	463.22	17	9	-1	13.62	13.62
Fixation R	1	12	16081381196	16081497312	116116	603.55	463.22	17	9	-1	13.37	13.37
Saccade L	1	11	16081497312	16081527219	29907	595.33	463.73	768.44	463.28	3.64	219.45	0.46	121.58	9396.68	-9239.23	6921.92
Saccade R	1	11	16081497312	16081527219	29907	595.33	463.73	768.44	463.28	3.64	219.45	0.46	121.58	9396.68	-9239.23	6921.92
Fixation L	1	13	16081527219	16081743306	216087	765.64	465.72	31	27	-1	13.43	13.43
Fixation R	1	13	16081527219	16081743306	216087	765.64	465.72	31	27	-1	13.23	13.23
Blink L	1	2	16081743306	16081939440	196134
Blink R	1	2	16081743306	16081939440	196134
Saccade L	1	12	16081963451	16081987425	23974	763.79	413.10	722.81	425.76	0.90	51.48	0.50	37.48	1784.35	-2112.49	1382.42
Saccade R	1	12	16081963451	16081987425	23974	763.79	413.10	722.81	425.76	0.90	51.48	0.50	37.48	1784.35	-2112.49	1382.42
Fixation L	1	14	16081987425	16082123540	136115	727.68	433.19	18	20	-1	13.67	13.67
Fixation R	1	14	16081987425	16082123540	136115	727.68	433.19	18	20	-1	13.01	13.01
Blink L	1	3	16082123540	16082353535	229995
Blink R	1	3	16082123540	16082353535	229995
Saccade L	1	13	16082353535	16082382118	28583	796.43	811.19	842.45	893.37	1.81	120.01	0.33	63.41	-1446.01	-21605.01	4755.66
Saccade R	1	13	16082353535	16082382118	28583	796.43	811.19	842.45	893.37	1.81	120.01	0.33	63.41	-1446.01	-21605.01	4755.66
Saccade L	1	14	16082461868	16082495650	33782	797.53	876.42	901.60	921.74	2.50	135.96	0.35	73.95	5429.90	-5022.44	3681.76
Saccade R	1	14	16082461868	16082495650	33782	797.53	876.42	901.60	921.74	2.50	135.96	0.35	73.95	5429.90	-5022.44	3681.76
Fixation L	1	15	16082495650	16082879761	384111	902.38	903.54	41	32	-1	14.80	14.80
Fixation R	1	15	16082495650	16082879761	384111	902.38	903.54	41	32	-1	13.78	13.78
