[BeGaze]
Converted from:	C:\Program Files\SMI\Experiment Suite 360\Experiment Center 2\Results\RC-Attachment-Exp\P07-eye_data.idf
Date:	18.03.2012 20:06:36
Version:	BeGaze 3.0.181
Sample Rate:	500
Subject:	P07
Description:	Run12

Table Header for Fixations:
Event Type	Trial	Number	Start	End	Duration	Location X	Location Y	Dispersion X	Dispersion Y	Plane	Avg. Pupil Size X	Avg. Pupil Size Y

Table Header for Saccades:
Event Type	Trial	Number	Start	End	Duration	Start Loc.X	Start Loc.Y	End Loc.X	End Loc.Y	Amplitude	Peak Speed	Peak Speed At	Average Speed	Peak Accel.	Peak Decel.	Average Accel.

Table Header for Blinks:
Event Type	Trial	Number	Start	End	Duration

Table Header for User Events:
Event Type	Trial	Number	Start	Description

UserEvent	1	1	10878289247	# Message: Dist-srcop-12.jpg
Fixation L	1	1	10878291869	10878735853	443984	516.71	478.59	62	33	-1	11.24	11.24
Fixation R	1	1	10878291869	10878735853	443984	516.71	478.59	62	33	-1	11.18	11.18
Saccade L	1	1	10878735853	10878759990	24137	536.42	461.84	587.38	467.82	1.02	70.34	0.41	42.42	2531.58	-2272.46	1640.94
Saccade R	1	1	10878735853	10878759990	24137	536.42	461.84	587.38	467.82	1.02	70.34	0.41	42.42	2531.58	-2272.46	1640.94
Fixation L	1	2	10878759990	10878926042	166052	590.61	458.82	20	15	-1	11.18	11.18
Fixation R	1	2	10878759990	10878926042	166052	590.61	458.82	20	15	-1	11.21	11.21
Saccade L	1	2	10878926042	10878976008	49966	590.34	460.13	700.40	478.01	2.65	100.90	0.40	53.01	3751.08	-3264.05	2391.89
Saccade R	1	2	10878926042	10878976008	49966	590.34	460.13	700.40	478.01	2.65	100.90	0.40	53.01	3751.08	-3264.05	2391.89
Fixation L	1	3	10878976008	10879440243	464235	720.58	475.21	80	35	-1	11.39	11.39
Fixation R	1	3	10878976008	10879440243	464235	720.58	475.21	80	35	-1	11.38	11.38
Saccade L	1	3	10879440243	10879464276	24033	743.57	470.03	792.76	473.87	0.98	63.94	0.50	40.93	2253.34	-2135.94	1603.03
Saccade R	1	3	10879440243	10879464276	24033	743.57	470.03	792.76	473.87	0.98	63.94	0.50	40.93	2253.34	-2135.94	1603.03
Fixation L	1	4	10879464276	10879620217	155941	789.50	483.15	12	15	-1	11.57	11.57
Fixation R	1	4	10879464276	10879620217	155941	789.50	483.15	12	15	-1	11.56	11.56
Saccade L	1	4	10879620217	10879648278	28061	794.42	482.47	843.11	478.55	1.04	55.19	0.50	36.91	2299.52	-2026.00	1546.60
Saccade R	1	4	10879620217	10879648278	28061	794.42	482.47	843.11	478.55	1.04	55.19	0.50	36.91	2299.52	-2026.00	1546.60
Fixation L	1	5	10879648278	10879798388	150110	844.76	461.92	9	28	-1	11.68	11.68
Fixation R	1	5	10879648278	10879798388	150110	844.76	461.92	9	28	-1	11.60	11.60
Saccade L	1	5	10879798388	10879834345	35957	844.61	465.30	922.95	463.59	1.70	79.11	0.44	47.22	3203.30	-2780.18	2210.74
Saccade R	1	5	10879798388	10879834345	35957	844.61	465.30	922.95	463.59	1.70	79.11	0.44	47.22	3203.30	-2780.18	2210.74
Fixation L	1	6	10879834345	10879922335	87990	926.43	454.40	7	29	-1	11.68	11.68
Fixation R	1	6	10879834345	10879922335	87990	926.43	454.40	7	29	-1	11.50	11.50
Saccade L	1	6	10879922335	10879950363	28028	926.38	434.26	992.59	445.13	1.42	81.29	0.43	50.69	3019.41	-3100.47	2245.26
Saccade R	1	6	10879922335	10879950363	28028	926.38	434.26	992.59	445.13	1.42	81.29	0.43	50.69	3019.41	-3100.47	2245.26
Fixation L	1	7	10879950363	10880214458	264095	997.29	446.95	19	40	-1	11.68	11.68
Fixation R	1	7	10879950363	10880214458	264095	997.29	446.95	19	40	-1	11.52	11.52
Saccade L	1	7	10880214458	10880248502	34044	994.53	459.37	1066.12	458.21	1.56	76.04	0.41	45.73	2967.82	-2711.93	2073.61
Saccade R	1	7	10880214458	10880248502	34044	994.53	459.37	1066.12	458.21	1.56	76.04	0.41	45.73	2967.82	-2711.93	2073.61
Fixation L	1	8	10880248502	10880398581	150079	1063.44	464.96	8	15	-1	11.77	11.77
Fixation R	1	8	10880248502	10880398581	150079	1063.44	464.96	8	15	-1	11.76	11.76
Saccade L	1	8	10880398581	10880424589	26008	1059.85	462.75	1134.46	462.99	1.56	104.18	0.46	59.89	4386.15	-4031.09	3060.15
Saccade R	1	8	10880398581	10880424589	26008	1059.85	462.75	1134.46	462.99	1.56	104.18	0.46	59.89	4386.15	-4031.09	3060.15
Fixation L	1	9	10880424589	10880596718	172129	1124.91	456.42	19	24	-1	11.70	11.70
Fixation R	1	9	10880424589	10880596718	172129	1124.91	456.42	19	24	-1	11.64	11.64
Saccade L	1	9	10880596718	10880730709	133991	1118.83	462.26	858.57	458.17	49.68	1374.85	0.30	370.74	40187.72	-30228.45	14516.08
Saccade R	1	9	10880596718	10880730709	133991	1118.83	462.26	858.57	458.17	49.68	1374.85	0.30	370.74	40187.72	-30228.45	14516.08
Fixation L	1	10	10880730709	10880908856	178147	855.75	475.12	46	25	-1	12.12	12.12
Fixation R	1	10	10880730709	10880908856	178147	855.75	475.12	46	25	-1	11.94	11.94
Saccade L	1	10	10880908856	10880948850	39994	850.45	471.06	674.31	488.38	3.96	197.82	0.36	98.93	8214.44	-7188.27	5458.70
Saccade R	1	10	10880908856	10880948850	39994	850.45	471.06	674.31	488.38	3.96	197.82	0.36	98.93	8214.44	-7188.27	5458.70
Fixation L	1	11	10880948850	10881142961	194111	660.75	481.21	24	23	-1	12.09	12.09
Fixation R	1	11	10880948850	10881142961	194111	660.75	481.21	24	23	-1	11.95	11.95
Saccade L	1	11	10881142961	10881178995	36034	648.25	470.98	552.35	484.65	2.14	98.55	0.53	59.30	3624.41	-4089.30	2874.76
Saccade R	1	11	10881142961	10881178995	36034	648.25	470.98	552.35	484.65	2.14	98.55	0.53	59.30	3624.41	-4089.30	2874.76
Fixation L	1	12	10881178995	10881296942	117947	556.23	474.48	19	22	-1	11.90	11.90
Fixation R	1	12	10881178995	10881296942	117947	556.23	474.48	19	22	-1	11.69	11.69
Blink L	1	1	10881296942	10881509421	212479
Blink R	1	1	10881296942	10881509421	212479
Fixation L	1	13	10881509421	10881679444	170023	727.31	462.86	20	32	-1	11.98	11.98
Fixation R	1	13	10881509421	10881679444	170023	727.31	462.86	20	32	-1	11.81	11.81
Saccade L	1	12	10881679444	10881711238	31794	718.29	482.64	827.95	480.92	2.36	133.33	0.37	74.13	5426.37	-5292.51	3912.63
Saccade R	1	12	10881679444	10881711238	31794	718.29	482.64	827.95	480.92	2.36	133.33	0.37	74.13	5426.37	-5292.51	3912.63
Fixation L	1	14	10881711238	10881907785	196547	835.56	480.61	18	16	-1	12.17	12.17
Fixation R	1	14	10881711238	10881907785	196547	835.56	480.61	18	16	-1	12.02	12.02
Saccade L	1	13	10881907785	10881933300	25515	840.96	479.56	884.31	480.32	0.86	46.37	0.37	33.85	1832.65	-1647.93	1265.66
Saccade R	1	13	10881907785	10881933300	25515	840.96	479.56	884.31	480.32	0.86	46.37	0.37	33.85	1832.65	-1647.93	1265.66
Fixation L	1	15	10881933300	10882123205	189905	889.47	469.37	17	20	-1	11.85	11.85
Fixation R	1	15	10881933300	10882123205	189905	889.47	469.37	17	20	-1	11.72	11.72
Saccade L	1	14	10882123205	10882155422	32217	887.64	467.32	965.80	445.43	1.59	84.66	0.31	49.42	3584.66	-2979.77	2294.00
Saccade R	1	14	10882123205	10882155422	32217	887.64	467.32	965.80	445.43	1.59	84.66	0.31	49.42	3584.66	-2979.77	2294.00
Fixation L	1	16	10882155422	10882507539	352117	958.32	469.70	22	37	-1	11.96	11.96
Fixation R	1	16	10882155422	10882507539	352117	958.32	469.70	22	37	-1	11.76	11.76
Saccade L	1	15	10882507539	10882545797	38258	952.29	464.29	1061.60	457.18	2.54	124.15	0.42	66.29	4746.74	-4687.36	3368.66
Saccade R	1	15	10882507539	10882545797	38258	952.29	464.29	1061.60	457.18	2.54	124.15	0.42	66.29	4746.74	-4687.36	3368.66
Fixation L	1	17	10882545797	10882755643	209846	1066.01	452.43	17	24	-1	12.05	12.05
Fixation R	1	17	10882545797	10882755643	209846	1066.01	452.43	17	24	-1	11.92	11.92
Saccade L	1	16	10882755643	10882783687	28044	1070.39	437.98	1139.86	450.39	1.51	93.13	0.43	53.71	3649.75	-3565.63	2595.06
Saccade R	1	16	10882755643	10882783687	28044	1070.39	437.98	1139.86	450.39	1.51	93.13	0.43	53.71	3649.75	-3565.63	2595.06
Fixation L	1	18	10882783687	10883041780	258093	1130.88	453.98	26	24	-1	12.24	12.24
Fixation R	1	18	10882783687	10883041780	258093	1130.88	453.98	26	24	-1	12.01	12.01
Saccade L	1	17	10883041780	10883090023	48243	1134.00	461.42	839.45	459.16	6.61	268.34	0.33	137.00	11825.99	-8001.68	6886.07
Saccade R	1	17	10883041780	10883090023	48243	1134.00	461.42	839.45	459.16	6.61	268.34	0.33	137.00	11825.99	-8001.68	6886.07
Fixation L	1	19	10883090023	10883227898	137875	832.07	457.37	14	20	-1	12.24	12.24
Fixation R	1	19	10883090023	10883227898	137875	832.07	457.37	14	20	-1	12.04	12.04
Saccade L	1	18	10883227898	10883286587	58689	835.94	442.81	607.98	475.99	6.06	261.61	0.31	103.22	10756.27	-9160.51	5766.84
Saccade R	1	18	10883227898	10883286587	58689	835.94	442.81	607.98	475.99	6.06	261.61	0.31	103.22	10756.27	-9160.51	5766.84
Fixation L	1	20	10883286587	10883586108	299521	616.58	472.58	24	23	-1	12.33	12.33
Fixation R	1	20	10883286587	10883586108	299521	616.58	472.58	24	23	-1	12.01	12.01
Saccade L	1	19	10883586108	10883628206	42098	613.67	461.29	694.89	482.12	1.89	81.49	0.28	44.86	3264.48	-2001.59	1738.54
Saccade R	1	19	10883586108	10883628206	42098	613.67	461.29	694.89	482.12	1.89	81.49	0.28	44.86	3264.48	-2001.59	1738.54
Fixation L	1	21	10883628206	10883922167	293961	713.95	456.82	49	37	-1	12.33	12.33
Fixation R	1	21	10883628206	10883922167	293961	713.95	456.82	49	37	-1	12.18	12.18
Saccade L	1	20	10883922167	10883967424	45257	743.48	449.98	597.58	466.15	3.42	127.46	0.40	75.61	5636.61	-4482.17	3701.05
Saccade R	1	20	10883922167	10883967424	45257	743.48	449.98	597.58	466.15	3.42	127.46	0.40	75.61	5636.61	-4482.17	3701.05
Fixation L	1	22	10883967424	10884262258	294834	594.77	487.34	17	45	-1	12.42	12.42
Fixation R	1	22	10883967424	10884262258	294834	594.77	487.34	17	45	-1	12.15	12.15
Saccade L	1	21	10884262258	10884288592	26334	589.57	469.22	658.81	474.45	1.45	92.13	0.53	54.91	3738.51	-3437.15	2609.56
Saccade R	1	21	10884262258	10884288592	26334	589.57	469.22	658.81	474.45	1.45	92.13	0.53	54.91	3738.51	-3437.15	2609.56
Fixation L	1	23	10884288592	10884396391	107799	670.53	489.46	28	23	-1	12.44	12.44
Fixation R	1	23	10884288592	10884396391	107799	670.53	489.46	28	23	-1	12.42	12.42
Saccade L	1	22	10884396391	10884420377	23986	684.43	484.66	724.05	483.12	0.86	56.10	0.53	35.96	1794.88	-2139.54	1321.98
Saccade R	1	22	10884396391	10884420377	23986	684.43	484.66	724.05	483.12	0.86	56.10	0.53	35.96	1794.88	-2139.54	1321.98
Fixation L	1	24	10884420377	10884676497	256120	743.67	474.51	31	23	-1	12.46	12.46
Fixation R	1	24	10884420377	10884676497	256120	743.67	474.51	31	23	-1	12.40	12.40
Saccade L	1	23	10884676497	10884718202	41705	752.99	468.01	838.72	452.52	2.40	100.84	0.29	57.45	4200.49	-3744.04	2869.92
Saccade R	1	23	10884676497	10884718202	41705	752.99	468.01	838.72	452.52	2.40	100.84	0.29	57.45	4200.49	-3744.04	2869.92
Fixation L	1	25	10884718202	10885234741	516539	824.12	468.14	51	37	-1	12.34	12.34
Fixation R	1	25	10884718202	10885234741	516539	824.12	468.14	51	37	-1	12.34	12.34
Saccade L	1	24	10885234741	10885264749	30008	805.23	466.59	857.79	451.93	1.20	63.28	0.41	39.90	2590.68	-2454.99	1787.93
Saccade R	1	24	10885234741	10885264749	30008	805.23	466.59	857.79	451.93	1.20	63.28	0.41	39.90	2590.68	-2454.99	1787.93
Fixation L	1	26	10885264749	10885500859	236110	861.23	475.49	26	40	-1	12.62	12.62
Fixation R	1	26	10885264749	10885500859	236110	861.23	475.49	26	40	-1	12.29	12.29
Saccade L	1	25	10885500859	10885532862	32003	858.19	491.72	956.76	477.05	2.13	120.67	0.50	66.43	4981.09	-4794.74	3611.25
Saccade R	1	25	10885500859	10885532862	32003	858.19	491.72	956.76	477.05	2.13	120.67	0.50	66.43	4981.09	-4794.74	3611.25
Fixation L	1	27	10885532862	10885768985	236123	946.20	470.96	22	25	-1	12.57	12.57
Fixation R	1	27	10885532862	10885768985	236123	946.20	470.96	22	25	-1	12.21	12.21
Saccade L	1	26	10885768985	10885802987	34002	942.85	458.28	1023.89	466.25	1.74	88.53	0.41	51.29	3649.59	-3309.18	2544.05
Saccade R	1	26	10885768985	10885802987	34002	942.85	458.28	1023.89	466.25	1.74	88.53	0.41	51.29	3649.59	-3309.18	2544.05
Fixation L	1	28	10885802987	10885983128	180141	1026.32	459.11	8	19	-1	12.27	12.27
Fixation R	1	28	10885802987	10885983128	180141	1026.32	459.11	8	19	-1	11.98	11.98
Saccade L	1	27	10885983128	10886007053	23925	1026.04	448.56	989.35	465.03	0.82	48.23	0.43	34.46	1842.09	-1950.18	1322.14
Saccade R	1	27	10885983128	10886007053	23925	1026.04	448.56	989.35	465.03	0.82	48.23	0.43	34.46	1842.09	-1950.18	1322.14
Fixation L	1	29	10886007053	10886223224	216171	989.60	467.72	18	18	-1	12.28	12.28
Fixation R	1	29	10886007053	10886223224	216171	989.60	467.72	18	18	-1	11.99	11.99
Saccade L	1	28	10886223224	10886267221	43997	981.10	459.54	1098.13	448.99	2.62	116.71	0.33	59.49	4651.06	-3597.67	2720.11
Saccade R	1	28	10886223224	10886267221	43997	981.10	459.54	1098.13	448.99	2.62	116.71	0.33	59.49	4651.06	-3597.67	2720.11
Fixation L	1	30	10886267221	10886427404	160183	1086.80	446.60	28	9	-1	12.27	12.27
Fixation R	1	30	10886267221	10886427404	160183	1086.80	446.60	28	9	-1	12.04	12.04
Saccade L	1	29	10886427404	10886449220	21816	1080.11	447.96	1119.56	449.62	0.79	52.46	0.45	36.30	2198.80	-1867.69	1390.83
Saccade R	1	29	10886427404	10886449220	21816	1080.11	447.96	1119.56	449.62	0.79	52.46	0.45	36.30	2198.80	-1867.69	1390.83
Fixation L	1	31	10886449220	10886605294	156074	1124.12	457.23	29	12	-1	12.28	12.28
Fixation R	1	31	10886449220	10886605294	156074	1124.12	457.23	29	12	-1	12.01	12.01
Saccade L	1	30	10886605294	10886645340	40046	1140.58	460.66	980.86	470.22	3.85	196.95	0.50	96.15	8295.66	-7950.48	5866.13
Saccade R	1	30	10886605294	10886645340	40046	1140.58	460.66	980.86	470.22	3.85	196.95	0.50	96.15	8295.66	-7950.48	5866.13
Fixation L	1	32	10886645340	10886805484	160144	979.21	460.95	6	18	-1	12.34	12.34
Fixation R	1	32	10886645340	10886805484	160144	979.21	460.95	6	18	-1	12.06	12.06
Saccade L	1	31	10886805484	10886844174	38690	976.95	457.08	1130.68	443.27	3.46	183.61	0.41	89.47	7928.16	-6975.77	5163.39
Saccade R	1	31	10886805484	10886844174	38690	976.95	457.08	1130.68	443.27	3.46	183.61	0.41	89.47	7928.16	-6975.77	5163.39
Fixation L	1	33	10886844174	10887087579	243405	1127.05	443.90	15	27	-1	12.46	12.46
Fixation R	1	33	10886844174	10887087579	243405	1127.05	443.90	15	27	-1	12.17	12.17
Saccade L	1	32	10887087579	10887173581	86002	1124.52	461.82	1169.19	608.87	5.31	115.44	0.68	61.77	3844.51	-4287.90	2473.77
Saccade R	1	32	10887087579	10887173581	86002	1124.52	461.82	1169.19	608.87	5.31	115.44	0.68	61.77	3844.51	-4287.90	2473.77
Saccade L	1	33	10887187742	10887253712	65970	1171.53	610.89	1020.95	838.97	6.71	194.12	0.63	101.69	4929.20	-7227.79	3853.00
Saccade R	1	33	10887187742	10887253712	65970	1171.53	610.89	1020.95	838.97	6.71	194.12	0.63	101.69	4929.20	-7227.79	3853.00
Fixation L	1	34	10887253712	10887348062	94350	1017.00	836.15	21	26	-1	13.03	13.03
Fixation R	1	34	10887253712	10887348062	94350	1017.00	836.15	21	26	-1	12.69	12.69
Saccade L	1	34	10887348062	10887387714	39652	1016.15	835.99	957.97	936.31	2.80	133.44	0.45	70.64	5127.81	-4713.17	3493.91
Saccade R	1	34	10887348062	10887387714	39652	1016.15	835.99	957.97	936.31	2.80	133.44	0.45	70.64	5127.81	-4713.17	3493.91
Fixation L	1	35	10887387714	10887721821	334107	961.96	934.51	28	20	-1	12.80	12.80
Fixation R	1	35	10887387714	10887721821	334107	961.96	934.51	28	20	-1	12.71	12.71
Saccade L	1	35	10887721821	10887757855	36034	965.83	929.40	902.73	966.49	1.66	88.61	0.50	45.96	2824.53	-2010.25	1764.01
Saccade R	1	35	10887721821	10887757855	36034	965.83	929.40	902.73	966.49	1.66	88.61	0.50	45.96	2824.53	-2010.25	1764.01
Fixation L	1	36	10887757855	10887875974	118119	926.58	949.17	34	33	-1	12.15	12.15
Fixation R	1	36	10887757855	10887875974	118119	926.58	949.17	34	33	-1	11.94	11.94
