[BeGaze]
Converted from:	C:\Program Files\SMI\Experiment Suite 360\Experiment Center 2\Results\RC-Attachment-Exp\Denek03-eye_data.idf
Date:	24.02.2012 09:58:01
Version:	BeGaze 3.0.181
Sample Rate:	500
Subject:	Denek03
Description:	Run6

Table Header for Fixations:
Event Type	Trial	Number	Start	End	Duration	Location X	Location Y	Dispersion X	Dispersion Y	Plane	Avg. Pupil Size X	Avg. Pupil Size Y

Table Header for Saccades:
Event Type	Trial	Number	Start	End	Duration	Start Loc.X	Start Loc.Y	End Loc.X	End Loc.Y	Amplitude	Peak Speed	Peak Speed At	Average Speed	Peak Accel.	Peak Decel.	Average Accel.

Table Header for Blinks:
Event Type	Trial	Number	Start	End	Duration

Table Header for User Events:
Event Type	Trial	Number	Start	Description

UserEvent	1	1	5276921821	# Message: Questionnaire20.jpg
Fixation L	1	1	5276923698	5276997677	73979	854.41	943.55	10	29	-1	15.40	15.40
Fixation R	1	1	5276923698	5276997677	73979	854.41	943.55	10	29	-1	15.40	15.40
Saccade L	1	1	5276997677	5277069877	72200	846.60	932.78	848.65	974.44	2.26	45.12	0.64	31.28	1348.16	-1573.75	1057.88
Saccade R	1	1	5276997677	5277069877	72200	846.60	932.78	848.65	974.44	2.26	45.12	0.64	31.28	1348.16	-1573.75	1057.88
Fixation L	1	2	5277069877	5277280580	210703	855.71	978.90	20	29	-1	15.64	15.64
Fixation R	1	2	5277069877	5277280580	210703	855.71	978.90	20	29	-1	15.54	15.54
Saccade L	1	2	5277280580	5277372446	91866	853.66	985.21	442.01	360.82	18.36	390.23	0.39	199.90	15515.51	-8451.46	7865.84
Saccade R	1	2	5277280580	5277372446	91866	853.66	985.21	442.01	360.82	18.36	390.23	0.39	199.90	15515.51	-8451.46	7865.84
Fixation L	1	3	5277372446	5277446731	74285	457.43	369.09	33	41	-1	15.42	15.42
Fixation R	1	3	5277372446	5277446731	74285	457.43	369.09	33	41	-1	15.46	15.46
Saccade L	1	3	5277446731	5277500704	53973	474.90	399.17	422.31	327.06	1.92	56.37	0.30	35.48	1689.98	-1307.12	951.47
Saccade R	1	3	5277446731	5277500704	53973	474.90	399.17	422.31	327.06	1.92	56.37	0.30	35.48	1689.98	-1307.12	951.47
Fixation L	1	4	5277500704	5277724165	223461	431.27	332.43	28	27	-1	15.27	15.27
Fixation R	1	4	5277500704	5277724165	223461	431.27	332.43	28	27	-1	15.41	15.41
Saccade L	1	4	5277724165	5277752811	28646	413.75	325.31	446.61	352.80	0.93	46.07	0.30	32.59	999.75	-1339.39	941.54
Saccade R	1	4	5277724165	5277752811	28646	413.75	325.31	446.61	352.80	0.93	46.07	0.30	32.59	999.75	-1339.39	941.54
Fixation L	1	5	5277752811	5277854933	102122	433.32	358.43	24	13	-1	15.72	15.72
Fixation R	1	5	5277752811	5277854933	102122	433.32	358.43	24	13	-1	15.97	15.97
Saccade L	1	5	5277854933	5277890881	35948	423.02	365.76	561.41	375.43	3.18	187.33	0.50	88.45	7627.01	-7361.97	5434.22
Saccade R	1	5	5277854933	5277890881	35948	423.02	365.76	561.41	375.43	3.18	187.33	0.50	88.45	7627.01	-7361.97	5434.22
Fixation L	1	6	5277890881	5278058920	168039	575.63	377.67	23	21	-1	16.06	16.06
Fixation R	1	6	5277890881	5278058920	168039	575.63	377.67	23	21	-1	16.18	16.18
Saccade L	1	6	5278058920	5278084915	25995	573.56	365.91	642.76	368.53	1.37	95.00	0.39	52.80	3578.43	-3433.38	2434.33
Saccade R	1	6	5278058920	5278084915	25995	573.56	365.91	642.76	368.53	1.37	95.00	0.39	52.80	3578.43	-3433.38	2434.33
Fixation L	1	7	5278084915	5278299033	214118	651.04	364.42	25	9	-1	16.50	16.50
Fixation R	1	7	5278084915	5278299033	214118	651.04	364.42	25	9	-1	16.63	16.63
Saccade L	1	7	5278299033	5278327054	28021	644.89	360.37	703.23	374.55	1.31	79.53	0.43	46.64	3156.57	-3064.00	2228.74
Saccade R	1	7	5278299033	5278327054	28021	644.89	360.37	703.23	374.55	1.31	79.53	0.43	46.64	3156.57	-3064.00	2228.74
Fixation L	1	8	5278327054	5278457872	130818	693.72	366.89	24	17	-1	16.33	16.33
Fixation R	1	8	5278327054	5278457872	130818	693.72	366.89	24	17	-1	16.58	16.58
Saccade L	1	8	5278457872	5278492465	34593	703.35	372.53	496.71	362.12	4.56	258.11	0.38	131.77	10653.63	-10632.37	7769.87
Saccade R	1	8	5278457872	5278492465	34593	703.35	372.53	496.71	362.12	4.56	258.11	0.38	131.77	10653.63	-10632.37	7769.87
Fixation L	1	9	5278492465	5278775292	282827	506.33	360.73	17	36	-1	16.20	16.20
Fixation R	1	9	5278492465	5278775292	282827	506.33	360.73	17	36	-1	16.62	16.62
Saccade L	1	9	5278775292	5278803270	27978	500.42	381.91	380.67	388.94	2.59	183.63	0.50	92.48	7245.66	-6979.51	5234.43
Saccade R	1	9	5278775292	5278803270	27978	500.42	381.91	380.67	388.94	2.59	183.63	0.50	92.48	7245.66	-6979.51	5234.43
Fixation L	1	10	5278803270	5279041381	238111	393.37	382.29	24	47	-1	16.22	16.22
Fixation R	1	10	5278803270	5279041381	238111	393.37	382.29	24	47	-1	16.55	16.55
Saccade L	1	10	5279041381	5279063382	22001	391.62	354.05	422.76	368.26	0.67	42.72	0.52	30.60	1541.40	-1350.04	1003.46
Saccade R	1	10	5279041381	5279063382	22001	391.62	354.05	422.76	368.26	0.67	42.72	0.52	30.60	1541.40	-1350.04	1003.46
Fixation L	1	11	5279063382	5279267491	204109	442.90	367.62	40	38	-1	16.13	16.13
Fixation R	1	11	5279063382	5279267491	204109	442.90	367.62	40	38	-1	16.57	16.57
Saccade L	1	11	5279267491	5279295513	28022	431.36	347.31	530.91	363.44	2.17	151.10	0.50	77.48	5787.73	-6045.00	4270.99
Saccade R	1	11	5279267491	5279295513	28022	431.36	347.31	530.91	363.44	2.17	151.10	0.50	77.48	5787.73	-6045.00	4270.99
Fixation L	1	12	5279295513	5279407531	112018	539.21	349.33	17	32	-1	16.20	16.20
Fixation R	1	12	5279295513	5279407531	112018	539.21	349.33	17	32	-1	16.63	16.63
Blink L	1	1	5279407531	5279607651	200120
Blink R	1	1	5279407531	5279607651	200120
Saccade L	1	12	5279625945	5279678301	52356	513.14	368.70	583.13	651.37	7.63	295.21	0.60	145.64	6066.30	-6558.19	4434.93
Blink R	1	2	5279625945	5279717725	91780
Saccade L	1	13	5279678301	5279717725	39424	583.13	651.37	499.06	409.45	7.93	371.11	0.49	201.06	10551.09	-12936.14	7031.21
Saccade L	1	14	5279729670	5279753722	24052	503.34	415.19	415.07	419.29	1.88	147.64	0.50	78.11	5376.46	-5358.63	3508.42
Blink R	1	3	5279729670	5280175832	446162
Fixation L	1	13	5279753722	5280151832	398110	433.84	421.39	44	39	-1	15.27	15.27
Blink L	1	2	5280151832	5281336300	1184468
Fixation R	1	13	5280175832	5280562069	386237	0.00	0.00	0	0	-1	0.00	0.00
Blink R	1	4	5280763476	5281088238	324762
Saccade R	1	12	5281088238	5281336300	248062	0.00	0.00	533.80	403.89	78.65	1201.45	0.83	317.07	45743.62	-40911.86	19770.89
Fixation L	1	14	5281336300	5281596401	260101	550.65	393.50	35	38	-1	16.91	16.91
Fixation R	1	14	5281336300	5281596401	260101	550.65	393.50	35	38	-1	17.57	17.57
Saccade L	1	15	5281596401	5281645245	48844	547.51	393.34	665.19	403.37	3.24	172.82	0.34	66.26	6591.25	-5978.70	3686.86
Saccade R	1	13	5281596401	5281645245	48844	547.51	393.34	665.19	403.37	3.24	172.82	0.34	66.26	6591.25	-5978.70	3686.86
Fixation L	1	15	5281645245	5281834543	189298	656.32	388.99	29	29	-1	17.05	17.05
Fixation R	1	15	5281645245	5281834543	189298	656.32	388.99	29	29	-1	17.53	17.53
Blink L	1	3	5281834543	5282626865	792322
Blink R	1	5	5281834543	5282626865	792322
Fixation L	1	16	5282626865	5282745869	119004	510.87	373.78	19	32	-1	16.72	16.72
Fixation R	1	16	5282626865	5282745869	119004	510.87	373.78	19	32	-1	17.06	17.06
Saccade L	1	16	5282745869	5282778943	33074	504.03	379.50	682.24	377.86	4.06	257.25	0.65	122.86	10270.33	-9839.92	7255.86
Saccade R	1	14	5282745869	5282778943	33074	504.03	379.50	682.24	377.86	4.06	257.25	0.65	122.86	10270.33	-9839.92	7255.86
Fixation L	1	17	5282778943	5282938970	160027	672.03	374.21	38	24	-1	16.78	16.78
Fixation R	1	17	5282778943	5282938970	160027	672.03	374.21	38	24	-1	17.10	17.10
Saccade L	1	17	5282938970	5282989819	50849	655.16	367.90	637.32	512.14	4.29	164.15	0.80	84.42	7849.75	-877.03	2250.45
Saccade R	1	15	5282938970	5282989819	50849	655.16	367.90	637.32	512.14	4.29	164.15	0.80	84.42	7849.75	-877.03	2250.45
Saccade L	1	18	5282989819	5283033013	43194	637.32	512.14	421.82	599.28	7.64	392.74	0.61	176.98	34702.96	-8906.25	9858.32
Saccade R	1	16	5282989819	5283033013	43194	637.32	512.14	421.82	599.28	7.64	392.74	0.61	176.98	34702.96	-8906.25	9858.32
Blink L	1	4	5283033013	5283061853	28840
Blink R	1	6	5283033013	5283061853	28840
Blink L	1	5	5283061853	5283262086	200233
Blink R	1	7	5283061853	5283262086	200233
Fixation L	1	18	5283336841	5283393208	56367	442.29	714.44	51	9	-1	16.67	16.67
Fixation R	1	18	5283336841	5283393208	56367	442.29	714.44	51	9	-1	16.78	16.78
Saccade L	1	19	5283495245	5283607807	112562	409.87	811.81	369.02	772.32	19.96	520.24	0.39	177.32	17214.72	-12100.74	5994.61
Saccade R	1	17	5283495245	5283607807	112562	409.87	811.81	369.02	772.32	19.96	520.24	0.39	177.32	17214.72	-12100.74	5994.61
Saccade L	1	20	5283651947	5283694283	42336	343.40	768.28	403.37	484.67	7.12	572.31	0.36	168.14	20825.71	-20593.96	12457.41
Blink R	1	8	5283651947	5283770573	118626
Blink L	1	6	5283727335	5283807318	79983
Blink R	1	9	5283779308	5283831309	52001
Blink L	1	7	5283807318	5283963831	156513
Fixation R	1	19	5283831309	5283909437	78128	0.00	0.00	0	0	-1	0.00	0.00
Saccade R	1	18	5283909437	5283963831	54394	0.00	0.00	326.19	741.28	22.46	1587.70	0.22	412.98	60496.18	-58853.87	28747.04
Blink L	1	8	5283963831	5284599663	635832
Blink R	1	10	5283963831	5284599663	635832
Fixation L	1	19	5284599663	5285052882	453219	355.45	408.60	66	88	-1	16.62	16.62
Fixation R	1	20	5284599663	5285052882	453219	355.45	408.60	66	88	-1	17.10	17.10
Blink L	1	9	5285052882	5285237881	184999
Blink R	1	11	5285052882	5285237881	184999
Saccade L	1	21	5285237881	5285285877	47996	424.37	428.41	371.24	508.28	2.57	97.41	0.21	53.51	176.81	-14268.91	2854.10
Blink R	1	12	5285237881	5285311881	74000
Blink R	1	13	5285315878	5285413999	98121
Fixation L	1	20	5285336022	5285400031	64009	354.21	493.63	41	49	-1	17.01	17.01
Blink L	1	10	5285460000	5285567373	107373
Blink R	1	14	5285460000	5285567373	107373
UserEvent	1	217	5285529464	# Message: UE-mouseclick left x=360 y=439
Fixation L	1	21	5285567373	5285817505	250132	378.11	473.71	15	22	-1	17.02	17.02
Fixation R	1	21	5285567373	5285817505	250132	378.11	473.71	15	22	-1	16.86	16.86
Saccade L	1	22	5285817505	5285867513	50008	379.69	474.14	421.05	563.79	3.53	135.24	0.49	70.66	5598.94	-5308.92	3896.74
Saccade R	1	19	5285817505	5285867513	50008	379.69	474.14	421.05	563.79	3.53	135.24	0.49	70.66	5598.94	-5308.92	3896.74
Fixation L	1	22	5285867513	5286870565	1003052	418.63	561.00	48	50	-1	17.06	17.06
Fixation R	1	22	5285867513	5286870565	1003052	418.63	561.00	48	50	-1	16.91	16.91
Saccade L	1	23	5286870565	5286918570	48005	412.34	576.19	661.25	428.10	6.53	267.84	0.38	136.09	11522.48	-9345.24	7375.45
Saccade R	1	20	5286870565	5286918570	48005	412.34	576.19	661.25	428.10	6.53	267.84	0.38	136.09	11522.48	-9345.24	7375.45
Fixation L	1	23	5286918570	5287282794	364224	635.61	411.37	53	46	-1	16.67	16.67
Fixation R	1	23	5286918570	5287282794	364224	635.61	411.37	53	46	-1	16.80	16.80
Saccade L	1	24	5287282794	5287338801	56007	629.61	405.33	444.28	372.23	4.29	217.25	0.29	76.60	9130.87	-8421.47	4421.52
Saccade R	1	21	5287282794	5287338801	56007	629.61	405.33	444.28	372.23	4.29	217.25	0.29	76.60	9130.87	-8421.47	4421.52
Fixation L	1	24	5287338801	5287560943	222142	468.32	371.10	45	22	-1	16.62	16.62
Fixation R	1	24	5287338801	5287560943	222142	468.32	371.10	45	22	-1	16.69	16.69
Saccade L	1	25	5287560943	5287587055	26112	479.29	363.72	424.05	377.10	1.25	76.81	0.46	47.75	2931.03	-3111.32	2151.26
Saccade R	1	22	5287560943	5287587055	26112	479.29	363.72	424.05	377.10	1.25	76.81	0.46	47.75	2931.03	-3111.32	2151.26
Fixation L	1	25	5287587055	5287827030	239975	417.58	371.50	22	29	-1	16.77	16.77
Fixation R	1	25	5287587055	5287827030	239975	417.58	371.50	22	29	-1	16.92	16.92
Saccade L	1	26	5287827030	5287863026	35996	406.30	361.48	539.18	387.56	2.86	148.07	0.44	79.40	6323.53	-5915.49	4422.67
Saccade R	1	23	5287827030	5287863026	35996	406.30	361.48	539.18	387.56	2.86	148.07	0.44	79.40	6323.53	-5915.49	4422.67
Fixation L	1	26	5287863026	5288115148	252122	533.40	380.38	26	13	-1	17.01	17.01
Fixation R	1	26	5287863026	5288115148	252122	533.40	380.38	26	13	-1	17.23	17.23
Saccade L	1	27	5288115148	5288164126	48978	526.54	382.30	403.28	532.48	5.05	226.07	0.41	103.05	9136.71	-7763.94	5521.93
Saccade R	1	24	5288115148	5288164126	48978	526.54	382.30	403.28	532.48	5.05	226.07	0.41	103.05	9136.71	-7763.94	5521.93
Fixation L	1	27	5288164126	5288591534	427408	433.97	546.22	48	24	-1	17.25	17.25
Fixation R	1	27	5288164126	5288591534	427408	433.97	546.22	48	24	-1	17.28	17.28
UserEvent	1	290	5288465380	# Message: UE-mouseclick left x=401 y=532
