[BeGaze]
Converted from:	C:\Program Files\SMI\Experiment Suite 360\Experiment Center 2\Results\RC-Attachment-Exp\P19-eye_data.idf
Date:	18.03.2012 20:14:56
Version:	BeGaze 3.0.181
Sample Rate:	500
Subject:	P19
Description:	Run24

Table Header for Fixations:
Event Type	Trial	Number	Start	End	Duration	Location X	Location Y	Dispersion X	Dispersion Y	Plane	Avg. Pupil Size X	Avg. Pupil Size Y

Table Header for Saccades:
Event Type	Trial	Number	Start	End	Duration	Start Loc.X	Start Loc.Y	End Loc.X	End Loc.Y	Amplitude	Peak Speed	Peak Speed At	Average Speed	Peak Accel.	Peak Decel.	Average Accel.

Table Header for Blinks:
Event Type	Trial	Number	Start	End	Duration

Table Header for User Events:
Event Type	Trial	Number	Start	Description

UserEvent	1	1	18333277842	# Message: Dist-srthm-24.jpg
Fixation L	1	1	18333278222	18333558317	280095	559.76	489.39	24	69	-1	13.22	13.22
Fixation R	1	1	18333278222	18333558317	280095	559.76	489.39	24	69	-1	13.41	13.41
Saccade L	1	1	18333558317	18333588316	29999	570.82	505.31	588.43	463.80	1.01	49.00	0.47	33.70	1393.23	-1733.94	1141.78
Saccade R	1	1	18333558317	18333588316	29999	570.82	505.31	588.43	463.80	1.01	49.00	0.47	33.70	1393.23	-1733.94	1141.78
Saccade L	1	2	18333618440	18333654436	35996	592.99	469.34	512.64	436.23	1.93	95.66	0.44	53.65	4040.73	-3335.96	2645.88
Saccade R	1	2	18333618440	18333654436	35996	592.99	469.34	512.64	436.23	1.93	95.66	0.44	53.65	4040.73	-3335.96	2645.88
Fixation L	1	2	18333654436	18333832439	178003	516.52	439.62	28	18	-1	13.09	13.09
Fixation R	1	2	18333654436	18333832439	178003	516.52	439.62	28	18	-1	13.23	13.23
Saccade L	1	3	18333832439	18333858429	25990	518.33	428.96	609.36	426.75	1.94	134.32	0.54	74.45	5243.68	-5265.40	3789.68
Saccade R	1	3	18333832439	18333858429	25990	518.33	428.96	609.36	426.75	1.94	134.32	0.54	74.45	5243.68	-5265.40	3789.68
Fixation L	1	3	18333858429	18334068536	210107	611.69	437.83	28	34	-1	13.00	13.00
Fixation R	1	3	18333858429	18334068536	210107	611.69	437.83	28	34	-1	13.21	13.21
Saccade L	1	4	18334068536	18334096841	28305	604.96	458.96	727.24	462.87	2.64	178.12	0.49	93.40	7271.70	-7500.35	5372.72
Saccade R	1	4	18334068536	18334096841	28305	604.96	458.96	727.24	462.87	2.64	178.12	0.49	93.40	7271.70	-7500.35	5372.72
Fixation L	1	4	18334096841	18334218700	121859	723.80	460.38	41	21	-1	13.04	13.04
Fixation R	1	4	18334096841	18334218700	121859	723.80	460.38	41	21	-1	13.19	13.19
Saccade L	1	5	18334218700	18334246645	27945	698.50	469.51	787.68	471.56	1.92	129.35	0.36	68.85	5062.71	-5085.18	3592.81
Saccade R	1	5	18334218700	18334246645	27945	698.50	469.51	787.68	471.56	1.92	129.35	0.36	68.85	5062.71	-5085.18	3592.81
Fixation L	1	5	18334246645	18334492783	246138	804.35	453.33	30	43	-1	13.22	13.22
Fixation R	1	5	18334246645	18334492783	246138	804.35	453.33	30	43	-1	13.26	13.26
Saccade L	1	6	18334492783	18334522762	29979	813.32	451.17	925.30	458.33	2.42	157.64	0.47	80.88	6632.03	-6364.14	4743.76
Saccade R	1	6	18334492783	18334522762	29979	813.32	451.17	925.30	458.33	2.42	157.64	0.47	80.88	6632.03	-6364.14	4743.76
Fixation L	1	6	18334522762	18334664752	141990	928.99	455.93	15	14	-1	13.05	13.05
Fixation R	1	6	18334522762	18334664752	141990	928.99	455.93	15	14	-1	13.22	13.22
Saccade L	1	7	18334664752	18334686979	22227	919.09	448.37	962.08	449.78	0.88	60.20	0.45	39.55	1996.32	-2125.07	1425.52
Saccade R	1	7	18334664752	18334686979	22227	919.09	448.37	962.08	449.78	0.88	60.20	0.45	39.55	1996.32	-2125.07	1425.52
Fixation L	1	7	18334686979	18335147250	460271	990.22	468.72	66	47	-1	13.04	13.04
Fixation R	1	7	18334686979	18335147250	460271	990.22	468.72	66	47	-1	12.96	12.96
Saccade L	1	8	18335147250	18335172983	25733	1027.19	462.04	1072.93	458.40	1.09	71.31	0.53	42.45	2232.48	-2451.89	1638.65
Saccade R	1	8	18335147250	18335172983	25733	1027.19	462.04	1072.93	458.40	1.09	71.31	0.53	42.45	2232.48	-2451.89	1638.65
Fixation L	1	8	18335172983	18335333097	160114	1088.28	455.11	27	29	-1	12.83	12.83
Fixation R	1	8	18335172983	18335333097	160114	1088.28	455.11	27	29	-1	12.63	12.63
Saccade L	1	9	18335333097	18335375320	42223	1090.62	445.98	1172.29	442.66	2.18	118.72	0.66	51.61	3864.78	-4622.27	2495.01
Saccade R	1	9	18335333097	18335375320	42223	1090.62	445.98	1172.29	442.66	2.18	118.72	0.66	51.61	3864.78	-4622.27	2495.01
Fixation L	1	9	18335375320	18335633244	257924	1170.07	440.95	23	60	-1	12.70	12.70
Fixation R	1	9	18335375320	18335633244	257924	1170.07	440.95	23	60	-1	12.64	12.64
Saccade L	1	10	18335633244	18335677228	43984	1174.94	467.79	1077.27	440.58	2.64	120.47	0.68	60.00	3427.61	-4682.97	2674.38
Saccade R	1	10	18335633244	18335677228	43984	1174.94	467.79	1077.27	440.58	2.64	120.47	0.68	60.00	3427.61	-4682.97	2674.38
Fixation L	1	10	18335677228	18335869345	192117	1058.47	451.27	39	32	-1	13.08	13.08
Fixation R	1	10	18335677228	18335869345	192117	1058.47	451.27	39	32	-1	12.87	12.87
Saccade L	1	11	18335869345	18335949353	80008	1061.53	465.85	977.41	944.51	11.06	238.99	0.35	138.27	8769.30	-6264.17	4786.27
Saccade R	1	11	18335869345	18335949353	80008	1061.53	465.85	977.41	944.51	11.06	238.99	0.35	138.27	8769.30	-6264.17	4786.27
Fixation L	1	11	18335949353	18336178775	229422	963.49	947.60	35	22	-1	14.10	14.10
Fixation R	1	11	18335949353	18336178775	229422	963.49	947.60	35	22	-1	13.87	13.87
Fixation L	1	12	18336197593	18336445553	247960	919.33	931.05	53	46	-1	13.79	13.79
Fixation R	1	12	18336197593	18336445553	247960	919.33	931.05	53	46	-1	13.74	13.74
