[BeGaze]
Converted from:	C:\Program Files\SMI\Experiment Suite 360\Experiment Center 2\Results\RC-Attachment-Exp\P09-eye_data.idf
Date:	18.03.2012 20:07:56
Version:	BeGaze 3.0.181
Sample Rate:	500
Subject:	P09
Description:	Run14

Table Header for Fixations:
Event Type	Trial	Number	Start	End	Duration	Location X	Location Y	Dispersion X	Dispersion Y	Plane	Avg. Pupil Size X	Avg. Pupil Size Y

Table Header for Saccades:
Event Type	Trial	Number	Start	End	Duration	Start Loc.X	Start Loc.Y	End Loc.X	End Loc.Y	Amplitude	Peak Speed	Peak Speed At	Average Speed	Peak Accel.	Peak Decel.	Average Accel.

Table Header for Blinks:
Event Type	Trial	Number	Start	End	Duration

Table Header for User Events:
Event Type	Trial	Number	Start	Description

UserEvent	1	1	7757043083	# Message: RC-N1forced-nonanim-5.jpg
Fixation L	1	1	7757052924	7757327208	274284	503.93	457.89	14	26	-1	13.37	13.37
Fixation R	1	1	7757052924	7757327208	274284	503.93	457.89	14	26	-1	13.96	13.96
Saccade L	1	1	7757327208	7757359077	31869	501.67	455.28	561.79	476.12	1.44	78.45	0.43	45.06	3153.17	-2671.82	1852.36
Saccade R	1	1	7757327208	7757359077	31869	501.67	455.28	561.79	476.12	1.44	78.45	0.43	45.06	3153.17	-2671.82	1852.36
Saccade L	1	2	7757363022	7757389022	26000	564.08	472.14	583.09	502.91	0.86	46.73	0.23	33.08	1677.39	-427.81	684.16
Saccade R	1	2	7757363022	7757389022	26000	564.08	472.14	583.09	502.91	0.86	46.73	0.23	33.08	1677.39	-427.81	684.16
Saccade L	1	3	7757389022	7757415030	26008	583.09	502.91	542.69	453.92	1.33	90.57	0.38	51.07	2369.80	-3512.76	2076.79
Saccade R	1	3	7757389022	7757415030	26008	583.09	502.91	542.69	453.92	1.33	90.57	0.38	51.07	2369.80	-3512.76	2076.79
Fixation L	1	2	7757415030	7757673138	258108	550.89	449.59	40	19	-1	13.84	13.84
Fixation R	1	2	7757415030	7757673138	258108	550.89	449.59	40	19	-1	14.56	14.56
Fixation L	1	3	7757693143	7759066058	1372915	572.85	451.56	51	40	-1	13.88	13.88
Fixation R	1	3	7757693143	7759066058	1372915	572.85	451.56	51	40	-1	14.61	14.61
Saccade L	1	4	7759066058	7759088246	22188	591.60	443.79	619.58	453.80	0.63	42.11	0.53	28.26	586.91	-1192.80	618.40
Saccade R	1	4	7759066058	7759088246	22188	591.60	443.79	619.58	453.80	0.63	42.11	0.53	28.26	586.91	-1192.80	618.40
Fixation L	1	4	7759088246	7759235857	147611	619.79	450.44	29	27	-1	13.86	13.86
Fixation R	1	4	7759088246	7759235857	147611	619.79	450.44	29	27	-1	14.90	14.90
Saccade L	1	5	7759235857	7759259865	24008	633.64	456.54	618.32	423.57	0.73	42.30	0.50	30.42	1442.98	-1271.93	1007.28
Saccade R	1	5	7759235857	7759259865	24008	633.64	456.54	618.32	423.57	0.73	42.30	0.50	30.42	1442.98	-1271.93	1007.28
Fixation L	1	5	7759259865	7759329855	69990	620.78	440.48	11	25	-1	13.67	13.67
Fixation R	1	5	7759259865	7759329855	69990	620.78	440.48	11	25	-1	14.75	14.75
Saccade L	1	6	7759329855	7759358501	28646	629.95	449.11	675.92	423.27	1.18	59.99	0.42	41.09	2040.61	-2233.19	1573.00
Saccade R	1	6	7759329855	7759358501	28646	629.95	449.11	675.92	423.27	1.18	59.99	0.42	41.09	2040.61	-2233.19	1573.00
Fixation L	1	6	7759358501	7759575973	217472	661.80	454.65	22	46	-1	13.39	13.39
Fixation R	1	6	7759358501	7759575973	217472	661.80	454.65	22	46	-1	14.35	14.35
Saccade L	1	7	7759575973	7759614110	38137	660.67	463.67	654.53	415.81	1.20	45.31	0.63	31.48	1255.33	-1695.51	1070.11
Saccade R	1	7	7759575973	7759614110	38137	660.67	463.67	654.53	415.81	1.20	45.31	0.63	31.48	1255.33	-1695.51	1070.11
Saccade L	1	8	7759664097	7759694254	30157	658.03	439.43	725.70	451.66	1.45	84.73	0.33	48.22	3353.30	-3145.44	2321.56
Saccade R	1	8	7759664097	7759694254	30157	658.03	439.43	725.70	451.66	1.45	84.73	0.33	48.22	3353.30	-3145.44	2321.56
Fixation L	1	7	7759694254	7760086211	391957	719.46	444.56	29	33	-1	13.13	13.13
Fixation R	1	7	7759694254	7760086211	391957	719.46	444.56	29	33	-1	13.96	13.96
Saccade L	1	9	7760086211	7760112235	26024	712.35	442.91	774.56	451.24	1.28	84.13	0.38	49.30	3252.59	-3312.02	2344.87
Saccade R	1	9	7760086211	7760112235	26024	712.35	442.91	774.56	451.24	1.28	84.13	0.38	49.30	3252.59	-3312.02	2344.87
Fixation L	1	8	7760112235	7760358330	246095	771.38	444.14	27	20	-1	12.98	12.98
Fixation R	1	8	7760112235	7760358330	246095	771.38	444.14	27	20	-1	13.88	13.88
Saccade L	1	10	7760358330	7760382338	24008	776.52	441.04	819.76	457.68	0.91	58.08	0.35	38.05	2077.22	-1879.95	1378.13
Saccade R	1	10	7760358330	7760382338	24008	776.52	441.04	819.76	457.68	0.91	58.08	0.35	38.05	2077.22	-1879.95	1378.13
Fixation L	1	9	7760382338	7760706596	324258	810.88	445.97	39	26	-1	12.91	12.91
Fixation R	1	9	7760382338	7760706596	324258	810.88	445.97	39	26	-1	13.76	13.76
Saccade L	1	11	7760706596	7760728609	22013	821.69	449.76	873.16	448.31	1.29	105.31	0.54	58.57	2857.61	-3623.25	2093.96
Saccade R	1	11	7760706596	7760728609	22013	821.69	449.76	873.16	448.31	1.29	105.31	0.54	58.57	2857.61	-3623.25	2093.96
Fixation L	1	10	7760728609	7761148699	420090	884.30	442.28	41	34	-1	12.84	12.84
Fixation R	1	10	7760728609	7761148699	420090	884.30	442.28	41	34	-1	13.67	13.67
Saccade L	1	12	7761148699	7761172698	23999	888.14	434.95	926.64	456.62	0.97	65.53	0.50	40.38	2389.88	-2640.36	1716.24
Saccade R	1	12	7761148699	7761172698	23999	888.14	434.95	926.64	456.62	0.97	65.53	0.50	40.38	2389.88	-2640.36	1716.24
Fixation L	1	11	7761172698	7761321046	148348	933.08	453.52	19	23	-1	12.80	12.80
Fixation R	1	11	7761172698	7761321046	148348	933.08	453.52	19	23	-1	13.76	13.76
Saccade L	1	13	7761321046	7761346814	25768	932.28	440.89	986.71	447.12	1.05	62.62	0.46	40.92	2548.12	-2288.08	1778.93
Saccade R	1	13	7761321046	7761346814	25768	932.28	440.89	986.71	447.12	1.05	62.62	0.46	40.92	2548.12	-2288.08	1778.93
Fixation L	1	12	7761346814	7761494814	148000	986.03	444.29	8	17	-1	12.84	12.84
Fixation R	1	12	7761346814	7761494814	148000	986.03	444.29	8	17	-1	13.62	13.62
Saccade L	1	14	7761494814	7761520936	26122	986.62	438.39	884.09	450.14	2.20	154.05	0.46	84.28	6481.48	-6345.58	4609.75
Saccade R	1	14	7761494814	7761520936	26122	986.62	438.39	884.09	450.14	2.20	154.05	0.46	84.28	6481.48	-6345.58	4609.75
Fixation L	1	13	7761520936	7761704948	184012	891.94	439.02	16	32	-1	12.88	12.88
Fixation R	1	13	7761520936	7761704948	184012	891.94	439.02	16	32	-1	13.62	13.62
Saccade L	1	15	7761704948	7761732928	27980	884.06	439.87	977.84	439.76	2.03	129.64	0.50	72.66	5521.96	-5409.10	4000.37
Saccade R	1	15	7761704948	7761732928	27980	884.06	439.87	977.84	439.76	2.03	129.64	0.50	72.66	5521.96	-5409.10	4000.37
Fixation L	1	14	7761732928	7761985056	252128	977.34	431.63	20	16	-1	12.80	12.80
Fixation R	1	14	7761732928	7761985056	252128	977.34	431.63	20	16	-1	13.62	13.62
Saccade L	1	16	7761985056	7762025065	40009	976.24	431.45	1087.90	431.24	2.45	131.30	0.32	61.14	5204.00	-4414.23	3184.24
Saccade R	1	16	7761985056	7762025065	40009	976.24	431.45	1087.90	431.24	2.45	131.30	0.32	61.14	5204.00	-4414.23	3184.24
Fixation L	1	15	7762025065	7762229165	204100	1086.94	439.97	33	14	-1	12.85	12.85
Fixation R	1	15	7762025065	7762229165	204100	1086.94	439.97	33	14	-1	13.60	13.60
Saccade L	1	17	7762229165	7762251215	22050	1072.26	444.98	1118.86	447.98	0.94	67.69	0.48	42.80	2367.69	-2432.89	1628.48
Saccade R	1	17	7762229165	7762251215	22050	1072.26	444.98	1118.86	447.98	0.94	67.69	0.48	42.80	2367.69	-2432.89	1628.48
Fixation L	1	16	7762251215	7762467286	216071	1119.20	429.58	22	44	-1	12.64	12.64
Fixation R	1	16	7762251215	7762467286	216071	1119.20	429.58	22	44	-1	13.38	13.38
Fixation L	1	17	7762485303	7762607423	122120	1158.85	436.39	33	22	-1	12.59	12.59
Fixation R	1	17	7762485303	7762607423	122120	1158.85	436.39	33	22	-1	13.43	13.43
Saccade L	1	18	7762607423	7762679406	71983	1173.04	446.41	921.22	955.33	13.97	422.73	0.56	194.06	18304.28	-14889.20	10390.34
Saccade R	1	18	7762607423	7762679406	71983	1173.04	446.41	921.22	955.33	13.97	422.73	0.56	194.06	18304.28	-14889.20	10390.34
Fixation L	1	18	7762679406	7762771400	91994	932.54	953.10	27	13	-1	12.89	12.89
Fixation R	1	18	7762679406	7762771400	91994	932.54	953.10	27	13	-1	13.61	13.61
Fixation L	1	19	7762791404	7763168230	376826	894.42	915.56	46	39	-1	12.96	12.96
Fixation R	1	19	7762791404	7763168230	376826	894.42	915.56	46	39	-1	13.90	13.90
