[BeGaze]
Converted from:	C:\Program Files\SMI\Experiment Suite 360\Experiment Center 2\Results\RC-Attachment-Exp\P12-eye_data.idf
Date:	18.03.2012 20:09:43
Version:	BeGaze 3.0.181
Sample Rate:	500
Subject:	P12
Description:	Run17

Table Header for Fixations:
Event Type	Trial	Number	Start	End	Duration	Location X	Location Y	Dispersion X	Dispersion Y	Plane	Avg. Pupil Size X	Avg. Pupil Size Y

Table Header for Saccades:
Event Type	Trial	Number	Start	End	Duration	Start Loc.X	Start Loc.Y	End Loc.X	End Loc.Y	Amplitude	Peak Speed	Peak Speed At	Average Speed	Peak Accel.	Peak Decel.	Average Accel.

Table Header for Blinks:
Event Type	Trial	Number	Start	End	Duration

Table Header for User Events:
Event Type	Trial	Number	Start	Description

UserEvent	1	1	11666961560	# Message: RC-nonforced-nonanim-5.jpg
Fixation L	1	1	11666964753	11667042217	77464	0.00	0.00	0	0	-1	0.88	0.88
Fixation R	1	1	11666964753	11667042217	77464	0.00	0.00	0	0	-1	0.19	0.19
Saccade L	1	1	11667042217	11667086419	44202	0.00	0.00	654.74	376.24	25.35	1662.91	0.32	573.57	64076.79	-48647.52	32437.61
Saccade R	1	1	11667042217	11667086419	44202	0.00	0.00	654.74	376.24	25.35	1662.91	0.32	573.57	64076.79	-48647.52	32437.61
Saccade L	1	2	11667086419	11667116238	29819	654.74	376.24	526.80	375.38	2.29	152.94	0.26	76.96	626.30	-9130.62	2931.35
Saccade R	1	2	11667086419	11667116238	29819	654.74	376.24	526.80	375.38	2.29	152.94	0.26	76.96	626.30	-9130.62	2931.35
Fixation L	1	2	11667116238	11667416314	300076	522.38	403.62	38	39	-1	11.32	11.32
Fixation R	1	2	11667116238	11667416314	300076	522.38	403.62	38	39	-1	11.00	11.00
Saccade L	1	3	11667416314	11667442312	25998	546.18	411.30	624.34	407.33	1.73	117.64	0.54	66.54	4236.02	-4407.39	3110.11
Saccade R	1	3	11667416314	11667442312	25998	546.18	411.30	624.34	407.33	1.73	117.64	0.54	66.54	4236.02	-4407.39	3110.11
Fixation L	1	3	11667442312	11667612428	170116	639.57	420.19	21	30	-1	11.24	11.24
Fixation R	1	3	11667442312	11667612428	170116	639.57	420.19	21	30	-1	11.23	11.23
Saccade L	1	4	11667612428	11667636491	24063	638.83	416.31	713.15	418.07	1.64	123.43	0.50	68.35	5004.66	-4960.21	3476.57
Saccade R	1	4	11667612428	11667636491	24063	638.83	416.31	713.15	418.07	1.64	123.43	0.50	68.35	5004.66	-4960.21	3476.57
Fixation L	1	4	11667636491	11667862552	226061	726.64	436.26	22	33	-1	11.15	11.15
Fixation R	1	4	11667636491	11667862552	226061	726.64	436.26	22	33	-1	11.21	11.21
Saccade L	1	5	11667862552	11667884546	21994	720.16	439.43	764.58	439.17	0.93	65.56	0.45	42.15	2511.25	-2600.34	1765.98
Saccade R	1	5	11667862552	11667884546	21994	720.16	439.43	764.58	439.17	0.93	65.56	0.45	42.15	2511.25	-2600.34	1765.98
Fixation L	1	5	11667884546	11667988548	104002	767.59	433.40	4	11	-1	11.27	11.27
Fixation R	1	5	11667884546	11667988548	104002	767.59	433.40	4	11	-1	11.21	11.21
Saccade L	1	6	11667988548	11668016671	28123	767.91	428.53	854.39	425.01	1.90	127.20	0.50	67.66	5247.55	-4939.69	3704.00
Saccade R	1	6	11667988548	11668016671	28123	767.91	428.53	854.39	425.01	1.90	127.20	0.50	67.66	5247.55	-4939.69	3704.00
Fixation L	1	6	11668016671	11668216672	200001	866.20	424.30	18	11	-1	11.39	11.39
Fixation R	1	6	11668016671	11668216672	200001	866.20	424.30	18	11	-1	11.39	11.39
Saccade L	1	7	11668216672	11668244697	28025	869.68	426.66	960.14	438.35	1.87	124.28	0.43	66.78	5199.31	-4652.11	3561.99
Saccade R	1	7	11668216672	11668244697	28025	869.68	426.66	960.14	438.35	1.87	124.28	0.43	66.78	5199.31	-4652.11	3561.99
Fixation L	1	7	11668244697	11668470797	226100	964.49	442.28	27	18	-1	11.67	11.67
Fixation R	1	7	11668244697	11668470797	226100	964.49	442.28	27	18	-1	11.59	11.59
Saccade L	1	8	11668470797	11668498786	27989	952.30	445.53	1046.15	445.97	2.16	147.64	0.43	77.21	6070.53	-6008.44	4347.40
Saccade R	1	8	11668470797	11668498786	27989	952.30	445.53	1046.15	445.97	2.16	147.64	0.43	77.21	6070.53	-6008.44	4347.40
Fixation L	1	8	11668498786	11668768908	270122	1053.89	435.94	16	25	-1	11.74	11.74
Fixation R	1	8	11668498786	11668768908	270122	1053.89	435.94	16	25	-1	11.72	11.72
Saccade L	1	9	11668768908	11668802914	34006	1047.72	429.28	1155.44	420.46	2.48	165.56	0.39	72.84	6788.72	-6090.01	4134.95
Saccade R	1	9	11668768908	11668802914	34006	1047.72	429.28	1155.44	420.46	2.48	165.56	0.39	72.84	6788.72	-6090.01	4134.95
Fixation L	1	9	11668802914	11669311150	508236	1159.59	422.44	17	21	-1	11.81	11.81
Fixation R	1	9	11668802914	11669311150	508236	1159.59	422.44	17	21	-1	11.80	11.80
Fixation L	1	10	11669395270	11670311621	916351	886.98	955.09	46	49	-1	12.12	12.12
Fixation R	1	10	11669395270	11670311621	916351	886.98	955.09	46	49	-1	11.95	11.95
