[BeGaze]
Converted from:	C:\Program Files\SMI\Experiment Suite 360\Experiment Center 2\Results\RC-Attachment-Exp\P01-eye_data.idf
Date:	24.02.2012 09:57:19
Version:	BeGaze 3.0.181
Sample Rate:	500
Subject:	P01
Description:	Run1

Table Header for Fixations:
Event Type	Trial	Number	Start	End	Duration	Location X	Location Y	Dispersion X	Dispersion Y	Plane	Avg. Pupil Size X	Avg. Pupil Size Y

Table Header for Saccades:
Event Type	Trial	Number	Start	End	Duration	Start Loc.X	Start Loc.Y	End Loc.X	End Loc.Y	Amplitude	Peak Speed	Peak Speed At	Average Speed	Peak Accel.	Peak Decel.	Average Accel.

Table Header for Blinks:
Event Type	Trial	Number	Start	End	Duration

Table Header for User Events:
Event Type	Trial	Number	Start	Description

UserEvent	1	1	2358952397	# Message: Questionnaire19.jpg
Saccade L	1	1	2358967251	2359000160	32909	896.97	902.24	934.58	940.25	1.35	59.18	0.59	40.91	1444.71	-840.89	477.97
Saccade R	1	1	2358967251	2359000160	32909	896.97	902.24	934.58	940.25	1.35	59.18	0.59	40.91	1444.71	-840.89	477.97
Saccade L	1	2	2359000160	2359023141	22981	934.58	940.25	896.15	914.63	0.78	58.36	0.58	33.98	128.68	-406.71	129.63
Saccade R	1	2	2359000160	2359023141	22981	934.58	940.25	896.15	914.63	0.78	58.36	0.58	33.98	128.68	-406.71	129.63
Saccade L	1	3	2359039025	2359104523	65498	928.96	934.67	889.45	927.35	1.89	42.84	0.28	28.82	55.75	-510.17	373.30
Saccade R	1	3	2359039025	2359104523	65498	928.96	934.67	889.45	927.35	1.89	42.84	0.28	28.82	55.75	-510.17	373.30
Saccade L	1	4	2359109689	2359152197	42508	886.11	927.59	935.08	955.74	1.52	58.15	0.76	35.82	1191.75	-824.62	592.07
Saccade R	1	4	2359109689	2359152197	42508	886.11	927.59	935.08	955.74	1.52	58.15	0.76	35.82	1191.75	-824.62	592.07
Saccade L	1	5	2359152197	2359176459	24262	935.08	955.74	924.24	906.57	0.93	65.13	0.57	38.50	751.28	-969.61	552.26
Saccade R	1	5	2359152197	2359176459	24262	935.08	955.74	924.24	906.57	0.93	65.13	0.57	38.50	751.28	-969.61	552.26
Saccade L	1	6	2359180120	2359202241	22121	922.85	911.11	937.97	948.58	0.82	50.21	0.36	37.16	632.89	-834.69	516.36
Saccade R	1	6	2359180120	2359202241	22121	922.85	911.11	937.97	948.58	0.82	50.21	0.36	37.16	632.89	-834.69	516.36
Fixation L	1	1	2359202241	2359363257	161016	916.93	922.45	38	41	-1	11.83	11.83
Fixation R	1	1	2359202241	2359363257	161016	916.93	922.45	38	41	-1	11.60	11.60
Saccade L	1	7	2359363257	2359386194	22937	937.49	941.92	899.57	933.36	0.75	47.47	0.39	32.59	1068.69	-1379.23	904.53
Saccade R	1	7	2359363257	2359386194	22937	937.49	941.92	899.57	933.36	0.75	47.47	0.39	32.59	1068.69	-1379.23	904.53
Saccade L	1	8	2359394519	2359470223	75704	902.80	932.91	464.84	508.07	14.11	401.99	0.34	186.40	17106.28	-8887.76	7899.82
Saccade R	1	8	2359394519	2359470223	75704	902.80	932.91	464.84	508.07	14.11	401.99	0.34	186.40	17106.28	-8887.76	7899.82
Fixation L	1	2	2359470223	2359552193	81970	465.95	515.36	18	30	-1	11.88	11.88
Fixation R	1	2	2359470223	2359552193	81970	465.95	515.36	18	30	-1	11.62	11.62
Saccade L	1	9	2359552193	2359582354	30161	469.03	531.64	420.77	489.30	1.58	93.50	0.53	52.45	3132.52	-2300.90	1890.55
Saccade R	1	9	2359552193	2359582354	30161	469.03	531.64	420.77	489.30	1.58	93.50	0.53	52.45	3132.52	-2300.90	1890.55
Saccade L	1	10	2359624322	2359652331	28009	420.08	489.13	477.65	502.23	1.81	125.74	0.57	64.49	2566.65	-1598.09	1563.81
Saccade R	1	10	2359624322	2359652331	28009	420.08	489.13	477.65	502.23	1.81	125.74	0.57	64.49	2566.65	-1598.09	1563.81
Saccade L	1	11	2359652331	2359698309	45978	477.65	502.23	421.90	422.87	3.11	203.45	0.30	67.62	4173.56	-5860.06	2987.00
Saccade R	1	11	2359652331	2359698309	45978	477.65	502.23	421.90	422.87	3.11	203.45	0.30	67.62	4173.56	-5860.06	2987.00
Fixation L	1	3	2359698309	2359762325	64016	430.65	431.15	23	18	-1	11.53	11.53
Fixation R	1	3	2359698309	2359762325	64016	430.65	431.15	23	18	-1	11.21	11.21
Fixation L	1	4	2359782302	2359892425	110123	452.72	474.81	22	33	-1	11.55	11.55
Fixation R	1	4	2359782302	2359892425	110123	452.72	474.81	22	33	-1	11.34	11.34
Saccade L	1	12	2359892425	2359924440	32015	446.73	484.19	415.97	417.08	1.71	105.57	0.37	53.36	3880.30	-3877.79	2645.92
Saccade R	1	12	2359892425	2359924440	32015	446.73	484.19	415.97	417.08	1.71	105.57	0.37	53.36	3880.30	-3877.79	2645.92
Fixation L	1	5	2359924440	2360050418	125978	405.47	414.03	21	20	-1	11.86	11.86
Fixation R	1	5	2359924440	2360050418	125978	405.47	414.03	21	20	-1	11.87	11.87
Fixation L	1	6	2360070418	2360156544	86126	417.60	434.15	11	20	-1	12.28	12.28
Fixation R	1	6	2360070418	2360156544	86126	417.60	434.15	11	20	-1	12.11	12.11
Blink L	1	1	2360156544	2360244561	88017
Blink R	1	1	2360156544	2360244561	88017
Fixation L	1	7	2360244561	2360494657	250096	540.17	470.67	39	15	-1	12.29	12.29
Fixation R	1	7	2360244561	2360494657	250096	540.17	470.67	39	15	-1	12.19	12.19
Saccade L	1	13	2360494657	2360528661	34004	560.31	473.00	702.23	537.72	3.73	265.97	0.35	109.72	10703.76	-9997.42	6819.87
Saccade R	1	13	2360494657	2360528661	34004	560.31	473.00	702.23	537.72	3.73	265.97	0.35	109.72	10703.76	-9997.42	6819.87
Fixation L	1	8	2360528661	2360708767	180106	711.23	510.28	23	61	-1	12.51	12.51
Fixation R	1	8	2360528661	2360708767	180106	711.23	510.28	23	61	-1	12.43	12.43
Saccade L	1	14	2360708767	2360748768	40001	726.00	475.95	459.06	421.34	5.95	310.71	0.45	148.69	13105.02	-12499.69	9193.09
Saccade R	1	14	2360708767	2360748768	40001	726.00	475.95	459.06	421.34	5.95	310.71	0.45	148.69	13105.02	-12499.69	9193.09
Fixation L	1	9	2360748768	2360913171	164403	460.57	435.90	6	40	-1	12.39	12.39
Fixation R	1	9	2360748768	2360913171	164403	460.57	435.90	6	40	-1	12.02	12.02
Saccade L	1	15	2360913171	2360955171	42000	456.98	462.91	763.14	525.43	7.22	329.69	0.38	171.99	14542.55	-13012.41	9881.37
Saccade R	1	15	2360913171	2360955171	42000	456.98	462.91	763.14	525.43	7.22	329.69	0.38	171.99	14542.55	-13012.41	9881.37
Fixation L	1	10	2360955171	2361114877	159706	771.88	508.09	16	42	-1	12.30	12.30
Fixation R	1	10	2360955171	2361114877	159706	771.88	508.09	16	42	-1	12.08	12.08
Saccade L	1	16	2361114877	2361140885	26008	762.42	483.07	870.24	497.76	2.47	177.40	0.60	95.08	6811.75	-7147.70	4897.30
Saccade R	1	16	2361114877	2361140885	26008	762.42	483.07	870.24	497.76	2.47	177.40	0.60	95.08	6811.75	-7147.70	4897.30
Fixation L	1	11	2361140885	2361410994	270109	863.42	485.35	35	33	-1	12.43	12.43
Fixation R	1	11	2361140885	2361410994	270109	863.42	485.35	35	33	-1	12.27	12.27
Saccade L	1	17	2361410994	2361433120	22126	871.53	475.70	919.97	473.81	0.98	66.76	0.45	44.42	2771.45	-2712.69	1915.63
Saccade R	1	17	2361410994	2361433120	22126	871.53	475.70	919.97	473.81	0.98	66.76	0.45	44.42	2771.45	-2712.69	1915.63
Fixation L	1	12	2361433120	2361629106	195986	916.97	479.37	11	29	-1	12.73	12.73
Fixation R	1	12	2361433120	2361629106	195986	916.97	479.37	11	29	-1	12.28	12.28
Saccade L	1	18	2361629106	2361707247	78141	918.87	469.70	466.49	480.29	11.82	367.55	0.28	151.27	16128.79	-13863.78	7583.73
Saccade R	1	18	2361629106	2361707247	78141	918.87	469.70	466.49	480.29	11.82	367.55	0.28	151.27	16128.79	-13863.78	7583.73
Fixation L	1	13	2361707247	2361871231	163984	478.65	486.39	18	31	-1	12.69	12.69
Fixation R	1	13	2361707247	2361871231	163984	478.65	486.39	18	31	-1	12.24	12.24
Fixation L	1	14	2361893226	2362105349	212123	463.13	510.22	24	40	-1	12.68	12.68
Fixation R	1	14	2361893226	2362105349	212123	463.13	510.22	24	40	-1	12.25	12.25
Saccade L	1	19	2362105349	2362147348	41999	450.91	524.78	501.05	525.25	1.31	44.20	0.71	31.17	4254.06	60.04	992.89
Saccade R	1	19	2362105349	2362147348	41999	450.91	524.78	501.05	525.25	1.31	44.20	0.71	31.17	4254.06	60.04	992.89
Saccade L	1	20	2362147348	2362177346	29998	501.05	525.25	544.47	602.77	2.23	166.46	0.40	74.22	4501.93	-5949.10	3743.49
Saccade R	1	20	2362147348	2362177346	29998	501.05	525.25	544.47	602.77	2.23	166.46	0.40	74.22	4501.93	-5949.10	3743.49
Fixation L	1	15	2362177346	2362229357	52011	548.62	603.18	9	5	-1	12.46	12.46
Fixation R	1	15	2362177346	2362229357	52011	548.62	603.18	9	5	-1	12.03	12.03
Saccade L	1	21	2362249043	2362269473	20430	532.76	515.98	566.44	574.06	0.76	64.81	0.22	37.10	-1193.37	-2746.94	2021.11
Saccade R	1	21	2362249043	2362269473	20430	532.76	515.98	566.44	574.06	0.76	64.81	0.22	37.10	-1193.37	-2746.94	2021.11
Saccade L	1	22	2362281467	2362313491	32024	565.80	573.50	546.52	512.09	1.42	76.54	0.56	44.22	2866.26	-2438.71	1914.50
Saccade R	1	22	2362281467	2362313491	32024	565.80	573.50	546.52	512.09	1.42	76.54	0.56	44.22	2866.26	-2438.71	1914.50
Saccade L	1	23	2362325477	2362365459	39982	543.76	504.97	489.00	475.38	1.44	51.17	0.81	36.04	3001.52	91.50	996.04
Saccade R	1	23	2362325477	2362365459	39982	543.76	504.97	489.00	475.38	1.44	51.17	0.81	36.04	3001.52	91.50	996.04
Saccade L	1	24	2362365459	2362427458	61999	489.00	475.38	463.46	577.72	5.14	151.93	0.77	82.83	3016.57	-4690.22	1914.30
Saccade R	1	24	2362365459	2362427458	61999	489.00	475.38	463.46	577.72	5.14	151.93	0.77	82.83	3016.57	-4690.22	1914.30
Saccade L	1	25	2362437308	2362467461	30153	463.63	576.56	385.84	483.70	2.68	188.42	0.67	89.02	6989.06	-2823.75	3357.79
Saccade R	1	25	2362437308	2362467461	30153	463.63	576.56	385.84	483.70	2.68	188.42	0.67	89.02	6989.06	-2823.75	3357.79
Saccade L	1	26	2362467461	2362493965	26504	385.84	483.70	503.61	569.60	3.18	249.12	0.55	119.83	5057.25	-9464.45	4860.59
Saccade R	1	26	2362467461	2362493965	26504	385.84	483.70	503.61	569.60	3.18	249.12	0.55	119.83	5057.25	-9464.45	4860.59
Saccade L	1	27	2362505717	2362527584	21867	504.45	572.24	438.95	530.43	1.43	124.96	0.54	65.53	4532.59	-1679.27	2050.08
Saccade R	1	27	2362505717	2362527584	21867	504.45	572.24	438.95	530.43	1.43	124.96	0.54	65.53	4532.59	-1679.27	2050.08
Saccade L	1	28	2362555576	2362585577	30001	450.57	585.32	476.10	575.55	1.01	46.34	0.67	33.52	1597.55	-995.46	909.73
Saccade R	1	28	2362555576	2362585577	30001	450.57	585.32	476.10	575.55	1.01	46.34	0.67	33.52	1597.55	-995.46	909.73
Saccade L	1	29	2362591946	2362619572	27626	476.02	580.82	452.22	525.80	1.25	96.46	0.73	45.37	2893.39	-828.60	1170.02
Saccade R	1	29	2362591946	2362619572	27626	476.02	580.82	452.22	525.80	1.25	96.46	0.73	45.37	2893.39	-828.60	1170.02
Saccade L	1	30	2362619572	2362707574	88002	452.22	525.80	477.03	468.45	5.73	141.85	0.32	65.15	3008.43	-1907.13	1135.91
Saccade R	1	30	2362619572	2362707574	88002	452.22	525.80	477.03	468.45	5.73	141.85	0.32	65.15	3008.43	-1907.13	1135.91
Saccade L	1	31	2362739990	2362769574	29584	484.56	480.89	481.63	502.96	1.70	89.21	0.26	57.32	37734.72	-966.16	8038.89
Saccade R	1	31	2362739990	2362769574	29584	484.56	480.89	481.63	502.96	1.70	89.21	0.26	57.32	37734.72	-966.16	8038.89
Blink L	1	2	2362769574	2362847692	78118
Blink R	1	2	2362769574	2362847692	78118
Fixation L	1	16	2362847692	2362899689	51997	0.00	0.00	0	0	-1	0.00	0.00
Fixation R	1	16	2362847692	2362899689	51997	0.00	0.00	0	0	-1	0.00	0.00
Saccade L	1	32	2362899689	2362925695	26006	0.00	0.00	367.59	456.15	13.55	1127.81	0.46	520.97	42945.75	-42497.68	29831.03
Saccade R	1	32	2362899689	2362925695	26006	0.00	0.00	367.59	456.15	13.55	1127.81	0.46	520.97	42945.75	-42497.68	29831.03
Fixation L	1	17	2362925695	2363329236	403541	389.91	514.91	41	105	-1	12.24	12.24
Fixation R	1	17	2362925695	2363329236	403541	389.91	514.91	41	105	-1	12.00	12.00
UserEvent	1	97	2363181431	# Message: UE-mouseclick left x=371 y=470
Blink L	1	3	2363329236	2363387923	58687
Blink R	1	3	2363329236	2363387923	58687
Blink L	1	4	2363387923	2363435956	48033
Blink R	1	4	2363387923	2363435956	48033
Fixation L	1	18	2363435956	2363497923	61967	399.26	564.74	18	12	-1	12.11	12.11
Fixation R	1	18	2363435956	2363497923	61967	399.26	564.74	18	12	-1	11.88	11.88
Saccade L	1	33	2363497923	2363531948	34025	400.93	564.58	410.30	506.18	13.09	707.67	0.35	384.59	27066.94	-24630.93	19784.43
Saccade R	1	33	2363497923	2363531948	34025	400.93	564.58	410.30	506.18	13.09	707.67	0.35	384.59	27066.94	-24630.93	19784.43
Saccade L	1	34	2363537917	2363565944	28027	418.25	508.80	435.37	590.07	1.97	124.70	0.50	70.31	14662.68	-2911.40	5252.94
Saccade R	1	34	2363537917	2363565944	28027	418.25	508.80	435.37	590.07	1.97	124.70	0.50	70.31	14662.68	-2911.40	5252.94
Saccade L	1	35	2363565944	2363624092	58148	435.37	590.07	442.49	584.54	13.11	669.00	0.35	225.42	22102.08	-25320.99	12076.20
Saccade R	1	35	2363565944	2363624092	58148	435.37	590.07	442.49	584.54	13.11	669.00	0.35	225.42	22102.08	-25320.99	12076.20
Fixation L	1	19	2363624092	2363736056	111964	419.37	577.62	55	22	-1	12.06	12.06
Fixation R	1	19	2363624092	2363736056	111964	419.37	577.62	55	22	-1	11.93	11.93
Saccade L	1	36	2363736056	2363760042	23986	389.26	564.90	414.66	610.96	0.92	59.04	0.58	38.52	1732.52	-2024.93	1406.07
Saccade R	1	36	2363736056	2363760042	23986	389.26	564.90	414.66	610.96	0.92	59.04	0.58	38.52	1732.52	-2024.93	1406.07
Fixation L	1	20	2363760042	2363878266	118224	423.31	578.64	26	48	-1	12.10	12.10
Fixation R	1	20	2363760042	2363878266	118224	423.31	578.64	26	48	-1	11.74	11.74
UserEvent	1	113	2363805371	# Message: UE-mouseclick left x=422 y=523
