[BeGaze]
Converted from:	C:\Program Files\SMI\Experiment Suite 360\Experiment Center 2\Results\RC-Attachment-Exp\P20-eye_data.idf
Date:	18.03.2012 20:15:14
Version:	BeGaze 3.0.181
Sample Rate:	500
Subject:	P20
Description:	Run25

Table Header for Fixations:
Event Type	Trial	Number	Start	End	Duration	Location X	Location Y	Dispersion X	Dispersion Y	Plane	Avg. Pupil Size X	Avg. Pupil Size Y

Table Header for Saccades:
Event Type	Trial	Number	Start	End	Duration	Start Loc.X	Start Loc.Y	End Loc.X	End Loc.Y	Amplitude	Peak Speed	Peak Speed At	Average Speed	Peak Accel.	Peak Decel.	Average Accel.

Table Header for Blinks:
Event Type	Trial	Number	Start	End	Duration

Table Header for User Events:
Event Type	Trial	Number	Start	Description

UserEvent	1	1	18702465269	# Message: int-1.jpg
Fixation L	1	1	18702482381	18702592354	109973	459.40	463.54	19	20	-1	12.90	12.90
Fixation R	1	1	18702482381	18702592354	109973	459.40	463.54	19	20	-1	12.23	12.23
Blink L	1	1	18702592354	18702624355	32001
Blink R	1	1	18702592354	18702624355	32001
Fixation L	1	2	18702624355	18702690347	65992	458.24	476.89	21	14	-1	12.89	12.89
Fixation R	1	2	18702624355	18702690347	65992	458.24	476.89	21	14	-1	12.18	12.18
Saccade L	1	1	18702708347	18702732329	23982	430.29	533.52	449.34	471.74	0.98	85.87	0.35	40.88	718.29	-2947.26	1731.15
Saccade R	1	1	18702708347	18702732329	23982	430.29	533.52	449.34	471.74	0.98	85.87	0.35	40.88	718.29	-2947.26	1731.15
Fixation L	1	3	18702732329	18703064820	332491	440.32	459.49	25	40	-1	12.78	12.78
Fixation R	1	3	18702732329	18703064820	332491	440.32	459.49	25	40	-1	11.99	11.99
Saccade L	1	2	18703064820	18703136571	71751	448.03	463.32	432.01	456.06	2.47	75.89	0.36	34.36	2595.17	-1887.18	1039.16
Saccade R	1	2	18703064820	18703136571	71751	448.03	463.32	432.01	456.06	2.47	75.89	0.36	34.36	2595.17	-1887.18	1039.16
Fixation L	1	4	18703136571	18703200573	64002	442.58	446.09	15	19	-1	12.81	12.81
Fixation R	1	4	18703136571	18703200573	64002	442.58	446.09	15	19	-1	12.03	12.03
Saccade L	1	3	18703200573	18703260689	60116	437.16	436.72	515.48	462.99	2.21	101.28	0.60	36.75	3776.84	-3764.40	1818.24
Saccade R	1	3	18703200573	18703260689	60116	437.16	436.72	515.48	462.99	2.21	101.28	0.60	36.75	3776.84	-3764.40	1818.24
Fixation L	1	5	18703260689	18703380684	119995	514.09	444.35	11	28	-1	13.06	13.06
Fixation R	1	5	18703260689	18703380684	119995	514.09	444.35	11	28	-1	12.25	12.25
Saccade L	1	4	18703380684	18703456677	75993	512.61	449.05	804.18	860.14	13.31	392.47	0.47	175.13	17444.34	-15707.10	9360.74
Saccade R	1	4	18703380684	18703456677	75993	512.61	449.05	804.18	860.14	13.31	392.47	0.47	175.13	17444.34	-15707.10	9360.74
Fixation L	1	6	18703456677	18703594804	138127	810.69	873.18	108	33	-1	14.01	14.01
Fixation R	1	6	18703456677	18703594804	138127	810.69	873.18	108	33	-1	13.44	13.44
Saccade L	1	5	18703594804	18703658837	64033	810.10	890.77	904.56	899.13	3.41	192.19	0.59	53.21	7194.03	-6807.67	3237.90
Saccade R	1	5	18703594804	18703658837	64033	810.10	890.77	904.56	899.13	3.41	192.19	0.59	53.21	7194.03	-6807.67	3237.90
Saccade L	1	6	18703717717	18703770794	53077	936.16	913.58	931.03	930.49	15.26	597.37	0.70	287.60	27164.53	-23037.41	18391.90
Saccade R	1	6	18703717717	18703770794	53077	936.16	913.58	931.03	930.49	15.26	597.37	0.70	287.60	27164.53	-23037.41	18391.90
Saccade L	1	7	18703770794	18703910977	140183	931.03	930.49	1017.91	427.08	77.38	1677.41	0.24	551.97	64288.24	-65086.01	31003.18
Saccade R	1	7	18703770794	18703910977	140183	931.03	930.49	1017.91	427.08	77.38	1677.41	0.24	551.97	64288.24	-65086.01	31003.18
Fixation L	1	7	18703930911	18704030922	100011	1003.82	418.48	14	10	-1	14.50	14.50
Fixation R	1	7	18703930911	18704030922	100011	1003.82	418.48	14	10	-1	13.61	13.61
Saccade L	1	8	18704030922	18704111090	80168	997.78	423.95	878.34	900.47	14.58	502.46	0.27	181.83	21437.50	-16037.25	9110.37
Saccade R	1	8	18704030922	18704111090	80168	997.78	423.95	878.34	900.47	14.58	502.46	0.27	181.83	21437.50	-16037.25	9110.37
Fixation L	1	8	18704111090	18704607256	496166	875.33	896.35	82	34	-1	15.06	15.06
Fixation R	1	8	18704111090	18704607256	496166	875.33	896.35	82	34	-1	14.37	14.37
