[BeGaze]
Converted from:	C:\Program Files\SMI\Experiment Suite 360\Experiment Center 2\Results\RC-Attachment-Exp\P33-eye_data.idf
Date:	18.03.2012 20:29:18
Version:	BeGaze 3.0.181
Sample Rate:	500
Subject:	P33
Description:	Run38

Table Header for Fixations:
Event Type	Trial	Number	Start	End	Duration	Location X	Location Y	Dispersion X	Dispersion Y	Plane	Avg. Pupil Size X	Avg. Pupil Size Y

Table Header for Saccades:
Event Type	Trial	Number	Start	End	Duration	Start Loc.X	Start Loc.Y	End Loc.X	End Loc.Y	Amplitude	Peak Speed	Peak Speed At	Average Speed	Peak Accel.	Peak Decel.	Average Accel.

Table Header for Blinks:
Event Type	Trial	Number	Start	End	Duration

Table Header for User Events:
Event Type	Trial	Number	Start	Description

UserEvent	1	1	3473537114	# Message: Questionnaire7.jpg
Fixation L	1	1	3473538884	3473970260	431376	891.94	928.23	24	20	-1	12.00	12.00
Fixation R	1	1	3473538884	3473970260	431376	891.94	928.23	24	20	-1	12.91	12.91
Saccade L	1	1	3473970260	3474066239	95979	889.70	918.75	527.00	396.30	14.64	312.30	0.21	152.48	14064.16	-5510.88	4970.33
Saccade R	1	1	3473970260	3474066239	95979	889.70	918.75	527.00	396.30	14.64	312.30	0.21	152.48	14064.16	-5510.88	4970.33
Fixation L	1	2	3474066239	3474160350	94111	524.18	396.92	16	22	-1	12.88	12.88
Fixation R	1	2	3474066239	3474160350	94111	524.18	396.92	16	22	-1	13.43	13.43
Saccade L	1	2	3474160350	3474200373	40023	516.35	408.22	435.41	368.37	2.30	131.04	0.30	57.34	5164.35	-4150.01	2728.23
Saccade R	1	2	3474160350	3474200373	40023	516.35	408.22	435.41	368.37	2.30	131.04	0.30	57.34	5164.35	-4150.01	2728.23
Fixation L	1	3	3474200373	3474342359	141986	438.59	357.39	35	19	-1	12.48	12.48
Fixation R	1	3	3474200373	3474342359	141986	438.59	357.39	35	19	-1	13.19	13.19
Saccade L	1	3	3474342359	3474384340	41981	422.10	354.21	607.79	367.39	4.09	211.61	0.33	97.31	8971.65	-7123.01	5325.20
Saccade R	1	3	3474342359	3474384340	41981	422.10	354.21	607.79	367.39	4.09	211.61	0.33	97.31	8971.65	-7123.01	5325.20
Fixation L	1	4	3474384340	3474528466	144126	603.25	367.44	24	20	-1	12.44	12.44
Fixation R	1	4	3474384340	3474528466	144126	603.25	367.44	24	20	-1	13.11	13.11
Saccade L	1	4	3474528466	3474560464	31998	587.64	368.38	700.13	377.48	2.49	151.44	0.45	77.75	6183.36	-5827.64	4388.68
Saccade R	1	4	3474528466	3474560464	31998	587.64	368.38	700.13	377.48	2.49	151.44	0.45	77.75	6183.36	-5827.64	4388.68
Fixation L	1	5	3474560464	3474714693	154229	709.33	383.85	16	42	-1	12.21	12.21
Fixation R	1	5	3474560464	3474714693	154229	709.33	383.85	16	42	-1	13.11	13.11
Saccade L	1	5	3474714693	3474738585	23892	715.93	351.60	832.67	371.74	2.63	218.66	0.50	110.21	7866.31	-8406.50	5708.87
Saccade R	1	5	3474714693	3474738585	23892	715.93	351.60	832.67	371.74	2.63	218.66	0.50	110.21	7866.31	-8406.50	5708.87
Fixation L	1	6	3474738585	3474918581	179996	851.04	379.01	36	20	-1	12.27	12.27
Fixation R	1	6	3474738585	3474918581	179996	851.04	379.01	36	20	-1	13.13	13.13
Saccade L	1	6	3474918581	3474952580	33999	859.31	380.72	981.91	395.42	2.84	184.76	0.41	83.63	7669.40	-7284.04	5178.90
Saccade R	1	6	3474918581	3474952580	33999	859.31	380.72	981.91	395.42	2.84	184.76	0.41	83.63	7669.40	-7284.04	5178.90
Fixation L	1	7	3474952580	3475250711	298131	976.00	369.35	31	47	-1	12.55	12.55
Fixation R	1	7	3474952580	3475250711	298131	976.00	369.35	31	47	-1	13.14	13.14
Saccade L	1	7	3475250711	3475290875	40164	982.48	359.70	1022.45	340.70	1.19	51.31	0.30	29.53	1974.00	-1372.27	907.39
Saccade R	1	7	3475250711	3475290875	40164	982.48	359.70	1022.45	340.70	1.19	51.31	0.30	29.53	1974.00	-1372.27	907.39
Saccade L	1	8	3475300815	3475342824	42009	1027.74	332.68	1057.83	383.71	1.45	44.97	0.43	34.53	1198.34	-1680.14	999.72
Saccade R	1	8	3475300815	3475342824	42009	1027.74	332.68	1057.83	383.71	1.45	44.97	0.43	34.53	1198.34	-1680.14	999.72
Fixation L	1	8	3475342824	3475434862	92038	1052.15	373.72	25	23	-1	12.82	12.82
Fixation R	1	8	3475342824	3475434862	92038	1052.15	373.72	25	23	-1	13.41	13.41
Saccade L	1	9	3475434862	3475460848	25986	1032.37	361.26	1130.89	361.35	2.10	162.19	0.46	80.95	5759.57	-6449.02	4375.56
Saccade R	1	9	3475434862	3475460848	25986	1032.37	361.26	1130.89	361.35	2.10	162.19	0.46	80.95	5759.57	-6449.02	4375.56
Fixation L	1	9	3475460848	3475564996	104148	1129.73	350.32	15	27	-1	12.87	12.87
Fixation R	1	9	3475460848	3475564996	104148	1129.73	350.32	15	27	-1	13.61	13.61
Blink L	1	1	3475564996	3475711861	146865
Blink R	1	1	3475564996	3475711861	146865
Saccade L	1	10	3475711861	3475765031	53170	469.65	340.92	411.00	400.25	2.51	88.06	0.57	47.27	2583.84	-2947.56	1784.28
Saccade R	1	10	3475711861	3475765031	53170	469.65	340.92	411.00	400.25	2.51	88.06	0.57	47.27	2583.84	-2947.56	1784.28
Fixation L	1	10	3475765031	3475929099	164068	416.72	411.87	24	24	-1	13.05	13.05
Fixation R	1	10	3475765031	3475929099	164068	416.72	411.87	24	24	-1	13.56	13.56
Saccade L	1	11	3475929099	3475957046	27947	408.31	400.38	367.97	463.48	1.57	102.20	0.50	56.30	4143.83	-3977.53	2959.70
Saccade R	1	11	3475929099	3475957046	27947	408.31	400.38	367.97	463.48	1.57	102.20	0.50	56.30	4143.83	-3977.53	2959.70
Fixation L	1	11	3475957046	3476335152	378106	386.77	459.52	31	23	-1	13.08	13.08
Fixation R	1	11	3475957046	3476335152	378106	386.77	459.52	31	23	-1	13.86	13.86
Saccade L	1	12	3476335152	3476401313	66161	381.84	462.35	901.27	368.68	12.03	313.96	0.26	181.76	14156.33	-9054.32	7286.59
Saccade R	1	12	3476335152	3476401313	66161	381.84	462.35	901.27	368.68	12.03	313.96	0.26	181.76	14156.33	-9054.32	7286.59
Fixation L	1	12	3476401313	3476613389	212076	907.05	367.87	25	15	-1	12.97	12.97
Fixation R	1	12	3476401313	3476613389	212076	907.05	367.87	25	15	-1	13.93	13.93
Saccade L	1	13	3476613389	3476647445	34056	904.87	364.66	1032.81	368.74	2.78	153.87	0.41	81.54	6628.44	-6322.72	4686.36
Saccade R	1	13	3476613389	3476647445	34056	904.87	364.66	1032.81	368.74	2.78	153.87	0.41	81.54	6628.44	-6322.72	4686.36
Fixation L	1	13	3476647445	3476845515	198070	1034.19	367.00	41	19	-1	13.07	13.07
Fixation R	1	13	3476647445	3476845515	198070	1034.19	367.00	41	19	-1	13.82	13.82
Saccade L	1	14	3476845515	3476869525	24010	1014.45	371.36	1112.29	364.83	2.06	158.29	0.42	85.63	5955.71	-5862.65	4105.75
Saccade R	1	14	3476845515	3476869525	24010	1014.45	371.36	1112.29	364.83	2.06	158.29	0.42	85.63	5955.71	-5862.65	4105.75
Fixation L	1	14	3476869525	3477081500	211975	1124.34	358.56	36	28	-1	12.71	12.71
Fixation R	1	14	3476869525	3477081500	211975	1124.34	358.56	36	28	-1	13.46	13.46
Blink L	1	2	3477081500	3477295614	214114
Blink R	1	2	3477081500	3477295614	214114
Fixation L	1	15	3477295614	3477481731	186117	416.72	433.50	30	42	-1	12.71	12.71
Fixation R	1	15	3477295614	3477481731	186117	416.72	433.50	30	42	-1	13.32	13.32
Saccade L	1	15	3477481731	3477509741	28010	428.57	443.90	380.96	477.66	1.38	96.32	0.36	49.44	3490.78	-3396.15	2325.47
Saccade R	1	15	3477481731	3477509741	28010	428.57	443.90	380.96	477.66	1.38	96.32	0.36	49.44	3490.78	-3396.15	2325.47
Fixation L	1	16	3477509741	3478108068	598327	374.09	467.41	33	40	-1	12.73	12.73
Fixation R	1	16	3477509741	3478108068	598327	374.09	467.41	33	40	-1	13.41	13.41
Saccade L	1	16	3478108068	3478157958	49890	363.15	453.84	484.47	379.68	3.46	173.53	0.28	69.40	7065.72	-5329.49	3505.89
Saccade R	1	16	3478108068	3478157958	49890	363.15	453.84	484.47	379.68	3.46	173.53	0.28	69.40	7065.72	-5329.49	3505.89
Fixation L	1	17	3478157958	3478288091	130133	486.20	385.99	12	9	-1	12.56	12.56
Fixation R	1	17	3478157958	3478288091	130133	486.20	385.99	12	9	-1	13.38	13.38
Saccade L	1	17	3478288091	3478338674	50583	486.00	383.06	739.19	353.64	5.73	248.05	0.32	113.21	10817.23	-7348.59	5924.56
Saccade R	1	17	3478288091	3478338674	50583	486.00	383.06	739.19	353.64	5.73	248.05	0.32	113.21	10817.23	-7348.59	5924.56
Fixation L	1	18	3478338674	3478488197	149523	733.72	348.62	32	31	-1	12.88	12.88
Fixation R	1	18	3478338674	3478488197	149523	733.72	348.62	32	31	-1	13.53	13.53
Saccade L	1	18	3478488197	3478541790	53593	712.52	372.62	890.99	361.12	4.11	221.41	0.26	76.64	8391.62	-7542.44	4023.33
Saccade R	1	18	3478488197	3478541790	53593	712.52	372.62	890.99	361.12	4.11	221.41	0.26	76.64	8391.62	-7542.44	4023.33
Fixation L	1	19	3478541790	3478688205	146415	899.06	369.58	22	22	-1	12.68	12.68
Fixation R	1	19	3478541790	3478688205	146415	899.06	369.58	22	22	-1	13.34	13.34
Saccade L	1	19	3478688205	3478734188	45983	884.26	383.58	1062.81	357.58	4.14	197.64	0.29	89.98	8128.68	-6744.63	4785.68
Saccade R	1	19	3478688205	3478734188	45983	884.26	383.58	1062.81	357.58	4.14	197.64	0.29	89.98	8128.68	-6744.63	4785.68
Fixation L	1	20	3478734188	3478890309	156121	1067.15	353.43	10	24	-1	12.35	12.35
Fixation R	1	20	3478734188	3478890309	156121	1067.15	353.43	10	24	-1	12.85	12.85
Saccade L	1	20	3478890309	3478922307	31998	1071.56	347.24	1135.42	353.69	1.40	73.71	0.37	43.82	2865.73	-2638.78	1941.19
Saccade R	1	20	3478890309	3478922307	31998	1071.56	347.24	1135.42	353.69	1.40	73.71	0.37	43.82	2865.73	-2638.78	1941.19
Fixation L	1	21	3478922307	3479254724	332417	1130.57	354.21	24	27	-1	11.94	11.94
Fixation R	1	21	3478922307	3479254724	332417	1130.57	354.21	24	27	-1	12.47	12.47
Saccade L	1	21	3479254724	3479328541	73817	1118.80	351.33	417.98	448.14	15.93	345.11	0.21	215.74	15274.39	-10128.74	7112.61
Saccade R	1	21	3479254724	3479328541	73817	1118.80	351.33	417.98	448.14	15.93	345.11	0.21	215.74	15274.39	-10128.74	7112.61
Fixation L	1	22	3479328541	3479448567	120026	410.58	436.99	25	28	-1	12.24	12.24
Fixation R	1	22	3479328541	3479448567	120026	410.58	436.99	25	28	-1	12.72	12.72
Saccade L	1	22	3479448567	3479476532	27965	425.69	436.33	364.22	457.17	1.62	112.70	0.43	57.94	4141.50	-4194.70	2929.53
Saccade R	1	22	3479448567	3479476532	27965	425.69	436.33	364.22	457.17	1.62	112.70	0.43	57.94	4141.50	-4194.70	2929.53
Fixation L	1	23	3479476532	3479904862	428330	372.79	465.97	25	18	-1	12.36	12.36
Fixation R	1	23	3479476532	3479904862	428330	372.79	465.97	25	18	-1	12.92	12.92
Saccade L	1	23	3479904862	3479928935	24073	375.92	468.15	346.50	447.22	0.76	48.66	0.41	31.44	1839.84	-1507.69	1169.03
Saccade R	1	23	3479904862	3479928935	24073	375.92	468.15	346.50	447.22	0.76	48.66	0.41	31.44	1839.84	-1507.69	1169.03
Fixation L	1	24	3479928935	3480697120	768185	359.45	441.92	35	34	-1	12.41	12.41
Fixation R	1	24	3479928935	3480697120	768185	359.45	441.92	35	34	-1	13.06	13.06
UserEvent	1	169	3480616333	# Message: UE-mouseclick left x=364 y=440
Fixation L	1	25	3480765111	3480929279	164168	358.58	439.51	6	9	-1	12.13	12.13
Fixation R	1	25	3480765111	3480929279	164168	358.58	439.51	6	9	-1	12.88	12.88
Saccade L	1	24	3480929279	3480967244	37965	358.43	440.61	382.23	523.71	2.01	89.03	0.53	52.89	3664.29	-3403.32	2603.52
Saccade R	1	24	3480929279	3480967244	37965	358.43	440.61	382.23	523.71	2.01	89.03	0.53	52.89	3664.29	-3403.32	2603.52
Fixation L	1	26	3480967244	3481337825	370581	370.21	517.20	26	57	-1	12.41	12.41
Fixation R	1	26	3480967244	3481337825	370581	370.21	517.20	26	57	-1	13.32	13.32
Saccade L	1	25	3481337825	3481367358	29533	369.08	506.92	387.57	462.76	1.00	51.62	0.46	33.94	1970.98	-1640.74	1313.87
Saccade R	1	25	3481337825	3481367358	29533	369.08	506.92	387.57	462.76	1.00	51.62	0.46	33.94	1970.98	-1640.74	1313.87
Fixation L	1	27	3481367358	3481687685	320327	388.81	453.91	33	24	-1	12.21	12.21
Fixation R	1	27	3481367358	3481687685	320327	388.81	453.91	33	24	-1	12.98	12.98
UserEvent	1	193	3481560351	# Message: UE-mouseclick left x=379 y=529
