[BeGaze]
Converted from:	C:\Program Files\SMI\Experiment Suite 360\Experiment Center 2\Results\RC-Attachment-Exp\P22-eye_data.idf
Date:	18.03.2012 20:17:01
Version:	BeGaze 3.0.181
Sample Rate:	500
Subject:	P22
Description:	Run27

Table Header for Fixations:
Event Type	Trial	Number	Start	End	Duration	Location X	Location Y	Dispersion X	Dispersion Y	Plane	Avg. Pupil Size X	Avg. Pupil Size Y

Table Header for Saccades:
Event Type	Trial	Number	Start	End	Duration	Start Loc.X	Start Loc.Y	End Loc.X	End Loc.Y	Amplitude	Peak Speed	Peak Speed At	Average Speed	Peak Accel.	Peak Decel.	Average Accel.

Table Header for Blinks:
Event Type	Trial	Number	Start	End	Duration

Table Header for User Events:
Event Type	Trial	Number	Start	Description

UserEvent	1	1	2017208001	# Message: int-1.jpg
Fixation L	1	1	2017211276	2017411769	200493	492.97	445.69	27	26	-1	8.32	8.32
Fixation R	1	1	2017211276	2017411769	200493	492.97	445.69	27	26	-1	8.40	8.40
Saccade L	1	1	2017411769	2017442913	31144	488.58	460.96	537.91	437.90	1.25	73.88	0.32	40.13	3062.00	-2805.67	2066.92
Saccade R	1	1	2017411769	2017442913	31144	488.58	460.96	537.91	437.90	1.25	73.88	0.32	40.13	3062.00	-2805.67	2066.92
Fixation L	1	2	2017442913	2017549881	106968	538.13	445.65	8	19	-1	8.37	8.37
Fixation R	1	2	2017442913	2017549881	106968	538.13	445.65	8	19	-1	8.64	8.64
Saccade L	1	2	2017549881	2017585772	35891	537.08	457.60	607.92	449.87	1.81	111.09	0.33	50.40	4196.38	-3626.46	2430.26
Saccade R	1	2	2017549881	2017585772	35891	537.08	457.60	607.92	449.87	1.81	111.09	0.33	50.40	4196.38	-3626.46	2430.26
Fixation L	1	3	2017585772	2017863878	278106	604.68	454.87	33	34	-1	8.42	8.42
Fixation R	1	3	2017585772	2017863878	278106	604.68	454.87	33	34	-1	8.50	8.50
Saccade L	1	3	2017863878	2017917878	54000	601.28	461.48	693.53	444.44	2.22	85.03	0.26	41.19	2987.39	-2236.41	1550.23
Saccade R	1	3	2017863878	2017917878	54000	601.28	461.48	693.53	444.44	2.22	85.03	0.26	41.19	2987.39	-2236.41	1550.23
Fixation L	1	4	2017917878	2018021991	104113	690.68	436.69	16	26	-1	8.41	8.41
Fixation R	1	4	2017917878	2018021991	104113	690.68	436.69	16	26	-1	8.61	8.61
Saccade L	1	4	2018021991	2018069990	47999	679.62	450.76	804.05	435.70	2.87	152.83	0.32	59.83	6175.15	-5516.65	2999.51
Saccade R	1	4	2018021991	2018069990	47999	679.62	450.76	804.05	435.70	2.87	152.83	0.32	59.83	6175.15	-5516.65	2999.51
Fixation L	1	5	2018069990	2018128000	58010	787.44	417.92	30	24	-1	8.34	8.34
Fixation R	1	5	2018069990	2018128000	58010	787.44	417.92	30	24	-1	8.62	8.62
Saccade L	1	5	2018128000	2018157992	29992	780.08	413.48	803.49	449.94	0.91	46.30	0.47	30.26	1662.89	-1794.70	1238.72
Saccade R	1	5	2018128000	2018157992	29992	780.08	413.48	803.49	449.94	0.91	46.30	0.47	30.26	1662.89	-1794.70	1238.72
Fixation L	1	6	2018157992	2018245879	87887	799.82	441.33	30	18	-1	8.41	8.41
Fixation R	1	6	2018157992	2018245879	87887	799.82	441.33	30	18	-1	8.70	8.70
Saccade L	1	6	2018245879	2018278108	32229	770.62	437.34	867.26	428.56	1.93	151.39	0.26	59.74	5115.11	-5010.85	2738.28
Saccade R	1	6	2018245879	2018278108	32229	770.62	437.34	867.26	428.56	1.93	151.39	0.26	59.74	5115.11	-5010.85	2738.28
Fixation L	1	7	2018278108	2018408108	130000	878.87	433.31	52	37	-1	8.53	8.53
Fixation R	1	7	2018278108	2018408108	130000	878.87	433.31	52	37	-1	8.72	8.72
Saccade L	1	7	2018408108	2018470239	62131	856.45	452.27	978.00	419.32	3.01	105.54	0.55	48.53	3581.64	-3797.18	2239.72
Saccade R	1	7	2018408108	2018470239	62131	856.45	452.27	978.00	419.32	3.01	105.54	0.55	48.53	3581.64	-3797.18	2239.72
Fixation L	1	8	2018470239	2018612366	142127	978.32	436.83	33	27	-1	8.31	8.31
Fixation R	1	8	2018470239	2018612366	142127	978.32	436.83	33	27	-1	8.60	8.60
Saccade L	1	8	2018612366	2018644472	32106	968.36	439.85	1059.50	416.37	2.27	135.67	0.49	70.83	5426.41	-5472.31	3957.08
Saccade R	1	8	2018612366	2018644472	32106	968.36	439.85	1059.50	416.37	2.27	135.67	0.49	70.83	5426.41	-5472.31	3957.08
Fixation L	1	9	2018644472	2018794348	149876	1052.26	428.99	25	20	-1	8.32	8.32
Fixation R	1	9	2018644472	2018794348	149876	1052.26	428.99	25	20	-1	8.40	8.40
Saccade L	1	9	2018794348	2018824343	29995	1041.67	420.30	1101.13	420.69	1.41	82.48	0.53	46.86	3051.03	-3322.54	2282.77
Saccade R	1	9	2018794348	2018824343	29995	1041.67	420.30	1101.13	420.69	1.41	82.48	0.53	46.86	3051.03	-3322.54	2282.77
Fixation L	1	10	2018824343	2019518569	694226	1094.60	394.64	55	57	-1	8.26	8.26
Fixation R	1	10	2018824343	2019518569	694226	1094.60	394.64	55	57	-1	8.44	8.44
Saccade L	1	10	2019518569	2019624700	106131	1080.51	384.06	818.55	917.94	13.67	399.81	0.30	128.85	17110.76	-10655.98	6051.35
Saccade R	1	10	2019518569	2019624700	106131	1080.51	384.06	818.55	917.94	13.67	399.81	0.30	128.85	17110.76	-10655.98	6051.35
Fixation L	1	11	2019624700	2019754691	129991	823.01	912.12	22	22	-1	8.90	8.90
Fixation R	1	11	2019624700	2019754691	129991	823.01	912.12	22	22	-1	9.00	9.00
Saccade L	1	11	2019754691	2019793389	38698	819.86	905.30	936.12	937.21	2.93	164.47	0.41	75.79	6650.98	-6351.72	4492.95
Saccade R	1	11	2019754691	2019793389	38698	819.86	905.30	936.12	937.21	2.93	164.47	0.41	75.79	6650.98	-6351.72	4492.95
Fixation L	1	12	2019793389	2019972802	179413	932.13	931.42	45	41	-1	8.91	8.91
Fixation R	1	12	2019793389	2019972802	179413	932.13	931.42	45	41	-1	9.16	9.16
Saccade L	1	12	2019972802	2020005947	33145	910.53	955.80	957.49	943.43	1.06	45.48	0.48	32.05	1635.89	-1756.80	1232.48
Saccade R	1	12	2019972802	2020005947	33145	910.53	955.80	957.49	943.43	1.06	45.48	0.48	32.05	1635.89	-1756.80	1232.48
Fixation L	1	13	2020005947	2020296927	290980	925.70	952.77	51	58	-1	9.03	9.03
Fixation R	1	13	2020005947	2020296927	290980	925.70	952.77	51	58	-1	9.48	9.48
