[BeGaze]
Converted from:	C:\Program Files\SMI\Experiment Suite 360\Experiment Center 2\Results\RC-Attachment-Exp\P18-eye_data.idf
Date:	18.03.2012 20:13:33
Version:	BeGaze 3.0.181
Sample Rate:	500
Subject:	P18
Description:	Run23

Table Header for Fixations:
Event Type	Trial	Number	Start	End	Duration	Location X	Location Y	Dispersion X	Dispersion Y	Plane	Avg. Pupil Size X	Avg. Pupil Size Y

Table Header for Saccades:
Event Type	Trial	Number	Start	End	Duration	Start Loc.X	Start Loc.Y	End Loc.X	End Loc.Y	Amplitude	Peak Speed	Peak Speed At	Average Speed	Peak Accel.	Peak Decel.	Average Accel.

Table Header for Blinks:
Event Type	Trial	Number	Start	End	Duration

Table Header for User Events:
Event Type	Trial	Number	Start	Description

UserEvent	1	1	16809529147	# Message: Validation.jpg
Fixation L	1	1	16809529718	16809758106	228388	389.12	790.81	18	26	-1	11.08	11.08
Fixation R	1	1	16809529718	16809758106	228388	389.12	790.81	18	26	-1	11.35	11.35
Saccade L	1	1	16809758106	16809783788	25682	386.30	794.07	335.07	790.49	1.12	70.84	0.53	43.72	2455.10	-2660.03	1828.91
Saccade R	1	1	16809758106	16809783788	25682	386.30	794.07	335.07	790.49	1.12	70.84	0.53	43.72	2455.10	-2660.03	1828.91
Fixation L	1	2	16809783788	16810242059	458271	367.76	792.15	63	34	-1	11.27	11.27
Fixation R	1	2	16809783788	16810242059	458271	367.76	792.15	63	34	-1	11.52	11.52
Saccade L	1	2	16810242059	16810308056	65997	385.77	792.25	417.87	277.77	11.60	364.12	0.24	175.77	16574.43	-9992.59	7807.40
Saccade R	1	2	16810242059	16810308056	65997	385.77	792.25	417.87	277.77	11.60	364.12	0.24	175.77	16574.43	-9992.59	7807.40
Saccade L	1	3	16810348029	16810380018	31989	412.92	286.21	428.56	247.92	0.96	44.00	0.63	29.99	1110.64	-1684.18	916.37
Saccade R	1	3	16810348029	16810380018	31989	412.92	286.21	428.56	247.92	0.96	44.00	0.63	29.99	1110.64	-1684.18	916.37
Fixation L	1	3	16810380018	16810542168	162150	429.59	264.57	41	54	-1	11.02	11.02
Fixation R	1	3	16810380018	16810542168	162150	429.59	264.57	41	54	-1	11.31	11.31
Saccade L	1	4	16810542168	16810566136	23968	450.88	292.85	445.26	254.64	0.73	42.70	0.50	30.25	1811.10	-1034.29	1010.72
Saccade R	1	4	16810542168	16810566136	23968	450.88	292.85	445.26	254.64	0.73	42.70	0.50	30.25	1811.10	-1034.29	1010.72
Fixation L	1	4	16810566136	16811146396	580260	445.20	262.79	40	53	-1	10.54	10.54
Fixation R	1	4	16810566136	16811146396	580260	445.20	262.79	40	53	-1	10.76	10.76
Saccade L	1	5	16811146396	16811168402	22006	443.44	279.12	454.96	243.33	0.72	49.31	0.36	32.56	1364.76	-1751.70	1053.92
Saccade R	1	5	16811146396	16811168402	22006	443.44	279.12	454.96	243.33	0.72	49.31	0.36	32.56	1364.76	-1751.70	1053.92
Saccade L	1	6	16811204360	16811238381	34021	453.80	240.07	449.74	288.11	1.10	53.98	0.65	32.39	1523.24	-1744.36	1141.74
Saccade R	1	6	16811204360	16811238381	34021	453.80	240.07	449.74	288.11	1.10	53.98	0.65	32.39	1523.24	-1744.36	1141.74
Fixation L	1	5	16811238381	16811717518	479137	448.66	300.74	25	62	-1	10.51	10.51
Fixation R	1	5	16811238381	16811717518	479137	448.66	300.74	25	62	-1	10.69	10.69
Saccade L	1	7	16811717518	16811785097	67579	458.25	314.53	863.43	510.23	10.64	274.85	0.19	157.50	11894.94	-9004.87	5589.16
Saccade R	1	7	16811717518	16811785097	67579	458.25	314.53	863.43	510.23	10.64	274.85	0.19	157.50	11894.94	-9004.87	5589.16
Fixation L	1	6	16811785097	16811916705	131608	918.63	546.57	94	81	-1	10.66	10.66
Fixation R	1	6	16811785097	16811916705	131608	918.63	546.57	94	81	-1	11.16	11.16
Saccade L	1	8	16811916705	16811940700	23995	941.18	590.13	986.14	594.70	1.09	76.88	0.58	45.23	2042.45	-2670.21	1611.71
Saccade R	1	8	16811916705	16811940700	23995	941.18	590.13	986.14	594.70	1.09	76.88	0.58	45.23	2042.45	-2670.21	1611.71
Saccade L	1	9	16811962709	16812016855	54146	984.50	603.67	1187.33	716.60	5.24	236.53	0.26	96.81	9895.83	-8339.25	4590.22
Saccade R	1	9	16811962709	16812016855	54146	984.50	603.67	1187.33	716.60	5.24	236.53	0.26	96.81	9895.83	-8339.25	4590.22
Saccade L	1	10	16812044698	16812081739	37041	1147.15	723.74	1202.13	722.84	1.20	40.07	0.60	32.49	1232.70	-1278.19	884.13
Saccade R	1	10	16812044698	16812081739	37041	1147.15	723.74	1202.13	722.84	1.20	40.07	0.60	32.49	1232.70	-1278.19	884.13
Saccade L	1	11	16812118983	16812154823	35840	1186.87	726.08	1269.03	791.06	3.13	203.76	0.39	87.44	7935.20	-7439.80	5012.30
Saccade R	1	11	16812118983	16812154823	35840	1186.87	726.08	1269.03	791.06	3.13	203.76	0.39	87.44	7935.20	-7439.80	5012.30
Fixation L	1	7	16812154823	16812250825	96002	1284.99	792.25	37	17	-1	11.19	11.19
Fixation R	1	7	16812154823	16812250825	96002	1284.99	792.25	37	17	-1	11.37	11.37
Saccade L	1	12	16812250825	16812276819	25994	1303.42	786.42	1249.00	784.76	1.15	75.00	0.38	44.12	2896.00	-2836.53	2028.84
Saccade R	1	12	16812250825	16812276819	25994	1303.42	786.42	1249.00	784.76	1.15	75.00	0.38	44.12	2896.00	-2836.53	2028.84
Fixation L	1	8	16812276819	16812821054	544235	1266.11	776.10	49	29	-1	10.79	10.79
Fixation R	1	8	16812276819	16812821054	544235	1266.11	776.10	49	29	-1	11.19	11.19
Fixation L	1	9	16812839045	16813131292	292247	1247.42	764.84	45	37	-1	10.81	10.81
Fixation R	1	9	16812839045	16813131292	292247	1247.42	764.84	45	37	-1	11.15	11.15
Saccade L	1	13	16813131292	16813197278	65986	1232.07	752.17	1234.99	483.84	6.09	234.48	0.27	92.28	10194.69	-8265.41	4635.01
Saccade R	1	13	16813131292	16813197278	65986	1232.07	752.17	1234.99	483.84	6.09	234.48	0.27	92.28	10194.69	-8265.41	4635.01
Fixation L	1	10	16813197278	16813271278	74000	1249.75	461.01	25	44	-1	10.61	10.61
Fixation R	1	10	16813197278	16813271278	74000	1249.75	461.01	25	44	-1	11.09	11.09
Saccade L	1	14	16813271278	16813339273	67995	1245.27	438.74	1233.11	357.01	2.02	45.46	0.44	29.65	991.66	-949.57	546.45
Saccade R	1	14	16813271278	16813339273	67995	1245.27	438.74	1233.11	357.01	2.02	45.46	0.44	29.65	991.66	-949.57	546.45
Fixation L	1	11	16813339273	16813421412	82139	1226.45	367.94	15	31	-1	10.61	10.61
Fixation R	1	11	16813339273	16813421412	82139	1226.45	367.94	15	31	-1	11.12	11.12
Saccade L	1	15	16813421412	16813487426	66014	1226.34	350.60	1241.68	224.07	3.26	113.58	0.42	49.43	3797.36	-3059.82	1838.58
Saccade R	1	15	16813421412	16813487426	66014	1226.34	350.60	1241.68	224.07	3.26	113.58	0.42	49.43	3797.36	-3059.82	1838.58
Fixation L	1	12	16813487426	16813799242	311816	1247.13	212.44	29	60	-1	10.39	10.39
Fixation R	1	12	16813487426	16813799242	311816	1247.13	212.44	29	60	-1	10.74	10.74
Saccade L	1	16	16813799242	16813825504	26262	1249.58	175.84	1245.45	233.94	1.16	79.68	0.39	44.13	2540.55	-2705.96	1896.62
Saccade R	1	16	16813799242	16813825504	26262	1249.58	175.84	1245.45	233.94	1.16	79.68	0.39	44.13	2540.55	-2705.96	1896.62
Fixation L	1	13	16813825504	16814409730	584226	1253.72	248.45	40	40	-1	10.26	10.26
Fixation R	1	13	16813825504	16814409730	584226	1253.72	248.45	40	40	-1	10.62	10.62
Fixation L	1	14	16814429748	16814506854	77106	1222.85	273.45	45	12	-1	10.57	10.57
Fixation R	1	14	16814429748	16814506854	77106	1222.85	273.45	45	12	-1	10.84	10.84
Saccade L	1	17	16814623846	16814661845	37999	852.46	500.17	799.53	534.76	1.38	47.87	0.53	36.33	1855.98	-1885.71	1298.20
Saccade R	1	17	16814623846	16814661845	37999	852.46	500.17	799.53	534.76	1.38	47.87	0.53	36.33	1855.98	-1885.71	1298.20
Saccade L	1	18	16814687843	16814745966	58123	810.20	544.45	567.60	686.18	6.67	227.30	0.21	114.67	9360.56	-5631.41	4752.88
Saccade R	1	18	16814687843	16814745966	58123	810.20	544.45	567.60	686.18	6.67	227.30	0.21	114.67	9360.56	-5631.41	4752.88
Fixation L	1	15	16814745966	16814867962	121996	561.24	679.62	33	33	-1	10.86	10.86
Fixation R	1	15	16814745966	16814867962	121996	561.24	679.62	33	33	-1	11.41	11.41
Saccade L	1	19	16814867962	16814925991	58029	541.83	690.30	351.99	812.92	5.56	218.38	0.38	95.84	8571.12	-5521.71	4707.45
Saccade R	1	19	16814867962	16814925991	58029	541.83	690.30	351.99	812.92	5.56	218.38	0.38	95.84	8571.12	-5521.71	4707.45
Fixation L	1	16	16814925991	16815034084	108093	354.69	817.81	12	22	-1	10.84	10.84
Fixation R	1	16	16814925991	16815034084	108093	354.69	817.81	12	22	-1	11.19	11.19
Fixation L	1	17	16815055955	16815528594	472639	406.00	825.85	51	62	-1	10.93	10.93
Fixation R	1	17	16815055955	16815528594	472639	406.00	825.85	51	62	-1	11.29	11.29
