[BeGaze]
Converted from:	C:\Program Files\SMI\Experiment Suite 360\Experiment Center 2\Results\RC-Attachment-Exp\P07-eye_data.idf
Date:	18.03.2012 20:06:42
Version:	BeGaze 3.0.181
Sample Rate:	500
Subject:	P07
Description:	Run12

Table Header for Fixations:
Event Type	Trial	Number	Start	End	Duration	Location X	Location Y	Dispersion X	Dispersion Y	Plane	Avg. Pupil Size X	Avg. Pupil Size Y

Table Header for Saccades:
Event Type	Trial	Number	Start	End	Duration	Start Loc.X	Start Loc.Y	End Loc.X	End Loc.Y	Amplitude	Peak Speed	Peak Speed At	Average Speed	Peak Accel.	Peak Decel.	Average Accel.

Table Header for Blinks:
Event Type	Trial	Number	Start	End	Duration

Table Header for User Events:
Event Type	Trial	Number	Start	Description

UserEvent	1	1	11024542330	# Message: RC-nonforced-anim-4.jpg
Fixation L	1	1	11024542976	11024829139	286163	477.59	463.32	17	33	-1	11.08	11.08
Fixation R	1	1	11024542976	11024829139	286163	477.59	463.32	17	33	-1	10.99	10.99
Saccade L	1	1	11024829139	11024861136	31997	474.55	458.20	516.93	460.07	0.97	41.25	0.44	30.20	1358.05	-1177.62	895.98
Saccade R	1	1	11024829139	11024861136	31997	474.55	458.20	516.93	460.07	0.97	41.25	0.44	30.20	1358.05	-1177.62	895.98
Fixation L	1	2	11024861136	11025395287	534151	541.05	468.91	57	41	-1	11.23	11.23
Fixation R	1	2	11024861136	11025395287	534151	541.05	468.91	57	41	-1	11.20	11.20
Saccade L	1	2	11025395287	11025431404	36117	535.24	471.13	627.85	478.72	2.03	98.58	0.39	56.19	4326.37	-3697.09	2898.09
Saccade R	1	2	11025395287	11025431404	36117	535.24	471.13	627.85	478.72	2.03	98.58	0.39	56.19	4326.37	-3697.09	2898.09
Fixation L	1	3	11025431404	11025611375	179971	632.61	476.88	19	12	-1	11.41	11.41
Fixation R	1	3	11025431404	11025611375	179971	632.61	476.88	19	12	-1	11.40	11.40
Saccade L	1	3	11025611375	11025635598	24223	640.08	483.86	717.20	491.75	1.68	127.46	0.55	69.41	5244.29	-5090.36	3645.40
Saccade R	1	3	11025611375	11025635598	24223	640.08	483.86	717.20	491.75	1.68	127.46	0.55	69.41	5244.29	-5090.36	3645.40
Blink L	1	1	11025667547	11025729548	62001
Blink R	1	1	11025667547	11025729548	62001
Saccade L	1	4	11025773511	11025807494	33983	723.36	499.02	806.78	502.92	26.75	1535.98	0.65	787.20	52553.30	-58080.85	36016.51
Saccade R	1	4	11025773511	11025807494	33983	723.36	499.02	806.78	502.92	26.75	1535.98	0.65	787.20	52553.30	-58080.85	36016.51
Fixation L	1	4	11025807494	11025963620	156126	805.51	499.66	10	19	-1	11.86	11.86
Fixation R	1	4	11025807494	11025963620	156126	805.51	499.66	10	19	-1	11.49	11.49
Blink L	1	2	11025963620	11026017616	53996
Blink R	1	2	11025963620	11026017616	53996
Fixation L	1	5	11026017616	11026241764	224148	874.07	469.10	18	8	-1	11.81	11.81
Fixation R	1	5	11026017616	11026241764	224148	874.07	469.10	18	8	-1	11.54	11.54
Saccade L	1	5	11026241764	11026265733	23969	882.28	465.61	843.82	468.97	0.75	44.49	0.50	31.15	1913.18	-1787.01	1317.54
Saccade R	1	5	11026241764	11026265733	23969	882.28	465.61	843.82	468.97	0.75	44.49	0.50	31.15	1913.18	-1787.01	1317.54
Fixation L	1	6	11026265733	11026425731	159998	848.97	456.72	11	20	-1	11.99	11.99
Fixation R	1	6	11026265733	11026425731	159998	848.97	456.72	11	20	-1	11.81	11.81
Saccade L	1	6	11026425731	11026465877	40146	851.27	449.72	951.80	458.18	2.41	108.98	0.38	60.07	4681.04	-3800.35	3065.15
Saccade R	1	6	11026425731	11026465877	40146	851.27	449.72	951.80	458.18	2.41	108.98	0.38	60.07	4681.04	-3800.35	3065.15
Fixation L	1	7	11026465877	11026617850	151973	939.02	457.94	29	14	-1	12.08	12.08
Fixation R	1	7	11026465877	11026617850	151973	939.02	457.94	29	14	-1	11.77	11.77
Saccade L	1	7	11026617850	11026647871	30021	929.43	465.85	996.11	466.86	1.40	90.44	0.40	46.75	3691.48	-3131.84	2410.43
Saccade R	1	7	11026617850	11026647871	30021	929.43	465.85	996.11	466.86	1.40	90.44	0.40	46.75	3691.48	-3131.84	2410.43
Fixation L	1	8	11026647871	11026840169	192298	1003.48	464.40	12	16	-1	12.01	12.01
Fixation R	1	8	11026647871	11026840169	192298	1003.48	464.40	12	16	-1	11.72	11.72
Saccade L	1	8	11026840169	11026868037	27868	1002.60	474.82	1069.39	474.03	1.46	91.10	0.50	52.37	3434.28	-3686.93	2573.00
Saccade R	1	8	11026840169	11026868037	27868	1002.60	474.82	1069.39	474.03	1.46	91.10	0.50	52.37	3434.28	-3686.93	2573.00
Fixation L	1	9	11026868037	11027094127	226090	1079.92	465.36	26	26	-1	11.97	11.97
Fixation R	1	9	11026868037	11027094127	226090	1079.92	465.36	26	26	-1	11.81	11.81
Saccade L	1	9	11027094127	11027126120	31993	1083.15	449.90	1153.93	445.01	1.47	72.85	0.37	45.87	3063.54	-2547.47	2062.72
Saccade R	1	9	11027094127	11027126120	31993	1083.15	449.90	1153.93	445.01	1.47	72.85	0.37	45.87	3063.54	-2547.47	2062.72
Fixation L	1	10	11027126120	11027312213	186093	1152.74	457.57	25	28	-1	11.98	11.98
Fixation R	1	10	11027126120	11027312213	186093	1152.74	457.57	25	28	-1	11.64	11.64
Saccade L	1	10	11027312213	11027372853	60640	1143.69	462.46	740.29	472.87	9.49	295.99	0.30	156.42	13410.15	-7331.74	7115.85
Saccade R	1	10	11027312213	11027372853	60640	1143.69	462.46	740.29	472.87	9.49	295.99	0.30	156.42	13410.15	-7331.74	7115.85
Fixation L	1	11	11027372853	11027564339	191486	731.03	473.05	14	10	-1	12.19	12.19
Fixation R	1	11	11027372853	11027564339	191486	731.03	473.05	14	10	-1	11.91	11.91
Saccade L	1	11	11027564339	11027607450	43111	731.41	476.27	592.14	493.24	3.14	162.84	0.32	72.94	6729.68	-4988.61	3801.16
Saccade R	1	11	11027564339	11027607450	43111	731.41	476.27	592.14	493.24	3.14	162.84	0.32	72.94	6729.68	-4988.61	3801.16
Fixation L	1	12	11027607450	11027800467	193017	593.17	482.46	16	18	-1	12.30	12.30
Fixation R	1	12	11027607450	11027800467	193017	593.17	482.46	16	18	-1	12.16	12.16
Saccade L	1	12	11027800467	11027838455	37988	590.42	488.03	675.77	488.47	17.73	845.11	0.54	466.79	29550.55	-35997.26	24708.59
Saccade R	1	12	11027800467	11027838455	37988	590.42	488.03	675.77	488.47	17.73	845.11	0.54	466.79	29550.55	-35997.26	24708.59
Fixation L	1	13	11027838455	11027996463	158008	705.38	485.05	53	19	-1	12.32	12.32
Fixation R	1	13	11027838455	11027996463	158008	705.38	485.05	53	19	-1	12.22	12.22
Saccade L	1	13	11027996463	11028032459	35996	728.92	492.00	582.56	424.02	3.40	199.32	0.78	94.51	6244.99	-1155.91	2771.68
Saccade R	1	13	11027996463	11028032459	35996	728.92	492.00	582.56	424.02	3.40	199.32	0.78	94.51	6244.99	-1155.91	2771.68
Saccade L	1	14	11028032459	11028058643	26184	582.56	424.02	684.56	443.62	2.32	194.36	0.38	88.69	-1155.91	-6951.08	3867.16
Saccade R	1	14	11028032459	11028058643	26184	582.56	424.02	684.56	443.62	2.32	194.36	0.38	88.69	-1155.91	-6951.08	3867.16
Fixation L	1	14	11028058643	11028280630	221987	685.56	463.76	8	31	-1	12.18	12.18
Fixation R	1	14	11028058643	11028280630	221987	685.56	463.76	8	31	-1	12.01	12.01
Saccade L	1	15	11028280630	11028338730	58100	686.51	452.85	685.14	453.26	5.06	177.42	0.27	87.13	7082.60	-5133.11	2948.19
Saccade R	1	15	11028280630	11028338730	58100	686.51	452.85	685.14	453.26	5.06	177.42	0.27	87.13	7082.60	-5133.11	2948.19
Saccade L	1	16	11028380699	11028438709	58010	685.38	451.29	622.37	499.98	2.14	59.41	0.76	36.91	1107.24	-1935.43	1049.62
Saccade R	1	16	11028380699	11028438709	58010	685.38	451.29	622.37	499.98	2.14	59.41	0.76	36.91	1107.24	-1935.43	1049.62
Fixation L	1	15	11028438709	11028594848	156139	653.62	480.10	67	35	-1	12.30	12.30
Fixation R	1	15	11028438709	11028594848	156139	653.62	480.10	67	35	-1	12.00	12.00
Saccade L	1	17	11028594848	11028790862	196014	655.79	464.53	858.64	501.79	41.90	797.96	0.40	213.76	16707.14	-13431.14	5255.24
Saccade R	1	17	11028594848	11028790862	196014	655.79	464.53	858.64	501.79	41.90	797.96	0.40	213.76	16707.14	-13431.14	5255.24
Fixation L	1	16	11028790862	11028868809	77947	834.80	490.07	39	40	-1	12.32	12.32
Fixation R	1	16	11028790862	11028868809	77947	834.80	490.07	39	40	-1	12.09	12.09
Saccade L	1	18	11028868809	11028919411	50602	819.03	477.90	901.96	461.93	4.05	167.93	0.52	80.10	5210.57	-6276.60	3780.37
Saccade R	1	18	11028868809	11028919411	50602	819.03	477.90	901.96	461.93	4.05	167.93	0.52	80.10	5210.57	-6276.60	3780.37
Blink L	1	3	11028968944	11029255226	286282
Blink R	1	3	11028968944	11029255226	286282
Fixation L	1	17	11029301470	11029377068	75598	1001.93	437.05	58	19	-1	11.47	11.47
Fixation R	1	17	11029301470	11029377068	75598	1001.93	437.05	58	19	-1	11.46	11.46
Saccade L	1	19	11029415182	11029459185	44003	997.01	435.78	1007.09	432.04	2.50	96.62	0.27	56.82	3143.17	-1050.74	1165.99
Saccade R	1	19	11029415182	11029459185	44003	997.01	435.78	1007.09	432.04	2.50	96.62	0.27	56.82	3143.17	-1050.74	1165.99
Saccade L	1	20	11029471182	11029531604	60422	930.86	408.05	1048.58	434.46	3.33	114.93	0.46	55.12	1616.06	-2142.32	877.80
Saccade R	1	20	11029471182	11029531604	60422	930.86	408.05	1048.58	434.46	3.33	114.93	0.46	55.12	1616.06	-2142.32	877.80
Saccade L	1	21	11029549186	11029575208	26022	1006.80	401.12	1054.90	424.63	1.23	77.49	0.55	47.30	35889.34	-1417.57	5477.50
Saccade R	1	21	11029549186	11029575208	26022	1006.80	401.12	1054.90	424.63	1.23	77.49	0.55	47.30	35889.34	-1417.57	5477.50
Blink L	1	4	11029581176	11029649211	68035
Blink R	1	4	11029581176	11029649211	68035
Saccade L	1	22	11029663184	11029699451	36267	1055.68	443.42	1016.70	470.03	25.14	1476.68	0.33	693.16	51648.38	-42560.27	30183.33
Saccade R	1	22	11029663184	11029699451	36267	1055.68	443.42	1016.70	470.03	25.14	1476.68	0.33	693.16	51648.38	-42560.27	30183.33
Saccade L	1	23	11029711294	11029749301	38007	1017.02	469.25	1019.55	466.12	31.71	1797.41	0.68	834.28	55708.07	-62168.17	34823.68
Saccade R	1	23	11029711294	11029749301	38007	1017.02	469.25	1019.55	466.12	31.71	1797.41	0.68	834.28	55708.07	-62168.17	34823.68
Blink L	1	5	11029791292	11029896196	104904
Blink R	1	5	11029791292	11029896196	104904
Fixation L	1	18	11029896196	11029981892	85696	1136.78	461.63	52	9	-1	11.36	11.36
Fixation R	1	18	11029896196	11029981892	85696	1136.78	461.63	52	9	-1	11.37	11.37
Fixation L	1	19	11029997450	11030120281	122831	1142.24	466.19	15	18	-1	11.58	11.58
Fixation R	1	19	11029997450	11030120281	122831	1142.24	466.19	15	18	-1	11.39	11.39
Blink L	1	6	11030120281	11030340124	219843
Blink R	1	6	11030120281	11030340124	219843
Saccade L	1	24	11030340124	11030379639	39515	854.10	1017.35	868.03	880.71	3.81	197.68	0.56	96.45	4921.06	-7238.73	4149.62
Saccade R	1	24	11030340124	11030379639	39515	854.10	1017.35	868.03	880.71	3.81	197.68	0.56	96.45	4921.06	-7238.73	4149.62
Blink L	1	7	11030411854	11030518231	106377
Blink R	1	7	11030411854	11030518231	106377
Saccade L	1	25	11030525658	11030573277	47619	0.00	0.00	939.89	993.98	36.43	2710.52	0.25	765.01	92949.73	-98796.07	51938.43
Saccade R	1	25	11030525658	11030573277	47619	0.00	0.00	939.89	993.98	36.43	2710.52	0.25	765.01	92949.73	-98796.07	51938.43
Saccade L	1	26	11030612598	11030661660	49062	942.98	970.81	931.47	1002.13	24.22	1011.80	0.76	493.61	28053.41	-36218.54	17660.68
Saccade R	1	26	11030612598	11030661660	49062	942.98	970.81	931.47	1002.13	24.22	1011.80	0.76	493.61	28053.41	-36218.54	17660.68
Blink L	1	8	11030687655	11030786090	98435
Blink R	1	8	11030687655	11030786090	98435
Saccade L	1	27	11030786090	11030818518	32428	869.68	933.77	938.71	944.44	16.28	915.10	0.57	501.96	12825.52	-40766.50	20572.78
Saccade R	1	27	11030786090	11030818518	32428	869.68	933.77	938.71	944.44	16.28	915.10	0.57	501.96	12825.52	-40766.50	20572.78
Saccade L	1	28	11030823776	11030850069	26293	943.99	941.54	908.80	919.96	0.85	45.56	0.54	32.46	925.42	-5719.89	1270.04
Saccade R	1	28	11030823776	11030850069	26293	943.99	941.54	908.80	919.96	0.85	45.56	0.54	32.46	925.42	-5719.89	1270.04
Saccade L	1	29	11030876679	11030920764	44085	906.55	919.74	935.82	927.11	53.98	2515.60	0.61	1224.51	94817.38	-95499.47	52937.84
Saccade R	1	29	11030876679	11030920764	44085	906.55	919.74	935.82	927.11	53.98	2515.60	0.61	1224.51	94817.38	-95499.47	52937.84
Saccade L	1	30	11030941777	11030975771	33994	918.89	924.00	866.45	881.96	1.69	84.65	0.47	49.62	2943.69	-3437.73	2333.68
Saccade R	1	30	11030941777	11030975771	33994	918.89	924.00	866.45	881.96	1.69	84.65	0.47	49.62	2943.69	-3437.73	2333.68
Saccade L	1	31	11031003601	11031028731	25130	867.32	881.84	766.57	880.05	2.27	191.44	0.41	90.47	7238.76	-6581.73	4867.54
Saccade R	1	31	11031003601	11031028731	25130	867.32	881.84	766.57	880.05	2.27	191.44	0.41	90.47	7238.76	-6581.73	4867.54
Saccade L	1	32	11031037903	11031094095	56192	763.73	878.25	895.60	917.79	4.34	167.43	0.47	77.18	6144.95	-5432.81	4065.99
Saccade R	1	32	11031037903	11031094095	56192	763.73	878.25	895.60	917.79	4.34	167.43	0.47	77.18	6144.95	-5432.81	4065.99
Saccade L	1	33	11031143900	11031179808	35908	918.60	941.22	762.08	878.94	4.27	239.96	0.56	118.99	8651.84	-9640.42	6553.01
Saccade R	1	33	11031143900	11031179808	35908	918.60	941.22	762.08	878.94	4.27	239.96	0.56	118.99	8651.84	-9640.42	6553.01
Saccade L	1	34	11031198387	11031258039	59652	765.50	875.81	896.92	938.33	6.44	346.09	0.23	107.91	13845.00	-10997.80	5905.66
Saccade R	1	34	11031198387	11031258039	59652	765.50	875.81	896.92	938.33	6.44	346.09	0.23	107.91	13845.00	-10997.80	5905.66
Fixation L	1	20	11031258039	11031718570	460531	911.74	922.89	34	39	-1	11.63	11.63
Fixation R	1	20	11031258039	11031718570	460531	911.74	922.89	34	39	-1	11.70	11.70
