[BeGaze]
Converted from:	C:\Program Files\SMI\Experiment Suite 360\Experiment Center 2\Results\RC-Attachment-Exp\P33-eye_data.idf
Date:	18.03.2012 20:29:03
Version:	BeGaze 3.0.181
Sample Rate:	500
Subject:	P33
Description:	Run38

Table Header for Fixations:
Event Type	Trial	Number	Start	End	Duration	Location X	Location Y	Dispersion X	Dispersion Y	Plane	Avg. Pupil Size X	Avg. Pupil Size Y

Table Header for Saccades:
Event Type	Trial	Number	Start	End	Duration	Start Loc.X	Start Loc.Y	End Loc.X	End Loc.Y	Amplitude	Peak Speed	Peak Speed At	Average Speed	Peak Accel.	Peak Decel.	Average Accel.

Table Header for Blinks:
Event Type	Trial	Number	Start	End	Duration

Table Header for User Events:
Event Type	Trial	Number	Start	Description

UserEvent	1	1	3307226645	# Message: Validation.jpg
Fixation L	1	1	3307229691	3307518790	289099	400.93	743.32	43	30	-1	12.55	12.55
Fixation R	1	1	3307229691	3307518790	289099	400.93	743.32	43	30	-1	13.23	13.23
Saccade L	1	1	3307518790	3307582791	64001	415.97	748.62	427.15	340.70	9.19	334.86	0.25	143.58	13598.93	-9527.41	6172.88
Saccade R	1	1	3307518790	3307582791	64001	415.97	748.62	427.15	340.70	9.19	334.86	0.25	143.58	13598.93	-9527.41	6172.88
Fixation L	1	2	3307582791	3307670791	88000	435.26	333.75	18	24	-1	12.81	12.81
Fixation R	1	2	3307582791	3307670791	88000	435.26	333.75	18	24	-1	13.53	13.53
Saccade L	1	2	3307670791	3307694809	24018	426.16	349.10	423.37	255.53	1.90	142.76	0.50	79.16	4829.23	-5721.68	3711.01
Saccade R	1	2	3307670791	3307694809	24018	426.16	349.10	423.37	255.53	1.90	142.76	0.50	79.16	4829.23	-5721.68	3711.01
Fixation L	1	3	3307694809	3309003365	1308556	435.20	275.86	56	63	-1	12.74	12.74
Fixation R	1	3	3307694809	3309003365	1308556	435.20	275.86	56	63	-1	13.23	13.23
Saccade L	1	3	3309003365	3309063487	60122	429.07	283.47	727.11	477.39	7.96	330.55	0.27	132.43	13915.97	-9647.96	6864.40
Saccade R	1	3	3309003365	3309063487	60122	429.07	283.47	727.11	477.39	7.96	330.55	0.27	132.43	13915.97	-9647.96	6864.40
Fixation L	1	4	3309063487	3309139604	76117	730.03	482.83	21	22	-1	12.99	12.99
Fixation R	1	4	3309063487	3309139604	76117	730.03	482.83	21	22	-1	13.76	13.76
Saccade L	1	4	3309139604	3309203542	63938	743.83	487.54	1007.65	663.86	7.35	256.62	0.22	114.98	10906.88	-7474.43	5588.91
Saccade R	1	4	3309139604	3309203542	63938	743.83	487.54	1007.65	663.86	7.35	256.62	0.22	114.98	10906.88	-7474.43	5588.91
Fixation L	1	5	3309203542	3309269482	65940	1012.40	663.17	21	10	-1	13.04	13.04
Fixation R	1	5	3309203542	3309269482	65940	1012.40	663.17	21	10	-1	13.91	13.91
Saccade L	1	5	3309269482	3309311490	42008	1018.43	665.02	1162.68	734.38	3.51	177.36	0.33	83.63	7560.14	-6316.51	4590.54
Saccade R	1	5	3309269482	3309311490	42008	1018.43	665.02	1162.68	734.38	3.51	177.36	0.33	83.63	7560.14	-6316.51	4590.54
Fixation L	1	6	3309311490	3309405600	94110	1176.74	734.91	33	9	-1	12.77	12.77
Fixation R	1	6	3309311490	3309405600	94110	1176.74	734.91	33	9	-1	13.51	13.51
Saccade L	1	6	3309405600	3309434207	28607	1194.24	735.56	1300.94	778.89	2.54	160.20	0.42	88.70	6521.55	-6808.17	4839.00
Saccade R	1	6	3309405600	3309434207	28607	1194.24	735.56	1300.94	778.89	2.54	160.20	0.42	88.70	6521.55	-6808.17	4839.00
Fixation L	1	7	3309434207	3310367986	933779	1299.94	773.04	40	36	-1	11.59	11.59
Fixation R	1	7	3309434207	3310367986	933779	1299.94	773.04	40	36	-1	11.98	11.98
Saccade L	1	7	3310367986	3310408076	40090	1309.36	775.73	1297.21	573.44	4.49	253.53	0.41	111.95	10205.03	-10283.36	6907.71
Saccade R	1	7	3310367986	3310408076	40090	1309.36	775.73	1297.21	573.44	4.49	253.53	0.41	111.95	10205.03	-10283.36	6907.71
Fixation L	1	8	3310408076	3310580391	172315	1285.57	516.57	29	102	-1	11.85	11.85
Fixation R	1	8	3310408076	3310580391	172315	1285.57	516.57	29	102	-1	12.18	12.18
Saccade L	1	8	3310580391	3310634380	53989	1269.19	468.52	1273.15	378.47	2.20	97.74	0.36	40.72	3546.81	-2996.99	1717.00
Saccade R	1	8	3310580391	3310634380	53989	1269.19	468.52	1273.15	378.47	2.20	97.74	0.36	40.72	3546.81	-2996.99	1717.00
Fixation L	1	9	3310634380	3310740650	106270	1287.84	348.04	27	61	-1	11.73	11.73
Fixation R	1	9	3310634380	3310740650	106270	1287.84	348.04	27	61	-1	12.10	12.10
Saccade L	1	9	3310740650	3310772180	31530	1281.93	316.22	1260.82	265.08	1.18	59.95	0.43	37.55	1828.54	-2048.33	1418.75
Saccade R	1	9	3310740650	3310772180	31530	1281.93	316.22	1260.82	265.08	1.18	59.95	0.43	37.55	1828.54	-2048.33	1418.75
Fixation L	1	10	3310772180	3311814652	1042472	1261.63	254.20	70	51	-1	11.51	11.51
Fixation R	1	10	3310772180	3311814652	1042472	1261.63	254.20	70	51	-1	11.90	11.90
Saccade L	1	10	3311814652	3311876631	61979	1214.91	228.23	1000.43	492.03	7.92	247.11	0.29	127.75	10852.21	-5835.07	5739.24
Saccade R	1	10	3311814652	3311876631	61979	1214.91	228.23	1000.43	492.03	7.92	247.11	0.29	127.75	10852.21	-5835.07	5739.24
Fixation L	1	11	3311876631	3311962928	86297	979.65	497.14	50	28	-1	12.04	12.04
Fixation R	1	11	3311876631	3311962928	86297	979.65	497.14	50	28	-1	12.31	12.31
Saccade L	1	11	3311962928	3312026634	63706	948.23	516.27	587.56	685.27	8.99	341.23	0.47	141.11	14266.60	-9968.31	7361.23
Saccade R	1	11	3311962928	3312026634	63706	948.23	516.27	587.56	685.27	8.99	341.23	0.47	141.11	14266.60	-9968.31	7361.23
Fixation L	1	12	3312026634	3312158749	132115	556.76	690.02	57	27	-1	12.01	12.01
Fixation R	1	12	3312026634	3312158749	132115	556.76	690.02	57	27	-1	12.22	12.22
Saccade L	1	12	3312158749	3312204749	46000	528.23	678.70	362.84	758.78	4.10	208.26	0.35	89.14	8382.35	-7177.25	5015.52
Saccade R	1	12	3312158749	3312204749	46000	528.23	678.70	362.84	758.78	4.10	208.26	0.35	89.14	8382.35	-7177.25	5015.52
Fixation L	1	13	3312204749	3312801025	596276	381.91	768.67	48	37	-1	11.44	11.44
Fixation R	1	13	3312204749	3312801025	596276	381.91	768.67	48	37	-1	11.87	11.87
