[BeGaze]
Converted from:	C:\Program Files\SMI\Experiment Suite 360\Experiment Center 2\Results\RC-Attachment-Exp\P20-eye_data.idf
Date:	18.03.2012 20:15:30
Version:	BeGaze 3.0.181
Sample Rate:	500
Subject:	P20
Description:	Run25

Table Header for Fixations:
Event Type	Trial	Number	Start	End	Duration	Location X	Location Y	Dispersion X	Dispersion Y	Plane	Avg. Pupil Size X	Avg. Pupil Size Y

Table Header for Saccades:
Event Type	Trial	Number	Start	End	Duration	Start Loc.X	Start Loc.Y	End Loc.X	End Loc.Y	Amplitude	Peak Speed	Peak Speed At	Average Speed	Peak Accel.	Peak Decel.	Average Accel.

Table Header for Blinks:
Event Type	Trial	Number	Start	End	Duration

Table Header for User Events:
Event Type	Trial	Number	Start	Description

UserEvent	1	1	19085389652	# Message: RC-N2forced-anim-2.jpg
Fixation L	1	1	19085390473	19085698571	308098	479.24	428.44	20	29	-1	13.38	13.38
Fixation R	1	1	19085390473	19085698571	308098	479.24	428.44	20	29	-1	12.90	12.90
Saccade L	1	1	19085698571	19085730596	32025	481.67	417.45	477.36	429.89	5.22	209.74	0.63	163.15	9852.96	-10167.08	7866.57
Saccade R	1	1	19085698571	19085730596	32025	481.67	417.45	477.36	429.89	5.22	209.74	0.63	163.15	9852.96	-10167.08	7866.57
Fixation L	1	2	19085730596	19086024691	294095	480.93	429.09	14	24	-1	13.57	13.57
Fixation R	1	2	19085730596	19086024691	294095	480.93	429.09	14	24	-1	12.98	12.98
Saccade L	1	2	19086024691	19086057650	32959	488.66	432.67	558.84	441.11	1.57	82.74	0.43	47.50	3009.75	-2986.12	2187.32
Saccade R	1	2	19086024691	19086057650	32959	488.66	432.67	558.84	441.11	1.57	82.74	0.43	47.50	3009.75	-2986.12	2187.32
Fixation L	1	3	19086057650	19086316803	259153	565.06	445.66	17	19	-1	13.68	13.68
Fixation R	1	3	19086057650	19086316803	259153	565.06	445.66	17	19	-1	13.11	13.11
Saccade L	1	3	19086316803	19086354922	38119	568.76	444.93	644.16	438.14	1.65	87.17	0.31	43.39	3634.66	-2672.45	1927.58
Saccade R	1	3	19086316803	19086354922	38119	568.76	444.93	644.16	438.14	1.65	87.17	0.31	43.39	3634.66	-2672.45	1927.58
Fixation L	1	4	19086354922	19086687073	332151	649.56	450.34	16	26	-1	13.91	13.91
Fixation R	1	4	19086354922	19086687073	332151	649.56	450.34	16	26	-1	13.43	13.43
Saccade L	1	4	19086687073	19086711089	24016	646.93	465.47	699.08	450.68	1.12	74.91	0.41	46.78	2577.48	-2702.70	1888.41
Saccade R	1	4	19086687073	19086711089	24016	646.93	465.47	699.08	450.68	1.12	74.91	0.41	46.78	2577.48	-2702.70	1888.41
Fixation L	1	5	19086711089	19086879038	167949	702.44	447.36	15	20	-1	14.20	14.20
Fixation R	1	5	19086711089	19086879038	167949	702.44	447.36	15	20	-1	13.62	13.62
Saccade L	1	5	19086879038	19086905718	26680	710.75	440.47	661.16	454.85	1.23	83.44	0.48	46.27	2840.19	-3160.26	2083.13
Saccade R	1	5	19086879038	19086905718	26680	710.75	440.47	661.16	454.85	1.23	83.44	0.48	46.27	2840.19	-3160.26	2083.13
Fixation L	1	6	19086905718	19087397244	491526	656.00	454.30	18	25	-1	14.28	14.28
Fixation R	1	6	19086905718	19087397244	491526	656.00	454.30	18	25	-1	13.76	13.76
Saccade L	1	6	19087397244	19087423256	26012	662.49	466.75	732.50	460.96	1.53	102.26	0.54	58.76	3806.96	-4034.19	2811.64
Saccade R	1	6	19087397244	19087423256	26012	662.49	466.75	732.50	460.96	1.53	102.26	0.54	58.76	3806.96	-4034.19	2811.64
Fixation L	1	7	19087423256	19088061618	638362	756.56	447.70	53	32	-1	13.90	13.90
Fixation R	1	7	19087423256	19088061618	638362	756.56	447.70	53	32	-1	13.50	13.50
Saccade L	1	7	19088061618	19088092935	31317	770.03	441.93	821.43	444.18	1.13	58.76	0.38	35.95	2449.62	-1809.67	1496.59
Saccade R	1	7	19088061618	19088092935	31317	770.03	441.93	821.43	444.18	1.13	58.76	0.38	35.95	2449.62	-1809.67	1496.59
Fixation L	1	8	19088092935	19088433705	340770	817.97	450.64	54	13	-1	13.85	13.85
Fixation R	1	8	19088092935	19088433705	340770	817.97	450.64	54	13	-1	13.41	13.41
Fixation L	1	9	19088451708	19088709820	258112	744.13	443.38	24	27	-1	13.69	13.69
Fixation R	1	9	19088451708	19088709820	258112	744.13	443.38	24	27	-1	13.22	13.22
Saccade L	1	8	19088709820	19088733826	24006	757.13	431.95	843.61	437.88	1.88	152.80	0.50	78.18	6111.95	-5774.30	4141.45
Saccade R	1	8	19088709820	19088733826	24006	757.13	431.95	843.61	437.88	1.88	152.80	0.50	78.18	6111.95	-5774.30	4141.45
Fixation L	1	10	19088733826	19088905933	172107	844.27	455.66	16	29	-1	13.79	13.79
Fixation R	1	10	19088733826	19088905933	172107	844.27	455.66	16	29	-1	13.34	13.34
Saccade L	1	9	19088905933	19088927936	22003	840.70	466.36	916.67	458.09	1.62	132.74	0.46	73.58	4880.66	-5372.67	3471.14
Saccade R	1	9	19088905933	19088927936	22003	840.70	466.36	916.67	458.09	1.62	132.74	0.46	73.58	4880.66	-5372.67	3471.14
Fixation L	1	11	19088927936	19088987930	59994	922.56	457.52	9	7	-1	13.76	13.76
Fixation R	1	11	19088927936	19088987930	59994	922.56	457.52	9	7	-1	13.33	13.33
Blink L	1	1	19088987930	19089021931	34001
Blink R	1	1	19088987930	19089021931	34001
Fixation L	1	12	19089021931	19089120102	98171	929.64	453.91	8	11	-1	13.70	13.70
Fixation R	1	12	19089021931	19089120102	98171	929.64	453.91	8	11	-1	13.39	13.39
Saccade L	1	10	19089120102	19089154114	34012	925.45	458.11	1031.57	451.60	2.28	133.09	0.41	67.12	5709.41	-5069.44	3773.65
Saccade R	1	10	19089120102	19089154114	34012	925.45	458.11	1031.57	451.60	2.28	133.09	0.41	67.12	5709.41	-5069.44	3773.65
Fixation L	1	13	19089154114	19089514155	360041	1038.02	449.51	21	18	-1	13.53	13.53
Fixation R	1	13	19089154114	19089514155	360041	1038.02	449.51	21	18	-1	13.20	13.20
Saccade L	1	11	19089514155	19089540175	26020	1039.43	454.41	1116.19	451.42	1.68	119.61	0.46	64.72	4771.41	-5109.33	3559.86
Saccade R	1	11	19089514155	19089540175	26020	1039.43	454.41	1116.19	451.42	1.68	119.61	0.46	64.72	4771.41	-5109.33	3559.86
Fixation L	1	14	19089540175	19089908439	368264	1121.78	438.30	19	23	-1	13.22	13.22
Fixation R	1	14	19089540175	19089908439	368264	1121.78	438.30	19	23	-1	12.98	12.98
Saccade L	1	12	19089908439	19089982394	73955	1126.70	446.15	982.34	978.89	12.84	311.34	0.27	173.68	13596.37	-8387.38	6257.31
Saccade R	1	12	19089908439	19089982394	73955	1126.70	446.15	982.34	978.89	12.84	311.34	0.27	173.68	13596.37	-8387.38	6257.31
Fixation L	1	15	19089982394	19090156508	174114	975.30	989.39	20	22	-1	13.65	13.65
Fixation R	1	15	19089982394	19090156508	174114	975.30	989.39	20	22	-1	13.29	13.29
Saccade L	1	13	19090156508	19090184872	28364	975.29	992.95	852.65	1030.30	2.78	191.69	0.56	97.84	7839.43	-7116.78	5444.70
Saccade R	1	13	19090156508	19090184872	28364	975.29	992.95	852.65	1030.30	2.78	191.69	0.56	97.84	7839.43	-7116.78	5444.70
Fixation L	1	16	19090184872	19090474623	289751	863.06	1009.93	19	35	-1	13.95	13.95
Fixation R	1	16	19090184872	19090474623	289751	863.06	1009.93	19	35	-1	13.36	13.36
