[BeGaze]
Converted from:	C:\Program Files\SMI\Experiment Suite 360\Experiment Center 2\Results\RC-Attachment-Exp\P31-eye_data.idf
Date:	18.03.2012 20:27:25
Version:	BeGaze 3.0.181
Sample Rate:	500
Subject:	P31
Description:	Run36

Table Header for Fixations:
Event Type	Trial	Number	Start	End	Duration	Location X	Location Y	Dispersion X	Dispersion Y	Plane	Avg. Pupil Size X	Avg. Pupil Size Y

Table Header for Saccades:
Event Type	Trial	Number	Start	End	Duration	Start Loc.X	Start Loc.Y	End Loc.X	End Loc.Y	Amplitude	Peak Speed	Peak Speed At	Average Speed	Peak Accel.	Peak Decel.	Average Accel.

Table Header for Blinks:
Event Type	Trial	Number	Start	End	Duration

Table Header for User Events:
Event Type	Trial	Number	Start	Description

UserEvent	1	1	5232243701	# Message: RC-nonforced-nonanim-5.jpg
Fixation L	1	1	5232245613	5232915874	670261	497.53	461.27	28	51	-1	11.00	11.00
Fixation R	1	1	5232245613	5232915874	670261	497.53	461.27	28	51	-1	11.46	11.46
Saccade L	1	1	5232915874	5232987956	72082	504.96	455.09	876.80	910.70	13.39	480.80	0.31	185.70	21285.56	-15970.31	10221.17
Saccade R	1	1	5232915874	5232987956	72082	504.96	455.09	876.80	910.70	13.39	480.80	0.31	185.70	21285.56	-15970.31	10221.17
Fixation L	1	2	5232987956	5233239942	251986	888.72	909.51	41	39	-1	10.71	10.71
Fixation R	1	2	5232987956	5233239942	251986	888.72	909.51	41	39	-1	11.21	11.21
Saccade L	1	2	5233239942	5233269944	30002	900.50	907.85	946.31	882.55	1.20	65.61	0.40	39.92	2408.80	-2187.83	1659.40
Saccade R	1	2	5233239942	5233269944	30002	900.50	907.85	946.31	882.55	1.20	65.61	0.40	39.92	2408.80	-2187.83	1659.40
Fixation L	1	3	5233269944	5233594054	324110	947.53	889.96	33	21	-1	9.64	9.64
Fixation R	1	3	5233269944	5233594054	324110	947.53	889.96	33	21	-1	10.97	10.97
Saccade L	1	3	5233594054	5233616069	22015	950.28	896.43	900.66	887.94	1.05	81.02	0.55	47.76	2972.25	-3159.57	2103.23
Saccade R	1	3	5233594054	5233616069	22015	950.28	896.43	900.66	887.94	1.05	81.02	0.55	47.76	2972.25	-3159.57	2103.23
Fixation L	1	4	5233616069	5233868171	252102	887.73	882.34	35	19	-1	9.86	9.86
Fixation R	1	4	5233616069	5233868171	252102	887.73	882.34	35	19	-1	11.06	11.06
Fixation L	1	5	5233888178	5234158287	270109	923.57	889.22	16	28	-1	10.09	10.09
Fixation R	1	5	5233888178	5234158287	270109	923.57	889.22	16	28	-1	11.49	11.49
Fixation L	1	6	5234180288	5234670533	490245	924.74	880.73	68	21	-1	9.95	9.95
Fixation R	1	6	5234180288	5234670533	490245	924.74	880.73	68	21	-1	11.39	11.39
Saccade L	1	4	5234670533	5234696523	25990	955.73	881.16	911.91	898.96	1.00	58.84	0.46	38.45	2308.38	-2133.65	1575.43
Saccade R	1	4	5234670533	5234696523	25990	955.73	881.16	911.91	898.96	1.00	58.84	0.46	38.45	2308.38	-2133.65	1575.43
Fixation L	1	7	5234696523	5234984655	288132	908.81	891.78	20	25	-1	9.93	9.93
Fixation R	1	7	5234696523	5234984655	288132	908.81	891.78	20	25	-1	11.45	11.45
Blink L	1	1	5234984655	5235132278	147623
Blink R	1	1	5234984655	5235132278	147623
Saccade L	1	5	5235140756	5235174824	34068	541.02	391.33	529.92	459.08	1.47	68.97	0.41	43.27	2013.49	-2439.93	1474.38
Saccade R	1	5	5235140756	5235174824	34068	541.02	391.33	529.92	459.08	1.47	68.97	0.41	43.27	2013.49	-2439.93	1474.38
Fixation L	1	8	5235174824	5235334748	159924	540.06	471.19	23	23	-1	10.76	10.76
Fixation R	1	8	5235174824	5235334748	159924	540.06	471.19	23	23	-1	11.13	11.13
Saccade L	1	6	5235334748	5235391233	56485	535.42	476.65	882.99	957.20	13.41	437.40	0.32	237.47	19722.19	-12926.49	11119.54
Saccade R	1	6	5235334748	5235391233	56485	535.42	476.65	882.99	957.20	13.41	437.40	0.32	237.47	19722.19	-12926.49	11119.54
Fixation L	1	9	5235391233	5235879110	487877	908.46	894.36	54	93	-1	9.33	9.33
Fixation R	1	9	5235391233	5235879110	487877	908.46	894.36	54	93	-1	10.65	10.65
