[BeGaze]
Converted from:	C:\Program Files\SMI\Experiment Suite 360\Experiment Center 2\Results\RC-Attachment-Exp\P02-eye_data.idf
Date:	18.03.2012 20:03:08
Version:	BeGaze 3.0.181
Sample Rate:	500
Subject:	P02
Description:	Run2

Table Header for Fixations:
Event Type	Trial	Number	Start	End	Duration	Location X	Location Y	Dispersion X	Dispersion Y	Plane	Avg. Pupil Size X	Avg. Pupil Size Y

Table Header for Saccades:
Event Type	Trial	Number	Start	End	Duration	Start Loc.X	Start Loc.Y	End Loc.X	End Loc.Y	Amplitude	Peak Speed	Peak Speed At	Average Speed	Peak Accel.	Peak Decel.	Average Accel.

Table Header for Blinks:
Event Type	Trial	Number	Start	End	Duration

Table Header for User Events:
Event Type	Trial	Number	Start	Description

UserEvent	1	1	3607350935	# Message: RC-N2forced-anim-4.jpg
Saccade L	1	1	3607363042	3607389030	25988	513.48	424.54	507.82	454.94	0.88	42.94	0.39	33.75	732.35	-1044.67	555.04
Saccade R	1	1	3607363042	3607389030	25988	513.48	424.54	507.82	454.94	0.88	42.94	0.39	33.75	732.35	-1044.67	555.04
Saccade L	1	2	3607435560	3607457147	21587	514.61	450.17	476.95	436.78	0.72	52.87	0.44	33.52	1001.63	-1752.56	1047.74
Saccade R	1	2	3607435560	3607457147	21587	514.61	450.17	476.95	436.78	0.72	52.87	0.44	33.52	1001.63	-1752.56	1047.74
Fixation L	1	1	3607457147	3607899255	442108	492.96	435.35	30	35	-1	12.38	12.38
Fixation R	1	1	3607457147	3607899255	442108	492.96	435.35	30	35	-1	12.65	12.65
Saccade L	1	3	3607899255	3607921256	22001	501.03	422.41	543.37	427.72	0.88	60.47	0.46	39.78	2313.90	-2254.28	1547.13
Saccade R	1	3	3607899255	3607921256	22001	501.03	422.41	543.37	427.72	0.88	60.47	0.46	39.78	2313.90	-2254.28	1547.13
Fixation L	1	2	3607921256	3608235371	314115	536.30	444.59	45	29	-1	12.13	12.13
Fixation R	1	2	3607921256	3608235371	314115	536.30	444.59	45	29	-1	12.39	12.39
Saccade L	1	4	3608235371	3608257508	22137	521.46	439.80	581.45	440.38	1.23	94.35	0.46	55.46	3183.95	-3041.67	2194.42
Saccade R	1	4	3608235371	3608257508	22137	521.46	439.80	581.45	440.38	1.23	94.35	0.46	55.46	3183.95	-3041.67	2194.42
Fixation L	1	3	3608257508	3608421531	164023	575.25	437.04	30	32	-1	12.26	12.26
Fixation R	1	3	3608257508	3608421531	164023	575.25	437.04	30	32	-1	12.54	12.54
Fixation L	1	4	3608441513	3608767721	326208	613.50	431.06	36	26	-1	12.37	12.37
Fixation R	1	4	3608441513	3608767721	326208	613.50	431.06	36	26	-1	12.65	12.65
Fixation L	1	5	3608787725	3608909720	121995	662.08	430.39	13	24	-1	12.27	12.27
Fixation R	1	5	3608787725	3608909720	121995	662.08	430.39	13	24	-1	12.60	12.60
Saccade L	1	5	3608909720	3608935721	26001	665.02	419.21	736.43	434.81	1.60	115.60	0.51	61.41	4504.35	-4275.61	3158.63
Saccade R	1	5	3608909720	3608935721	26001	665.02	419.21	736.43	434.81	1.60	115.60	0.51	61.41	4504.35	-4275.61	3158.63
Fixation L	1	6	3608935721	3609361963	426242	725.53	441.47	44	34	-1	12.27	12.27
Fixation R	1	6	3608935721	3609361963	426242	725.53	441.47	44	34	-1	12.66	12.66
Saccade L	1	6	3609361963	3609387964	26001	725.93	438.32	792.35	419.72	1.54	104.61	0.54	59.31	4147.78	-4115.17	2953.69
Saccade R	1	6	3609361963	3609387964	26001	725.93	438.32	792.35	419.72	1.54	104.61	0.54	59.31	4147.78	-4115.17	2953.69
Fixation L	1	7	3609387964	3609443950	55986	793.50	430.32	7	20	-1	12.27	12.27
Fixation R	1	7	3609387964	3609443950	55986	793.50	430.32	7	20	-1	12.70	12.70
Fixation L	1	8	3609476095	3609860202	384107	798.00	438.47	27	37	-1	12.36	12.36
Fixation R	1	8	3609476095	3609860202	384107	798.00	438.47	27	37	-1	12.80	12.80
Saccade L	1	7	3609876185	3609918185	42000	808.36	443.76	805.52	453.32	8.75	314.80	0.68	208.25	13679.65	-5671.47	7727.12
Saccade R	1	7	3609876185	3609918185	42000	808.36	443.76	805.52	453.32	8.75	314.80	0.68	208.25	13679.65	-5671.47	7727.12
Saccade L	1	8	3609918185	3609952186	34001	805.52	453.32	819.15	433.97	7.14	312.06	0.76	209.96	5978.23	-14399.12	7723.86
Saccade R	1	8	3609918185	3609952186	34001	805.52	453.32	819.15	433.97	7.14	312.06	0.76	209.96	5978.23	-14399.12	7723.86
Fixation L	1	9	3609952186	3610050537	98351	826.87	428.77	11	25	-1	12.28	12.28
Fixation R	1	9	3609952186	3610050537	98351	826.87	428.77	11	25	-1	12.75	12.75
Saccade L	1	9	3610050537	3610080173	29636	824.93	442.18	869.49	469.87	1.32	67.21	0.69	44.54	2479.51	-25.92	1018.97
Saccade R	1	9	3610050537	3610080173	29636	824.93	442.18	869.49	469.87	1.32	67.21	0.69	44.54	2479.51	-25.92	1018.97
Saccade L	1	10	3610080173	3610102301	22128	869.49	469.87	830.75	440.20	0.94	75.88	0.46	42.52	117.29	-2752.06	999.75
Saccade R	1	10	3610080173	3610102301	22128	869.49	469.87	830.75	440.20	0.94	75.88	0.46	42.52	117.29	-2752.06	999.75
Fixation L	1	10	3610184295	3610250295	66000	823.44	438.53	24	27	-1	12.22	12.22
Fixation R	1	10	3610184295	3610250295	66000	823.44	438.53	24	27	-1	12.85	12.85
Saccade L	1	11	3610250295	3610279083	28788	815.16	437.62	902.71	444.42	1.96	121.23	0.49	68.02	4638.68	-4247.60	3262.76
Saccade R	1	11	3610250295	3610279083	28788	815.16	437.62	902.71	444.42	1.96	121.23	0.49	68.02	4638.68	-4247.60	3262.76
Fixation L	1	11	3610279083	3610334291	55208	900.30	434.49	12	15	-1	12.36	12.36
Fixation R	1	11	3610279083	3610334291	55208	900.30	434.49	12	15	-1	12.99	12.99
Saccade L	1	12	3610334291	3610366413	32122	897.28	431.32	899.04	425.08	8.71	323.16	0.37	271.25	15820.65	-15256.94	12134.70
Saccade R	1	12	3610334291	3610366413	32122	897.28	431.32	899.04	425.08	8.71	323.16	0.37	271.25	15820.65	-15256.94	12134.70
Fixation L	1	12	3610366413	3610435464	69051	896.34	435.33	47	30	-1	12.45	12.45
Fixation R	1	12	3610366413	3610435464	69051	896.34	435.33	47	30	-1	13.04	13.04
Fixation L	1	13	3610468578	3610633923	165345	887.19	439.38	67	31	-1	12.49	12.49
Fixation R	1	13	3610468578	3610633923	165345	887.19	439.38	67	31	-1	13.15	13.15
Saccade L	1	13	3610633923	3610656532	22609	882.81	432.82	920.11	424.63	0.79	49.29	0.38	34.99	1491.24	-1630.05	1110.70
Saccade R	1	13	3610633923	3610656532	22609	882.81	432.82	920.11	424.63	0.79	49.29	0.38	34.99	1491.24	-1630.05	1110.70
Fixation L	1	14	3610656532	3610800541	144009	916.80	432.91	18	30	-1	12.54	12.54
Fixation R	1	14	3610656532	3610800541	144009	916.80	432.91	18	30	-1	13.21	13.21
Saccade L	1	14	3610800541	3610854525	53984	912.18	444.87	865.68	421.29	1.87	57.52	0.22	34.58	1995.67	-1217.55	845.31
Saccade R	1	14	3610800541	3610854525	53984	912.18	444.87	865.68	421.29	1.87	57.52	0.22	34.58	1995.67	-1217.55	845.31
Fixation L	1	15	3610854525	3610980643	126118	874.84	430.58	18	17	-1	12.43	12.43
Fixation R	1	15	3610854525	3610980643	126118	874.84	430.58	18	17	-1	13.23	13.23
Saccade L	1	15	3610980643	3611016644	36001	875.04	439.24	952.69	441.11	1.71	85.56	0.39	47.50	3518.41	-2974.80	2267.89
Saccade R	1	15	3610980643	3611016644	36001	875.04	439.24	952.69	441.11	1.71	85.56	0.39	47.50	3518.41	-2974.80	2267.89
Fixation L	1	16	3611016644	3611202758	186114	956.73	443.82	35	35	-1	12.68	12.68
Fixation R	1	16	3611016644	3611202758	186114	956.73	443.82	35	35	-1	13.20	13.20
Blink L	1	1	3611202758	3611316770	114012
Blink R	1	1	3611202758	3611316770	114012
Fixation L	1	17	3611316770	3611368766	51996	1038.93	421.55	14	18	-1	12.93	12.93
Fixation R	1	17	3611316770	3611368766	51996	1038.93	421.55	14	18	-1	13.37	13.37
Saccade L	1	16	3611368766	3611414758	45992	1034.60	431.76	1094.66	384.66	37.35	1878.36	0.48	812.21	67332.24	-70672.86	45343.03
Saccade R	1	16	3611368766	3611414758	45992	1034.60	431.76	1094.66	384.66	37.35	1878.36	0.48	812.21	67332.24	-70672.86	45343.03
Saccade L	1	17	3611443005	3611496879	53874	1081.01	383.70	1076.02	463.94	3.27	126.84	0.56	60.60	2545.02	-3147.80	1472.38
Saccade R	1	17	3611443005	3611496879	53874	1081.01	383.70	1076.02	463.94	3.27	126.84	0.56	60.60	2545.02	-3147.80	1472.38
Saccade L	1	18	3611496879	3611535122	38243	1076.02	463.94	1130.44	402.49	2.09	86.42	0.52	54.67	1658.87	-3101.62	1648.28
Saccade R	1	18	3611496879	3611535122	38243	1076.02	463.94	1130.44	402.49	2.09	86.42	0.52	54.67	1658.87	-3101.62	1648.28
Saccade L	1	19	3611540873	3611563018	22145	1129.05	399.50	1087.08	408.46	0.96	71.97	0.45	43.16	1629.46	-2056.18	1285.31
Saccade R	1	19	3611540873	3611563018	22145	1129.05	399.50	1087.08	408.46	0.96	71.97	0.45	43.16	1629.46	-2056.18	1285.31
Fixation L	1	18	3611563018	3611702872	139854	1073.79	433.74	26	54	-1	12.71	12.71
Fixation R	1	18	3611563018	3611702872	139854	1073.79	433.74	26	54	-1	13.18	13.18
Saccade L	1	20	3611702872	3611744950	42078	1078.61	442.05	1142.39	429.56	1.94	96.51	0.67	46.04	2753.63	-3888.60	1941.71
Saccade R	1	20	3611702872	3611744950	42078	1078.61	442.05	1142.39	429.56	1.94	96.51	0.67	46.04	2753.63	-3888.60	1941.71
Fixation L	1	19	3611744950	3612029104	284154	1136.90	429.90	41	28	-1	12.68	12.68
Fixation R	1	19	3611744950	3612029104	284154	1136.90	429.90	41	28	-1	13.17	13.17
Saccade L	1	21	3612029104	3612053107	24003	1117.69	437.19	1187.93	434.56	1.47	106.28	0.50	61.16	4126.33	-4039.83	2912.60
Saccade R	1	21	3612029104	3612053107	24003	1117.69	437.19	1187.93	434.56	1.47	106.28	0.50	61.16	4126.33	-4039.83	2912.60
Fixation L	1	20	3612053107	3612209222	156115	1175.46	433.81	18	11	-1	12.89	12.89
Fixation R	1	20	3612053107	3612209222	156115	1175.46	433.81	18	11	-1	13.22	13.22
Saccade L	1	22	3612209222	3612231969	22747	1172.73	440.44	1137.81	418.62	0.91	59.50	0.52	39.81	1993.60	-2002.64	1384.37
Saccade R	1	22	3612209222	3612231969	22747	1172.73	440.44	1137.81	418.62	0.91	59.50	0.52	39.81	1993.60	-2002.64	1384.37
Saccade L	1	23	3612277241	3612303220	25979	1154.12	436.39	1147.87	442.74	8.79	397.58	0.46	338.21	19070.93	-19119.17	14940.87
Saccade R	1	23	3612277241	3612303220	25979	1154.12	436.39	1147.87	442.74	8.79	397.58	0.46	338.21	19070.93	-19119.17	14940.87
Fixation L	1	21	3612303220	3612365223	62003	1137.28	446.02	16	6	-1	12.88	12.88
Fixation R	1	21	3612303220	3612365223	62003	1137.28	446.02	16	6	-1	13.27	13.27
Blink L	1	2	3612365223	3612398097	32874
Blink R	1	2	3612365223	3612398097	32874
Fixation L	1	22	3612398097	3612495233	97136	1124.25	442.50	5	24	-1	12.83	12.83
Fixation R	1	22	3612398097	3612495233	97136	1124.25	442.50	5	24	-1	13.37	13.37
Saccade L	1	24	3612495233	3612523214	27981	1123.16	454.41	1163.34	442.10	0.91	45.94	0.36	32.59	2002.50	-1624.67	1243.84
Saccade R	1	24	3612495233	3612523214	27981	1123.16	454.41	1163.34	442.10	0.91	45.94	0.36	32.59	2002.50	-1624.67	1243.84
Fixation L	1	23	3612523214	3612683366	160152	1141.31	441.10	37	27	-1	12.84	12.84
Fixation R	1	23	3612523214	3612683366	160152	1141.31	441.10	37	27	-1	13.20	13.20
Saccade L	1	25	3612683366	3612705327	21961	1137.40	427.35	1181.01	433.01	0.86	60.69	0.46	39.32	2398.72	-2443.34	1662.76
Saccade R	1	25	3612683366	3612705327	21961	1137.40	427.35	1181.01	433.01	0.86	60.69	0.46	39.32	2398.72	-2443.34	1662.76
Fixation L	1	24	3612705327	3612801456	96129	1176.55	444.32	20	67	-1	12.58	12.58
Fixation R	1	24	3612705327	3612801456	96129	1176.55	444.32	20	67	-1	12.89	12.89
Saccade L	1	26	3612801456	3612829450	27994	1169.94	452.22	1209.32	446.05	0.92	42.29	0.58	33.01	1397.99	-504.05	667.21
Saccade R	1	26	3612801456	3612829450	27994	1169.94	452.22	1209.32	446.05	0.92	42.29	0.58	33.01	1397.99	-504.05	667.21
Saccade L	1	27	3612829450	3612913516	84066	1209.32	446.05	844.18	425.06	28.44	1209.01	0.41	338.25	50553.25	-32546.55	19497.34
Saccade R	1	27	3612829450	3612913516	84066	1209.32	446.05	844.18	425.06	28.44	1209.01	0.41	338.25	50553.25	-32546.55	19497.34
Fixation L	1	25	3612913516	3613063506	149990	849.83	434.79	20	17	-1	12.70	12.70
Fixation R	1	25	3612913516	3613063506	149990	849.83	434.79	20	17	-1	13.02	13.02
Blink L	1	3	3613063506	3613149564	86058
Blink R	1	3	3613063506	3613149564	86058
Fixation L	1	26	3613149564	3613687794	538230	784.32	436.54	36	35	-1	12.50	12.50
Fixation R	1	26	3613149564	3613687794	538230	784.32	436.54	36	35	-1	12.88	12.88
Saccade L	1	28	3613687794	3613713795	26001	791.76	449.52	674.60	448.61	2.36	169.89	0.46	90.67	6594.65	-6099.78	4539.32
Saccade R	1	28	3613687794	3613713795	26001	791.76	449.52	674.60	448.61	2.36	169.89	0.46	90.67	6594.65	-6099.78	4539.32
Fixation L	1	27	3613713795	3614065986	352191	707.04	436.61	43	31	-1	12.23	12.23
Fixation R	1	27	3613713795	3614065986	352191	707.04	436.61	43	31	-1	12.73	12.73
Saccade L	1	29	3614065986	3614088553	22567	695.87	435.24	603.47	434.65	1.95	164.48	0.53	86.39	6335.40	-5671.14	3868.33
Saccade R	1	29	3614065986	3614088553	22567	695.87	435.24	603.47	434.65	1.95	164.48	0.53	86.39	6335.40	-5671.14	3868.33
Fixation L	1	28	3614088553	3614598472	509919	610.77	433.85	34	36	-1	12.28	12.28
Fixation R	1	28	3614088553	3614598472	509919	610.77	433.85	34	36	-1	12.81	12.81
Saccade L	1	30	3614598472	3614624134	25662	613.39	432.32	496.57	450.55	2.33	167.12	0.61	90.72	6731.49	-5759.50	4463.56
Saccade R	1	30	3614598472	3614624134	25662	613.39	432.32	496.57	450.55	2.33	167.12	0.61	90.72	6731.49	-5759.50	4463.56
Fixation L	1	29	3614624134	3614786266	162132	526.70	437.51	39	23	-1	12.21	12.21
Fixation R	1	29	3614624134	3614786266	162132	526.70	437.51	39	23	-1	12.80	12.80
Fixation L	1	30	3614882249	3615008370	126121	914.82	926.56	16	27	-1	12.88	12.88
Fixation R	1	30	3614882249	3615008370	126121	914.82	926.56	16	27	-1	13.51	13.51
Fixation L	1	31	3615028423	3615172451	144028	931.19	965.63	23	34	-1	12.71	12.71
Fixation R	1	31	3615028423	3615172451	144028	931.19	965.63	23	34	-1	13.41	13.41
Saccade L	1	31	3615172451	3615199947	27496	941.23	955.75	890.46	968.48	1.22	72.10	0.51	44.40	2887.11	-2899.24	2044.97
Saccade R	1	31	3615172451	3615199947	27496	941.23	955.75	890.46	968.48	1.22	72.10	0.51	44.40	2887.11	-2899.24	2044.97
Fixation L	1	32	3615199947	3615321777	121830	893.36	969.46	19	30	-1	12.78	12.78
Fixation R	1	32	3615199947	3615321777	121830	893.36	969.46	19	30	-1	13.42	13.42
Fixation L	1	33	3615342482	3615556610	214128	882.96	968.32	24	32	-1	13.17	13.17
Fixation R	1	33	3615342482	3615556610	214128	882.96	968.32	24	32	-1	13.87	13.87
