[BeGaze]
Converted from:	C:\Program Files\SMI\Experiment Suite 360\Experiment Center 2\Results\RC-Attachment-Exp\P20-eye_data.idf
Date:	18.03.2012 20:15:34
Version:	BeGaze 3.0.181
Sample Rate:	500
Subject:	P20
Description:	Run25

Table Header for Fixations:
Event Type	Trial	Number	Start	End	Duration	Location X	Location Y	Dispersion X	Dispersion Y	Plane	Avg. Pupil Size X	Avg. Pupil Size Y

Table Header for Saccades:
Event Type	Trial	Number	Start	End	Duration	Start Loc.X	Start Loc.Y	End Loc.X	End Loc.Y	Amplitude	Peak Speed	Peak Speed At	Average Speed	Peak Accel.	Peak Decel.	Average Accel.

Table Header for Blinks:
Event Type	Trial	Number	Start	End	Duration

Table Header for User Events:
Event Type	Trial	Number	Start	Description

UserEvent	1	1	19139142434	# Message: RC-N2forced-nonanim-2.jpg
Fixation L	1	1	19139146778	19139209318	62540	502.03	435.93	12	3	-1	13.19	13.19
Fixation R	1	1	19139146778	19139209318	62540	502.03	435.93	12	3	-1	12.37	12.37
Blink L	1	1	19139209318	19139335297	125979
Blink R	1	1	19139209318	19139335297	125979
Fixation L	1	2	19139335297	19139855543	520246	508.52	446.77	22	56	-1	13.36	13.36
Fixation R	1	2	19139335297	19139855543	520246	508.52	446.77	22	56	-1	12.93	12.93
Saccade L	1	1	19139855543	19139879531	23988	508.45	443.88	564.30	439.96	1.20	90.01	0.50	50.13	3644.05	-3487.28	2486.78
Saccade R	1	1	19139855543	19139879531	23988	508.45	443.88	564.30	439.96	1.20	90.01	0.50	50.13	3644.05	-3487.28	2486.78
Fixation L	1	3	19139879531	19140041655	162124	573.72	437.36	13	14	-1	13.28	13.28
Fixation R	1	3	19139879531	19140041655	162124	573.72	437.36	13	14	-1	12.88	12.88
Fixation L	1	4	19140059627	19140423740	364113	545.72	432.62	19	24	-1	13.29	13.29
Fixation R	1	4	19140059627	19140423740	364113	545.72	432.62	19	24	-1	12.92	12.92
Saccade L	1	2	19140423740	19140459880	36140	553.84	433.57	619.69	439.79	1.47	57.28	0.39	40.66	2124.69	-1966.35	1517.79
Saccade R	1	2	19140423740	19140459880	36140	553.84	433.57	619.69	439.79	1.47	57.28	0.39	40.66	2124.69	-1966.35	1517.79
Fixation L	1	5	19140459880	19140681854	221974	621.28	442.89	28	26	-1	13.50	13.50
Fixation R	1	5	19140459880	19140681854	221974	621.28	442.89	28	26	-1	13.11	13.11
Saccade L	1	3	19140681854	19140717976	36122	618.21	449.27	662.43	436.89	1.07	49.11	0.28	29.65	1872.93	-1174.77	997.68
Saccade R	1	3	19140681854	19140717976	36122	618.21	449.27	662.43	436.89	1.07	49.11	0.28	29.65	1872.93	-1174.77	997.68
Fixation L	1	6	19140717976	19141042088	324112	664.38	442.23	20	27	-1	13.39	13.39
Fixation R	1	6	19140717976	19141042088	324112	664.38	442.23	20	27	-1	13.01	13.01
Saccade L	1	4	19141042088	19141071837	29749	672.90	449.98	715.10	453.98	0.91	44.21	0.40	30.73	1506.08	-1342.30	1036.79
Saccade R	1	4	19141042088	19141071837	29749	672.90	449.98	715.10	453.98	0.91	44.21	0.40	30.73	1506.08	-1342.30	1036.79
Fixation L	1	7	19141071837	19141966426	894589	740.45	443.78	61	36	-1	12.49	12.49
Fixation R	1	7	19141071837	19141966426	894589	740.45	443.78	61	36	-1	12.12	12.12
Saccade L	1	5	19141966426	19141990429	24003	768.15	451.45	806.97	445.82	0.77	44.46	0.42	32.09	1717.44	-1442.59	1123.47
Saccade R	1	5	19141966426	19141990429	24003	768.15	451.45	806.97	445.82	0.77	44.46	0.42	32.09	1717.44	-1442.59	1123.47
Fixation L	1	8	19141990429	19142222551	232122	809.93	441.18	14	26	-1	12.78	12.78
Fixation R	1	8	19141990429	19142222551	232122	809.93	441.18	14	26	-1	12.41	12.41
Saccade L	1	6	19142222551	19142264556	42005	808.10	440.46	890.03	441.57	1.80	75.86	0.29	42.80	3083.51	-1872.39	1690.08
Saccade R	1	6	19142222551	19142264556	42005	808.10	440.46	890.03	441.57	1.80	75.86	0.29	42.80	3083.51	-1872.39	1690.08
Fixation L	1	9	19142264556	19142486652	222096	892.29	440.86	20	23	-1	13.04	13.04
Fixation R	1	9	19142264556	19142486652	222096	892.29	440.86	20	23	-1	12.73	12.73
Saccade L	1	7	19142486652	19142524659	38007	892.31	448.25	997.69	443.89	8.62	415.88	0.68	226.89	15229.68	-17359.77	11219.42
Saccade R	1	7	19142486652	19142524659	38007	892.31	448.25	997.69	443.89	8.62	415.88	0.68	226.89	15229.68	-17359.77	11219.42
Fixation L	1	10	19142524659	19142700778	176119	1003.97	450.73	13	26	-1	12.82	12.82
Fixation R	1	10	19142524659	19142700778	176119	1003.97	450.73	13	26	-1	12.73	12.73
Saccade L	1	8	19142700778	19142728795	28017	998.51	455.40	1054.65	457.74	1.24	75.19	0.50	44.11	2927.33	-2640.05	2014.38
Saccade R	1	8	19142700778	19142728795	28017	998.51	455.40	1054.65	457.74	1.24	75.19	0.50	44.11	2927.33	-2640.05	2014.38
Fixation L	1	11	19142728795	19142910897	182102	1054.32	450.28	15	28	-1	12.72	12.72
Fixation R	1	11	19142728795	19142910897	182102	1054.32	450.28	15	28	-1	12.52	12.52
Saccade L	1	9	19142910897	19142934914	24017	1052.25	453.82	1126.65	436.97	1.61	123.42	0.50	66.96	4714.88	-4745.81	3281.99
Saccade R	1	9	19142910897	19142934914	24017	1052.25	453.82	1126.65	436.97	1.61	123.42	0.50	66.96	4714.88	-4745.81	3281.99
Fixation L	1	12	19142934914	19143275001	340087	1125.73	436.46	25	26	-1	12.72	12.72
Fixation R	1	12	19142934914	19143275001	340087	1125.73	436.46	25	26	-1	12.45	12.45
Saccade L	1	10	19143275001	19143301003	26002	1112.04	444.93	1016.22	449.01	2.24	164.05	0.55	86.05	6451.75	-6373.88	4450.69
Saccade R	1	10	19143275001	19143301003	26002	1112.04	444.93	1016.22	449.01	2.24	164.05	0.55	86.05	6451.75	-6373.88	4450.69
Fixation L	1	13	19143301003	19143547133	246130	1015.45	439.94	20	20	-1	12.95	12.95
Fixation R	1	13	19143301003	19143547133	246130	1015.45	439.94	20	20	-1	12.65	12.65
Saccade L	1	11	19143547133	19143617199	70066	1006.09	445.09	743.28	407.71	6.17	244.88	0.20	88.13	10735.98	-8695.12	4265.19
Saccade R	1	11	19143547133	19143617199	70066	1006.09	445.09	743.28	407.71	6.17	244.88	0.20	88.13	10735.98	-8695.12	4265.19
Saccade L	1	12	19143617199	19143645126	27927	743.28	407.71	751.95	465.76	1.44	94.88	0.36	51.67	1558.06	-3536.52	1717.95
Saccade R	1	12	19143617199	19143645126	27927	743.28	407.71	751.95	465.76	1.44	94.88	0.36	51.67	1558.06	-3536.52	1717.95
Saccade L	1	13	19143659132	19143697266	38134	754.18	466.27	797.42	456.76	1.41	60.90	0.63	37.03	1792.21	-865.02	1014.30
Saccade R	1	13	19143659132	19143697266	38134	754.18	466.27	797.42	456.76	1.41	60.90	0.63	37.03	1792.21	-865.02	1014.30
Saccade L	1	14	19143697266	19143755229	57963	797.42	456.76	593.80	434.52	5.13	244.10	0.69	88.48	8969.78	-10184.62	5069.36
Saccade R	1	14	19143697266	19143755229	57963	797.42	456.76	593.80	434.52	5.13	244.10	0.69	88.48	8969.78	-10184.62	5069.36
Fixation L	1	14	19143755229	19144013358	258129	586.33	435.03	22	21	-1	13.09	13.09
Fixation R	1	14	19143755229	19144013358	258129	586.33	435.03	22	21	-1	12.61	12.61
Saccade L	1	15	19144013358	19144037347	23989	586.38	442.03	669.79	444.31	1.76	137.64	0.50	73.44	5410.55	-5509.80	3850.90
Saccade R	1	15	19144013358	19144037347	23989	586.38	442.03	669.79	444.31	1.76	137.64	0.50	73.44	5410.55	-5509.80	3850.90
Fixation L	1	15	19144037347	19144487299	449952	669.22	448.56	24	33	-1	12.80	12.80
Fixation R	1	15	19144037347	19144487299	449952	669.22	448.56	24	33	-1	12.37	12.37
Saccade L	1	16	19144487299	19144509572	22273	666.75	450.36	626.70	451.78	0.80	53.12	0.37	35.75	2179.64	-1765.51	1348.25
Saccade R	1	16	19144487299	19144509572	22273	666.75	450.36	626.70	451.78	0.80	53.12	0.37	35.75	2179.64	-1765.51	1348.25
Fixation L	1	16	19144509572	19144719565	209993	628.62	443.86	16	15	-1	12.58	12.58
Fixation R	1	16	19144509572	19144719565	209993	628.62	443.86	16	15	-1	12.16	12.16
Saccade L	1	17	19144719565	19144745710	26145	635.01	452.25	551.56	447.01	1.81	125.52	0.54	69.15	5256.98	-4812.16	3623.10
Saccade R	1	17	19144719565	19144745710	26145	635.01	452.25	551.56	447.01	1.81	125.52	0.54	69.15	5256.98	-4812.16	3623.10
Fixation L	1	17	19144745710	19144951682	205972	557.49	446.78	15	22	-1	12.87	12.87
Fixation R	1	17	19144745710	19144951682	205972	557.49	446.78	15	22	-1	12.41	12.41
Saccade L	1	18	19144951682	19144981701	30019	564.52	448.98	673.05	459.35	2.41	167.38	0.54	80.39	6098.95	-6737.82	4593.05
Saccade R	1	18	19144951682	19144981701	30019	564.52	448.98	673.05	459.35	2.41	167.38	0.54	80.39	6098.95	-6737.82	4593.05
Fixation L	1	18	19144981701	19145199797	218096	668.80	460.42	12	13	-1	13.01	13.01
Fixation R	1	18	19144981701	19145199797	218096	668.80	460.42	12	13	-1	12.59	12.59
Saccade L	1	19	19145199797	19145225802	26005	661.22	457.56	751.38	452.85	1.93	141.29	0.46	74.27	5552.03	-5834.80	4114.95
Saccade R	1	19	19145199797	19145225802	26005	661.22	457.56	751.38	452.85	1.93	141.29	0.46	74.27	5552.03	-5834.80	4114.95
Fixation L	1	19	19145225802	19145517908	292106	748.66	462.47	21	23	-1	13.12	13.12
Fixation R	1	19	19145225802	19145517908	292106	748.66	462.47	21	23	-1	12.71	12.71
Saccade L	1	20	19145517908	19145544037	26129	747.81	455.65	818.01	462.60	1.50	99.72	0.46	57.52	3982.61	-3980.15	2843.20
Saccade R	1	20	19145517908	19145544037	26129	747.81	455.65	818.01	462.60	1.50	99.72	0.46	57.52	3982.61	-3980.15	2843.20
Fixation L	1	20	19145544037	19145698025	153988	824.75	452.92	13	15	-1	13.16	13.16
Fixation R	1	20	19145544037	19145698025	153988	824.75	452.92	13	15	-1	12.84	12.84
Saccade L	1	21	19145698025	19145722040	24015	827.11	453.49	916.95	456.05	1.90	140.43	0.50	79.15	5792.03	-5339.38	3898.31
Saccade R	1	21	19145698025	19145722040	24015	827.11	453.49	916.95	456.05	1.90	140.43	0.50	79.15	5792.03	-5339.38	3898.31
Fixation L	1	21	19145722040	19145912189	190149	927.01	448.14	24	14	-1	13.15	13.15
Fixation R	1	21	19145722040	19145912189	190149	927.01	448.14	24	14	-1	12.89	12.89
Saccade L	1	22	19145912189	19145946181	33992	933.72	454.10	1016.95	453.30	1.80	99.64	0.42	52.88	4218.07	-3537.05	2757.84
Saccade R	1	22	19145912189	19145946181	33992	933.72	454.10	1016.95	453.30	1.80	99.64	0.42	52.88	4218.07	-3537.05	2757.84
Fixation L	1	22	19145946181	19146094136	147955	1021.50	449.57	9	21	-1	13.13	13.13
Fixation R	1	22	19145946181	19146094136	147955	1021.50	449.57	9	21	-1	12.85	12.85
Saccade L	1	23	19146094136	19146124273	30137	1022.22	456.33	1119.92	443.47	2.13	136.17	0.43	70.64	5397.60	-5419.38	3871.74
Saccade R	1	23	19146094136	19146124273	30137	1022.22	456.33	1119.92	443.47	2.13	136.17	0.43	70.64	5397.60	-5419.38	3871.74
Fixation L	1	23	19146124273	19146464370	340097	1124.59	433.21	24	22	-1	12.93	12.93
Fixation R	1	23	19146124273	19146464370	340097	1124.59	433.21	24	22	-1	12.67	12.67
Saccade L	1	24	19146464370	19146562392	98022	1134.08	436.72	945.67	987.35	13.66	380.64	0.20	139.32	17199.85	-7818.32	5825.65
Saccade R	1	24	19146464370	19146562392	98022	1134.08	436.72	945.67	987.35	13.66	380.64	0.20	139.32	17199.85	-7818.32	5825.65
Fixation L	1	24	19146562392	19146706584	144192	948.51	997.00	15	25	-1	13.32	13.32
Fixation R	1	24	19146562392	19146706584	144192	948.51	997.00	15	25	-1	12.88	12.88
Saccade L	1	25	19146706584	19146728527	21943	945.19	998.81	872.50	1008.73	1.49	125.37	0.54	67.91	4660.93	-4200.68	2998.38
Saccade R	1	25	19146706584	19146728527	21943	945.19	998.81	872.50	1008.73	1.49	125.37	0.54	67.91	4660.93	-4200.68	2998.38
Fixation L	1	25	19146728527	19147022599	294072	881.46	1016.53	24	38	-1	13.51	13.51
Fixation R	1	25	19146728527	19147022599	294072	881.46	1016.53	24	38	-1	13.00	13.00
