[BeGaze]
Converted from:	C:\Program Files\SMI\Experiment Suite 360\Experiment Center 2\Results\RC-Attachment-Exp\P31-eye_data.idf
Date:	18.03.2012 20:27:06
Version:	BeGaze 3.0.181
Sample Rate:	500
Subject:	P31
Description:	Run36

Table Header for Fixations:
Event Type	Trial	Number	Start	End	Duration	Location X	Location Y	Dispersion X	Dispersion Y	Plane	Avg. Pupil Size X	Avg. Pupil Size Y

Table Header for Saccades:
Event Type	Trial	Number	Start	End	Duration	Start Loc.X	Start Loc.Y	End Loc.X	End Loc.Y	Amplitude	Peak Speed	Peak Speed At	Average Speed	Peak Accel.	Peak Decel.	Average Accel.

Table Header for Blinks:
Event Type	Trial	Number	Start	End	Duration

Table Header for User Events:
Event Type	Trial	Number	Start	Description

UserEvent	1	1	5038735461	# Message: RC-N2forced-nonanim-3x.jpg
Fixation L	1	1	5038736263	5039041902	305639	517.86	479.01	17	31	-1	10.96	10.96
Fixation R	1	1	5038736263	5039041902	305639	517.86	479.01	17	31	-1	11.37	11.37
Saccade L	1	1	5039041902	5039065903	24001	511.34	467.26	553.82	446.08	0.97	61.24	0.42	40.45	2516.51	-2435.56	1729.86
Saccade R	1	1	5039041902	5039065903	24001	511.34	467.26	553.82	446.08	0.97	61.24	0.42	40.45	2516.51	-2435.56	1729.86
Fixation L	1	2	5039065903	5039214042	148139	554.39	444.96	16	6	-1	10.85	10.85
Fixation R	1	2	5039065903	5039214042	148139	554.39	444.96	16	6	-1	11.30	11.30
Saccade L	1	2	5039214042	5039260024	45982	543.53	444.43	647.55	446.62	2.30	93.89	0.26	50.04	3783.80	-2168.54	1911.31
Saccade R	1	2	5039214042	5039260024	45982	543.53	444.43	647.55	446.62	2.30	93.89	0.26	50.04	3783.80	-2168.54	1911.31
Fixation L	1	3	5039260024	5039370008	109984	638.26	449.12	21	15	-1	10.54	10.54
Fixation R	1	3	5039260024	5039370008	109984	638.26	449.12	21	15	-1	11.08	11.08
Saccade L	1	3	5039370008	5039394014	24006	631.88	439.03	698.60	433.42	1.59	120.08	0.58	66.38	4600.81	-4457.11	3098.16
Saccade R	1	3	5039370008	5039394014	24006	631.88	439.03	698.60	433.42	1.59	120.08	0.58	66.38	4600.81	-4457.11	3098.16
Fixation L	1	4	5039394014	5039548128	154114	707.61	435.41	23	13	-1	10.53	10.53
Fixation R	1	4	5039394014	5039548128	154114	707.61	435.41	23	13	-1	10.94	10.94
Saccade L	1	4	5039548128	5039570299	22171	718.11	432.06	669.28	427.74	1.00	70.20	0.45	45.18	2586.61	-2688.58	1745.44
Saccade R	1	4	5039548128	5039570299	22171	718.11	432.06	669.28	427.74	1.00	70.20	0.45	45.18	2586.61	-2688.58	1745.44
Fixation L	1	5	5039570299	5039714127	143828	671.16	425.46	12	19	-1	10.38	10.38
Fixation R	1	5	5039570299	5039714127	143828	671.16	425.46	12	19	-1	10.94	10.94
Saccade L	1	5	5039714127	5039742245	28118	678.06	438.59	755.83	432.99	1.67	101.71	0.43	59.35	4007.87	-3985.36	2904.85
Saccade R	1	5	5039714127	5039742245	28118	678.06	438.59	755.83	432.99	1.67	101.71	0.43	59.35	4007.87	-3985.36	2904.85
Fixation L	1	6	5039742245	5039920247	178002	757.88	437.56	14	35	-1	10.48	10.48
Fixation R	1	6	5039742245	5039920247	178002	757.88	437.56	14	35	-1	10.91	10.91
Saccade L	1	6	5039920247	5039948246	27999	755.95	461.38	824.50	452.20	1.56	95.26	0.43	55.71	3545.17	-3747.20	2634.89
Saccade R	1	6	5039920247	5039948246	27999	755.95	461.38	824.50	452.20	1.56	95.26	0.43	55.71	3545.17	-3747.20	2634.89
Fixation L	1	7	5039948246	5040332478	384232	815.74	458.81	20	42	-1	10.48	10.48
Fixation R	1	7	5039948246	5040332478	384232	815.74	458.81	20	42	-1	11.02	11.02
Saccade L	1	7	5040332478	5040360492	28014	816.27	473.11	725.01	465.83	2.14	141.01	0.50	76.32	5903.93	-5141.41	3887.91
Saccade R	1	7	5040332478	5040360492	28014	816.27	473.11	725.01	465.83	2.14	141.01	0.50	76.32	5903.93	-5141.41	3887.91
Fixation L	1	8	5040360492	5040526475	165983	714.32	463.96	23	31	-1	10.71	10.71
Fixation R	1	8	5040360492	5040526475	165983	714.32	463.96	23	31	-1	11.06	11.06
Saccade L	1	8	5040526475	5040562613	36138	712.65	445.35	849.61	448.18	2.98	174.64	0.39	82.49	7112.07	-6589.86	4663.00
Saccade R	1	8	5040526475	5040562613	36138	712.65	445.35	849.61	448.18	2.98	174.64	0.39	82.49	7112.07	-6589.86	4663.00
Fixation L	1	9	5040562613	5040966705	404092	840.63	444.37	46	44	-1	10.77	10.77
Fixation R	1	9	5040562613	5040966705	404092	840.63	444.37	46	44	-1	11.38	11.38
Saccade L	1	9	5040966705	5041002713	36008	832.22	446.82	651.21	453.61	4.15	243.84	0.45	115.23	10123.22	-9906.24	7129.09
Saccade R	1	9	5040966705	5041002713	36008	832.22	446.82	651.21	453.61	4.15	243.84	0.45	115.23	10123.22	-9906.24	7129.09
Fixation L	1	10	5041002713	5041208830	206117	653.22	463.54	26	21	-1	10.85	10.85
Fixation R	1	10	5041002713	5041208830	206117	653.22	463.54	26	21	-1	11.55	11.55
Saccade L	1	10	5041208830	5041230822	21992	669.35	468.12	738.93	457.05	1.53	125.29	0.51	69.72	4803.47	-4944.34	3320.14
Saccade R	1	10	5041208830	5041230822	21992	669.35	468.12	738.93	457.05	1.53	125.29	0.51	69.72	4803.47	-4944.34	3320.14
Fixation L	1	11	5041230822	5041420946	190124	746.65	464.13	20	16	-1	10.72	10.72
Fixation R	1	11	5041230822	5041420946	190124	746.65	464.13	20	16	-1	11.60	11.60
Saccade L	1	11	5041420946	5041442950	22004	752.83	460.83	665.60	455.58	1.82	153.42	0.55	82.61	6236.26	-5700.35	3982.51
Saccade R	1	11	5041420946	5041442950	22004	752.83	460.83	665.60	455.58	1.82	153.42	0.55	82.61	6236.26	-5700.35	3982.51
Fixation L	1	12	5041442950	5041749159	306209	668.67	454.18	39	47	-1	10.94	10.94
Fixation R	1	12	5041442950	5041749159	306209	668.67	454.18	39	47	-1	11.63	11.63
Saccade L	1	12	5041749159	5041784421	35262	675.35	477.57	729.06	453.06	1.47	75.88	0.28	41.65	2614.06	-1992.42	1576.45
Saccade R	1	12	5041749159	5041784421	35262	675.35	477.57	729.06	453.06	1.47	75.88	0.28	41.65	2614.06	-1992.42	1576.45
Fixation L	1	13	5041784421	5041937244	152823	735.97	453.71	25	9	-1	10.95	10.95
Fixation R	1	13	5041784421	5041937244	152823	735.97	453.71	25	9	-1	11.55	11.55
Saccade L	1	13	5041937244	5041967177	29933	754.38	456.69	880.57	456.16	2.73	184.96	0.53	91.21	7392.42	-7497.56	5390.61
Saccade R	1	13	5041937244	5041967177	29933	754.38	456.69	880.57	456.16	2.73	184.96	0.53	91.21	7392.42	-7497.56	5390.61
Fixation L	1	14	5041967177	5042315287	348110	881.52	459.11	36	26	-1	10.85	10.85
Fixation R	1	14	5041967177	5042315287	348110	881.52	459.11	36	26	-1	11.45	11.45
Saccade L	1	14	5042315287	5042345319	30032	894.89	462.51	980.47	457.68	1.87	117.75	0.47	62.41	5003.64	-4273.87	3365.53
Saccade R	1	14	5042315287	5042345319	30032	894.89	462.51	980.47	457.68	1.87	117.75	0.47	62.41	5003.64	-4273.87	3365.53
Fixation L	1	15	5042345319	5042613539	268220	983.42	453.53	22	16	-1	10.74	10.74
Fixation R	1	15	5042345319	5042613539	268220	983.42	453.53	22	16	-1	11.30	11.30
Saccade L	1	15	5042613539	5042641416	27877	982.39	449.15	1094.40	470.19	2.51	172.06	0.50	90.21	6845.58	-6985.72	5016.12
Saccade R	1	15	5042613539	5042641416	27877	982.39	449.15	1094.40	470.19	2.51	172.06	0.50	90.21	6845.58	-6985.72	5016.12
Fixation L	1	16	5042641416	5042855752	214336	1106.46	455.86	23	21	-1	10.50	10.50
Fixation R	1	16	5042641416	5042855752	214336	1106.46	455.86	23	21	-1	11.25	11.25
Saccade L	1	16	5042855752	5042921558	65806	1113.17	452.96	727.00	463.85	8.86	369.95	0.24	134.66	16009.06	-12447.66	7220.36
Saccade R	1	16	5042855752	5042921558	65806	1113.17	452.96	727.00	463.85	8.86	369.95	0.24	134.66	16009.06	-12447.66	7220.36
Fixation L	1	17	5042921558	5043065638	144080	732.03	451.47	15	23	-1	10.57	10.57
Fixation R	1	17	5042921558	5043065638	144080	732.03	451.47	15	23	-1	10.94	10.94
Saccade L	1	17	5043065638	5043117642	52004	727.32	440.45	917.67	863.20	11.00	414.95	0.42	211.48	18051.94	-16689.20	12197.33
Saccade R	1	17	5043065638	5043117642	52004	727.32	440.45	917.67	863.20	11.00	414.95	0.42	211.48	18051.94	-16689.20	12197.33
Fixation L	1	18	5043117642	5044474217	1356575	907.93	897.98	65	63	-1	10.03	10.03
Fixation R	1	18	5043117642	5044474217	1356575	907.93	897.98	65	63	-1	11.06	11.06
Saccade L	1	18	5044474217	5044504455	30238	906.93	887.36	867.73	872.36	0.92	40.60	0.33	30.53	1370.52	-1442.11	1050.95
Saccade R	1	18	5044474217	5044504455	30238	906.93	887.36	867.73	872.36	0.92	40.60	0.33	30.53	1370.52	-1442.11	1050.95
Fixation L	1	19	5044504455	5044636338	131883	859.20	871.63	14	7	-1	10.12	10.12
Fixation R	1	19	5044504455	5044636338	131883	859.20	871.63	14	7	-1	10.99	10.99
Saccade L	1	19	5044636338	5044660593	24255	861.98	875.84	898.00	877.29	0.78	47.03	0.49	32.21	1677.46	-1590.02	1086.33
Saccade R	1	19	5044636338	5044660593	24255	861.98	875.84	898.00	877.29	0.78	47.03	0.49	32.21	1677.46	-1590.02	1086.33
Fixation L	1	20	5044660593	5044922457	261864	898.97	878.33	45	16	-1	10.43	10.43
Fixation R	1	20	5044660593	5044922457	261864	898.97	878.33	45	16	-1	11.09	11.09
Blink L	1	1	5044931720	5045120579	188859
Blink R	1	1	5044931720	5045120579	188859
Saccade L	1	20	5045150574	5045182587	32013	898.63	915.29	913.43	867.57	0.96	42.49	0.38	29.90	704.64	-1323.51	731.55
Saccade R	1	20	5045150574	5045182587	32013	898.63	915.29	913.43	867.57	0.96	42.49	0.38	29.90	704.64	-1323.51	731.55
Fixation L	1	21	5045182587	5045560701	378114	906.71	868.96	25	22	-1	10.00	10.00
Fixation R	1	21	5045182587	5045560701	378114	906.71	868.96	25	22	-1	10.51	10.51
