[BeGaze]
Converted from:	C:\Program Files\SMI\Experiment Suite 360\Experiment Center 2\Results\RC-Attachment-Exp\P04-eye_data.idf
Date:	18.03.2012 20:05:19
Version:	BeGaze 3.0.181
Sample Rate:	500
Subject:	P04
Description:	Run9

Table Header for Fixations:
Event Type	Trial	Number	Start	End	Duration	Location X	Location Y	Dispersion X	Dispersion Y	Plane	Avg. Pupil Size X	Avg. Pupil Size Y

Table Header for Saccades:
Event Type	Trial	Number	Start	End	Duration	Start Loc.X	Start Loc.Y	End Loc.X	End Loc.Y	Amplitude	Peak Speed	Peak Speed At	Average Speed	Peak Accel.	Peak Decel.	Average Accel.

Table Header for Blinks:
Event Type	Trial	Number	Start	End	Duration

Table Header for User Events:
Event Type	Trial	Number	Start	Description

UserEvent	1	1	5237533915	# Message: RC-N2forced-nonanim-3x.jpg
Fixation L	1	1	5237536122	5237996840	460718	513.58	443.68	40	40	-1	13.36	13.36
Fixation R	1	1	5237536122	5237996840	460718	513.58	443.68	40	40	-1	12.94	12.94
Saccade L	1	1	5238075480	5238101333	25853	511.89	439.83	568.61	440.89	1.16	76.67	0.46	44.88	2937.51	-3040.21	2125.89
Saccade R	1	1	5238075480	5238101333	25853	511.89	439.83	568.61	440.89	1.16	76.67	0.46	44.88	2937.51	-3040.21	2125.89
Fixation L	1	2	5238101333	5238359444	258111	578.15	438.89	16	18	-1	13.77	13.77
Fixation R	1	2	5238101333	5238359444	258111	578.15	438.89	16	18	-1	13.37	13.37
Saccade L	1	2	5238359444	5238387454	28010	583.58	431.89	612.82	473.18	1.11	61.84	0.43	39.54	2587.19	-2364.46	1765.50
Saccade R	1	2	5238359444	5238387454	28010	583.58	431.89	612.82	473.18	1.11	61.84	0.43	39.54	2587.19	-2364.46	1765.50
Saccade L	1	3	5238429886	5238471593	41707	589.55	477.28	667.46	440.18	2.32	121.37	0.28	55.54	3869.48	-4068.98	2549.20
Saccade R	1	3	5238429886	5238471593	41707	589.55	477.28	667.46	440.18	2.32	121.37	0.28	55.54	3869.48	-4068.98	2549.20
Fixation L	1	3	5238471593	5238931688	460095	659.13	427.38	694	447	-1	14.27	14.27
Fixation R	1	3	5238471593	5238931688	460095	659.13	427.38	694	447	-1	13.77	13.77
Saccade L	1	4	5238931688	5238963701	32013	681.56	444.67	750.15	447.49	20.61	1141.98	0.62	643.79	39885.08	-44623.67	29438.99
Saccade R	1	4	5238931688	5238963701	32013	681.56	444.67	750.15	447.49	20.61	1141.98	0.62	643.79	39885.08	-44623.67	29438.99
Fixation L	1	4	5238963701	5239281930	318229	741.89	442.05	14	12	-1	15.21	15.21
Fixation R	1	4	5238963701	5239281930	318229	741.89	442.05	14	12	-1	14.55	14.55
Saccade L	1	5	5239281930	5239311924	29994	741.07	450.02	805.64	440.22	1.44	87.34	0.47	48.17	3481.56	-3295.84	2419.38
Saccade R	1	5	5239281930	5239311924	29994	741.07	450.02	805.64	440.22	1.44	87.34	0.47	48.17	3481.56	-3295.84	2419.38
Fixation L	1	5	5239311924	5239922165	610241	821.49	435.24	39	18	-1	14.23	14.23
Fixation R	1	5	5239311924	5239922165	610241	821.49	435.24	39	18	-1	13.54	13.54
Saccade L	1	6	5239922165	5239948190	26025	836.67	437.08	912.90	439.03	1.69	118.67	0.54	65.05	4924.79	-4859.58	3482.91
Saccade R	1	6	5239922165	5239948190	26025	836.67	437.08	912.90	439.03	1.69	118.67	0.54	65.05	4924.79	-4859.58	3482.91
Fixation L	1	6	5239948190	5240130286	182096	916.59	437.52	14	15	-1	14.38	14.38
Fixation R	1	6	5239948190	5240130286	182096	916.59	437.52	14	15	-1	13.75	13.75
Saccade L	1	7	5240130286	5240156407	26121	906.80	438.60	968.69	432.70	1.34	92.57	0.50	51.35	3696.08	-3542.83	2596.53
Saccade R	1	7	5240130286	5240156407	26121	906.80	438.60	968.69	432.70	1.34	92.57	0.50	51.35	3696.08	-3542.83	2596.53
Fixation L	1	7	5240156407	5240570405	413998	981.15	434.79	38	16	-1	14.31	14.31
Fixation R	1	7	5240156407	5240570405	413998	981.15	434.79	38	16	-1	13.67	13.67
Saccade L	1	8	5240570405	5240600560	30155	1002.17	427.30	1091.85	425.80	1.92	115.39	0.46	63.55	4898.61	-4637.03	3491.28
Saccade R	1	8	5240570405	5240600560	30155	1002.17	427.30	1091.85	425.80	1.92	115.39	0.46	63.55	4898.61	-4637.03	3491.28
Fixation L	1	8	5240600560	5240870642	270082	1087.25	434.86	18	24	-1	14.30	14.30
Fixation R	1	8	5240600560	5240870642	270082	1087.25	434.86	18	24	-1	13.52	13.52
Saccade L	1	9	5240870642	5240892689	22047	1089.80	429.11	1125.20	438.80	0.77	48.13	0.48	34.72	1890.87	-1876.96	1288.52
Saccade R	1	9	5240870642	5240892689	22047	1089.80	429.11	1125.20	438.80	0.77	48.13	0.48	34.72	1890.87	-1876.96	1288.52
Fixation L	1	9	5240892689	5241446894	554205	1124.33	430.56	29	28	-1	13.95	13.95
Fixation R	1	9	5240892689	5241446894	554205	1124.33	430.56	29	28	-1	13.24	13.24
Saccade L	1	10	5241446894	5241526882	79988	1129.11	428.54	863.84	889.60	12.51	334.61	0.23	156.42	15051.01	-9887.91	6666.79
Saccade R	1	10	5241446894	5241526882	79988	1129.11	428.54	863.84	889.60	12.51	334.61	0.23	156.42	15051.01	-9887.91	6666.79
Fixation L	1	10	5241526882	5241620901	94019	857.49	874.64	12	37	-1	14.04	14.04
Fixation R	1	10	5241526882	5241620901	94019	857.49	874.64	12	37	-1	13.04	13.04
Saccade L	1	11	5241620901	5241650888	29987	851.37	859.37	909.73	950.02	2.35	149.34	0.53	78.37	6207.33	-6148.24	4457.87
Saccade R	1	11	5241620901	5241650888	29987	851.37	859.37	909.73	950.02	2.35	149.34	0.53	78.37	6207.33	-6148.24	4457.87
Fixation L	1	11	5241650888	5242161142	510254	894.79	950.23	34	27	-1	13.47	13.47
Fixation R	1	11	5241650888	5242161142	510254	894.79	950.23	34	27	-1	12.57	12.57
