[BeGaze]
Converted from:	C:\Program Files\SMI\Experiment Suite 360\Experiment Center 2\Results\RC-Attachment-Exp\P19-eye_data.idf
Date:	18.03.2012 20:14:23
Version:	BeGaze 3.0.181
Sample Rate:	500
Subject:	P19
Description:	Run24

Table Header for Fixations:
Event Type	Trial	Number	Start	End	Duration	Location X	Location Y	Dispersion X	Dispersion Y	Plane	Avg. Pupil Size X	Avg. Pupil Size Y

Table Header for Saccades:
Event Type	Trial	Number	Start	End	Duration	Start Loc.X	Start Loc.Y	End Loc.X	End Loc.Y	Amplitude	Peak Speed	Peak Speed At	Average Speed	Peak Accel.	Peak Decel.	Average Accel.

Table Header for Blinks:
Event Type	Trial	Number	Start	End	Duration

Table Header for User Events:
Event Type	Trial	Number	Start	Description

UserEvent	1	1	17757626769	# Message: Validation.jpg
Saccade L	1	1	17757647516	17757710540	63024	759.63	674.37	562.60	351.27	10.38	317.23	0.33	164.64	10997.58	-8299.15	5649.34
Saccade R	1	1	17757647516	17757710540	63024	759.63	674.37	562.60	351.27	10.38	317.23	0.33	164.64	10997.58	-8299.15	5649.34
Saccade L	1	2	17757752037	17757776185	24148	584.10	349.31	529.99	344.11	1.01	60.75	0.52	41.89	-117.88	-954.39	503.09
Saccade R	1	2	17757752037	17757776185	24148	584.10	349.31	529.99	344.11	1.01	60.75	0.52	41.89	-117.88	-954.39	503.09
Saccade L	1	3	17757776185	17757801918	25733	529.99	344.11	565.76	365.95	0.94	62.82	0.47	36.61	51.40	-1544.60	579.60
Saccade R	1	3	17757776185	17757801918	25733	529.99	344.11	565.76	365.95	0.94	62.82	0.47	36.61	51.40	-1544.60	579.60
Saccade L	1	4	17757848476	17757896528	48052	552.07	341.87	377.98	278.85	4.18	222.94	0.33	87.02	8458.27	-8396.34	4864.47
Saccade R	1	4	17757848476	17757896528	48052	552.07	341.87	377.98	278.85	4.18	222.94	0.33	87.02	8458.27	-8396.34	4864.47
Fixation L	1	1	17757896528	17758432414	535886	394.72	291.66	81	69	-1	14.18	14.18
Fixation R	1	1	17757896528	17758432414	535886	394.72	291.66	81	69	-1	14.30	14.30
Saccade L	1	5	17758432414	17758454456	22042	419.52	279.45	388.19	293.79	0.76	52.88	0.54	34.43	1394.40	-1057.63	876.97
Saccade R	1	5	17758432414	17758454456	22042	419.52	279.45	388.19	293.79	0.76	52.88	0.54	34.43	1394.40	-1057.63	876.97
Fixation L	1	2	17758454456	17758734543	280087	402.48	282.60	33	36	-1	14.20	14.20
Fixation R	1	2	17758454456	17758734543	280087	402.48	282.60	33	36	-1	14.49	14.49
Fixation L	1	3	17758754523	17758814656	60133	389.21	292.15	15	24	-1	14.83	14.83
Fixation R	1	3	17758754523	17758814656	60133	389.21	292.15	15	24	-1	14.96	14.96
Fixation L	1	4	17758834649	17759258274	423625	424.85	304.75	62	57	-1	14.92	14.92
Fixation R	1	4	17758834649	17759258274	423625	424.85	304.75	62	57	-1	15.13	15.13
Saccade L	1	6	17759284753	17759328876	44123	410.61	309.35	385.15	296.62	1.35	41.20	0.54	30.67	411.66	-1112.11	490.87
Saccade R	1	6	17759284753	17759328876	44123	410.61	309.35	385.15	296.62	1.35	41.20	0.54	30.67	411.66	-1112.11	490.87
Saccade L	1	7	17759374872	17759399007	24135	424.26	300.70	402.19	274.14	0.76	45.00	0.41	31.53	460.89	-1132.31	593.29
Saccade R	1	7	17759374872	17759399007	24135	424.26	300.70	402.19	274.14	0.76	45.00	0.41	31.53	460.89	-1132.31	593.29
Fixation L	1	5	17759399007	17759511068	112061	404.49	289.88	26	29	-1	14.53	14.53
Fixation R	1	5	17759399007	17759511068	112061	404.49	289.88	26	29	-1	14.88	14.88
Saccade L	1	8	17759511068	17759536867	25799	380.45	275.11	432.81	308.26	1.09	71.41	0.38	42.17	1448.60	-2092.17	1130.82
Saccade R	1	8	17759511068	17759536867	25799	380.45	275.11	432.81	308.26	1.09	71.41	0.38	42.17	1448.60	-2092.17	1130.82
Saccade L	1	9	17759543350	17759566885	23535	429.81	311.39	400.60	265.02	1.13	76.32	0.58	48.04	2256.83	-1949.55	1531.89
Saccade R	1	9	17759543350	17759566885	23535	429.81	311.39	400.60	265.02	1.13	76.32	0.58	48.04	2256.83	-1949.55	1531.89
Saccade L	1	10	17759646990	17759691086	44096	409.93	289.36	632.61	418.62	6.26	252.29	0.55	142.07	10071.00	-10838.11	7598.10
Saccade R	1	10	17759646990	17759691086	44096	409.93	289.36	632.61	418.62	6.26	252.29	0.55	142.07	10071.00	-10838.11	7598.10
Fixation L	1	6	17759691086	17759790995	99909	648.86	407.87	29	27	-1	14.75	14.75
Fixation R	1	6	17759691086	17759790995	99909	648.86	407.87	29	27	-1	15.28	15.28
Saccade L	1	11	17759790995	17759817065	26070	650.53	420.15	668.34	466.33	1.07	64.04	0.54	41.19	8496.43	-253.19	2061.78
Saccade R	1	11	17759790995	17759817065	26070	650.53	420.15	668.34	466.33	1.07	64.04	0.54	41.19	8496.43	-253.19	2061.78
Saccade L	1	12	17759817065	17759863102	46037	668.34	466.33	1015.42	675.31	9.21	412.06	0.39	200.05	16775.64	-15478.65	11567.48
Saccade R	1	12	17759817065	17759863102	46037	668.34	466.33	1015.42	675.31	9.21	412.06	0.39	200.05	16775.64	-15478.65	11567.48
Fixation L	1	7	17759863102	17759945532	82430	1022.61	664.40	21	42	-1	14.64	14.64
Fixation R	1	7	17759863102	17759945532	82430	1022.61	664.40	21	42	-1	15.26	15.26
Saccade L	1	13	17759945532	17759969106	23574	1034.70	685.91	1041.37	718.60	0.68	40.17	0.49	28.81	714.75	-1189.72	688.57
Saccade R	1	13	17759945532	17759969106	23574	1034.70	685.91	1041.37	718.60	0.68	40.17	0.49	28.81	714.75	-1189.72	688.57
Saccade L	1	14	17760001108	17760039096	37988	1038.88	694.86	1276.77	795.04	6.09	295.52	0.58	160.32	12679.93	-12621.00	9383.16
Saccade R	1	14	17760001108	17760039096	37988	1038.88	694.86	1276.77	795.04	6.09	295.52	0.58	160.32	12679.93	-12621.00	9383.16
Fixation L	1	8	17760039096	17760147095	107999	1272.24	814.51	25	30	-1	14.08	14.08
Fixation R	1	8	17760039096	17760147095	107999	1272.24	814.51	25	30	-1	14.48	14.48
Saccade L	1	15	17760147095	17760169398	22303	1261.97	827.35	1240.74	793.83	0.78	51.94	0.45	34.97	1262.41	-1509.62	990.27
Saccade R	1	15	17760147095	17760169398	22303	1261.97	827.35	1240.74	793.83	0.78	51.94	0.45	34.97	1262.41	-1509.62	990.27
Saccade L	1	16	17760177260	17760211228	33968	1243.80	795.14	1279.42	811.33	1.03	40.96	0.47	30.35	1343.12	-902.04	765.34
Saccade R	1	16	17760177260	17760211228	33968	1243.80	795.14	1279.42	811.33	1.03	40.96	0.47	30.35	1343.12	-902.04	765.34
Saccade L	1	17	17760257250	17760293243	35993	1276.93	790.50	1281.57	839.72	1.29	50.02	0.33	35.86	1397.94	-1398.48	897.10
Saccade R	1	17	17760257250	17760293243	35993	1276.93	790.50	1281.57	839.72	1.29	50.02	0.33	35.86	1397.94	-1398.48	897.10
Saccade L	1	18	17760298332	17760323215	24883	1280.75	837.61	1259.46	806.59	0.83	49.23	0.44	33.31	961.65	-1404.13	889.38
Saccade R	1	18	17760298332	17760323215	24883	1280.75	837.61	1259.46	806.59	0.83	49.23	0.44	33.31	961.65	-1404.13	889.38
Saccade L	1	19	17760347211	17760369209	21998	1258.52	791.17	1279.72	846.93	1.09	85.72	0.46	49.52	2956.90	-2114.88	1720.51
Saccade R	1	19	17760347211	17760369209	21998	1258.52	791.17	1279.72	846.93	1.09	85.72	0.46	49.52	2956.90	-2114.88	1720.51
Saccade L	1	20	17760375777	17760403344	27567	1271.93	847.59	1248.15	817.15	0.89	42.19	0.42	32.44	713.13	-1221.75	726.92
Saccade R	1	20	17760375777	17760403344	27567	1271.93	847.59	1248.15	817.15	0.89	42.19	0.42	32.44	713.13	-1221.75	726.92
Fixation L	1	9	17760403344	17760519322	115978	1276.05	800.06	47	62	-1	13.22	13.22
Fixation R	1	9	17760403344	17760519322	115978	1276.05	800.06	47	62	-1	13.35	13.35
Fixation L	1	10	17760625322	17760905451	280129	1274.42	800.63	64	88	-1	12.77	12.77
Fixation R	1	10	17760625322	17760905451	280129	1274.42	800.63	64	88	-1	12.82	12.82
Saccade L	1	21	17760905451	17760929588	24137	1270.46	801.55	1264.37	757.61	0.87	52.21	0.34	36.08	2151.75	-1847.03	1412.29
Saccade R	1	21	17760905451	17760929588	24137	1270.46	801.55	1264.37	757.61	0.87	52.21	0.34	36.08	2151.75	-1847.03	1412.29
Fixation L	1	11	17760929588	17761045590	116002	1272.04	776.99	31	32	-1	12.76	12.76
Fixation R	1	11	17760929588	17761045590	116002	1272.04	776.99	31	32	-1	12.73	12.73
Saccade L	1	22	17761045590	17761073560	27970	1254.41	758.11	1247.49	617.09	3.17	221.35	0.50	113.49	8439.38	-8105.98	6003.44
Saccade R	1	22	17761045590	17761073560	27970	1254.41	758.11	1247.49	617.09	3.17	221.35	0.50	113.49	8439.38	-8105.98	6003.44
Saccade L	1	23	17761077583	17761117554	39971	1245.70	610.85	1243.45	535.73	1.60	47.35	0.70	40.12	995.14	-3384.86	819.12
Saccade R	1	23	17761077583	17761117554	39971	1245.70	610.85	1243.45	535.73	1.60	47.35	0.70	40.12	995.14	-3384.86	819.12
Saccade L	1	24	17761125582	17761185710	60128	1234.39	537.73	1239.53	491.40	2.46	72.88	0.74	40.95	1735.82	-2049.68	929.28
Saccade R	1	24	17761125582	17761185710	60128	1234.39	537.73	1239.53	491.40	2.46	72.88	0.74	40.95	1735.82	-2049.68	929.28
Saccade L	1	25	17761290585	17761319671	29086	1257.07	426.93	1263.06	393.05	0.82	42.32	0.59	28.21	774.31	-630.61	464.23
Saccade R	1	25	17761290585	17761319671	29086	1257.07	426.93	1263.06	393.05	0.82	42.32	0.59	28.21	774.31	-630.61	464.23
Saccade L	1	26	17761325670	17761371690	46020	1258.54	393.31	1239.45	402.03	11.49	426.05	0.35	249.75	19666.24	-19387.25	14121.52
Saccade R	1	26	17761325670	17761371690	46020	1258.54	393.31	1239.45	402.03	11.49	426.05	0.35	249.75	19666.24	-19387.25	14121.52
Saccade L	1	27	17761377663	17761423662	45999	1238.50	398.40	1250.45	313.55	1.92	74.35	0.26	41.74	2198.84	-13232.38	2339.83
Saccade R	1	27	17761377663	17761423662	45999	1238.50	398.40	1250.45	313.55	1.92	74.35	0.26	41.74	2198.84	-13232.38	2339.83
Fixation L	1	12	17761423662	17761619813	196151	1242.69	299.82	26	31	-1	11.94	11.94
Fixation R	1	12	17761423662	17761619813	196151	1242.69	299.82	26	31	-1	12.03	12.03
Saccade L	1	28	17761619813	17761655928	36115	1254.14	281.46	1257.70	226.70	1.26	57.38	0.66	34.87	1237.71	-1824.86	896.64
Saccade R	1	28	17761619813	17761655928	36115	1254.14	281.46	1257.70	226.70	1.26	57.38	0.66	34.87	1237.71	-1824.86	896.64
Fixation L	1	13	17761655928	17762450287	794359	1251.16	278.13	58	69	-1	12.18	12.18
Fixation R	1	13	17761655928	17762450287	794359	1251.16	278.13	58	69	-1	12.14	12.14
Saccade L	1	29	17762450287	17762558025	107738	1245.83	272.01	701.12	527.27	14.86	453.84	0.26	137.90	17993.18	-18606.49	7073.87
Saccade R	1	29	17762450287	17762558025	107738	1245.83	272.01	701.12	527.27	14.86	453.84	0.26	137.90	17993.18	-18606.49	7073.87
Saccade L	1	30	17762578247	17762632905	54658	700.38	531.41	633.94	572.54	1.90	55.59	0.26	34.84	2119.08	-1419.52	1067.06
Saccade R	1	30	17762578247	17762632905	54658	700.38	531.41	633.94	572.54	1.90	55.59	0.26	34.84	2119.08	-1419.52	1067.06
Fixation L	1	14	17762632905	17762690249	57344	620.21	584.55	32	25	-1	13.73	13.73
Fixation R	1	14	17762632905	17762690249	57344	620.21	584.55	32	25	-1	13.52	13.52
Saccade L	1	31	17762690249	17762748242	57993	606.88	593.30	437.26	742.15	4.98	225.16	0.72	85.82	7771.48	-9683.48	4501.33
Saccade R	1	31	17762690249	17762748242	57993	606.88	593.30	437.26	742.15	4.98	225.16	0.72	85.82	7771.48	-9683.48	4501.33
Saccade L	1	32	17762770076	17762812402	42326	435.09	744.74	461.35	813.10	1.74	67.59	0.52	41.09	2091.13	-2283.85	1630.09
Saccade R	1	32	17762770076	17762812402	42326	435.09	744.74	461.35	813.10	1.74	67.59	0.52	41.09	2091.13	-2283.85	1630.09
Saccade L	1	33	17762837407	17762878641	41234	449.36	812.40	404.10	780.69	1.37	50.97	0.70	33.17	1289.19	-2022.89	1091.09
Saccade R	1	33	17762837407	17762878641	41234	449.36	812.40	404.10	780.69	1.37	50.97	0.70	33.17	1289.19	-2022.89	1091.09
Saccade L	1	34	17762890363	17762920394	30031	402.49	781.94	347.65	826.75	1.75	99.90	0.53	58.38	4138.28	-3711.66	2874.24
Saccade R	1	34	17762890363	17762920394	30031	402.49	781.94	347.65	826.75	1.75	99.90	0.53	58.38	4138.28	-3711.66	2874.24
Fixation L	1	15	17762920394	17763033042	112648	352.23	853.04	18	44	-1	13.45	13.45
Fixation R	1	15	17762920394	17763033042	112648	352.23	853.04	18	44	-1	13.33	13.33
Saccade L	1	35	17763033042	17763058352	25310	356.43	864.28	377.76	833.15	0.81	44.57	0.45	32.06	1410.17	-1476.88	1054.76
Saccade R	1	35	17763033042	17763058352	25310	356.43	864.28	377.76	833.15	0.81	44.57	0.45	32.06	1410.17	-1476.88	1054.76
Fixation L	1	16	17763058352	17763134953	76601	369.68	833.37	11	7	-1	13.25	13.25
Fixation R	1	16	17763058352	17763134953	76601	369.68	833.37	11	7	-1	13.12	13.12
Saccade L	1	36	17763134953	17763160471	25518	369.07	829.85	413.00	816.76	0.93	52.69	0.45	36.28	2045.35	-1944.65	1405.21
Saccade R	1	36	17763134953	17763160471	25518	369.07	829.85	413.00	816.76	0.93	52.69	0.45	36.28	2045.35	-1944.65	1405.21
Fixation L	1	17	17763160471	17763466598	306127	393.74	788.14	44	54	-1	13.05	13.05
Fixation R	1	17	17763160471	17763466598	306127	393.74	788.14	44	54	-1	13.10	13.10
