[BeGaze]
Converted from:	C:\Program Files\SMI\Experiment Suite 360\Experiment Center 2\Results\RC-Attachment-Exp\P30-eye_data.idf
Date:	18.03.2012 20:25:37
Version:	BeGaze 3.0.181
Sample Rate:	500
Subject:	P30
Description:	Run35

Table Header for Fixations:
Event Type	Trial	Number	Start	End	Duration	Location X	Location Y	Dispersion X	Dispersion Y	Plane	Avg. Pupil Size X	Avg. Pupil Size Y

Table Header for Saccades:
Event Type	Trial	Number	Start	End	Duration	Start Loc.X	Start Loc.Y	End Loc.X	End Loc.Y	Amplitude	Peak Speed	Peak Speed At	Average Speed	Peak Accel.	Peak Decel.	Average Accel.

Table Header for Blinks:
Event Type	Trial	Number	Start	End	Duration

Table Header for User Events:
Event Type	Trial	Number	Start	Description

UserEvent	1	1	3989501387	# Message: Dist-orcop-9.jpg
Fixation L	1	1	3989503729	3989684630	180901	487.75	427.47	14	24	-1	13.78	13.78
Fixation R	1	1	3989503729	3989684630	180901	487.75	427.47	14	24	-1	13.18	13.18
Saccade L	1	1	3989684630	3989708629	23999	492.76	425.70	436.29	427.96	1.12	81.47	0.58	46.71	3396.08	-2261.19	2052.64
Saccade R	1	1	3989684630	3989708629	23999	492.76	425.70	436.29	427.96	1.12	81.47	0.58	46.71	3396.08	-2261.19	2052.64
Fixation L	1	2	3989708629	3989788631	80002	464.17	432.28	44	8	-1	13.67	13.67
Fixation R	1	2	3989708629	3989788631	80002	464.17	432.28	44	8	-1	13.07	13.07
Saccade L	1	2	3989788631	3989814859	26228	480.78	437.50	564.03	447.32	1.82	126.72	0.54	69.24	4923.35	-5280.59	3629.65
Saccade R	1	2	3989788631	3989814859	26228	480.78	437.50	564.03	447.32	1.82	126.72	0.54	69.24	4923.35	-5280.59	3629.65
Fixation L	1	3	3989814859	3990164872	350013	555.46	437.75	25	23	-1	13.64	13.64
Fixation R	1	3	3989814859	3990164872	350013	555.46	437.75	25	23	-1	13.09	13.09
Saccade L	1	3	3990164872	3990194873	30001	563.60	429.93	625.10	449.07	1.41	80.81	0.48	47.12	3298.57	-2953.87	2253.43
Saccade R	1	3	3990164872	3990194873	30001	563.60	429.93	625.10	449.07	1.41	80.81	0.48	47.12	3298.57	-2953.87	2253.43
Fixation L	1	4	3990194873	3990384990	190117	620.80	441.93	16	20	-1	13.87	13.87
Fixation R	1	4	3990194873	3990384990	190117	620.80	441.93	16	20	-1	13.49	13.49
Saccade L	1	4	3990384990	3990414700	29710	623.78	439.01	740.30	438.50	2.57	164.05	0.47	86.66	6588.36	-6865.53	4919.82
Saccade R	1	4	3990384990	3990414700	29710	623.78	439.01	740.30	438.50	2.57	164.05	0.47	86.66	6588.36	-6865.53	4919.82
Fixation L	1	5	3990414700	3990659133	244433	734.08	435.77	14	20	-1	13.86	13.86
Fixation R	1	5	3990414700	3990659133	244433	734.08	435.77	14	20	-1	13.51	13.51
Saccade L	1	5	3990659133	3990687135	28002	741.01	429.57	837.55	429.07	2.41	169.58	0.57	86.11	6207.21	-6282.51	4368.40
Saccade R	1	5	3990659133	3990687135	28002	741.01	429.57	837.55	429.07	2.41	169.58	0.57	86.11	6207.21	-6282.51	4368.40
Fixation L	1	6	3990687135	3990927268	240133	835.90	429.77	20	23	-1	14.01	14.01
Fixation R	1	6	3990687135	3990927268	240133	835.90	429.77	20	23	-1	13.65	13.65
Saccade L	1	6	3990927268	3990957245	29977	832.36	438.95	946.23	426.85	2.47	157.39	0.53	82.34	6507.61	-6588.88	4845.36
Saccade R	1	6	3990927268	3990957245	29977	832.36	438.95	946.23	426.85	2.47	157.39	0.53	82.34	6507.61	-6588.88	4845.36
Fixation L	1	7	3990957245	3991205353	248108	949.91	426.61	19	20	-1	13.90	13.90
Fixation R	1	7	3990957245	3991205353	248108	949.91	426.61	19	20	-1	13.64	13.64
Saccade L	1	7	3991205353	3991233377	28024	955.43	413.98	1072.62	416.50	2.51	179.01	0.50	89.74	6974.24	-7349.12	5229.71
Saccade R	1	7	3991205353	3991233377	28024	955.43	413.98	1072.62	416.50	2.51	179.01	0.50	89.74	6974.24	-7349.12	5229.71
Fixation L	1	8	3991233377	3991525492	292115	1068.82	439.92	17	36	-1	13.84	13.84
Fixation R	1	8	3991233377	3991525492	292115	1068.82	439.92	17	36	-1	13.54	13.54
Saccade L	1	8	3991525492	3991553469	27977	1066.47	434.26	1169.93	419.31	2.23	152.10	0.43	79.73	6267.55	-6071.10	4455.21
Saccade R	1	8	3991525492	3991553469	27977	1066.47	434.26	1169.93	419.31	2.23	152.10	0.43	79.73	6267.55	-6071.10	4455.21
Fixation L	1	9	3991553469	3991919733	366264	1156.47	428.84	28	41	-1	13.73	13.73
Fixation R	1	9	3991553469	3991919733	366264	1156.47	428.84	28	41	-1	13.39	13.39
Saccade L	1	9	3991919733	3991973715	53982	1162.41	442.11	0.00	0.00	33.09	2271.00	0.78	613.05	79787.94	-87520.19	40006.35
Blink R	1	1	3991919733	3992007818	88085
Blink L	1	1	3991987713	3992049719	62006
Blink R	1	2	3992007818	3992127717	119899
Saccade L	1	10	3992067708	3992127717	60009	0.00	0.00	1044.06	904.11	37.78	2292.53	0.33	629.56	88546.57	-80063.94	41332.11
Fixation L	1	10	3992197707	3992284141	86434	932.21	998.79	5	14	-1	14.28	14.28
Fixation R	1	10	3992197707	3992284141	86434	932.21	998.79	5	14	-1	14.01	14.01
Saccade L	1	11	3992284141	3992307996	23855	928.41	988.57	911.14	960.15	0.74	44.20	0.49	31.22	1449.41	-1723.15	1124.90
Saccade R	1	9	3992284141	3992307996	23855	928.41	988.57	911.14	960.15	0.74	44.20	0.49	31.22	1449.41	-1723.15	1124.90
Fixation L	1	11	3992307996	3992615955	307959	918.98	964.53	24	31	-1	14.90	14.90
Fixation R	1	11	3992307996	3992615955	307959	918.98	964.53	24	31	-1	14.83	14.83
