[BeGaze]
Converted from:	C:\Program Files\SMI\Experiment Suite 360\Experiment Center 2\Results\RC-Attachment-Exp\P22-eye_data.idf
Date:	18.03.2012 20:17:32
Version:	BeGaze 3.0.181
Sample Rate:	500
Subject:	P22
Description:	Run27

Table Header for Fixations:
Event Type	Trial	Number	Start	End	Duration	Location X	Location Y	Dispersion X	Dispersion Y	Plane	Avg. Pupil Size X	Avg. Pupil Size Y

Table Header for Saccades:
Event Type	Trial	Number	Start	End	Duration	Start Loc.X	Start Loc.Y	End Loc.X	End Loc.Y	Amplitude	Peak Speed	Peak Speed At	Average Speed	Peak Accel.	Peak Decel.	Average Accel.

Table Header for Blinks:
Event Type	Trial	Number	Start	End	Duration

Table Header for User Events:
Event Type	Trial	Number	Start	Description

UserEvent	1	1	2368064524	# Message: Dist-srthm-21.jpg
Fixation L	1	1	2368068756	2368330417	261661	533.68	458.10	29	25	-1	8.21	8.21
Fixation R	1	1	2368068756	2368330417	261661	533.68	458.10	29	25	-1	8.30	8.30
Saccade L	1	1	2368330417	2368356513	26096	518.27	469.36	589.41	472.44	1.59	112.12	0.45	60.77	4163.65	-4130.21	2998.85
Saccade R	1	1	2368330417	2368356513	26096	518.27	469.36	589.41	472.44	1.59	112.12	0.45	60.77	4163.65	-4130.21	2998.85
Fixation L	1	2	2368356513	2368410324	53811	591.36	477.14	6	7	-1	8.24	8.24
Fixation R	1	2	2368356513	2368410324	53811	591.36	477.14	6	7	-1	8.43	8.43
Saccade L	1	2	2368410324	2368446212	35888	592.35	478.23	678.73	456.89	2.16	130.79	0.39	60.13	5557.25	-4624.29	3324.59
Saccade R	1	2	2368410324	2368446212	35888	592.35	478.23	678.73	456.89	2.16	130.79	0.39	60.13	5557.25	-4624.29	3324.59
Fixation L	1	3	2368446212	2368570328	124116	675.02	452.72	12	12	-1	8.13	8.13
Fixation R	1	3	2368446212	2368570328	124116	675.02	452.72	12	12	-1	8.27	8.27
Saccade L	1	3	2368570328	2368608397	38069	679.53	457.56	763.77	466.21	1.98	116.30	0.32	51.98	4946.21	-3898.15	2669.26
Saccade R	1	3	2368570328	2368608397	38069	679.53	457.56	763.77	466.21	1.98	116.30	0.32	51.98	4946.21	-3898.15	2669.26
Fixation L	1	4	2368608397	2368761499	153102	759.66	470.79	13	17	-1	8.22	8.22
Fixation R	1	4	2368608397	2368761499	153102	759.66	470.79	13	17	-1	8.41	8.41
Saccade L	1	4	2368761499	2368782433	20934	759.87	463.09	811.98	465.91	1.09	86.33	0.43	52.12	3494.14	-3492.29	2386.72
Saccade R	1	4	2368761499	2368782433	20934	759.87	463.09	811.98	465.91	1.09	86.33	0.43	52.12	3494.14	-3492.29	2386.72
Fixation L	1	5	2368782433	2368868452	86019	816.52	475.45	14	17	-1	8.44	8.44
Fixation R	1	5	2368782433	2368868452	86019	816.52	475.45	14	17	-1	8.62	8.62
Saccade L	1	5	2368868452	2368894432	25980	808.39	477.79	862.40	476.12	1.14	74.62	0.39	43.94	2903.70	-2574.26	1920.59
Saccade R	1	5	2368868452	2368894432	25980	808.39	477.79	862.40	476.12	1.14	74.62	0.39	43.94	2903.70	-2574.26	1920.59
Fixation L	1	6	2368894432	2369052560	158128	860.87	472.86	14	12	-1	8.30	8.30
Fixation R	1	6	2368894432	2369052560	158128	860.87	472.86	14	12	-1	8.60	8.60
Saccade L	1	6	2369052560	2369074550	21990	860.98	469.01	903.50	465.17	0.90	63.43	0.45	41.14	2527.64	-1973.94	1528.21
Saccade R	1	6	2369052560	2369074550	21990	860.98	469.01	903.50	465.17	0.90	63.43	0.45	41.14	2527.64	-1973.94	1528.21
Fixation L	1	7	2369074550	2369262680	188130	911.61	483.87	19	26	-1	8.38	8.38
Fixation R	1	7	2369074550	2369262680	188130	911.61	483.87	19	26	-1	8.42	8.42
Fixation L	1	8	2369282697	2369380667	97970	953.57	472.91	12	9	-1	8.19	8.19
Fixation R	1	8	2369282697	2369380667	97970	953.57	472.91	12	9	-1	8.48	8.48
Saccade L	1	7	2369380667	2369402674	22007	949.70	475.68	1002.85	461.39	1.14	81.06	0.46	51.61	3330.83	-3248.60	2233.67
Saccade R	1	7	2369380667	2369402674	22007	949.70	475.68	1002.85	461.39	1.14	81.06	0.46	51.61	3330.83	-3248.60	2233.67
Fixation L	1	9	2369402674	2369538798	136124	1012.02	465.21	15	22	-1	8.06	8.06
Fixation R	1	9	2369402674	2369538798	136124	1012.02	465.21	15	22	-1	8.41	8.41
Saccade L	1	8	2369538798	2369567816	29018	1013.13	469.17	1081.29	474.32	1.59	99.59	0.41	54.84	4008.37	-3598.74	2748.63
Saccade R	1	8	2369538798	2369567816	29018	1013.13	469.17	1081.29	474.32	1.59	99.59	0.41	54.84	4008.37	-3598.74	2748.63
Fixation L	1	10	2369567816	2369802907	235091	1086.87	476.22	24	31	-1	8.23	8.23
Fixation R	1	10	2369567816	2369802907	235091	1086.87	476.22	24	31	-1	8.44	8.44
Blink L	1	1	2369802907	2370012902	209995
Blink R	1	1	2369802907	2370012902	209995
Saccade L	1	9	2370016898	2370073024	56126	798.52	875.34	876.13	862.11	3.30	108.54	0.68	58.81	2067.11	-9890.99	1976.08
Saccade R	1	9	2370016898	2370073024	56126	798.52	875.34	876.13	862.11	3.30	108.54	0.68	58.81	2067.11	-9890.99	1976.08
Saccade L	1	10	2370099169	2370133065	33896	884.67	868.98	920.13	886.66	0.99	43.85	0.70	29.11	978.70	-46.45	495.77
Saccade R	1	10	2370099169	2370133065	33896	884.67	868.98	920.13	886.66	0.99	43.85	0.70	29.11	978.70	-46.45	495.77
Saccade L	1	11	2370133065	2370163024	29959	920.13	886.66	922.14	931.28	0.97	42.51	0.40	32.30	322.07	-1110.29	552.01
Saccade R	1	11	2370133065	2370163024	29959	920.13	886.66	922.14	931.28	0.97	42.51	0.40	32.30	322.07	-1110.29	552.01
Fixation L	1	11	2370163024	2370727154	564130	924.67	963.29	59	57	-1	9.05	9.05
Fixation R	1	11	2370163024	2370727154	564130	924.67	963.29	59	57	-1	9.44	9.44
