[BeGaze]
Converted from:	C:\Program Files\SMI\Experiment Suite 360\Experiment Center 2\Results\RC-Attachment-Exp\P35-eye_data.idf
Date:	18.03.2012 20:31:45
Version:	BeGaze 3.0.181
Sample Rate:	500
Subject:	P35
Description:	Run40

Table Header for Fixations:
Event Type	Trial	Number	Start	End	Duration	Location X	Location Y	Dispersion X	Dispersion Y	Plane	Avg. Pupil Size X	Avg. Pupil Size Y

Table Header for Saccades:
Event Type	Trial	Number	Start	End	Duration	Start Loc.X	Start Loc.Y	End Loc.X	End Loc.Y	Amplitude	Peak Speed	Peak Speed At	Average Speed	Peak Accel.	Peak Decel.	Average Accel.

Table Header for Blinks:
Event Type	Trial	Number	Start	End	Duration

Table Header for User Events:
Event Type	Trial	Number	Start	Description

UserEvent	1	1	1933467453	# Message: Questionnaire3.jpg
Fixation L	1	1	1933474176	1933813612	339436	840.91	992.96	18	46	-1	11.68	11.68
Fixation R	1	1	1933474176	1933813612	339436	840.91	992.96	18	46	-1	12.05	12.05
Saccade L	1	1	1933813612	1933891494	77882	847.89	983.91	593.87	408.17	15.17	484.95	0.31	194.82	20465.72	-10788.68	9299.14
Saccade R	1	1	1933813612	1933891494	77882	847.89	983.91	593.87	408.17	15.17	484.95	0.31	194.82	20465.72	-10788.68	9299.14
Fixation L	1	2	1933891494	1933987605	96111	596.82	397.18	11	19	-1	11.89	11.89
Fixation R	1	2	1933891494	1933987605	96111	596.82	397.18	11	19	-1	12.11	12.11
Saccade L	1	2	1933987605	1934021607	34002	601.62	401.34	590.81	361.06	0.92	46.00	0.35	26.97	1772.45	-1800.27	1311.08
Saccade R	1	2	1933987605	1934021607	34002	601.62	401.34	590.81	361.06	0.92	46.00	0.35	26.97	1772.45	-1800.27	1311.08
Fixation L	1	3	1934021607	1934109607	88000	592.63	362.10	7	6	-1	12.20	12.20
Fixation R	1	3	1934021607	1934109607	88000	592.63	362.10	7	6	-1	12.44	12.44
Saccade L	1	3	1934109607	1934156387	46780	595.00	368.22	439.10	369.46	3.57	200.94	0.30	76.31	8608.87	-8078.91	4920.07
Saccade R	1	3	1934109607	1934156387	46780	595.00	368.22	439.10	369.46	3.57	200.94	0.30	76.31	8608.87	-8078.91	4920.07
Fixation L	1	4	1934156387	1934301731	145344	443.11	368.57	15	15	-1	12.46	12.46
Fixation R	1	4	1934156387	1934301731	145344	443.11	368.57	15	15	-1	12.80	12.80
Saccade L	1	4	1934301731	1934355765	54034	447.11	374.73	572.62	378.70	3.01	181.49	0.30	55.74	7059.59	-5988.06	3132.88
Saccade R	1	4	1934301731	1934355765	54034	447.11	374.73	572.62	378.70	3.01	181.49	0.30	55.74	7059.59	-5988.06	3132.88
Saccade L	1	5	1934375747	1934405854	30107	573.24	376.48	571.89	376.31	5.60	220.29	0.60	186.03	10742.02	-10765.85	8393.14
Saccade R	1	5	1934375747	1934405854	30107	573.24	376.48	571.89	376.31	5.60	220.29	0.60	186.03	10742.02	-10765.85	8393.14
Fixation L	1	5	1934405854	1934621848	215994	565.95	384.42	31	17	-1	12.73	12.73
Fixation R	1	5	1934405854	1934621848	215994	565.95	384.42	31	17	-1	13.23	13.23
Saccade L	1	6	1934621848	1934649962	28114	550.55	385.19	644.25	373.94	2.23	166.26	0.50	79.26	6969.70	-6728.45	4966.49
Saccade R	1	6	1934621848	1934649962	28114	550.55	385.19	644.25	373.94	2.23	166.26	0.50	79.26	6969.70	-6728.45	4966.49
Fixation L	1	6	1934649962	1934839974	190012	656.02	373.87	21	11	-1	13.02	13.02
Fixation R	1	6	1934649962	1934839974	190012	656.02	373.87	21	11	-1	13.49	13.49
Saccade L	1	7	1934839974	1934880017	40043	655.41	370.66	771.59	352.78	2.58	160.16	0.30	64.51	6349.53	-6168.20	3953.83
Saccade R	1	7	1934839974	1934880017	40043	655.41	370.66	771.59	352.78	2.58	160.16	0.30	64.51	6349.53	-6168.20	3953.83
Fixation L	1	7	1934880017	1935030103	150086	784.48	361.86	25	31	-1	13.06	13.06
Fixation R	1	7	1934880017	1935030103	150086	784.48	361.86	25	31	-1	13.55	13.55
Saccade L	1	8	1935030103	1935074143	44040	796.28	379.69	885.16	364.59	2.43	145.85	0.68	55.26	5380.17	-6287.12	3345.25
Saccade R	1	8	1935030103	1935074143	44040	796.28	379.69	885.16	364.59	2.43	145.85	0.68	55.26	5380.17	-6287.12	3345.25
Fixation L	1	8	1935074143	1935234211	160068	887.30	372.94	16	23	-1	13.04	13.04
Fixation R	1	8	1935074143	1935234211	160068	887.30	372.94	16	23	-1	13.53	13.53
Saccade L	1	9	1935234211	1935324387	90176	892.87	378.23	471.77	474.79	10.36	341.01	0.27	114.86	15140.40	-11191.29	6149.06
Saccade R	1	9	1935234211	1935324387	90176	892.87	378.23	471.77	474.79	10.36	341.01	0.27	114.86	15140.40	-11191.29	6149.06
Fixation L	1	9	1935324387	1935426216	101829	476.36	474.54	14	15	-1	13.09	13.09
Fixation R	1	9	1935324387	1935426216	101829	476.36	474.54	14	15	-1	13.37	13.37
Saccade L	1	10	1935426216	1935486213	59997	483.23	479.30	442.39	494.48	2.60	88.73	0.20	43.30	3267.46	-2433.07	1507.30
Saccade R	1	10	1935426216	1935486213	59997	483.23	479.30	442.39	494.48	2.60	88.73	0.20	43.30	3267.46	-2433.07	1507.30
Fixation L	1	10	1935486213	1936656842	1170629	431.78	478.16	24	38	-1	12.87	12.87
Fixation R	1	10	1935486213	1936656842	1170629	431.78	478.16	24	38	-1	13.33	13.33
UserEvent	1	71	1936290667	# Message: UE-mouseclick left x=419 y=434
Saccade L	1	11	1936656842	1936700794	43952	422.87	468.42	449.30	573.27	2.38	111.48	0.50	54.12	4606.89	-4549.88	3131.68
Saccade R	1	11	1936656842	1936700794	43952	422.87	468.42	449.30	573.27	2.38	111.48	0.50	54.12	4606.89	-4549.88	3131.68
Fixation L	1	11	1936700794	1936904949	204155	451.47	567.71	16	19	-1	12.90	12.90
Fixation R	1	11	1936700794	1936904949	204155	451.47	567.71	16	19	-1	13.32	13.32
Saccade L	1	12	1936904949	1936946932	41983	449.02	561.81	422.25	495.29	1.58	71.20	0.44	37.73	3068.22	-2599.60	1944.96
Saccade R	1	12	1936904949	1936946932	41983	449.02	561.81	422.25	495.29	1.58	71.20	0.44	37.73	3068.22	-2599.60	1944.96
Fixation L	1	12	1936946932	1937167174	220242	433.80	491.10	23	26	-1	13.12	13.12
Fixation R	1	12	1936946932	1937167174	220242	433.80	491.10	23	26	-1	13.41	13.41
Saccade L	1	13	1937167174	1937205067	37893	440.35	488.88	451.35	562.11	1.71	93.28	0.42	45.14	3705.22	-3482.80	2396.58
Saccade R	1	13	1937167174	1937205067	37893	440.35	488.88	451.35	562.11	1.71	93.28	0.42	45.14	3705.22	-3482.80	2396.58
Fixation L	1	13	1937205067	1937317050	111983	464.31	560.42	20	31	-1	13.07	13.07
Fixation R	1	13	1937205067	1937317050	111983	464.31	560.42	20	31	-1	13.32	13.32
UserEvent	1	95	1937210656	# Message: UE-mouseclick left x=439 y=533
