[BeGaze]
Converted from:	C:\Program Files\SMI\Experiment Suite 360\Experiment Center 2\Results\RC-Attachment-Exp\P13-eye_data.idf
Date:	18.03.2012 20:10:14
Version:	BeGaze 3.0.181
Sample Rate:	500
Subject:	P13
Description:	Run18

Table Header for Fixations:
Event Type	Trial	Number	Start	End	Duration	Location X	Location Y	Dispersion X	Dispersion Y	Plane	Avg. Pupil Size X	Avg. Pupil Size Y

Table Header for Saccades:
Event Type	Trial	Number	Start	End	Duration	Start Loc.X	Start Loc.Y	End Loc.X	End Loc.Y	Amplitude	Peak Speed	Peak Speed At	Average Speed	Peak Accel.	Peak Decel.	Average Accel.

Table Header for Blinks:
Event Type	Trial	Number	Start	End	Duration

Table Header for User Events:
Event Type	Trial	Number	Start	Description

UserEvent	1	1	4630076856	# Message: Questionnaire14.jpg
Fixation L	1	1	4630078616	4630285472	206856	848.72	956.96	56	42	-1	14.17	14.17
Fixation R	1	1	4630078616	4630285472	206856	848.72	956.96	56	42	-1	13.74	13.74
Saccade L	1	1	4630285472	4630326976	41504	834.10	974.25	872.92	982.21	1.21	44.38	0.26	29.18	1573.84	-972.11	901.30
Saccade R	1	1	4630285472	4630326976	41504	834.10	974.25	872.92	982.21	1.21	44.38	0.26	29.18	1573.84	-972.11	901.30
Fixation L	1	2	4630326976	4630424996	98020	862.14	992.76	24	20	-1	14.29	14.29
Fixation R	1	2	4630326976	4630424996	98020	862.14	992.76	24	20	-1	13.60	13.60
Saccade L	1	2	4630424996	4630485186	60190	850.84	990.76	499.58	402.96	16.97	510.55	0.27	281.88	22691.03	-16404.23	10721.51
Saccade R	1	2	4630424996	4630485186	60190	850.84	990.76	499.58	402.96	16.97	510.55	0.27	281.88	22691.03	-16404.23	10721.51
Fixation L	1	3	4630485186	4630571062	85876	506.82	403.63	34	20	-1	14.21	14.21
Fixation R	1	3	4630485186	4630571062	85876	506.82	403.63	34	20	-1	13.17	13.17
Saccade L	1	3	4630571062	4630601260	30198	524.23	415.69	469.84	378.76	1.38	72.79	0.40	45.57	2537.39	-2624.92	1930.86
Saccade R	1	3	4630571062	4630601260	30198	524.23	415.69	469.84	378.76	1.38	72.79	0.40	45.57	2537.39	-2624.92	1930.86
Fixation L	1	4	4630601260	4630791169	189909	466.25	373.96	20	23	-1	13.86	13.86
Fixation R	1	4	4630601260	4630791169	189909	466.25	373.96	20	23	-1	12.88	12.88
Saccade L	1	4	4630791169	4630823176	32007	462.91	365.40	564.53	360.30	2.16	126.33	0.44	67.49	5165.29	-5037.67	3727.06
Saccade R	1	4	4630791169	4630823176	32007	462.91	365.40	564.53	360.30	2.16	126.33	0.44	67.49	5165.29	-5037.67	3727.06
Fixation L	1	5	4630823176	4630977293	154117	573.99	370.82	18	21	-1	13.63	13.63
Fixation R	1	5	4630823176	4630977293	154117	573.99	370.82	18	21	-1	13.03	13.03
Saccade L	1	5	4630977293	4631017287	39994	577.41	375.16	428.17	339.47	3.42	187.12	0.35	85.51	7930.68	-7163.99	4973.47
Saccade R	1	5	4630977293	4631017287	39994	577.41	375.16	428.17	339.47	3.42	187.12	0.35	85.51	7930.68	-7163.99	4973.47
Fixation L	1	6	4631017287	4631225367	208080	432.32	345.73	35	19	-1	13.54	13.54
Fixation R	1	6	4631017287	4631225367	208080	432.32	345.73	35	19	-1	12.95	12.95
Saccade L	1	6	4631225367	4631263432	38065	444.60	341.90	591.24	373.12	3.39	191.50	0.44	89.12	8024.59	-7499.19	5407.62
Saccade R	1	6	4631225367	4631263432	38065	444.60	341.90	591.24	373.12	3.39	191.50	0.44	89.12	8024.59	-7499.19	5407.62
Fixation L	1	7	4631263432	4631507526	244094	608.71	370.80	26	14	-1	14.63	14.63
Fixation R	1	7	4631263432	4631507526	244094	608.71	370.80	26	14	-1	14.00	14.00
Saccade L	1	7	4631507526	4631535520	27994	594.57	365.41	679.07	372.96	1.81	115.73	0.50	64.83	4700.89	-4785.03	3457.68
Saccade R	1	7	4631507526	4631535520	27994	594.57	365.41	679.07	372.96	1.81	115.73	0.50	64.83	4700.89	-4785.03	3457.68
Fixation L	1	8	4631535520	4631672981	137461	683.73	376.20	7	15	-1	15.41	15.41
Fixation R	1	8	4631535520	4631672981	137461	683.73	376.20	7	15	-1	14.74	14.74
Saccade L	1	8	4631672981	4631703572	30591	683.42	376.39	725.43	371.49	1.19	56.54	0.28	38.88	2027.60	-2062.16	1402.25
Saccade R	1	8	4631672981	4631703572	30591	683.42	376.39	725.43	371.49	1.19	56.54	0.28	38.88	2027.60	-2062.16	1402.25
Fixation L	1	9	4631703572	4631843640	140068	731.92	381.90	11	16	-1	15.27	15.27
Fixation R	1	9	4631703572	4631843640	140068	731.92	381.90	11	16	-1	14.85	14.85
Saccade L	1	9	4631843640	4631879646	36006	733.73	382.46	566.29	389.57	3.89	216.43	0.56	108.08	9227.26	-9291.88	6760.16
Saccade R	1	9	4631843640	4631879646	36006	733.73	382.46	566.29	389.57	3.89	216.43	0.56	108.08	9227.26	-9291.88	6760.16
Fixation L	1	10	4631879646	4631958601	78955	555.71	384.58	16	13	-1	15.00	15.00
Fixation R	1	10	4631879646	4631958601	78955	555.71	384.58	16	13	-1	14.53	14.53
Saccade L	1	10	4631958601	4631995691	37090	553.05	383.94	405.64	449.45	3.45	186.62	0.41	92.89	8282.07	-7432.06	5502.34
Saccade R	1	10	4631958601	4631995691	37090	553.05	383.94	405.64	449.45	3.45	186.62	0.41	92.89	8282.07	-7432.06	5502.34
Fixation L	1	11	4631995691	4632215763	220072	416.59	465.99	24	33	-1	15.37	15.37
Fixation R	1	11	4631995691	4632215763	220072	416.59	465.99	24	33	-1	14.69	14.69
Fixation L	1	12	4632235761	4634154572	1918811	375.47	465.51	48	63	-1	15.02	15.02
Fixation R	1	12	4632235761	4634154572	1918811	375.47	465.51	48	63	-1	14.47	14.47
UserEvent	1	86	4633421323	# Message: UE-mouseclick left x=359 y=440
Saccade L	1	11	4634154572	4634184581	30009	383.13	449.05	398.24	542.20	2.15	125.84	0.61	71.61	4893.93	-5383.78	3724.35
Saccade R	1	11	4634154572	4634184581	30009	383.13	449.05	398.24	542.20	2.15	125.84	0.61	71.61	4893.93	-5383.78	3724.35
Fixation L	1	13	4634184581	4634535089	350508	395.11	542.29	25	33	-1	14.72	14.72
Fixation R	1	13	4634184581	4634535089	350508	395.11	542.29	25	33	-1	14.13	14.13
Fixation L	1	14	4634550829	4634828569	277740	418.00	555.76	42	32	-1	14.39	14.39
Fixation R	1	14	4634550829	4634828569	277740	418.00	555.76	42	32	-1	13.89	13.89
UserEvent	1	121	4634773233	# Message: UE-mouseclick left x=402 y=531
Saccade L	1	12	4634828569	4634864964	36395	398.60	555.10	417.77	587.62	1.11	42.64	0.73	30.50	1390.95	-623.24	736.95
Saccade R	1	12	4634828569	4634864964	36395	398.60	555.10	417.77	587.62	1.11	42.64	0.73	30.50	1390.95	-623.24	736.95
