[BeGaze]
Converted from:	C:\Program Files\SMI\Experiment Suite 360\Experiment Center 2\Results\RC-Attachment-Exp\P14-eye_data.idf
Date:	18.03.2012 20:10:50
Version:	BeGaze 3.0.181
Sample Rate:	500
Subject:	P14
Description:	Run19

Table Header for Fixations:
Event Type	Trial	Number	Start	End	Duration	Location X	Location Y	Dispersion X	Dispersion Y	Plane	Avg. Pupil Size X	Avg. Pupil Size Y

Table Header for Saccades:
Event Type	Trial	Number	Start	End	Duration	Start Loc.X	Start Loc.Y	End Loc.X	End Loc.Y	Amplitude	Peak Speed	Peak Speed At	Average Speed	Peak Accel.	Peak Decel.	Average Accel.

Table Header for Blinks:
Event Type	Trial	Number	Start	End	Duration

Table Header for User Events:
Event Type	Trial	Number	Start	Description

UserEvent	1	1	1365374489	# Message: Questionnaire10.jpg
Fixation L	1	1	1365377198	1365489090	111892	889.79	955.57	23	25	-1	13.75	13.75
Fixation R	1	1	1365377198	1365489090	111892	889.79	955.57	23	25	-1	13.38	13.38
Fixation L	1	2	1365522365	1366182162	659797	779.42	827.76	918	973	-1	13.26	13.26
Fixation R	1	2	1365522365	1366003923	481558	895.92	963.46	36	22	-1	13.28	13.28
Saccade R	1	1	1366003923	1366150049	146126	896.45	957.97	443.69	414.02	57.78	1466.32	0.51	395.43	52517.59	-42818.44	14092.02
Saccade L	1	1	1366182162	1366208052	25890	465.35	416.43	442.36	388.45	0.77	41.81	0.62	29.72	1051.45	-798.78	666.05
Saccade R	1	2	1366182162	1366208052	25890	465.35	416.43	442.36	388.45	0.77	41.81	0.62	29.72	1051.45	-798.78	666.05
Fixation L	1	3	1366208052	1366412222	204170	453.66	390.92	19	27	-1	13.77	13.77
Fixation R	1	3	1366208052	1366412222	204170	453.66	390.92	19	27	-1	13.26	13.26
Saccade L	1	2	1366412222	1366444165	31943	453.91	392.93	543.85	413.18	2.32	167.08	0.37	72.62	6655.53	-6045.77	4241.48
Saccade R	1	3	1366412222	1366444165	31943	453.91	392.93	543.85	413.18	2.32	167.08	0.37	72.62	6655.53	-6045.77	4241.48
Fixation L	1	4	1366444165	1366610293	166128	555.60	406.14	18	21	-1	13.97	13.97
Fixation R	1	4	1366444165	1366610293	166128	555.60	406.14	18	21	-1	13.55	13.55
Saccade L	1	3	1366610293	1366634158	23865	558.91	393.84	642.11	400.97	1.78	144.91	0.50	74.77	5677.31	-5736.56	3960.96
Saccade R	1	4	1366610293	1366634158	23865	558.91	393.84	642.11	400.97	1.78	144.91	0.50	74.77	5677.31	-5736.56	3960.96
Fixation L	1	5	1366634158	1366998399	364241	639.81	393.23	23	29	-1	14.04	14.04
Fixation R	1	5	1366634158	1366998399	364241	639.81	393.23	23	29	-1	13.82	13.82
Fixation L	1	6	1367018399	1367162517	144118	712.62	387.23	19	28	-1	14.16	14.16
Fixation R	1	6	1367018399	1367162517	144118	712.62	387.23	19	28	-1	13.99	13.99
Saccade L	1	4	1367162517	1367184521	22004	706.50	398.30	767.45	395.84	1.30	110.83	0.55	59.16	4043.83	-4055.36	2697.98
Saccade R	1	5	1367162517	1367184521	22004	706.50	398.30	767.45	395.84	1.30	110.83	0.55	59.16	4043.83	-4055.36	2697.98
Fixation L	1	7	1367184521	1367394548	210027	762.73	397.92	28	31	-1	14.21	14.21
Fixation R	1	7	1367184521	1367394548	210027	762.73	397.92	28	31	-1	13.96	13.96
Saccade L	1	5	1367394548	1367456742	62194	759.64	403.39	418.18	484.74	7.87	371.68	0.26	126.61	16232.87	-14055.17	7231.01
Saccade R	1	6	1367394548	1367456742	62194	759.64	403.39	418.18	484.74	7.87	371.68	0.26	126.61	16232.87	-14055.17	7231.01
Fixation L	1	8	1367456742	1369879680	2422938	420.32	502.37	45	98	-1	14.78	14.78
Fixation R	1	8	1367456742	1369879680	2422938	420.32	502.37	45	98	-1	14.95	14.95
UserEvent	1	2	1369632498	# Message: UE-mouseclick left x=411 y=471
Saccade L	1	6	1369879680	1369907697	28017	424.07	511.55	417.72	553.01	0.85	40.15	0.43	30.35	1208.75	-1213.73	918.27
Saccade R	1	7	1369879680	1369907697	28017	424.07	511.55	417.72	553.01	0.85	40.15	0.43	30.35	1208.75	-1213.73	918.27
Fixation L	1	9	1369907697	1369971385	63688	416.77	559.00	5	8	-1	14.67	14.67
Fixation R	1	9	1369907697	1369971385	63688	416.77	559.00	5	8	-1	15.36	15.36
Fixation L	1	10	1369992033	1370622343	630310	425.57	581.10	29	42	-1	14.93	14.93
Fixation R	1	10	1369992033	1370622343	630310	425.57	581.10	29	42	-1	15.40	15.40
UserEvent	1	3	1370489215	# Message: UE-mouseclick left x=419 y=517
