[BeGaze]
Converted from:	C:\Program Files\SMI\Experiment Suite 360\Experiment Center 2\Results\RC-Attachment-Exp\P18-eye_data.idf
Date:	18.03.2012 20:13:31
Version:	BeGaze 3.0.181
Sample Rate:	500
Subject:	P18
Description:	Run23

Table Header for Fixations:
Event Type	Trial	Number	Start	End	Duration	Location X	Location Y	Dispersion X	Dispersion Y	Plane	Avg. Pupil Size X	Avg. Pupil Size Y

Table Header for Saccades:
Event Type	Trial	Number	Start	End	Duration	Start Loc.X	Start Loc.Y	End Loc.X	End Loc.Y	Amplitude	Peak Speed	Peak Speed At	Average Speed	Peak Accel.	Peak Decel.	Average Accel.

Table Header for Blinks:
Event Type	Trial	Number	Start	End	Duration

Table Header for User Events:
Event Type	Trial	Number	Start	Description

UserEvent	1	1	16688786767	# Message: int-2.jpg
Fixation L	1	1	16688793793	16689064054	270261	487.42	463.71	32	25	-1	10.33	10.33
Fixation R	1	1	16688793793	16689064054	270261	487.42	463.71	32	25	-1	10.62	10.62
Saccade L	1	1	16689064054	16689086516	22462	485.87	457.62	533.49	465.65	0.95	68.01	0.38	42.39	2689.75	-2403.54	1774.37
Saccade R	1	1	16689064054	16689086516	22462	485.87	457.62	533.49	465.65	0.95	68.01	0.38	42.39	2689.75	-2403.54	1774.37
Saccade L	1	2	16689120543	16689154644	34101	534.57	455.29	607.57	462.50	1.63	110.02	0.77	47.73	3345.80	-3458.38	1907.14
Saccade R	1	2	16689120543	16689154644	34101	534.57	455.29	607.57	462.50	1.63	110.02	0.77	47.73	3345.80	-3458.38	1907.14
Fixation L	1	2	16689154644	16689314663	160019	606.42	442.59	35	40	-1	10.12	10.12
Fixation R	1	2	16689154644	16689314663	160019	606.42	442.59	35	40	-1	10.35	10.35
Saccade L	1	3	16689314663	16689342630	27967	583.50	426.77	703.35	418.53	2.57	189.41	0.43	91.82	7300.38	-7285.21	5259.02
Saccade R	1	3	16689314663	16689342630	27967	583.50	426.77	703.35	418.53	2.57	189.41	0.43	91.82	7300.38	-7285.21	5259.02
Fixation L	1	3	16689342630	16689486747	144117	718.44	441.38	21	42	-1	9.78	9.78
Fixation R	1	3	16689342630	16689486747	144117	718.44	441.38	21	42	-1	10.14	10.14
Saccade L	1	4	16689486747	16689538785	52038	717.99	455.02	868.09	432.24	3.33	137.75	0.23	63.99	5691.07	-3508.86	2454.81
Saccade R	1	4	16689486747	16689538785	52038	717.99	455.02	868.09	432.24	3.33	137.75	0.23	63.99	5691.07	-3508.86	2454.81
Fixation L	1	4	16689538785	16689756871	218086	874.77	424.01	15	21	-1	9.65	9.65
Fixation R	1	4	16689538785	16689756871	218086	874.77	424.01	15	21	-1	10.11	10.11
Saccade L	1	5	16689756871	16689802867	45996	883.02	416.23	567.08	438.71	7.11	294.83	0.48	154.66	12104.64	-11813.19	8570.99
Saccade R	1	5	16689756871	16689802867	45996	883.02	416.23	567.08	438.71	7.11	294.83	0.48	154.66	12104.64	-11813.19	8570.99
Fixation L	1	5	16689802867	16690195008	392141	543.60	426.29	49	46	-1	9.55	9.55
Fixation R	1	5	16689802867	16690195008	392141	543.60	426.29	49	46	-1	9.88	9.88
Saccade L	1	6	16690195008	16690238969	43961	559.70	434.39	613.70	473.03	1.64	67.38	0.27	37.29	2113.76	-1873.57	1240.50
Saccade R	1	6	16690195008	16690238969	43961	559.70	434.39	613.70	473.03	1.64	67.38	0.27	37.29	2113.76	-1873.57	1240.50
Fixation L	1	6	16690238969	16690471247	232278	613.37	460.85	41	36	-1	9.71	9.71
Fixation R	1	6	16690238969	16690471247	232278	613.37	460.85	41	36	-1	10.08	10.08
Saccade L	1	7	16690471247	16690502567	31320	592.07	441.80	679.37	453.94	2.02	120.75	0.39	64.56	4896.34	-4529.35	3416.92
Saccade R	1	7	16690471247	16690502567	31320	592.07	441.80	679.37	453.94	2.02	120.75	0.39	64.56	4896.34	-4529.35	3416.92
Fixation L	1	7	16690502567	16690631378	128811	686.42	456.89	34	13	-1	9.71	9.71
Fixation R	1	7	16690502567	16690631378	128811	686.42	456.89	34	13	-1	10.22	10.22
Saccade L	1	8	16690631378	16690655228	23850	665.17	460.38	750.35	466.36	1.90	146.57	0.58	79.69	5367.87	-4755.55	3586.49
Saccade R	1	8	16690631378	16690655228	23850	665.17	460.38	750.35	466.36	1.90	146.57	0.58	79.69	5367.87	-4755.55	3586.49
Fixation L	1	8	16690655228	16690711624	56396	774.50	472.66	52	30	-1	9.76	9.76
Fixation R	1	8	16690655228	16690711624	56396	774.50	472.66	52	30	-1	10.22	10.22
Saccade L	1	9	16690711624	16690755339	43715	802.26	455.60	742.71	466.48	1.65	65.29	0.59	37.83	1810.46	-2162.99	1228.18
Saccade R	1	9	16690711624	16690755339	43715	802.26	455.60	742.71	466.48	1.65	65.29	0.59	37.83	1810.46	-2162.99	1228.18
Fixation L	1	9	16690755339	16690841326	85987	769.81	464.47	50	21	-1	9.71	9.71
Fixation R	1	9	16690755339	16690841326	85987	769.81	464.47	50	21	-1	10.13	10.13
Saccade L	1	10	16690841326	16690889320	47994	793.57	449.04	894.01	464.33	2.32	100.99	0.59	48.34	3228.04	-3511.81	2106.72
Saccade R	1	10	16690841326	16690889320	47994	793.57	449.04	894.01	464.33	2.32	100.99	0.59	48.34	3228.04	-3511.81	2106.72
Fixation L	1	10	16690889320	16691021435	132115	886.72	441.98	15	35	-1	9.69	9.69
Fixation R	1	10	16690889320	16691021435	132115	886.72	441.98	15	35	-1	9.98	9.98
Saccade L	1	11	16691021435	16691045490	24055	888.76	429.47	945.75	441.68	1.25	93.11	0.58	51.84	3664.34	-3541.80	2533.17
Saccade R	1	11	16691021435	16691045490	24055	888.76	429.47	945.75	441.68	1.25	93.11	0.58	51.84	3664.34	-3541.80	2533.17
Fixation L	1	11	16691045490	16691265442	219952	966.39	445.71	39	23	-1	9.58	9.58
Fixation R	1	11	16691045490	16691265442	219952	966.39	445.71	39	23	-1	9.96	9.96
Fixation L	1	12	16691285554	16691357568	72014	1009.64	459.14	20	10	-1	9.42	9.42
Fixation R	1	12	16691285554	16691357568	72014	1009.64	459.14	20	10	-1	10.01	10.01
Saccade L	1	12	16691357568	16691383574	26006	1020.68	464.11	1062.39	464.01	0.88	47.54	0.46	33.69	1856.69	-1768.41	1280.06
Saccade R	1	12	16691357568	16691383574	26006	1020.68	464.11	1062.39	464.01	0.88	47.54	0.46	33.69	1856.69	-1768.41	1280.06
Fixation L	1	13	16691383574	16691737663	354089	1072.29	446.72	26	34	-1	9.48	9.48
Fixation R	1	13	16691383574	16691737663	354089	1072.29	446.72	26	34	-1	10.04	10.04
Saccade L	1	13	16691737663	16691765661	27998	1078.35	436.47	1173.83	430.38	2.09	140.57	0.51	74.65	5856.91	-4739.59	3838.65
Saccade R	1	13	16691737663	16691765661	27998	1078.35	436.47	1173.83	430.38	2.09	140.57	0.51	74.65	5856.91	-4739.59	3838.65
Fixation L	1	14	16691765661	16692021175	255514	1175.55	435.36	60	46	-1	9.46	9.46
Fixation R	1	14	16691765661	16692021175	255514	1175.55	435.36	60	46	-1	9.92	9.92
Saccade L	1	14	16692021175	16692043774	22599	1182.72	416.22	1168.56	455.13	0.79	53.58	0.47	35.18	1590.27	-1739.24	1225.21
Saccade R	1	14	16692021175	16692043774	22599	1182.72	416.22	1168.56	455.13	0.79	53.58	0.47	35.18	1590.27	-1739.24	1225.21
Fixation L	1	15	16692043774	16692180360	136586	1173.86	436.85	26	32	-1	9.67	9.67
Fixation R	1	15	16692043774	16692180360	136586	1173.86	436.85	26	32	-1	10.08	10.08
Saccade L	1	15	16692180360	16692243892	63532	1191.07	438.19	994.26	930.64	17.98	574.98	0.65	282.96	23738.68	-22694.52	15718.56
Saccade R	1	15	16692180360	16692243892	63532	1191.07	438.19	994.26	930.64	17.98	574.98	0.65	282.96	23738.68	-22694.52	15718.56
Saccade L	1	16	16692264961	16692293890	28929	988.24	937.20	1065.55	975.17	1.79	123.48	0.38	61.74	4768.50	-4472.78	3174.98
Saccade R	1	16	16692264961	16692293890	28929	988.24	937.20	1065.55	975.17	1.79	123.48	0.38	61.74	4768.50	-4472.78	3174.98
Saccade L	1	17	16692301905	16692327885	25980	1070.27	972.06	1071.79	913.56	1.24	78.66	0.46	47.86	2547.82	-2065.05	1621.31
Saccade R	1	17	16692301905	16692327885	25980	1070.27	972.06	1071.79	913.56	1.24	78.66	0.46	47.86	2547.82	-2065.05	1621.31
Saccade L	1	18	16692331887	16692368023	36136	1071.85	912.31	1127.28	973.73	1.84	69.36	0.36	50.91	1811.74	-2279.63	1451.65
Saccade R	1	18	16692331887	16692368023	36136	1071.85	912.31	1127.28	973.73	1.84	69.36	0.36	50.91	1811.74	-2279.63	1451.65
Saccade L	1	19	16692380010	16692410024	30014	1132.88	973.92	931.08	891.64	5.01	393.07	0.40	166.78	14450.65	-14422.31	10229.44
Saccade R	1	19	16692380010	16692410024	30014	1132.88	973.92	931.08	891.64	5.01	393.07	0.40	166.78	14450.65	-14422.31	10229.44
Fixation L	1	16	16692410024	16693316392	906368	916.21	903.47	77	59	-1	10.46	10.46
Fixation R	1	16	16692410024	16693316392	906368	916.21	903.47	77	59	-1	10.97	10.97
Saccade L	1	20	16693316392	16693338398	22006	895.93	911.79	858.91	889.34	0.81	55.49	0.36	36.84	1848.96	-1421.04	1128.61
Saccade R	1	20	16693316392	16693338398	22006	895.93	911.79	858.91	889.34	0.81	55.49	0.36	36.84	1848.96	-1421.04	1128.61
Saccade L	1	21	16693344351	16693368340	23989	861.75	888.15	901.17	887.58	0.81	51.95	0.42	33.67	1143.12	-1865.59	1073.05
Saccade R	1	21	16693344351	16693368340	23989	861.75	888.15	901.17	887.58	0.81	51.95	0.42	33.67	1143.12	-1865.59	1073.05
Fixation L	1	17	16693368340	16693442501	74161	899.96	894.00	7	19	-1	10.54	10.54
Fixation R	1	17	16693368340	16693442501	74161	899.96	894.00	7	19	-1	11.10	11.10
Saccade L	1	22	16693442501	16693472469	29968	900.69	888.32	848.59	892.67	0.97	49.24	0.40	32.50	1766.73	-1675.68	1108.42
Saccade R	1	22	16693442501	16693472469	29968	900.69	888.32	848.59	892.67	0.97	49.24	0.40	32.50	1766.73	-1675.68	1108.42
Fixation L	1	18	16693511213	16693589544	78331	876.99	890.23	20	15	-1	10.38	10.38
Fixation R	1	18	16693511213	16693589544	78331	876.99	890.23	20	15	-1	11.11	11.11
