[BeGaze]
Converted from:	C:\Program Files\SMI\Experiment Suite 360\Experiment Center 2\Results\RC-Attachment-Exp\P22-eye_data.idf
Date:	18.03.2012 20:17:31
Version:	BeGaze 3.0.181
Sample Rate:	500
Subject:	P22
Description:	Run27

Table Header for Fixations:
Event Type	Trial	Number	Start	End	Duration	Location X	Location Y	Dispersion X	Dispersion Y	Plane	Avg. Pupil Size X	Avg. Pupil Size Y

Table Header for Saccades:
Event Type	Trial	Number	Start	End	Duration	Start Loc.X	Start Loc.Y	End Loc.X	End Loc.Y	Amplitude	Peak Speed	Peak Speed At	Average Speed	Peak Accel.	Peak Decel.	Average Accel.

Table Header for Blinks:
Event Type	Trial	Number	Start	End	Duration

Table Header for User Events:
Event Type	Trial	Number	Start	Description

UserEvent	1	1	2363359322	# Message: RC-N1forced-anim-4.jpg
Fixation L	1	1	2363364365	2363482259	117894	567.26	479.22	7	13	-1	8.42	8.42
Fixation R	1	1	2363364365	2363482259	117894	567.26	479.22	7	13	-1	8.60	8.60
Saccade L	1	1	2363482259	2363508113	25854	568.23	477.01	510.68	479.15	1.21	81.27	0.54	46.87	3297.30	-3256.99	2402.32
Saccade R	1	1	2363482259	2363508113	25854	568.23	477.01	510.68	479.15	1.21	81.27	0.54	46.87	3297.30	-3256.99	2402.32
Fixation L	1	2	2363508113	2363626255	118142	519.97	475.98	20	8	-1	8.39	8.39
Fixation R	1	2	2363508113	2363626255	118142	519.97	475.98	20	8	-1	8.59	8.59
Saccade L	1	2	2363626255	2363652236	25981	524.12	480.53	588.04	474.08	1.35	93.31	0.48	51.87	3512.63	-3491.98	2486.67
Saccade R	1	2	2363626255	2363652236	25981	524.12	480.53	588.04	474.08	1.35	93.31	0.48	51.87	3512.63	-3491.98	2486.67
Fixation L	1	3	2363652236	2363716232	63996	588.74	478.52	13	11	-1	8.34	8.34
Fixation R	1	3	2363652236	2363716232	63996	588.74	478.52	13	11	-1	8.53	8.53
Saccade L	1	3	2363716232	2363738247	22015	592.94	481.52	678.28	483.47	1.78	146.96	0.55	80.72	5732.36	-5299.55	3607.67
Saccade R	1	3	2363716232	2363738247	22015	592.94	481.52	678.28	483.47	1.78	146.96	0.55	80.72	5732.36	-5299.55	3607.67
Fixation L	1	4	2363738247	2364008726	270479	674.72	488.45	18	29	-1	8.56	8.56
Fixation R	1	4	2363738247	2364008726	270479	674.72	488.45	18	29	-1	8.70	8.70
Saccade L	1	4	2364008726	2364034369	25643	673.31	474.68	728.50	477.57	1.07	71.59	0.53	41.57	2667.74	-2831.34	2003.29
Saccade R	1	4	2364008726	2364034369	25643	673.31	474.68	728.50	477.57	1.07	71.59	0.53	41.57	2667.74	-2831.34	2003.29
Fixation L	1	5	2364034369	2364152467	118098	724.31	478.79	8	18	-1	8.66	8.66
Fixation R	1	5	2364034369	2364152467	118098	724.31	478.79	8	18	-1	8.91	8.91
Saccade L	1	5	2364152467	2364178466	25999	728.50	486.21	799.77	480.16	1.55	110.62	0.59	59.71	4278.12	-4333.47	3088.09
Saccade R	1	5	2364152467	2364178466	25999	728.50	486.21	799.77	480.16	1.55	110.62	0.59	59.71	4278.12	-4333.47	3088.09
Fixation L	1	6	2364178466	2364352450	173984	817.89	467.47	36	27	-1	8.41	8.41
Fixation R	1	6	2364178466	2364352450	173984	817.89	467.47	36	27	-1	8.71	8.71
Saccade L	1	6	2364352450	2364378467	26017	813.16	480.65	901.35	476.24	1.85	133.53	0.54	71.09	5105.72	-5588.64	3866.30
Saccade R	1	6	2364352450	2364378467	26017	813.16	480.65	901.35	476.24	1.85	133.53	0.54	71.09	5105.72	-5588.64	3866.30
Fixation L	1	7	2364378467	2364588577	210110	898.49	489.64	17	32	-1	8.40	8.40
Fixation R	1	7	2364378467	2364588577	210110	898.49	489.64	17	32	-1	8.75	8.75
Saccade L	1	7	2364588577	2364611404	22827	905.83	475.00	936.84	494.08	0.75	50.07	0.49	32.72	1886.43	-1913.58	1314.02
Saccade R	1	7	2364588577	2364611404	22827	905.83	475.00	936.84	494.08	0.75	50.07	0.49	32.72	1886.43	-1913.58	1314.02
Fixation L	1	8	2364611404	2364710699	99295	940.97	485.36	11	16	-1	8.28	8.28
Fixation R	1	8	2364611404	2364710699	99295	940.97	485.36	11	16	-1	8.76	8.76
Saccade L	1	8	2364710699	2364740693	29994	935.62	487.96	1000.64	487.98	1.40	83.49	0.40	46.63	3285.73	-3071.93	2323.68
Saccade R	1	8	2364710699	2364740693	29994	935.62	487.96	1000.64	487.98	1.40	83.49	0.40	46.63	3285.73	-3071.93	2323.68
Fixation L	1	9	2364740693	2364958834	218141	1011.59	473.16	20	33	-1	8.27	8.27
Fixation R	1	9	2364740693	2364958834	218141	1011.59	473.16	20	33	-1	8.71	8.71
Saccade L	1	9	2364958834	2364982822	23988	1000.30	472.69	1045.79	474.57	0.96	66.28	0.50	39.94	1911.44	-2630.44	1583.32
Saccade R	1	9	2364958834	2364982822	23988	1000.30	472.69	1045.79	474.57	0.96	66.28	0.50	39.94	1911.44	-2630.44	1583.32
Fixation L	1	10	2364982822	2365114807	131985	1048.63	467.65	5	13	-1	8.21	8.21
Fixation R	1	10	2364982822	2365114807	131985	1048.63	467.65	5	13	-1	8.68	8.68
Saccade L	1	10	2365114807	2365138810	24003	1046.93	472.35	1083.53	460.32	0.76	47.12	0.57	31.72	1715.21	-1791.89	1240.54
Saccade R	1	10	2365114807	2365138810	24003	1046.93	472.35	1083.53	460.32	0.76	47.12	0.57	31.72	1715.21	-1791.89	1240.54
Fixation L	1	11	2365138810	2365287517	148707	1094.04	458.56	19	11	-1	8.20	8.20
Fixation R	1	11	2365138810	2365287517	148707	1094.04	458.56	19	11	-1	8.49	8.49
Blink L	1	1	2365287517	2365509049	221532
Blink R	1	1	2365287517	2365509049	221532
Saccade L	1	11	2365557094	2365601052	43958	935.89	858.19	916.33	939.62	1.84	81.42	0.27	41.90	3176.78	-2306.17	1677.11
Saccade R	1	11	2365557094	2365601052	43958	935.89	858.19	916.33	939.62	1.84	81.42	0.27	41.90	3176.78	-2306.17	1677.11
Fixation L	1	12	2365601052	2366083278	482226	915.06	957.64	32	45	-1	8.92	8.92
Fixation R	1	12	2365601052	2366083278	482226	915.06	957.64	32	45	-1	9.33	9.33
