[BeGaze]
Converted from:	C:\Program Files\SMI\Experiment Suite 360\Experiment Center 2\Results\RC-Attachment-Exp\P10-eye_data.idf
Date:	18.03.2012 20:08:20
Version:	BeGaze 3.0.181
Sample Rate:	500
Subject:	P10
Description:	Run15

Table Header for Fixations:
Event Type	Trial	Number	Start	End	Duration	Location X	Location Y	Dispersion X	Dispersion Y	Plane	Avg. Pupil Size X	Avg. Pupil Size Y

Table Header for Saccades:
Event Type	Trial	Number	Start	End	Duration	Start Loc.X	Start Loc.Y	End Loc.X	End Loc.Y	Amplitude	Peak Speed	Peak Speed At	Average Speed	Peak Accel.	Peak Decel.	Average Accel.

Table Header for Blinks:
Event Type	Trial	Number	Start	End	Duration

Table Header for User Events:
Event Type	Trial	Number	Start	Description

UserEvent	1	1	8408603138	# Message: RC-nonforced-nonanim-3.jpg
Fixation L	1	1	8408603670	8408665125	61455	517.95	447.19	23	5	-1	10.96	10.96
Fixation R	1	1	8408603670	8408665125	61455	517.95	447.19	23	5	-1	10.83	10.83
Blink L	1	1	8408735144	8408863250	128106
Blink R	1	1	8408735144	8408863250	128106
Blink L	1	2	8408863250	8409035223	171973
Blink R	1	2	8408863250	8409035223	171973
Saccade L	1	1	8409045240	8409105342	60102	517.16	452.55	582.15	411.49	29.08	1385.78	0.57	483.82	46558.07	-51210.39	23017.45
Saccade R	1	1	8409045240	8409105342	60102	517.16	452.55	582.15	411.49	29.08	1385.78	0.57	483.82	46558.07	-51210.39	23017.45
Fixation L	1	2	8409105342	8409177331	71989	593.94	405.21	40	11	-1	10.93	10.93
Fixation R	1	2	8409105342	8409177331	71989	593.94	405.21	40	11	-1	10.78	10.78
Saccade L	1	2	8409263891	8409311332	47441	578.83	347.66	754.02	425.70	5.15	286.68	0.46	108.54	10876.76	-11201.09	6868.30
Saccade R	1	2	8409263891	8409311332	47441	578.83	347.66	754.02	425.70	5.15	286.68	0.46	108.54	10876.76	-11201.09	6868.30
Fixation L	1	3	8409361659	8409511458	149799	756.39	442.75	17	80	-1	10.70	10.70
Fixation R	1	3	8409361659	8409511458	149799	756.39	442.75	17	80	-1	10.56	10.56
Saccade L	1	3	8409511458	8409541682	30224	753.00	444.41	839.61	447.70	2.14	125.70	0.40	70.71	5012.90	-5002.42	3580.32
Saccade R	1	3	8409511458	8409541682	30224	753.00	444.41	839.61	447.70	2.14	125.70	0.40	70.71	5012.90	-5002.42	3580.32
Fixation L	1	4	8409541682	8409655577	113895	844.79	434.20	14	19	-1	10.35	10.35
Fixation R	1	4	8409541682	8409655577	113895	844.79	434.20	14	19	-1	10.50	10.50
Fixation L	1	5	8409669576	8409781573	111997	851.85	442.67	18	68	-1	10.47	10.47
Fixation R	1	5	8409669576	8409781573	111997	851.85	442.67	18	68	-1	10.40	10.40
Saccade L	1	4	8409781573	8409816893	35320	842.40	440.80	922.35	438.46	1.77	93.61	0.34	49.99	3444.52	-3189.47	2381.02
Saccade R	1	4	8409781573	8409816893	35320	842.40	440.80	922.35	438.46	1.77	93.61	0.34	49.99	3444.52	-3189.47	2381.02
Fixation L	1	6	8409816893	8410178375	361482	921.02	445.96	27	29	-1	10.42	10.42
Fixation R	1	6	8409816893	8410178375	361482	921.02	445.96	27	29	-1	10.35	10.35
Saccade L	1	5	8410178375	8410205822	27447	920.13	453.51	1021.21	451.82	2.02	145.38	0.42	73.50	5954.04	-5529.30	4163.52
Saccade R	1	5	8410178375	8410205822	27447	920.13	453.51	1021.21	451.82	2.02	145.38	0.42	73.50	5954.04	-5529.30	4163.52
Fixation L	1	7	8410205822	8410437930	232108	1020.46	436.33	23	41	-1	10.61	10.61
Fixation R	1	7	8410205822	8410437930	232108	1020.46	436.33	23	41	-1	10.58	10.58
Saccade L	1	6	8410437930	8410489968	52038	1023.63	428.23	1145.26	437.35	3.62	181.01	0.65	69.59	6033.27	-7141.77	3899.42
Saccade R	1	6	8410437930	8410489968	52038	1023.63	428.23	1145.26	437.35	3.62	181.01	0.65	69.59	6033.27	-7141.77	3899.42
Fixation L	1	8	8410489968	8410933217	443249	1139.09	444.65	26	46	-1	10.90	10.90
Fixation R	1	8	8410489968	8410933217	443249	1139.09	444.65	26	46	-1	10.96	10.96
Saccade L	1	7	8410933217	8410996325	63108	1134.37	454.00	887.10	975.57	14.60	380.78	0.33	231.28	16406.92	-13645.09	10212.89
Saccade R	1	7	8410933217	8410996325	63108	1134.37	454.00	887.10	975.57	14.60	380.78	0.33	231.28	16406.92	-13645.09	10212.89
Fixation L	1	9	8410996325	8411102316	105991	887.75	954.05	20	30	-1	11.16	11.16
Fixation R	1	9	8410996325	8411102316	105991	887.75	954.05	20	30	-1	11.30	11.30
Saccade L	1	8	8411102316	8411138200	35884	895.16	953.35	870.01	948.41	1.81	99.68	0.27	50.50	2911.80	-1481.84	1511.70
Saccade R	1	8	8411102316	8411138200	35884	895.16	953.35	870.01	948.41	1.81	99.68	0.27	50.50	2911.80	-1481.84	1511.70
Saccade L	1	9	8411138200	8411184177	45977	870.01	948.41	894.46	969.88	2.03	93.53	0.39	44.09	1547.75	-2716.37	1284.22
Saccade R	1	9	8411138200	8411184177	45977	870.01	948.41	894.46	969.88	2.03	93.53	0.39	44.09	1547.75	-2716.37	1284.22
Saccade L	1	10	8411226165	8411252353	26188	870.20	959.67	923.12	954.20	1.17	79.82	0.31	44.70	2763.39	-2774.38	1872.87
Saccade R	1	10	8411226165	8411252353	26188	870.20	959.67	923.12	954.20	1.17	79.82	0.31	44.70	2763.39	-2774.38	1872.87
Fixation L	1	10	8411252353	8411394288	141935	911.80	942.02	32	34	-1	11.07	11.07
Fixation R	1	10	8411252353	8411394288	141935	911.80	942.02	32	34	-1	11.15	11.15
Saccade L	1	11	8411394288	8411424592	30304	905.49	939.54	1010.86	958.42	2.50	151.07	0.58	82.42	5790.75	-6332.54	4417.39
Saccade R	1	11	8411394288	8411424592	30304	905.49	939.54	1010.86	958.42	2.50	151.07	0.58	82.42	5790.75	-6332.54	4417.39
Fixation L	1	11	8411424592	8411504408	79816	999.09	946.88	24	18	-1	10.88	10.88
Fixation R	1	11	8411424592	8411504408	79816	999.09	946.88	24	18	-1	11.48	11.48
