[BeGaze]
Converted from:	C:\Program Files\SMI\Experiment Suite 360\Experiment Center 2\Results\RC-Attachment-Exp\P30-eye_data.idf
Date:	18.03.2012 20:26:10
Version:	BeGaze 3.0.181
Sample Rate:	500
Subject:	P30
Description:	Run35

Table Header for Fixations:
Event Type	Trial	Number	Start	End	Duration	Location X	Location Y	Dispersion X	Dispersion Y	Plane	Avg. Pupil Size X	Avg. Pupil Size Y

Table Header for Saccades:
Event Type	Trial	Number	Start	End	Duration	Start Loc.X	Start Loc.Y	End Loc.X	End Loc.Y	Amplitude	Peak Speed	Peak Speed At	Average Speed	Peak Accel.	Peak Decel.	Average Accel.

Table Header for Blinks:
Event Type	Trial	Number	Start	End	Duration

Table Header for User Events:
Event Type	Trial	Number	Start	Description

UserEvent	1	1	4284125578	# Message: Dist-srthm-27.jpg
Fixation L	1	1	4284136292	4284560387	424095	505.28	435.51	16	43	-1	13.19	13.19
Fixation R	1	1	4284136292	4284560387	424095	505.28	435.51	16	43	-1	12.46	12.46
Saccade L	1	1	4284560387	4284583996	23609	516.33	427.05	485.53	433.90	0.66	49.35	0.43	28.05	1486.23	-1044.39	886.45
Saccade R	1	1	4284560387	4284583996	23609	516.33	427.05	485.53	433.90	0.66	49.35	0.43	28.05	1486.23	-1044.39	886.45
Fixation L	1	2	4284583996	4284890638	306642	506.96	441.17	40	13	-1	13.23	13.23
Fixation R	1	2	4284583996	4284890638	306642	506.96	441.17	40	13	-1	12.61	12.61
Saccade L	1	2	4284890638	4284918672	28034	500.66	441.98	575.45	442.41	1.66	122.40	0.52	59.24	5065.33	-4667.37	3530.74
Saccade R	1	2	4284890638	4284918672	28034	500.66	441.98	575.45	442.41	1.66	122.40	0.52	59.24	5065.33	-4667.37	3530.74
Fixation L	1	3	4284918672	4285062678	144006	578.49	443.77	26	11	-1	13.41	13.41
Fixation R	1	3	4284918672	4285062678	144006	578.49	443.77	26	11	-1	12.71	12.71
Saccade L	1	3	4285062678	4285280757	218079	593.08	441.70	681.32	441.55	74.43	1833.95	0.26	341.29	45621.04	-51869.08	15713.79
Saccade R	1	3	4285062678	4285280757	218079	593.08	441.70	681.32	441.55	74.43	1833.95	0.26	341.29	45621.04	-51869.08	15713.79
Fixation L	1	4	4285280757	4285372755	91998	678.14	438.73	13	15	-1	13.42	13.42
Fixation R	1	4	4285280757	4285372755	91998	678.14	438.73	13	15	-1	12.96	12.96
Saccade L	1	4	4285372755	4285400752	27997	670.09	430.70	791.02	423.65	2.59	192.45	0.57	92.46	7868.85	-7308.94	5448.29
Saccade R	1	4	4285372755	4285400752	27997	670.09	430.70	791.02	423.65	2.59	192.45	0.57	92.46	7868.85	-7308.94	5448.29
Fixation L	1	5	4285400752	4285586974	186222	784.88	431.52	22	20	-1	13.87	13.87
Fixation R	1	5	4285400752	4285586974	186222	784.88	431.52	22	20	-1	13.46	13.46
Saccade L	1	5	4285586974	4285624879	37905	792.80	428.23	889.91	430.82	2.40	172.44	0.68	63.41	6699.63	-5674.17	3570.46
Saccade R	1	5	4285586974	4285624879	37905	792.80	428.23	889.91	430.82	2.40	172.44	0.68	63.41	6699.63	-5674.17	3570.46
Saccade L	1	6	4285624879	4285646871	21992	889.91	430.82	860.44	426.86	0.56	45.12	0.27	25.36	-1041.75	-5674.17	2499.75
Saccade R	1	6	4285624879	4285646871	21992	889.91	430.82	860.44	426.86	0.56	45.12	0.27	25.36	-1041.75	-5674.17	2499.75
Fixation L	1	6	4285646871	4286001135	354264	874.96	424.57	28	21	-1	13.50	13.50
Fixation R	1	6	4285646871	4286001135	354264	874.96	424.57	28	21	-1	13.05	13.05
Saccade L	1	7	4286001135	4286025130	23995	872.85	427.19	949.17	425.70	1.56	129.68	0.58	64.98	4950.79	-4616.51	3326.62
Saccade R	1	7	4286001135	4286025130	23995	872.85	427.19	949.17	425.70	1.56	129.68	0.58	64.98	4950.79	-4616.51	3326.62
Fixation L	1	7	4286025130	4286239270	214140	935.71	422.14	22	27	-1	13.21	13.21
Fixation R	1	7	4286025130	4286239270	214140	935.71	422.14	22	27	-1	12.64	12.64
Saccade L	1	8	4286239270	4286265246	25976	936.57	419.58	1007.85	414.39	1.53	119.24	0.54	59.05	4751.92	-4622.73	3286.31
Saccade R	1	8	4286239270	4286265246	25976	936.57	419.58	1007.85	414.39	1.53	119.24	0.54	59.05	4751.92	-4622.73	3286.31
Fixation L	1	8	4286265246	4286463233	197987	1006.64	412.65	12	20	-1	13.00	13.00
Fixation R	1	8	4286265246	4286463233	197987	1006.64	412.65	12	20	-1	12.52	12.52
Saccade L	1	9	4286463233	4286489260	26027	1009.96	415.55	1104.73	421.18	1.97	152.03	0.54	75.74	6137.40	-5624.46	4194.09
Saccade R	1	9	4286463233	4286489260	26027	1009.96	415.55	1104.73	421.18	1.97	152.03	0.54	75.74	6137.40	-5624.46	4194.09
Fixation L	1	9	4286489260	4286755499	266239	866.57	350.56	1407	1107	-1	11.13	11.13
Fixation R	1	9	4286489260	4286755499	266239	866.57	350.56	1407	1107	-1	10.29	10.29
Fixation L	1	10	4286874548	4287023483	148935	1142.70	430.07	20	18	-1	13.25	13.25
Fixation R	1	10	4286874548	4287023483	148935	1142.70	430.07	20	18	-1	12.85	12.85
Fixation L	1	11	4287116541	4287303016	186475	904.57	973.44	30	24	-1	13.99	13.99
Fixation R	1	11	4287116541	4287303016	186475	904.57	973.44	30	24	-1	13.80	13.80
Saccade L	1	10	4287303016	4287341722	38706	908.05	984.20	906.63	941.09	1.03	47.87	0.48	26.65	1881.67	-1717.83	1270.67
Saccade R	1	10	4287303016	4287341722	38706	908.05	984.20	906.63	941.09	1.03	47.87	0.48	26.65	1881.67	-1717.83	1270.67
Fixation L	1	12	4287341722	4287597838	256116	913.48	946.14	24	27	-1	13.96	13.96
Fixation R	1	12	4287341722	4287597838	256116	913.48	946.14	24	27	-1	13.72	13.72
