[BeGaze]
Converted from:	C:\Program Files\SMI\Experiment Suite 360\Experiment Center 2\Results\RC-Attachment-Exp\P21-eye_data.idf
Date:	18.03.2012 20:16:50
Version:	BeGaze 3.0.181
Sample Rate:	500
Subject:	P21
Description:	Run26

Table Header for Fixations:
Event Type	Trial	Number	Start	End	Duration	Location X	Location Y	Dispersion X	Dispersion Y	Plane	Avg. Pupil Size X	Avg. Pupil Size Y

Table Header for Saccades:
Event Type	Trial	Number	Start	End	Duration	Start Loc.X	Start Loc.Y	End Loc.X	End Loc.Y	Amplitude	Peak Speed	Peak Speed At	Average Speed	Peak Accel.	Peak Decel.	Average Accel.

Table Header for Blinks:
Event Type	Trial	Number	Start	End	Duration

Table Header for User Events:
Event Type	Trial	Number	Start	Description

UserEvent	1	1	20169712192	# Message: RC-N1forced-nonanim-5.jpg
Fixation L	1	1	20169714011	20170320224	606213	506.09	442.35	45	22	-1	14.91	14.91
Fixation R	1	1	20169714011	20170320224	606213	506.09	442.35	45	22	-1	16.03	16.03
Saccade L	1	1	20170320224	20170356246	36022	510.47	438.32	578.32	442.31	1.46	58.88	0.33	40.39	2300.90	-1975.77	1537.70
Saccade R	1	1	20170320224	20170356246	36022	510.47	438.32	578.32	442.31	1.46	58.88	0.33	40.39	2300.90	-1975.77	1537.70
Fixation L	1	2	20170356246	20170546378	190132	580.84	443.88	21	16	-1	14.96	14.96
Fixation R	1	2	20170356246	20170546378	190132	580.84	443.88	21	16	-1	16.01	16.01
Saccade L	1	2	20170546378	20170596332	49954	576.69	451.90	683.38	451.81	2.39	84.76	0.40	47.75	3318.62	-2052.42	1919.76
Saccade R	1	2	20170546378	20170596332	49954	576.69	451.90	683.38	451.81	2.39	84.76	0.40	47.75	3318.62	-2052.42	1919.76
Fixation L	1	3	20170596332	20170788451	192119	674.82	452.11	32	21	-1	15.23	15.23
Fixation R	1	3	20170596332	20170788451	192119	674.82	452.11	32	21	-1	16.15	16.15
Saccade L	1	3	20170788451	20170840457	52006	675.64	458.29	769.38	446.48	2.19	82.17	0.38	42.02	2771.03	-2487.27	1589.54
Saccade R	1	3	20170788451	20170840457	52006	675.64	458.29	769.38	446.48	2.19	82.17	0.38	42.02	2771.03	-2487.27	1589.54
Fixation L	1	4	20170840457	20171002438	161981	767.61	447.78	23	17	-1	15.34	15.34
Fixation R	1	4	20170840457	20171002438	161981	767.61	447.78	23	17	-1	16.26	16.26
Saccade L	1	4	20171002438	20171042581	40143	757.79	447.39	819.40	440.80	1.40	54.81	0.30	35.00	2081.61	-1270.40	1117.10
Saccade R	1	4	20171002438	20171042581	40143	757.79	447.39	819.40	440.80	1.40	54.81	0.30	35.00	2081.61	-1270.40	1117.10
Fixation L	1	5	20171042581	20171386674	344093	822.44	445.30	17	21	-1	14.85	14.85
Fixation R	1	5	20171042581	20171386674	344093	822.44	445.30	17	21	-1	15.79	15.79
Saccade L	1	5	20171386674	20171428674	42000	817.85	444.04	925.11	447.12	2.34	86.82	0.43	55.69	3700.37	-3242.10	2496.79
Saccade R	1	5	20171386674	20171428674	42000	817.85	444.04	925.11	447.12	2.34	86.82	0.43	55.69	3700.37	-3242.10	2496.79
Fixation L	1	6	20171428674	20171596798	168124	915.63	439.32	20	16	-1	14.15	14.15
Fixation R	1	6	20171428674	20171596798	168124	915.63	439.32	20	16	-1	14.97	14.97
Saccade L	1	6	20171596798	20171648819	52021	918.36	445.15	1026.56	441.28	3.19	126.68	0.23	61.34	4917.03	-3774.33	2720.69
Saccade R	1	6	20171596798	20171648819	52021	918.36	445.15	1026.56	441.28	3.19	126.68	0.23	61.34	4917.03	-3774.33	2720.69
Fixation L	1	7	20171648819	20171794779	145960	1013.64	437.45	32	10	-1	13.92	13.92
Fixation R	1	7	20171648819	20171794779	145960	1013.64	437.45	32	10	-1	14.60	14.60
Saccade L	1	7	20171794779	20171837050	42271	1015.11	435.14	1116.13	432.22	2.27	91.01	0.43	53.58	3505.17	-3142.87	2423.77
Saccade R	1	7	20171794779	20171837050	42271	1015.11	435.14	1116.13	432.22	2.27	91.01	0.43	53.58	3505.17	-3142.87	2423.77
Fixation L	1	8	20171837050	20172006897	169847	1101.23	439.76	26	33	-1	13.60	13.60
Fixation R	1	8	20171837050	20172006897	169847	1101.23	439.76	26	33	-1	14.25	14.25
Saccade L	1	8	20172006897	20172069019	62122	1093.95	444.52	621.10	457.81	10.99	348.09	0.45	176.99	14315.66	-13827.92	9312.57
Saccade R	1	8	20172006897	20172069019	62122	1093.95	444.52	621.10	457.81	10.99	348.09	0.45	176.99	14315.66	-13827.92	9312.57
Fixation L	1	9	20172069019	20172215019	146000	651.07	451.48	55	16	-1	13.68	13.68
Fixation R	1	9	20172069019	20172215019	146000	651.07	451.48	55	16	-1	14.14	14.14
Saccade L	1	9	20172215019	20172283087	68068	655.14	450.05	825.45	933.98	12.68	354.81	0.59	186.27	12274.14	-14037.24	8878.75
Saccade R	1	9	20172215019	20172283087	68068	655.14	450.05	825.45	933.98	12.68	354.81	0.59	186.27	12274.14	-14037.24	8878.75
Fixation L	1	10	20172283087	20172447128	164041	824.27	905.97	36	55	-1	14.23	14.23
Fixation R	1	10	20172283087	20172447128	164041	824.27	905.97	36	55	-1	14.83	14.83
Saccade L	1	10	20172447128	20172487134	40006	802.92	887.07	875.49	938.49	1.93	74.80	0.35	48.24	2637.80	-2317.60	1833.12
Saccade R	1	10	20172447128	20172487134	40006	802.92	887.07	875.49	938.49	1.93	74.80	0.35	48.24	2637.80	-2317.60	1833.12
Fixation L	1	11	20172487134	20173007398	520264	851.83	932.28	37	50	-1	14.53	14.53
Fixation R	1	11	20172487134	20173007398	520264	851.83	932.28	37	50	-1	15.12	15.12
