[BeGaze]
Converted from:	C:\Program Files\SMI\Experiment Suite 360\Experiment Center 2\Results\RC-Attachment-Exp\P20-eye_data.idf
Date:	18.03.2012 20:16:02
Version:	BeGaze 3.0.181
Sample Rate:	500
Subject:	P20
Description:	Run25

Table Header for Fixations:
Event Type	Trial	Number	Start	End	Duration	Location X	Location Y	Dispersion X	Dispersion Y	Plane	Avg. Pupil Size X	Avg. Pupil Size Y

Table Header for Saccades:
Event Type	Trial	Number	Start	End	Duration	Start Loc.X	Start Loc.Y	End Loc.X	End Loc.Y	Amplitude	Peak Speed	Peak Speed At	Average Speed	Peak Accel.	Peak Decel.	Average Accel.

Table Header for Blinks:
Event Type	Trial	Number	Start	End	Duration

Table Header for User Events:
Event Type	Trial	Number	Start	Description

UserEvent	1	1	19502330738	# Message: RC-N2forced-anim-6.jpg
Fixation L	1	1	19502331339	19502411470	80131	541.64	452.36	25	20	-1	12.44	12.44
Fixation R	1	1	19502331339	19502411470	80131	541.64	452.36	25	20	-1	12.30	12.30
Saccade L	1	1	19502411470	19502433463	21993	549.70	460.00	510.27	439.08	0.87	62.35	0.45	39.73	1672.65	-2082.07	1272.05
Saccade R	1	1	19502411470	19502433463	21993	549.70	460.00	510.27	439.08	0.87	62.35	0.45	39.73	1672.65	-2082.07	1272.05
Fixation L	1	2	19502433463	19503033662	600199	508.03	428.32	33	29	-1	12.28	12.28
Fixation R	1	2	19502433463	19503033662	600199	508.03	428.32	33	29	-1	12.19	12.19
Saccade L	1	2	19503033662	19503059667	26005	504.58	422.04	549.04	425.94	0.94	53.25	0.46	36.00	1598.09	-1897.32	1258.84
Saccade R	1	2	19503033662	19503059667	26005	504.58	422.04	549.04	425.94	0.94	53.25	0.46	36.00	1598.09	-1897.32	1258.84
Fixation L	1	3	19503059667	19503393802	334135	556.79	433.32	33	35	-1	11.75	11.75
Fixation R	1	3	19503059667	19503393802	334135	556.79	433.32	33	35	-1	11.63	11.63
Saccade L	1	3	19503393802	19503421902	28100	552.61	422.74	625.75	435.21	1.61	103.87	0.43	57.14	4190.84	-3775.49	2878.59
Saccade R	1	3	19503393802	19503421902	28100	552.61	422.74	625.75	435.21	1.61	103.87	0.43	57.14	4190.84	-3775.49	2878.59
Fixation L	1	4	19503421902	19503832018	410116	636.35	443.35	30	23	-1	11.92	11.92
Fixation R	1	4	19503421902	19503832018	410116	636.35	443.35	30	23	-1	11.90	11.90
Saccade L	1	4	19503832018	19503864009	31991	633.40	434.01	728.83	437.25	2.08	119.63	0.56	64.87	5012.17	-5097.44	3690.36
Saccade R	1	4	19503832018	19503864009	31991	633.40	434.01	728.83	437.25	2.08	119.63	0.56	64.87	5012.17	-5097.44	3690.36
Fixation L	1	5	19503864009	19504068138	204129	731.80	436.58	20	19	-1	12.21	12.21
Fixation R	1	5	19503864009	19504068138	204129	731.80	436.58	20	19	-1	12.08	12.08
Saccade L	1	5	19504068138	19504102155	34017	726.76	444.27	851.02	437.58	2.70	147.24	0.41	79.36	5754.58	-5726.69	4179.72
Saccade R	1	5	19504068138	19504102155	34017	726.76	444.27	851.02	437.58	2.70	147.24	0.41	79.36	5754.58	-5726.69	4179.72
Fixation L	1	6	19504102155	19504542353	440198	858.21	444.17	31	16	-1	12.41	12.41
Fixation R	1	6	19504102155	19504542353	440198	858.21	444.17	31	16	-1	12.34	12.34
Saccade L	1	6	19504542353	19504566395	24042	854.09	442.18	919.67	438.67	1.39	93.07	0.42	57.73	3830.95	-3498.48	2577.44
Saccade R	1	6	19504542353	19504566395	24042	854.09	442.18	919.67	438.67	1.39	93.07	0.42	57.73	3830.95	-3498.48	2577.44
Fixation L	1	7	19504566395	19504728367	161972	932.36	434.38	26	19	-1	12.23	12.23
Fixation R	1	7	19504566395	19504728367	161972	932.36	434.38	26	19	-1	12.24	12.24
Saccade L	1	7	19504728367	19504756481	28114	936.44	438.02	1031.56	429.71	2.04	138.03	0.43	72.44	5721.15	-5338.94	4032.63
Saccade R	1	7	19504728367	19504756481	28114	936.44	438.02	1031.56	429.71	2.04	138.03	0.43	72.44	5721.15	-5338.94	4032.63
Fixation L	1	8	19504756481	19505050614	294133	1036.70	443.62	23	30	-1	12.11	12.11
Fixation R	1	8	19504756481	19505050614	294133	1036.70	443.62	23	30	-1	12.20	12.20
Saccade L	1	8	19505050614	19505074582	23968	1034.39	446.54	1113.44	428.92	1.63	127.52	0.42	67.82	4964.62	-5012.46	3435.47
Saccade R	1	8	19505050614	19505074582	23968	1034.39	446.54	1113.44	428.92	1.63	127.52	0.42	67.82	4964.62	-5012.46	3435.47
Fixation L	1	9	19505074582	19505230591	156009	1122.00	436.74	22	22	-1	12.35	12.35
Fixation R	1	9	19505074582	19505230591	156009	1122.00	436.74	22	22	-1	12.47	12.47
Saccade L	1	9	19505230591	19505278580	47989	1125.62	431.70	704.69	431.12	9.39	396.05	0.37	195.69	17374.12	-13159.80	10950.70
Saccade R	1	9	19505230591	19505278580	47989	1125.62	431.70	704.69	431.12	9.39	396.05	0.37	195.69	17374.12	-13159.80	10950.70
Fixation L	1	10	19505278580	19505462719	184139	704.93	436.60	15	24	-1	12.71	12.71
Fixation R	1	10	19505278580	19505462719	184139	704.93	436.60	15	24	-1	12.65	12.65
Saccade L	1	10	19505462719	19505490707	27988	696.30	441.93	595.84	450.32	2.13	140.43	0.50	76.15	5690.20	-4883.80	3879.80
Saccade R	1	10	19505462719	19505490707	27988	696.30	441.93	595.84	450.32	2.13	140.43	0.50	76.15	5690.20	-4883.80	3879.80
Fixation L	1	11	19505490707	19505616812	126105	607.86	459.03	22	22	-1	13.05	13.05
Fixation R	1	11	19505490707	19505616812	126105	607.86	459.03	22	22	-1	13.04	13.04
Saccade L	1	11	19505616812	19505686807	69995	610.61	447.83	914.67	942.65	16.69	651.96	0.57	238.41	16303.27	-26891.00	10818.91
Saccade R	1	11	19505616812	19505686807	69995	610.61	447.83	914.67	942.65	16.69	651.96	0.57	238.41	16303.27	-26891.00	10818.91
Fixation L	1	12	19505686807	19505948918	262111	917.83	955.18	22	34	-1	13.95	13.95
Fixation R	1	12	19505686807	19505948918	262111	917.83	955.18	22	34	-1	13.79	13.79
Saccade L	1	12	19505948918	19505970920	22002	925.73	961.52	860.32	1005.92	1.57	125.68	0.58	71.30	5059.15	-4166.96	3086.30
Saccade R	1	12	19505948918	19505970920	22002	925.73	961.52	860.32	1005.92	1.57	125.68	0.58	71.30	5059.15	-4166.96	3086.30
Fixation L	1	13	19505970920	19506185037	214117	871.00	998.40	27	27	-1	14.20	14.20
Fixation R	1	13	19505970920	19506185037	214117	871.00	998.40	27	27	-1	14.33	14.33
