[BeGaze]
Converted from:	C:\Program Files\SMI\Experiment Suite 360\Experiment Center 2\Results\RC-Attachment-Exp\P18-eye_data.idf
Date:	18.03.2012 20:13:47
Version:	BeGaze 3.0.181
Sample Rate:	500
Subject:	P18
Description:	Run23

Table Header for Fixations:
Event Type	Trial	Number	Start	End	Duration	Location X	Location Y	Dispersion X	Dispersion Y	Plane	Avg. Pupil Size X	Avg. Pupil Size Y

Table Header for Saccades:
Event Type	Trial	Number	Start	End	Duration	Start Loc.X	Start Loc.Y	End Loc.X	End Loc.Y	Amplitude	Peak Speed	Peak Speed At	Average Speed	Peak Accel.	Peak Decel.	Average Accel.

Table Header for Blinks:
Event Type	Trial	Number	Start	End	Duration

Table Header for User Events:
Event Type	Trial	Number	Start	Description

UserEvent	1	1	17040837279	# Message: Dist-srcop-12.jpg
Saccade L	1	1	17040863879	17040889896	26017	514.38	442.37	501.71	396.07	0.97	56.98	0.54	37.28	2160.85	-1780.72	1445.50
Saccade R	1	1	17040863879	17040889896	26017	514.38	442.37	501.71	396.07	0.97	56.98	0.54	37.28	2160.85	-1780.72	1445.50
Saccade L	1	2	17040897891	17040919899	22008	500.84	397.15	520.27	428.54	0.68	40.86	0.45	30.89	1015.31	-1227.74	836.35
Saccade R	1	2	17040897891	17040919899	22008	500.84	397.15	520.27	428.54	0.68	40.86	0.45	30.89	1015.31	-1227.74	836.35
Fixation L	1	1	17040919899	17041020012	100113	507.61	427.39	34	26	-1	9.82	9.82
Fixation R	1	1	17040919899	17041020012	100113	507.61	427.39	34	26	-1	10.08	10.08
Blink L	1	1	17041020012	17041136030	116018
Blink R	1	1	17041020012	17041136030	116018
Fixation L	1	2	17041162008	17041488247	326239	501.29	413.91	27	63	-1	9.92	9.92
Fixation R	1	2	17041162008	17041488247	326239	501.29	413.91	27	63	-1	10.22	10.22
Fixation L	1	3	17041508225	17041666229	158004	548.95	422.94	23	27	-1	9.64	9.64
Fixation R	1	3	17041508225	17041666229	158004	548.95	422.94	23	27	-1	10.11	10.11
Saccade L	1	3	17041666229	17041712237	46008	537.53	413.62	627.80	436.58	2.08	106.74	0.22	45.30	4289.21	-3133.83	1843.00
Saccade R	1	3	17041666229	17041712237	46008	537.53	413.62	627.80	436.58	2.08	106.74	0.22	45.30	4289.21	-3133.83	1843.00
Fixation L	1	4	17041712237	17041866342	154105	636.90	435.92	27	44	-1	9.59	9.59
Fixation R	1	4	17041712237	17041866342	154105	636.90	435.92	27	44	-1	9.97	9.97
Saccade L	1	4	17041866342	17041900480	34138	655.48	448.42	600.96	419.00	1.28	52.39	0.35	37.41	2112.20	-1458.78	1278.90
Saccade R	1	4	17041866342	17041900480	34138	655.48	448.42	600.96	419.00	1.28	52.39	0.35	37.41	2112.20	-1458.78	1278.90
Fixation L	1	5	17041900480	17041978337	77857	600.41	419.84	5	38	-1	9.41	9.41
Fixation R	1	5	17041900480	17041978337	77857	600.41	419.84	5	38	-1	9.91	9.91
Saccade L	1	5	17041978337	17042008360	30023	598.77	443.53	557.39	410.70	1.12	54.20	0.40	37.28	1632.04	-1978.24	1377.49
Saccade R	1	5	17041978337	17042008360	30023	598.77	443.53	557.39	410.70	1.12	54.20	0.40	37.28	1632.04	-1978.24	1377.49
Fixation L	1	6	17042008360	17042334570	326210	580.76	425.94	61	48	-1	9.51	9.51
Fixation R	1	6	17042008360	17042334570	326210	580.76	425.94	61	48	-1	9.84	9.84
Saccade L	1	6	17042334570	17042372616	38046	570.97	431.99	729.09	445.16	3.52	218.53	0.32	92.59	8627.13	-7893.75	5406.92
Saccade R	1	6	17042334570	17042372616	38046	570.97	431.99	729.09	445.16	3.52	218.53	0.32	92.59	8627.13	-7893.75	5406.92
Fixation L	1	7	17042372616	17042664729	292113	743.09	432.52	42	41	-1	9.54	9.54
Fixation R	1	7	17042372616	17042664729	292113	743.09	432.52	42	41	-1	9.86	9.86
Saccade L	1	7	17042664729	17042688675	23946	748.95	411.05	845.51	429.56	2.07	163.17	0.50	86.39	6684.28	-6041.06	4460.08
Saccade R	1	7	17042664729	17042688675	23946	748.95	411.05	845.51	429.56	2.07	163.17	0.50	86.39	6684.28	-6041.06	4460.08
Saccade L	1	8	17042716705	17042750693	33988	841.01	420.78	883.86	438.32	1.04	40.22	0.59	30.55	1320.75	-1471.34	967.13
Saccade R	1	8	17042716705	17042750693	33988	841.01	420.78	883.86	438.32	1.04	40.22	0.59	30.55	1320.75	-1471.34	967.13
Fixation L	1	8	17042750693	17043070804	320111	865.64	422.41	49	58	-1	9.51	9.51
Fixation R	1	8	17042750693	17043070804	320111	865.64	422.41	49	58	-1	9.76	9.76
Saccade L	1	9	17043070804	17043098942	28138	837.06	428.37	898.09	431.66	1.25	77.39	0.36	44.42	2060.86	-2789.47	1801.06
Saccade R	1	9	17043070804	17043098942	28138	837.06	428.37	898.09	431.66	1.25	77.39	0.36	44.42	2060.86	-2789.47	1801.06
Fixation L	1	9	17043098942	17043545026	446084	896.21	427.98	55	40	-1	9.36	9.36
Fixation R	1	9	17043098942	17043545026	446084	896.21	427.98	55	40	-1	9.66	9.66
Saccade L	1	10	17043545026	17043587017	41991	883.49	431.16	986.72	449.06	2.35	102.22	0.29	56.05	4039.13	-2324.08	2239.86
Saccade R	1	10	17043545026	17043587017	41991	883.49	431.16	986.72	449.06	2.35	102.22	0.29	56.05	4039.13	-2324.08	2239.86
Fixation L	1	10	17043587017	17043887177	300160	1005.37	423.47	31	48	-1	9.30	9.30
Fixation R	1	10	17043587017	17043887177	300160	1005.37	423.47	31	48	-1	9.71	9.71
Saccade L	1	11	17043887177	17043933269	46092	1013.16	417.80	1097.12	411.10	1.91	73.96	0.26	41.54	2973.39	-2069.56	1653.98
Saccade R	1	11	17043887177	17043933269	46092	1013.16	417.80	1097.12	411.10	1.91	73.96	0.26	41.54	2973.39	-2069.56	1653.98
Saccade L	1	12	17043947283	17043969275	21992	1098.10	411.03	1064.93	420.96	0.69	42.89	0.45	31.19	1456.53	-1719.67	1139.85
Saccade R	1	12	17043947283	17043969275	21992	1098.10	411.03	1064.93	420.96	0.69	42.89	0.45	31.19	1456.53	-1719.67	1139.85
Fixation L	1	11	17043969275	17044053280	84005	1072.73	416.56	21	16	-1	9.40	9.40
Fixation R	1	11	17043969275	17044053280	84005	1072.73	416.56	21	16	-1	9.69	9.69
Saccade L	1	13	17044053280	17044081246	27966	1081.59	425.65	1155.60	410.46	1.60	106.41	0.43	57.36	3886.88	-3801.35	2694.25
Saccade R	1	13	17044053280	17044081246	27966	1081.59	425.65	1155.60	410.46	1.60	106.41	0.43	57.36	3886.88	-3801.35	2694.25
Fixation L	1	12	17044081246	17044273369	192123	1161.10	417.34	15	19	-1	9.23	9.23
Fixation R	1	12	17044081246	17044273369	192123	1161.10	417.34	15	19	-1	9.85	9.85
Saccade L	1	14	17044273369	17044349388	76019	1158.16	424.07	884.46	928.07	13.37	387.49	0.34	175.89	15278.52	-11497.36	7776.80
Saccade R	1	14	17044273369	17044349388	76019	1158.16	424.07	884.46	928.07	13.37	387.49	0.34	175.89	15278.52	-11497.36	7776.80
Saccade L	1	15	17044349388	17044385363	35975	884.46	928.07	855.06	901.71	1.24	49.73	0.44	34.53	857.65	-1321.21	835.34
Saccade R	1	15	17044349388	17044385363	35975	884.46	928.07	855.06	901.71	1.24	49.73	0.44	34.53	857.65	-1321.21	835.34
Fixation L	1	13	17044385363	17044527494	142131	861.66	922.19	26	62	-1	10.17	10.17
Fixation R	1	13	17044385363	17044527494	142131	861.66	922.19	26	62	-1	10.35	10.35
Saccade L	1	16	17044527494	17044549477	21983	858.88	952.31	886.76	914.91	0.85	57.03	0.45	38.85	2022.99	-1446.21	1254.93
Saccade R	1	16	17044527494	17044549477	21983	858.88	952.31	886.76	914.91	0.85	57.03	0.45	38.85	2022.99	-1446.21	1254.93
Saccade L	1	17	17044587522	17044643479	55957	911.56	938.63	861.46	913.81	1.57	45.25	0.68	27.98	820.41	-1020.69	447.90
Saccade R	1	17	17044587522	17044643479	55957	911.56	938.63	861.46	913.81	1.57	45.25	0.68	27.98	820.41	-1020.69	447.90
Fixation L	1	14	17044643479	17044739474	95995	869.39	946.19	34	61	-1	10.44	10.44
Fixation R	1	14	17044643479	17044739474	95995	869.39	946.19	34	61	-1	10.78	10.78
Saccade L	1	18	17044739474	17044763624	24150	882.26	972.60	868.64	927.00	0.95	61.42	0.58	39.17	1713.71	-2289.51	1417.76
Saccade R	1	18	17044739474	17044763624	24150	882.26	972.60	868.64	927.00	0.95	61.42	0.58	39.17	1713.71	-2289.51	1417.76
Fixation L	1	15	17044763624	17044986350	222726	880.99	944.02	25	58	-1	10.22	10.22
Fixation R	1	15	17044763624	17044986350	222726	880.99	944.02	25	58	-1	10.38	10.38
Saccade L	1	19	17044986350	17045015898	29548	889.48	973.87	869.67	929.83	1.05	52.90	0.39	35.70	1882.23	-1278.66	1170.07
Saccade R	1	19	17044986350	17045015898	29548	889.48	973.87	869.67	929.83	1.05	52.90	0.39	35.70	1882.23	-1278.66	1170.07
Fixation L	1	16	17045015898	17045065912	50014	879.71	924.32	16	13	-1	9.97	9.97
Fixation R	1	16	17045015898	17045065912	50014	879.71	924.32	16	13	-1	10.57	10.57
Saccade L	1	20	17045065912	17045089706	23794	877.88	921.01	863.08	954.13	0.74	42.21	0.42	31.22	1491.89	-681.27	711.60
Saccade R	1	20	17045065912	17045089706	23794	877.88	921.01	863.08	954.13	0.74	42.21	0.42	31.22	1491.89	-681.27	711.60
Saccade L	1	21	17045095663	17045117742	22079	861.84	955.03	838.19	978.88	0.68	43.46	0.45	30.97	534.09	-1296.83	679.85
Saccade R	1	21	17045095663	17045117742	22079	861.84	955.03	838.19	978.88	0.68	43.46	0.45	30.97	534.09	-1296.83	679.85
Fixation L	1	17	17045117742	17045197701	79959	841.23	981.32	12	9	-1	10.47	10.47
Fixation R	1	17	17045117742	17045197701	79959	841.23	981.32	12	9	-1	10.98	10.98
