[BeGaze]
Converted from:	C:\Program Files\SMI\Experiment Suite 360\Experiment Center 2\Results\RC-Attachment-Exp\P23-eye_data.idf
Date:	18.03.2012 20:18:15
Version:	BeGaze 3.0.181
Sample Rate:	500
Subject:	P23
Description:	Run28

Table Header for Fixations:
Event Type	Trial	Number	Start	End	Duration	Location X	Location Y	Dispersion X	Dispersion Y	Plane	Avg. Pupil Size X	Avg. Pupil Size Y

Table Header for Saccades:
Event Type	Trial	Number	Start	End	Duration	Start Loc.X	Start Loc.Y	End Loc.X	End Loc.Y	Amplitude	Peak Speed	Peak Speed At	Average Speed	Peak Accel.	Peak Decel.	Average Accel.

Table Header for Blinks:
Event Type	Trial	Number	Start	End	Duration

Table Header for User Events:
Event Type	Trial	Number	Start	Description

UserEvent	1	1	4756222483	# Message: RC-N2forced-nonanim-2.jpg
Fixation L	1	1	4756226218	4756627504	401286	542.83	448.64	36	41	-1	13.74	13.74
Fixation R	1	1	4756226218	4756627504	401286	542.83	448.64	36	41	-1	14.07	14.07
Saccade L	1	1	4756627504	4756666262	38758	550.50	450.33	663.00	455.86	2.52	141.25	0.36	65.13	5840.27	-5028.09	3601.10
Saccade R	1	1	4756627504	4756666262	38758	550.50	450.33	663.00	455.86	2.52	141.25	0.36	65.13	5840.27	-5028.09	3601.10
Fixation L	1	2	4756666262	4756993619	327357	654.98	445.94	46	28	-1	13.46	13.46
Fixation R	1	2	4756666262	4756993619	327357	654.98	445.94	46	28	-1	13.99	13.99
Saccade L	1	2	4756993619	4757023747	30128	638.99	446.73	733.83	454.32	2.07	124.71	0.40	68.65	4801.50	-4912.69	3560.82
Saccade R	1	2	4756993619	4757023747	30128	638.99	446.73	733.83	454.32	2.07	124.71	0.40	68.65	4801.50	-4912.69	3560.82
Fixation L	1	3	4757023747	4757229741	205994	727.75	450.84	23	20	-1	13.06	13.06
Fixation R	1	3	4757023747	4757229741	205994	727.75	450.84	23	20	-1	13.55	13.55
Saccade L	1	3	4757229741	4757257927	28186	734.04	459.57	787.55	452.48	1.12	58.32	0.50	39.89	2260.22	-2033.67	1610.56
Saccade R	1	3	4757229741	4757257927	28186	734.04	459.57	787.55	452.48	1.12	58.32	0.50	39.89	2260.22	-2033.67	1610.56
Fixation L	1	4	4757257927	4757620013	362086	789.07	451.10	25	48	-1	13.08	13.08
Fixation R	1	4	4757257927	4757620013	362086	789.07	451.10	25	48	-1	13.68	13.68
Saccade L	1	4	4757620013	4757653965	33952	798.48	470.21	694.11	452.59	2.25	122.81	0.41	66.41	4997.10	-4775.42	3528.27
Saccade R	1	4	4757620013	4757653965	33952	798.48	470.21	694.11	452.59	2.25	122.81	0.41	66.41	4997.10	-4775.42	3528.27
Fixation L	1	5	4757653965	4757832090	178125	705.47	454.03	21	18	-1	13.20	13.20
Fixation R	1	5	4757653965	4757832090	178125	705.47	454.03	21	18	-1	13.64	13.64
Saccade L	1	5	4757832090	4757856098	24008	714.67	460.95	635.98	467.78	1.68	119.53	0.50	70.14	4950.97	-4525.07	3326.43
Saccade R	1	5	4757832090	4757856098	24008	714.67	460.95	635.98	467.78	1.68	119.53	0.50	70.14	4950.97	-4525.07	3326.43
Fixation L	1	6	4757856098	4758260195	404097	633.61	449.58	43	42	-1	13.41	13.41
Fixation R	1	6	4757856098	4758260195	404097	633.61	449.58	43	42	-1	13.87	13.87
Saccade L	1	6	4758260195	4758292212	32017	636.00	448.32	560.06	436.30	1.70	90.04	0.45	52.99	3449.48	-3336.90	2428.15
Saccade R	1	6	4758260195	4758292212	32017	636.00	448.32	560.06	436.30	1.70	90.04	0.45	52.99	3449.48	-3336.90	2428.15
Fixation L	1	7	4758292212	4758446323	154111	562.63	449.59	21	25	-1	13.73	13.73
Fixation R	1	7	4758292212	4758446323	154111	562.63	449.59	21	25	-1	13.98	13.98
Saccade L	1	7	4758446323	4758472456	26133	553.86	456.70	636.90	448.04	1.89	136.80	0.56	72.21	4681.50	-4581.56	3300.47
Saccade R	1	7	4758446323	4758472456	26133	553.86	456.70	636.90	448.04	1.89	136.80	0.56	72.21	4681.50	-4581.56	3300.47
Fixation L	1	8	4758472456	4758740445	267989	646.46	450.77	16	25	-1	13.78	13.78
Fixation R	1	8	4758472456	4758740445	267989	646.46	450.77	16	25	-1	14.21	14.21
Blink L	1	1	4758760462	4758988759	228297
Blink R	1	1	4758760462	4758988759	228297
Fixation L	1	9	4758988759	4759149722	160963	736.69	446.99	25	18	-1	13.02	13.02
Fixation R	1	9	4758988759	4759149722	160963	736.69	446.99	25	18	-1	13.38	13.38
Saccade L	1	8	4759149722	4759183451	33729	740.40	448.73	797.62	439.03	1.39	67.52	0.27	41.11	2658.78	-2134.17	1636.51
Saccade R	1	8	4759149722	4759183451	33729	740.40	448.73	797.62	439.03	1.39	67.52	0.27	41.11	2658.78	-2134.17	1636.51
Fixation L	1	10	4759183451	4759341701	158250	797.60	441.51	18	14	-1	12.80	12.80
Fixation R	1	10	4759183451	4759341701	158250	797.60	441.51	18	14	-1	13.36	13.36
Saccade L	1	9	4759341701	4759366934	25233	800.38	437.58	877.53	437.44	1.58	113.17	0.43	62.46	4759.28	-4306.90	3155.35
Saccade R	1	9	4759341701	4759366934	25233	800.38	437.58	877.53	437.44	1.58	113.17	0.43	62.46	4759.28	-4306.90	3155.35
Fixation L	1	11	4759366934	4759545009	178075	875.93	431.20	12	22	-1	12.10	12.10
Fixation R	1	11	4759366934	4759545009	178075	875.93	431.20	12	22	-1	12.88	12.88
Saccade L	1	10	4759545009	4759586127	41118	873.09	430.56	978.82	411.06	2.62	130.04	0.29	63.78	5488.82	-4538.65	3303.09
Saccade R	1	10	4759545009	4759586127	41118	873.09	430.56	978.82	411.06	2.62	130.04	0.29	63.78	5488.82	-4538.65	3303.09
Fixation L	1	12	4759586127	4759772909	186782	968.73	427.14	25	27	-1	11.81	11.81
Fixation R	1	12	4759586127	4759772909	186782	968.73	427.14	25	27	-1	12.62	12.62
Saccade L	1	11	4759772909	4759804901	31992	977.93	437.48	1041.58	420.30	1.48	73.53	0.56	46.22	2650.20	-3027.38	2072.47
Saccade R	1	11	4759772909	4759804901	31992	977.93	437.48	1041.58	420.30	1.48	73.53	0.56	46.22	2650.20	-3027.38	2072.47
Fixation L	1	13	4759804901	4760061101	256200	1047.56	420.37	19	25	-1	11.80	11.80
Fixation R	1	13	4759804901	4760061101	256200	1047.56	420.37	19	25	-1	12.50	12.50
Saccade L	1	12	4760061101	4760085022	23921	1057.77	419.74	1097.73	426.19	0.85	53.77	0.50	35.39	1834.39	-1786.61	1264.42
Saccade R	1	12	4760061101	4760085022	23921	1057.77	419.74	1097.73	426.19	0.85	53.77	0.50	35.39	1834.39	-1786.61	1264.42
Fixation L	1	14	4760085022	4760219575	134553	1096.44	426.25	11	17	-1	11.90	11.90
Fixation R	1	14	4760085022	4760219575	134553	1096.44	426.25	11	17	-1	12.85	12.85
Saccade L	1	13	4760219575	4760243137	23562	1097.98	422.22	1047.86	426.94	1.07	74.11	0.40	45.21	3084.02	-2744.71	2047.06
Saccade R	1	13	4760219575	4760243137	23562	1097.98	422.22	1047.86	426.94	1.07	74.11	0.40	45.21	3084.02	-2744.71	2047.06
Fixation L	1	15	4760243137	4760519873	276736	1039.84	434.99	35	41	-1	12.18	12.18
Fixation R	1	15	4760243137	4760519873	276736	1039.84	434.99	35	41	-1	12.77	12.77
Saccade L	1	14	4760519873	4760541521	21648	1039.08	461.24	1071.62	443.29	0.75	48.59	0.43	34.55	1700.26	-1165.45	1023.28
Saccade R	1	14	4760519873	4760541521	21648	1039.08	461.24	1071.62	443.29	0.75	48.59	0.43	34.55	1700.26	-1165.45	1023.28
Fixation L	1	16	4760541521	4760723249	181728	1086.61	449.40	31	19	-1	12.61	12.61
Fixation R	1	16	4760541521	4760723249	181728	1086.61	449.40	31	19	-1	13.14	13.14
Saccade L	1	15	4760723249	4760745469	22220	1080.09	456.15	1128.98	454.09	0.91	66.34	0.36	40.75	1502.89	-2594.52	1349.12
Saccade R	1	15	4760723249	4760745469	22220	1080.09	456.15	1128.98	454.09	0.91	66.34	0.36	40.75	1502.89	-2594.52	1349.12
Fixation L	1	17	4760745469	4760805371	59902	1131.75	457.05	6	12	-1	12.77	12.77
Fixation R	1	17	4760745469	4760805371	59902	1131.75	457.05	6	12	-1	13.24	13.24
Saccade L	1	16	4760805371	4760859388	54017	1136.54	456.59	688.33	472.85	10.29	353.13	0.30	190.57	15800.04	-10917.87	9415.51
Saccade R	1	16	4760805371	4760859388	54017	1136.54	456.59	688.33	472.85	10.29	353.13	0.30	190.57	15800.04	-10917.87	9415.51
Fixation L	1	18	4760859388	4761059374	199986	687.30	461.11	26	31	-1	12.98	12.98
Fixation R	1	18	4760859388	4761059374	199986	687.30	461.11	26	31	-1	13.26	13.26
Saccade L	1	17	4761059374	4761085488	26114	685.72	472.84	637.47	456.10	1.11	66.29	0.47	42.37	1974.31	-2578.02	1661.02
Saccade R	1	17	4761059374	4761085488	26114	685.72	472.84	637.47	456.10	1.11	66.29	0.47	42.37	1974.31	-2578.02	1661.02
Fixation L	1	19	4761085488	4761425605	340117	641.40	457.66	23	25	-1	12.88	12.88
Fixation R	1	19	4761085488	4761425605	340117	641.40	457.66	23	25	-1	13.12	13.12
Saccade L	1	18	4761425605	4761451593	25988	641.23	450.04	719.66	448.22	1.67	113.26	0.46	64.22	4646.54	-4588.20	3260.67
Saccade R	1	18	4761425605	4761451593	25988	641.23	450.04	719.66	448.22	1.67	113.26	0.46	64.22	4646.54	-4588.20	3260.67
Fixation L	1	20	4761451593	4761553591	101998	723.34	448.87	10	12	-1	12.76	12.76
Fixation R	1	20	4761451593	4761553591	101998	723.34	448.87	10	12	-1	13.31	13.31
Blink L	1	2	4761553591	4761761707	208116
Blink R	1	2	4761553591	4761761707	208116
Fixation L	1	21	4761761707	4761871708	110001	795.13	472.93	14	45	-1	12.96	12.96
Fixation R	1	21	4761761707	4761871708	110001	795.13	472.93	14	45	-1	13.47	13.47
Saccade L	1	19	4761871708	4761904629	32921	803.24	484.66	757.82	465.38	1.23	68.72	0.32	37.49	2316.07	-1946.89	1432.17
Saccade R	1	19	4761871708	4761904629	32921	803.24	484.66	757.82	465.38	1.23	68.72	0.32	37.49	2316.07	-1946.89	1432.17
Fixation L	1	22	4761904629	4762404067	499438	750.07	460.22	24	27	-1	12.79	12.79
Fixation R	1	22	4761904629	4762404067	499438	750.07	460.22	24	27	-1	13.23	13.23
Saccade L	1	20	4762404067	4762436065	31998	746.44	470.14	805.05	447.93	1.32	81.21	0.37	41.28	3269.94	-2581.03	1935.23
Saccade R	1	20	4762404067	4762436065	31998	746.44	470.14	805.05	447.93	1.32	81.21	0.37	41.28	3269.94	-2581.03	1935.23
Fixation L	1	23	4762436065	4762804178	368113	803.99	460.65	15	39	-1	12.76	12.76
Fixation R	1	23	4762436065	4762804178	368113	803.99	460.65	15	39	-1	13.30	13.30
Saccade L	1	21	4762804178	4762908383	104205	808.89	459.00	865.95	940.04	11.95	280.89	0.23	114.63	12157.84	-7633.53	4408.07
Saccade R	1	21	4762804178	4762908383	104205	808.89	459.00	865.95	940.04	11.95	280.89	0.23	114.63	12157.84	-7633.53	4408.07
Fixation L	1	24	4762908383	4763068593	160210	861.63	956.05	35	36	-1	13.40	13.40
Fixation R	1	24	4762908383	4763068593	160210	861.63	956.05	35	36	-1	13.85	13.85
Saccade L	1	22	4763068593	4763099124	30531	874.43	967.19	910.21	915.89	1.41	77.15	0.44	46.31	2915.60	-2956.29	2113.85
Saccade R	1	22	4763068593	4763099124	30531	874.43	967.19	910.21	915.89	1.41	77.15	0.44	46.31	2915.60	-2956.29	2113.85
Fixation L	1	25	4763099124	4763393087	293963	907.54	929.06	20	36	-1	13.11	13.11
Fixation R	1	25	4763099124	4763393087	293963	907.54	929.06	20	36	-1	13.42	13.42
