[BeGaze]
Converted from:	C:\Program Files\SMI\Experiment Suite 360\Experiment Center 2\Results\RC-Attachment-Exp\P20-eye_data.idf
Date:	18.03.2012 20:15:36
Version:	BeGaze 3.0.181
Sample Rate:	500
Subject:	P20
Description:	Run25

Table Header for Fixations:
Event Type	Trial	Number	Start	End	Duration	Location X	Location Y	Dispersion X	Dispersion Y	Plane	Avg. Pupil Size X	Avg. Pupil Size Y

Table Header for Saccades:
Event Type	Trial	Number	Start	End	Duration	Start Loc.X	Start Loc.Y	End Loc.X	End Loc.Y	Amplitude	Peak Speed	Peak Speed At	Average Speed	Peak Accel.	Peak Decel.	Average Accel.

Table Header for Blinks:
Event Type	Trial	Number	Start	End	Duration

Table Header for User Events:
Event Type	Trial	Number	Start	Description

UserEvent	1	1	19179314084	# Message: RC-N1forced-anim-3.jpg
Fixation L	1	1	19179314732	19179513328	198596	486.04	440.01	14	22	-1	13.38	13.38
Fixation R	1	1	19179314732	19179513328	198596	486.04	440.01	14	22	-1	12.81	12.81
Blink L	1	1	19179513328	19179616438	103110
Blink R	1	1	19179513328	19179616438	103110
Fixation L	1	2	19179638701	19179742429	103728	585.86	440.59	20	23	-1	13.36	13.36
Fixation R	1	2	19179638701	19179742429	103728	585.86	440.59	20	23	-1	12.95	12.95
Saccade L	1	1	19179742429	19179764551	22122	585.46	439.62	557.64	435.00	0.66	43.24	0.55	29.86	1023.49	-1294.25	718.46
Saccade R	1	1	19179742429	19179764551	22122	585.46	439.62	557.64	435.00	0.66	43.24	0.55	29.86	1023.49	-1294.25	718.46
Fixation L	1	3	19179764551	19180050660	286109	553.99	447.90	13	31	-1	13.46	13.46
Fixation R	1	3	19179764551	19180050660	286109	553.99	447.90	13	31	-1	13.00	13.00
Saccade L	1	2	19180050660	19180088647	37987	550.58	450.95	651.34	461.53	2.17	112.24	0.37	57.06	4811.95	-3939.24	2918.37
Saccade R	1	2	19180050660	19180088647	37987	550.58	450.95	651.34	461.53	2.17	112.24	0.37	57.06	4811.95	-3939.24	2918.37
Fixation L	1	4	19180088647	19180536913	448266	649.71	446.13	21	45	-1	13.28	13.28
Fixation R	1	4	19180088647	19180536913	448266	649.71	446.13	21	45	-1	12.71	12.71
Saccade L	1	3	19180536913	19180564889	27976	652.80	421.63	594.78	437.88	1.38	89.43	0.57	49.40	3312.45	-3703.21	2509.37
Saccade R	1	3	19180536913	19180564889	27976	652.80	421.63	594.78	437.88	1.38	89.43	0.57	49.40	3312.45	-3703.21	2509.37
Fixation L	1	5	19180564889	19180709810	144921	593.50	441.57	17	24	-1	13.08	13.08
Fixation R	1	5	19180564889	19180709810	144921	593.50	441.57	17	24	-1	12.67	12.67
Saccade L	1	4	19180709810	19180730868	21058	599.94	458.29	541.43	444.44	1.21	100.06	0.43	57.56	3491.10	-3731.75	2386.59
Saccade R	1	4	19180709810	19180730868	21058	599.94	458.29	541.43	444.44	1.21	100.06	0.43	57.56	3491.10	-3731.75	2386.59
Fixation L	1	6	19180730868	19180862959	132091	550.95	441.01	25	8	-1	13.21	13.21
Fixation R	1	6	19180730868	19180862959	132091	550.95	441.01	25	8	-1	12.65	12.65
Saccade L	1	5	19180862959	19180890990	28031	562.14	439.51	698.52	446.99	2.94	193.26	0.50	104.75	8398.86	-8393.88	6113.13
Saccade R	1	5	19180862959	19180890990	28031	562.14	439.51	698.52	446.99	2.94	193.26	0.50	104.75	8398.86	-8393.88	6113.13
Fixation L	1	7	19180890990	19181259106	368116	712.37	452.46	24	26	-1	13.52	13.52
Fixation R	1	7	19180890990	19181259106	368116	712.37	452.46	24	26	-1	12.97	12.97
Saccade L	1	6	19181259106	19181291101	31995	709.63	466.46	790.84	445.99	1.80	102.93	0.44	56.37	4231.25	-3950.50	2987.12
Saccade R	1	6	19181259106	19181291101	31995	709.63	466.46	790.84	445.99	1.80	102.93	0.44	56.37	4231.25	-3950.50	2987.12
Fixation L	1	8	19181291101	19181705329	414228	798.37	443.42	25	19	-1	13.18	13.18
Fixation R	1	8	19181291101	19181705329	414228	798.37	443.42	25	19	-1	12.74	12.74
Saccade L	1	7	19181705329	19181739761	34432	805.94	428.17	891.62	428.03	1.87	95.66	0.35	54.21	3818.76	-3560.28	2699.98
Saccade R	1	7	19181705329	19181739761	34432	805.94	428.17	891.62	428.03	1.87	95.66	0.35	54.21	3818.76	-3560.28	2699.98
Fixation L	1	9	19181739761	19181975462	235701	901.80	443.69	18	25	-1	13.00	13.00
Fixation R	1	9	19181739761	19181975462	235701	901.80	443.69	18	25	-1	12.65	12.65
Saccade L	1	8	19181975462	19182001449	25987	904.07	447.81	825.50	450.75	1.71	124.95	0.46	65.73	4944.23	-4687.63	3470.57
Saccade R	1	8	19181975462	19182001449	25987	904.07	447.81	825.50	450.75	1.71	124.95	0.46	65.73	4944.23	-4687.63	3470.57
Fixation L	1	10	19182001449	19182237574	236125	818.73	454.58	17	18	-1	13.18	13.18
Fixation R	1	10	19182001449	19182237574	236125	818.73	454.58	17	18	-1	12.80	12.80
Saccade L	1	9	19182237574	19182278078	40504	811.84	462.16	921.53	443.42	8.52	352.21	0.69	210.27	12971.27	-16209.67	10309.83
Saccade R	1	9	19182237574	19182278078	40504	811.84	462.16	921.53	443.42	8.52	352.21	0.69	210.27	12971.27	-16209.67	10309.83
Fixation L	1	11	19182278078	19182481673	203595	922.23	444.53	10	23	-1	13.05	13.05
Fixation R	1	11	19182278078	19182481673	203595	922.23	444.53	10	23	-1	12.79	12.79
Saccade L	1	10	19182481673	19182507673	26000	924.49	443.38	1017.86	436.11	2.08	151.14	0.46	79.96	5852.55	-6044.42	4235.43
Saccade R	1	10	19182481673	19182507673	26000	924.49	443.38	1017.86	436.11	2.08	151.14	0.46	79.96	5852.55	-6044.42	4235.43
Fixation L	1	12	19182507673	19182771827	264154	1027.70	455.69	16	41	-1	12.90	12.90
Fixation R	1	12	19182507673	19182771827	264154	1027.70	455.69	16	41	-1	12.57	12.57
Saccade L	1	11	19182771827	19182801886	30059	1017.68	457.00	1128.20	450.40	2.44	149.19	0.47	81.20	5920.81	-5925.35	4354.53
Saccade R	1	11	19182771827	19182801886	30059	1017.68	457.00	1128.20	450.40	2.44	149.19	0.47	81.20	5920.81	-5925.35	4354.53
Fixation L	1	13	19182801886	19183534155	732269	1133.50	435.87	24	34	-1	12.55	12.55
Fixation R	1	13	19182801886	19183534155	732269	1133.50	435.87	24	34	-1	12.41	12.41
Saccade L	1	12	19183534155	19183556171	22016	1136.92	433.50	1200.91	429.06	1.24	103.77	0.54	56.25	3650.39	-3119.12	2185.16
Saccade R	1	12	19183534155	19183556171	22016	1136.92	433.50	1200.91	429.06	1.24	103.77	0.54	56.25	3650.39	-3119.12	2185.16
Fixation L	1	14	19183556171	19184336485	780314	1174.32	427.35	43	35	-1	13.06	13.06
Fixation R	1	14	19183556171	19184336485	780314	1174.32	427.35	43	35	-1	12.84	12.84
Saccade L	1	13	19184336485	19184428501	92016	1166.55	437.06	1015.62	994.41	14.24	347.86	0.24	154.74	14904.69	-8195.52	5779.26
Saccade R	1	13	19184336485	19184428501	92016	1166.55	437.06	1015.62	994.41	14.24	347.86	0.24	154.74	14904.69	-8195.52	5779.26
Fixation L	1	15	19184428501	19184594597	166096	995.93	1004.23	33	26	-1	14.12	14.12
Fixation R	1	15	19184428501	19184594597	166096	995.93	1004.23	33	26	-1	13.81	13.81
Saccade L	1	14	19184594597	19184620618	26021	985.08	1011.54	884.80	1039.84	2.29	176.83	0.46	87.89	6956.36	-6331.36	4727.20
Saccade R	1	14	19184594597	19184620618	26021	985.08	1011.54	884.80	1039.84	2.29	176.83	0.46	87.89	6956.36	-6331.36	4727.20
Fixation L	1	16	19184620618	19184912701	292083	891.09	1045.58	21	42	-1	14.55	14.55
Fixation R	1	16	19184620618	19184912701	292083	891.09	1045.58	21	42	-1	14.43	14.43
Saccade L	1	15	19184912701	19184960699	47998	902.58	1028.74	806.42	784.65	6.07	308.91	0.38	126.48	12920.32	-11429.22	7612.29
Saccade R	1	15	19184912701	19184960699	47998	902.58	1028.74	806.42	784.65	6.07	308.91	0.38	126.48	12920.32	-11429.22	7612.29
Fixation L	1	17	19184960699	19185176814	216115	817.61	796.28	21	22	-1	14.22	14.22
Fixation R	1	17	19184960699	19185176814	216115	817.61	796.28	21	22	-1	13.56	13.56
Saccade L	1	16	19185176814	19185228849	52035	816.28	799.04	764.99	484.54	7.34	306.86	0.35	141.00	12870.07	-8711.87	7370.94
Saccade R	1	16	19185176814	19185228849	52035	816.28	799.04	764.99	484.54	7.34	306.86	0.35	141.00	12870.07	-8711.87	7370.94
Fixation L	1	18	19185228849	19185408938	180089	769.40	493.14	15	18	-1	13.99	13.99
Fixation R	1	18	19185228849	19185408938	180089	769.40	493.14	15	18	-1	13.61	13.61
Saccade L	1	17	19185408938	19185438967	30029	773.76	493.42	662.39	449.46	2.66	182.59	0.47	88.43	7554.00	-7332.24	5325.32
Saccade R	1	17	19185408938	19185438967	30029	773.76	493.42	662.39	449.46	2.66	182.59	0.47	88.43	7554.00	-7332.24	5325.32
Fixation L	1	19	19185438967	19185642938	203971	656.39	456.68	15	31	-1	13.89	13.89
Fixation R	1	19	19185438967	19185642938	203971	656.39	456.68	15	31	-1	13.46	13.46
Saccade L	1	18	19185642938	19185703049	60111	651.73	469.81	859.85	998.15	13.07	447.71	0.30	217.42	19775.03	-15056.09	11659.84
Saccade R	1	18	19185642938	19185703049	60111	651.73	469.81	859.85	998.15	13.07	447.71	0.30	217.42	19775.03	-15056.09	11659.84
Fixation L	1	20	19185703049	19186197273	494224	858.73	1011.24	24	31	-1	14.15	14.15
Fixation R	1	20	19185703049	19186197273	494224	858.73	1011.24	24	31	-1	13.88	13.88
