[BeGaze]
Converted from:	C:\Program Files\SMI\Experiment Suite 360\Experiment Center 2\Results\RC-Attachment-Exp\P20-eye_data.idf
Date:	18.03.2012 20:15:39
Version:	BeGaze 3.0.181
Sample Rate:	500
Subject:	P20
Description:	Run25

Table Header for Fixations:
Event Type	Trial	Number	Start	End	Duration	Location X	Location Y	Dispersion X	Dispersion Y	Plane	Avg. Pupil Size X	Avg. Pupil Size Y

Table Header for Saccades:
Event Type	Trial	Number	Start	End	Duration	Start Loc.X	Start Loc.Y	End Loc.X	End Loc.Y	Amplitude	Peak Speed	Peak Speed At	Average Speed	Peak Accel.	Peak Decel.	Average Accel.

Table Header for Blinks:
Event Type	Trial	Number	Start	End	Duration

Table Header for User Events:
Event Type	Trial	Number	Start	Description

UserEvent	1	1	19212472816	# Message: RC-nonforced-nonanim-3.jpg
Fixation L	1	1	19212474355	19213202698	728343	481.47	447.27	33	19	-1	13.96	13.96
Fixation R	1	1	19212474355	19213202698	728343	481.47	447.27	33	19	-1	13.59	13.59
Saccade L	1	1	19213202698	19213224699	22001	483.43	444.49	523.88	455.37	0.90	63.30	0.55	41.11	2587.93	-2117.57	1629.27
Saccade R	1	1	19213202698	19213224699	22001	483.43	444.49	523.88	455.37	0.90	63.30	0.55	41.11	2587.93	-2117.57	1629.27
Fixation L	1	2	19213224699	19213728915	504216	545.25	458.74	37	38	-1	13.34	13.34
Fixation R	1	2	19213224699	19213728915	504216	545.25	458.74	37	38	-1	13.02	13.02
Saccade L	1	2	19213728915	19213752935	24020	552.48	467.79	600.78	472.69	1.02	68.08	0.50	42.45	2589.68	-2543.32	1806.82
Saccade R	1	2	19213728915	19213752935	24020	552.48	467.79	600.78	472.69	1.02	68.08	0.50	42.45	2589.68	-2543.32	1806.82
Fixation L	1	3	19213752935	19214091032	338097	604.12	441.25	17	48	-1	12.99	12.99
Fixation R	1	3	19213752935	19214091032	338097	604.12	441.25	17	48	-1	12.72	12.72
Saccade L	1	3	19214091032	19214113044	22012	610.22	445.51	671.29	448.12	1.31	103.55	0.45	59.43	4103.49	-4257.49	2849.33
Saccade R	1	3	19214091032	19214113044	22012	610.22	445.51	671.29	448.12	1.31	103.55	0.45	59.43	4103.49	-4257.49	2849.33
Fixation L	1	4	19214113044	19214367141	254097	686.96	452.40	29	32	-1	13.01	13.01
Fixation R	1	4	19214113044	19214367141	254097	686.96	452.40	29	32	-1	12.82	12.82
Saccade L	1	4	19214367141	19214397168	30027	689.09	441.70	737.94	455.77	1.09	58.70	0.40	36.32	2092.16	-1942.01	1372.93
Saccade R	1	4	19214367141	19214397168	30027	689.09	441.70	737.94	455.77	1.09	58.70	0.40	36.32	2092.16	-1942.01	1372.93
Fixation L	1	5	19214397168	19214707376	310208	742.27	457.65	29	28	-1	12.60	12.60
Fixation R	1	5	19214397168	19214707376	310208	742.27	457.65	29	28	-1	12.43	12.43
Saccade L	1	5	19214707376	19214737381	30005	742.55	467.88	808.21	452.97	1.43	81.80	0.40	47.53	3223.45	-2996.26	2255.64
Saccade R	1	5	19214707376	19214737381	30005	742.55	467.88	808.21	452.97	1.43	81.80	0.40	47.53	3223.45	-2996.26	2255.64
Fixation L	1	6	19214737381	19215025554	288173	810.85	439.09	20	25	-1	12.19	12.19
Fixation R	1	6	19214737381	19215025554	288173	810.85	439.09	20	25	-1	12.11	12.11
Saccade L	1	6	19215025554	19215055556	30002	815.17	432.80	897.90	436.09	1.78	106.44	0.47	59.19	4456.24	-4081.45	3106.43
Saccade R	1	6	19215025554	19215055556	30002	815.17	432.80	897.90	436.09	1.78	106.44	0.47	59.19	4456.24	-4081.45	3106.43
Fixation L	1	7	19215055556	19215303657	248101	906.08	433.14	32	25	-1	12.19	12.19
Fixation R	1	7	19215055556	19215303657	248101	906.08	433.14	32	25	-1	12.06	12.06
Saccade L	1	7	19215303657	19215339618	35961	905.66	429.93	984.39	431.67	1.79	90.34	0.50	49.91	3414.43	-3186.27	2376.33
Saccade R	1	7	19215303657	19215339618	35961	905.66	429.93	984.39	431.67	1.79	90.34	0.50	49.91	3414.43	-3186.27	2376.33
Fixation L	1	8	19215339618	19215543723	204105	980.96	424.26	28	23	-1	12.20	12.20
Fixation R	1	8	19215339618	19215543723	204105	980.96	424.26	28	23	-1	12.14	12.14
Saccade L	1	8	19215543723	19215567725	24002	993.67	430.47	1053.64	420.96	1.27	87.59	0.50	52.94	3504.27	-3318.71	2412.70
Saccade R	1	8	19215543723	19215567725	24002	993.67	430.47	1053.64	420.96	1.27	87.59	0.50	52.94	3504.27	-3318.71	2412.70
Fixation L	1	9	19215567725	19215745780	178055	1054.96	423.78	15	22	-1	12.23	12.23
Fixation R	1	9	19215567725	19215745780	178055	1054.96	423.78	15	22	-1	12.21	12.21
Saccade L	1	9	19215745780	19215767735	21955	1052.80	423.51	1130.21	417.26	1.55	117.74	0.45	70.61	4488.62	-4802.98	3201.40
Saccade R	1	9	19215745780	19215767735	21955	1052.80	423.51	1130.21	417.26	1.55	117.74	0.45	70.61	4488.62	-4802.98	3201.40
Fixation L	1	10	19215767735	19216297939	530204	1132.24	424.07	17	32	-1	12.36	12.36
Fixation R	1	10	19215767735	19216297939	530204	1132.24	424.07	17	32	-1	12.27	12.27
Saccade L	1	10	19216297939	19216386151	88212	1132.00	422.55	909.10	930.67	13.21	252.40	0.43	149.74	10848.72	-6111.04	3886.36
Saccade R	1	10	19216297939	19216386151	88212	1132.00	422.55	909.10	930.67	13.21	252.40	0.43	149.74	10848.72	-6111.04	3886.36
Fixation L	1	11	19216386151	19216558102	171951	908.44	953.84	15	37	-1	13.54	13.54
Fixation R	1	11	19216386151	19216558102	171951	908.44	953.84	15	37	-1	13.14	13.14
Saccade L	1	11	19216558102	19216586195	28093	907.27	959.63	881.43	1023.16	1.68	107.63	0.43	59.67	4345.17	-4172.57	2998.13
Saccade R	1	11	19216558102	19216586195	28093	907.27	959.63	881.43	1023.16	1.68	107.63	0.43	59.67	4345.17	-4172.57	2998.13
Fixation L	1	12	19216586195	19217056314	470119	875.32	1028.78	22	21	-1	14.01	14.01
Fixation R	1	12	19216586195	19217056314	470119	875.32	1028.78	22	21	-1	13.75	13.75
