[BeGaze]
Converted from:	C:\Program Files\SMI\Experiment Suite 360\Experiment Center 2\Results\RC-Attachment-Exp\deneme-eye_data.idf
Date:	18.03.2012 20:03:24
Version:	BeGaze 3.0.181
Sample Rate:	500
Subject:	deneme
Description:	Run3

Table Header for Fixations:
Event Type	Trial	Number	Start	End	Duration	Location X	Location Y	Dispersion X	Dispersion Y	Plane	Avg. Pupil Size X	Avg. Pupil Size Y

Table Header for Saccades:
Event Type	Trial	Number	Start	End	Duration	Start Loc.X	Start Loc.Y	End Loc.X	End Loc.Y	Amplitude	Peak Speed	Peak Speed At	Average Speed	Peak Accel.	Peak Decel.	Average Accel.

Table Header for Blinks:
Event Type	Trial	Number	Start	End	Duration

Table Header for User Events:
Event Type	Trial	Number	Start	Description

UserEvent	1	1	9006490069	# Message: Questionnaire24.jpg
Fixation L	1	1	9006492724	9006886921	394197	850.11	958.66	43	56	-1	9.54	9.54
Fixation R	1	1	9006492724	9006886921	394197	850.11	958.66	43	56	-1	9.50	9.50
Saccade L	1	1	9006886921	9006967675	80754	855.26	981.83	486.32	471.92	14.84	413.15	0.27	183.71	17646.76	-9104.43	7931.17
Saccade R	1	1	9006886921	9006967675	80754	855.26	981.83	486.32	471.92	14.84	413.15	0.27	183.71	17646.76	-9104.43	7931.17
Fixation L	1	2	9006967675	9007045050	77375	490.91	465.91	20	21	-1	9.40	9.40
Fixation R	1	2	9006967675	9007045050	77375	490.91	465.91	20	21	-1	8.84	8.84
Saccade L	1	2	9007045050	9007107050	62000	500.01	461.32	413.05	327.05	4.57	202.82	0.61	73.69	7594.31	-7867.00	4002.16
Saccade R	1	2	9007045050	9007107050	62000	500.01	461.32	413.05	327.05	4.57	202.82	0.61	73.69	7594.31	-7867.00	4002.16
Fixation L	1	3	9007107050	9007173567	66517	424.24	300.52	27	50	-1	9.34	9.34
Fixation R	1	3	9007107050	9007173567	66517	424.24	300.52	27	50	-1	8.92	8.92
Saccade L	1	3	9007341291	9007373151	31860	571.05	347.40	555.27	361.10	12.82	647.08	0.37	402.34	23167.10	-27350.77	19030.07
Saccade R	1	3	9007341291	9007373151	31860	571.05	347.40	555.27	361.10	12.82	647.08	0.37	402.34	23167.10	-27350.77	19030.07
Fixation L	1	4	9007373151	9007465148	91997	564.41	349.77	16	27	-1	9.58	9.58
Fixation R	1	4	9007373151	9007465148	91997	564.41	349.77	16	27	-1	9.02	9.02
Fixation L	1	5	9007575271	9007773262	197991	526.89	359.04	16	25	-1	9.80	9.80
Fixation R	1	5	9007575271	9007773262	197991	526.89	359.04	16	25	-1	9.15	9.15
Saccade L	1	4	9007899776	9007965415	65639	426.75	267.93	403.87	152.89	2.82	53.63	0.79	42.91	3742.49	-1057.43	830.97
Saccade R	1	4	9007899776	9007965415	65639	426.75	267.93	403.87	152.89	2.82	53.63	0.79	42.91	3742.49	-1057.43	830.97
Saccade L	1	5	9007995379	9008021540	26161	428.41	161.06	396.03	129.25	4.16	372.39	0.37	158.89	6655.79	-7581.29	3616.17
Saccade R	1	5	9007995379	9008021540	26161	428.41	161.06	396.03	129.25	4.16	372.39	0.37	158.89	6655.79	-7581.29	3616.17
Saccade L	1	6	9008021540	9008055382	33842	396.03	129.25	502.61	353.33	4.00	171.02	0.47	118.06	3726.90	-7441.84	4004.05
Saccade R	1	6	9008021540	9008055382	33842	396.03	129.25	502.61	353.33	4.00	171.02	0.47	118.06	3726.90	-7441.84	4004.05
Fixation L	1	6	9008055382	9008235511	180129	512.24	348.84	25	15	-1	10.00	10.00
Fixation R	1	6	9008055382	9008235511	180129	512.24	348.84	25	15	-1	9.37	9.37
Saccade L	1	7	9008235511	9008259551	24040	520.39	342.87	630.59	358.76	2.44	193.17	0.50	101.55	7763.20	-7331.87	5352.21
Saccade R	1	7	9008235511	9008259551	24040	520.39	342.87	630.59	358.76	2.44	193.17	0.50	101.55	7763.20	-7331.87	5352.21
Fixation L	1	7	9008259551	9008443620	184069	639.17	344.84	33	31	-1	10.18	10.18
Fixation R	1	7	9008259551	9008443620	184069	639.17	344.84	33	31	-1	9.64	9.64
Saccade L	1	8	9008443620	9008473645	30025	649.44	340.19	730.12	354.03	1.82	109.46	0.40	60.76	4238.70	-4384.59	3118.44
Saccade R	1	8	9008443620	9008473645	30025	649.44	340.19	730.12	354.03	1.82	109.46	0.40	60.76	4238.70	-4384.59	3118.44
Fixation L	1	8	9008473645	9008685772	212127	737.73	358.24	17	28	-1	10.29	10.29
Fixation R	1	8	9008473645	9008685772	212127	737.73	358.24	17	28	-1	9.79	9.79
Saccade L	1	9	9008685772	9008753750	67978	744.30	372.04	412.64	467.11	11.08	329.40	0.26	163.00	14126.44	-12498.72	9342.07
Saccade R	1	9	9008685772	9008753750	67978	744.30	372.04	412.64	467.11	11.08	329.40	0.26	163.00	14126.44	-12498.72	9342.07
Fixation L	1	9	9008753750	9009688075	934325	390.29	463.80	49	75	-1	10.28	10.28
Fixation R	1	9	9008753750	9009688075	934325	390.29	463.80	49	75	-1	9.61	9.61
Blink L	1	1	9009688075	9009870323	182248
Blink R	1	1	9009688075	9009870323	182248
UserEvent	1	71	9009730876	# Message: UE-mouseclick left x=397 y=434
Fixation L	1	10	9009870323	9010064431	194108	363.82	449.64	36	30	-1	10.30	10.30
Fixation R	1	10	9009870323	9010064431	194108	363.82	449.64	36	30	-1	9.55	9.55
Saccade L	1	10	9010064431	9010090317	25886	356.92	453.62	407.09	516.38	1.75	124.25	0.46	67.53	4946.98	-4688.95	3477.27
Saccade R	1	10	9010064431	9010090317	25886	356.92	453.62	407.09	516.38	1.75	124.25	0.46	67.53	4946.98	-4688.95	3477.27
Fixation L	1	11	9010090317	9010476447	386130	401.91	514.93	34	36	-1	10.26	10.26
Fixation R	1	11	9010090317	9010476447	386130	401.91	514.93	34	36	-1	9.53	9.53
UserEvent	1	84	9010362920	# Message: UE-mouseclick left x=417 y=526
