[BeGaze]
Converted from:	C:\Program Files\SMI\Experiment Suite 360\Experiment Center 2\Results\RC-Attachment-Exp\P12-eye_data.idf
Date:	18.03.2012 20:09:50
Version:	BeGaze 3.0.181
Sample Rate:	500
Subject:	P12
Description:	Run17

Table Header for Fixations:
Event Type	Trial	Number	Start	End	Duration	Location X	Location Y	Dispersion X	Dispersion Y	Plane	Avg. Pupil Size X	Avg. Pupil Size Y

Table Header for Saccades:
Event Type	Trial	Number	Start	End	Duration	Start Loc.X	Start Loc.Y	End Loc.X	End Loc.Y	Amplitude	Peak Speed	Peak Speed At	Average Speed	Peak Accel.	Peak Decel.	Average Accel.

Table Header for Blinks:
Event Type	Trial	Number	Start	End	Duration

Table Header for User Events:
Event Type	Trial	Number	Start	Description

UserEvent	1	1	11781122165	# Message: RC-N1forced-nonanim-6.jpg
Fixation L	1	1	11781132747	11781428855	296108	500.07	440.15	20	28	-1	12.46	12.46
Fixation R	1	1	11781132747	11781428855	296108	500.07	440.15	20	28	-1	12.00	12.00
Saccade L	1	1	11781428855	11781454853	25998	492.99	434.68	572.77	439.41	1.82	130.60	0.54	70.18	5346.15	-5589.23	3976.76
Saccade R	1	1	11781428855	11781454853	25998	492.99	434.68	572.77	439.41	1.82	130.60	0.54	70.18	5346.15	-5589.23	3976.76
Fixation L	1	2	11781454853	11781614978	160125	592.34	444.68	26	18	-1	12.55	12.55
Fixation R	1	2	11781454853	11781614978	160125	592.34	444.68	26	18	-1	12.07	12.07
Saccade L	1	2	11781614978	11781640972	25994	580.48	445.29	635.78	454.24	1.20	78.61	0.46	46.25	2606.98	-2956.47	1983.52
Saccade R	1	2	11781614978	11781640972	25994	580.48	445.29	635.78	454.24	1.20	78.61	0.46	46.25	2606.98	-2956.47	1983.52
Fixation L	1	3	11781640972	11781841094	200122	636.30	437.47	37	63	-1	12.49	12.49
Fixation R	1	3	11781640972	11781841094	200122	636.30	437.47	37	63	-1	12.07	12.07
Saccade L	1	3	11781841094	11781865267	24173	634.78	421.06	693.73	419.76	1.32	95.79	0.50	54.73	3617.73	-3849.82	2608.71
Saccade R	1	3	11781841094	11781865267	24173	634.78	421.06	693.73	419.76	1.32	95.79	0.50	54.73	3617.73	-3849.82	2608.71
Fixation L	1	4	11781865267	11782023093	157826	709.24	427.64	23	22	-1	12.13	12.13
Fixation R	1	4	11781865267	11782023093	157826	709.24	427.64	23	22	-1	11.73	11.73
Saccade L	1	4	11782023093	11782045096	22003	710.61	441.05	751.81	429.35	0.92	63.89	0.55	41.78	1996.60	-2315.19	1489.43
Saccade R	1	4	11782023093	11782045096	22003	710.61	441.05	751.81	429.35	0.92	63.89	0.55	41.78	1996.60	-2315.19	1489.43
Fixation L	1	5	11782045096	11782235209	190113	753.27	422.52	28	31	-1	11.93	11.93
Fixation R	1	5	11782045096	11782235209	190113	753.27	422.52	28	31	-1	11.69	11.69
Saccade L	1	5	11782235209	11782257211	22002	745.52	419.83	817.42	421.00	1.55	129.56	0.55	70.59	4343.26	-5127.34	3133.17
Saccade R	1	5	11782235209	11782257211	22002	745.52	419.83	817.42	421.00	1.55	129.56	0.55	70.59	4343.26	-5127.34	3133.17
Fixation L	1	6	11782257211	11782589341	332130	831.03	417.72	30	35	-1	11.85	11.85
Fixation R	1	6	11782257211	11782589341	332130	831.03	417.72	30	35	-1	11.55	11.55
Saccade L	1	6	11782589341	11782627472	38131	833.35	427.26	919.30	435.38	1.85	80.82	0.31	48.50	3507.85	-2558.82	2104.85
Saccade R	1	6	11782589341	11782627472	38131	833.35	427.26	919.30	435.38	1.85	80.82	0.31	48.50	3507.85	-2558.82	2104.85
Fixation L	1	7	11782627472	11782731455	103983	920.12	436.28	12	25	-1	11.70	11.70
Fixation R	1	7	11782627472	11782731455	103983	920.12	436.28	12	25	-1	11.53	11.53
Fixation L	1	8	11782751452	11782939453	188001	957.98	424.90	31	38	-1	11.61	11.61
Fixation R	1	8	11782751452	11782939453	188001	957.98	424.90	31	38	-1	11.50	11.50
Fixation L	1	9	11782959569	11783195692	236123	1011.50	443.89	22	29	-1	11.59	11.59
Fixation R	1	9	11782959569	11783195692	236123	1011.50	443.89	22	29	-1	11.56	11.56
Saccade L	1	7	11783195692	11783217696	22004	1020.83	442.34	1110.70	445.37	1.86	150.53	0.45	84.36	5823.35	-5769.19	3890.42
Saccade R	1	7	11783195692	11783217696	22004	1020.83	442.34	1110.70	445.37	1.86	150.53	0.45	84.36	5823.35	-5769.19	3890.42
Fixation L	1	10	11783217696	11783685927	468231	1116.60	405.61	54	74	-1	11.45	11.45
Fixation R	1	10	11783217696	11783685927	468231	1116.60	405.61	54	74	-1	11.49	11.49
Saccade L	1	8	11783685927	11783707928	22001	1148.78	377.74	1194.83	376.51	0.97	71.92	0.55	44.17	2363.47	-2855.09	1754.83
Saccade R	1	8	11783685927	11783707928	22001	1148.78	377.74	1194.83	376.51	0.97	71.92	0.55	44.17	2363.47	-2855.09	1754.83
Fixation L	1	11	11783707928	11784186059	478131	1196.06	392.32	24	52	-1	11.34	11.34
Fixation R	1	11	11783707928	11784186059	478131	1196.06	392.32	24	52	-1	11.31	11.31
Saccade L	1	9	11784186059	11784254166	68107	1201.66	416.75	916.47	909.25	12.87	317.09	0.47	189.03	13731.69	-7706.44	7375.42
Saccade R	1	9	11784186059	11784254166	68107	1201.66	416.75	916.47	909.25	12.87	317.09	0.47	189.03	13731.69	-7706.44	7375.42
Fixation L	1	12	11784254166	11784400168	146002	905.16	926.28	19	40	-1	11.77	11.77
Fixation R	1	12	11784254166	11784400168	146002	905.16	926.28	19	40	-1	11.88	11.88
Fixation L	1	13	11784421911	11785006622	584711	903.54	981.77	38	52	-1	11.76	11.76
Fixation R	1	13	11784421911	11785006622	584711	903.54	981.77	38	52	-1	11.84	11.84
