[BeGaze]
Converted from:	C:\Program Files\SMI\Experiment Suite 360\Experiment Center 2\Results\RC-Attachment-Exp\P35-eye_data.idf
Date:	18.03.2012 20:31:38
Version:	BeGaze 3.0.181
Sample Rate:	500
Subject:	P35
Description:	Run40

Table Header for Fixations:
Event Type	Trial	Number	Start	End	Duration	Location X	Location Y	Dispersion X	Dispersion Y	Plane	Avg. Pupil Size X	Avg. Pupil Size Y

Table Header for Saccades:
Event Type	Trial	Number	Start	End	Duration	Start Loc.X	Start Loc.Y	End Loc.X	End Loc.Y	Amplitude	Peak Speed	Peak Speed At	Average Speed	Peak Accel.	Peak Decel.	Average Accel.

Table Header for Blinks:
Event Type	Trial	Number	Start	End	Duration

Table Header for User Events:
Event Type	Trial	Number	Start	Description

UserEvent	1	1	1837371925	# Message: int-4.jpg
Fixation L	1	1	1837373079	1837888441	515362	423.12	487.38	26	38	-1	12.35	12.35
Fixation R	1	1	1837373079	1837888441	515362	423.12	487.38	26	38	-1	12.70	12.70
Saccade L	1	1	1837888441	1837924460	36019	431.99	482.08	492.27	483.01	1.31	57.07	0.35	36.41	2321.34	-1607.68	1374.21
Saccade R	1	1	1837888441	1837924460	36019	431.99	482.08	492.27	483.01	1.31	57.07	0.35	36.41	2321.34	-1607.68	1374.21
Fixation L	1	2	1837924460	1838040464	116004	491.59	478.60	12	15	-1	12.41	12.41
Fixation R	1	2	1837924460	1838040464	116004	491.59	478.60	12	15	-1	12.72	12.72
Saccade L	1	2	1838040464	1838068553	28089	486.82	471.43	546.13	474.11	1.33	78.39	0.50	47.22	2734.14	-3104.91	2120.86
Saccade R	1	2	1838040464	1838068553	28089	486.82	471.43	546.13	474.11	1.33	78.39	0.50	47.22	2734.14	-3104.91	2120.86
Fixation L	1	3	1838068553	1838216571	148018	558.59	480.37	18	14	-1	12.30	12.30
Fixation R	1	3	1838068553	1838216571	148018	558.59	480.37	18	14	-1	12.80	12.80
Saccade L	1	3	1838216571	1838250557	33986	557.00	487.65	641.51	479.13	1.82	93.99	0.41	53.47	3812.66	-3352.79	2610.02
Saccade R	1	3	1838216571	1838250557	33986	557.00	487.65	641.51	479.13	1.82	93.99	0.41	53.47	3812.66	-3352.79	2610.02
Fixation L	1	4	1838250557	1838440704	190147	651.90	479.13	22	22	-1	12.32	12.32
Fixation R	1	4	1838250557	1838440704	190147	651.90	479.13	22	22	-1	12.59	12.59
Saccade L	1	4	1838440704	1838480680	39976	648.42	468.97	747.50	457.38	2.29	124.54	0.35	57.21	4539.19	-4418.03	2930.96
Saccade R	1	4	1838440704	1838480680	39976	648.42	468.97	747.50	457.38	2.29	124.54	0.35	57.21	4539.19	-4418.03	2930.96
Fixation L	1	5	1838480680	1838766798	286118	758.98	464.38	18	20	-1	12.21	12.21
Fixation R	1	5	1838480680	1838766798	286118	758.98	464.38	18	20	-1	12.46	12.46
Saccade L	1	5	1838766798	1838794832	28034	752.84	475.91	847.52	477.31	2.05	129.90	0.51	73.22	5413.90	-5246.49	3901.91
Saccade R	1	5	1838766798	1838794832	28034	752.84	475.91	847.52	477.31	2.05	129.90	0.51	73.22	5413.90	-5246.49	3901.91
Fixation L	1	6	1838794832	1839230975	436143	861.68	471.40	39	31	-1	12.24	12.24
Fixation R	1	6	1838794832	1839230975	436143	861.68	471.40	39	31	-1	12.66	12.66
Saccade L	1	6	1839230975	1839271067	40092	848.40	454.73	989.14	433.58	2.97	163.47	0.30	74.06	6737.44	-5895.22	3977.88
Saccade R	1	6	1839230975	1839271067	40092	848.40	454.73	989.14	433.58	2.97	163.47	0.30	74.06	6737.44	-5895.22	3977.88
Fixation L	1	7	1839271067	1839445045	173978	995.99	448.76	18	31	-1	12.22	12.22
Fixation R	1	7	1839271067	1839445045	173978	995.99	448.76	18	31	-1	12.55	12.55
Saccade L	1	7	1839445045	1839469170	24125	998.96	459.05	1070.49	444.88	1.56	121.63	0.50	64.57	4748.96	-4889.35	3338.62
Saccade R	1	7	1839445045	1839469170	24125	998.96	459.05	1070.49	444.88	1.56	121.63	0.50	64.57	4748.96	-4889.35	3338.62
Fixation L	1	8	1839469170	1839875280	406110	1074.27	464.76	30	32	-1	12.06	12.06
Fixation R	1	8	1839469170	1839875280	406110	1074.27	464.76	30	32	-1	12.37	12.37
Saccade L	1	8	1839875280	1839905129	29849	1076.27	473.67	1116.72	449.05	1.07	52.42	0.40	35.71	2288.88	-1680.37	1416.62
Saccade R	1	8	1839875280	1839905129	29849	1076.27	473.67	1116.72	449.05	1.07	52.42	0.40	35.71	2288.88	-1680.37	1416.62
Fixation L	1	9	1839905129	1840077464	172335	1114.75	450.03	21	21	-1	11.91	11.91
Fixation R	1	9	1839905129	1840077464	172335	1114.75	450.03	21	21	-1	12.21	12.21
Fixation L	1	10	1840099026	1840974207	875181	1165.79	457.97	38	44	-1	11.91	11.91
Fixation R	1	10	1840099026	1840974207	875181	1165.79	457.97	38	44	-1	12.24	12.24
Saccade L	1	9	1840974207	1841003764	29557	1168.64	469.57	1170.08	510.32	0.87	42.22	0.32	29.38	1371.34	-1042.91	805.91
Saccade R	1	9	1840974207	1841003764	29557	1168.64	469.57	1170.08	510.32	0.87	42.22	0.32	29.38	1371.34	-1042.91	805.91
Saccade L	1	10	1841017953	1841104067	86114	1163.64	514.11	930.41	977.37	13.13	411.54	0.37	152.48	15219.11	-15550.61	7951.16
Saccade R	1	10	1841017953	1841104067	86114	1163.64	514.11	930.41	977.37	13.13	411.54	0.37	152.48	15219.11	-15550.61	7951.16
Fixation L	1	11	1841104067	1841255882	151815	923.71	984.01	21	43	-1	11.88	11.88
Fixation R	1	11	1841104067	1841255882	151815	923.71	984.01	21	43	-1	12.38	12.38
Saccade L	1	11	1841255882	1841277884	22002	909.71	976.85	923.02	920.89	0.60	45.21	0.57	27.37	933.79	-756.89	559.67
Saccade R	1	11	1841255882	1841277884	22002	909.71	976.85	923.02	920.89	0.60	45.21	0.57	27.37	933.79	-756.89	559.67
Fixation L	1	12	1841277884	1841583095	305211	924.87	957.40	23	59	-1	12.18	12.18
Fixation R	1	12	1841277884	1841583095	305211	924.87	957.40	23	59	-1	12.83	12.83
