[BeGaze]
Converted from:	C:\Program Files\SMI\Experiment Suite 360\Experiment Center 2\Results\RC-Attachment-Exp\P34-eye_data.idf
Date:	18.03.2012 20:31:23
Version:	BeGaze 3.0.181
Sample Rate:	500
Subject:	P34
Description:	Run39

Table Header for Fixations:
Event Type	Trial	Number	Start	End	Duration	Location X	Location Y	Dispersion X	Dispersion Y	Plane	Avg. Pupil Size X	Avg. Pupil Size Y

Table Header for Saccades:
Event Type	Trial	Number	Start	End	Duration	Start Loc.X	Start Loc.Y	End Loc.X	End Loc.Y	Amplitude	Peak Speed	Peak Speed At	Average Speed	Peak Accel.	Peak Decel.	Average Accel.

Table Header for Blinks:
Event Type	Trial	Number	Start	End	Duration

Table Header for User Events:
Event Type	Trial	Number	Start	Description

UserEvent	1	1	4676352368	# Message: Questionnaire23.jpg
Saccade L	1	1	4676394998	4676428984	33986	976.76	896.36	941.56	947.68	1.46	66.95	0.36	42.94	2505.89	-2359.47	1840.20
Saccade R	1	1	4676394998	4676428984	33986	976.76	896.36	941.56	947.68	1.46	66.95	0.36	42.94	2505.89	-2359.47	1840.20
Fixation L	1	1	4676428984	4676489014	60030	948.54	953.16	12	8	-1	13.29	13.29
Fixation R	1	1	4676428984	4676489014	60030	948.54	953.16	12	8	-1	13.25	13.25
Saccade L	1	2	4676489014	4676517033	28019	954.32	952.94	951.27	900.56	1.27	69.41	0.36	45.45	2855.56	-2756.35	1941.25
Saccade R	1	2	4676489014	4676517033	28019	954.32	952.94	951.27	900.56	1.27	69.41	0.36	45.45	2855.56	-2756.35	1941.25
Fixation L	1	2	4676517033	4676673227	156194	956.73	899.55	17	10	-1	13.38	13.38
Fixation R	1	2	4676517033	4676673227	156194	956.73	899.55	17	10	-1	13.26	13.26
Saccade L	1	3	4676673227	4676713312	40085	967.45	895.30	974.92	949.91	1.86	74.04	0.49	46.33	2827.93	-2889.06	2000.58
Saccade R	1	3	4676673227	4676713312	40085	967.45	895.30	974.92	949.91	1.86	74.04	0.49	46.33	2827.93	-2889.06	2000.58
Saccade L	1	4	4676765089	4676833212	68123	985.15	886.70	315.03	306.26	22.53	567.13	0.50	330.78	21941.34	-20197.75	13249.39
Saccade R	1	4	4676765089	4676833212	68123	985.15	886.70	315.03	306.26	22.53	567.13	0.50	330.78	21941.34	-20197.75	13249.39
Saccade L	1	5	4676833212	4676894402	61190	315.03	306.26	467.40	328.57	3.72	123.68	0.20	60.72	1283.90	-7523.49	1831.28
Saccade R	1	5	4676833212	4676894402	61190	315.03	306.26	467.40	328.57	3.72	123.68	0.20	60.72	1283.90	-7523.49	1831.28
Saccade L	1	6	4676936402	4676977207	40805	466.72	333.38	398.69	365.09	1.63	69.18	0.51	39.83	2111.82	-2342.57	1620.13
Saccade R	1	6	4676936402	4676977207	40805	466.72	333.38	398.69	365.09	1.63	69.18	0.51	39.83	2111.82	-2342.57	1620.13
Saccade L	1	7	4677018802	4677049209	30407	393.64	364.42	493.18	322.59	2.19	132.01	0.41	72.18	5726.31	-5266.94	4016.51
Saccade R	1	7	4677018802	4677049209	30407	393.64	364.42	493.18	322.59	2.19	132.01	0.41	72.18	5726.31	-5266.94	4016.51
Fixation L	1	3	4677049209	4677167369	118160	492.33	341.03	11	38	-1	13.59	13.59
Fixation R	1	3	4677049209	4677167369	118160	492.33	341.03	11	38	-1	13.38	13.38
Saccade L	1	8	4677167369	4677197362	29993	487.46	357.38	634.23	320.28	3.50	241.03	0.53	116.78	9730.79	-9103.19	6878.70
Saccade R	1	8	4677167369	4677197362	29993	487.46	357.38	634.23	320.28	3.50	241.03	0.53	116.78	9730.79	-9103.19	6878.70
Fixation L	1	4	4677197362	4677377441	180079	657.05	332.05	55	44	-1	13.68	13.68
Fixation R	1	4	4677197362	4677377441	180079	657.05	332.05	55	44	-1	13.47	13.47
Saccade L	1	9	4677377441	4677405445	28004	688.17	310.00	682.59	337.14	1.29	75.81	0.57	46.02	2468.47	-1935.48	1723.24
Saccade R	1	9	4677377441	4677405445	28004	688.17	310.00	682.59	337.14	1.29	75.81	0.57	46.02	2468.47	-1935.48	1723.24
Fixation L	1	5	4677405445	4677547430	141985	696.95	329.78	24	39	-1	13.76	13.76
Fixation R	1	5	4677405445	4677547430	141985	696.95	329.78	24	39	-1	13.61	13.61
Fixation L	1	6	4677561437	4677653667	92230	706.07	347.53	25	27	-1	13.91	13.91
Fixation R	1	6	4677561437	4677653667	92230	706.07	347.53	25	27	-1	13.66	13.66
Saccade L	1	10	4677653667	4677695554	41887	700.37	341.89	843.60	351.07	3.56	165.45	0.47	84.92	6213.63	-6377.12	4503.31
Saccade R	1	10	4677653667	4677695554	41887	700.37	341.89	843.60	351.07	3.56	165.45	0.47	84.92	6213.63	-6377.12	4503.31
Fixation L	1	7	4677695554	4677748989	53435	851.58	360.90	29	28	-1	13.85	13.85
Fixation R	1	7	4677695554	4677748989	53435	851.58	360.90	29	28	-1	13.64	13.64
Fixation L	1	8	4677764311	4677825571	61260	853.95	365.83	14	22	-1	13.80	13.80
Fixation R	1	8	4677764311	4677825571	61260	853.95	365.83	14	22	-1	13.63	13.63
Saccade L	1	11	4677825571	4677881678	56107	862.23	362.16	917.38	373.19	9.56	315.88	0.54	170.40	14688.37	-10116.59	8101.03
Saccade R	1	11	4677825571	4677881678	56107	862.23	362.16	917.38	373.19	9.56	315.88	0.54	170.40	14688.37	-10116.59	8101.03
Fixation L	1	9	4677881678	4677989666	107988	925.22	367.42	33	21	-1	13.64	13.64
Fixation R	1	9	4677881678	4677989666	107988	925.22	367.42	33	21	-1	13.44	13.44
Blink L	1	1	4677989666	4678050699	61033
Blink R	1	1	4677989666	4678050699	61033
Fixation L	1	10	4678050699	4678131064	80365	0.00	0.00	0	0	-1	0.00	0.00
Fixation R	1	10	4678050699	4678131064	80365	0.00	0.00	0	0	-1	0.00	0.00
Saccade L	1	12	4678131064	4678182147	51083	0.00	0.00	429.60	401.15	19.40	1209.22	0.29	379.79	46743.24	-37464.30	21315.58
Saccade R	1	12	4678131064	4678182147	51083	0.00	0.00	429.60	401.15	19.40	1209.22	0.29	379.79	46743.24	-37464.30	21315.58
Fixation L	1	11	4678214626	4678293780	79154	417.96	456.88	35	37	-1	13.54	13.54
Fixation R	1	11	4678214626	4678293780	79154	417.96	456.88	35	37	-1	13.18	13.18
Fixation L	1	12	4678314690	4678456067	141377	404.52	451.14	131	137	-1	13.67	13.67
Fixation R	1	12	4678314690	4678456067	141377	404.52	451.14	131	137	-1	13.38	13.38
Saccade L	1	13	4678456067	4678487900	31833	404.06	427.25	362.61	459.94	1.41	83.82	0.31	44.44	2168.45	-2572.12	1575.28
Saccade R	1	13	4678456067	4678487900	31833	404.06	427.25	362.61	459.94	1.41	83.82	0.31	44.44	2168.45	-2572.12	1575.28
Fixation L	1	13	4678487900	4678900075	412175	348.47	461.62	370	492	-1	13.28	13.28
Fixation R	1	13	4678487900	4678900075	412175	348.47	461.62	370	492	-1	13.20	13.20
Saccade L	1	14	4678900075	4678937365	37290	353.78	454.33	259.12	483.95	1.30	63.04	0.64	34.89	1203.49	86.05	737.65
Saccade R	1	14	4678900075	4678937365	37290	353.78	454.33	259.12	483.95	1.30	63.04	0.64	34.89	1203.49	86.05	737.65
Saccade L	1	15	4678937365	4678970121	32756	259.12	483.95	354.37	457.00	1.24	62.37	0.27	37.78	86.05	-1503.87	842.80
Saccade R	1	15	4678937365	4678970121	32756	259.12	483.95	354.37	457.00	1.24	62.37	0.27	37.78	86.05	-1503.87	842.80
Fixation L	1	14	4678970121	4679050133	80012	347.52	468.41	23	26	-1	13.67	13.67
Fixation R	1	14	4678970121	4679050133	80012	347.52	468.41	23	26	-1	13.67	13.67
Saccade L	1	16	4679050133	4679072235	22102	350.02	484.05	331.11	450.75	0.74	48.15	0.45	33.63	874.21	-1083.62	715.26
Saccade R	1	16	4679050133	4679072235	22102	350.02	484.05	331.11	450.75	0.74	48.15	0.45	33.63	874.21	-1083.62	715.26
Saccade L	1	17	4679078136	4679118264	40128	335.50	450.17	358.65	503.18	1.30	42.35	0.35	32.35	1202.09	-1175.46	769.40
Saccade R	1	17	4679078136	4679118264	40128	335.50	450.17	358.65	503.18	1.30	42.35	0.35	32.35	1202.09	-1175.46	769.40
Saccade L	1	18	4679128445	4679162128	33683	356.90	501.71	347.28	458.19	1.11	45.29	0.59	33.05	1400.33	-1376.05	956.02
Saccade R	1	18	4679128445	4679162128	33683	356.90	501.71	347.28	458.19	1.11	45.29	0.59	33.05	1400.33	-1376.05	956.02
Fixation L	1	15	4679162128	4679348243	186115	357.26	494.28	40	58	-1	13.86	13.86
Fixation R	1	15	4679162128	4679348243	186115	357.26	494.28	40	58	-1	13.76	13.76
Saccade L	1	19	4679348243	4679374262	26019	365.09	509.68	342.68	470.10	1.00	65.44	0.40	38.57	2404.01	-2252.83	1680.19
Saccade R	1	19	4679348243	4679374262	26019	365.09	509.68	342.68	470.10	1.00	65.44	0.40	38.57	2404.01	-2252.83	1680.19
Fixation L	1	16	4679374262	4679432538	58276	349.38	470.47	57	21	-1	13.92	13.92
Fixation R	1	16	4679374262	4679432538	58276	349.38	470.47	57	21	-1	14.05	14.05
Saccade L	1	20	4679432538	4679472278	39740	358.47	459.25	343.52	500.69	1.26	44.14	0.59	31.60	1422.58	-1548.96	1020.94
Saccade R	1	20	4679432538	4679472278	39740	358.47	459.25	343.52	500.69	1.26	44.14	0.59	31.60	1422.58	-1548.96	1020.94
Fixation L	1	17	4679498375	4679584358	85983	360.97	488.33	37	21	-1	14.08	14.08
Fixation R	1	17	4679498375	4679584358	85983	360.97	488.33	37	21	-1	14.21	14.21
UserEvent	1	83	4679597774	# Message: UE-mouseclick left x=361 y=470
Fixation L	1	18	4679604780	4679743428	138648	337.28	477.46	26	36	-1	14.16	14.16
Fixation R	1	18	4679604780	4679743428	138648	337.28	477.46	26	36	-1	14.27	14.27
Saccade L	1	21	4679774553	4679823396	48843	334.94	490.28	362.43	555.22	2.30	91.48	0.39	47.18	2714.85	-3140.71	1974.46
Saccade R	1	21	4679774553	4679823396	48843	334.94	490.28	362.43	555.22	2.30	91.48	0.39	47.18	2714.85	-3140.71	1974.46
Fixation L	1	19	4679854498	4680228079	373581	357.06	525.31	22	42	-1	14.11	14.11
Fixation R	1	19	4679854498	4680228079	373581	357.06	525.31	22	42	-1	14.23	14.23
UserEvent	1	98	4680141031	# Message: UE-mouseclick left x=383 y=529
