[BeGaze]
Converted from:	C:\Program Files\SMI\Experiment Suite 360\Experiment Center 2\Results\RC-Attachment-Exp\P20-eye_data.idf
Date:	18.03.2012 20:16:03
Version:	BeGaze 3.0.181
Sample Rate:	500
Subject:	P20
Description:	Run25

Table Header for Fixations:
Event Type	Trial	Number	Start	End	Duration	Location X	Location Y	Dispersion X	Dispersion Y	Plane	Avg. Pupil Size X	Avg. Pupil Size Y

Table Header for Saccades:
Event Type	Trial	Number	Start	End	Duration	Start Loc.X	Start Loc.Y	End Loc.X	End Loc.Y	Amplitude	Peak Speed	Peak Speed At	Average Speed	Peak Accel.	Peak Decel.	Average Accel.

Table Header for Blinks:
Event Type	Trial	Number	Start	End	Duration

Table Header for User Events:
Event Type	Trial	Number	Start	Description

UserEvent	1	1	19506246710	# Message: Questionnaire24.jpg
Fixation L	1	1	19506261056	19506639276	378220	867.22	980.26	22	44	-1	14.21	14.21
Fixation R	1	1	19506261056	19506639276	378220	867.22	980.26	22	44	-1	14.40	14.40
Saccade L	1	1	19506639276	19506711288	72012	857.57	969.02	521.28	431.39	14.30	465.74	0.25	198.56	20663.27	-11312.58	9431.55
Saccade R	1	1	19506639276	19506711288	72012	857.57	969.02	521.28	431.39	14.30	465.74	0.25	198.56	20663.27	-11312.58	9431.55
Saccade L	1	2	19506755271	19506783278	28007	510.61	442.04	505.35	335.14	2.68	179.40	0.50	95.74	7171.28	-6878.69	4955.84
Saccade R	1	2	19506755271	19506783278	28007	510.61	442.04	505.35	335.14	2.68	179.40	0.50	95.74	7171.28	-6878.69	4955.84
Fixation L	1	2	19506783278	19507007376	224098	508.26	334.99	37	31	-1	13.83	13.83
Fixation R	1	2	19506783278	19507007376	224098	508.26	334.99	37	31	-1	13.61	13.61
Saccade L	1	3	19507007376	19507049379	42003	507.65	330.24	625.96	360.77	2.71	157.00	0.29	64.58	6564.93	-5471.42	3623.12
Saccade R	1	3	19507007376	19507049379	42003	507.65	330.24	625.96	360.77	2.71	157.00	0.29	64.58	6564.93	-5471.42	3623.12
Fixation L	1	3	19507049379	19507189528	140149	631.93	361.52	11	13	-1	13.73	13.73
Fixation R	1	3	19507049379	19507189528	140149	631.93	361.52	11	13	-1	13.67	13.67
Saccade L	1	4	19507189528	19507217493	27965	636.89	360.47	746.55	373.13	2.37	157.85	0.60	84.90	6351.55	-6624.72	4714.49
Saccade R	1	4	19507189528	19507217493	27965	636.89	360.47	746.55	373.13	2.37	157.85	0.60	84.90	6351.55	-6624.72	4714.49
Fixation L	1	4	19507217493	19507381505	164012	739.62	363.29	18	17	-1	13.96	13.96
Fixation R	1	4	19507217493	19507381505	164012	739.62	363.29	18	17	-1	13.78	13.78
Saccade L	1	5	19507381505	19507427570	46065	741.61	367.65	408.37	340.11	8.19	427.42	0.37	177.77	18777.95	-17384.85	11756.42
Saccade R	1	5	19507381505	19507427570	46065	741.61	367.65	408.37	340.11	8.19	427.42	0.37	177.77	18777.95	-17384.85	11756.42
Fixation L	1	5	19507427570	19507697625	270055	400.77	346.86	14	14	-1	13.91	13.91
Fixation R	1	5	19507427570	19507697625	270055	400.77	346.86	14	14	-1	13.69	13.69
Saccade L	1	6	19507697625	19507725762	28137	403.58	351.43	413.77	437.98	1.93	130.59	0.50	68.76	5416.94	-5362.53	3856.89
Saccade R	1	6	19507697625	19507725762	28137	403.58	351.43	413.77	437.98	1.93	130.59	0.50	68.76	5416.94	-5362.53	3856.89
Fixation L	1	6	19507725762	19507805809	80047	412.99	441.50	7	12	-1	14.21	14.21
Fixation R	1	6	19507725762	19507805809	80047	412.99	441.50	7	12	-1	13.98	13.98
Saccade L	1	7	19507805809	19507837748	31939	416.18	449.27	420.30	438.12	9.11	420.42	0.40	285.16	18600.54	-16013.23	13301.19
Saccade R	1	7	19507805809	19507837748	31939	416.18	449.27	420.30	438.12	9.11	420.42	0.40	285.16	18600.54	-16013.23	13301.19
Fixation L	1	7	19507837748	19508578112	740364	412.14	447.36	21	31	-1	14.46	14.46
Fixation R	1	7	19507837748	19508578112	740364	412.14	447.36	21	31	-1	14.24	14.24
UserEvent	1	35	19508268380	# Message: UE-mouseclick left x=402 y=438
Saccade L	1	8	19508578112	19508604177	26065	412.27	446.78	429.14	537.08	1.93	130.30	0.46	74.01	5242.51	-5139.63	3824.18
Saccade R	1	8	19508578112	19508604177	26065	412.27	446.78	429.14	537.08	1.93	130.30	0.46	74.01	5242.51	-5139.63	3824.18
Fixation L	1	8	19508604177	19509052387	448210	430.89	537.71	27	15	-1	14.36	14.36
Fixation R	1	8	19508604177	19509052387	448210	430.89	537.71	27	15	-1	14.21	14.21
UserEvent	1	48	19508964346	# Message: UE-mouseclick left x=425 y=524
