[BeGaze]
Converted from:	C:\Program Files\SMI\Experiment Suite 360\Experiment Center 2\Results\RC-Attachment-Exp\P06-eye_data.idf
Date:	18.03.2012 20:06:17
Version:	BeGaze 3.0.181
Sample Rate:	500
Subject:	P06
Description:	kibrisli

Table Header for Fixations:
Event Type	Trial	Number	Start	End	Duration	Location X	Location Y	Dispersion X	Dispersion Y	Plane	Avg. Pupil Size X	Avg. Pupil Size Y

Table Header for Saccades:
Event Type	Trial	Number	Start	End	Duration	Start Loc.X	Start Loc.Y	End Loc.X	End Loc.Y	Amplitude	Peak Speed	Peak Speed At	Average Speed	Peak Accel.	Peak Decel.	Average Accel.

Table Header for Blinks:
Event Type	Trial	Number	Start	End	Duration

Table Header for User Events:
Event Type	Trial	Number	Start	Description

UserEvent	1	1	7164596946	# Message: RC-N2forced-nonanim-4.jpg
Fixation L	1	1	7164597055	7164877114	280059	441.44	447.22	26	44	-1	12.85	12.85
Fixation R	1	1	7164597055	7164877114	280059	441.44	447.22	26	44	-1	13.16	13.16
Saccade L	1	1	7164877114	7164907089	29975	441.33	461.15	494.40	452.46	1.19	62.76	0.40	39.75	2293.10	-2400.54	1654.94
Saccade R	1	1	7164877114	7164907089	29975	441.33	461.15	494.40	452.46	1.19	62.76	0.40	39.75	2293.10	-2400.54	1654.94
Fixation L	1	2	7164907089	7165149205	242116	495.25	457.33	21	47	-1	13.00	13.00
Fixation R	1	2	7164907089	7165149205	242116	495.25	457.33	21	47	-1	13.13	13.13
Fixation L	1	3	7165169208	7165611453	442245	553.55	450.66	39	32	-1	12.82	12.82
Fixation R	1	3	7165169208	7165611453	442245	553.55	450.66	39	32	-1	13.04	13.04
Saccade L	1	2	7165611453	7165639452	27999	540.72	450.98	583.07	427.88	1.02	50.78	0.43	36.55	2200.15	-1622.01	1346.29
Saccade R	1	2	7165611453	7165639452	27999	540.72	450.98	583.07	427.88	1.02	50.78	0.43	36.55	2200.15	-1622.01	1346.29
Fixation L	1	4	7165639452	7165857603	218151	587.78	447.50	45	52	-1	13.05	13.05
Fixation R	1	4	7165639452	7165857603	218151	587.78	447.50	45	52	-1	13.21	13.21
Saccade L	1	3	7165857603	7165899815	42212	598.34	452.73	703.27	452.37	2.47	117.87	0.63	58.48	4143.33	-4514.58	2748.70
Saccade R	1	3	7165857603	7165899815	42212	598.34	452.73	703.27	452.37	2.47	117.87	0.63	58.48	4143.33	-4514.58	2748.70
Fixation L	1	5	7165899815	7166105696	205881	682.49	467.47	45	37	-1	13.10	13.10
Fixation R	1	5	7165899815	7166105696	205881	682.49	467.47	45	37	-1	13.30	13.30
Saccade L	1	4	7166105696	7166135698	30002	694.49	446.50	746.30	449.91	1.19	68.37	0.40	39.83	2490.98	-2470.70	1732.12
Saccade R	1	4	7166105696	7166135698	30002	694.49	446.50	746.30	449.91	1.19	68.37	0.40	39.83	2490.98	-2470.70	1732.12
Fixation L	1	6	7166135698	7166297716	162018	751.20	448.66	28	24	-1	13.30	13.30
Fixation R	1	6	7166135698	7166297716	162018	751.20	448.66	28	24	-1	13.35	13.35
Saccade L	1	5	7166297716	7166329818	32102	734.80	454.50	841.23	461.32	2.31	141.24	0.44	71.83	5869.38	-5869.10	4248.57
Saccade R	1	5	7166297716	7166329818	32102	734.80	454.50	841.23	461.32	2.31	141.24	0.44	71.83	5869.38	-5869.10	4248.57
Fixation L	1	7	7166329818	7166483817	153999	838.30	452.64	39	28	-1	13.16	13.16
Fixation R	1	7	7166329818	7166483817	153999	838.30	452.64	39	28	-1	13.35	13.35
Saccade L	1	6	7166483817	7166511814	27997	819.29	456.44	891.92	436.22	1.59	102.39	0.43	56.71	3460.06	-3909.80	2684.03
Saccade R	1	6	7166483817	7166511814	27997	819.29	456.44	891.92	436.22	1.59	102.39	0.43	56.71	3460.06	-3909.80	2684.03
Fixation L	1	8	7166511814	7166689931	178117	891.68	447.71	22	31	-1	12.97	12.97
Fixation R	1	8	7166511814	7166689931	178117	891.68	447.71	22	31	-1	13.32	13.32
Saccade L	1	7	7166689931	7166719975	30044	901.27	462.63	972.97	458.64	1.52	90.87	0.40	50.59	3752.15	-3543.98	2606.81
Saccade R	1	7	7166689931	7166719975	30044	901.27	462.63	972.97	458.64	1.52	90.87	0.40	50.59	3752.15	-3543.98	2606.81
Fixation L	1	9	7166719975	7166848671	128696	961.00	459.79	32	29	-1	13.07	13.07
Fixation R	1	9	7166719975	7166848671	128696	961.00	459.79	32	29	-1	13.24	13.24
Saccade L	1	8	7166848671	7166880062	31391	967.24	476.92	982.92	434.18	1.01	45.62	0.55	32.19	1108.84	-1653.98	922.75
Saccade R	1	8	7166848671	7166880062	31391	967.24	476.92	982.92	434.18	1.01	45.62	0.55	32.19	1108.84	-1653.98	922.75
Fixation L	1	10	7166880062	7166930084	50022	972.11	447.13	26	44	-1	13.00	13.00
Fixation R	1	10	7166880062	7166930084	50022	972.11	447.13	26	44	-1	13.12	13.12
Saccade L	1	9	7166930084	7166955058	24974	959.67	476.75	1039.95	436.62	1.87	133.99	0.48	75.07	4103.36	-4519.02	3115.16
Saccade R	1	9	7166930084	7166955058	24974	959.67	476.75	1039.95	436.62	1.87	133.99	0.48	75.07	4103.36	-4519.02	3115.16
Saccade L	1	10	7166960356	7166988053	27697	1038.30	438.42	1003.49	478.01	1.08	55.51	0.42	39.07	1582.70	-1526.39	1055.78
Saccade R	1	10	7166960356	7166988053	27697	1038.30	438.42	1003.49	478.01	1.08	55.51	0.42	39.07	1582.70	-1526.39	1055.78
Saccade L	1	11	7166994074	7167052057	57983	999.88	474.01	1066.27	470.57	2.70	97.72	0.52	46.55	2867.54	-3299.22	1846.71
Saccade R	1	11	7166994074	7167052057	57983	999.88	474.01	1066.27	470.57	2.70	97.72	0.52	46.55	2867.54	-3299.22	1846.71
Fixation L	1	11	7167052057	7167324271	272214	1092.84	452.31	58	32	-1	12.92	12.92
Fixation R	1	11	7167052057	7167324271	272214	1092.84	452.31	58	32	-1	13.24	13.24
Saccade L	1	12	7167324271	7167348230	23959	1095.94	456.47	1139.22	457.42	0.99	68.51	0.50	41.12	2382.04	-1822.16	1434.62
Saccade R	1	12	7167324271	7167348230	23959	1095.94	456.47	1139.22	457.42	0.99	68.51	0.50	41.12	2382.04	-1822.16	1434.62
Fixation L	1	12	7167348230	7167508306	160076	1128.33	435.19	51	48	-1	12.92	12.92
Fixation R	1	12	7167348230	7167508306	160076	1128.33	435.19	51	48	-1	13.38	13.38
Saccade L	1	13	7167508306	7167562703	54397	1091.75	464.71	557.11	448.95	12.17	351.24	0.33	223.67	15798.11	-12470.35	9332.76
Saccade R	1	13	7167508306	7167562703	54397	1091.75	464.71	557.11	448.95	12.17	351.24	0.33	223.67	15798.11	-12470.35	9332.76
Fixation L	1	13	7167562703	7167780410	217707	546.57	450.95	46	52	-1	12.82	12.82
Fixation R	1	13	7167562703	7167780410	217707	546.57	450.95	46	52	-1	13.01	13.01
Saccade L	1	14	7167780410	7167860432	80022	520.01	428.53	796.22	943.27	13.91	346.15	0.33	173.81	14137.86	-11595.48	7296.77
Saccade R	1	14	7167780410	7167860432	80022	520.01	428.53	796.22	943.27	13.91	346.15	0.33	173.81	14137.86	-11595.48	7296.77
Fixation L	1	14	7167860432	7168002543	142111	792.87	963.72	37	38	-1	13.03	13.03
Fixation R	1	14	7167860432	7168002543	142111	792.87	963.72	37	38	-1	13.73	13.73
Saccade L	1	15	7168002543	7168024532	21989	801.61	970.35	848.16	972.10	1.11	94.59	0.46	50.63	3453.88	-3353.43	2202.99
Saccade R	1	15	7168002543	7168024532	21989	801.61	970.35	848.16	972.10	1.11	94.59	0.46	50.63	3453.88	-3353.43	2202.99
Fixation L	1	15	7168024532	7168328652	304120	858.05	955.96	50	45	-1	12.81	12.81
Fixation R	1	15	7168024532	7168328652	304120	858.05	955.96	50	45	-1	13.62	13.62
Saccade L	1	16	7168328652	7168352655	24003	873.70	959.79	836.16	952.98	0.79	45.31	0.50	32.75	1837.25	-1927.96	1284.25
Saccade R	1	16	7168328652	7168352655	24003	873.70	959.79	836.16	952.98	0.79	45.31	0.50	32.75	1837.25	-1927.96	1284.25
Fixation L	1	16	7168352655	7168858895	506240	843.59	952.82	60	71	-1	12.71	12.71
Fixation R	1	16	7168352655	7168858895	506240	843.59	952.82	60	71	-1	13.23	13.23
Saccade L	1	17	7168858895	7168888950	30055	827.90	958.22	895.80	935.67	1.52	84.27	0.56	50.73	3063.60	-2770.73	2100.82
Saccade R	1	17	7168858895	7168888950	30055	827.90	958.22	895.80	935.67	1.52	84.27	0.56	50.73	3063.60	-2770.73	2100.82
Saccade L	1	18	7168892905	7168928921	36016	894.70	933.57	823.79	940.72	1.53	63.35	0.33	42.60	1937.27	-2156.91	1466.43
Saccade R	1	18	7168892905	7168928921	36016	894.70	933.57	823.79	940.72	1.53	63.35	0.33	42.60	1937.27	-2156.91	1466.43
Fixation L	1	17	7168928921	7170047409	1118488	854.72	938.83	78	47	-1	13.33	13.33
Fixation R	1	17	7168928921	7170047409	1118488	854.72	938.83	78	47	-1	13.69	13.69
