[BeGaze]
Converted from:	C:\Program Files\SMI\Experiment Suite 360\Experiment Center 2\Results\RC-Attachment-Exp\P01-eye_data.idf
Date:	18.03.2012 20:02:54
Version:	BeGaze 3.0.181
Sample Rate:	500
Subject:	P01
Description:	Run1

Table Header for Fixations:
Event Type	Trial	Number	Start	End	Duration	Location X	Location Y	Dispersion X	Dispersion Y	Plane	Avg. Pupil Size X	Avg. Pupil Size Y

Table Header for Saccades:
Event Type	Trial	Number	Start	End	Duration	Start Loc.X	Start Loc.Y	End Loc.X	End Loc.Y	Amplitude	Peak Speed	Peak Speed At	Average Speed	Peak Accel.	Peak Decel.	Average Accel.

Table Header for Blinks:
Event Type	Trial	Number	Start	End	Duration

Table Header for User Events:
Event Type	Trial	Number	Start	Description

UserEvent	1	1	2254073906	# Message: Questionnaire15.jpg
Fixation L	1	1	2254076742	2254479230	402488	921.01	924.57	66	29	-1	10.87	10.87
Fixation R	1	1	2254076742	2254479230	402488	921.01	924.57	66	29	-1	10.82	10.82
Saccade L	1	1	2254479230	2254539259	60029	882.40	918.90	479.83	575.59	12.01	442.56	0.33	200.03	19661.80	-14109.38	10573.71
Saccade R	1	1	2254479230	2254539259	60029	882.40	918.90	479.83	575.59	12.01	442.56	0.33	200.03	19661.80	-14109.38	10573.71
Fixation L	1	2	2254539259	2254625258	85999	487.57	580.44	16	28	-1	11.25	11.25
Fixation R	1	2	2254539259	2254625258	85999	487.57	580.44	16	28	-1	11.06	11.06
Saccade L	1	2	2254625258	2254649256	23998	488.90	594.27	419.48	542.37	2.14	168.08	0.58	89.05	6722.27	-6617.84	4442.31
Saccade R	1	2	2254625258	2254649256	23998	488.90	594.27	419.48	542.37	2.14	168.08	0.58	89.05	6722.27	-6617.84	4442.31
Saccade L	1	3	2254671269	2254719284	48015	419.99	539.38	362.88	507.95	1.67	46.09	0.29	34.78	1785.50	-1022.56	846.93
Saccade R	1	3	2254671269	2254719284	48015	419.99	539.38	362.88	507.95	1.67	46.09	0.29	34.78	1785.50	-1022.56	846.93
Saccade L	1	4	2254753272	2254783282	30010	402.08	510.60	423.35	416.56	2.81	204.56	0.60	93.53	7637.95	-7535.31	4995.50
Saccade R	1	4	2254753272	2254783282	30010	402.08	510.60	423.35	416.56	2.81	204.56	0.60	93.53	7637.95	-7535.31	4995.50
Fixation L	1	3	2254783282	2254863373	80091	415.14	426.91	28	19	-1	11.24	11.24
Fixation R	1	3	2254783282	2254863373	80091	415.14	426.91	28	19	-1	11.05	11.05
Saccade L	1	5	2254863373	2254897372	33999	394.61	439.22	426.62	475.42	1.04	41.68	0.47	30.63	1112.10	-1384.52	917.07
Saccade R	1	5	2254863373	2254897372	33999	394.61	439.22	426.62	475.42	1.04	41.68	0.47	30.63	1112.10	-1384.52	917.07
Fixation L	1	4	2254897372	2255015381	118009	444.32	491.35	31	35	-1	11.41	11.41
Fixation R	1	4	2254897372	2255015381	118009	444.32	491.35	31	35	-1	11.45	11.45
Saccade L	1	6	2255035377	2255083487	48110	442.72	529.06	431.51	479.54	2.35	88.34	0.59	48.88	1959.40	-2852.93	1558.95
Saccade R	1	6	2255035377	2255083487	48110	442.72	529.06	431.51	479.54	2.35	88.34	0.59	48.88	1959.40	-2852.93	1558.95
Fixation L	1	5	2255083487	2255367631	284144	458.75	493.81	45	22	-1	12.13	12.13
Fixation R	1	5	2255083487	2255367631	284144	458.75	493.81	45	22	-1	12.14	12.14
Saccade L	1	7	2255367631	2255395608	27977	468.61	503.01	560.00	495.05	1.96	134.20	0.51	69.98	5433.74	-5410.68	3935.50
Saccade R	1	7	2255367631	2255395608	27977	468.61	503.01	560.00	495.05	1.96	134.20	0.51	69.98	5433.74	-5410.68	3935.50
Fixation L	1	6	2255395608	2255503617	108009	568.70	486.28	17	21	-1	12.41	12.41
Fixation R	1	6	2255395608	2255503617	108009	568.70	486.28	17	21	-1	12.25	12.25
Saccade L	1	8	2255503617	2255535616	31999	570.45	477.98	645.51	486.59	3.13	233.03	0.38	97.91	9328.29	-6842.75	5042.54
Saccade R	1	8	2255503617	2255535616	31999	570.45	477.98	645.51	486.59	3.13	233.03	0.38	97.91	9328.29	-6842.75	5042.54
Fixation L	1	7	2255547598	2255695717	148119	677.52	488.98	18	48	-1	12.55	12.55
Fixation R	1	7	2255547598	2255695717	148119	677.52	488.98	18	48	-1	12.51	12.51
Saccade L	1	9	2255695717	2255727758	32041	673.46	473.12	762.71	515.19	2.35	163.75	0.50	73.49	6629.45	-6255.29	4520.72
Saccade R	1	9	2255695717	2255727758	32041	673.46	473.12	762.71	515.19	2.35	163.75	0.50	73.49	6629.45	-6255.29	4520.72
Fixation L	1	8	2255727758	2255869837	142079	766.06	503.12	10	20	-1	12.68	12.68
Fixation R	1	8	2255727758	2255869837	142079	766.06	503.12	10	20	-1	12.44	12.44
Saccade L	1	10	2255869837	2255935852	66015	765.14	499.11	463.52	545.25	7.39	304.13	0.30	111.94	13100.23	-12248.73	6491.49
Saccade R	1	10	2255869837	2255935852	66015	765.14	499.11	463.52	545.25	7.39	304.13	0.30	111.94	13100.23	-12248.73	6491.49
Saccade L	1	11	2255963831	2255993836	30005	454.21	550.38	510.44	605.35	1.74	108.42	0.53	57.89	4071.56	-3966.91	2923.76
Saccade R	1	11	2255963831	2255993836	30005	454.21	550.38	510.44	605.35	1.74	108.42	0.53	57.89	4071.56	-3966.91	2923.76
Saccade L	1	12	2256011830	2256057891	46061	508.10	593.30	454.42	507.08	2.28	101.13	0.31	49.61	3649.36	-3165.43	2057.89
Saccade R	1	12	2256011830	2256057891	46061	508.10	593.30	454.42	507.08	2.28	101.13	0.31	49.61	3649.36	-3165.43	2057.89
Saccade L	1	13	2256107252	2256141825	34573	485.86	545.74	436.52	482.05	1.66	84.68	0.60	47.96	2200.59	-3031.72	1772.16
Saccade R	1	13	2256107252	2256141825	34573	485.86	545.74	436.52	482.05	1.66	84.68	0.60	47.96	2200.59	-3031.72	1772.16
Fixation L	1	9	2256141825	2256329949	188124	438.65	507.07	42	49	-1	12.79	12.79
Fixation R	1	9	2256141825	2256329949	188124	438.65	507.07	42	49	-1	12.31	12.31
Saccade L	1	14	2256329949	2256377969	48020	458.91	524.28	386.38	485.32	2.50	129.48	0.50	52.08	4472.27	-4351.25	2704.51
Saccade R	1	14	2256329949	2256377969	48020	458.91	524.28	386.38	485.32	2.50	129.48	0.50	52.08	4472.27	-4351.25	2704.51
Fixation L	1	10	2256377969	2257216411	838442	408.36	543.77	48	95	-1	12.36	12.36
Fixation R	1	10	2256377969	2257216411	838442	408.36	543.77	48	95	-1	12.03	12.03
UserEvent	1	71	2256905322	# Message: UE-mouseclick left x=365 y=447
Saccade L	1	15	2257216411	2257246458	30047	404.10	565.52	463.19	615.92	1.76	101.93	0.40	58.73	3815.06	-3692.81	2769.40
Saccade R	1	15	2257216411	2257246458	30047	404.10	565.52	463.19	615.92	1.76	101.93	0.40	58.73	3815.06	-3692.81	2769.40
Saccade L	1	16	2257344407	2257396422	52015	456.52	619.16	468.61	572.03	4.05	155.87	0.31	77.79	5475.04	-1754.75	1947.98
Saccade R	1	16	2257344407	2257396422	52015	456.52	619.16	468.61	572.03	4.05	155.87	0.31	77.79	5475.04	-1754.75	1947.98
Saccade L	1	17	2257416454	2257450406	33952	491.59	693.41	424.26	571.46	3.17	225.78	0.42	93.32	5604.54	-8081.49	4660.21
Saccade R	1	17	2257416454	2257450406	33952	491.59	693.41	424.26	571.46	3.17	225.78	0.42	93.32	5604.54	-8081.49	4660.21
Fixation L	1	11	2257450406	2257528527	78121	440.66	588.79	32	38	-1	12.41	12.41
Fixation R	1	11	2257450406	2257528527	78121	440.66	588.79	32	38	-1	12.27	12.27
Saccade L	1	18	2257528527	2257607620	79093	426.49	598.74	451.20	496.67	6.72	170.97	0.58	85.01	5392.37	-6092.43	3212.33
Saccade R	1	18	2257528527	2257607620	79093	426.49	598.74	451.20	496.67	6.72	170.97	0.58	85.01	5392.37	-6092.43	3212.33
UserEvent	1	88	2257545292	# Message: UE-mouseclick left x=409 y=525
