[BeGaze]
Converted from:	C:\Program Files\SMI\Experiment Suite 360\Experiment Center 2\Results\RC-Attachment-Exp\P02-eye_data.idf
Date:	24.02.2012 09:57:22
Version:	BeGaze 3.0.181
Sample Rate:	500
Subject:	P02
Description:	Run2

Table Header for Fixations:
Event Type	Trial	Number	Start	End	Duration	Location X	Location Y	Dispersion X	Dispersion Y	Plane	Avg. Pupil Size X	Avg. Pupil Size Y

Table Header for Saccades:
Event Type	Trial	Number	Start	End	Duration	Start Loc.X	Start Loc.Y	End Loc.X	End Loc.Y	Amplitude	Peak Speed	Peak Speed At	Average Speed	Peak Accel.	Peak Decel.	Average Accel.

Table Header for Blinks:
Event Type	Trial	Number	Start	End	Duration

Table Header for User Events:
Event Type	Trial	Number	Start	Description

UserEvent	1	1	3122079067	# Message: RC-nonforced-anim-1.jpg
Fixation L	1	1	3122079710	3122523307	443597	482.74	449.32	41	26	-1	12.81	12.81
Fixation R	1	1	3122079710	3122523307	443597	482.74	449.32	41	26	-1	13.39	13.39
Saccade L	1	1	3122523307	3122559299	35992	473.07	444.60	610.45	427.84	2.96	164.28	0.61	82.35	6417.80	-6886.05	4663.81
Saccade R	1	1	3122523307	3122559299	35992	473.07	444.60	610.45	427.84	2.96	164.28	0.61	82.35	6417.80	-6886.05	4663.81
Fixation L	1	2	3122559299	3122655294	95995	609.08	424.39	10	9	-1	12.57	12.57
Fixation R	1	2	3122559299	3122655294	95995	609.08	424.39	10	9	-1	13.11	13.11
Saccade L	1	2	3122655294	3122705439	50145	613.22	422.99	455.56	385.13	3.89	151.01	0.62	77.59	4115.97	-4515.20	2816.02
Saccade R	1	2	3122655294	3122705439	50145	613.22	422.99	455.56	385.13	3.89	151.01	0.62	77.59	4115.97	-4515.20	2816.02
Saccade L	1	3	3122705439	3122737415	31976	455.56	385.13	516.94	449.91	2.17	133.93	0.38	67.95	3769.95	-5527.14	3299.57
Saccade R	1	3	3122705439	3122737415	31976	455.56	385.13	516.94	449.91	2.17	133.93	0.38	67.95	3769.95	-5527.14	3299.57
Fixation L	1	3	3122737415	3123113877	376462	538.52	432.53	39	35	-1	13.06	13.06
Fixation R	1	3	3122737415	3123113877	376462	538.52	432.53	39	35	-1	13.65	13.65
Saccade L	1	4	3123113877	3123183527	69650	545.01	427.61	611.57	470.43	2.24	63.04	0.54	32.23	1686.05	-1256.31	740.35
Saccade R	1	4	3123113877	3123183527	69650	545.01	427.61	611.57	470.43	2.24	63.04	0.54	32.23	1686.05	-1256.31	740.35
Fixation L	1	4	3123183527	3123439661	256134	622.10	448.30	42	36	-1	13.75	13.75
Fixation R	1	4	3123183527	3123439661	256134	622.10	448.30	42	36	-1	14.15	14.15
Saccade L	1	5	3123439661	3123463643	23982	608.33	444.01	664.17	454.80	1.22	82.99	0.50	50.90	3082.58	-3229.91	2185.10
Saccade R	1	5	3123439661	3123463643	23982	608.33	444.01	664.17	454.80	1.22	82.99	0.50	50.90	3082.58	-3229.91	2185.10
Fixation L	1	5	3123463643	3123705754	242111	652.39	452.63	37	17	-1	13.89	13.89
Fixation R	1	5	3123463643	3123705754	242111	652.39	452.63	37	17	-1	14.37	14.37
Saccade L	1	6	3123705754	3123747878	42124	649.98	455.93	718.41	434.93	1.68	74.86	0.33	39.82	2697.06	-2116.14	1409.61
Saccade R	1	6	3123705754	3123747878	42124	649.98	455.93	718.41	434.93	1.68	74.86	0.33	39.82	2697.06	-2116.14	1409.61
Fixation L	1	6	3123747878	3123923896	176018	729.45	454.41	39	40	-1	14.10	14.10
Fixation R	1	6	3123747878	3123923896	176018	729.45	454.41	39	40	-1	14.53	14.53
Saccade L	1	7	3123923896	3123945936	22040	735.58	454.00	772.59	456.69	0.74	51.72	0.45	33.50	1417.48	-1335.41	926.32
Saccade R	1	7	3123923896	3123945936	22040	735.58	454.00	772.59	456.69	0.74	51.72	0.45	33.50	1417.48	-1335.41	926.32
Fixation L	1	7	3123945936	3124187989	242053	770.88	441.01	25	27	-1	14.36	14.36
Fixation R	1	7	3123945936	3124187989	242053	770.88	441.01	25	27	-1	14.77	14.77
Saccade L	1	8	3124187989	3124212005	24016	776.09	445.63	843.31	445.80	1.40	100.56	0.50	58.25	4147.71	-3780.92	2828.13
Saccade R	1	8	3124187989	3124212005	24016	776.09	445.63	843.31	445.80	1.40	100.56	0.50	58.25	4147.71	-3780.92	2828.13
Fixation L	1	8	3124212005	3124542227	330222	843.57	448.43	21	27	-1	14.19	14.19
Fixation R	1	8	3124212005	3124542227	330222	843.57	448.43	21	27	-1	14.62	14.62
Saccade L	1	9	3124542227	3124568228	26001	853.36	434.56	922.47	441.30	1.58	111.87	0.55	60.80	4511.09	-4149.19	3052.76
Saccade R	1	9	3124542227	3124568228	26001	853.36	434.56	922.47	441.30	1.58	111.87	0.55	60.80	4511.09	-4149.19	3052.76
Fixation L	1	9	3124568228	3124842387	274159	912.86	440.89	32	23	-1	14.46	14.46
Fixation R	1	9	3124568228	3124842387	274159	912.86	440.89	32	23	-1	14.80	14.80
Saccade L	1	10	3124842387	3124870347	27960	892.13	445.77	969.01	443.15	1.61	104.32	0.43	57.50	4189.56	-4145.16	3029.67
Saccade R	1	10	3124842387	3124870347	27960	892.13	445.77	969.01	443.15	1.61	104.32	0.43	57.50	4189.56	-4145.16	3029.67
Fixation L	1	10	3124870347	3125230451	360104	972.23	446.03	27	19	-1	14.19	14.19
Fixation R	1	10	3124870347	3125230451	360104	972.23	446.03	27	19	-1	14.62	14.62
Saccade L	1	11	3125230451	3125260451	30000	967.49	438.15	1088.20	445.28	2.57	149.39	0.47	85.64	6408.57	-5984.10	4641.82
Saccade R	1	11	3125230451	3125260451	30000	967.49	438.15	1088.20	445.28	2.57	149.39	0.47	85.64	6408.57	-5984.10	4641.82
Fixation L	1	11	3125260451	3125318493	58042	1077.64	438.16	15	12	-1	14.24	14.24
Fixation R	1	11	3125260451	3125318493	58042	1077.64	438.16	15	12	-1	14.56	14.56
Saccade L	1	12	3125318493	3125346463	27970	1076.83	437.01	1032.54	395.65	1.50	100.78	0.57	53.53	3566.76	-3544.74	2481.09
Saccade R	1	12	3125318493	3125346463	27970	1076.83	437.01	1032.54	395.65	1.50	100.78	0.57	53.53	3566.76	-3544.74	2481.09
Fixation L	1	12	3125346463	3125414571	68108	1041.57	397.59	20	7	-1	14.29	14.29
Fixation R	1	12	3125346463	3125414571	68108	1041.57	397.59	20	7	-1	14.53	14.53
Saccade L	1	13	3125414571	3125442569	27998	1050.89	397.01	993.26	398.88	1.22	70.21	0.43	43.43	2871.45	-1805.59	1591.29
Saccade R	1	13	3125414571	3125442569	27998	1050.89	397.01	993.26	398.88	1.22	70.21	0.43	43.43	2871.45	-1805.59	1591.29
Saccade L	1	14	3125446629	3125472581	25952	990.73	395.50	1039.49	390.61	1.10	67.16	0.38	42.34	1231.93	-2402.23	1339.50
Saccade R	1	14	3125446629	3125472581	25952	990.73	395.50	1039.49	390.61	1.10	67.16	0.38	42.34	1231.93	-2402.23	1339.50
Blink L	1	1	3125504578	3125544563	39985
Blink R	1	1	3125504578	3125544563	39985
Saccade L	1	15	3125568560	3125602568	34008	0.00	0.00	1063.70	464.55	26.05	2281.45	0.35	766.12	86785.17	-85720.06	54896.32
Saccade R	1	15	3125568560	3125602568	34008	0.00	0.00	1063.70	464.55	26.05	2281.45	0.35	766.12	86785.17	-85720.06	54896.32
Blink L	1	2	3125614572	3125723670	109098
Blink R	1	2	3125614572	3125723670	109098
Saccade L	1	16	3125723670	3125758860	35190	1049.49	446.18	974.99	443.61	25.04	2002.23	0.43	711.55	16591.66	-70664.03	29909.49
Saccade R	1	16	3125723670	3125758860	35190	1049.49	446.18	974.99	443.61	25.04	2002.23	0.43	711.55	16591.66	-70664.03	29909.49
Blink L	1	3	3125772677	3125842677	70000
Blink R	1	3	3125772677	3125842677	70000
Blink L	1	4	3125842677	3125915789	73112
Blink R	1	4	3125842677	3125915789	73112
Blink L	1	5	3125915789	3125972794	57005
Blink R	1	5	3125915789	3125972794	57005
Saccade L	1	17	3125972794	3125998791	25997	959.80	439.23	885.65	449.98	1.62	112.50	0.50	62.29	-496.37	-55290.83	14335.37
Saccade R	1	17	3125972794	3125998791	25997	959.80	439.23	885.65	449.98	1.62	112.50	0.50	62.29	-496.37	-55290.83	14335.37
Fixation L	1	13	3125998791	3126078792	80001	884.57	450.38	4	8	-1	14.37	14.37
Fixation R	1	13	3125998791	3126078792	80001	884.57	450.38	4	8	-1	14.76	14.76
Saccade L	1	18	3126078792	3126104797	26005	883.05	456.62	869.10	451.52	7.03	335.18	0.46	270.38	15842.40	-14720.42	11860.53
Saccade R	1	18	3126078792	3126104797	26005	883.05	456.62	869.10	451.52	7.03	335.18	0.46	270.38	15842.40	-14720.42	11860.53
Fixation L	1	14	3126104797	3126292922	188125	886.25	437.20	24	31	-1	14.51	14.51
Fixation R	1	14	3126104797	3126292922	188125	886.25	437.20	24	31	-1	14.89	14.89
Saccade L	1	19	3126292922	3126344908	51986	886.12	423.76	521.42	458.72	8.84	370.93	0.42	170.14	15577.48	-14620.99	10216.44
Saccade R	1	19	3126292922	3126344908	51986	886.12	423.76	521.42	458.72	8.84	370.93	0.42	170.14	15577.48	-14620.99	10216.44
Fixation L	1	15	3126344908	3126489633	144725	510.00	454.76	25	22	-1	14.52	14.52
Fixation R	1	15	3126344908	3126489633	144725	510.00	454.76	25	22	-1	14.92	14.92
Saccade L	1	20	3126489633	3126545026	55393	509.09	461.68	557.40	440.30	2.62	123.94	0.21	47.34	4984.41	-4107.33	2064.11
Saccade R	1	20	3126489633	3126545026	55393	509.09	461.68	557.40	440.30	2.62	123.94	0.21	47.34	4984.41	-4107.33	2064.11
Fixation L	1	16	3126545026	3126737145	192119	566.81	441.72	18	24	-1	14.31	14.31
Fixation R	1	16	3126545026	3126737145	192119	566.81	441.72	18	24	-1	14.70	14.70
Saccade L	1	21	3126737145	3126759145	22000	570.06	452.70	606.36	450.88	0.80	54.86	0.48	36.20	2028.24	-2085.50	1378.98
Saccade R	1	21	3126737145	3126759145	22000	570.06	452.70	606.36	450.88	0.80	54.86	0.48	36.20	2028.24	-2085.50	1378.98
Fixation L	1	17	3126759145	3126935144	175999	609.28	449.73	11	10	-1	13.82	13.82
Fixation R	1	17	3126759145	3126935144	175999	609.28	449.73	11	10	-1	14.43	14.43
Saccade L	1	22	3126935144	3126960771	25627	609.15	440.42	666.58	439.73	1.38	92.82	0.55	53.74	3693.59	-3656.31	2528.56
Saccade R	1	22	3126935144	3126960771	25627	609.15	440.42	666.58	439.73	1.38	92.82	0.55	53.74	3693.59	-3656.31	2528.56
Fixation L	1	18	3126960771	3127139251	178480	664.15	441.76	15	24	-1	13.71	13.71
Fixation R	1	18	3126960771	3127139251	178480	664.15	441.76	15	24	-1	14.30	14.30
Saccade L	1	23	3127139251	3127169739	30488	667.65	445.10	727.05	443.99	1.50	85.70	0.53	49.31	3343.05	-3513.66	2453.73
Saccade R	1	23	3127139251	3127169739	30488	667.65	445.10	727.05	443.99	1.50	85.70	0.53	49.31	3343.05	-3513.66	2453.73
Fixation L	1	19	3127169739	3127457366	287627	729.44	445.96	31	23	-1	13.78	13.78
Fixation R	1	19	3127169739	3127457366	287627	729.44	445.96	31	23	-1	14.37	14.37
Saccade L	1	24	3127457366	3127491367	34001	726.36	456.61	768.15	441.34	1.14	55.64	0.59	33.52	1628.19	-2075.96	1277.04
Saccade R	1	24	3127457366	3127491367	34001	726.36	456.61	768.15	441.34	1.14	55.64	0.59	33.52	1628.19	-2075.96	1277.04
Blink L	1	6	3127529499	3127559587	30088
Blink R	1	6	3127529499	3127559587	30088
Fixation L	1	20	3127559587	3127683491	123904	770.14	447.98	20	17	-1	13.79	13.79
Fixation R	1	20	3127559587	3127683491	123904	770.14	447.98	20	17	-1	14.46	14.46
Saccade L	1	25	3127683491	3127715477	31986	767.88	439.52	764.35	441.92	13.07	610.20	0.50	408.58	22510.01	-18571.40	16592.96
Saccade R	1	25	3127683491	3127715477	31986	767.88	439.52	764.35	441.92	13.07	610.20	0.50	408.58	22510.01	-18571.40	16592.96
Saccade L	1	26	3127715477	3127749482	34005	764.35	441.92	898.05	452.67	2.94	135.86	0.65	86.52	980.67	-20063.13	6386.85
Saccade R	1	26	3127715477	3127749482	34005	764.35	441.92	898.05	452.67	2.94	135.86	0.65	86.52	980.67	-20063.13	6386.85
Saccade L	1	27	3127749482	3127779480	29998	898.05	452.67	830.15	413.45	1.36	78.37	0.33	45.45	-429.76	-2758.50	1756.69
Saccade R	1	27	3127749482	3127779480	29998	898.05	452.67	830.15	413.45	1.36	78.37	0.33	45.45	-429.76	-2758.50	1756.69
Fixation L	1	21	3127779480	3127841556	62076	837.40	434.64	43	28	-1	13.71	13.71
Fixation R	1	21	3127779480	3127841556	62076	837.40	434.64	43	28	-1	14.34	14.34
Saccade L	1	28	3127841556	3127897601	56045	887.29	442.41	827.51	416.93	8.92	401.78	0.68	159.10	14900.50	-15448.33	8901.80
Saccade R	1	28	3127841556	3127897601	56045	887.29	442.41	827.51	416.93	8.92	401.78	0.68	159.10	14900.50	-15448.33	8901.80
Fixation L	1	22	3127897601	3128123721	226120	867.70	423.17	82	21	-1	13.59	13.59
Fixation R	1	22	3127897601	3128123721	226120	867.70	423.17	82	21	-1	14.29	14.29
Saccade L	1	29	3128123721	3128163729	40008	888.36	431.08	894.94	435.84	3.07	161.61	0.30	76.70	4916.55	-4652.89	3072.03
Saccade R	1	29	3128123721	3128163729	40008	888.36	431.08	894.94	435.84	3.07	161.61	0.30	76.70	4916.55	-4652.89	3072.03
Fixation L	1	23	3128163729	3128287712	123983	895.64	443.17	17	20	-1	13.81	13.81
Fixation R	1	23	3128163729	3128287712	123983	895.64	443.17	17	20	-1	14.45	14.45
Saccade L	1	30	3128287712	3128312187	24475	887.00	444.41	977.71	457.22	2.00	150.48	0.49	81.70	6416.95	-5559.83	4127.04
Saccade R	1	30	3128287712	3128312187	24475	887.00	444.41	977.71	457.22	2.00	150.48	0.49	81.70	6416.95	-5559.83	4127.04
Fixation L	1	24	3128312187	3128639943	327756	970.99	443.37	29	36	-1	13.78	13.78
Fixation R	1	24	3128312187	3128639943	327756	970.99	443.37	29	36	-1	14.43	14.43
Saccade L	1	31	3128639943	3128673948	34005	965.50	451.15	1073.44	440.40	2.58	139.83	0.35	75.95	6073.95	-5563.12	4133.36
Saccade R	1	31	3128639943	3128673948	34005	965.50	451.15	1073.44	440.40	2.58	139.83	0.35	75.95	6073.95	-5563.12	4133.36
Fixation L	1	25	3128673948	3128910138	236190	1072.96	435.47	29	40	-1	13.62	13.62
Fixation R	1	25	3128673948	3128910138	236190	1072.96	435.47	29	40	-1	14.35	14.35
Saccade L	1	32	3128910138	3128936066	25928	1069.37	433.91	1135.91	455.73	1.46	101.94	0.50	56.49	3627.62	-4078.91	2726.03
Saccade R	1	32	3128910138	3128936066	25928	1069.37	433.91	1135.91	455.73	1.46	101.94	0.50	56.49	3627.62	-4078.91	2726.03
Fixation L	1	26	3128936066	3129098056	161990	1136.80	444.28	25	34	-1	13.71	13.71
Fixation R	1	26	3128936066	3129098056	161990	1136.80	444.28	25	34	-1	14.35	14.35
Saccade L	1	33	3129098056	3129124055	25999	1148.67	434.15	1042.90	438.13	2.38	166.15	0.47	91.67	6529.59	-6453.10	4564.41
Saccade R	1	33	3129098056	3129124055	25999	1148.67	434.15	1042.90	438.13	2.38	166.15	0.47	91.67	6529.59	-6453.10	4564.41
Fixation L	1	27	3129124055	3129370172	246117	1052.75	432.55	16	23	-1	13.59	13.59
Fixation R	1	27	3129124055	3129370172	246117	1052.75	432.55	16	23	-1	14.26	14.26
Saccade L	1	34	3129370172	3129396306	26134	1050.75	431.31	1149.02	433.15	2.18	149.92	0.48	83.35	6148.82	-4820.16	3802.00
Saccade R	1	34	3129370172	3129396306	26134	1050.75	431.31	1149.02	433.15	2.18	149.92	0.48	83.35	6148.82	-4820.16	3802.00
Fixation L	1	28	3129396306	3129614290	217984	1128.09	433.37	32	23	-1	13.57	13.57
Fixation R	1	28	3129396306	3129614290	217984	1128.09	433.37	32	23	-1	14.26	14.26
Saccade L	1	35	3129614290	3129638420	24130	1133.77	444.33	1171.68	440.39	0.79	42.92	0.53	32.81	1418.71	-1278.34	986.99
Saccade R	1	35	3129614290	3129638420	24130	1133.77	444.33	1171.68	440.39	0.79	42.92	0.53	32.81	1418.71	-1278.34	986.99
Fixation L	1	29	3129638420	3130534764	896344	1191.41	443.59	45	32	-1	13.71	13.71
Fixation R	1	29	3129638420	3130534764	896344	1191.41	443.59	45	32	-1	14.33	14.33
Saccade L	1	36	3130534764	3130576803	42039	1196.69	446.88	870.84	446.61	7.38	352.49	0.50	175.57	15463.07	-14454.52	10664.77
Saccade R	1	36	3130534764	3130576803	42039	1196.69	446.88	870.84	446.61	7.38	352.49	0.50	175.57	15463.07	-14454.52	10664.77
Fixation L	1	30	3130576803	3131094986	518183	856.93	444.53	62	28	-1	13.99	13.99
Fixation R	1	30	3130576803	3131094986	518183	856.93	444.53	62	28	-1	14.47	14.47
Saccade L	1	37	3131094986	3131129058	34072	851.40	446.83	717.72	444.96	2.88	151.27	0.58	84.46	6435.86	-6219.37	4698.92
Saccade R	1	37	3131094986	3131129058	34072	851.40	446.83	717.72	444.96	2.88	151.27	0.58	84.46	6435.86	-6219.37	4698.92
Fixation L	1	31	3131129058	3131305407	176349	730.62	453.24	27	35	-1	13.83	13.83
Fixation R	1	31	3131129058	3131305407	176349	730.62	453.24	27	35	-1	14.53	14.53
Saccade L	1	38	3131305407	3131355174	49767	737.85	434.64	483.16	446.36	5.76	248.39	0.52	115.80	9831.70	-9816.86	6536.53
Saccade R	1	38	3131305407	3131355174	49767	737.85	434.64	483.16	446.36	5.76	248.39	0.52	115.80	9831.70	-9816.86	6536.53
Fixation L	1	32	3131355174	3131525098	169924	502.00	445.72	28	33	-1	13.85	13.85
Fixation R	1	32	3131355174	3131525098	169924	502.00	445.72	28	33	-1	14.53	14.53
Saccade L	1	39	3131525098	3131552190	27092	500.80	428.60	558.21	438.89	1.40	87.34	0.44	51.57	3188.59	-3426.27	2329.06
Saccade R	1	39	3131525098	3131552190	27092	500.80	428.60	558.21	438.89	1.40	87.34	0.44	51.57	3188.59	-3426.27	2329.06
Fixation L	1	33	3131552190	3131737226	185036	563.18	445.04	15	16	-1	13.84	13.84
Fixation R	1	33	3131552190	3131737226	185036	563.18	445.04	15	16	-1	14.49	14.49
Saccade L	1	40	3131737226	3131759303	22077	562.17	445.74	626.73	451.22	1.35	109.90	0.54	61.18	4174.16	-3957.44	2814.23
Saccade R	1	40	3131737226	3131759303	22077	562.17	445.74	626.73	451.22	1.35	109.90	0.54	61.18	4174.16	-3957.44	2814.23
Blink L	1	7	3131795212	3131835642	40430
Blink R	1	7	3131795212	3131835642	40430
Fixation L	1	34	3131835642	3131955330	119688	629.34	443.92	17	16	-1	13.99	13.99
Fixation R	1	34	3131835642	3131955330	119688	629.34	443.92	17	16	-1	14.50	14.50
Saccade L	1	41	3131955330	3131977321	21991	628.76	450.57	677.88	447.29	1.06	77.59	0.57	47.98	2546.74	-2813.98	1861.08
Saccade R	1	41	3131955330	3131977321	21991	628.76	450.57	677.88	447.29	1.06	77.59	0.57	47.98	2546.74	-2813.98	1861.08
Fixation L	1	35	3131977321	3132141444	164123	671.32	444.32	24	26	-1	14.03	14.03
Fixation R	1	35	3131977321	3132141444	164123	671.32	444.32	24	26	-1	14.62	14.62
Saccade L	1	42	3132141444	3132167450	26006	658.11	444.82	731.51	444.94	1.75	132.14	0.57	67.18	4521.73	-4814.68	3227.34
Saccade R	1	42	3132141444	3132167450	26006	658.11	444.82	731.51	444.94	1.75	132.14	0.57	67.18	4521.73	-4814.68	3227.34
Fixation L	1	36	3132167450	3132535709	368259	745.11	450.71	31	24	-1	14.16	14.16
Fixation R	1	36	3132167450	3132535709	368259	745.11	450.71	31	24	-1	14.68	14.68
Saccade L	1	43	3132535709	3132559597	23888	743.86	449.69	872.24	445.50	2.65	211.01	0.50	111.03	8607.12	-6898.76	5474.96
Saccade R	1	43	3132535709	3132559597	23888	743.86	449.69	872.24	445.50	2.65	211.01	0.50	111.03	8607.12	-6898.76	5474.96
Fixation L	1	37	3132579846	3132919798	339952	839.60	438.67	42	23	-1	14.04	14.04
Fixation R	1	37	3132579846	3132919798	339952	839.60	438.67	42	23	-1	14.66	14.66
Saccade L	1	44	3132919798	3132945799	26001	853.56	446.05	935.37	430.55	1.79	126.72	0.46	68.80	4956.75	-5064.53	3555.16
Saccade R	1	44	3132919798	3132945799	26001	853.56	446.05	935.37	430.55	1.79	126.72	0.46	68.80	4956.75	-5064.53	3555.16
Fixation L	1	38	3132945799	3133187917	242118	928.96	445.55	20	33	-1	14.11	14.11
Fixation R	1	38	3132945799	3133187917	242118	928.96	445.55	20	33	-1	14.63	14.63
Saccade L	1	45	3133187917	3133224522	36605	923.34	460.77	1120.69	440.19	4.92	244.80	0.44	134.37	10675.35	-10582.32	7962.72
Saccade R	1	45	3133187917	3133224522	36605	923.34	460.77	1120.69	440.19	4.92	244.80	0.44	134.37	10675.35	-10582.32	7962.72
Fixation L	1	39	3133224522	3133536020	311498	1117.31	436.58	24	23	-1	13.98	13.98
Fixation R	1	39	3133224522	3133536020	311498	1117.31	436.58	24	23	-1	14.49	14.49
Saccade L	1	46	3133536020	3133566017	29997	1119.35	436.83	1204.89	440.41	2.02	120.24	0.47	67.24	5009.03	-4872.93	3591.96
Saccade R	1	46	3133536020	3133566017	29997	1119.35	436.83	1204.89	440.41	2.02	120.24	0.47	67.24	5009.03	-4872.93	3591.96
Fixation L	1	40	3133566017	3133698009	131992	1204.24	439.96	32	25	-1	13.66	13.66
Fixation R	1	40	3133566017	3133698009	131992	1204.24	439.96	32	25	-1	14.34	14.34
Saccade L	1	47	3133698009	3133764611	66602	1211.74	442.53	878.84	936.57	15.59	455.30	0.42	234.07	19508.18	-11019.41	10589.52
Saccade R	1	47	3133698009	3133764611	66602	1211.74	442.53	878.84	936.57	15.59	455.30	0.42	234.07	19508.18	-11019.41	10589.52
Fixation L	1	41	3133764611	3133904134	139523	873.86	931.77	11	38	-1	14.13	14.13
Fixation R	1	41	3133764611	3133904134	139523	873.86	931.77	11	38	-1	14.80	14.80
Saccade L	1	48	3133904134	3133930131	25997	872.47	933.57	930.01	963.49	1.58	106.00	0.62	60.90	4261.84	-4117.61	2817.70
Saccade R	1	48	3133904134	3133930131	25997	872.47	933.57	930.01	963.49	1.58	106.00	0.62	60.90	4261.84	-4117.61	2817.70
Fixation L	1	42	3133930131	3134262379	332248	926.62	961.56	40	27	-1	13.79	13.79
Fixation R	1	42	3133930131	3134262379	332248	926.62	961.56	40	27	-1	14.52	14.52
