[BeGaze]
Converted from:	C:\Program Files\SMI\Experiment Suite 360\Experiment Center 2\Results\RC-Attachment-Exp\Deney02-eye_data.idf
Date:	18.03.2012 20:03:50
Version:	BeGaze 3.0.181
Sample Rate:	500
Subject:	Deney02
Description:	Run5

Table Header for Fixations:
Event Type	Trial	Number	Start	End	Duration	Location X	Location Y	Dispersion X	Dispersion Y	Plane	Avg. Pupil Size X	Avg. Pupil Size Y

Table Header for Saccades:
Event Type	Trial	Number	Start	End	Duration	Start Loc.X	Start Loc.Y	End Loc.X	End Loc.Y	Amplitude	Peak Speed	Peak Speed At	Average Speed	Peak Accel.	Peak Decel.	Average Accel.

Table Header for Blinks:
Event Type	Trial	Number	Start	End	Duration

Table Header for User Events:
Event Type	Trial	Number	Start	Description

UserEvent	1	1	3312601346	# Message: Questionnaire16.jpg
Fixation L	1	1	3312604818	3312939062	334244	898.71	957.31	15	21	-1	12.04	12.04
Fixation R	1	1	3312604818	3312939062	334244	898.71	957.31	15	21	-1	12.71	12.71
Fixation L	1	2	3313023025	3313137178	114153	473.87	398.99	20	9	-1	11.53	11.53
Fixation R	1	2	3313023025	3313137178	114153	473.87	398.99	20	9	-1	12.13	12.13
Saccade L	1	1	3313137178	3313163204	26026	474.51	402.17	432.03	354.06	1.31	87.55	0.46	50.38	3672.13	-3269.24	2429.03
Saccade R	1	1	3313137178	3313163204	26026	474.51	402.17	432.03	354.06	1.31	87.55	0.46	50.38	3672.13	-3269.24	2429.03
Fixation L	1	3	3313163204	3313381264	218060	436.90	359.74	19	18	-1	11.47	11.47
Fixation R	1	3	3313163204	3313381264	218060	436.90	359.74	19	18	-1	12.19	12.19
Saccade L	1	2	3313381264	3313421265	40001	442.38	366.10	561.23	360.79	2.65	142.53	0.33	66.34	5694.40	-4321.27	3080.27
Saccade R	1	2	3313381264	3313421265	40001	442.38	366.10	561.23	360.79	2.65	142.53	0.33	66.34	5694.40	-4321.27	3080.27
Fixation L	1	4	3313421265	3313591381	170116	572.14	367.00	17	16	-1	12.13	12.13
Fixation R	1	4	3313421265	3313591381	170116	572.14	367.00	17	16	-1	12.81	12.81
Saccade L	1	3	3313591381	3313633487	42106	574.98	366.76	400.03	378.22	3.94	183.78	0.38	93.51	7734.56	-6599.52	4987.54
Saccade R	1	3	3313591381	3313633487	42106	574.98	366.76	400.03	378.22	3.94	183.78	0.38	93.51	7734.56	-6599.52	4987.54
Fixation L	1	5	3313633487	3313895494	262007	389.79	381.56	21	23	-1	12.29	12.29
Fixation R	1	5	3313633487	3313895494	262007	389.79	381.56	21	23	-1	13.07	13.07
Saccade L	1	4	3313895494	3313933487	37993	399.35	384.16	491.81	372.47	2.05	105.60	0.33	53.90	3960.92	-3071.71	2359.13
Saccade R	1	4	3313895494	3313933487	37993	399.35	384.16	491.81	372.47	2.05	105.60	0.33	53.90	3960.92	-3071.71	2359.13
Fixation L	1	6	3313933487	3314121617	188130	495.19	378.46	10	15	-1	12.56	12.56
Fixation R	1	6	3313933487	3314121617	188130	495.19	378.46	10	15	-1	13.49	13.49
Saccade L	1	5	3314121617	3314145883	24266	493.74	373.89	577.15	374.79	1.71	126.11	0.49	70.67	4814.83	-5184.88	3501.52
Saccade R	1	5	3314121617	3314145883	24266	493.74	373.89	577.15	374.79	1.71	126.11	0.49	70.67	4814.83	-5184.88	3501.52
Fixation L	1	7	3314145883	3314351620	205737	576.51	376.29	12	31	-1	12.79	12.79
Fixation R	1	7	3314145883	3314351620	205737	576.51	376.29	12	31	-1	13.88	13.88
Saccade L	1	6	3314351620	3314386890	35270	577.68	395.20	498.54	376.18	1.96	121.62	0.34	55.45	4354.64	-4175.21	2836.61
Saccade R	1	6	3314351620	3314386890	35270	577.68	395.20	498.54	376.18	1.96	121.62	0.34	55.45	4354.64	-4175.21	2836.61
Fixation L	1	8	3314386890	3314581715	194825	488.74	367.64	32	18	-1	12.88	12.88
Fixation R	1	8	3314386890	3314581715	194825	488.74	367.64	32	18	-1	0.43	0.43
Saccade L	1	7	3314581715	3314635712	53997	488.04	363.63	551.44	363.04	2.48	111.80	0.52	45.99	3356.89	-3291.04	1977.64
Blink R	1	1	3314581715	3314805825	224110
Fixation L	1	9	3314635712	3314781830	146118	550.44	371.28	33	31	-1	12.80	12.80
Blink L	1	1	3314781830	3315403292	621462
Fixation R	1	9	3314805825	3315184963	379138	0.00	0.00	0	0	-1	0.00	0.00
Saccade R	1	7	3315184963	3315403292	218329	0.00	0.00	705.81	391.55	157.29	1558.27	0.94	720.40	59361.04	-59162.81	41401.00
Fixation L	1	10	3315403292	3315470055	66763	710.06	394.37	7	4	-1	12.87	12.87
Fixation R	1	10	3315403292	3315470055	66763	710.06	394.37	7	4	-1	13.94	13.94
Saccade L	1	8	3315470055	3315520434	50379	712.67	392.70	545.88	380.06	4.42	166.80	0.40	87.64	7146.08	-5078.46	3941.52
Saccade R	1	8	3315470055	3315520434	50379	712.67	392.70	545.88	380.06	4.42	166.80	0.40	87.64	7146.08	-5078.46	3941.52
Saccade L	1	9	3315520434	3315582244	61810	545.88	380.06	532.21	353.18	9.92	449.91	0.40	160.54	18670.27	-17245.94	10425.59
Blink R	1	2	3315520434	3315730183	209749
Fixation L	1	11	3315582244	3315702225	119981	526.91	352.25	19	24	-1	13.04	13.04
Saccade L	1	10	3315702225	3315730183	27958	532.00	351.80	489.46	358.49	1.28	79.24	0.57	45.93	2930.90	-2530.47	1920.22
Fixation L	1	12	3315730183	3315934282	204099	472.12	364.28	28	26	-1	13.08	13.08
Fixation R	1	11	3315730183	3315934282	204099	472.12	364.28	28	26	-1	0.00	0.00
Blink L	1	2	3315934282	3317088748	1154466
Blink R	1	3	3315934282	3317088748	1154466
Saccade L	1	11	3317098739	3317124207	25468	390.04	390.91	463.28	380.80	1.79	114.80	0.55	70.19	3683.12	-4663.39	2702.36
Saccade R	1	9	3317098739	3317124207	25468	390.04	390.91	463.28	380.80	1.79	114.80	0.55	70.19	3683.12	-4663.39	2702.36
Fixation L	1	13	3317124207	3317801096	676889	466.55	374.87	26	32	-1	13.37	13.37
Fixation R	1	12	3317124207	3317801096	676889	466.55	374.87	26	32	-1	14.29	14.29
Saccade L	1	12	3317801096	3317837399	36303	464.03	370.75	393.28	469.61	3.04	166.95	0.39	83.72	6963.78	-6512.09	4785.35
Saccade R	1	10	3317801096	3317837399	36303	464.03	370.75	393.28	469.61	3.04	166.95	0.39	83.72	6963.78	-6512.09	4785.35
Fixation L	1	14	3317837399	3318047123	209724	398.86	466.48	12	19	-1	13.27	13.27
Fixation R	1	13	3317837399	3318047123	209724	398.86	466.48	12	19	-1	14.12	14.12
Saccade L	1	13	3318047123	3318091349	44226	393.91	462.51	487.67	378.50	2.91	127.95	0.27	65.89	5083.63	-3845.34	2958.73
Saccade R	1	11	3318047123	3318091349	44226	393.91	462.51	487.67	378.50	2.91	127.95	0.27	65.89	5083.63	-3845.34	2958.73
Fixation L	1	15	3318091349	3318321943	230594	489.05	381.41	17	20	-1	13.04	13.04
Fixation R	1	14	3318091349	3318321943	230594	489.05	381.41	17	20	-1	14.17	14.17
Saccade L	1	14	3318321943	3318351190	29247	495.77	388.35	548.59	364.37	1.16	66.90	0.32	39.73	2570.74	-2242.42	1619.13
Saccade R	1	12	3318321943	3318351190	29247	495.77	388.35	548.59	364.37	1.16	66.90	0.32	39.73	2570.74	-2242.42	1619.13
Fixation L	1	16	3318351190	3318609304	258114	560.07	382.34	24	35	-1	12.94	12.94
Fixation R	1	15	3318351190	3318609304	258114	560.07	382.34	24	35	-1	14.02	14.02
Saccade L	1	15	3318609304	3318643975	34671	551.11	397.88	404.94	458.71	4.10	233.07	0.49	118.27	9799.12	-9723.98	7141.95
Saccade R	1	13	3318609304	3318643975	34671	551.11	397.88	404.94	458.71	4.10	233.07	0.49	118.27	9799.12	-9723.98	7141.95
Fixation L	1	17	3318643975	3319559778	915803	394.03	456.91	21	33	-1	12.84	12.84
Fixation R	1	16	3318643975	3319559778	915803	394.03	456.91	21	33	-1	13.70	13.70
UserEvent	1	164	3319224480	# Message: UE-mouseclick left x=395 y=431
Saccade L	1	16	3319559778	3319603765	43987	387.23	437.14	391.86	541.09	2.47	115.13	0.36	56.06	4813.47	-3790.82	2900.89
Saccade R	1	14	3319559778	3319603765	43987	387.23	437.14	391.86	541.09	2.47	115.13	0.36	56.06	4813.47	-3790.82	2900.89
Fixation L	1	18	3319603765	3320054868	451103	393.96	544.62	29	29	-1	12.68	12.68
Fixation R	1	17	3319603765	3320054868	451103	393.96	544.62	29	29	-1	13.38	13.38
UserEvent	1	183	3319936531	# Message: UE-mouseclick left x=408 y=527
