[BeGaze]
Converted from:	C:\Program Files\SMI\Experiment Suite 360\Experiment Center 2\Results\RC-Attachment-Exp\P07-eye_data.idf
Date:	18.03.2012 20:06:50
Version:	BeGaze 3.0.181
Sample Rate:	500
Subject:	P07
Description:	Run12

Table Header for Fixations:
Event Type	Trial	Number	Start	End	Duration	Location X	Location Y	Dispersion X	Dispersion Y	Plane	Avg. Pupil Size X	Avg. Pupil Size Y

Table Header for Saccades:
Event Type	Trial	Number	Start	End	Duration	Start Loc.X	Start Loc.Y	End Loc.X	End Loc.Y	Amplitude	Peak Speed	Peak Speed At	Average Speed	Peak Accel.	Peak Decel.	Average Accel.

Table Header for Blinks:
Event Type	Trial	Number	Start	End	Duration

Table Header for User Events:
Event Type	Trial	Number	Start	Description

UserEvent	1	1	11207059020	# Message: Questionnaire21.jpg
Fixation L	1	1	11207063826	11207407697	343871	933.32	916.37	22	35	-1	11.52	11.52
Fixation R	1	1	11207063826	11207407697	343871	933.32	916.37	22	35	-1	11.36	11.36
Saccade L	1	1	11207407697	11207486642	78945	921.30	930.33	421.34	383.91	18.39	396.84	0.37	232.99	16894.37	-11045.35	9022.82
Saccade R	1	1	11207407697	11207486642	78945	921.30	930.33	421.34	383.91	18.39	396.84	0.37	232.99	16894.37	-11045.35	9022.82
Fixation L	1	2	11207486642	11207642764	156122	422.56	380.25	16	13	-1	10.97	10.97
Fixation R	1	2	11207486642	11207642764	156122	422.56	380.25	16	13	-1	10.75	10.75
Saccade L	1	2	11207642764	11207672768	30004	434.77	374.41	388.06	365.78	0.98	56.78	0.33	32.53	2091.46	-1680.97	1276.79
Saccade R	1	2	11207642764	11207672768	30004	434.77	374.41	388.06	365.78	0.98	56.78	0.33	32.53	2091.46	-1680.97	1276.79
Fixation L	1	3	11207672768	11207966905	294137	382.01	366.70	34	26	-1	11.16	11.16
Fixation R	1	3	11207672768	11207966905	294137	382.01	366.70	34	26	-1	10.94	10.94
Saccade L	1	3	11207966905	11208003427	36522	389.33	372.72	491.53	382.21	2.28	100.22	0.38	62.49	4003.92	-3927.09	2971.55
Saccade R	1	3	11207966905	11208003427	36522	389.33	372.72	491.53	382.21	2.28	100.22	0.38	62.49	4003.92	-3927.09	2971.55
Fixation L	1	4	11208003427	11208100885	97458	509.88	391.98	29	23	-1	11.71	11.71
Fixation R	1	4	11208003427	11208100885	97458	509.88	391.98	29	23	-1	11.51	11.51
Saccade L	1	4	11208100885	11208135892	35007	515.59	406.55	592.81	407.07	1.74	89.09	0.41	49.59	3613.23	-2922.52	2318.35
Saccade R	1	4	11208100885	11208135892	35007	515.59	406.55	592.81	407.07	1.74	89.09	0.41	49.59	3613.23	-2922.52	2318.35
Fixation L	1	5	11208135892	11208245007	109115	599.25	402.65	11	34	-1	12.01	12.01
Fixation R	1	5	11208135892	11208245007	109115	599.25	402.65	11	34	-1	11.87	11.87
Blink L	1	1	11208245007	11208541472	296465
Blink R	1	1	11208245007	11208541472	296465
Saccade L	1	5	11208541472	11208583127	41655	365.96	524.09	420.86	511.18	1.74	74.74	0.33	41.84	1124.49	-2795.28	1453.39
Saccade R	1	5	11208541472	11208583127	41655	365.96	524.09	420.86	511.18	1.74	74.74	0.33	41.84	1124.49	-2795.28	1453.39
Fixation L	1	6	11208583127	11208851247	268120	423.63	501.97	21	24	-1	13.23	13.23
Fixation R	1	6	11208583127	11208851247	268120	423.63	501.97	21	24	-1	12.75	12.75
Saccade L	1	6	11208851247	11208897238	45991	426.60	504.35	360.88	466.32	2.00	81.85	0.35	43.49	3345.03	-2522.66	1952.24
Saccade R	1	6	11208851247	11208897238	45991	426.60	504.35	360.88	466.32	2.00	81.85	0.35	43.49	3345.03	-2522.66	1952.24
Fixation L	1	7	11208897238	11210728084	1830846	359.08	479.71	74	47	-1	12.53	12.53
Fixation R	1	7	11208897238	11210728084	1830846	359.08	479.71	74	47	-1	12.13	12.13
UserEvent	1	90	11210689585	# Message: UE-mouseclick left x=360 y=445
Saccade L	1	7	11210728084	11210761260	33176	396.79	503.99	355.76	486.35	1.05	41.35	0.39	31.54	1372.58	-1282.74	987.13
Saccade R	1	7	11210728084	11210761260	33176	396.79	503.99	355.76	486.35	1.05	41.35	0.39	31.54	1372.58	-1282.74	987.13
Fixation L	1	8	11210761260	11211082549	321289	369.70	490.47	46	42	-1	12.71	12.71
Fixation R	1	8	11210761260	11211082549	321289	369.70	490.47	46	42	-1	12.30	12.30
Saccade L	1	8	11211082549	11211118388	35839	364.29	465.81	331.67	569.31	2.39	108.87	0.38	66.64	4660.17	-4174.66	3353.59
Saccade R	1	8	11211082549	11211118388	35839	364.29	465.81	331.67	569.31	2.39	108.87	0.38	66.64	4660.17	-4174.66	3353.59
Fixation L	1	9	11211118388	11211417145	298757	347.64	575.39	28	25	-1	12.94	12.94
Fixation R	1	9	11211118388	11211417145	298757	347.64	575.39	28	25	-1	12.54	12.54
Fixation L	1	10	11211436503	11211770570	334067	383.72	571.57	22	20	-1	12.74	12.74
Fixation R	1	10	11211436503	11211770570	334067	383.72	571.57	22	20	-1	12.35	12.35
UserEvent	1	115	11211648909	# Message: UE-mouseclick left x=351 y=523
