[BeGaze]
Converted from:	C:\Program Files\SMI\Experiment Suite 360\Experiment Center 2\Results\RC-Attachment-Exp\P08-eye_data.idf
Date:	18.03.2012 20:07:22
Version:	BeGaze 3.0.181
Sample Rate:	500
Subject:	P08
Description:	Run13

Table Header for Fixations:
Event Type	Trial	Number	Start	End	Duration	Location X	Location Y	Dispersion X	Dispersion Y	Plane	Avg. Pupil Size X	Avg. Pupil Size Y

Table Header for Saccades:
Event Type	Trial	Number	Start	End	Duration	Start Loc.X	Start Loc.Y	End Loc.X	End Loc.Y	Amplitude	Peak Speed	Peak Speed At	Average Speed	Peak Accel.	Peak Decel.	Average Accel.

Table Header for Blinks:
Event Type	Trial	Number	Start	End	Duration

Table Header for User Events:
Event Type	Trial	Number	Start	Description

UserEvent	1	1	12054528676	# Message: Questionnaire21.jpg
Fixation L	1	1	12054529662	12054925223	395561	906.21	949.47	21	28	-1	13.38	13.38
Fixation R	1	1	12054529662	12054925223	395561	906.21	949.47	21	28	-1	13.52	13.52
Saccade L	1	1	12054925223	12054997337	72114	895.27	948.05	471.63	433.73	15.28	457.43	0.28	211.88	19919.41	-11055.40	9775.46
Saccade R	1	1	12054925223	12054997337	72114	895.27	948.05	471.63	433.73	15.28	457.43	0.28	211.88	19919.41	-11055.40	9775.46
Saccade L	1	2	12055043380	12055075493	32113	474.55	422.46	429.32	357.43	1.79	108.15	0.43	55.68	4206.39	-3843.09	2824.69
Saccade R	1	2	12055043380	12055075493	32113	474.55	422.46	429.32	357.43	1.79	108.15	0.43	55.68	4206.39	-3843.09	2824.69
Fixation L	1	2	12055075493	12055181409	105916	438.58	376.36	19	26	-1	14.11	14.11
Fixation R	1	2	12055075493	12055181409	105916	438.58	376.36	19	26	-1	13.44	13.44
Saccade L	1	3	12055181409	12055239487	58078	434.25	385.30	402.77	404.18	2.14	97.43	0.21	36.79	3451.63	-2616.80	1230.36
Saccade R	1	3	12055181409	12055239487	58078	434.25	385.30	402.77	404.18	2.14	97.43	0.21	36.79	3451.63	-2616.80	1230.36
Fixation L	1	3	12055239487	12055305455	65968	394.40	403.73	23	7	-1	13.97	13.97
Fixation R	1	3	12055239487	12055305455	65968	394.40	403.73	23	7	-1	13.22	13.22
Saccade L	1	4	12055305455	12055349458	44003	388.42	404.17	477.66	402.16	2.02	103.93	0.73	46.02	3241.87	-4368.86	2005.82
Saccade R	1	4	12055305455	12055349458	44003	388.42	404.17	477.66	402.16	2.02	103.93	0.73	46.02	3241.87	-4368.86	2005.82
Fixation L	1	4	12055349458	12055483463	134005	480.58	397.11	15	21	-1	13.94	13.94
Fixation R	1	4	12055349458	12055483463	134005	480.58	397.11	15	21	-1	13.24	13.24
Saccade L	1	5	12055483463	12055511594	28131	482.70	403.99	529.40	414.35	1.33	97.47	0.57	47.23	3613.71	-3208.40	2365.44
Saccade R	1	5	12055483463	12055511594	28131	482.70	403.99	529.40	414.35	1.33	97.47	0.57	47.23	3613.71	-3208.40	2365.44
Saccade L	1	6	12055571588	12055609679	38091	563.48	483.70	541.32	409.59	1.38	87.69	0.32	36.13	995.68	-2448.24	1113.81
Saccade R	1	6	12055571588	12055609679	38091	563.48	483.70	541.32	409.59	1.38	87.69	0.32	36.13	995.68	-2448.24	1113.81
Fixation L	1	5	12055609679	12055716100	106421	540.88	421.47	18	24	-1	14.66	14.66
Fixation R	1	5	12055609679	12055716100	106421	540.88	421.47	18	24	-1	14.13	14.13
Saccade L	1	7	12055716100	12055750522	34422	545.35	414.05	420.28	487.13	3.53	205.82	0.45	102.67	8213.62	-8217.10	6034.52
Saccade R	1	7	12055716100	12055750522	34422	545.35	414.05	420.28	487.13	3.53	205.82	0.45	102.67	8213.62	-8217.10	6034.52
Fixation L	1	6	12055750522	12056096989	346467	421.89	484.22	31	16	-1	15.39	15.39
Fixation R	1	6	12055750522	12056096989	346467	421.89	484.22	31	16	-1	14.81	14.81
Saccade L	1	8	12056096989	12056119864	22875	428.78	495.55	384.71	486.17	0.91	62.06	0.47	39.80	1728.38	-1875.86	1335.65
Saccade R	1	8	12056096989	12056119864	22875	428.78	495.55	384.71	486.17	0.91	62.06	0.47	39.80	1728.38	-1875.86	1335.65
Fixation L	1	7	12056119864	12056687106	567242	395.90	490.65	32	32	-1	15.89	15.89
Fixation R	1	7	12056119864	12056687106	567242	395.90	490.65	32	32	-1	15.17	15.17
UserEvent	1	52	12056529802	# Message: UE-mouseclick left x=410 y=441
Saccade L	1	9	12056687106	12056736424	49318	386.24	496.11	403.83	598.62	3.77	155.20	0.64	76.51	6072.40	-5738.34	4184.80
Saccade R	1	9	12056687106	12056736424	49318	386.24	496.11	403.83	598.62	3.77	155.20	0.64	76.51	6072.40	-5738.34	4184.80
Fixation L	1	8	12056736424	12057255123	518699	411.44	594.80	39	44	-1	16.23	16.23
Fixation R	1	8	12056736424	12057255123	518699	411.44	594.80	39	44	-1	15.14	15.14
UserEvent	1	70	12057225797	# Message: UE-mouseclick left x=409 y=529
Saccade L	1	10	12057255123	12057294413	39290	410.96	601.17	428.07	453.09	3.99	208.11	0.55	101.64	8731.55	-8242.95	5809.80
Saccade R	1	10	12057255123	12057294413	39290	410.96	601.17	428.07	453.09	3.99	208.11	0.55	101.64	8731.55	-8242.95	5809.80
