[BeGaze]
Converted from:	C:\Program Files\SMI\Experiment Suite 360\Experiment Center 2\Results\RC-Attachment-Exp\P16-eye_data.idf
Date:	18.03.2012 20:12:42
Version:	BeGaze 3.0.181
Sample Rate:	500
Subject:	P16
Description:	Run21

Table Header for Fixations:
Event Type	Trial	Number	Start	End	Duration	Location X	Location Y	Dispersion X	Dispersion Y	Plane	Avg. Pupil Size X	Avg. Pupil Size Y

Table Header for Saccades:
Event Type	Trial	Number	Start	End	Duration	Start Loc.X	Start Loc.Y	End Loc.X	End Loc.Y	Amplitude	Peak Speed	Peak Speed At	Average Speed	Peak Accel.	Peak Decel.	Average Accel.

Table Header for Blinks:
Event Type	Trial	Number	Start	End	Duration

Table Header for User Events:
Event Type	Trial	Number	Start	Description

UserEvent	1	1	2026493875	# Message: Dist-orthm-36.jpg
Fixation L	1	1	2026496500	2026837474	340974	506.71	474.34	20	31	-1	10.35	10.35
Fixation R	1	1	2026496500	2026837474	340974	506.71	474.34	20	31	-1	10.73	10.73
Saccade L	1	1	2026837474	2026861475	24001	514.35	468.04	554.97	466.83	0.82	49.99	0.50	34.35	2040.31	-1797.96	1376.56
Saccade R	1	1	2026837474	2026861475	24001	514.35	468.04	554.97	466.83	0.82	49.99	0.50	34.35	2040.31	-1797.96	1376.56
Fixation L	1	2	2026861475	2027005466	143991	554.80	470.27	12	14	-1	10.15	10.15
Fixation R	1	2	2026861475	2027005466	143991	554.80	470.27	12	14	-1	10.65	10.65
Saccade L	1	2	2027005466	2027030122	24656	555.42	475.53	625.97	479.00	1.52	107.36	0.49	61.55	4323.15	-4249.67	3043.68
Saccade R	1	2	2027005466	2027030122	24656	555.42	475.53	625.97	479.00	1.52	107.36	0.49	61.55	4323.15	-4249.67	3043.68
Fixation L	1	3	2027030122	2027213582	183460	621.27	474.29	34	32	-1	10.24	10.24
Fixation R	1	3	2027030122	2027213582	183460	621.27	474.29	34	32	-1	10.57	10.57
Saccade L	1	3	2027277581	2027315711	38130	629.44	464.41	728.50	463.83	2.10	120.68	0.31	55.05	4071.82	-3744.54	2369.20
Saccade R	1	3	2027277581	2027315711	38130	629.44	464.41	728.50	463.83	2.10	120.68	0.31	55.05	4071.82	-3744.54	2369.20
Fixation L	1	4	2027315711	2027543467	227756	728.63	461.58	23	31	-1	10.21	10.21
Fixation R	1	4	2027315711	2027543467	227756	728.63	461.58	23	31	-1	10.58	10.58
Fixation L	1	5	2027563699	2027951932	388233	754.59	462.20	46	31	-1	10.11	10.11
Fixation R	1	5	2027563699	2027951932	388233	754.59	462.20	46	31	-1	10.47	10.47
Saccade L	1	4	2027951932	2027985931	33999	732.15	464.34	800.52	466.99	1.50	75.69	0.35	44.15	2839.62	-2398.82	1847.67
Saccade R	1	4	2027951932	2027985931	33999	732.15	464.34	800.52	466.99	1.50	75.69	0.35	44.15	2839.62	-2398.82	1847.67
Fixation L	1	6	2027985931	2028087923	101992	805.22	467.40	12	19	-1	9.95	9.95
Fixation R	1	6	2027985931	2028087923	101992	805.22	467.40	12	19	-1	10.35	10.35
Saccade L	1	5	2028087923	2028113927	26004	807.38	462.56	895.28	467.23	1.89	133.45	0.58	72.76	4900.53	-5042.96	3591.45
Saccade R	1	5	2028087923	2028113927	26004	807.38	462.56	895.28	467.23	1.89	133.45	0.58	72.76	4900.53	-5042.96	3591.45
Fixation L	1	7	2028113927	2028488153	374226	885.30	456.18	48	47	-1	9.85	9.85
Fixation R	1	7	2028113927	2028488153	374226	885.30	456.18	48	47	-1	10.35	10.35
Saccade L	1	6	2028488153	2028526156	38003	865.17	433.29	973.40	440.06	2.19	139.53	0.74	57.71	4419.96	-5173.91	2499.72
Saccade R	1	6	2028488153	2028526156	38003	865.17	433.29	973.40	440.06	2.19	139.53	0.74	57.71	4419.96	-5173.91	2499.72
Saccade L	1	7	2028552151	2028588151	36000	953.12	436.23	964.61	443.25	8.50	353.91	0.52	236.11	16023.54	-16083.02	12593.74
Saccade R	1	7	2028552151	2028588151	36000	953.12	436.23	964.61	443.25	8.50	353.91	0.52	236.11	16023.54	-16083.02	12593.74
Fixation L	1	8	2028588151	2028752268	164117	966.82	453.35	11	16	-1	9.50	9.50
Fixation R	1	8	2028588151	2028752268	164117	966.82	453.35	11	16	-1	10.17	10.17
Saccade L	1	8	2028752268	2028780274	28006	965.99	454.19	1049.90	447.97	1.86	123.66	0.50	66.38	5042.29	-5147.49	3695.50
Saccade R	1	8	2028752268	2028780274	28006	965.99	454.19	1049.90	447.97	1.86	123.66	0.50	66.38	5042.29	-5147.49	3695.50
Fixation L	1	9	2028780274	2029006390	226116	1059.40	444.07	30	21	-1	9.40	9.40
Fixation R	1	9	2028780274	2029006390	226116	1059.40	444.07	30	21	-1	10.12	10.12
Saccade L	1	9	2029006390	2029036388	29998	1051.66	439.03	1129.62	442.80	1.59	89.21	0.47	53.05	3184.35	-3445.73	2463.57
Saccade R	1	9	2029006390	2029036388	29998	1051.66	439.03	1129.62	442.80	1.59	89.21	0.47	53.05	3184.35	-3445.73	2463.57
Fixation L	1	10	2029036388	2029238499	202111	1127.61	447.37	20	16	-1	9.40	9.40
Fixation R	1	10	2029036388	2029238499	202111	1127.61	447.37	20	16	-1	10.07	10.07
Blink L	1	1	2029238499	2029364502	126003
Blink R	1	1	2029238499	2029364502	126003
Saccade L	1	10	2029364502	2029412751	48249	1023.89	404.08	1056.40	458.63	2.00	77.73	0.25	41.51	946.51	-13239.83	1989.78
Saccade R	1	10	2029364502	2029412751	48249	1023.89	404.08	1056.40	458.63	2.00	77.73	0.25	41.51	946.51	-13239.83	1989.78
Fixation L	1	11	2029412751	2029536612	123861	1054.22	470.85	28	21	-1	9.37	9.37
Fixation R	1	11	2029412751	2029536612	123861	1054.22	470.85	28	21	-1	10.17	10.17
Saccade L	1	11	2029536612	2029588615	52003	1049.03	472.14	771.08	466.07	6.23	225.83	0.31	119.88	9810.95	-6783.71	5824.02
Saccade R	1	11	2029536612	2029588615	52003	1049.03	472.14	771.08	466.07	6.23	225.83	0.31	119.88	9810.95	-6783.71	5824.02
Fixation L	1	12	2029588615	2029766745	178130	764.23	462.80	27	21	-1	10.04	10.04
Fixation R	1	12	2029588615	2029766745	178130	764.23	462.80	27	21	-1	10.50	10.50
Fixation L	1	13	2029784753	2029872837	88084	773.10	453.43	38	11	-1	9.97	9.97
Fixation R	1	13	2029784753	2029872837	88084	773.10	453.43	38	11	-1	10.50	10.50
Saccade L	1	12	2029872837	2029919665	46828	774.89	457.97	593.30	452.21	4.30	158.41	0.43	91.76	7109.27	-6242.39	4845.17
Saccade R	1	12	2029872837	2029919665	46828	774.89	457.97	593.30	452.21	4.30	158.41	0.43	91.76	7109.27	-6242.39	4845.17
Fixation L	1	14	2029919665	2030044408	124743	589.04	453.56	23	18	-1	9.87	9.87
Fixation R	1	14	2029919665	2030044408	124743	589.04	453.56	23	18	-1	10.51	10.51
Blink L	1	2	2030044408	2030290986	246578
Blink R	1	2	2030044408	2030290986	246578
Fixation L	1	15	2030290986	2030384960	93974	775.67	840.24	28	32	-1	0.00	0.00
Fixation R	1	15	2030290986	2030384960	93974	775.67	840.24	28	32	-1	9.46	9.46
Blink L	1	3	2030384960	2030494947	109987
Saccade R	1	13	2030384960	2030416958	31998	788.19	854.06	901.49	840.50	2.39	145.14	0.44	74.64	5461.17	-5304.04	3905.78
Blink R	1	3	2030466950	2031095517	628567
Fixation L	1	16	2030494947	2030873183	378236	0.00	0.00	0	0	-1	0.00	0.00
Saccade L	1	13	2030873183	2031095517	222334	0.00	0.00	914.14	914.43	221.81	2475.56	0.93	997.63	94477.65	-93397.34	66514.95
Fixation L	1	17	2031095517	2031605419	509902	916.84	913.66	56	39	-1	10.53	10.53
Fixation R	1	16	2031095517	2031605419	509902	916.84	913.66	56	39	-1	11.38	11.38
