[BeGaze]
Converted from:	C:\Program Files\SMI\Experiment Suite 360\Experiment Center 2\Results\RC-Attachment-Exp\deneme-eye_data.idf
Date:	24.02.2012 09:57:34
Version:	BeGaze 3.0.181
Sample Rate:	500
Subject:	deneme
Description:	Run3

Table Header for Fixations:
Event Type	Trial	Number	Start	End	Duration	Location X	Location Y	Dispersion X	Dispersion Y	Plane	Avg. Pupil Size X	Avg. Pupil Size Y

Table Header for Saccades:
Event Type	Trial	Number	Start	End	Duration	Start Loc.X	Start Loc.Y	End Loc.X	End Loc.Y	Amplitude	Peak Speed	Peak Speed At	Average Speed	Peak Accel.	Peak Decel.	Average Accel.

Table Header for Blinks:
Event Type	Trial	Number	Start	End	Duration

Table Header for User Events:
Event Type	Trial	Number	Start	Description

UserEvent	1	1	8622580366	# Message: RC-nonforced-nonanim-2.jpg
Fixation L	1	1	8622583058	8622883603	300545	509.33	450.82	14	16	-1	11.44	11.44
Fixation R	1	1	8622583058	8622883603	300545	509.33	450.82	14	16	-1	10.99	10.99
Saccade L	1	1	8622883603	8622937721	54118	509.61	447.46	486.32	484.16	29.35	1334.85	0.74	542.38	46232.17	-45574.02	28585.68
Saccade R	1	1	8622883603	8622937721	54118	509.61	447.46	486.32	484.16	29.35	1334.85	0.74	542.38	46232.17	-45574.02	28585.68
Fixation L	1	2	8622937721	8623175837	238116	509.94	449.81	33	62	-1	11.14	11.14
Fixation R	1	2	8622937721	8623175837	238116	509.94	449.81	33	62	-1	10.64	10.64
Saccade L	1	2	8623175837	8623201831	25994	514.78	452.14	557.04	450.99	0.92	59.13	0.46	35.34	2416.74	-2288.56	1677.41
Saccade R	1	2	8623175837	8623201831	25994	514.78	452.14	557.04	450.99	0.92	59.13	0.46	35.34	2416.74	-2288.56	1677.41
Fixation L	1	3	8623201831	8623319843	118012	561.99	455.87	15	12	-1	11.16	11.16
Fixation R	1	3	8623201831	8623319843	118012	561.99	455.87	15	12	-1	10.70	10.70
Saccade L	1	3	8623319843	8623343827	23984	568.46	447.90	642.52	449.68	1.52	124.83	0.58	63.57	4778.72	-4725.68	3294.14
Saccade R	1	3	8623319843	8623343827	23984	568.46	447.90	642.52	449.68	1.52	124.83	0.58	63.57	4778.72	-4725.68	3294.14
Fixation L	1	4	8623343827	8623549968	206141	645.45	440.03	23	15	-1	11.14	11.14
Fixation R	1	4	8623343827	8623549968	206141	645.45	440.03	23	15	-1	10.95	10.95
Saccade L	1	4	8623549968	8623581974	32006	642.89	438.71	732.12	433.84	1.93	141.06	0.37	60.35	5541.81	-5255.58	3623.14
Saccade R	1	4	8623549968	8623581974	32006	642.89	438.71	732.12	433.84	1.93	141.06	0.37	60.35	5541.81	-5255.58	3623.14
Fixation L	1	5	8623581974	8623659958	77984	742.93	445.83	21	20	-1	11.05	11.05
Fixation R	1	5	8623581974	8623659958	77984	742.93	445.83	21	20	-1	10.79	10.79
Saccade L	1	5	8623659958	8623714066	54108	748.94	452.79	703.05	473.43	1.57	42.56	0.44	29.04	1151.78	-600.25	555.35
Saccade R	1	5	8623659958	8623714066	54108	748.94	452.79	703.05	473.43	1.57	42.56	0.44	29.04	1151.78	-600.25	555.35
Saccade L	1	6	8623714066	8623748067	34001	703.05	473.43	741.67	429.34	1.18	61.95	0.41	34.56	1120.68	-1620.36	871.37
Saccade R	1	6	8623714066	8623748067	34001	703.05	473.43	741.67	429.34	1.18	61.95	0.41	34.56	1120.68	-1620.36	871.37
Saccade L	1	7	8623748067	8623772110	24043	741.67	429.34	726.40	452.70	0.71	44.67	0.33	29.73	442.35	-956.54	484.59
Saccade R	1	7	8623748067	8623772110	24043	741.67	429.34	726.40	452.70	0.71	44.67	0.33	29.73	442.35	-956.54	484.59
Saccade L	1	8	8623818073	8623846063	27990	735.46	439.69	807.36	452.82	1.68	122.81	0.57	59.85	4797.49	-4522.11	3410.70
Saccade R	1	8	8623818073	8623846063	27990	735.46	439.69	807.36	452.82	1.68	122.81	0.57	59.85	4797.49	-4522.11	3410.70
Fixation L	1	6	8623846063	8624092186	246123	818.42	451.63	19	20	-1	10.95	10.95
Fixation R	1	6	8623846063	8624092186	246123	818.42	451.63	19	20	-1	10.61	10.61
Saccade L	1	9	8624092186	8624122181	29995	819.88	450.07	891.51	444.05	1.57	98.31	0.53	52.49	4069.04	-3984.48	2965.79
Saccade R	1	9	8624092186	8624122181	29995	819.88	450.07	891.51	444.05	1.57	98.31	0.53	52.49	4069.04	-3984.48	2965.79
Fixation L	1	7	8624122181	8624282315	160134	889.48	445.98	12	11	-1	10.88	10.88
Fixation R	1	7	8624122181	8624282315	160134	889.48	445.98	12	11	-1	10.60	10.60
Saccade L	1	10	8624282315	8624312403	30088	890.09	440.96	979.57	446.34	2.19	143.54	0.53	72.81	5663.47	-5764.77	4128.14
Saccade R	1	10	8624282315	8624312403	30088	890.09	440.96	979.57	446.34	2.19	143.54	0.53	72.81	5663.47	-5764.77	4128.14
Fixation L	1	8	8624312403	8624486295	173892	980.02	441.18	16	17	-1	10.89	10.89
Fixation R	1	8	8624312403	8624486295	173892	980.02	441.18	16	17	-1	10.64	10.64
Saccade L	1	11	8624486295	8624514435	28140	980.79	432.76	1042.96	444.43	1.43	88.63	0.50	50.87	3822.31	-2962.03	2491.05
Saccade R	1	11	8624486295	8624514435	28140	980.79	432.76	1042.96	444.43	1.43	88.63	0.50	50.87	3822.31	-2962.03	2491.05
Fixation L	1	9	8624514435	8624748541	234106	1038.58	442.93	24	20	-1	10.84	10.84
Fixation R	1	9	8624514435	8624748541	234106	1038.58	442.93	24	20	-1	10.64	10.64
Saccade L	1	12	8624748541	8624774416	25875	1030.30	451.31	1113.32	438.82	1.78	134.52	0.47	68.83	5029.33	-5167.93	3694.94
Saccade R	1	12	8624748541	8624774416	25875	1030.30	451.31	1113.32	438.82	1.78	134.52	0.47	68.83	5029.33	-5167.93	3694.94
Fixation L	1	10	8624774416	8624826552	52136	1107.66	443.16	14	9	-1	10.84	10.84
Fixation R	1	10	8624774416	8624826552	52136	1107.66	443.16	14	9	-1	10.63	10.63
Saccade L	1	13	8624826552	8624866536	39984	1106.73	440.32	1120.34	439.51	9.87	391.93	0.75	246.75	18705.99	-18825.82	14978.10
Saccade R	1	13	8624826552	8624866536	39984	1106.73	440.32	1120.34	439.51	9.87	391.93	0.75	246.75	18705.99	-18825.82	14978.10
Fixation L	1	11	8624866536	8625450769	584233	1114.14	437.71	31	30	-1	10.71	10.71
Fixation R	1	11	8624866536	8625450769	584233	1114.14	437.71	31	30	-1	10.45	10.45
Saccade L	1	14	8625450769	8625480764	29995	1113.84	432.03	1015.67	436.57	2.12	144.92	0.53	70.65	5914.27	-5545.71	4205.55
Saccade R	1	14	8625450769	8625480764	29995	1113.84	432.03	1015.67	436.57	2.12	144.92	0.53	70.65	5914.27	-5545.71	4205.55
Fixation L	1	12	8625480764	8625818880	338116	1013.19	436.79	18	32	-1	10.65	10.65
Fixation R	1	12	8625480764	8625818880	338116	1013.19	436.79	18	32	-1	10.35	10.35
Saccade L	1	15	8625818880	8625857001	38121	1008.44	451.56	1120.67	439.49	2.52	150.66	0.52	66.03	5954.33	-6080.27	4175.33
Saccade R	1	15	8625818880	8625857001	38121	1008.44	451.56	1120.67	439.49	2.52	150.66	0.52	66.03	5954.33	-6080.27	4175.33
Fixation L	1	13	8625857001	8626203145	346144	1118.76	432.33	15	20	-1	10.87	10.87
Fixation R	1	13	8625857001	8626203145	346144	1118.76	432.33	15	20	-1	10.43	10.43
Blink L	1	1	8626203145	8626420260	217115
Fixation R	1	14	8626284113	8626507236	223123	481.25	509.89	893	1112	-1	9.01	9.01
Fixation L	1	14	8626420260	8626507236	86976	828.57	863.91	24	38	-1	11.12	11.12
Saccade L	1	16	8626507236	8626543653	36417	832.89	872.09	856.90	945.94	1.99	99.03	0.44	54.56	4063.63	-4142.71	2990.30
Saccade R	1	16	8626507236	8626543653	36417	832.89	872.09	856.90	945.94	1.99	99.03	0.44	54.56	4063.63	-4142.71	2990.30
Fixation L	1	15	8626543653	8626807349	263696	861.14	960.21	26	29	-1	11.33	11.33
Fixation R	1	15	8626543653	8626807349	263696	861.14	960.21	26	29	-1	10.85	10.85
Saccade L	1	17	8626807349	8626835371	28022	852.24	959.92	881.34	936.52	0.82	44.98	0.57	29.31	1689.63	-461.51	788.77
Saccade R	1	17	8626807349	8626835371	28022	852.24	959.92	881.34	936.52	0.82	44.98	0.57	29.31	1689.63	-461.51	788.77
Saccade L	1	18	8626835371	8626862683	27312	881.34	936.52	849.74	960.74	0.87	49.27	0.49	31.80	710.66	-1726.54	880.83
Saccade R	1	18	8626835371	8626862683	27312	881.34	936.52	849.74	960.74	0.87	49.27	0.49	31.80	710.66	-1726.54	880.83
Saccade L	1	19	8626885403	8626917476	32073	858.01	958.07	899.57	942.93	1.01	51.69	0.44	31.63	1762.75	-1902.61	1343.24
Saccade R	1	19	8626885403	8626917476	32073	858.01	958.07	899.57	942.93	1.01	51.69	0.44	31.63	1762.75	-1902.61	1343.24
Fixation L	1	16	8626917476	8627021575	104099	879.32	964.56	36	49	-1	11.21	11.21
Fixation R	1	16	8626917476	8627021575	104099	879.32	964.56	36	49	-1	10.85	10.85
Saccade L	1	20	8627021575	8627047476	25901	866.25	988.22	869.94	946.22	0.95	58.78	0.54	36.52	2403.84	-1552.52	1291.19
Saccade R	1	20	8627021575	8627047476	25901	866.25	988.22	869.94	946.22	0.95	58.78	0.54	36.52	2403.84	-1552.52	1291.19
