[BeGaze]
Converted from:	C:\Program Files\SMI\Experiment Suite 360\Experiment Center 2\Results\RC-Attachment-Exp\P10-eye_data.idf
Date:	18.03.2012 20:08:32
Version:	BeGaze 3.0.181
Sample Rate:	500
Subject:	P10
Description:	Run15

Table Header for Fixations:
Event Type	Trial	Number	Start	End	Duration	Location X	Location Y	Dispersion X	Dispersion Y	Plane	Avg. Pupil Size X	Avg. Pupil Size Y

Table Header for Saccades:
Event Type	Trial	Number	Start	End	Duration	Start Loc.X	Start Loc.Y	End Loc.X	End Loc.Y	Amplitude	Peak Speed	Peak Speed At	Average Speed	Peak Accel.	Peak Decel.	Average Accel.

Table Header for Blinks:
Event Type	Trial	Number	Start	End	Duration

Table Header for User Events:
Event Type	Trial	Number	Start	Description

UserEvent	1	1	8599329695	# Message: Questionnaire22.jpg
Fixation L	1	1	8599396629	8599747726	351097	903.44	938.80	48	38	-1	10.33	10.33
Fixation R	1	1	8599396629	8599747726	351097	903.44	938.80	48	38	-1	10.02	10.02
Saccade L	1	1	8599747726	8599833723	85997	890.35	936.19	485.98	362.91	17.86	620.12	0.26	207.73	28086.09	-24072.53	11687.67
Saccade R	1	1	8599747726	8599833723	85997	890.35	936.19	485.98	362.91	17.86	620.12	0.26	207.73	28086.09	-24072.53	11687.67
Fixation L	1	2	8599833723	8600019953	186230	485.32	360.96	46	26	-1	10.29	10.29
Fixation R	1	2	8599833723	8600019953	186230	485.32	360.96	46	26	-1	9.95	9.95
Saccade L	1	2	8600019953	8600077852	57899	480.12	352.38	681.39	380.31	4.58	214.28	0.59	79.09	8952.80	-9051.21	5122.54
Saccade R	1	2	8600019953	8600077852	57899	480.12	352.38	681.39	380.31	4.58	214.28	0.59	79.09	8952.80	-9051.21	5122.54
Saccade L	1	3	8600185963	8600244003	58040	695.42	373.04	694.64	338.54	1.48	45.61	0.59	25.54	956.20	-1163.59	607.10
Saccade R	1	3	8600185963	8600244003	58040	695.42	373.04	694.64	338.54	1.48	45.61	0.59	25.54	956.20	-1163.59	607.10
Saccade L	1	4	8600289968	8600355967	65999	690.21	347.38	780.67	357.14	2.22	115.78	0.39	33.67	4323.83	-4102.61	1851.76
Saccade R	1	4	8600289968	8600355967	65999	690.21	347.38	780.67	357.14	2.22	115.78	0.39	33.67	4323.83	-4102.61	1851.76
Fixation L	1	3	8600355967	8600413993	58026	778.97	370.77	9	25	-1	10.46	10.46
Fixation R	1	3	8600355967	8600413993	58026	778.97	370.77	9	25	-1	10.47	10.47
Saccade L	1	5	8600413993	8600490314	76321	774.97	380.65	412.99	439.30	9.88	572.43	0.66	129.46	24186.97	-24247.02	9801.19
Saccade R	1	5	8600413993	8600490314	76321	774.97	380.65	412.99	439.30	9.88	572.43	0.66	129.46	24186.97	-24247.02	9801.19
Fixation L	1	4	8600490314	8601054603	564289	390.00	444.66	47	57	-1	11.02	11.02
Fixation R	1	4	8600490314	8601054603	564289	390.00	444.66	47	57	-1	10.76	10.76
Saccade L	1	6	8601054603	8601096323	41720	381.11	467.45	383.43	432.73	1.02	41.19	0.62	24.42	1041.10	-1468.43	868.96
Saccade R	1	6	8601054603	8601096323	41720	381.11	467.45	383.43	432.73	1.02	41.19	0.62	24.42	1041.10	-1468.43	868.96
Saccade L	1	7	8601102363	8601174322	71959	385.85	435.35	382.18	472.35	3.70	139.90	0.50	51.48	4295.95	-3782.22	2040.10
Saccade R	1	7	8601102363	8601174322	71959	385.85	435.35	382.18	472.35	3.70	139.90	0.50	51.48	4295.95	-3782.22	2040.10
Fixation L	1	5	8601174322	8601296609	122287	381.50	481.70	28	42	-1	11.38	11.38
Fixation R	1	5	8601174322	8601296609	122287	381.50	481.70	28	42	-1	11.32	11.32
Saccade L	1	8	8601296609	8601352477	55868	393.67	457.47	373.28	462.21	1.27	43.12	0.28	22.82	1450.16	-1199.01	617.37
Saccade R	1	8	8601296609	8601352477	55868	393.67	457.47	373.28	462.21	1.27	43.12	0.28	22.82	1450.16	-1199.01	617.37
UserEvent	1	46	8601307981	# Message: UE-mouseclick left x=366 y=432
Fixation L	1	6	8601352477	8601524586	172109	388.13	450.92	25	22	-1	11.33	11.33
Fixation R	1	6	8601352477	8601524586	172109	388.13	450.92	25	22	-1	11.27	11.27
Saccade L	1	9	8601586585	8601616566	29981	387.13	454.38	391.18	533.46	1.74	119.45	0.53	58.03	4946.07	-3765.83	3107.75
Saccade R	1	9	8601586585	8601616566	29981	387.13	454.38	391.18	533.46	1.74	119.45	0.53	58.03	4946.07	-3765.83	3107.75
Saccade L	1	10	8601616566	8601645799	29233	391.18	533.46	388.60	474.15	1.27	85.63	0.55	43.47	2198.16	-2846.93	1636.53
Saccade R	1	10	8601616566	8601645799	29233	391.18	533.46	388.60	474.15	1.27	85.63	0.55	43.47	2198.16	-2846.93	1636.53
Saccade L	1	11	8601695008	8601722727	27719	373.54	476.50	395.21	526.99	1.13	77.17	0.34	40.67	1962.58	-2939.24	1863.48
Saccade R	1	11	8601695008	8601722727	27719	373.54	476.50	395.21	526.99	1.13	77.17	0.34	40.67	1962.58	-2939.24	1863.48
Fixation L	1	7	8601722727	8602098802	376075	410.41	538.19	48	42	-1	11.48	11.48
Fixation R	1	7	8601722727	8602098802	376075	410.41	538.19	48	42	-1	11.31	11.31
UserEvent	1	64	8601971667	# Message: UE-mouseclick left x=402 y=518
