[BeGaze]
Converted from:	C:\Program Files\SMI\Experiment Suite 360\Experiment Center 2\Results\RC-Attachment-Exp\P28-eye_data.idf
Date:	18.03.2012 20:23:19
Version:	BeGaze 3.0.181
Sample Rate:	500
Subject:	P28
Description:	Run33

Table Header for Fixations:
Event Type	Trial	Number	Start	End	Duration	Location X	Location Y	Dispersion X	Dispersion Y	Plane	Avg. Pupil Size X	Avg. Pupil Size Y

Table Header for Saccades:
Event Type	Trial	Number	Start	End	Duration	Start Loc.X	Start Loc.Y	End Loc.X	End Loc.Y	Amplitude	Peak Speed	Peak Speed At	Average Speed	Peak Accel.	Peak Decel.	Average Accel.

Table Header for Blinks:
Event Type	Trial	Number	Start	End	Duration

Table Header for User Events:
Event Type	Trial	Number	Start	Description

UserEvent	1	1	14207974928	# Message: Questionnaire8.jpg
Fixation L	1	1	14207975002	14208397934	422932	919.83	948.14	33	38	-1	13.82	13.82
Fixation R	1	1	14207975002	14208397934	422932	919.83	948.14	33	38	-1	13.70	13.70
Saccade L	1	1	14208397934	14208465264	67330	914.86	943.95	500.33	361.68	16.03	506.69	0.29	238.14	22791.37	-10950.61	10820.74
Saccade R	1	1	14208397934	14208465264	67330	914.86	943.95	500.33	361.68	16.03	506.69	0.29	238.14	22791.37	-10950.61	10820.74
Saccade L	1	2	14208477206	14208513263	36057	499.65	364.26	518.31	410.06	1.11	44.21	0.33	30.70	1547.30	-1013.54	843.74
Saccade R	1	2	14208477206	14208513263	36057	499.65	364.26	518.31	410.06	1.11	44.21	0.33	30.70	1547.30	-1013.54	843.74
Fixation L	1	2	14208555368	14208747337	191969	508.99	390.94	25	40	-1	13.53	13.53
Fixation R	1	2	14208555368	14208747337	191969	508.99	390.94	25	40	-1	13.35	13.35
Saccade L	1	3	14208747337	14208805330	57993	510.54	397.51	379.25	381.36	3.20	155.38	0.21	55.25	5111.58	-5306.30	2137.64
Saccade R	1	3	14208747337	14208805330	57993	510.54	397.51	379.25	381.36	3.20	155.38	0.21	55.25	5111.58	-5306.30	2137.64
Fixation L	1	3	14208805330	14209051465	246135	404.45	371.40	50	56	-1	13.63	13.63
Fixation R	1	3	14208805330	14209051465	246135	404.45	371.40	50	56	-1	13.41	13.41
Saccade L	1	4	14209051465	14209091453	39988	422.07	382.42	515.49	408.44	2.17	109.95	0.35	54.23	4255.24	-3603.15	2615.40
Saccade R	1	4	14209051465	14209091453	39988	422.07	382.42	515.49	408.44	2.17	109.95	0.35	54.23	4255.24	-3603.15	2615.40
Saccade L	1	5	14209111434	14209141445	30011	519.35	416.01	496.51	356.07	1.34	69.34	0.47	44.79	2824.35	-2434.79	1949.49
Saccade R	1	5	14209111434	14209141445	30011	519.35	416.01	496.51	356.07	1.34	69.34	0.47	44.79	2824.35	-2434.79	1949.49
Fixation L	1	4	14209141445	14209293588	152143	495.48	342.21	35	25	-1	13.99	13.99
Fixation R	1	4	14209141445	14209293588	152143	495.48	342.21	35	25	-1	13.86	13.86
Saccade L	1	6	14209293588	14209326016	32428	508.14	346.57	629.12	352.31	2.60	150.38	0.43	80.22	6085.91	-6310.00	4555.96
Saccade R	1	6	14209293588	14209326016	32428	508.14	346.57	629.12	352.31	2.60	150.38	0.43	80.22	6085.91	-6310.00	4555.96
Fixation L	1	5	14209326016	14209517693	191677	618.12	377.83	25	46	-1	14.16	14.16
Fixation R	1	5	14209326016	14209517693	191677	618.12	377.83	25	46	-1	14.06	14.06
Saccade L	1	7	14209517693	14209557670	39977	616.60	372.66	777.82	398.77	3.53	155.42	0.30	88.29	6625.19	-5206.85	4326.75
Saccade R	1	7	14209517693	14209557670	39977	616.60	372.66	777.82	398.77	3.53	155.42	0.30	88.29	6625.19	-5206.85	4326.75
Fixation L	1	6	14209557670	14209771846	214176	769.76	405.02	23	38	-1	14.36	14.36
Fixation R	1	6	14209557670	14209771846	214176	769.76	405.02	23	38	-1	14.53	14.53
Fixation L	1	7	14209787788	14209875824	88036	810.31	406.85	31	16	-1	14.21	14.21
Fixation R	1	7	14209787788	14209875824	88036	810.31	406.85	31	16	-1	14.34	14.34
Saccade L	1	8	14209875824	14209903787	27963	811.14	415.44	847.61	385.48	0.99	52.31	0.44	35.57	1780.28	-1665.23	1243.93
Saccade R	1	8	14209875824	14209903787	27963	811.14	415.44	847.61	385.48	0.99	52.31	0.44	35.57	1780.28	-1665.23	1243.93
Fixation L	1	8	14209903787	14209979782	75995	837.43	397.10	23	17	-1	14.10	14.10
Fixation R	1	8	14209903787	14209979782	75995	837.43	397.10	23	17	-1	13.98	13.98
Blink L	1	1	14209979782	14210171929	192147
Blink R	1	1	14209979782	14210171929	192147
Fixation L	1	9	14210171929	14210722129	550200	953.88	368.93	37	39	-1	13.88	13.88
Fixation R	1	9	14210171929	14210722129	550200	953.88	368.93	37	39	-1	13.85	13.85
Blink L	1	2	14210722129	14210954248	232119
Blink R	1	2	14210722129	14210954248	232119
Fixation L	1	10	14210954248	14211137387	183139	931.08	364.81	31	24	-1	13.96	13.96
Fixation R	1	10	14210954248	14211137387	183139	931.08	364.81	31	24	-1	13.92	13.92
Saccade L	1	9	14211137387	14211182373	44986	916.94	366.44	666.39	363.40	5.73	259.13	0.33	127.27	11267.25	-9995.19	7546.58
Saccade R	1	9	14211137387	14211182373	44986	916.94	366.44	666.39	363.40	5.73	259.13	0.33	127.27	11267.25	-9995.19	7546.58
Fixation L	1	11	14211182373	14211438482	256109	655.65	362.57	36	26	-1	14.05	14.05
Fixation R	1	11	14211182373	14211438482	256109	655.65	362.57	36	26	-1	13.97	13.97
Saccade L	1	10	14211438482	14211478476	39994	639.56	363.65	833.50	349.89	4.22	230.84	0.35	105.63	9680.53	-8860.57	6166.27
Saccade R	1	10	14211438482	14211478476	39994	639.56	363.65	833.50	349.89	4.22	230.84	0.35	105.63	9680.53	-8860.57	6166.27
Fixation L	1	12	14211478476	14211693047	214571	836.51	367.14	24	28	-1	13.92	13.92
Fixation R	1	12	14211478476	14211693047	214571	836.51	367.14	24	28	-1	14.02	14.02
Saccade L	1	11	14211693047	14211722976	29929	848.80	369.79	999.37	365.07	3.41	231.90	0.54	113.84	9176.53	-9142.41	6658.11
Saccade R	1	11	14211693047	14211722976	29929	848.80	369.79	999.37	365.07	3.41	231.90	0.54	113.84	9176.53	-9142.41	6658.11
Fixation L	1	13	14211722976	14211786836	63860	1006.03	353.02	30	26	-1	14.06	14.06
Fixation R	1	13	14211722976	14211786836	63860	1006.03	353.02	30	26	-1	14.17	14.17
Saccade L	1	12	14211786836	14211863786	76950	1019.59	341.08	343.92	418.45	18.74	519.37	0.36	243.58	21733.97	-11827.20	10771.28
Saccade R	1	12	14211786836	14211863786	76950	1019.59	341.08	343.92	418.45	18.74	519.37	0.36	243.58	21733.97	-11827.20	10771.28
Fixation L	1	14	14211863786	14211992756	128970	345.04	432.04	21	32	-1	14.15	14.15
Fixation R	1	14	14211863786	14211992756	128970	345.04	432.04	21	32	-1	13.83	13.83
Saccade L	1	13	14211992756	14212029563	36807	351.33	441.40	417.59	462.30	2.10	103.65	0.38	57.09	4265.14	-4120.47	3036.37
Saccade R	1	13	14211992756	14212029563	36807	351.33	441.40	417.59	462.30	2.10	103.65	0.38	57.09	4265.14	-4120.47	3036.37
Fixation L	1	15	14212029563	14212248840	219277	417.47	461.31	24	48	-1	13.93	13.93
Fixation R	1	15	14212029563	14212248840	219277	417.47	461.31	24	48	-1	13.73	13.73
Saccade L	1	14	14212248840	14212280975	32135	410.89	470.58	377.55	472.18	1.15	51.72	0.68	35.67	1885.56	-1912.14	1356.87
Saccade R	1	14	14212248840	14212280975	32135	410.89	470.58	377.55	472.18	1.15	51.72	0.68	35.67	1885.56	-1912.14	1356.87
Fixation L	1	16	14212280975	14213232826	951851	359.41	469.60	57	91	-1	14.03	14.03
Fixation R	1	16	14212280975	14213232826	951851	359.41	469.60	57	91	-1	14.10	14.10
UserEvent	1	131	14213188616	# Message: UE-mouseclick left x=362 y=473
Saccade L	1	15	14213232826	14213263377	30551	346.56	504.61	347.47	469.92	1.01	48.44	0.62	33.09	1321.01	-1530.91	1033.40
Saccade R	1	15	14213232826	14213263377	30551	346.56	504.61	347.47	469.92	1.01	48.44	0.62	33.09	1321.01	-1530.91	1033.40
Fixation L	1	17	14213263377	14213321301	57924	350.27	474.94	9	21	-1	14.13	14.13
Fixation R	1	17	14213263377	14213321301	57924	350.27	474.94	9	21	-1	14.24	14.24
Saccade L	1	16	14213321301	14213349304	28003	346.04	488.26	373.39	513.63	0.90	40.45	0.54	32.17	1110.05	-738.19	630.14
Saccade R	1	16	14213321301	14213349304	28003	346.04	488.26	373.39	513.63	0.90	40.45	0.54	32.17	1110.05	-738.19	630.14
Saccade L	1	17	14213355350	14213391453	36103	373.60	514.85	356.00	452.42	1.79	77.46	0.65	49.44	2258.36	-2886.59	1937.73
Saccade R	1	17	14213355350	14213391453	36103	373.60	514.85	356.00	452.42	1.79	77.46	0.65	49.44	2258.36	-2886.59	1937.73
Fixation L	1	18	14213391453	14213555435	163982	357.01	467.42	19	30	-1	14.14	14.14
Fixation R	1	18	14213391453	14213555435	163982	357.01	467.42	19	30	-1	14.15	14.15
Saccade L	1	18	14213555435	14213577432	21997	365.98	478.76	377.10	511.28	0.70	42.82	0.36	31.65	1066.77	-1033.07	749.40
Saccade R	1	18	14213555435	14213577432	21997	365.98	478.76	377.10	511.28	0.70	42.82	0.36	31.65	1066.77	-1033.07	749.40
Saccade L	1	19	14213605416	14213627440	22024	356.24	490.14	396.38	542.34	1.34	107.61	0.46	60.72	2784.77	-3680.94	2282.80
Saccade R	1	19	14213605416	14213627440	22024	356.24	490.14	396.38	542.34	1.34	107.61	0.46	60.72	2784.77	-3680.94	2282.80
Fixation L	1	19	14213627440	14213987527	360087	389.49	526.03	38	32	-1	14.05	14.05
Fixation R	1	19	14213627440	14213987527	360087	389.49	526.03	38	32	-1	14.03	14.03
Blink L	1	3	14213987527	14214121691	134164
Blink R	1	3	14213987527	14214121691	134164
UserEvent	1	153	14214012580	# Message: UE-mouseclick left x=361 y=531
