[BeGaze]
Converted from:	C:\Program Files\SMI\Experiment Suite 360\Experiment Center 2\Results\RC-Attachment-Exp\P23-eye_data.idf
Date:	18.03.2012 20:18:34
Version:	BeGaze 3.0.181
Sample Rate:	500
Subject:	P23
Description:	Run28

Table Header for Fixations:
Event Type	Trial	Number	Start	End	Duration	Location X	Location Y	Dispersion X	Dispersion Y	Plane	Avg. Pupil Size X	Avg. Pupil Size Y

Table Header for Saccades:
Event Type	Trial	Number	Start	End	Duration	Start Loc.X	Start Loc.Y	End Loc.X	End Loc.Y	Amplitude	Peak Speed	Peak Speed At	Average Speed	Peak Accel.	Peak Decel.	Average Accel.

Table Header for Blinks:
Event Type	Trial	Number	Start	End	Duration

Table Header for User Events:
Event Type	Trial	Number	Start	Description

UserEvent	1	1	4971686642	# Message: Questionnaire18.jpg
Fixation L	1	1	4971690909	4971854027	163118	900.01	930.73	17	15	-1	13.52	13.52
Fixation R	1	1	4971690909	4971854027	163118	900.01	930.73	17	15	-1	13.96	13.96
Fixation L	1	2	4971885149	4972035845	150696	893.68	931.15	18	19	-1	13.68	13.68
Fixation R	1	2	4971885149	4972035845	150696	893.68	931.15	18	19	-1	14.13	14.13
Saccade L	1	1	4972035845	4972110866	75021	905.09	941.47	487.82	365.33	17.85	692.60	0.28	237.99	29111.81	-17767.97	12712.43
Saccade R	1	1	4972035845	4972110866	75021	905.09	941.47	487.82	365.33	17.85	692.60	0.28	237.99	29111.81	-17767.97	12712.43
Fixation L	1	3	4972110866	4972213039	102173	493.47	374.70	15	13	-1	13.92	13.92
Fixation R	1	3	4972110866	4972213039	102173	493.47	374.70	15	13	-1	14.11	14.11
Saccade L	1	2	4972213039	4972250978	37939	501.28	379.16	422.82	369.47	1.75	95.05	0.36	46.10	3577.37	-3140.20	2230.88
Saccade R	1	2	4972213039	4972250978	37939	501.28	379.16	422.82	369.47	1.75	95.05	0.36	46.10	3577.37	-3140.20	2230.88
Fixation L	1	4	4972250978	4972352985	102007	423.07	362.37	18	17	-1	13.68	13.68
Fixation R	1	4	4972250978	4972352985	102007	423.07	362.37	18	17	-1	14.04	14.04
Saccade L	1	3	4972352985	4972386972	33987	433.77	365.45	611.10	371.27	4.28	238.34	0.60	126.02	10028.57	-9894.80	7427.35
Saccade R	1	3	4972352985	4972386972	33987	433.77	365.45	611.10	371.27	4.28	238.34	0.60	126.02	10028.57	-9894.80	7427.35
Fixation L	1	5	4972386972	4972573093	186121	614.40	381.68	18	27	-1	13.78	13.78
Fixation R	1	5	4972386972	4972573093	186121	614.40	381.68	18	27	-1	14.15	14.15
Saccade L	1	4	4972573093	4972599092	25999	626.30	387.81	559.68	392.82	1.46	94.89	0.46	56.10	3405.05	-3773.60	2626.36
Saccade R	1	4	4972573093	4972599092	25999	626.30	387.81	559.68	392.82	1.46	94.89	0.46	56.10	3405.05	-3773.60	2626.36
Saccade L	1	5	4972645140	4972675085	29945	554.69	392.37	723.32	380.45	3.92	263.29	0.54	131.06	11026.66	-11043.88	8013.21
Saccade R	1	5	4972645140	4972675085	29945	554.69	392.37	723.32	380.45	3.92	263.29	0.54	131.06	11026.66	-11043.88	8013.21
Fixation L	1	6	4972675085	4972941243	266158	727.61	376.96	20	29	-1	14.23	14.23
Fixation R	1	6	4972675085	4972941243	266158	727.61	376.96	20	29	-1	14.84	14.84
Saccade L	1	6	4972941243	4972975206	33963	726.25	384.49	605.10	385.08	2.68	162.91	0.59	79.04	6389.93	-6331.92	4613.08
Saccade R	1	6	4972941243	4972975206	33963	726.25	384.49	605.10	385.08	2.68	162.91	0.59	79.04	6389.93	-6331.92	4613.08
Fixation L	1	7	4972975206	4973141337	166131	616.31	388.46	26	20	-1	14.62	14.62
Fixation R	1	7	4972975206	4973141337	166131	616.31	388.46	26	20	-1	15.09	15.09
Saccade L	1	7	4973141337	4973185322	43985	615.98	394.79	762.58	378.60	3.47	179.66	0.36	78.85	8046.03	-7166.44	4863.26
Saccade R	1	7	4973141337	4973185322	43985	615.98	394.79	762.58	378.60	3.47	179.66	0.36	78.85	8046.03	-7166.44	4863.26
Fixation L	1	8	4973185322	4973433434	248112	769.93	379.06	15	33	-1	14.43	14.43
Fixation R	1	8	4973185322	4973433434	248112	769.93	379.06	15	33	-1	15.26	15.26
Saccade L	1	8	4973433434	4973469453	36019	771.13	386.75	913.72	382.51	3.04	160.58	0.39	84.44	6507.80	-6314.89	4590.51
Saccade R	1	8	4973433434	4973469453	36019	771.13	386.75	913.72	382.51	3.04	160.58	0.39	84.44	6507.80	-6314.89	4590.51
Fixation L	1	9	4973469453	4973603558	134105	908.90	383.72	21	15	-1	14.16	14.16
Fixation R	1	9	4973469453	4973603558	134105	908.90	383.72	21	15	-1	15.34	15.34
Saccade L	1	9	4973603558	4973655598	52040	900.43	383.97	506.83	486.39	9.16	355.53	0.38	176.10	15533.55	-12376.52	9750.66
Saccade R	1	9	4973603558	4973655598	52040	900.43	383.97	506.83	486.39	9.16	355.53	0.38	176.10	15533.55	-12376.52	9750.66
Fixation L	1	10	4973655598	4973795552	139954	506.03	472.24	17	27	-1	14.35	14.35
Fixation R	1	10	4973655598	4973795552	139954	506.03	472.24	17	27	-1	15.08	15.08
Saccade L	1	10	4973795552	4973821561	26009	507.64	459.35	443.72	477.90	1.43	102.99	0.47	55.02	3966.37	-3882.36	2849.64
Saccade R	1	10	4973795552	4973821561	26009	507.64	459.35	443.72	477.90	1.43	102.99	0.47	55.02	3966.37	-3882.36	2849.64
Fixation L	1	11	4973821561	4975648436	1826875	435.41	480.04	35	52	-1	14.33	14.33
Fixation R	1	11	4973821561	4975648436	1826875	435.41	480.04	35	52	-1	14.86	14.86
UserEvent	1	72	4974779987	# Message: UE-mouseclick left x=401 y=446
Saccade L	1	11	4975648436	4975684361	35925	431.94	479.71	504.04	527.88	1.95	102.57	0.50	54.18	4020.70	-3953.60	2877.80
Saccade R	1	11	4975648436	4975684361	35925	431.94	479.71	504.04	527.88	1.95	102.57	0.50	54.18	4020.70	-3953.60	2877.80
Fixation L	1	12	4975684361	4975840503	156142	497.11	527.90	24	20	-1	14.76	14.76
Fixation R	1	12	4975684361	4975840503	156142	497.11	527.90	24	20	-1	15.14	15.14
Saccade L	1	12	4975840503	4975872485	31982	506.86	538.55	442.60	553.40	1.41	78.70	0.31	43.95	2514.84	-2696.15	1829.27
Saccade R	1	12	4975840503	4975872485	31982	506.86	538.55	442.60	553.40	1.41	78.70	0.31	43.95	2514.84	-2696.15	1829.27
Fixation L	1	13	4975872485	4976026655	154170	451.66	555.49	13	10	-1	14.80	14.80
Fixation R	1	13	4975872485	4976026655	154170	451.66	555.49	13	10	-1	15.18	15.18
UserEvent	1	99	4975963923	# Message: UE-mouseclick left x=448 y=528
