[BeGaze]
Converted from:	C:\Program Files\SMI\Experiment Suite 360\Experiment Center 2\Results\RC-Attachment-Exp\P29-eye_data.idf
Date:	18.03.2012 20:24:52
Version:	BeGaze 3.0.181
Sample Rate:	500
Subject:	P29
Description:	Run34

Table Header for Fixations:
Event Type	Trial	Number	Start	End	Duration	Location X	Location Y	Dispersion X	Dispersion Y	Plane	Avg. Pupil Size X	Avg. Pupil Size Y

Table Header for Saccades:
Event Type	Trial	Number	Start	End	Duration	Start Loc.X	Start Loc.Y	End Loc.X	End Loc.Y	Amplitude	Peak Speed	Peak Speed At	Average Speed	Peak Accel.	Peak Decel.	Average Accel.

Table Header for Blinks:
Event Type	Trial	Number	Start	End	Duration

Table Header for User Events:
Event Type	Trial	Number	Start	Description

UserEvent	1	1	3493447157	# Message: RC-nonforced-nonanim-4.jpg
Fixation L	1	1	3493449909	3494058812	608903	467.22	437.76	40	45	-1	10.32	10.32
Fixation R	1	1	3493449909	3494058812	608903	467.22	437.76	40	45	-1	10.50	10.50
Saccade L	1	1	3494058812	3494082814	24002	486.65	464.85	590.69	452.85	2.13	174.73	0.58	88.93	6981.02	-6882.14	4762.69
Saccade R	1	1	3494058812	3494082814	24002	486.65	464.85	590.69	452.85	2.13	174.73	0.58	88.93	6981.02	-6882.14	4762.69
Fixation L	1	2	3494082814	3494355041	272227	584.24	451.75	17	17	-1	10.40	10.40
Fixation R	1	2	3494082814	3494355041	272227	584.24	451.75	17	17	-1	10.63	10.63
Saccade L	1	2	3494355041	3494378933	23892	577.40	449.44	677.07	440.57	2.11	167.45	0.50	88.43	6570.73	-6150.33	4433.25
Saccade R	1	2	3494355041	3494378933	23892	577.40	449.44	677.07	440.57	2.11	167.45	0.50	88.43	6570.73	-6150.33	4433.25
Fixation L	1	3	3494378933	3494545057	166124	676.49	429.82	24	30	-1	10.47	10.47
Fixation R	1	3	3494378933	3494545057	166124	676.49	429.82	24	30	-1	10.60	10.60
Saccade L	1	3	3494545057	3494571053	25996	691.25	451.01	763.49	433.85	1.59	110.75	0.54	61.17	4221.85	-4543.76	3088.07
Saccade R	1	3	3494545057	3494571053	25996	691.25	451.01	763.49	433.85	1.59	110.75	0.54	61.17	4221.85	-4543.76	3088.07
Fixation L	1	4	3494571053	3494711174	140121	760.19	436.18	24	20	-1	10.43	10.43
Fixation R	1	4	3494571053	3494711174	140121	760.19	436.18	24	20	-1	10.66	10.66
Saccade L	1	4	3494711174	3494737176	26002	759.77	426.99	838.86	428.98	1.86	139.98	0.67	71.72	5380.88	-5275.63	3658.26
Saccade R	1	4	3494711174	3494737176	26002	759.77	426.99	838.86	428.98	1.86	139.98	0.67	71.72	5380.88	-5275.63	3658.26
Fixation L	1	5	3494737176	3494929294	192118	846.36	437.10	28	26	-1	10.47	10.47
Fixation R	1	5	3494737176	3494929294	192118	846.36	437.10	28	26	-1	10.75	10.75
Saccade L	1	5	3494929294	3494953265	23971	850.81	440.93	921.32	432.35	1.52	113.05	0.58	63.20	4505.19	-4291.31	3108.26
Saccade R	1	5	3494929294	3494953265	23971	850.81	440.93	921.32	432.35	1.52	113.05	0.58	63.20	4505.19	-4291.31	3108.26
Fixation L	1	6	3494953265	3495204398	251133	929.22	441.13	24	32	-1	10.50	10.50
Fixation R	1	6	3494953265	3495204398	251133	929.22	441.13	24	32	-1	10.92	10.92
Saccade L	1	6	3495204398	3495231424	27026	922.72	460.40	839.62	442.19	1.99	146.62	0.56	73.75	5802.61	-5725.76	4095.88
Saccade R	1	6	3495204398	3495231424	27026	922.72	460.40	839.62	442.19	1.99	146.62	0.56	73.75	5802.61	-5725.76	4095.88
Fixation L	1	7	3495231424	3495405413	173989	839.17	443.50	8	8	-1	10.71	10.71
Fixation R	1	7	3495231424	3495405413	173989	839.17	443.50	8	8	-1	10.82	10.82
Saccade L	1	7	3495405413	3495445897	40484	839.89	445.56	970.73	417.77	3.53	221.04	0.40	87.30	8964.81	-8560.65	5603.86
Saccade R	1	7	3495405413	3495445897	40484	839.89	445.56	970.73	417.77	3.53	221.04	0.40	87.30	8964.81	-8560.65	5603.86
Fixation L	1	8	3495445897	3495789663	343766	984.05	438.04	25	40	-1	10.68	10.68
Fixation R	1	8	3495445897	3495789663	343766	984.05	438.04	25	40	-1	10.95	10.95
Saccade L	1	8	3495789663	3495817651	27988	983.12	444.72	915.08	458.73	1.50	99.73	0.43	53.43	4079.93	-3820.19	2833.73
Saccade R	1	8	3495789663	3495817651	27988	983.12	444.72	915.08	458.73	1.50	99.73	0.43	53.43	4079.93	-3820.19	2833.73
Fixation L	1	9	3495817651	3495881652	64001	914.65	468.77	7	16	-1	10.72	10.72
Fixation R	1	9	3495817651	3495881652	64001	914.65	468.77	7	16	-1	10.90	10.90
Saccade L	1	9	3495881652	3495911654	30002	912.95	473.66	1100.05	459.89	4.38	282.40	0.56	146.10	12203.80	-11753.14	8784.27
Saccade R	1	9	3495881652	3495911654	30002	912.95	473.66	1100.05	459.89	4.38	282.40	0.56	146.10	12203.80	-11753.14	8784.27
Fixation L	1	10	3495911654	3496105786	194132	1116.04	441.25	32	41	-1	10.72	10.72
Fixation R	1	10	3495911654	3496105786	194132	1116.04	441.25	32	41	-1	10.73	10.73
Saccade L	1	10	3496105786	3496191813	86027	1121.70	429.10	897.84	952.29	13.05	380.10	0.21	151.75	16739.02	-9020.48	6621.40
Saccade R	1	10	3496105786	3496191813	86027	1121.70	429.10	897.84	952.29	13.05	380.10	0.21	151.75	16739.02	-9020.48	6621.40
Fixation L	1	11	3496191813	3496674012	482199	923.36	937.28	46	38	-1	11.16	11.16
Fixation R	1	11	3496191813	3496674012	482199	923.36	937.28	46	38	-1	11.17	11.17
