[BeGaze]
Converted from:	C:\Program Files\SMI\Experiment Suite 360\Experiment Center 2\Results\RC-Attachment-Exp\P32-eye_data.idf
Date:	18.03.2012 20:28:23
Version:	BeGaze 3.0.181
Sample Rate:	500
Subject:	P32
Description:	Run37

Table Header for Fixations:
Event Type	Trial	Number	Start	End	Duration	Location X	Location Y	Dispersion X	Dispersion Y	Plane	Avg. Pupil Size X	Avg. Pupil Size Y

Table Header for Saccades:
Event Type	Trial	Number	Start	End	Duration	Start Loc.X	Start Loc.Y	End Loc.X	End Loc.Y	Amplitude	Peak Speed	Peak Speed At	Average Speed	Peak Accel.	Peak Decel.	Average Accel.

Table Header for Blinks:
Event Type	Trial	Number	Start	End	Duration

Table Header for User Events:
Event Type	Trial	Number	Start	Description

UserEvent	1	1	6017038378	# Message: RC-nonforced-anim-4.jpg
Fixation L	1	1	6017047535	6017665766	618231	472.27	447.45	32	44	-1	13.97	13.97
Fixation R	1	1	6017047535	6017665766	618231	472.27	447.45	32	44	-1	14.60	14.60
Saccade L	1	1	6017665766	6017695754	29988	469.22	457.72	529.46	446.15	1.26	68.86	0.47	42.01	2972.34	-2489.37	1952.53
Saccade R	1	1	6017665766	6017695754	29988	469.22	457.72	529.46	446.15	1.26	68.86	0.47	42.01	2972.34	-2489.37	1952.53
Fixation L	1	2	6017695754	6018097988	402234	533.16	449.43	57	24	-1	13.70	13.70
Fixation R	1	2	6017695754	6018097988	402234	533.16	449.43	57	24	-1	14.44	14.44
Saccade L	1	2	6018097988	6018121147	23159	559.20	439.12	518.01	449.37	0.88	57.30	0.43	37.94	2416.49	-2211.66	1556.95
Saccade R	1	2	6018097988	6018121147	23159	559.20	439.12	518.01	449.37	0.88	57.30	0.43	37.94	2416.49	-2211.66	1556.95
Fixation L	1	3	6018121147	6018181988	60841	511.96	451.16	10	9	-1	13.66	13.66
Fixation R	1	3	6018121147	6018181988	60841	511.96	451.16	10	9	-1	14.27	14.27
Saccade L	1	3	6018181988	6018219991	38003	507.75	452.04	623.59	429.63	2.55	119.66	0.42	67.09	5208.91	-4448.68	3545.72
Saccade R	1	3	6018181988	6018219991	38003	507.75	452.04	623.59	429.63	2.55	119.66	0.42	67.09	5208.91	-4448.68	3545.72
Fixation L	1	4	6018219991	6018494103	274112	620.02	431.51	27	26	-1	13.76	13.76
Fixation R	1	4	6018219991	6018494103	274112	620.02	431.51	27	26	-1	14.36	14.36
Saccade L	1	4	6018494103	6018524254	30151	637.13	430.24	731.76	437.55	2.08	133.83	0.46	68.91	5575.84	-5234.14	3942.21
Saccade R	1	4	6018494103	6018524254	30151	637.13	430.24	731.76	437.55	2.08	133.83	0.46	68.91	5575.84	-5234.14	3942.21
Fixation L	1	5	6018524254	6018782213	257959	720.21	433.78	42	27	-1	14.08	14.08
Fixation R	1	5	6018524254	6018782213	257959	720.21	433.78	42	27	-1	14.81	14.81
Blink L	1	1	6018782213	6018932802	150589
Blink R	1	1	6018782213	6018932802	150589
Fixation L	1	6	6018932802	6019449847	517045	803.81	441.28	81	41	-1	14.68	14.68
Fixation R	1	6	6018932802	6019449847	517045	803.81	441.28	81	41	-1	15.29	15.29
Saccade L	1	5	6019449847	6019482934	33087	816.23	455.34	882.56	426.85	1.58	81.60	0.38	47.66	3428.87	-2962.59	2329.76
Saccade R	1	5	6019449847	6019482934	33087	816.23	455.34	882.56	426.85	1.58	81.60	0.38	47.66	3428.87	-2962.59	2329.76
Fixation L	1	7	6019482934	6019635285	152351	882.96	423.66	8	21	-1	14.71	14.71
Fixation R	1	7	6019482934	6019635285	152351	882.96	423.66	8	21	-1	15.28	15.28
Saccade L	1	6	6019635285	6019673190	37905	878.32	428.78	965.96	433.39	2.16	112.77	0.35	57.05	4554.27	-3941.65	2963.76
Saccade R	1	6	6019635285	6019673190	37905	878.32	428.78	965.96	433.39	2.16	112.77	0.35	57.05	4554.27	-3941.65	2963.76
Fixation L	1	8	6019673190	6020418919	745729	992.80	442.32	121	48	-1	14.81	14.81
Fixation R	1	8	6019673190	6020418919	745729	992.80	442.32	121	48	-1	15.24	15.24
Saccade L	1	7	6020418919	6020448911	29992	1061.29	452.53	1113.93	445.17	1.10	52.26	0.33	36.83	2142.05	-1662.67	1354.48
Saccade R	1	7	6020418919	6020448911	29992	1061.29	452.53	1113.93	445.17	1.10	52.26	0.33	36.83	2142.05	-1662.67	1354.48
Fixation L	1	9	6020448911	6020513038	64127	1114.13	444.60	8	5	-1	14.88	14.88
Fixation R	1	9	6020448911	6020513038	64127	1114.13	444.60	8	5	-1	15.60	15.60
Saccade L	1	8	6020513038	6020537032	23994	1112.87	448.67	1166.43	459.09	1.15	76.10	0.50	47.98	3113.99	-2965.36	2100.56
Saccade R	1	8	6020513038	6020537032	23994	1112.87	448.67	1166.43	459.09	1.15	76.10	0.50	47.98	3113.99	-2965.36	2100.56
Fixation L	1	10	6020537032	6020824158	287126	1160.18	461.60	22	27	-1	15.12	15.12
Fixation R	1	10	6020537032	6020824158	287126	1160.18	461.60	22	27	-1	15.53	15.53
Saccade L	1	9	6020824158	6020855146	30988	1164.75	455.31	1110.74	468.49	1.20	58.91	0.35	38.72	2382.73	-2127.90	1655.14
Saccade R	1	9	6020824158	6020855146	30988	1164.75	455.31	1110.74	468.49	1.20	58.91	0.35	38.72	2382.73	-2127.90	1655.14
Fixation L	1	11	6020855146	6021255271	400125	1098.59	460.62	38	35	-1	15.15	15.15
Fixation R	1	11	6020855146	6021255271	400125	1098.59	460.62	38	35	-1	15.57	15.57
Saccade L	1	10	6021255271	6021287278	32007	1092.88	457.74	1146.30	443.99	1.24	64.07	0.37	38.87	2722.39	-2294.99	1793.28
Saccade R	1	10	6021255271	6021287278	32007	1092.88	457.74	1146.30	443.99	1.24	64.07	0.37	38.87	2722.39	-2294.99	1793.28
Fixation L	1	12	6021287278	6021389456	102178	1153.10	453.18	14	26	-1	14.75	14.75
Fixation R	1	12	6021287278	6021389456	102178	1153.10	453.18	14	26	-1	15.13	15.13
Blink L	1	2	6021409393	6021629503	220110
Blink R	1	2	6021409393	6021629503	220110
Fixation L	1	13	6021629503	6021756199	126696	640.55	446.46	31	36	-1	14.39	14.39
Fixation R	1	13	6021629503	6021756199	126696	640.55	446.46	31	36	-1	14.44	14.44
Saccade L	1	11	6021756199	6021789491	33292	649.67	453.36	564.66	485.48	1.96	113.51	0.40	58.77	4536.34	-4248.89	3072.55
Saccade R	1	11	6021756199	6021789491	33292	649.67	453.36	564.66	485.48	1.96	113.51	0.40	58.77	4536.34	-4248.89	3072.55
Fixation L	1	14	6021789491	6021909830	120339	558.86	466.80	15	28	-1	14.38	14.38
Fixation R	1	14	6021789491	6021909830	120339	558.86	466.80	15	28	-1	14.87	14.87
Saccade L	1	12	6021909830	6021933616	23786	565.05	477.00	524.03	478.35	0.89	58.13	0.50	37.59	1774.54	-1948.92	1305.20
Saccade R	1	12	6021909830	6021933616	23786	565.05	477.00	524.03	478.35	0.89	58.13	0.50	37.59	1774.54	-1948.92	1305.20
Fixation L	1	15	6021933616	6022156100	222484	523.32	459.21	15	37	-1	14.61	14.61
Fixation R	1	15	6021933616	6022156100	222484	523.32	459.21	15	37	-1	15.28	15.28
Saccade L	1	13	6022156100	6022198351	42251	515.89	451.99	612.24	447.37	2.13	100.41	0.32	50.31	4005.29	-3525.76	2435.81
Saccade R	1	13	6022156100	6022198351	42251	515.89	451.99	612.24	447.37	2.13	100.41	0.32	50.31	4005.29	-3525.76	2435.81
Fixation L	1	16	6022198351	6022361441	163090	611.60	443.60	34	17	-1	14.36	14.36
Fixation R	1	16	6022198351	6022361441	163090	611.60	443.60	34	17	-1	15.12	15.12
Saccade L	1	14	6022361441	6022410083	48642	589.61	437.58	750.79	452.98	3.70	199.38	0.30	76.04	8272.86	-7295.99	4306.54
Saccade R	1	14	6022361441	6022410083	48642	589.61	437.58	750.79	452.98	3.70	199.38	0.30	76.04	8272.86	-7295.99	4306.54
Fixation L	1	17	6022410083	6022617837	207754	756.27	436.84	26	26	-1	14.27	14.27
Fixation R	1	17	6022410083	6022617837	207754	756.27	436.84	26	26	-1	14.95	14.95
Blink L	1	3	6022617837	6022885275	267438
Blink R	1	3	6022617837	6022885275	267438
Saccade L	1	15	6022885275	6022930078	44803	928.10	910.15	937.70	839.86	2.02	63.66	0.60	44.98	3919.83	-525.15	863.65
Saccade R	1	15	6022885275	6022930078	44803	928.10	910.15	937.70	839.86	2.02	63.66	0.60	44.98	3919.83	-525.15	863.65
Saccade L	1	16	6022930078	6022958555	28477	937.70	839.86	891.33	919.68	2.50	176.13	0.50	87.71	4276.86	-6455.21	3705.40
Saccade R	1	16	6022930078	6022958555	28477	937.70	839.86	891.33	919.68	2.50	176.13	0.50	87.71	4276.86	-6455.21	3705.40
Fixation L	1	18	6022958555	6023239596	281041	911.49	945.78	60	61	-1	14.97	14.97
Fixation R	1	18	6022958555	6023239596	281041	911.49	945.78	60	61	-1	15.55	15.55
Saccade L	1	17	6023239596	6023268197	28601	919.42	978.63	942.23	939.56	0.93	45.85	0.33	32.60	1271.47	-1294.87	965.90
Saccade R	1	17	6023239596	6023268197	28601	919.42	978.63	942.23	939.56	0.93	45.85	0.33	32.60	1271.47	-1294.87	965.90
Fixation L	1	19	6023268197	6023328195	59998	937.85	932.30	7	52	-1	15.32	15.32
Fixation R	1	19	6023268197	6023328195	59998	937.85	932.30	7	52	-1	15.72	15.72
Saccade L	1	18	6023328195	6023351360	23165	939.74	937.40	904.59	946.47	0.75	45.83	0.44	32.29	1719.88	-1306.77	1072.25
Saccade R	1	18	6023328195	6023351360	23165	939.74	937.40	904.59	946.47	0.75	45.83	0.44	32.29	1719.88	-1306.77	1072.25
Fixation L	1	20	6023351360	6023408200	56840	905.25	933.57	5	54	-1	15.29	15.29
Fixation R	1	20	6023351360	6023408200	56840	905.25	933.57	5	54	-1	15.65	15.65
