[BeGaze]
Converted from:	C:\Program Files\SMI\Experiment Suite 360\Experiment Center 2\Results\RC-Attachment-Exp\P12-eye_data.idf
Date:	18.03.2012 20:09:31
Version:	BeGaze 3.0.181
Sample Rate:	500
Subject:	P12
Description:	Run17

Table Header for Fixations:
Event Type	Trial	Number	Start	End	Duration	Location X	Location Y	Dispersion X	Dispersion Y	Plane	Avg. Pupil Size X	Avg. Pupil Size Y

Table Header for Saccades:
Event Type	Trial	Number	Start	End	Duration	Start Loc.X	Start Loc.Y	End Loc.X	End Loc.Y	Amplitude	Peak Speed	Peak Speed At	Average Speed	Peak Accel.	Peak Decel.	Average Accel.

Table Header for Blinks:
Event Type	Trial	Number	Start	End	Duration

Table Header for User Events:
Event Type	Trial	Number	Start	Description

UserEvent	1	1	11463187323	# Message: Questionnaire13.jpg
Saccade L	1	1	11463231843	11463253847	22004	921.49	947.11	877.04	951.28	0.91	67.63	0.47	41.49	1812.18	-2401.63	1459.78
Saccade R	1	1	11463231843	11463253847	22004	921.49	947.11	877.04	951.28	0.91	67.63	0.47	41.49	1812.18	-2401.63	1459.78
Fixation L	1	1	11463253847	11463574171	320324	882.18	932.46	23	29	-1	12.08	12.08
Fixation R	1	1	11463253847	11463574171	320324	882.18	932.46	23	29	-1	11.93	11.93
Saccade L	1	2	11463574171	11463645977	71806	882.31	925.64	533.34	425.09	13.87	423.16	0.25	193.10	18351.44	-9928.32	8386.69
Saccade R	1	2	11463574171	11463645977	71806	882.31	925.64	533.34	425.09	13.87	423.16	0.25	193.10	18351.44	-9928.32	8386.69
Fixation L	1	2	11463645977	11463730086	84109	541.63	440.35	29	23	-1	12.11	12.11
Fixation R	1	2	11463645977	11463730086	84109	541.63	440.35	29	23	-1	11.83	11.83
Saccade L	1	3	11463730086	11463762082	31996	561.69	446.20	487.97	340.35	2.97	200.80	0.44	92.84	8079.67	-7892.84	5694.22
Saccade R	1	3	11463730086	11463762082	31996	561.69	446.20	487.97	340.35	2.97	200.80	0.44	92.84	8079.67	-7892.84	5694.22
Saccade L	1	4	11463796081	11463830132	34051	496.16	333.18	422.59	331.12	1.66	79.76	0.59	48.77	2912.30	-2498.36	2047.36
Saccade R	1	4	11463796081	11463830132	34051	496.16	333.18	422.59	331.12	1.66	79.76	0.59	48.77	2912.30	-2498.36	2047.36
Saccade L	1	5	11463870091	11463894214	24123	400.81	337.91	437.21	332.53	0.82	49.42	0.50	34.13	1746.14	-1851.49	1242.20
Saccade R	1	5	11463870091	11463894214	24123	400.81	337.91	437.21	332.53	0.82	49.42	0.50	34.13	1746.14	-1851.49	1242.20
Fixation L	1	3	11463894214	11463992199	97985	430.01	330.37	20	6	-1	12.08	12.08
Fixation R	1	3	11463894214	11463992199	97985	430.01	330.37	20	6	-1	11.95	11.95
Saccade L	1	6	11463992199	11464022204	30005	425.49	330.68	485.55	325.88	1.30	71.73	0.53	43.22	2776.14	-2546.67	1936.00
Saccade R	1	6	11463992199	11464022204	30005	425.49	330.68	485.55	325.88	1.30	71.73	0.53	43.22	2776.14	-2546.67	1936.00
Fixation L	1	4	11464022204	11464100228	78024	491.06	322.43	13	5	-1	12.18	12.18
Fixation R	1	4	11464022204	11464100228	78024	491.06	322.43	13	5	-1	11.97	11.97
Saccade L	1	7	11464100228	11464124938	24710	488.26	320.12	565.36	327.81	1.64	131.44	0.48	66.41	5157.51	-4689.63	3409.16
Saccade R	1	7	11464100228	11464124938	24710	488.26	320.12	565.36	327.81	1.64	131.44	0.48	66.41	5157.51	-4689.63	3409.16
Fixation L	1	5	11464124938	11464286324	161386	559.08	335.64	18	12	-1	12.34	12.34
Fixation R	1	5	11464124938	11464286324	161386	559.08	335.64	18	12	-1	12.19	12.19
Saccade L	1	8	11464286324	11464316322	29998	556.92	337.42	642.05	363.80	1.96	123.92	0.47	65.20	5145.23	-5198.15	3760.58
Saccade R	1	8	11464286324	11464316322	29998	556.92	337.42	642.05	363.80	1.96	123.92	0.47	65.20	5145.23	-5198.15	3760.58
Fixation L	1	6	11464316322	11464436455	120133	641.27	367.75	10	10	-1	12.48	12.48
Fixation R	1	6	11464316322	11464436455	120133	641.27	367.75	10	10	-1	12.39	12.39
Saccade L	1	9	11464436455	11464460484	24029	646.31	368.81	716.77	367.68	1.56	123.42	0.58	64.89	4937.15	-4358.21	2999.84
Saccade R	1	9	11464436455	11464460484	24029	646.31	368.81	716.77	367.68	1.56	123.42	0.58	64.89	4937.15	-4358.21	2999.84
Fixation L	1	7	11464460484	11464986677	526193	704.86	376.55	45	51	-1	12.85	12.85
Fixation R	1	7	11464460484	11464986677	526193	704.86	376.55	45	51	-1	12.62	12.62
Saccade L	1	10	11464986677	11465064677	78000	706.90	346.05	859.08	980.79	14.81	322.25	0.36	189.83	13235.18	-10205.40	6244.35
Saccade R	1	10	11464986677	11465064677	78000	706.90	346.05	859.08	980.79	14.81	322.25	0.36	189.83	13235.18	-10205.40	6244.35
Fixation L	1	8	11465064677	11465182711	118034	859.94	993.25	24	51	-1	13.35	13.35
Fixation R	1	8	11465064677	11465182711	118034	859.94	993.25	24	51	-1	13.22	13.22
Saccade L	1	11	11465182711	11465264798	82087	860.46	995.44	516.81	478.24	15.88	777.46	0.37	193.47	35007.90	-26933.43	11900.50
Saccade R	1	11	11465182711	11465264798	82087	860.46	995.44	516.81	478.24	15.88	777.46	0.37	193.47	35007.90	-26933.43	11900.50
Fixation L	1	9	11465264798	11465348813	84015	520.31	475.48	12	25	-1	12.74	12.74
Fixation R	1	9	11465264798	11465348813	84015	520.31	475.48	12	25	-1	12.44	12.44
Saccade L	1	12	11465348813	11465378793	29980	523.99	491.14	517.00	480.57	5.83	234.05	0.42	194.44	10897.12	-10580.48	8453.75
Saccade R	1	12	11465348813	11465378793	29980	523.99	491.14	517.00	480.57	5.83	234.05	0.42	194.44	10897.12	-10580.48	8453.75
Saccade L	1	13	11465396811	11465424792	27981	522.33	471.29	448.63	439.05	1.82	122.25	0.50	65.09	4727.94	-4700.40	3347.41
Saccade R	1	13	11465396811	11465424792	27981	522.33	471.29	448.63	439.05	1.82	122.25	0.50	65.09	4727.94	-4700.40	3347.41
Saccade L	1	14	11465436812	11465466799	29987	436.80	435.99	433.28	443.59	3.63	188.30	0.27	121.03	6527.46	-5356.65	4349.25
Saccade R	1	14	11465436812	11465466799	29987	436.80	435.99	433.28	443.59	3.63	188.30	0.27	121.03	6527.46	-5356.65	4349.25
Saccade L	1	15	11465628935	11465656914	27979	493.72	693.93	519.53	785.90	2.19	162.55	0.52	78.14	6053.93	-5586.32	4225.91
Saccade R	1	15	11465628935	11465656914	27979	493.72	693.93	519.53	785.90	2.19	162.55	0.52	78.14	6053.93	-5586.32	4225.91
Saccade L	1	16	11465662923	11465726142	63219	469.17	784.20	439.19	451.31	11.06	603.75	0.35	174.98	22431.09	-18441.96	10137.05
Saccade R	1	16	11465662923	11465726142	63219	469.17	784.20	439.19	451.31	11.06	603.75	0.35	174.98	22431.09	-18441.96	10137.05
Saccade L	1	17	11465750944	11465785066	34122	454.46	428.07	434.82	464.16	1.11	49.47	0.53	32.65	1044.11	-475.84	520.44
Saccade R	1	17	11465750944	11465785066	34122	454.46	428.07	434.82	464.16	1.11	49.47	0.53	32.65	1044.11	-475.84	520.44
Saccade L	1	18	11465785066	11465815038	29972	434.82	464.16	438.99	416.45	1.20	60.53	0.40	40.05	1303.37	-1688.24	1069.48
Saccade R	1	18	11465785066	11465815038	29972	434.82	464.16	438.99	416.45	1.20	60.53	0.40	40.05	1303.37	-1688.24	1069.48
Saccade L	1	19	11465877033	11465899035	22002	416.79	459.87	448.96	417.97	1.00	71.53	0.43	45.35	1157.16	-1431.39	897.72
Saccade R	1	19	11465877033	11465899035	22002	416.79	459.87	448.96	417.97	1.00	71.53	0.43	45.35	1157.16	-1431.39	897.72
Saccade L	1	20	11465903034	11465925031	21997	449.41	419.06	420.12	446.48	0.79	49.15	0.46	35.89	573.44	-1492.36	700.36
Saccade R	1	20	11465903034	11465925031	21997	449.41	419.06	420.12	446.48	0.79	49.15	0.46	35.89	573.44	-1492.36	700.36
Fixation L	1	10	11465925031	11466383270	458239	418.02	437.23	47	55	-1	12.65	12.65
Fixation R	1	10	11465925031	11466383270	458239	418.02	437.23	47	55	-1	12.35	12.35
Saccade L	1	21	11466383270	11466430072	46802	404.35	420.28	482.98	781.08	9.81	687.79	0.26	209.60	25496.75	-25038.11	14051.76
Saccade R	1	21	11466383270	11466430072	46802	404.35	420.28	482.98	781.08	9.81	687.79	0.26	209.60	25496.75	-25038.11	14051.76
Saccade L	1	22	11466449572	11466481802	32230	499.49	774.03	460.98	774.21	8.71	469.54	0.36	270.16	17360.69	-16718.64	12005.76
Saccade R	1	22	11466449572	11466481802	32230	499.49	774.03	460.98	774.21	8.71	469.54	0.36	270.16	17360.69	-16718.64	12005.76
Saccade L	1	23	11466497737	11466536552	38815	472.31	776.47	449.44	788.70	10.27	552.88	0.30	264.51	19998.61	-9926.49	8725.03
Saccade R	1	23	11466497737	11466536552	38815	472.31	776.47	449.44	788.70	10.27	552.88	0.30	264.51	19998.61	-9926.49	8725.03
Saccade L	1	24	11466540445	11466565270	24825	456.51	788.26	439.84	776.98	3.72	339.97	0.60	149.85	4480.34	-7144.03	3835.11
Saccade R	1	24	11466540445	11466565270	24825	456.51	788.26	439.84	776.98	3.72	339.97	0.60	149.85	4480.34	-7144.03	3835.11
Saccade L	1	25	11466572108	11466595397	23289	441.52	778.23	384.33	436.08	7.24	669.04	0.48	310.72	21877.67	-11703.14	11653.90
Saccade R	1	25	11466572108	11466595397	23289	441.52	778.23	384.33	436.08	7.24	669.04	0.48	310.72	21877.67	-11703.14	11653.90
Saccade L	1	26	11466595397	11466625399	30002	384.33	436.08	490.45	777.50	8.97	693.52	0.60	298.95	12664.28	-23268.92	11665.12
Saccade R	1	26	11466595397	11466625399	30002	384.33	436.08	490.45	777.50	8.97	693.52	0.60	298.95	12664.28	-23268.92	11665.12
Saccade L	1	27	11466659393	11466723394	64001	453.83	775.01	382.01	462.58	8.91	641.86	0.66	139.17	22877.10	-23196.64	9920.90
Saccade R	1	27	11466659393	11466723394	64001	453.83	775.01	382.01	462.58	8.91	641.86	0.66	139.17	22877.10	-23196.64	9920.90
Fixation L	1	11	11466817396	11467437752	620356	478.99	711.42	53	67	-1	12.28	12.28
Fixation R	1	11	11466817396	11467437752	620356	478.99	711.42	53	67	-1	12.05	12.05
Saccade L	1	28	11467437752	11467469796	32044	507.63	745.38	474.54	725.12	0.94	47.40	0.56	29.31	621.28	-739.92	446.39
Saccade R	1	28	11467437752	11467469796	32044	507.63	745.38	474.54	725.12	0.94	47.40	0.56	29.31	621.28	-739.92	446.39
UserEvent	1	107	11467461823	# Message: UE-mouseclick left x=359 y=442
Fixation L	1	12	11467469796	11467548045	78249	485.10	718.46	30	11	-1	12.03	12.03
Fixation R	1	12	11467469796	11467548045	78249	485.10	718.46	30	11	-1	11.76	11.76
Saccade L	1	29	11467548045	11467591757	43712	483.41	712.77	480.18	673.49	1.38	59.28	0.41	31.51	1436.58	-1124.77	738.98
Saccade R	1	29	11467548045	11467591757	43712	483.41	712.77	480.18	673.49	1.38	59.28	0.41	31.51	1436.58	-1124.77	738.98
Saccade L	1	30	11467644894	11467719474	74580	466.84	646.00	416.19	467.78	6.20	281.92	0.47	83.08	8163.46	-9785.62	4077.53
Saccade R	1	30	11467644894	11467719474	74580	466.84	646.00	416.19	467.78	6.20	281.92	0.47	83.08	8163.46	-9785.62	4077.53
Fixation L	1	13	11467719474	11467784859	65385	401.04	469.61	27	10	-1	11.82	11.82
Fixation R	1	13	11467719474	11467784859	65385	401.04	469.61	27	10	-1	11.68	11.68
Saccade L	1	31	11467784859	11467810047	25188	401.04	468.78	417.69	534.94	1.51	108.81	0.52	60.06	4312.52	-3655.33	2745.23
Saccade R	1	31	11467784859	11467810047	25188	401.04	468.78	417.69	534.94	1.51	108.81	0.52	60.06	4312.52	-3655.33	2745.23
Fixation L	1	14	11467810047	11468660267	850220	403.03	517.54	38	63	-1	11.85	11.85
Fixation R	1	14	11467810047	11468660267	850220	403.03	517.54	38	63	-1	11.60	11.60
UserEvent	1	134	11468589816	# Message: UE-mouseclick left x=391 y=529
