[BeGaze]
Converted from:	C:\Program Files\SMI\Experiment Suite 360\Experiment Center 2\Results\RC-Attachment-Exp\P07-eye_data.idf
Date:	18.03.2012 20:06:39
Version:	BeGaze 3.0.181
Sample Rate:	500
Subject:	P07
Description:	Run12

Table Header for Fixations:
Event Type	Trial	Number	Start	End	Duration	Location X	Location Y	Dispersion X	Dispersion Y	Plane	Avg. Pupil Size X	Avg. Pupil Size Y

Table Header for Saccades:
Event Type	Trial	Number	Start	End	Duration	Start Loc.X	Start Loc.Y	End Loc.X	End Loc.Y	Amplitude	Peak Speed	Peak Speed At	Average Speed	Peak Accel.	Peak Decel.	Average Accel.

Table Header for Blinks:
Event Type	Trial	Number	Start	End	Duration

Table Header for User Events:
Event Type	Trial	Number	Start	Description

UserEvent	1	1	10941153734	# Message: Dist-srcop-15.jpg
Fixation L	1	1	10941154022	10941681984	527962	511.27	472.49	22	33	-1	11.24	11.24
Fixation R	1	1	10941154022	10941681984	527962	511.27	472.49	22	33	-1	11.06	11.06
Saccade L	1	1	10941681984	10941713984	32000	502.68	466.36	559.76	468.68	1.20	55.82	0.38	37.37	2418.40	-1957.21	1596.26
Saccade R	1	1	10941681984	10941713984	32000	502.68	466.36	559.76	468.68	1.20	55.82	0.38	37.37	2418.40	-1957.21	1596.26
Fixation L	1	2	10941713984	10941838006	124022	557.95	469.94	17	17	-1	11.11	11.11
Fixation R	1	2	10941713984	10941838006	124022	557.95	469.94	17	17	-1	11.11	11.11
Saccade L	1	2	10941838006	10941869987	31981	560.40	464.46	609.36	455.32	1.03	41.80	0.50	32.15	1534.54	-1655.42	1128.60
Saccade R	1	2	10941838006	10941869987	31981	560.40	464.46	609.36	455.32	1.03	41.80	0.50	32.15	1534.54	-1655.42	1128.60
Fixation L	1	3	10941869987	10941980140	110153	605.62	466.90	17	23	-1	11.22	11.22
Fixation R	1	3	10941869987	10941980140	110153	605.62	466.90	17	23	-1	11.14	11.14
Saccade L	1	3	10941980140	10942016109	35969	609.93	477.97	672.17	482.64	1.37	60.52	0.33	38.20	2213.60	-1786.66	1462.90
Saccade R	1	3	10941980140	10942016109	35969	609.93	477.97	672.17	482.64	1.37	60.52	0.33	38.20	2213.60	-1786.66	1462.90
Fixation L	1	4	10942016109	10942550353	534244	672.24	480.57	39	39	-1	11.68	11.68
Fixation R	1	4	10942016109	10942550353	534244	672.24	480.57	39	39	-1	11.49	11.49
Saccade L	1	4	10942550353	10942586392	36039	652.79	466.26	769.68	471.48	2.64	123.12	0.44	73.32	5323.00	-4933.45	3748.37
Saccade R	1	4	10942550353	10942586392	36039	652.79	466.26	769.68	471.48	2.64	123.12	0.44	73.32	5323.00	-4933.45	3748.37
Fixation L	1	5	10942586392	10942820475	234083	765.47	469.15	22	16	-1	11.93	11.93
Fixation R	1	5	10942586392	10942820475	234083	765.47	469.15	22	16	-1	11.91	11.91
Saccade L	1	5	10942820475	10942857004	36529	761.08	467.60	842.45	448.26	1.92	110.74	0.33	52.45	4394.99	-3682.88	2663.26
Saccade R	1	5	10942820475	10942857004	36529	761.08	467.60	842.45	448.26	1.92	110.74	0.33	52.45	4394.99	-3682.88	2663.26
Fixation L	1	6	10942857004	10943012599	155595	853.56	446.52	18	26	-1	11.93	11.93
Fixation R	1	6	10942857004	10943012599	155595	853.56	446.52	18	26	-1	11.74	11.74
Saccade L	1	6	10943012599	10943040588	27989	854.46	466.10	907.70	462.03	1.13	63.60	0.43	40.25	1970.45	-2336.89	1593.52
Saccade R	1	6	10943012599	10943040588	27989	854.46	466.10	907.70	462.03	1.13	63.60	0.43	40.25	1970.45	-2336.89	1593.52
Fixation L	1	7	10943040588	10943204585	163997	918.10	477.69	16	29	-1	11.83	11.83
Fixation R	1	7	10943040588	10943204585	163997	918.10	477.69	16	29	-1	11.88	11.88
Saccade L	1	7	10943204585	10943234750	30165	917.27	481.35	801.63	482.04	2.54	156.54	0.46	84.13	6633.17	-6434.39	4773.68
Saccade R	1	7	10943204585	10943234750	30165	917.27	481.35	801.63	482.04	2.54	156.54	0.46	84.13	6633.17	-6434.39	4773.68
Fixation L	1	8	10943234750	10943410708	175958	797.51	489.76	16	17	-1	11.84	11.84
Fixation R	1	8	10943234750	10943410708	175958	797.51	489.76	16	17	-1	11.76	11.76
Saccade L	1	8	10943410708	10943440723	30015	790.80	493.59	847.23	489.70	1.20	60.02	0.40	39.99	2563.36	-2224.83	1714.67
Saccade R	1	8	10943410708	10943440723	30015	790.80	493.59	847.23	489.70	1.20	60.02	0.40	39.99	2563.36	-2224.83	1714.67
Fixation L	1	9	10943440723	10943592782	152059	841.74	481.44	22	16	-1	11.78	11.78
Fixation R	1	9	10943440723	10943592782	152059	841.74	481.44	22	16	-1	11.76	11.76
Saccade L	1	9	10943592782	10943630851	38069	836.23	473.54	920.92	467.97	1.90	100.65	0.47	49.87	3574.62	-3552.02	2530.63
Saccade R	1	9	10943592782	10943630851	38069	836.23	473.54	920.92	467.97	1.90	100.65	0.47	49.87	3574.62	-3552.02	2530.63
Fixation L	1	10	10943630851	10943726827	95976	927.00	470.31	8	8	-1	11.74	11.74
Fixation R	1	10	10943630851	10943726827	95976	927.00	470.31	8	8	-1	11.95	11.95
Saccade L	1	10	10943726827	10943750827	24000	926.78	467.29	1009.68	457.93	1.77	130.56	0.50	73.93	5255.23	-5148.43	3619.09
Saccade R	1	10	10943726827	10943750827	24000	926.78	467.29	1009.68	457.93	1.77	130.56	0.50	73.93	5255.23	-5148.43	3619.09
Fixation L	1	11	10943750827	10943930970	180143	1015.32	460.98	15	12	-1	11.85	11.85
Fixation R	1	11	10943750827	10943930970	180143	1015.32	460.98	15	12	-1	11.85	11.85
Saccade L	1	11	10943930970	10943964948	33978	1016.19	458.31	1091.10	455.90	1.64	91.65	0.40	48.39	3584.86	-3086.26	2227.68
Saccade R	1	11	10943930970	10943964948	33978	1016.19	458.31	1091.10	455.90	1.64	91.65	0.40	48.39	3584.86	-3086.26	2227.68
Fixation L	1	12	10943964948	10944377178	412230	1111.83	455.52	63	14	-1	12.02	12.02
Fixation R	1	12	10943964948	10944377178	412230	1111.83	455.52	63	14	-1	11.90	11.90
Saccade L	1	12	10944377178	10944403193	26015	1125.18	458.02	1018.58	463.44	2.14	156.04	0.46	82.22	6561.62	-6329.25	4712.67
Saccade R	1	12	10944377178	10944403193	26015	1125.18	458.02	1018.58	463.44	2.14	156.04	0.46	82.22	6561.62	-6329.25	4712.67
Fixation L	1	13	10944403193	10944537679	134486	1013.18	459.59	16	20	-1	11.92	11.92
Fixation R	1	13	10944403193	10944537679	134486	1013.18	459.59	16	20	-1	11.83	11.83
Saccade L	1	13	10944537679	10944573315	35636	1011.62	461.93	937.63	478.45	1.70	89.97	0.38	47.72	3506.76	-3105.04	2268.87
Saccade R	1	13	10944537679	10944573315	35636	1011.62	461.93	937.63	478.45	1.70	89.97	0.38	47.72	3506.76	-3105.04	2268.87
Fixation L	1	14	10944573315	10944689312	115997	943.41	473.05	13	24	-1	12.11	12.11
Fixation R	1	14	10944573315	10944689312	115997	943.41	473.05	13	24	-1	12.00	12.00
Blink L	1	1	10944689312	10944953431	264119
Blink R	1	1	10944689312	10944953431	264119
Saccade L	1	14	10944953431	10945019433	66002	382.83	585.78	495.93	491.85	4.16	103.70	0.56	63.04	1020.63	-15635.27	3230.45
Saccade R	1	14	10944953431	10945019433	66002	382.83	585.78	495.93	491.85	4.16	103.70	0.56	63.04	1020.63	-15635.27	3230.45
Fixation L	1	15	10945019433	10945159551	140118	501.28	488.54	14	21	-1	12.69	12.69
Fixation R	1	15	10945019433	10945159551	140118	501.28	488.54	14	21	-1	12.54	12.54
Saccade L	1	15	10945159551	10945213566	54015	503.67	498.07	874.80	473.77	9.11	335.19	0.33	168.71	14246.22	-8641.68	8319.90
Saccade R	1	15	10945159551	10945213566	54015	503.67	498.07	874.80	473.77	9.11	335.19	0.33	168.71	14246.22	-8641.68	8319.90
Fixation L	1	16	10945213566	10945379545	165979	888.89	476.33	28	18	-1	12.57	12.57
Fixation R	1	16	10945213566	10945379545	165979	888.89	476.33	28	18	-1	12.62	12.62
Saccade L	1	16	10945379545	10945425679	46134	888.50	472.61	1015.70	469.02	3.26	160.56	0.27	70.64	6440.97	-5333.18	3634.97
Saccade R	1	16	10945379545	10945425679	46134	888.50	472.61	1015.70	469.02	3.26	160.56	0.27	70.64	6440.97	-5333.18	3634.97
Fixation L	1	17	10945425679	10945719795	294116	1007.79	469.69	41	29	-1	11.82	11.82
Fixation R	1	17	10945425679	10945719795	294116	1007.79	469.69	41	29	-1	11.73	11.73
Saccade L	1	17	10945719795	10945745805	26010	999.53	469.03	1093.76	457.53	2.02	139.21	0.54	77.72	5922.86	-5965.43	4284.36
Saccade R	1	17	10945719795	10945745805	26010	999.53	469.03	1093.76	457.53	2.02	139.21	0.54	77.72	5922.86	-5965.43	4284.36
Fixation L	1	18	10945745805	10945875821	130016	1101.42	463.33	15	16	-1	11.83	11.83
Fixation R	1	18	10945745805	10945875821	130016	1101.42	463.33	15	16	-1	11.55	11.55
Saccade L	1	18	10945875821	10945946154	70333	1107.72	468.61	804.11	868.78	12.86	356.36	0.48	182.87	12888.20	-13170.47	7429.74
Saccade R	1	18	10945875821	10945946154	70333	1107.72	468.61	804.11	868.78	12.86	356.36	0.48	182.87	12888.20	-13170.47	7429.74
Fixation L	1	19	10946010662	10946122306	111644	856.43	937.67	31	15	-1	12.55	12.55
Fixation R	1	19	10946010662	10946122306	111644	856.43	937.67	31	15	-1	12.14	12.14
Saccade L	1	19	10946122306	10946159910	37604	859.71	937.60	927.60	955.29	2.03	111.67	0.34	54.02	4249.78	-3750.17	2687.18
Saccade R	1	19	10946122306	10946159910	37604	859.71	937.60	927.60	955.29	2.03	111.67	0.34	54.02	4249.78	-3750.17	2687.18
Fixation L	1	20	10946159910	10946714148	554238	931.07	944.76	28	38	-1	11.85	11.85
Fixation R	1	20	10946159910	10946714148	554238	931.07	944.76	28	38	-1	11.91	11.91
