[BeGaze]
Converted from:	C:\Program Files\SMI\Experiment Suite 360\Experiment Center 2\Results\RC-Attachment-Exp\P24-eye_data.idf
Date:	18.03.2012 20:19:08
Version:	BeGaze 3.0.181
Sample Rate:	500
Subject:	P24
Description:	Run29

Table Header for Fixations:
Event Type	Trial	Number	Start	End	Duration	Location X	Location Y	Dispersion X	Dispersion Y	Plane	Avg. Pupil Size X	Avg. Pupil Size Y

Table Header for Saccades:
Event Type	Trial	Number	Start	End	Duration	Start Loc.X	Start Loc.Y	End Loc.X	End Loc.Y	Amplitude	Peak Speed	Peak Speed At	Average Speed	Peak Accel.	Peak Decel.	Average Accel.

Table Header for Blinks:
Event Type	Trial	Number	Start	End	Duration

Table Header for User Events:
Event Type	Trial	Number	Start	Description

UserEvent	1	1	10028942889	# Message: RC-nonforced-anim-2.jpg
Fixation L	1	1	10028949780	10029233178	283398	537.79	453.81	21	14	-1	14.39	14.39
Fixation R	1	1	10028949780	10029233178	283398	537.79	453.81	21	14	-1	13.84	13.84
Saccade L	1	1	10029233178	10029275173	41995	537.69	453.78	614.60	447.22	1.74	91.70	0.38	41.45	3398.18	-2947.19	2054.77
Saccade R	1	1	10029233178	10029275173	41995	537.69	453.78	614.60	447.22	1.74	91.70	0.38	41.45	3398.18	-2947.19	2054.77
Fixation L	1	2	10029275173	10029459293	184120	610.94	440.42	23	18	-1	14.28	14.28
Fixation R	1	2	10029275173	10029459293	184120	610.94	440.42	23	18	-1	13.79	13.79
Saccade L	1	2	10029459293	10029497693	38400	613.68	431.59	682.31	448.50	1.54	68.23	0.42	40.22	2512.55	-2487.02	1782.52
Saccade R	1	2	10029459293	10029497693	38400	613.68	431.59	682.31	448.50	1.54	68.23	0.42	40.22	2512.55	-2487.02	1782.52
Fixation L	1	3	10029497693	10029679417	181724	674.84	446.53	19	18	-1	14.18	14.18
Fixation R	1	3	10029497693	10029679417	181724	674.84	446.53	19	18	-1	13.86	13.86
Saccade L	1	3	10029679417	10029708703	29286	678.28	452.77	638.18	444.43	0.92	48.65	0.41	31.56	1882.89	-1753.70	1315.92
Saccade R	1	3	10029679417	10029708703	29286	678.28	452.77	638.18	444.43	0.92	48.65	0.41	31.56	1882.89	-1753.70	1315.92
Fixation L	1	4	10029708703	10029931513	222810	643.69	446.20	14	20	-1	14.12	14.12
Fixation R	1	4	10029708703	10029931513	222810	643.69	446.20	14	20	-1	13.66	13.66
Saccade L	1	4	10029931513	10029971516	40003	641.39	438.70	735.80	450.89	2.06	105.62	0.35	51.51	4410.13	-3721.61	2668.31
Saccade R	1	4	10029931513	10029971516	40003	641.39	438.70	735.80	450.89	2.06	105.62	0.35	51.51	4410.13	-3721.61	2668.31
Fixation L	1	5	10029971516	10030123512	151996	737.39	450.91	12	11	-1	14.11	14.11
Fixation R	1	5	10029971516	10030123512	151996	737.39	450.91	12	11	-1	13.96	13.96
Saccade L	1	5	10030123512	10030159685	36173	741.61	448.20	817.20	435.89	1.65	92.61	0.33	45.48	3697.17	-3099.22	2345.37
Saccade R	1	5	10030123512	10030159685	36173	741.61	448.20	817.20	435.89	1.65	92.61	0.33	45.48	3697.17	-3099.22	2345.37
Fixation L	1	6	10030159685	10030431766	272081	827.01	451.96	20	25	-1	14.23	14.23
Fixation R	1	6	10030159685	10030431766	272081	827.01	451.96	20	25	-1	13.96	13.96
Saccade L	1	6	10030431766	10030462340	30574	834.26	459.30	894.51	450.01	1.27	77.38	0.32	41.64	3252.24	-2857.59	2072.68
Saccade R	1	6	10030431766	10030462340	30574	834.26	459.30	894.51	450.01	1.27	77.38	0.32	41.64	3252.24	-2857.59	2072.68
Fixation L	1	7	10030462340	10030799860	337520	902.56	445.46	13	21	-1	14.21	14.21
Fixation R	1	7	10030462340	10030799860	337520	902.56	445.46	13	21	-1	13.89	13.89
Saccade L	1	7	10030799860	10030841981	42121	904.30	438.09	1022.01	441.37	2.55	128.70	0.29	60.46	5503.87	-4776.51	3329.39
Saccade R	1	7	10030799860	10030841981	42121	904.30	438.09	1022.01	441.37	2.55	128.70	0.29	60.46	5503.87	-4776.51	3329.39
Fixation L	1	8	10030841981	10031032026	190045	1017.26	438.50	19	9	-1	13.92	13.92
Fixation R	1	8	10030841981	10031032026	190045	1017.26	438.50	19	9	-1	13.73	13.73
Saccade L	1	8	10031032026	10031063979	31953	1011.24	438.26	952.44	443.76	1.26	69.40	0.45	39.50	2955.93	-2475.15	1945.37
Saccade R	1	8	10031032026	10031063979	31953	1011.24	438.26	952.44	443.76	1.26	69.40	0.45	39.50	2955.93	-2475.15	1945.37
Fixation L	1	9	10031063979	10031220139	156160	949.28	441.45	8	13	-1	13.93	13.93
Fixation R	1	9	10031063979	10031220139	156160	949.28	441.45	8	13	-1	13.54	13.54
Saccade L	1	9	10031220139	10031244101	23962	948.58	434.32	915.06	436.88	0.68	42.94	0.44	28.46	1766.88	-1407.02	1099.46
Saccade R	1	9	10031220139	10031244101	23962	948.58	434.32	915.06	436.88	0.68	42.94	0.44	28.46	1766.88	-1407.02	1099.46
Fixation L	1	10	10031244101	10031492086	247985	919.13	444.25	23	16	-1	14.05	14.05
Fixation R	1	10	10031244101	10031492086	247985	919.13	444.25	23	16	-1	13.71	13.71
Saccade L	1	10	10031492086	10031538212	46126	922.97	444.43	1035.27	430.95	2.49	123.25	0.31	54.02	5399.42	-4353.83	2922.68
Saccade R	1	10	10031492086	10031538212	46126	922.97	444.43	1035.27	430.95	2.49	123.25	0.31	54.02	5399.42	-4353.83	2922.68
Fixation L	1	11	10031538212	10031702230	164018	1040.02	438.19	17	19	-1	13.98	13.98
Fixation R	1	11	10031538212	10031702230	164018	1040.02	438.19	17	19	-1	13.86	13.86
Blink L	1	1	10031702230	10031990491	288261
Blink R	1	1	10031702230	10031990491	288261
Saccade L	1	11	10032016474	10032050440	33966	910.72	997.45	884.43	960.27	1.14	58.51	0.47	33.48	2277.11	-2144.37	1549.38
Saccade R	1	11	10032016474	10032050440	33966	910.72	997.45	884.43	960.27	1.14	58.51	0.47	33.48	2277.11	-2144.37	1549.38
Fixation L	1	12	10032050440	10032456772	406332	887.03	968.05	41	28	-1	14.79	14.79
Fixation R	1	12	10032050440	10032456772	406332	887.03	968.05	41	28	-1	14.11	14.11
