[BeGaze]
Converted from:	C:\Program Files\SMI\Experiment Suite 360\Experiment Center 2\Results\RC-Attachment-Exp\P17-eye_data.idf
Date:	18.03.2012 20:13:00
Version:	BeGaze 3.0.181
Sample Rate:	500
Subject:	P17
Description:	Run22

Table Header for Fixations:
Event Type	Trial	Number	Start	End	Duration	Location X	Location Y	Dispersion X	Dispersion Y	Plane	Avg. Pupil Size X	Avg. Pupil Size Y

Table Header for Saccades:
Event Type	Trial	Number	Start	End	Duration	Start Loc.X	Start Loc.Y	End Loc.X	End Loc.Y	Amplitude	Peak Speed	Peak Speed At	Average Speed	Peak Accel.	Peak Decel.	Average Accel.

Table Header for Blinks:
Event Type	Trial	Number	Start	End	Duration

Table Header for User Events:
Event Type	Trial	Number	Start	Description

UserEvent	1	1	16098677001	# Message: Questionnaire10.jpg
Fixation L	1	1	16098679637	16099170726	491089	906.38	917.58	39	42	-1	15.18	15.18
Fixation R	1	1	16098679637	16099170726	491089	906.38	917.58	39	42	-1	14.32	14.32
Saccade L	1	1	16099170726	16099240766	70040	915.01	930.05	500.70	355.95	16.25	573.27	0.26	231.97	25128.40	-16689.10	11366.32
Saccade R	1	1	16099170726	16099240766	70040	915.01	930.05	500.70	355.95	16.25	573.27	0.26	231.97	25128.40	-16689.10	11366.32
Saccade L	1	2	16099246830	16099278724	31894	501.40	356.88	549.93	390.26	1.20	53.61	0.37	37.63	1580.21	-1944.89	1194.95
Saccade R	1	2	16099246830	16099278724	31894	501.40	356.88	549.93	390.26	1.20	53.61	0.37	37.63	1580.21	-1944.89	1194.95
Fixation L	1	2	16099278724	16099330720	51996	542.16	387.85	15	13	-1	14.32	14.32
Fixation R	1	2	16099278724	16099330720	51996	542.16	387.85	15	13	-1	13.70	13.70
Saccade L	1	3	16099330720	16099364909	34189	536.91	396.44	417.82	364.15	2.72	162.08	0.41	79.54	6536.01	-6127.51	4474.62
Saccade R	1	3	16099330720	16099364909	34189	536.91	396.44	417.82	364.15	2.72	162.08	0.41	79.54	6536.01	-6127.51	4474.62
Fixation L	1	3	16099364909	16099784998	420089	430.83	358.39	35	43	-1	13.06	13.06
Fixation R	1	3	16099364909	16099784998	420089	430.83	358.39	35	43	-1	12.68	12.68
Saccade L	1	4	16099784998	16099808953	23955	425.21	363.97	508.12	361.23	1.80	138.98	0.50	75.16	5736.97	-5615.35	3933.11
Saccade R	1	4	16099784998	16099808953	23955	425.21	363.97	508.12	361.23	1.80	138.98	0.50	75.16	5736.97	-5615.35	3933.11
Fixation L	1	4	16099808953	16100043083	234130	523.18	370.09	42	33	-1	12.33	12.33
Fixation R	1	4	16099808953	16100043083	234130	523.18	370.09	42	33	-1	12.11	12.11
Saccade L	1	5	16100043083	16100067148	24065	542.00	355.39	620.40	365.06	1.65	125.47	0.50	68.45	5116.66	-4807.63	3480.17
Saccade R	1	5	16100043083	16100067148	24065	542.00	355.39	620.40	365.06	1.65	125.47	0.50	68.45	5116.66	-4807.63	3480.17
Fixation L	1	5	16100067148	16100425299	358151	635.31	361.49	46	29	-1	12.89	12.89
Fixation R	1	5	16100067148	16100425299	358151	635.31	361.49	46	29	-1	12.63	12.63
Fixation L	1	6	16100445311	16100719427	274116	613.15	336.90	13	19	-1	13.38	13.38
Fixation R	1	6	16100445311	16100719427	274116	613.15	336.90	13	19	-1	13.23	13.23
Blink L	1	1	16100719427	16100937404	217977
Blink R	1	1	16100719427	16100937404	217977
Fixation L	1	7	16100937404	16101078705	141301	640.19	346.31	34	25	-1	13.80	13.80
Fixation R	1	7	16100937404	16101078705	141301	640.19	346.31	34	25	-1	13.56	13.56
Saccade L	1	6	16101078705	16101105527	26822	624.42	346.45	550.07	373.36	1.81	124.78	0.55	67.47	5194.73	-4856.45	3577.04
Saccade R	1	6	16101078705	16101105527	26822	624.42	346.45	550.07	373.36	1.81	124.78	0.55	67.47	5194.73	-4856.45	3577.04
Fixation L	1	8	16101105527	16101547758	442231	531.86	386.24	53	31	-1	14.35	14.35
Fixation R	1	8	16101105527	16101547758	442231	531.86	386.24	53	31	-1	14.14	14.14
Saccade L	1	7	16101547758	16101573813	26055	507.44	402.03	603.67	386.28	2.28	168.19	0.60	87.48	6445.00	-6163.75	4360.89
Saccade R	1	7	16101547758	16101573813	26055	507.44	402.03	603.67	386.28	2.28	168.19	0.60	87.48	6445.00	-6163.75	4360.89
Fixation L	1	9	16101573813	16102460095	886282	601.79	368.95	31	32	-1	14.09	14.09
Fixation R	1	9	16101573813	16102460095	886282	601.79	368.95	31	32	-1	13.87	13.87
Saccade L	1	8	16102460095	16102498096	38001	599.43	384.57	716.65	377.31	2.87	149.73	0.37	75.41	6415.40	-5794.34	4380.51
Saccade R	1	8	16102460095	16102498096	38001	599.43	384.57	716.65	377.31	2.87	149.73	0.37	75.41	6415.40	-5794.34	4380.51
Fixation L	1	10	16102498096	16102936327	438231	647.61	355.75	876	926	-1	13.67	13.64
Fixation R	1	10	16102498096	16102838254	340158	709.52	372.77	43	23	-1	14.13	14.13
Blink R	1	2	16102838254	16103017922	179668
Saccade L	1	9	16103026323	16103059309	32986	768.05	351.54	696.64	358.09	1.82	90.39	0.38	55.08	3078.02	-3007.43	1938.84
Saccade R	1	9	16103026323	16103059309	32986	768.05	351.54	696.64	358.09	1.82	90.39	0.38	55.08	3078.02	-3007.43	1938.84
Fixation L	1	11	16103059309	16103112444	53135	710.74	366.11	32	14	-1	14.06	14.06
Fixation R	1	11	16103059309	16103112444	53135	710.74	366.11	32	14	-1	13.55	13.55
Saccade L	1	10	16103112444	16103149234	36790	715.66	370.59	460.21	364.61	5.89	343.47	0.53	160.21	14688.37	-14593.25	10546.48
Saccade R	1	10	16103112444	16103149234	36790	715.66	370.59	460.21	364.61	5.89	343.47	0.53	160.21	14688.37	-14593.25	10546.48
Fixation L	1	12	16103149234	16103346442	197208	465.65	368.42	19	20	-1	14.35	14.35
Fixation R	1	12	16103149234	16103346442	197208	465.65	368.42	19	20	-1	13.92	13.92
Fixation L	1	13	16103366675	16103512552	145877	452.73	354.05	23	24	-1	14.02	14.02
Fixation R	1	13	16103366675	16103512552	145877	452.73	354.05	23	24	-1	14.00	14.00
Saccade L	1	11	16103512552	16103568555	56003	452.02	371.53	524.41	372.27	1.77	60.63	0.25	31.65	1865.09	-1645.89	905.95
Saccade R	1	11	16103512552	16103568555	56003	452.02	371.53	524.41	372.27	1.77	60.63	0.25	31.65	1865.09	-1645.89	905.95
Fixation L	1	14	16103568555	16103722253	153698	524.03	371.75	29	35	-1	13.61	13.61
Fixation R	1	14	16103568555	16103722253	153698	524.03	371.75	29	35	-1	13.59	13.59
Saccade L	1	12	16103722253	16103750666	28413	524.23	373.96	633.93	373.57	2.18	140.73	0.37	76.76	5817.34	-5835.64	4203.67
Saccade R	1	12	16103722253	16103750666	28413	524.23	373.96	633.93	373.57	2.18	140.73	0.37	76.76	5817.34	-5835.64	4203.67
Fixation L	1	15	16103750666	16103900783	150117	648.70	373.94	28	25	-1	13.33	13.33
Fixation R	1	15	16103750666	16103900783	150117	648.70	373.94	28	25	-1	13.30	13.30
Fixation L	1	16	16103918783	16104064873	146090	650.51	359.57	35	33	-1	13.38	13.38
Fixation R	1	16	16103918783	16104064873	146090	650.51	359.57	35	33	-1	13.36	13.36
Saccade L	1	13	16104064873	16104106417	41544	652.61	362.89	732.43	359.62	2.97	150.64	0.60	71.49	4993.12	-4925.12	3352.09
Saccade R	1	13	16104064873	16104106417	41544	652.61	362.89	732.43	359.62	2.97	150.64	0.60	71.49	4993.12	-4925.12	3352.09
Fixation L	1	17	16104106417	16104264901	158484	742.42	354.86	21	15	-1	13.44	13.44
Fixation R	1	17	16104106417	16104264901	158484	742.42	354.86	21	15	-1	13.39	13.39
Saccade L	1	14	16104264901	16104306896	41995	739.40	357.04	462.30	396.77	6.75	348.26	0.46	160.78	15253.74	-14226.33	10062.52
Saccade R	1	14	16104264901	16104306896	41995	739.40	357.04	462.30	396.77	6.75	348.26	0.46	160.78	15253.74	-14226.33	10062.52
Fixation L	1	18	16104306896	16104462895	155999	447.69	402.24	26	22	-1	13.90	13.90
Fixation R	1	18	16104306896	16104462895	155999	447.69	402.24	26	22	-1	13.62	13.62
Saccade L	1	15	16104462895	16104492230	29335	453.64	400.06	398.01	430.49	1.45	88.41	0.41	49.42	3045.50	-3341.73	2245.08
Saccade R	1	15	16104462895	16104492230	29335	453.64	400.06	398.01	430.49	1.45	88.41	0.41	49.42	3045.50	-3341.73	2245.08
Fixation L	1	19	16104492230	16105967587	1475357	381.46	466.83	45	65	-1	14.88	14.88
Fixation R	1	19	16104492230	16105967587	1475357	381.46	466.83	45	65	-1	14.79	14.79
UserEvent	1	165	16105597090	# Message: UE-mouseclick left x=365 y=439
Saccade L	1	16	16105967587	16105993594	26007	360.65	488.72	407.88	549.98	1.67	112.74	0.54	64.08	4245.10	-4413.08	3146.39
Saccade R	1	16	16105967587	16105993594	26007	360.65	488.72	407.88	549.98	1.67	112.74	0.54	64.08	4245.10	-4413.08	3146.39
Fixation L	1	20	16105993594	16106753940	760346	391.34	561.04	44	34	-1	15.46	15.46
Fixation R	1	20	16105993594	16106753940	760346	391.34	561.04	44	34	-1	15.45	15.45
UserEvent	1	190	16106661116	# Message: UE-mouseclick left x=373 y=515
