[BeGaze]
Converted from:	C:\Program Files\SMI\Experiment Suite 360\Experiment Center 2\Results\RC-Attachment-Exp\P20-eye_data.idf
Date:	18.03.2012 20:16:06
Version:	BeGaze 3.0.181
Sample Rate:	500
Subject:	P20
Description:	Run25

Table Header for Fixations:
Event Type	Trial	Number	Start	End	Duration	Location X	Location Y	Dispersion X	Dispersion Y	Plane	Avg. Pupil Size X	Avg. Pupil Size Y

Table Header for Saccades:
Event Type	Trial	Number	Start	End	Duration	Start Loc.X	Start Loc.Y	End Loc.X	End Loc.Y	Amplitude	Peak Speed	Peak Speed At	Average Speed	Peak Accel.	Peak Decel.	Average Accel.

Table Header for Blinks:
Event Type	Trial	Number	Start	End	Duration

Table Header for User Events:
Event Type	Trial	Number	Start	Description

UserEvent	1	1	19542705362	# Message: Dist-orthm-36.jpg
Fixation L	1	1	19542706463	19543368792	662329	484.76	437.78	29	26	-1	12.09	12.09
Fixation R	1	1	19542706463	19543368792	662329	484.76	437.78	29	26	-1	11.81	11.81
Saccade L	1	1	19543368792	19543398792	30000	484.68	434.84	588.22	440.65	2.21	137.91	0.41	73.78	5773.00	-5515.89	4092.06
Saccade R	1	1	19543368792	19543398792	30000	484.68	434.84	588.22	440.65	2.21	137.91	0.41	73.78	5773.00	-5515.89	4092.06
Fixation L	1	2	19543398792	19543530925	132133	581.82	432.82	22	19	-1	11.97	11.97
Fixation R	1	2	19543398792	19543530925	132133	581.82	432.82	22	19	-1	11.66	11.66
Fixation L	1	3	19543550913	19543795037	244124	546.38	437.65	20	34	-1	12.19	12.19
Fixation R	1	3	19543550913	19543795037	244124	546.38	437.65	20	34	-1	11.87	11.87
Fixation L	1	4	19543815038	19544113186	298148	523.02	445.17	18	32	-1	12.38	12.38
Fixation R	1	4	19543815038	19544113186	298148	523.02	445.17	18	32	-1	12.20	12.20
Saccade L	1	2	19544113186	19544139137	25951	533.46	443.70	576.97	442.47	0.88	47.87	0.38	33.78	1883.25	-1601.89	1244.93
Saccade R	1	2	19544113186	19544139137	25951	533.46	443.70	576.97	442.47	0.88	47.87	0.38	33.78	1883.25	-1601.89	1244.93
Fixation L	1	5	19544139137	19544331135	191998	569.94	438.36	27	17	-1	12.76	12.76
Fixation R	1	5	19544139137	19544331135	191998	569.94	438.36	27	17	-1	12.52	12.52
Saccade L	1	3	19544331135	19544353281	22146	571.79	436.96	612.95	437.46	0.82	61.38	0.56	37.23	2455.55	-2298.12	1648.07
Saccade R	1	3	19544331135	19544353281	22146	571.79	436.96	612.95	437.46	0.82	61.38	0.56	37.23	2455.55	-2298.12	1648.07
Fixation L	1	6	19544353281	19544563337	210056	616.05	445.39	17	22	-1	12.71	12.71
Fixation R	1	6	19544353281	19544563337	210056	616.05	445.39	17	22	-1	12.48	12.48
Saccade L	1	4	19544563337	19544587243	23906	625.18	455.67	532.05	458.12	1.93	153.02	0.50	80.62	6191.42	-6231.62	4351.58
Saccade R	1	4	19544563337	19544587243	23906	625.18	455.67	532.05	458.12	1.93	153.02	0.50	80.62	6191.42	-6231.62	4351.58
Fixation L	1	7	19544587243	19544761365	174122	531.02	456.33	15	25	-1	12.67	12.67
Fixation R	1	7	19544587243	19544761365	174122	531.02	456.33	15	25	-1	12.42	12.42
Saccade L	1	5	19544761365	19544799362	37997	525.22	445.56	630.14	446.99	2.37	158.43	0.74	62.41	5157.64	-5815.81	3086.74
Saccade R	1	5	19544761365	19544799362	37997	525.22	445.56	630.14	446.99	2.37	158.43	0.74	62.41	5157.64	-5815.81	3086.74
Fixation L	1	8	19544799362	19545039478	240116	644.74	442.05	35	22	-1	12.65	12.65
Fixation R	1	8	19544799362	19545039478	240116	644.74	442.05	35	22	-1	12.38	12.38
Saccade L	1	6	19545039478	19545067480	28002	644.95	432.66	685.30	434.74	0.85	41.58	0.43	30.36	1726.05	-1563.94	1170.38
Saccade R	1	6	19545039478	19545067480	28002	644.95	432.66	685.30	434.74	0.85	41.58	0.43	30.36	1726.05	-1563.94	1170.38
Fixation L	1	9	19545067480	19545203642	136162	689.64	439.77	19	9	-1	12.56	12.56
Fixation R	1	9	19545067480	19545203642	136162	689.64	439.77	19	9	-1	12.33	12.33
Saccade L	1	7	19545203642	19545231595	27953	690.67	444.14	750.16	446.35	1.28	78.88	0.43	45.83	3306.50	-3048.88	2266.26
Saccade R	1	7	19545203642	19545231595	27953	690.67	444.14	750.16	446.35	1.28	78.88	0.43	45.83	3306.50	-3048.88	2266.26
Fixation L	1	10	19545231595	19545621702	390107	770.39	444.01	62	30	-1	12.44	12.44
Fixation R	1	10	19545231595	19545621702	390107	770.39	444.01	62	30	-1	12.34	12.34
Saccade L	1	8	19545621702	19545661829	40127	790.88	441.31	869.83	440.78	1.75	92.63	0.35	43.66	3946.36	-3141.98	2073.62
Saccade R	1	8	19545621702	19545661829	40127	790.88	441.31	869.83	440.78	1.75	92.63	0.35	43.66	3946.36	-3141.98	2073.62
Fixation L	1	11	19545661829	19545907829	246000	874.45	443.86	28	23	-1	12.20	12.20
Fixation R	1	11	19545661829	19545907829	246000	874.45	443.86	28	23	-1	12.11	12.11
Saccade L	1	9	19545907829	19545935940	28111	875.37	452.10	948.30	442.93	1.58	102.00	0.50	56.08	4063.00	-3945.69	2904.00
Saccade R	1	9	19545907829	19545935940	28111	875.37	452.10	948.30	442.93	1.58	102.00	0.50	56.08	4063.00	-3945.69	2904.00
Fixation L	1	12	19545935940	19546167934	231994	953.89	443.34	27	28	-1	12.08	12.08
Fixation R	1	12	19545935940	19546167934	231994	953.89	443.34	27	28	-1	12.01	12.01
Saccade L	1	10	19546167934	19546201957	34023	946.08	442.02	1002.19	450.48	1.26	62.06	0.59	36.94	2050.42	-2339.78	1570.58
Saccade R	1	10	19546167934	19546201957	34023	946.08	442.02	1002.19	450.48	1.26	62.06	0.59	36.94	2050.42	-2339.78	1570.58
Fixation L	1	13	19546201957	19546372054	170097	1006.20	453.94	20	24	-1	12.21	12.21
Fixation R	1	13	19546201957	19546372054	170097	1006.20	453.94	20	24	-1	12.10	12.10
Saccade L	1	11	19546372054	19546396068	24014	1013.05	455.09	1074.64	447.78	1.35	100.92	0.58	56.33	3839.38	-3962.10	2693.86
Saccade R	1	11	19546372054	19546396068	24014	1013.05	455.09	1074.64	447.78	1.35	100.92	0.58	56.33	3839.38	-3962.10	2693.86
Fixation L	1	14	19546396068	19546562172	166104	1079.20	448.44	17	23	-1	12.21	12.21
Fixation R	1	14	19546396068	19546562172	166104	1079.20	448.44	17	23	-1	12.18	12.18
Saccade L	1	12	19546562172	19546586163	23991	1078.96	443.92	1142.15	436.71	1.31	98.13	0.50	54.62	3148.54	-3800.57	2474.41
Saccade R	1	12	19546562172	19546586163	23991	1078.96	443.92	1142.15	436.71	1.31	98.13	0.50	54.62	3148.54	-3800.57	2474.41
Fixation L	1	15	19546586163	19546904305	318142	1139.07	436.16	20	25	-1	12.24	12.24
Fixation R	1	15	19546586163	19546904305	318142	1139.07	436.16	20	25	-1	12.27	12.27
Saccade L	1	13	19546904305	19546970292	65987	1133.46	429.16	710.05	447.13	9.48	366.62	0.31	143.60	16499.73	-13172.60	7806.85
Saccade R	1	13	19546904305	19546970292	65987	1133.46	429.16	710.05	447.13	9.48	366.62	0.31	143.60	16499.73	-13172.60	7806.85
Saccade L	1	14	19547018402	19547047700	29298	710.85	438.21	529.50	447.73	3.95	280.22	0.55	134.96	11665.20	-10018.74	7846.47
Saccade R	1	14	19547018402	19547047700	29298	710.85	438.21	529.50	447.73	3.95	280.22	0.55	134.96	11665.20	-10018.74	7846.47
Fixation L	1	16	19547060406	19547466564	406158	537.52	437.37	35	22	-1	12.46	12.46
Fixation R	1	16	19547060406	19547466564	406158	537.52	437.37	35	22	-1	12.32	12.32
Saccade L	1	15	19547466564	19547494504	27940	536.30	433.87	605.96	426.12	1.45	92.79	0.50	51.87	3795.97	-3684.16	2716.59
Saccade R	1	15	19547466564	19547494504	27940	536.30	433.87	605.96	426.12	1.45	92.79	0.50	51.87	3795.97	-3684.16	2716.59
Fixation L	1	17	19547494504	19547972762	478258	607.12	426.94	21	30	-1	12.52	12.52
Fixation R	1	17	19547494504	19547972762	478258	607.12	426.94	21	30	-1	12.44	12.44
Saccade L	1	16	19547972762	19548028742	55980	615.28	430.14	727.05	438.42	2.69	126.76	0.21	48.07	4882.65	-4204.08	2227.25
Saccade R	1	16	19547972762	19548028742	55980	615.28	430.14	727.05	438.42	2.69	126.76	0.21	48.07	4882.65	-4204.08	2227.25
Fixation L	1	18	19548028742	19548190874	162132	726.86	447.25	17	21	-1	12.67	12.67
Fixation R	1	18	19548028742	19548190874	162132	726.86	447.25	17	21	-1	12.58	12.58
Fixation L	1	19	19548210856	19548723223	512367	790.39	449.20	49	22	-1	12.49	12.49
Fixation R	1	19	19548210856	19548723223	512367	790.39	449.20	49	22	-1	12.44	12.44
Saccade L	1	17	19548723223	19548749077	25854	807.07	445.67	869.05	444.40	1.27	82.39	0.46	49.03	3147.97	-3078.71	2167.96
Saccade R	1	17	19548723223	19548749077	25854	807.07	445.67	869.05	444.40	1.27	82.39	0.46	49.03	3147.97	-3078.71	2167.96
Fixation L	1	20	19548749077	19548965346	216269	871.20	443.55	13	15	-1	12.38	12.38
Fixation R	1	20	19548749077	19548965346	216269	871.20	443.55	13	15	-1	12.31	12.31
Saccade L	1	18	19548965346	19548993196	27850	876.00	442.89	980.31	438.65	2.47	171.34	0.57	88.55	6899.45	-6864.01	4863.87
Saccade R	1	18	19548965346	19548993196	27850	876.00	442.89	980.31	438.65	2.47	171.34	0.57	88.55	6899.45	-6864.01	4863.87
Fixation L	1	21	19548993196	19549265321	272125	973.66	448.86	23	21	-1	12.39	12.39
Fixation R	1	21	19548993196	19549265321	272125	973.66	448.86	23	21	-1	12.38	12.38
Saccade L	1	19	19549265321	19549289305	23984	977.29	443.78	1044.94	435.01	1.44	113.36	0.50	59.95	4105.03	-4490.92	2945.14
Saccade R	1	19	19549265321	19549289305	23984	977.29	443.78	1044.94	435.01	1.44	113.36	0.50	59.95	4105.03	-4490.92	2945.14
Fixation L	1	22	19549289305	19549493468	204163	1049.39	440.01	15	11	-1	12.35	12.35
Fixation R	1	22	19549289305	19549493468	204163	1049.39	440.01	15	11	-1	12.31	12.31
Saccade L	1	20	19549493468	19549519437	25969	1050.21	438.63	1138.15	419.85	1.98	144.45	0.46	76.09	5732.46	-5637.27	4074.55
Saccade R	1	20	19549493468	19549519437	25969	1050.21	438.63	1138.15	419.85	1.98	144.45	0.46	76.09	5732.46	-5637.27	4074.55
Fixation L	1	23	19549519437	19549690911	171474	1142.99	425.00	25	21	-1	12.26	12.26
Fixation R	1	23	19549519437	19549690911	171474	1142.99	425.00	25	21	-1	12.35	12.35
Saccade L	1	21	19549690911	19549723555	32644	1148.64	438.01	1140.91	413.58	9.90	413.74	0.33	303.24	19833.37	-19034.56	15600.35
Saccade R	1	21	19549690911	19549723555	32644	1148.64	438.01	1140.91	413.58	9.90	413.74	0.33	303.24	19833.37	-19034.56	15600.35
Fixation L	1	24	19549723555	19549993701	270146	1153.95	425.37	32	20	-1	12.37	12.37
Fixation R	1	24	19549723555	19549993701	270146	1153.95	425.37	32	20	-1	12.46	12.46
Fixation L	1	25	19550119658	19550269804	150146	900.21	942.73	32	30	-1	13.00	13.00
Fixation R	1	25	19550119658	19550269804	150146	900.21	942.73	32	30	-1	12.79	12.79
Saccade L	1	22	19550269804	19550311819	42015	897.03	956.77	836.92	1034.86	2.68	139.64	0.52	63.69	5055.00	-5444.95	3583.42
Saccade R	1	22	19550269804	19550311819	42015	897.03	956.77	836.92	1034.86	2.68	139.64	0.52	63.69	5055.00	-5444.95	3583.42
Fixation L	1	26	19550311819	19550487769	175950	844.98	1032.89	22	26	-1	13.32	13.32
Fixation R	1	26	19550311819	19550487769	175950	844.98	1032.89	22	26	-1	12.97	12.97
Saccade L	1	23	19550487769	19550511758	23989	840.09	1037.38	887.71	1032.31	1.05	73.34	0.51	43.59	2216.61	-2564.29	1717.07
Saccade R	1	23	19550487769	19550511758	23989	840.09	1037.38	887.71	1032.31	1.05	73.34	0.51	43.59	2216.61	-2564.29	1717.07
Fixation L	1	27	19550511758	19550641873	130115	876.64	1040.68	21	19	-1	13.12	13.12
Fixation R	1	27	19550511758	19550641873	130115	876.64	1040.68	21	19	-1	13.13	13.13
