[BeGaze]
Converted from:	C:\Program Files\SMI\Experiment Suite 360\Experiment Center 2\Results\RC-Attachment-Exp\P18-eye_data.idf
Date:	18.03.2012 20:13:37
Version:	BeGaze 3.0.181
Sample Rate:	500
Subject:	P18
Description:	Run23

Table Header for Fixations:
Event Type	Trial	Number	Start	End	Duration	Location X	Location Y	Dispersion X	Dispersion Y	Plane	Avg. Pupil Size X	Avg. Pupil Size Y

Table Header for Saccades:
Event Type	Trial	Number	Start	End	Duration	Start Loc.X	Start Loc.Y	End Loc.X	End Loc.Y	Amplitude	Peak Speed	Peak Speed At	Average Speed	Peak Accel.	Peak Decel.	Average Accel.

Table Header for Blinks:
Event Type	Trial	Number	Start	End	Duration

Table Header for User Events:
Event Type	Trial	Number	Start	Description

UserEvent	1	1	16889650691	# Message: RC-N2forced-anim-1.jpg
Saccade L	1	1	16889668052	16889699719	31667	497.86	380.50	463.66	352.43	0.97	41.18	0.62	30.52	1135.54	-1670.72	1006.47
Saccade R	1	1	16889668052	16889699719	31667	497.86	380.50	463.66	352.43	0.97	41.18	0.62	30.52	1135.54	-1670.72	1006.47
Fixation L	1	1	16889699719	16890279957	580238	458.26	400.61	877	1082	-1	9.59	9.59
Fixation R	1	1	16889699719	16890014453	314734	479.94	389.40	55	64	-1	10.03	10.03
Saccade R	1	2	16890014453	16890131942	117489	473.90	410.09	481.86	427.56	46.56	1782.20	0.29	396.31	59026.32	-34184.36	16521.86
Fixation R	1	2	16890131942	16890279957	148015	488.58	435.76	13	16	-1	10.18	10.18
Saccade L	1	2	16890279957	16890305931	25974	494.18	434.29	539.69	435.53	0.97	55.27	0.46	37.42	2198.38	-2129.05	1554.18
Saccade R	1	3	16890279957	16890305931	25974	494.18	434.29	539.69	435.53	0.97	55.27	0.46	37.42	2198.38	-2129.05	1554.18
Fixation L	1	2	16890305931	16890440075	134144	548.63	438.93	17	14	-1	9.79	9.79
Fixation R	1	3	16890305931	16890440075	134144	548.63	438.93	17	14	-1	10.11	10.11
Saccade L	1	3	16890440075	16890480054	39979	548.10	432.70	644.11	429.41	2.25	127.13	0.30	56.37	5197.47	-4095.38	2704.88
Saccade R	1	4	16890440075	16890480054	39979	548.10	432.70	644.11	429.41	2.25	127.13	0.30	56.37	5197.47	-4095.38	2704.88
Fixation L	1	3	16890480054	16890646164	166110	643.89	438.03	33	49	-1	9.69	9.69
Fixation R	1	4	16890480054	16890646164	166110	643.89	438.03	33	49	-1	10.11	10.11
Saccade L	1	4	16890646164	16890690177	44013	647.03	465.98	753.15	441.16	2.54	114.17	0.41	57.73	4499.24	-4032.87	2922.86
Saccade R	1	5	16890646164	16890690177	44013	647.03	465.98	753.15	441.16	2.54	114.17	0.41	57.73	4499.24	-4032.87	2922.86
Fixation L	1	4	16890690177	16890840156	149979	768.68	454.35	24	25	-1	9.57	9.57
Fixation R	1	5	16890690177	16890840156	149979	768.68	454.35	24	25	-1	10.01	10.01
Saccade L	1	5	16890840156	16890876285	36129	765.96	454.61	852.35	422.50	1.97	84.15	0.39	54.46	3413.08	-3154.76	2443.52
Saccade R	1	6	16890840156	16890876285	36129	765.96	454.61	852.35	422.50	1.97	84.15	0.39	54.46	3413.08	-3154.76	2443.52
Fixation L	1	5	16890876285	16891018290	142005	851.91	426.29	10	11	-1	9.58	9.58
Fixation R	1	6	16890876285	16891018290	142005	851.91	426.29	10	11	-1	10.04	10.04
Saccade L	1	6	16891018290	16891040279	21989	858.83	431.26	823.88	447.12	0.74	49.31	0.45	33.74	1725.11	-1891.00	1282.10
Saccade R	1	7	16891018290	16891040279	21989	858.83	431.26	823.88	447.12	0.74	49.31	0.45	33.74	1725.11	-1891.00	1282.10
Fixation L	1	6	16891040279	16891254393	214114	819.45	452.67	14	30	-1	9.67	9.67
Fixation R	1	7	16891040279	16891254393	214114	819.45	452.67	14	30	-1	10.04	10.04
Saccade L	1	7	16891254393	16891296485	42092	813.39	473.85	920.31	425.33	2.56	93.90	0.33	60.93	3559.80	-3342.36	2630.79
Saccade R	1	8	16891254393	16891296485	42092	813.39	473.85	920.31	425.33	2.56	93.90	0.33	60.93	3559.80	-3342.36	2630.79
Fixation L	1	7	16891296485	16891442517	146032	904.85	450.88	34	49	-1	9.59	9.59
Fixation R	1	8	16891296485	16891442517	146032	904.85	450.88	34	49	-1	10.16	10.16
Fixation L	1	8	16891462513	16891610524	148011	844.45	456.64	46	30	-1	9.61	9.61
Fixation R	1	9	16891462513	16891610524	148011	844.45	456.64	46	30	-1	10.15	10.15
Saccade L	1	8	16891610524	16891642506	31982	852.07	469.51	862.35	427.41	1.02	47.83	0.56	31.93	1286.12	-1694.96	1051.69
Saccade R	1	9	16891610524	16891642506	31982	852.07	469.51	862.35	427.41	1.02	47.83	0.56	31.93	1286.12	-1694.96	1051.69
Fixation L	1	9	16891642506	16891796645	154139	864.30	444.63	22	37	-1	9.71	9.71
Fixation R	1	10	16891642506	16891796645	154139	864.30	444.63	22	37	-1	10.10	10.10
Saccade L	1	9	16891796645	16891826733	30088	868.91	443.96	919.63	469.39	1.16	56.43	0.46	38.67	2248.72	-2291.93	1646.11
Saccade R	1	10	16891796645	16891826733	30088	868.91	443.96	919.63	469.39	1.16	56.43	0.46	38.67	2248.72	-2291.93	1646.11
Fixation L	1	10	16891826733	16891996736	170003	932.68	460.02	46	29	-1	9.67	9.67
Fixation R	1	11	16891826733	16891996736	170003	932.68	460.02	46	29	-1	10.15	10.15
Fixation L	1	11	16892016732	16892184739	168007	1008.78	440.07	56	34	-1	9.64	9.64
Fixation R	1	12	16892016732	16892184739	168007	1008.78	440.07	56	34	-1	10.01	10.01
Saccade L	1	10	16892184739	16892210723	25984	1034.99	429.33	1002.01	469.02	1.04	60.14	0.54	39.89	2046.08	-1935.91	1489.64
Saccade R	1	11	16892184739	16892210723	25984	1034.99	429.33	1002.01	469.02	1.04	60.14	0.54	39.89	2046.08	-1935.91	1489.64
Fixation L	1	12	16892294851	16892524970	230119	1137.31	445.50	47	52	-1	9.65	9.65
Fixation R	1	13	16892294851	16892524970	230119	1137.31	445.50	47	52	-1	10.03	10.03
Saccade L	1	11	16892524970	16892636986	112016	1146.23	418.91	908.35	921.62	12.95	323.11	0.56	115.61	13190.51	-10640.16	4826.04
Saccade R	1	12	16892524970	16892636986	112016	1146.23	418.91	908.35	921.62	12.95	323.11	0.56	115.61	13190.51	-10640.16	4826.04
Fixation L	1	13	16892636986	16892704957	67971	899.43	931.22	21	22	-1	10.29	10.29
Fixation R	1	14	16892636986	16892704957	67971	899.43	931.22	21	22	-1	10.37	10.37
Saccade L	1	12	16892704957	16892736139	31182	899.98	924.55	914.71	970.34	1.00	44.02	0.39	31.96	1026.53	-1179.53	795.42
Saccade R	1	13	16892704957	16892736139	31182	899.98	924.55	914.71	970.34	1.00	44.02	0.39	31.96	1026.53	-1179.53	795.42
Saccade L	1	13	16892763220	16892795114	31894	934.36	941.51	881.97	931.29	1.15	55.45	0.50	36.06	1057.52	-1988.84	1063.28
Saccade R	1	14	16892763220	16892795114	31894	934.36	941.51	881.97	931.29	1.15	55.45	0.50	36.06	1057.52	-1988.84	1063.28
Saccade L	1	14	16892825085	16892863512	38427	878.04	934.28	835.30	954.87	1.21	42.46	0.73	31.52	1370.86	-1110.83	849.12
Saccade R	1	15	16892825085	16892863512	38427	878.04	934.28	835.30	954.87	1.21	42.46	0.73	31.52	1370.86	-1110.83	849.12
Fixation L	1	14	16892863512	16893117216	253704	863.25	959.38	63	43	-1	10.46	10.46
Fixation R	1	15	16892863512	16893117216	253704	863.25	959.38	63	43	-1	10.60	10.60
