[BeGaze]
Converted from:	C:\Program Files\SMI\Experiment Suite 360\Experiment Center 2\Results\RC-Attachment-Exp\P12-eye_data.idf
Date:	18.03.2012 20:09:45
Version:	BeGaze 3.0.181
Sample Rate:	500
Subject:	P12
Description:	Run17

Table Header for Fixations:
Event Type	Trial	Number	Start	End	Duration	Location X	Location Y	Dispersion X	Dispersion Y	Plane	Avg. Pupil Size X	Avg. Pupil Size Y

Table Header for Saccades:
Event Type	Trial	Number	Start	End	Duration	Start Loc.X	Start Loc.Y	End Loc.X	End Loc.Y	Amplitude	Peak Speed	Peak Speed At	Average Speed	Peak Accel.	Peak Decel.	Average Accel.

Table Header for Blinks:
Event Type	Trial	Number	Start	End	Duration

Table Header for User Events:
Event Type	Trial	Number	Start	Description

UserEvent	1	1	11716453244	# Message: RC-nonforced-anim-6.jpg
Fixation L	1	1	11716453693	11717150364	696671	534.43	435.76	52	67	-1	11.87	11.87
Fixation R	1	1	11716453693	11717150364	696671	534.43	435.76	52	67	-1	11.65	11.65
Saccade L	1	1	11717150364	11717180362	29998	569.90	436.61	638.19	441.64	1.51	92.44	0.53	50.48	3244.34	-3164.55	2333.68
Saccade R	1	1	11717150364	11717180362	29998	569.90	436.61	638.19	441.64	1.51	92.44	0.53	50.48	3244.34	-3164.55	2333.68
Fixation L	1	2	11717180362	11717340483	160121	647.02	436.01	21	18	-1	11.97	11.97
Fixation R	1	2	11717180362	11717340483	160121	647.02	436.01	21	18	-1	11.72	11.72
Saccade L	1	2	11717340483	11717364629	24146	645.06	432.06	687.91	423.26	0.92	60.33	0.50	37.93	2526.24	-2307.59	1680.28
Saccade R	1	2	11717340483	11717364629	24146	645.06	432.06	687.91	423.26	0.92	60.33	0.50	37.93	2526.24	-2307.59	1680.28
Fixation L	1	3	11717364629	11717604692	240063	690.29	423.58	10	14	-1	11.91	11.91
Fixation R	1	3	11717364629	11717604692	240063	690.29	423.58	10	14	-1	11.57	11.57
Saccade L	1	3	11717604692	11717630601	25909	695.28	423.55	762.03	423.83	1.39	88.66	0.46	53.73	3705.37	-3398.51	2507.14
Saccade R	1	3	11717604692	11717630601	25909	695.28	423.55	762.03	423.83	1.39	88.66	0.46	53.73	3705.37	-3398.51	2507.14
Fixation L	1	4	11717630601	11718108847	478246	764.61	418.80	26	15	-1	11.81	11.81
Fixation R	1	4	11717630601	11718108847	478246	764.61	418.80	26	15	-1	11.44	11.44
Saccade L	1	4	11718108847	11718144842	35995	759.16	419.55	822.58	401.71	1.58	84.36	0.54	43.82	2900.16	-2973.39	2102.58
Saccade R	1	4	11718108847	11718144842	35995	759.16	419.55	822.58	401.71	1.58	84.36	0.54	43.82	2900.16	-2973.39	2102.58
Fixation L	1	5	11718144842	11718216046	71204	827.42	401.13	9	6	-1	11.72	11.72
Fixation R	1	5	11718144842	11718216046	71204	827.42	401.13	9	6	-1	11.39	11.39
Saccade L	1	5	11718216046	11718236848	20802	823.12	399.84	866.86	411.28	0.89	72.47	0.42	42.82	2765.30	-2948.95	1942.54
Saccade R	1	5	11718216046	11718236848	20802	823.12	399.84	866.86	411.28	0.89	72.47	0.42	42.82	2765.30	-2948.95	1942.54
Fixation L	1	6	11718236848	11718402996	166148	863.77	400.79	15	18	-1	11.66	11.66
Fixation R	1	6	11718236848	11718402996	166148	863.77	400.79	15	18	-1	11.43	11.43
Saccade L	1	6	11718402996	11718427003	24007	866.57	407.98	927.56	413.66	1.33	95.40	0.50	55.19	3477.77	-3756.44	2529.65
Saccade R	1	6	11718402996	11718427003	24007	866.57	407.98	927.56	413.66	1.33	95.40	0.50	55.19	3477.77	-3756.44	2529.65
Fixation L	1	7	11718427003	11718679004	252001	929.53	427.99	8	35	-1	11.57	11.57
Fixation R	1	7	11718427003	11718679004	252001	929.53	427.99	8	35	-1	11.46	11.46
Saccade L	1	7	11718679004	11718705090	26086	929.76	441.89	982.22	441.94	1.16	72.46	0.39	44.54	2934.51	-2723.05	1984.40
Saccade R	1	7	11718679004	11718705090	26086	929.76	441.89	982.22	441.94	1.16	72.46	0.39	44.54	2934.51	-2723.05	1984.40
Fixation L	1	8	11718705090	11718945890	240800	978.69	435.57	15	18	-1	11.46	11.46
Fixation R	1	8	11718705090	11718945890	240800	978.69	435.57	15	18	-1	11.18	11.18
Saccade L	1	8	11718945890	11718971201	25311	974.82	427.33	1038.82	430.76	1.35	97.44	0.45	53.15	3998.30	-3518.75	2686.54
Saccade R	1	8	11718945890	11718971201	25311	974.82	427.33	1038.82	430.76	1.35	97.44	0.45	53.15	3998.30	-3518.75	2686.54
Fixation L	1	9	11718971201	11719587469	616268	1056.77	433.62	43	49	-1	11.27	11.27
Fixation R	1	9	11718971201	11719587469	616268	1056.77	433.62	43	49	-1	11.30	11.30
Saccade L	1	9	11719587469	11719615472	28003	1059.07	421.08	1161.67	394.42	2.42	171.55	0.50	86.37	6603.63	-6477.63	4707.37
Saccade R	1	9	11719587469	11719615472	28003	1059.07	421.08	1161.67	394.42	2.42	171.55	0.50	86.37	6603.63	-6477.63	4707.37
Fixation L	1	10	11719615472	11720093676	478204	1152.74	407.56	30	48	-1	11.49	11.49
Fixation R	1	10	11719615472	11720093676	478204	1152.74	407.56	30	48	-1	11.35	11.35
Saccade L	1	10	11720093676	11720147705	54029	1140.58	429.32	814.44	421.90	7.55	249.70	0.30	139.75	10793.91	-6839.05	6260.83
Saccade R	1	10	11720093676	11720147705	54029	1140.58	429.32	814.44	421.90	7.55	249.70	0.30	139.75	10793.91	-6839.05	6260.83
Fixation L	1	11	11720147705	11720257807	110102	826.20	418.67	20	23	-1	11.75	11.75
Fixation R	1	11	11720147705	11720257807	110102	826.20	418.67	20	23	-1	11.39	11.39
Saccade L	1	11	11720257807	11720301801	43994	827.05	418.10	678.09	415.16	3.53	184.78	0.36	80.15	7372.62	-7039.57	4721.02
Saccade R	1	11	11720257807	11720301801	43994	827.05	418.10	678.09	415.16	3.53	184.78	0.36	80.15	7372.62	-7039.57	4721.02
Fixation L	1	12	11720301801	11720453793	151992	679.53	429.01	15	25	-1	11.80	11.80
Fixation R	1	12	11720301801	11720453793	151992	679.53	429.01	15	25	-1	11.72	11.72
Saccade L	1	12	11720453793	11720479926	26133	677.55	438.01	608.35	434.51	1.51	101.21	0.38	57.85	4159.68	-3701.85	2764.68
Saccade R	1	12	11720453793	11720479926	26133	677.55	438.01	608.35	434.51	1.51	101.21	0.38	57.85	4159.68	-3701.85	2764.68
Fixation L	1	13	11720479926	11720687912	207986	591.04	441.79	26	25	-1	11.86	11.86
Fixation R	1	13	11720479926	11720687912	207986	591.04	441.79	26	25	-1	11.55	11.55
Fixation L	1	14	11720792040	11720914031	121991	835.77	979.39	36	101	-1	11.92	11.92
Fixation R	1	14	11720792040	11720914031	121991	835.77	979.39	36	101	-1	11.84	11.84
Saccade L	1	13	11720914031	11720955496	41465	822.55	1014.64	853.05	973.55	1.21	40.25	0.29	29.12	1403.83	-957.70	779.02
Saccade R	1	13	11720914031	11720955496	41465	822.55	1014.64	853.05	973.55	1.21	40.25	0.29	29.12	1403.83	-957.70	779.02
Saccade L	1	14	11720962034	11720986038	24004	851.23	972.12	915.61	971.56	1.33	99.39	0.42	55.54	3361.72	-3802.16	2514.03
Saccade R	1	14	11720962034	11720986038	24004	851.23	972.12	915.61	971.56	1.33	99.39	0.42	55.54	3361.72	-3802.16	2514.03
Fixation L	1	15	11720986038	11721496276	510238	907.91	966.75	30	35	-1	12.01	12.01
Fixation R	1	15	11720986038	11721496276	510238	907.91	966.75	30	35	-1	12.01	12.01
