[BeGaze]
Converted from:	C:\Program Files\SMI\Experiment Suite 360\Experiment Center 2\Results\RC-Attachment-Exp\P25-eye_data.idf
Date:	18.03.2012 20:20:43
Version:	BeGaze 3.0.181
Sample Rate:	500
Subject:	P25
Description:	Run30

Table Header for Fixations:
Event Type	Trial	Number	Start	End	Duration	Location X	Location Y	Dispersion X	Dispersion Y	Plane	Avg. Pupil Size X	Avg. Pupil Size Y

Table Header for Saccades:
Event Type	Trial	Number	Start	End	Duration	Start Loc.X	Start Loc.Y	End Loc.X	End Loc.Y	Amplitude	Peak Speed	Peak Speed At	Average Speed	Peak Accel.	Peak Decel.	Average Accel.

Table Header for Blinks:
Event Type	Trial	Number	Start	End	Duration

Table Header for User Events:
Event Type	Trial	Number	Start	Description

UserEvent	1	1	11192075394	# Message: Dist-orthm-30.jpg
Saccade L	1	1	11192122368	11192145153	22785	478.16	420.27	436.00	370.30	1.17	93.08	0.47	51.19	3548.22	-1726.09	1914.78
Saccade R	1	1	11192122368	11192145153	22785	478.16	420.27	436.00	370.30	1.17	93.08	0.47	51.19	3548.22	-1726.09	1914.78
Saccade L	1	2	11192145153	11192171592	26439	436.00	370.30	490.57	403.00	1.18	74.72	0.61	44.58	1243.95	-2711.16	1269.25
Saccade R	1	2	11192145153	11192171592	26439	436.00	370.30	490.57	403.00	1.18	74.72	0.61	44.58	1243.95	-2711.16	1269.25
Fixation L	1	1	11192171592	11192715505	543913	487.21	429.31	25	50	-1	13.15	13.15
Fixation R	1	1	11192171592	11192715505	543913	487.21	429.31	25	50	-1	13.17	13.17
Saccade L	1	3	11192715505	11192737517	22012	502.19	428.66	544.69	437.47	0.95	72.85	0.45	43.33	2484.38	-2725.54	1804.68
Saccade R	1	3	11192715505	11192737517	22012	502.19	428.66	544.69	437.47	0.95	72.85	0.45	43.33	2484.38	-2725.54	1804.68
Fixation L	1	2	11192737517	11192921489	183972	561.36	451.16	35	37	-1	13.58	13.58
Fixation R	1	2	11192737517	11192921489	183972	561.36	451.16	35	37	-1	13.85	13.85
Saccade L	1	4	11192921489	11192945638	24149	560.80	449.31	627.31	449.92	1.41	112.79	0.50	58.48	4351.32	-4343.80	3039.38
Saccade R	1	4	11192921489	11192945638	24149	560.80	449.31	627.31	449.92	1.41	112.79	0.50	58.48	4351.32	-4343.80	3039.38
Fixation L	1	3	11192945638	11192999610	53972	618.85	452.64	21	14	-1	13.73	13.73
Fixation R	1	3	11192945638	11192999610	53972	618.85	452.64	21	14	-1	13.74	13.74
Saccade L	1	5	11192999610	11193030070	30460	604.88	460.02	557.14	417.20	1.48	75.31	0.46	48.57	2671.21	-2458.33	1704.92
Saccade R	1	5	11192999610	11193030070	30460	604.88	460.02	557.14	417.20	1.48	75.31	0.46	48.57	2671.21	-2458.33	1704.92
Saccade L	1	6	11193037613	11193063611	25998	553.94	416.09	703.92	447.99	3.24	233.36	0.46	124.58	8942.05	-9681.41	6786.05
Saccade R	1	6	11193037613	11193063611	25998	553.94	416.09	703.92	447.99	3.24	233.36	0.46	124.58	8942.05	-9681.41	6786.05
Fixation L	1	4	11193063611	11193321760	258149	685.95	449.32	26	23	-1	13.52	13.52
Fixation R	1	4	11193063611	11193321760	258149	685.95	449.32	26	23	-1	13.52	13.52
Saccade L	1	7	11193321760	11193387775	66015	679.39	460.35	761.90	392.90	6.89	217.31	0.45	104.37	8562.50	-5119.47	4458.83
Saccade R	1	7	11193321760	11193387775	66015	679.39	460.35	761.90	392.90	6.89	217.31	0.45	104.37	8562.50	-5119.47	4458.83
Saccade L	1	8	11193415722	11193446208	30486	766.91	387.71	812.58	440.54	1.52	85.42	0.41	49.97	3394.84	-3179.85	2389.84
Saccade R	1	8	11193415722	11193446208	30486	766.91	387.71	812.58	440.54	1.52	85.42	0.41	49.97	3394.84	-3179.85	2389.84
Saccade L	1	9	11193459738	11193481845	22107	819.54	439.36	786.33	433.99	0.83	50.97	0.63	37.57	1781.83	-140.85	805.58
Saccade R	1	9	11193459738	11193481845	22107	819.54	439.36	786.33	433.99	0.83	50.97	0.63	37.57	1781.83	-140.85	805.58
Saccade L	1	10	11193517848	11193549907	32059	754.45	377.77	795.08	431.59	1.40	82.77	0.31	43.69	2408.83	-2692.23	1712.17
Saccade R	1	10	11193517848	11193549907	32059	754.45	377.77	795.08	431.59	1.40	82.77	0.31	43.69	2408.83	-2692.23	1712.17
Fixation L	1	5	11193549907	11193669851	119944	804.70	436.53	20	19	-1	13.31	13.31
Fixation R	1	5	11193549907	11193669851	119944	804.70	436.53	20	19	-1	13.47	13.47
Saccade L	1	11	11193669851	11193691853	22002	808.77	422.87	865.89	435.89	1.15	85.89	0.60	52.42	3252.56	-3175.20	2180.64
Saccade R	1	11	11193669851	11193691853	22002	808.77	422.87	865.89	435.89	1.15	85.89	0.60	52.42	3252.56	-3175.20	2180.64
Fixation L	1	6	11193691853	11193857557	165704	863.03	432.67	15	11	-1	13.11	13.11
Fixation R	1	6	11193691853	11193857557	165704	863.03	432.67	15	11	-1	13.49	13.49
Saccade L	1	12	11193857557	11193881955	24398	869.43	436.02	952.94	440.44	1.73	132.88	0.51	70.75	5357.83	-5065.12	3677.78
Saccade R	1	12	11193857557	11193881955	24398	869.43	436.02	952.94	440.44	1.73	132.88	0.51	70.75	5357.83	-5065.12	3677.78
Fixation L	1	7	11193881955	11194058085	176130	953.62	446.07	20	24	-1	13.11	13.11
Fixation R	1	7	11193881955	11194058085	176130	953.62	446.07	20	24	-1	13.30	13.30
Saccade L	1	13	11194058085	11194086160	28075	956.08	454.57	1046.77	456.86	1.96	125.94	0.50	69.68	5262.06	-5267.41	3803.23
Saccade R	1	13	11194058085	11194086160	28075	956.08	454.57	1046.77	456.86	1.96	125.94	0.50	69.68	5262.06	-5267.41	3803.23
Fixation L	1	8	11194086160	11194246070	159910	1045.42	448.01	14	21	-1	13.01	13.01
Fixation R	1	8	11194086160	11194246070	159910	1045.42	448.01	14	21	-1	13.30	13.30
Blink L	1	1	11194246070	11194388175	142105
Blink R	1	1	11194246070	11194388175	142105
Saccade L	1	14	11194388175	11194416191	28016	1117.47	390.75	1098.10	405.71	2.44	199.45	0.50	87.04	1691.73	-9452.99	3260.81
Saccade R	1	14	11194388175	11194416191	28016	1117.47	390.75	1098.10	405.71	2.44	199.45	0.50	87.04	1691.73	-9452.99	3260.81
Saccade L	1	15	11194427782	11194468225	40443	1108.19	403.22	1141.99	438.66	1.24	44.23	0.26	30.62	966.58	-1022.28	747.08
Saccade R	1	15	11194427782	11194468225	40443	1108.19	403.22	1141.99	438.66	1.24	44.23	0.26	30.62	966.58	-1022.28	747.08
Fixation L	1	9	11194468225	11194604310	136085	1145.43	441.62	22	29	-1	13.16	13.16
Fixation R	1	9	11194468225	11194604310	136085	1145.43	441.62	22	29	-1	13.53	13.53
Saccade L	1	16	11194604310	11194656306	51996	1141.41	456.27	922.10	914.23	12.63	379.82	0.74	242.90	16007.95	-15785.83	11440.84
Saccade R	1	16	11194604310	11194656306	51996	1141.41	456.27	922.10	914.23	12.63	379.82	0.74	242.90	16007.95	-15785.83	11440.84
Fixation L	1	10	11194656306	11194804303	147997	913.24	889.40	29	43	-1	13.99	13.99
Fixation R	1	10	11194656306	11194804303	147997	913.24	889.40	29	43	-1	14.05	14.05
Saccade L	1	17	11194804303	11194830455	26152	902.64	871.36	907.39	964.97	2.09	149.24	0.57	79.95	5074.32	-6140.07	3856.04
Saccade R	1	17	11194804303	11194830455	26152	902.64	871.36	907.39	964.97	2.09	149.24	0.57	79.95	5074.32	-6140.07	3856.04
Fixation L	1	11	11194830455	11195162543	332088	902.31	932.28	51	51	-1	13.89	13.89
Fixation R	1	11	11194830455	11195162543	332088	902.31	932.28	51	51	-1	14.00	14.00
