[BeGaze]
Converted from:	C:\Program Files\SMI\Experiment Suite 360\Experiment Center 2\Results\RC-Attachment-Exp\P22-eye_data.idf
Date:	18.03.2012 20:17:41
Version:	BeGaze 3.0.181
Sample Rate:	500
Subject:	P22
Description:	Run27

Table Header for Fixations:
Event Type	Trial	Number	Start	End	Duration	Location X	Location Y	Dispersion X	Dispersion Y	Plane	Avg. Pupil Size X	Avg. Pupil Size Y

Table Header for Saccades:
Event Type	Trial	Number	Start	End	Duration	Start Loc.X	Start Loc.Y	End Loc.X	End Loc.Y	Amplitude	Peak Speed	Peak Speed At	Average Speed	Peak Accel.	Peak Decel.	Average Accel.

Table Header for Blinks:
Event Type	Trial	Number	Start	End	Duration

Table Header for User Events:
Event Type	Trial	Number	Start	Description

UserEvent	1	1	2452116475	# Message: RC-N2forced-anim-5.jpg
Fixation L	1	1	2452121330	2452374732	253402	509.80	478.48	19	22	-1	8.32	8.32
Fixation R	1	1	2452121330	2452374732	253402	509.80	478.48	19	22	-1	8.44	8.44
Saccade L	1	1	2452374732	2452402718	27986	502.56	471.89	551.47	441.16	1.20	73.13	0.36	42.75	3032.42	-2895.46	2068.75
Saccade R	1	1	2452374732	2452402718	27986	502.56	471.89	551.47	441.16	1.20	73.13	0.36	42.75	3032.42	-2895.46	2068.75
Fixation L	1	2	2452402718	2452460733	58015	555.04	451.61	8	25	-1	8.22	8.22
Fixation R	1	2	2452402718	2452460733	58015	555.04	451.61	8	25	-1	8.55	8.55
Saccade L	1	2	2452460733	2452486709	25976	559.52	466.34	613.54	469.75	1.17	75.20	0.46	44.97	2782.79	-3044.63	2094.85
Saccade R	1	2	2452460733	2452486709	25976	559.52	466.34	613.54	469.75	1.17	75.20	0.46	44.97	2782.79	-3044.63	2094.85
Fixation L	1	3	2452486709	2452620840	134131	627.30	472.29	35	10	-1	8.25	8.25
Fixation R	1	3	2452486709	2452620840	134131	627.30	472.29	35	10	-1	8.41	8.41
Saccade L	1	3	2452620840	2452656835	35995	646.66	469.86	702.14	466.58	1.23	59.03	0.31	34.17	2455.12	-1542.64	1228.20
Saccade R	1	3	2452620840	2452656835	35995	646.66	469.86	702.14	466.58	1.23	59.03	0.31	34.17	2455.12	-1542.64	1228.20
Fixation L	1	4	2452656835	2452789275	132440	711.69	465.64	12	7	-1	8.44	8.44
Fixation R	1	4	2452656835	2452789275	132440	711.69	465.64	12	7	-1	8.46	8.46
Saccade L	1	4	2452789275	2452812832	23557	713.35	461.39	777.21	461.71	1.31	96.75	0.41	55.64	3961.04	-3762.45	2720.00
Saccade R	1	4	2452789275	2452812832	23557	713.35	461.39	777.21	461.71	1.31	96.75	0.41	55.64	3961.04	-3762.45	2720.00
Fixation L	1	5	2452812832	2452968941	156109	765.07	456.65	33	9	-1	8.40	8.40
Fixation R	1	5	2452812832	2452968941	156109	765.07	456.65	33	9	-1	8.45	8.45
Saccade L	1	5	2452968941	2453002940	33999	751.80	461.97	834.53	447.42	1.86	112.32	0.37	54.77	4631.55	-4036.35	2913.96
Saccade R	1	5	2452968941	2453002940	33999	751.80	461.97	834.53	447.42	1.86	112.32	0.37	54.77	4631.55	-4036.35	2913.96
Fixation L	1	6	2453002940	2453135066	132126	832.30	456.03	10	17	-1	8.52	8.52
Fixation R	1	6	2453002940	2453135066	132126	832.30	456.03	10	17	-1	8.46	8.46
Saccade L	1	6	2453135066	2453159068	24002	828.07	456.56	873.91	456.39	1.10	78.29	0.50	45.86	3151.46	-3026.38	2106.95
Saccade R	1	6	2453135066	2453159068	24002	828.07	456.56	873.91	456.39	1.10	78.29	0.50	45.86	3151.46	-3026.38	2106.95
Fixation L	1	7	2453159068	2453887294	728226	934.95	461.52	122	37	-1	8.40	8.40
Fixation R	1	7	2453159068	2453887294	728226	934.95	461.52	122	37	-1	8.60	8.60
Saccade L	1	7	2453887294	2453928047	40753	987.53	465.32	1053.66	475.62	1.44	61.05	0.30	35.45	2492.13	-1787.64	1448.49
Saccade R	1	7	2453887294	2453928047	40753	987.53	465.32	1053.66	475.62	1.44	61.05	0.30	35.45	2492.13	-1787.64	1448.49
Fixation L	1	8	2453928047	2454260492	332445	1033.18	476.37	39	18	-1	8.34	8.34
Fixation R	1	8	2453928047	2454260492	332445	1033.18	476.37	39	18	-1	8.57	8.57
Blink L	1	1	2454260492	2454513661	253169
Blink R	1	1	2454260492	2454513661	253169
Saccade L	1	8	2454527651	2454569817	42166	959.08	834.72	916.96	942.81	2.56	110.61	0.46	60.66	4622.50	-3885.52	2998.24
Saccade R	1	8	2454527651	2454569817	42166	959.08	834.72	916.96	942.81	2.56	110.61	0.46	60.66	4622.50	-3885.52	2998.24
Fixation L	1	9	2454569817	2455222434	652617	903.85	959.89	55	57	-1	9.03	9.03
Fixation R	1	9	2454569817	2455222434	652617	903.85	959.89	55	57	-1	9.22	9.22
