[BeGaze]
Converted from:	C:\Program Files\SMI\Experiment Suite 360\Experiment Center 2\Results\RC-Attachment-Exp\P20-eye_data.idf
Date:	18.03.2012 20:15:28
Version:	BeGaze 3.0.181
Sample Rate:	500
Subject:	P20
Description:	Run25

Table Header for Fixations:
Event Type	Trial	Number	Start	End	Duration	Location X	Location Y	Dispersion X	Dispersion Y	Plane	Avg. Pupil Size X	Avg. Pupil Size Y

Table Header for Saccades:
Event Type	Trial	Number	Start	End	Duration	Start Loc.X	Start Loc.Y	End Loc.X	End Loc.Y	Amplitude	Peak Speed	Peak Speed At	Average Speed	Peak Accel.	Peak Decel.	Average Accel.

Table Header for Blinks:
Event Type	Trial	Number	Start	End	Duration

Table Header for User Events:
Event Type	Trial	Number	Start	Description

UserEvent	1	1	19061405163	# Message: Questionnaire7.jpg
Fixation L	1	1	19061405473	19061846476	441003	875.68	999.02	24	38	-1	14.00	14.00
Fixation R	1	1	19061405473	19061846476	441003	875.68	999.02	24	38	-1	13.86	13.86
Saccade L	1	1	19061846476	19061912573	66097	874.69	988.97	543.32	430.63	14.74	492.96	0.24	222.96	21291.62	-10087.67	9877.18
Saccade R	1	1	19061846476	19061912573	66097	874.69	988.97	543.32	430.63	14.74	492.96	0.24	222.96	21291.62	-10087.67	9877.18
Fixation L	1	2	19061912573	19061976564	63991	534.63	435.70	18	14	-1	13.64	13.64
Fixation R	1	2	19061912573	19061976564	63991	534.63	435.70	18	14	-1	13.37	13.37
Saccade L	1	2	19061976564	19062006544	29980	531.14	433.40	540.81	346.62	1.96	127.88	0.47	65.50	4842.93	-4786.27	3468.52
Saccade R	1	2	19061976564	19062006544	29980	531.14	433.40	540.81	346.62	1.96	127.88	0.47	65.50	4842.93	-4786.27	3468.52
Fixation L	1	3	19062006544	19062180516	173972	538.80	360.01	13	29	-1	13.82	13.82
Fixation R	1	3	19062006544	19062180516	173972	538.80	360.01	13	29	-1	13.44	13.44
Saccade L	1	3	19062180516	19062224632	44116	542.33	360.85	781.05	365.95	5.70	312.28	0.41	129.16	13108.45	-12808.63	8540.52
Saccade R	1	3	19062180516	19062224632	44116	542.33	360.85	781.05	365.95	5.70	312.28	0.41	129.16	13108.45	-12808.63	8540.52
Fixation L	1	4	19062224632	19062520768	296136	795.02	365.42	23	17	-1	13.77	13.77
Fixation R	1	4	19062224632	19062520768	296136	795.02	365.42	23	17	-1	13.45	13.45
Saccade L	1	4	19062520768	19062560761	39993	796.27	363.15	1027.21	345.19	5.09	254.18	0.45	127.15	10988.63	-10122.44	7521.38
Saccade R	1	4	19062520768	19062560761	39993	796.27	363.15	1027.21	345.19	5.09	254.18	0.45	127.15	10988.63	-10122.44	7521.38
Fixation L	1	5	19062560761	19062830857	270096	1043.35	347.15	29	38	-1	14.26	14.26
Fixation R	1	5	19062560761	19062830857	270096	1043.35	347.15	29	38	-1	13.86	13.86
Saccade L	1	5	19062830857	19062852859	22002	1050.69	342.21	1102.80	332.32	1.13	91.83	0.58	51.52	3254.40	-3061.05	2181.98
Saccade R	1	5	19062830857	19062852859	22002	1050.69	342.21	1102.80	332.32	1.13	91.83	0.58	51.52	3254.40	-3061.05	2181.98
Fixation L	1	6	19062852859	19062932857	79998	1076.20	334.35	48	12	-1	14.61	14.61
Fixation R	1	6	19062852859	19062932857	79998	1076.20	334.35	48	12	-1	14.10	14.10
Saccade L	1	6	19062932857	19062958984	26127	1070.04	338.59	909.61	347.49	3.35	239.59	0.48	128.39	9765.58	-9439.85	6916.08
Saccade R	1	6	19062932857	19062958984	26127	1070.04	338.59	909.61	347.49	3.35	239.59	0.48	128.39	9765.58	-9439.85	6916.08
Fixation L	1	7	19062958984	19063221100	262116	912.09	357.41	24	16	-1	14.78	14.78
Fixation R	1	7	19062958984	19063221100	262116	912.09	357.41	24	16	-1	14.21	14.21
Saccade L	1	7	19063221100	19063261046	39946	911.18	357.75	1059.95	345.31	3.52	175.47	0.35	88.07	7591.13	-6705.53	4947.65
Saccade R	1	7	19063221100	19063261046	39946	911.18	357.75	1059.95	345.31	3.52	175.47	0.35	88.07	7591.13	-6705.53	4947.65
Fixation L	1	8	19063261046	19063745214	484168	1067.29	370.10	21	51	-1	15.23	15.23
Fixation R	1	8	19063261046	19063745214	484168	1067.29	370.10	21	51	-1	14.67	14.67
Saccade L	1	8	19063745214	19063773404	28190	1064.60	370.64	937.32	372.06	2.70	181.48	0.50	95.68	7300.32	-7357.67	5367.22
Saccade R	1	8	19063745214	19063773404	28190	1064.60	370.64	937.32	372.06	2.70	181.48	0.50	95.68	7300.32	-7357.67	5367.22
Fixation L	1	9	19063773404	19063859379	85975	942.03	372.32	11	12	-1	15.17	15.17
Fixation R	1	9	19063773404	19063859379	85975	942.03	372.32	11	12	-1	14.65	14.65
Saccade L	1	9	19063859379	19063889328	29949	938.36	379.22	1100.55	364.38	3.50	239.20	0.53	116.82	10197.62	-9972.94	7438.64
Saccade R	1	9	19063859379	19063889328	29949	938.36	379.22	1100.55	364.38	3.50	239.20	0.53	116.82	10197.62	-9972.94	7438.64
Fixation L	1	10	19063889328	19064207431	318103	1090.51	365.97	26	23	-1	15.28	15.28
Fixation R	1	10	19063889328	19064207431	318103	1090.51	365.97	26	23	-1	14.76	14.76
Saccade L	1	10	19064207431	19064285161	77730	1087.96	353.14	456.31	428.28	17.40	424.18	0.26	223.84	19090.47	-10618.48	9354.68
Saccade R	1	10	19064207431	19064285161	77730	1087.96	353.14	456.31	428.28	17.40	424.18	0.26	223.84	19090.47	-10618.48	9354.68
Fixation L	1	11	19064285161	19064431593	146432	446.51	440.58	19	24	-1	14.98	14.98
Fixation R	1	11	19064285161	19064431593	146432	446.51	440.58	19	24	-1	14.33	14.33
Fixation L	1	12	19064463548	19064691654	228106	409.89	440.70	18	22	-1	14.82	14.82
Fixation R	1	12	19064463548	19064691654	228106	409.89	440.70	18	22	-1	14.23	14.23
Saccade L	1	11	19064691654	19064739694	48040	412.27	444.34	723.42	366.90	7.14	326.04	0.33	148.62	14090.66	-10336.03	8273.02
Saccade R	1	11	19064691654	19064739694	48040	412.27	444.34	723.42	366.90	7.14	326.04	0.33	148.62	14090.66	-10336.03	8273.02
Fixation L	1	13	19064739694	19064887777	148083	735.75	376.83	19	15	-1	14.56	14.56
Fixation R	1	13	19064739694	19064887777	148083	735.75	376.83	19	15	-1	14.20	14.20
Saccade L	1	12	19064887777	19064923773	35996	736.32	378.23	879.08	363.36	3.13	184.58	0.39	86.91	7797.07	-7132.29	4953.65
Saccade R	1	12	19064887777	19064923773	35996	736.32	378.23	879.08	363.36	3.13	184.58	0.39	86.91	7797.07	-7132.29	4953.65
Fixation L	1	14	19064923773	19065165899	242126	902.63	370.87	34	19	-1	14.43	14.43
Fixation R	1	14	19064923773	19065165899	242126	902.63	370.87	34	19	-1	14.03	14.03
Saccade L	1	13	19065165899	19065197896	31997	908.31	366.26	1030.88	346.90	2.72	179.75	0.44	85.09	7497.90	-6875.29	5003.48
Saccade R	1	13	19065165899	19065197896	31997	908.31	366.26	1030.88	346.90	2.72	179.75	0.44	85.09	7497.90	-6875.29	5003.48
Fixation L	1	15	19065197896	19065420518	222622	1039.04	350.40	16	15	-1	14.02	14.02
Fixation R	1	15	19065197896	19065420518	222622	1039.04	350.40	16	15	-1	13.62	13.62
Saccade L	1	14	19065420518	19065458028	37510	1036.93	345.90	1128.49	314.48	2.66	159.32	0.31	70.92	6376.57	-5465.43	3758.54
Saccade R	1	14	19065420518	19065458028	37510	1036.93	345.90	1128.49	314.48	2.66	159.32	0.31	70.92	6376.57	-5465.43	3758.54
Saccade L	1	15	19065492013	19065520000	27987	1134.32	296.78	1171.95	271.06	1.10	67.94	0.57	39.13	2094.30	-2701.30	1617.10
Saccade R	1	15	19065492013	19065520000	27987	1134.32	296.78	1171.95	271.06	1.10	67.94	0.57	39.13	2094.30	-2701.30	1617.10
Fixation L	1	16	19065520000	19065603998	83998	1156.64	264.53	29	21	-1	13.55	13.55
Fixation R	1	16	19065520000	19065603998	83998	1156.64	264.53	29	21	-1	13.32	13.32
Saccade L	1	16	19065603998	19065630019	26021	1147.52	260.30	1209.81	257.91	1.45	96.32	0.38	55.77	3550.62	-3799.37	2558.85
Saccade R	1	16	19065603998	19065630019	26021	1147.52	260.30	1209.81	257.91	1.45	96.32	0.38	55.77	3550.62	-3799.37	2558.85
Saccade L	1	17	19065652188	19065678007	25819	1212.25	260.47	1167.94	275.14	1.17	73.46	0.46	45.12	2863.65	-2670.17	1883.21
Saccade R	1	17	19065652188	19065678007	25819	1212.25	260.47	1167.94	275.14	1.17	73.46	0.46	45.12	2863.65	-2670.17	1883.21
Fixation L	1	17	19065678007	19065760120	82113	1178.47	261.56	38	29	-1	13.52	13.52
Fixation R	1	17	19065678007	19065760120	82113	1178.47	261.56	38	29	-1	13.28	13.28
Saccade L	1	18	19065760120	19065788601	28481	1203.07	244.92	1031.55	313.02	4.09	283.57	0.42	143.68	11583.39	-12270.39	8713.57
Saccade R	1	18	19065760120	19065788601	28481	1203.07	244.92	1031.55	313.02	4.09	283.57	0.42	143.68	11583.39	-12270.39	8713.57
Fixation L	1	18	19065788601	19066130235	341634	1020.87	331.96	22	31	-1	14.07	14.07
Fixation R	1	18	19065788601	19066130235	341634	1020.87	331.96	22	31	-1	13.56	13.56
Saccade L	1	19	19066130235	19066196368	66133	1023.17	327.77	477.00	423.70	12.62	370.64	0.27	190.82	16797.32	-7736.48	8035.74
Saccade R	1	19	19066130235	19066196368	66133	1023.17	327.77	477.00	423.70	12.62	370.64	0.27	190.82	16797.32	-7736.48	8035.74
Fixation L	1	19	19066196368	19066366341	169973	466.67	436.90	16	25	-1	14.85	14.85
Fixation R	1	19	19066196368	19066366341	169973	466.67	436.90	16	25	-1	14.15	14.15
Saccade L	1	20	19066366341	19066388344	22003	464.86	450.33	423.19	444.99	0.85	59.41	0.63	38.64	1844.33	-2443.19	1409.09
Saccade R	1	20	19066366341	19066388344	22003	464.86	450.33	423.19	444.99	0.85	59.41	0.63	38.64	1844.33	-2443.19	1409.09
Fixation L	1	20	19066388344	19066586469	198125	422.02	427.79	24	30	-1	14.93	14.93
Fixation R	1	20	19066388344	19066586469	198125	422.02	427.79	24	30	-1	14.35	14.35
Saccade L	1	21	19066586469	19066642459	55990	421.37	426.93	922.96	352.20	11.79	401.10	0.36	210.62	17894.56	-14888.36	11208.04
Saccade R	1	21	19066586469	19066642459	55990	421.37	426.93	922.96	352.20	11.79	401.10	0.36	210.62	17894.56	-14888.36	11208.04
Fixation L	1	21	19066642459	19066944586	302127	933.82	350.04	18	12	-1	14.85	14.85
Fixation R	1	21	19066642459	19066944586	302127	933.82	350.04	18	12	-1	14.43	14.43
Saccade L	1	22	19066944586	19066974576	29990	938.73	348.85	873.91	371.62	1.47	91.67	0.40	49.03	3627.35	-3544.94	2546.89
Saccade R	1	22	19066944586	19066974576	29990	938.73	348.85	873.91	371.62	1.47	91.67	0.40	49.03	3627.35	-3544.94	2546.89
Fixation L	1	22	19066974576	19067154697	180121	878.10	366.42	24	17	-1	14.62	14.62
Fixation R	1	22	19066974576	19067154697	180121	878.10	366.42	24	17	-1	14.28	14.28
Saccade L	1	23	19067154697	19067214734	60037	877.36	359.12	395.05	461.47	11.12	350.59	0.27	185.26	15379.22	-9533.33	8051.02
Saccade R	1	23	19067154697	19067214734	60037	877.36	359.12	395.05	461.47	11.12	350.59	0.27	185.26	15379.22	-9533.33	8051.02
Fixation L	1	23	19067214734	19068033678	818944	400.03	454.62	21	29	-1	14.45	14.45
Fixation R	1	23	19067214734	19068033678	818944	400.03	454.62	21	29	-1	13.99	13.99
UserEvent	1	99	19067262019	# Message: UE-mouseclick left x=415 y=435
UserEvent	1	111	19067926077	# Message: UE-mouseclick left x=418 y=536
