[BeGaze]
Converted from:	C:\Program Files\SMI\Experiment Suite 360\Experiment Center 2\Results\RC-Attachment-Exp\P05-eye_data.idf
Date:	18.03.2012 20:05:36
Version:	BeGaze 3.0.181
Sample Rate:	500
Subject:	P05
Description:	Kibrisli

Table Header for Fixations:
Event Type	Trial	Number	Start	End	Duration	Location X	Location Y	Dispersion X	Dispersion Y	Plane	Avg. Pupil Size X	Avg. Pupil Size Y

Table Header for Saccades:
Event Type	Trial	Number	Start	End	Duration	Start Loc.X	Start Loc.Y	End Loc.X	End Loc.Y	Amplitude	Peak Speed	Peak Speed At	Average Speed	Peak Accel.	Peak Decel.	Average Accel.

Table Header for Blinks:
Event Type	Trial	Number	Start	End	Duration

Table Header for User Events:
Event Type	Trial	Number	Start	Description

UserEvent	1	1	5885358202	# Message: RC-nonforced-nonanim-1.jpg
Fixation L	1	1	5885361476	5885623695	262219	501.87	450.35	22	12	-1	13.86	13.86
Fixation R	1	1	5885361476	5885623695	262219	501.87	450.35	22	12	-1	14.75	14.75
Saccade L	1	1	5885623695	5885655692	31997	498.02	448.89	552.21	444.62	1.19	73.15	0.44	37.17	2982.82	-2804.95	2073.29
Saccade R	1	1	5885623695	5885655692	31997	498.02	448.89	552.21	444.62	1.19	73.15	0.44	37.17	2982.82	-2804.95	2073.29
Fixation L	1	2	5885655692	5885821924	166232	542.02	446.05	19	9	-1	13.93	13.93
Fixation R	1	2	5885655692	5885821924	166232	542.02	446.05	19	9	-1	14.76	14.76
Saccade L	1	2	5885821924	5885849823	27899	545.81	449.79	591.03	447.11	0.96	60.82	0.43	34.37	2324.10	-2328.65	1681.96
Saccade R	1	2	5885821924	5885849823	27899	545.81	449.79	591.03	447.11	0.96	60.82	0.43	34.37	2324.10	-2328.65	1681.96
Fixation L	1	3	5885849823	5886244417	394594	600.86	453.62	42	20	-1	13.98	13.98
Fixation R	1	3	5885849823	5886244417	394594	600.86	453.62	42	20	-1	15.12	15.12
Saccade L	1	3	5886244417	5886275356	30939	603.47	458.07	671.30	456.28	1.51	93.99	0.50	48.95	3797.51	-3958.86	2814.24
Saccade R	1	3	5886244417	5886275356	30939	603.47	458.07	671.30	456.28	1.51	93.99	0.50	48.95	3797.51	-3958.86	2814.24
Fixation L	1	4	5886275356	5886430058	154702	684.48	449.37	28	18	-1	14.77	14.77
Fixation R	1	4	5886275356	5886430058	154702	684.48	449.37	28	18	-1	15.66	15.66
Saccade L	1	4	5886430058	5886460072	30014	677.50	447.01	735.18	444.26	1.20	69.48	0.47	40.08	2871.77	-2697.57	2030.13
Saccade R	1	4	5886430058	5886460072	30014	677.50	447.01	735.18	444.26	1.20	69.48	0.47	40.08	2871.77	-2697.57	2030.13
Fixation L	1	5	5886460072	5886708169	248097	742.90	449.44	24	24	-1	15.45	15.45
Fixation R	1	5	5886460072	5886708169	248097	742.90	449.44	24	24	-1	16.14	16.14
Saccade L	1	5	5886708169	5886736189	28020	739.67	463.53	817.84	461.35	1.70	123.76	0.64	60.81	4912.01	-4555.06	3330.62
Saccade R	1	5	5886708169	5886736189	28020	739.67	463.53	817.84	461.35	1.70	123.76	0.64	60.81	4912.01	-4555.06	3330.62
Fixation L	1	6	5886736189	5887086292	350103	809.30	455.40	30	28	-1	15.59	15.59
Fixation R	1	6	5886736189	5887086292	350103	809.30	455.40	30	28	-1	16.32	16.32
Saccade L	1	6	5887086292	5887112297	26005	808.14	466.43	881.57	458.65	1.68	123.89	0.46	64.73	4827.72	-4732.59	3419.24
Saccade R	1	6	5887086292	5887112297	26005	808.14	466.43	881.57	458.65	1.68	123.89	0.46	64.73	4827.72	-4732.59	3419.24
Fixation L	1	7	5887112297	5887420554	308257	887.41	454.96	25	12	-1	15.52	15.52
Fixation R	1	7	5887112297	5887420554	308257	887.41	454.96	25	12	-1	16.18	16.18
Saccade L	1	7	5887420554	5887450535	29981	888.29	457.44	989.55	463.48	2.18	141.61	0.53	72.80	5851.14	-5991.36	4317.68
Saccade R	1	7	5887420554	5887450535	29981	888.29	457.44	989.55	463.48	2.18	141.61	0.53	72.80	5851.14	-5991.36	4317.68
Fixation L	1	8	5887450535	5887910653	460118	1005.32	459.40	59	20	-1	15.72	15.72
Fixation R	1	8	5887450535	5887910653	460118	1005.32	459.40	59	20	-1	16.23	16.23
Saccade L	1	8	5887910653	5887944780	34127	1033.79	456.58	1094.27	461.91	1.29	66.53	0.37	37.68	2765.37	-2316.98	1796.39
Saccade R	1	8	5887910653	5887944780	34127	1033.79	456.58	1094.27	461.91	1.29	66.53	0.37	37.68	2765.37	-2316.98	1796.39
Fixation L	1	9	5887944780	5888046866	102086	1085.76	456.44	19	15	-1	15.34	15.34
Fixation R	1	9	5887944780	5888046866	102086	1085.76	456.44	19	15	-1	16.06	16.06
Saccade L	1	9	5888046866	5888072783	25917	1079.79	455.54	1131.37	456.08	1.17	87.34	0.54	45.02	3344.79	-3444.59	2411.67
Saccade R	1	9	5888046866	5888072783	25917	1079.79	455.54	1131.37	456.08	1.17	87.34	0.54	45.02	3344.79	-3444.59	2411.67
Fixation L	1	10	5888072783	5888599018	526235	1133.43	463.27	36	17	-1	15.78	15.78
Fixation R	1	10	5888072783	5888599018	526235	1133.43	463.27	36	17	-1	16.20	16.20
Blink L	1	1	5888599018	5888741142	142124
Blink R	1	1	5888599018	5888741142	142124
Saccade L	1	10	5888741142	5888775160	34018	908.46	770.83	836.60	787.09	2.40	176.72	0.30	70.46	3514.61	-4751.63	1781.02
Saccade R	1	10	5888741142	5888775160	34018	908.46	770.83	836.60	787.09	2.40	176.72	0.30	70.46	3514.61	-4751.63	1781.02
Saccade L	1	11	5888845137	5888887179	42042	872.68	869.46	889.23	920.68	1.39	62.48	0.38	32.95	2114.99	-1899.34	1193.44
Saccade R	1	11	5888845137	5888887179	42042	872.68	869.46	889.23	920.68	1.39	62.48	0.38	32.95	2114.99	-1899.34	1193.44
Fixation L	1	11	5888887179	5888995154	107975	872.12	928.35	24	13	-1	16.52	16.52
Fixation R	1	11	5888887179	5888995154	107975	872.12	928.35	24	13	-1	16.91	16.91
Blink L	1	2	5888995154	5889261014	265860
Blink R	1	2	5888995154	5889261014	265860
Saccade L	1	12	5889277379	5889301378	23999	963.74	804.57	920.65	804.41	0.92	80.26	0.52	38.24	1077.02	-1758.30	1248.08
Saccade R	1	12	5889277379	5889301378	23999	963.74	804.57	920.65	804.41	0.92	80.26	0.52	38.24	1077.02	-1758.30	1248.08
Saccade L	1	13	5889305373	5889377380	72007	879.44	795.91	876.24	889.14	2.49	62.53	0.34	34.64	1761.06	-1344.08	817.70
Saccade R	1	13	5889305373	5889377380	72007	879.44	795.91	876.24	889.14	2.49	62.53	0.34	34.64	1761.06	-1344.08	817.70
Fixation L	1	12	5889377380	5889981613	604233	882.47	922.72	37	70	-1	15.03	15.03
Fixation R	1	12	5889377380	5889981613	604233	882.47	922.72	37	70	-1	15.74	15.74
