[BeGaze]
Converted from:	C:\Program Files\SMI\Experiment Suite 360\Experiment Center 2\Results\RC-Attachment-Exp\P22-eye_data.idf
Date:	18.03.2012 20:17:07
Version:	BeGaze 3.0.181
Sample Rate:	500
Subject:	P22
Description:	Run27

Table Header for Fixations:
Event Type	Trial	Number	Start	End	Duration	Location X	Location Y	Dispersion X	Dispersion Y	Plane	Avg. Pupil Size X	Avg. Pupil Size Y

Table Header for Saccades:
Event Type	Trial	Number	Start	End	Duration	Start Loc.X	Start Loc.Y	End Loc.X	End Loc.Y	Amplitude	Peak Speed	Peak Speed At	Average Speed	Peak Accel.	Peak Decel.	Average Accel.

Table Header for Blinks:
Event Type	Trial	Number	Start	End	Duration

Table Header for User Events:
Event Type	Trial	Number	Start	Description

UserEvent	1	1	2132453703	# Message: Dist-orcop-3.jpg
Fixation L	1	1	2132456443	2132914006	457563	519.71	463.04	25	27	-1	8.50	8.50
Fixation R	1	1	2132456443	2132914006	457563	519.71	463.04	25	27	-1	8.58	8.58
Saccade L	1	1	2132914006	2132938004	23998	523.39	461.54	582.28	460.98	1.36	103.15	0.49	56.86	4164.27	-3964.90	2825.53
Saccade R	1	1	2132914006	2132938004	23998	523.39	461.54	582.28	460.98	1.36	103.15	0.49	56.86	4164.27	-3964.90	2825.53
Fixation L	1	2	2132938004	2133055346	117342	580.95	454.22	12	10	-1	8.62	8.62
Fixation R	1	2	2132938004	2133055346	117342	580.95	454.22	12	10	-1	8.86	8.86
Saccade L	1	2	2133055346	2133080045	24699	576.79	459.92	661.87	469.46	1.84	138.40	0.52	74.58	5647.77	-5400.34	3961.29
Saccade R	1	2	2133055346	2133080045	24699	576.79	459.92	661.87	469.46	1.84	138.40	0.52	74.58	5647.77	-5400.34	3961.29
Fixation L	1	3	2133080045	2133308132	228087	674.47	470.55	20	17	-1	8.75	8.75
Fixation R	1	3	2133080045	2133308132	228087	674.47	470.55	20	17	-1	8.76	8.76
Saccade L	1	3	2133308132	2133338116	29984	672.56	467.12	741.97	469.69	1.50	86.83	0.40	50.15	3606.38	-3195.42	2456.71
Saccade R	1	3	2133308132	2133338116	29984	672.56	467.12	741.97	469.69	1.50	86.83	0.40	50.15	3606.38	-3195.42	2456.71
Fixation L	1	4	2133338116	2133500236	162120	747.28	475.19	8	9	-1	8.80	8.80
Fixation R	1	4	2133338116	2133500236	162120	747.28	475.19	8	9	-1	8.80	8.80
Fixation L	1	5	2133520234	2133580244	60010	778.70	466.27	14	14	-1	8.81	8.81
Fixation R	1	5	2133520234	2133580244	60010	778.70	466.27	14	14	-1	8.75	8.75
Saccade L	1	4	2133580244	2133608235	27991	786.10	475.82	840.28	464.77	1.32	81.51	0.50	47.20	2938.89	-2977.26	2108.85
Saccade R	1	4	2133580244	2133608235	27991	786.10	475.82	840.28	464.77	1.32	81.51	0.50	47.20	2938.89	-2977.26	2108.85
Fixation L	1	6	2133608235	2133752344	144109	847.10	462.32	13	16	-1	8.65	8.65
Fixation R	1	6	2133608235	2133752344	144109	847.10	462.32	13	16	-1	8.76	8.76
Saccade L	1	5	2133752344	2133780416	28072	846.03	464.76	921.55	462.50	1.71	110.56	0.43	60.76	4408.23	-3882.97	2894.22
Saccade R	1	5	2133752344	2133780416	28072	846.03	464.76	921.55	462.50	1.71	110.56	0.43	60.76	4408.23	-3882.97	2894.22
Fixation L	1	7	2133780416	2134145480	365064	939.77	460.74	38	20	-1	8.44	8.44
Fixation R	1	7	2133780416	2134145480	365064	939.77	460.74	38	20	-1	8.66	8.66
Saccade L	1	6	2134145480	2134172466	26986	958.53	471.48	1026.27	450.86	1.50	101.10	0.41	55.48	4170.14	-3811.08	2852.87
Saccade R	1	6	2134145480	2134172466	26986	958.53	471.48	1026.27	450.86	1.50	101.10	0.41	55.48	4170.14	-3811.08	2852.87
Fixation L	1	8	2134172466	2134307504	135038	1029.12	448.32	7	10	-1	8.32	8.32
Fixation R	1	8	2134172466	2134307504	135038	1029.12	448.32	7	10	-1	8.63	8.63
Saccade L	1	7	2134307504	2134330592	23088	1032.01	448.76	1084.67	448.95	1.13	87.79	0.48	49.04	3584.50	-3100.60	2341.40
Saccade R	1	7	2134307504	2134330592	23088	1032.01	448.76	1084.67	448.95	1.13	87.79	0.48	49.04	3584.50	-3100.60	2341.40
Fixation L	1	9	2134330592	2134563139	232547	1093.98	456.66	13	33	-1	8.25	8.25
Fixation R	1	9	2134330592	2134563139	232547	1093.98	456.66	13	33	-1	8.47	8.47
Saccade L	1	8	2134563139	2134629038	65899	1097.79	457.59	933.34	951.59	11.98	349.01	0.27	181.75	15776.57	-10181.78	8187.85
Saccade R	1	8	2134563139	2134629038	65899	1097.79	457.59	933.34	951.59	11.98	349.01	0.27	181.75	15776.57	-10181.78	8187.85
Fixation L	1	10	2134629038	2135124931	495893	908.19	958.49	44	48	-1	8.92	8.92
Fixation R	1	10	2134629038	2135124931	495893	908.19	958.49	44	48	-1	9.08	9.08
