[BeGaze]
Converted from:	C:\Program Files\SMI\Experiment Suite 360\Experiment Center 2\Results\RC-Attachment-Exp\P13-eye_data.idf
Date:	18.03.2012 20:10:22
Version:	BeGaze 3.0.181
Sample Rate:	500
Subject:	P13
Description:	Run18

Table Header for Fixations:
Event Type	Trial	Number	Start	End	Duration	Location X	Location Y	Dispersion X	Dispersion Y	Plane	Avg. Pupil Size X	Avg. Pupil Size Y

Table Header for Saccades:
Event Type	Trial	Number	Start	End	Duration	Start Loc.X	Start Loc.Y	End Loc.X	End Loc.Y	Amplitude	Peak Speed	Peak Speed At	Average Speed	Peak Accel.	Peak Decel.	Average Accel.

Table Header for Blinks:
Event Type	Trial	Number	Start	End	Duration

Table Header for User Events:
Event Type	Trial	Number	Start	Description

UserEvent	1	1	4797470098	# Message: Dist-srthm-27.jpg
Fixation L	1	1	4797471772	4797753866	282094	496.02	431.88	33	28	-1	13.36	13.36
Fixation R	1	1	4797471772	4797753866	282094	496.02	431.88	33	28	-1	12.62	12.62
Saccade L	1	1	4797753866	4797783884	30018	504.76	435.22	542.92	452.65	0.93	45.46	0.40	30.86	1604.25	-1628.61	1192.25
Saccade R	1	1	4797753866	4797783884	30018	504.76	435.22	542.92	452.65	0.93	45.46	0.40	30.86	1604.25	-1628.61	1192.25
Fixation L	1	2	4797783884	4797915990	132106	545.16	449.86	5	12	-1	13.45	13.45
Fixation R	1	2	4797783884	4797915990	132106	545.16	449.86	5	12	-1	12.82	12.82
Saccade L	1	2	4797915990	4797943985	27995	544.75	444.46	595.14	433.53	1.06	62.41	0.43	38.01	2624.35	-2345.68	1782.83
Saccade R	1	2	4797915990	4797943985	27995	544.75	444.46	595.14	433.53	1.06	62.41	0.43	38.01	2624.35	-2345.68	1782.83
Fixation L	1	3	4797943985	4798048051	104066	600.62	435.77	17	10	-1	13.22	13.22
Fixation R	1	3	4797943985	4798048051	104066	600.62	435.77	17	10	-1	12.61	12.61
Blink L	1	1	4798048051	4798252096	204045
Blink R	1	1	4798048051	4798252096	204045
Saccade L	1	3	4798258100	4798302094	43994	753.81	396.40	677.53	414.87	1.76	69.32	0.55	39.99	1885.70	-2413.12	1396.65
Saccade R	1	3	4798258100	4798302094	43994	753.81	396.40	677.53	414.87	1.76	69.32	0.55	39.99	1885.70	-2413.12	1396.65
Fixation L	1	4	4798302094	4798362100	60006	669.47	431.76	19	26	-1	13.14	13.14
Fixation R	1	4	4798302094	4798362100	60006	669.47	431.76	19	26	-1	12.58	12.58
Saccade L	1	4	4798362100	4798404554	42454	669.82	441.31	795.43	434.44	2.78	139.86	0.38	65.41	5740.72	-5080.27	3626.90
Saccade R	1	4	4798362100	4798404554	42454	669.82	441.31	795.43	434.44	2.78	139.86	0.38	65.41	5740.72	-5080.27	3626.90
Fixation L	1	5	4798404554	4798576212	171658	792.95	430.05	13	10	-1	13.71	13.71
Fixation R	1	5	4798404554	4798576212	171658	792.95	430.05	13	10	-1	13.07	13.07
Saccade L	1	5	4798576212	4798608215	32003	792.20	428.80	845.80	456.56	1.29	63.50	0.38	40.28	2612.89	-2376.01	1811.45
Saccade R	1	5	4798576212	4798608215	32003	792.20	428.80	845.80	456.56	1.29	63.50	0.38	40.28	2612.89	-2376.01	1811.45
Fixation L	1	6	4798608215	4798806355	198140	851.43	447.52	25	22	-1	14.09	14.09
Fixation R	1	6	4798608215	4798806355	198140	851.43	447.52	25	22	-1	13.36	13.36
Saccade L	1	6	4798806355	4798834371	28016	845.80	441.30	905.15	445.45	1.29	80.59	0.43	46.09	3256.60	-3119.27	2305.17
Saccade R	1	6	4798806355	4798834371	28016	845.80	441.30	905.15	445.45	1.29	80.59	0.43	46.09	3256.60	-3119.27	2305.17
Fixation L	1	7	4798834371	4799142451	308080	915.53	453.17	24	38	-1	13.97	13.97
Fixation R	1	7	4798834371	4799142451	308080	915.53	453.17	24	38	-1	13.23	13.23
Saccade L	1	7	4799142451	4799168477	26026	916.23	460.61	847.46	466.35	1.47	103.24	0.46	56.54	4147.90	-3911.99	2921.43
Saccade R	1	7	4799142451	4799168477	26026	916.23	460.61	847.46	466.35	1.47	103.24	0.46	56.54	4147.90	-3911.99	2921.43
Fixation L	1	8	4799168477	4799368593	200116	849.40	453.91	21	33	-1	14.10	14.10
Fixation R	1	8	4799168477	4799368593	200116	849.40	453.91	21	33	-1	13.29	13.29
Saccade L	1	8	4799368593	4799410906	42313	852.09	464.02	969.94	443.62	2.70	139.72	0.33	63.73	5864.11	-4819.47	3325.49
Saccade R	1	8	4799368593	4799410906	42313	852.09	464.02	969.94	443.62	2.70	139.72	0.33	63.73	5864.11	-4819.47	3325.49
Fixation L	1	9	4799410906	4799792868	381962	997.47	443.01	75	43	-1	14.62	14.62
Fixation R	1	9	4799410906	4799792868	381962	997.47	443.01	75	43	-1	13.88	13.88
Saccade L	1	9	4799792868	4799832835	39967	1009.75	471.93	1072.27	441.94	2.08	120.89	0.35	51.98	4550.32	-3812.77	2519.69
Saccade R	1	9	4799792868	4799832835	39967	1009.75	471.93	1072.27	441.94	2.08	120.89	0.35	51.98	4550.32	-3812.77	2519.69
Fixation L	1	10	4799832835	4799986796	153961	1077.59	439.53	28	21	-1	14.81	14.81
Fixation R	1	10	4799832835	4799986796	153961	1077.59	439.53	28	21	-1	14.19	14.19
Saccade L	1	10	4799986796	4800014928	28132	1096.20	445.07	1140.79	451.16	1.01	53.78	0.43	35.84	2110.69	-1769.58	1379.23
Saccade R	1	10	4799986796	4800014928	28132	1096.20	445.07	1140.79	451.16	1.01	53.78	0.43	35.84	2110.69	-1769.58	1379.23
Fixation L	1	11	4800014928	4800198916	183988	1143.72	435.33	28	32	-1	14.39	14.39
Fixation R	1	11	4800014928	4800198916	183988	1143.72	435.33	28	32	-1	13.87	13.87
Saccade L	1	11	4800198916	4800252929	54013	1142.09	429.37	731.13	431.97	9.21	336.11	0.29	170.44	14397.49	-8189.67	7992.32
Saccade R	1	11	4800198916	4800252929	54013	1142.09	429.37	731.13	431.97	9.21	336.11	0.29	170.44	14397.49	-8189.67	7992.32
Fixation L	1	12	4800252929	4800451199	198270	730.78	440.56	14	14	-1	14.30	14.30
Fixation R	1	12	4800252929	4800451199	198270	730.78	440.56	14	14	-1	13.54	13.54
Saccade L	1	12	4800451199	4800473035	21836	726.09	434.83	688.92	443.49	0.77	51.47	0.46	35.14	2218.23	-1662.92	1343.74
Saccade R	1	12	4800451199	4800473035	21836	726.09	434.83	688.92	443.49	0.77	51.47	0.46	35.14	2218.23	-1662.92	1343.74
Fixation L	1	13	4800473035	4800767175	294140	694.09	424.81	22	33	-1	14.46	14.46
Fixation R	1	13	4800473035	4800767175	294140	694.09	424.81	22	33	-1	13.60	13.60
Saccade L	1	13	4800767175	4800809185	42010	680.70	426.16	816.26	440.06	2.99	172.97	0.38	71.28	7328.44	-6547.64	4422.50
Saccade R	1	13	4800767175	4800809185	42010	680.70	426.16	816.26	440.06	2.99	172.97	0.38	71.28	7328.44	-6547.64	4422.50
Fixation L	1	14	4800809185	4800907273	98088	817.10	453.51	9	23	-1	14.61	14.61
Fixation R	1	14	4800809185	4800907273	98088	817.10	453.51	9	23	-1	13.78	13.78
Blink L	1	2	4800907273	4801119399	212126
Blink R	1	2	4800907273	4801119399	212126
Fixation L	1	15	4801119399	4801208113	88714	854.75	425.07	21	33	-1	14.41	14.41
Fixation R	1	15	4801119399	4801208113	88714	854.75	425.07	21	33	-1	13.60	13.60
Saccade L	1	14	4801208113	4801253747	45634	863.01	438.67	959.12	430.18	2.42	120.53	0.42	53.03	4326.18	-4122.63	2752.16
Saccade R	1	14	4801208113	4801253747	45634	863.01	438.67	959.12	430.18	2.42	120.53	0.42	53.03	4326.18	-4122.63	2752.16
Fixation L	1	16	4801253747	4801444315	190568	964.60	462.94	35	55	-1	15.08	15.08
Fixation R	1	16	4801253747	4801444315	190568	964.60	462.94	35	55	-1	14.17	14.17
Saccade L	1	15	4801444315	4801487504	43189	969.64	478.33	1072.81	460.36	2.30	102.56	0.31	53.37	4028.42	-2752.87	2270.85
Saccade R	1	15	4801444315	4801487504	43189	969.64	478.33	1072.81	460.36	2.30	102.56	0.31	53.37	4028.42	-2752.87	2270.85
Fixation L	1	17	4801487504	4801641631	154127	1072.08	452.15	14	16	-1	14.88	14.88
Fixation R	1	17	4801487504	4801641631	154127	1072.08	452.15	14	16	-1	13.80	13.80
Saccade L	1	16	4801641631	4801667630	25999	1072.72	454.11	1146.81	434.25	1.91	143.90	0.56	73.36	5729.34	-5370.56	3851.74
Saccade R	1	16	4801641631	4801667630	25999	1072.72	454.11	1146.81	434.25	1.91	143.90	0.56	73.36	5729.34	-5370.56	3851.74
Fixation L	1	18	4801667630	4801747623	79993	1140.99	451.16	18	31	-1	14.21	14.21
Fixation R	1	18	4801667630	4801747623	79993	1140.99	451.16	18	31	-1	13.27	13.27
Saccade L	1	17	4801855621	4801894581	38960	850.62	926.53	900.64	943.36	1.21	47.77	0.31	31.06	1816.71	-1320.09	1053.25
Saccade R	1	17	4801855621	4801894581	38960	850.62	926.53	900.64	943.36	1.21	47.77	0.31	31.06	1816.71	-1320.09	1053.25
Saccade L	1	18	4801927617	4801978886	51269	923.25	937.00	861.79	951.14	1.60	52.44	0.20	31.18	1608.61	-1140.58	637.76
Saccade R	1	18	4801927617	4801978886	51269	923.25	937.00	861.79	951.14	1.60	52.44	0.20	31.18	1608.61	-1140.58	637.76
Fixation L	1	19	4801978886	4802168000	189114	853.40	969.27	53	39	-1	14.75	14.75
Fixation R	1	19	4801978886	4802168000	189114	853.40	969.27	53	39	-1	13.51	13.51
Saccade L	1	19	4802168000	4802201862	33862	826.10	976.69	874.69	941.07	1.24	58.86	0.35	36.63	1810.56	-1648.59	1325.46
Saccade R	1	19	4802168000	4802201862	33862	826.10	976.69	874.69	941.07	1.24	58.86	0.35	36.63	1810.56	-1648.59	1325.46
Fixation L	1	20	4802201862	4802317860	115998	865.41	947.70	27	34	-1	14.59	14.59
Fixation R	1	20	4802201862	4802317860	115998	865.41	947.70	27	34	-1	13.42	13.42
