[BeGaze]
Converted from:	C:\Program Files\SMI\Experiment Suite 360\Experiment Center 2\Results\RC-Attachment-Exp\P19-eye_data.idf
Date:	18.03.2012 20:14:29
Version:	BeGaze 3.0.181
Sample Rate:	500
Subject:	P19
Description:	Run24

Table Header for Fixations:
Event Type	Trial	Number	Start	End	Duration	Location X	Location Y	Dispersion X	Dispersion Y	Plane	Avg. Pupil Size X	Avg. Pupil Size Y

Table Header for Saccades:
Event Type	Trial	Number	Start	End	Duration	Start Loc.X	Start Loc.Y	End Loc.X	End Loc.Y	Amplitude	Peak Speed	Peak Speed At	Average Speed	Peak Accel.	Peak Decel.	Average Accel.

Table Header for Blinks:
Event Type	Trial	Number	Start	End	Duration

Table Header for User Events:
Event Type	Trial	Number	Start	Description

UserEvent	1	1	18006701993	# Message: Dist-orcop-3.jpg
Fixation L	1	1	18006725441	18007275660	550219	514.55	444.40	30	51	-1	13.34	13.34
Fixation R	1	1	18006725441	18007275660	550219	514.55	444.40	30	51	-1	13.52	13.52
Saccade L	1	1	18007275660	18007307674	32014	508.39	455.38	578.70	443.09	1.63	92.76	0.56	50.82	3536.37	-3653.06	2517.82
Saccade R	1	1	18007275660	18007307674	32014	508.39	455.38	578.70	443.09	1.63	92.76	0.56	50.82	3536.37	-3653.06	2517.82
Fixation L	1	2	18007307674	18007441779	134105	588.25	440.71	26	20	-1	13.21	13.21
Fixation R	1	2	18007307674	18007441779	134105	588.25	440.71	26	20	-1	13.28	13.28
Blink L	1	1	18007441779	18007519876	78097
Blink R	1	1	18007441779	18007519876	78097
Saccade L	1	2	18007529790	18007555795	26005	584.58	450.85	721.72	447.46	2.39	175.89	0.62	92.09	6890.39	-5123.45	3936.64
Saccade R	1	2	18007529790	18007555795	26005	584.58	450.85	721.72	447.46	2.39	175.89	0.62	92.09	6890.39	-5123.45	3936.64
Saccade L	1	3	18007643933	18007701893	57960	666.92	432.31	666.37	452.41	4.67	174.15	0.55	80.58	6244.90	-6004.84	2631.24
Saccade R	1	3	18007643933	18007701893	57960	666.92	432.31	666.37	452.41	4.67	174.15	0.55	80.58	6244.90	-6004.84	2631.24
Saccade L	1	4	18007715913	18007795998	80085	663.99	458.65	756.26	421.69	7.19	259.38	0.40	89.76	5408.06	-6421.25	3277.60
Saccade R	1	4	18007715913	18007795998	80085	663.99	458.65	756.26	421.69	7.19	259.38	0.40	89.76	5408.06	-6421.25	3277.60
Saccade L	1	5	18007815920	18007847890	31970	762.72	428.92	649.23	427.02	2.85	175.67	0.63	89.08	6861.80	-6486.73	4782.75
Saccade R	1	5	18007815920	18007847890	31970	762.72	428.92	649.23	427.02	2.85	175.67	0.63	89.08	6861.80	-6486.73	4782.75
Saccade L	1	6	18007865891	18007968514	102623	648.04	413.06	842.99	396.42	9.92	198.58	0.66	96.62	6478.93	-6960.97	3193.68
Saccade R	1	6	18007865891	18007968514	102623	648.04	413.06	842.99	396.42	9.92	198.58	0.66	96.62	6478.93	-6960.97	3193.68
Fixation L	1	3	18007968514	18008050046	81532	840.33	410.39	17	31	-1	13.27	13.27
Fixation R	1	3	18007968514	18008050046	81532	840.33	410.39	17	31	-1	13.36	13.36
Saccade L	1	7	18008050046	18008084001	33955	827.54	421.89	794.64	440.28	1.04	44.64	0.47	30.65	1435.54	-1116.72	929.12
Saccade R	1	7	18008050046	18008084001	33955	827.54	421.89	794.64	440.28	1.04	44.64	0.47	30.65	1435.54	-1116.72	929.12
Saccade L	1	8	18008100033	18008154121	54088	802.85	447.96	916.41	414.33	23.93	898.87	0.22	442.48	34432.38	-25846.42	17402.34
Saccade R	1	8	18008100033	18008154121	54088	802.85	447.96	916.41	414.33	23.93	898.87	0.22	442.48	34432.38	-25846.42	17402.34
Fixation L	1	4	18008154121	18008298131	144010	911.98	443.22	28	50	-1	13.23	13.23
Fixation R	1	4	18008154121	18008298131	144010	911.98	443.22	28	50	-1	13.30	13.30
Saccade L	1	9	18008384597	18008410252	25655	915.36	437.23	989.34	450.84	2.01	154.69	0.29	78.47	5431.65	-6096.21	3921.93
Saccade R	1	9	18008384597	18008410252	25655	915.36	437.23	989.34	450.84	2.01	154.69	0.29	78.47	5431.65	-6096.21	3921.93
Saccade L	1	10	18008434242	18008468282	34040	995.18	446.03	1095.51	529.10	3.14	174.55	0.48	92.18	6475.01	-5470.03	4606.72
Saccade R	1	10	18008434242	18008468282	34040	995.18	446.03	1095.51	529.10	3.14	174.55	0.48	92.18	6475.01	-5470.03	4606.72
Saccade L	1	11	18008508302	18008538263	29961	1091.17	472.12	999.54	482.15	2.40	170.59	0.53	80.19	5433.18	-6027.97	3869.89
Saccade R	1	11	18008508302	18008538263	29961	1091.17	472.12	999.54	482.15	2.40	170.59	0.53	80.19	5433.18	-6027.97	3869.89
Fixation L	1	5	18008538263	18008702371	164108	994.26	484.56	30	26	-1	13.26	13.26
Fixation R	1	5	18008538263	18008702371	164108	994.26	484.56	30	26	-1	13.43	13.43
Saccade L	1	12	18008774385	18008798353	23968	1017.85	528.54	971.41	465.10	1.61	122.90	0.42	67.09	3549.83	-4457.87	2862.01
Saccade R	1	12	18008774385	18008798353	23968	1017.85	528.54	971.41	465.10	1.61	122.90	0.42	67.09	3549.83	-4457.87	2862.01
Saccade L	1	13	18008828397	18008870404	42007	956.12	468.96	1062.75	457.81	2.55	147.23	0.71	60.67	37269.70	-928.84	6944.43
Saccade R	1	13	18008828397	18008870404	42007	956.12	468.96	1062.75	457.81	2.55	147.23	0.71	60.67	37269.70	-928.84	6944.43
Blink L	1	2	18008870404	18008948466	78062
Blink R	1	2	18008870404	18008948466	78062
Fixation L	1	6	18008948466	18009056567	108101	1074.95	462.16	38	29	-1	13.30	13.30
Fixation R	1	6	18008948466	18009056567	108101	1074.95	462.16	38	29	-1	13.41	13.41
Saccade L	1	14	18009107562	18009140463	32901	1077.77	466.85	1158.72	432.28	2.03	135.30	0.33	61.77	4496.48	-4062.26	2800.60
Saccade R	1	14	18009107562	18009140463	32901	1077.77	466.85	1158.72	432.28	2.03	135.30	0.33	61.77	4496.48	-4062.26	2800.60
Fixation L	1	7	18009169400	18009290579	121179	1159.47	452.70	53	18	-1	13.31	13.31
Fixation R	1	7	18009169400	18009290579	121179	1159.47	452.70	53	18	-1	13.45	13.45
Saccade L	1	15	18009290579	18009316600	26021	1163.34	448.52	1077.07	443.67	1.81	132.45	0.46	69.73	4952.96	-5240.05	3640.21
Saccade R	1	15	18009290579	18009316600	26021	1163.34	448.52	1077.07	443.67	1.81	132.45	0.46	69.73	4952.96	-5240.05	3640.21
Fixation L	1	8	18009316600	18009558705	242105	1084.85	452.95	30	30	-1	13.31	13.31
Fixation R	1	8	18009316600	18009558705	242105	1084.85	452.95	30	30	-1	13.37	13.37
Saccade L	1	16	18009558705	18009666703	107998	1071.00	440.45	894.21	813.74	26.36	934.20	0.35	244.04	21817.68	-38839.16	11431.36
Saccade R	1	16	18009558705	18009666703	107998	1071.00	440.45	894.21	813.74	26.36	934.20	0.35	244.04	21817.68	-38839.16	11431.36
Saccade L	1	17	18009676701	18009706687	29986	896.23	814.68	1000.46	813.10	2.43	160.59	0.40	81.04	6315.35	-5969.95	4367.52
Saccade R	1	17	18009676701	18009706687	29986	896.23	814.68	1000.46	813.10	2.43	160.59	0.40	81.04	6315.35	-5969.95	4367.52
Saccade L	1	18	18009713553	18009752821	39268	998.94	809.32	962.49	932.99	2.72	127.62	0.39	69.37	5188.05	-4712.57	3441.45
Saccade R	1	18	18009713553	18009752821	39268	998.94	809.32	962.49	932.99	2.72	127.62	0.39	69.37	5188.05	-4712.57	3441.45
Blink L	1	3	18009772857	18009810810	37953
Blink R	1	3	18009772857	18009810810	37953
Fixation L	1	9	18009810810	18009906830	96020	948.68	936.16	14	28	-1	13.89	13.89
Fixation R	1	9	18009810810	18009906830	96020	948.68	936.16	14	28	-1	13.91	13.91
Saccade L	1	19	18009970826	18010006802	35976	955.98	925.22	913.02	958.48	1.36	56.90	0.39	37.87	1765.77	-1439.46	1042.17
Saccade R	1	19	18009970826	18010006802	35976	955.98	925.22	913.02	958.48	1.36	56.90	0.39	37.87	1765.77	-1439.46	1042.17
Saccade L	1	20	18010006802	18010052795	45993	913.02	958.48	939.03	902.68	1.53	45.04	0.65	33.23	610.58	-1586.04	574.88
Saccade R	1	20	18010006802	18010052795	45993	913.02	958.48	939.03	902.68	1.53	45.04	0.65	33.23	610.58	-1586.04	574.88
Fixation L	1	10	18010052795	18010164920	112125	931.33	930.85	20	53	-1	13.72	13.72
Fixation R	1	10	18010052795	18010164920	112125	931.33	930.85	20	53	-1	13.84	13.84
Saccade L	1	21	18010164920	18010194053	29133	932.44	947.90	892.13	922.71	1.07	55.86	0.48	36.86	1960.70	-2204.33	1506.92
Saccade R	1	21	18010164920	18010194053	29133	932.44	947.90	892.13	922.71	1.07	55.86	0.48	36.86	1960.70	-2204.33	1506.92
Fixation L	1	11	18010194053	18010341036	146983	818.31	838.84	929	939	-1	12.45	12.45
Fixation R	1	11	18010194053	18010341036	146983	818.31	838.84	929	939	-1	12.42	12.42
Saccade L	1	22	18010341036	18010379034	37998	928.68	939.28	924.15	938.93	40.30	2120.57	0.32	1060.48	78060.93	-21966.32	24083.91
Saccade R	1	22	18010341036	18010379034	37998	928.68	939.28	924.15	938.93	40.30	2120.57	0.32	1060.48	78060.93	-21966.32	24083.91
Blink L	1	4	18010379034	18010429240	50206
Blink R	1	4	18010379034	18010429240	50206
Saccade L	1	23	18010479056	18010501755	22699	929.93	934.83	883.47	948.06	0.86	59.20	0.53	38.05	1960.09	-1095.39	1135.16
Saccade R	1	23	18010479056	18010501755	22699	929.93	934.83	883.47	948.06	0.86	59.20	0.53	38.05	1960.09	-1095.39	1135.16
Blink L	1	5	18010545045	18010615147	70102
Blink R	1	5	18010545045	18010615147	70102
Fixation L	1	12	18010615147	18010711150	96003	909.82	951.01	15	17	-1	14.14	14.14
Fixation R	1	12	18010615147	18010711150	96003	909.82	951.01	15	17	-1	14.14	14.14
Saccade L	1	24	18010711150	18010739152	28002	905.77	958.12	929.10	925.79	1.01	65.32	0.43	36.00	2127.19	-2023.14	1425.20
Saccade R	1	24	18010711150	18010739152	28002	905.77	958.12	929.10	925.79	1.01	65.32	0.43	36.00	2127.19	-2023.14	1425.20
Fixation L	1	13	18010739152	18011007270	268118	909.81	928.95	42	27	-1	14.26	14.26
Fixation R	1	13	18010739152	18011007270	268118	909.81	928.95	42	27	-1	14.16	14.16
Saccade L	1	25	18011007270	18011043306	36036	894.51	921.29	907.15	931.85	25.42	1261.71	0.61	705.42	54165.48	-55093.11	40415.11
Saccade R	1	25	18011007270	18011043306	36036	894.51	921.29	907.15	931.85	25.42	1261.71	0.61	705.42	54165.48	-55093.11	40415.11
Fixation L	1	14	18011043306	18011121389	78083	921.85	934.36	26	7	-1	14.41	14.41
Fixation R	1	14	18011043306	18011121389	78083	921.85	934.36	26	7	-1	14.37	14.37
