[BeGaze]
Converted from:	C:\Program Files\SMI\Experiment Suite 360\Experiment Center 2\Results\RC-Attachment-Exp\P08-eye_data.idf
Date:	18.03.2012 20:07:23
Version:	BeGaze 3.0.181
Sample Rate:	500
Subject:	P08
Description:	Run13

Table Header for Fixations:
Event Type	Trial	Number	Start	End	Duration	Location X	Location Y	Dispersion X	Dispersion Y	Plane	Avg. Pupil Size X	Avg. Pupil Size Y

Table Header for Saccades:
Event Type	Trial	Number	Start	End	Duration	Start Loc.X	Start Loc.Y	End Loc.X	End Loc.Y	Amplitude	Peak Speed	Peak Speed At	Average Speed	Peak Accel.	Peak Decel.	Average Accel.

Table Header for Blinks:
Event Type	Trial	Number	Start	End	Duration

Table Header for User Events:
Event Type	Trial	Number	Start	Description

UserEvent	1	1	12072737502	# Message: RC-N2forced-nonanim-5.jpg
Fixation L	1	1	12072741487	12073389511	648024	506.33	475.14	25	34	-1	13.95	13.95
Fixation R	1	1	12072741487	12073389511	648024	506.33	475.14	25	34	-1	13.29	13.29
Saccade L	1	1	12073389511	12073415505	25994	497.47	467.74	539.93	478.58	0.94	53.95	0.54	36.29	1949.47	-2208.44	1454.36
Saccade R	1	1	12073389511	12073415505	25994	497.47	467.74	539.93	478.58	0.94	53.95	0.54	36.29	1949.47	-2208.44	1454.36
Fixation L	1	2	12073415505	12073737625	322120	548.45	474.44	37	45	-1	13.14	13.14
Fixation R	1	2	12073415505	12073737625	322120	548.45	474.44	37	45	-1	12.55	12.55
Saccade L	1	2	12073737625	12073767752	30127	549.73	469.40	617.91	499.72	1.63	104.89	0.40	54.23	4072.49	-3996.33	2819.32
Saccade R	1	2	12073737625	12073767752	30127	549.73	469.40	617.91	499.72	1.63	104.89	0.40	54.23	4072.49	-3996.33	2819.32
Fixation L	1	3	12073767752	12073943790	176038	614.75	482.79	15	29	-1	13.13	13.13
Fixation R	1	3	12073767752	12073943790	176038	614.75	482.79	15	29	-1	12.44	12.44
Saccade L	1	3	12073943790	12073969744	25954	613.38	487.96	697.44	485.62	1.77	120.29	0.46	68.30	4813.43	-4713.98	3390.16
Saccade R	1	3	12073943790	12073969744	25954	613.38	487.96	697.44	485.62	1.77	120.29	0.46	68.30	4813.43	-4713.98	3390.16
Fixation L	1	4	12073969744	12074169865	200121	699.93	491.56	22	42	-1	13.18	13.18
Fixation R	1	4	12073969744	12074169865	200121	699.93	491.56	22	42	-1	12.58	12.58
Saccade L	1	4	12074169865	12074196072	26207	688.90	493.88	761.40	506.18	1.56	112.52	0.46	59.52	4653.86	-4468.03	3273.36
Saccade R	1	4	12074169865	12074196072	26207	688.90	493.88	761.40	506.18	1.56	112.52	0.46	59.52	4653.86	-4468.03	3273.36
Fixation L	1	5	12074196072	12074313863	117791	746.02	506.96	36	10	-1	13.32	13.32
Fixation R	1	5	12074196072	12074313863	117791	746.02	506.96	36	10	-1	12.59	12.59
Saccade L	1	5	12074313863	12074335990	22127	744.44	501.44	803.36	494.34	1.18	93.22	0.46	53.18	3327.51	-3597.44	2292.93
Saccade R	1	5	12074313863	12074335990	22127	744.44	501.44	803.36	494.34	1.18	93.22	0.46	53.18	3327.51	-3597.44	2292.93
Fixation L	1	6	12074335990	12074492495	156505	801.31	493.49	11	21	-1	13.06	13.06
Fixation R	1	6	12074335990	12074492495	156505	801.31	493.49	11	21	-1	12.43	12.43
Saccade L	1	6	12074492495	12074520057	27562	805.97	503.37	870.92	497.39	1.38	85.04	0.49	49.90	3378.10	-3581.96	2515.01
Saccade R	1	6	12074492495	12074520057	27562	805.97	503.37	870.92	497.39	1.38	85.04	0.49	49.90	3378.10	-3581.96	2515.01
Fixation L	1	7	12074520057	12074676108	156051	872.34	496.27	9	16	-1	12.82	12.82
Fixation R	1	7	12074520057	12074676108	156051	872.34	496.27	9	16	-1	12.36	12.36
Saccade L	1	7	12074676108	12074704198	28090	866.40	493.72	923.20	500.83	1.27	73.78	0.50	45.29	2771.18	-3046.73	2089.22
Saccade R	1	7	12074676108	12074704198	28090	866.40	493.72	923.20	500.83	1.27	73.78	0.50	45.29	2771.18	-3046.73	2089.22
Fixation L	1	8	12074704198	12074890257	186059	930.66	490.08	17	40	-1	12.80	12.80
Fixation R	1	8	12074704198	12074890257	186059	930.66	490.08	17	40	-1	12.43	12.43
Saccade L	1	8	12074890257	12074920225	29968	928.58	466.24	970.48	491.92	1.06	50.99	0.53	35.32	1885.02	-1608.53	1290.60
Saccade R	1	8	12074890257	12074920225	29968	928.58	466.24	970.48	491.92	1.06	50.99	0.53	35.32	1885.02	-1608.53	1290.60
Fixation L	1	9	12074920225	12075050226	130001	976.40	490.39	10	21	-1	13.06	13.06
Fixation R	1	9	12074920225	12075050226	130001	976.40	490.39	10	21	-1	12.53	12.53
Saccade L	1	9	12075050226	12075072227	22001	973.49	487.79	1016.13	487.29	0.94	65.05	0.52	42.62	2800.18	-2643.41	1824.74
Saccade R	1	9	12075050226	12075072227	22001	973.49	487.79	1016.13	487.29	0.94	65.05	0.52	42.62	2800.18	-2643.41	1824.74
Fixation L	1	10	12075072227	12075440470	368243	1021.22	484.29	18	21	-1	13.07	13.07
Fixation R	1	10	12075072227	12075440470	368243	1021.22	484.29	18	21	-1	12.35	12.35
Saccade L	1	10	12075440470	12075482508	42038	1021.27	475.10	1137.22	484.28	2.66	131.03	0.39	63.30	5046.69	-4729.04	3358.62
Saccade R	1	10	12075440470	12075482508	42038	1021.27	475.10	1137.22	484.28	2.66	131.03	0.39	63.30	5046.69	-4729.04	3358.62
Fixation L	1	11	12075482508	12075630464	147956	1127.83	478.71	24	17	-1	12.93	12.93
Fixation R	1	11	12075482508	12075630464	147956	1127.83	478.71	24	17	-1	12.45	12.45
Saccade L	1	11	12075630464	12075711514	81050	1132.59	479.19	949.20	947.14	12.09	276.25	0.40	149.12	11641.52	-6699.92	5621.25
Saccade R	1	11	12075630464	12075711514	81050	1132.59	479.19	949.20	947.14	12.09	276.25	0.40	149.12	11641.52	-6699.92	5621.25
Fixation L	1	12	12075711514	12076188832	477318	924.31	957.70	67	32	-1	13.83	13.83
Fixation R	1	12	12075711514	12076188832	477318	924.31	957.70	67	32	-1	13.58	13.58
