[BeGaze]
Converted from:	C:\Program Files\SMI\Experiment Suite 360\Experiment Center 2\Results\RC-Attachment-Exp\P05-eye_data.idf
Date:	18.03.2012 20:05:54
Version:	BeGaze 3.0.181
Sample Rate:	500
Subject:	P05
Description:	Kibrisli

Table Header for Fixations:
Event Type	Trial	Number	Start	End	Duration	Location X	Location Y	Dispersion X	Dispersion Y	Plane	Avg. Pupil Size X	Avg. Pupil Size Y

Table Header for Saccades:
Event Type	Trial	Number	Start	End	Duration	Start Loc.X	Start Loc.Y	End Loc.X	End Loc.Y	Amplitude	Peak Speed	Peak Speed At	Average Speed	Peak Accel.	Peak Decel.	Average Accel.

Table Header for Blinks:
Event Type	Trial	Number	Start	End	Duration

Table Header for User Events:
Event Type	Trial	Number	Start	Description

UserEvent	1	1	6375505188	# Message: Questionnaire22.jpg
Fixation L	1	1	6375507170	6375643476	136306	93.06	95.95	1002	950	-1	1.70	1.70
Fixation R	1	1	6375507170	6375643476	136306	93.06	95.95	1002	950	-1	1.70	1.70
Fixation L	1	2	6375904737	6375988734	83997	886.24	905.08	27	13	-1	14.37	14.37
Fixation R	1	2	6375904737	6375988734	83997	886.24	905.08	27	13	-1	15.39	15.39
Saccade L	1	1	6375988734	6376072885	84151	900.52	910.93	435.76	399.03	16.39	493.00	0.69	194.77	19120.30	-20102.15	8966.99
Saccade R	1	1	6375988734	6376072885	84151	900.52	910.93	435.76	399.03	16.39	493.00	0.69	194.77	19120.30	-20102.15	8966.99
Fixation L	1	3	6376072885	6376160854	87969	456.31	388.33	31	19	-1	14.60	14.60
Fixation R	1	3	6376072885	6376160854	87969	456.31	388.33	31	19	-1	15.55	15.55
Saccade L	1	2	6376160854	6376232867	72013	464.23	388.19	421.05	358.05	2.53	83.27	0.44	35.20	2280.47	-2129.70	1270.76
Saccade R	1	2	6376160854	6376232867	72013	464.23	388.19	421.05	358.05	2.53	83.27	0.44	35.20	2280.47	-2129.70	1270.76
Fixation L	1	4	6376232867	6376440976	208109	417.27	353.35	22	17	-1	14.21	14.21
Fixation R	1	4	6376232867	6376440976	208109	417.27	353.35	22	17	-1	15.06	15.06
Saccade L	1	3	6376440976	6376474972	33996	430.06	364.60	527.49	362.56	2.19	148.83	0.47	64.54	5877.38	-6096.39	4293.83
Saccade R	1	3	6376440976	6376474972	33996	430.06	364.60	527.49	362.56	2.19	148.83	0.47	64.54	5877.38	-6096.39	4293.83
Fixation L	1	5	6376474972	6376571798	96826	529.67	355.46	17	25	-1	14.19	14.19
Fixation R	1	5	6376474972	6376571798	96826	529.67	355.46	17	25	-1	15.39	15.39
Saccade L	1	4	6376571798	6376599114	27316	520.46	338.11	541.64	371.46	0.78	43.60	0.49	28.45	1360.94	-1468.46	1046.34
Saccade R	1	4	6376571798	6376599114	27316	520.46	338.11	541.64	371.46	0.78	43.60	0.49	28.45	1360.94	-1468.46	1046.34
Fixation L	1	6	6376599114	6376875219	276105	604.32	354.07	655	375	-1	14.18	14.18
Fixation R	1	6	6376599114	6376875219	276105	604.32	354.07	655	375	-1	15.21	15.21
Saccade L	1	5	6376875219	6376909505	34286	642.25	375.37	753.03	378.94	2.57	154.58	0.48	74.88	6415.82	-6431.61	4663.89
Saccade R	1	5	6376875219	6376909505	34286	642.25	375.37	753.03	378.94	2.57	154.58	0.48	74.88	6415.82	-6431.61	4663.89
Fixation L	1	7	6376909505	6377013306	103801	753.33	371.74	13	17	-1	15.05	15.05
Fixation R	1	7	6376909505	6377013306	103801	753.33	371.74	13	17	-1	15.90	15.90
Saccade L	1	6	6377013306	6377049338	36032	756.94	375.40	753.34	383.58	6.98	273.71	0.77	193.59	13418.70	-13069.42	10514.64
Saccade R	1	6	6377013306	6377049338	36032	756.94	375.40	753.34	383.58	6.98	273.71	0.77	193.59	13418.70	-13069.42	10514.64
Saccade L	1	7	6377105589	6377133336	27747	745.32	337.45	751.05	398.44	1.58	119.65	0.35	56.85	16779.43	-3588.09	3101.05
Saccade R	1	7	6377105589	6377133336	27747	745.32	337.45	751.05	398.44	1.58	119.65	0.35	56.85	16779.43	-3588.09	3101.05
Saccade L	1	8	6377133336	6377178270	44934	751.05	398.44	816.60	386.85	17.77	944.91	0.58	395.45	32715.89	-39157.35	26674.13
Saccade R	1	8	6377133336	6377178270	44934	751.05	398.44	816.60	386.85	17.77	944.91	0.58	395.45	32715.89	-39157.35	26674.13
Fixation L	1	8	6377178270	6377237344	59074	820.04	393.71	11	12	-1	15.30	15.30
Fixation R	1	8	6377178270	6377237344	59074	820.04	393.71	11	12	-1	16.11	16.11
Blink L	1	1	6377237344	6377423454	186110
Blink R	1	1	6377237344	6377423454	186110
Saccade L	1	9	6377423454	6377467651	44197	537.39	425.54	458.09	471.44	5.70	224.69	0.63	129.08	9327.51	-10492.73	7681.00
Saccade R	1	9	6377423454	6377467651	44197	537.39	425.54	458.09	471.44	5.70	224.69	0.63	129.08	9327.51	-10492.73	7681.00
Fixation L	1	9	6377467651	6377585451	117800	451.75	471.90	24	20	-1	15.24	15.24
Fixation R	1	9	6377467651	6377585451	117800	451.75	471.90	24	20	-1	15.91	15.91
Saccade L	1	10	6377585451	6377607912	22461	445.32	466.86	412.97	481.99	0.88	70.43	0.65	39.26	2706.44	-1293.87	1561.08
Saccade R	1	10	6377585451	6377607912	22461	445.32	466.86	412.97	481.99	0.88	70.43	0.65	39.26	2706.44	-1293.87	1561.08
Saccade L	1	11	6377607912	6377665812	57900	412.97	481.99	404.43	476.13	5.51	217.19	0.21	95.24	9285.96	-9494.26	6046.41
Saccade R	1	11	6377607912	6377665812	57900	412.97	481.99	404.43	476.13	5.51	217.19	0.21	95.24	9285.96	-9494.26	6046.41
Fixation L	1	10	6377665812	6377903794	237982	399.82	458.67	36	39	-1	15.56	15.56
Fixation R	1	10	6377665812	6377903794	237982	399.82	458.67	36	39	-1	16.23	16.23
Saccade L	1	12	6377903794	6377939699	35905	377.49	454.83	364.16	433.47	0.90	48.67	0.70	25.12	1164.79	-1251.47	698.93
Blink R	1	2	6377903794	6378013699	109905
Fixation L	1	11	6377939699	6377991716	52017	363.61	447.41	27	24	-1	15.04	15.04
Saccade L	1	13	6377991716	6378013699	21983	348.11	457.30	375.46	452.39	0.64	52.37	0.54	28.90	1571.32	-1300.38	1018.20
Fixation L	1	12	6378013699	6378298114	284415	387.56	442.37	26	31	-1	14.94	14.94
Fixation R	1	11	6378013699	6378298114	284415	387.56	442.37	26	31	-1	0.00	0.00
UserEvent	1	69	6378262804	# Message: UE-mouseclick left x=398 y=443
Blink L	1	2	6378298114	6378952425	654311
Blink R	1	3	6378298114	6378952425	654311
Fixation L	1	13	6378952425	6379086941	134516	421.44	549.05	20	23	-1	16.15	16.15
Fixation R	1	12	6378952425	6379086941	134516	421.44	549.05	20	23	-1	16.69	16.69
UserEvent	1	88	6378975801	# Message: UE-mouseclick left x=424 y=519
