[BeGaze]
Converted from:	C:\Program Files\SMI\Experiment Suite 360\Experiment Center 2\Results\RC-Attachment-Exp\P16-eye_data.idf
Date:	18.03.2012 20:12:32
Version:	BeGaze 3.0.181
Sample Rate:	500
Subject:	P16
Description:	Run21

Table Header for Fixations:
Event Type	Trial	Number	Start	End	Duration	Location X	Location Y	Dispersion X	Dispersion Y	Plane	Avg. Pupil Size X	Avg. Pupil Size Y

Table Header for Saccades:
Event Type	Trial	Number	Start	End	Duration	Start Loc.X	Start Loc.Y	End Loc.X	End Loc.Y	Amplitude	Peak Speed	Peak Speed At	Average Speed	Peak Accel.	Peak Decel.	Average Accel.

Table Header for Blinks:
Event Type	Trial	Number	Start	End	Duration

Table Header for User Events:
Event Type	Trial	Number	Start	Description

UserEvent	1	1	1872069781	# Message: RC-N2forced-anim-5.jpg
Saccade L	1	1	1872085496	1872109450	23954	518.46	445.30	477.27	458.29	0.84	49.59	0.37	34.93	1464.81	-1538.04	941.56
Saccade R	1	1	1872085496	1872109450	23954	518.46	445.30	477.27	458.29	0.84	49.59	0.37	34.93	1464.81	-1538.04	941.56
Fixation L	1	1	1872109450	1872367577	258127	493.05	467.22	48	25	-1	10.75	10.75
Fixation R	1	1	1872109450	1872367577	258127	493.05	467.22	48	25	-1	10.78	10.78
Saccade L	1	2	1872367577	1872403557	35980	468.14	468.37	540.43	463.45	1.68	96.33	0.67	46.78	3285.29	-3265.53	2115.51
Saccade R	1	2	1872367577	1872403557	35980	468.14	468.37	540.43	463.45	1.68	96.33	0.67	46.78	3285.29	-3265.53	2115.51
Fixation L	1	2	1872403557	1872581676	178119	533.39	450.39	18	22	-1	10.49	10.49
Fixation R	1	2	1872403557	1872581676	178119	533.39	450.39	18	22	-1	10.76	10.76
Saccade L	1	3	1872581676	1872607673	25997	528.56	442.68	622.49	443.09	1.97	144.91	0.46	75.79	6006.45	-5813.97	4175.70
Saccade R	1	3	1872581676	1872607673	25997	528.56	442.68	622.49	443.09	1.97	144.91	0.46	75.79	6006.45	-5813.97	4175.70
Fixation L	1	3	1872607673	1872785818	178145	622.75	436.15	32	13	-1	10.27	10.27
Fixation R	1	3	1872607673	1872785818	178145	622.75	436.15	32	13	-1	10.43	10.43
Saccade L	1	4	1872785818	1872809833	24015	631.32	437.05	711.91	446.06	1.71	132.22	0.50	71.41	5036.07	-5344.08	3560.78
Saccade R	1	4	1872785818	1872809833	24015	631.32	437.05	711.91	446.06	1.71	132.22	0.50	71.41	5036.07	-5344.08	3560.78
Fixation L	1	4	1872809833	1873059911	250078	718.48	444.28	15	29	-1	10.19	10.19
Fixation R	1	4	1872809833	1873059911	250078	718.48	444.28	15	29	-1	10.27	10.27
Saccade L	1	5	1873059911	1873085905	25994	723.06	443.00	797.67	446.05	1.61	113.96	0.54	61.78	4324.03	-4313.26	3166.78
Saccade R	1	5	1873059911	1873085905	25994	723.06	443.00	797.67	446.05	1.61	113.96	0.54	61.78	4324.03	-4313.26	3166.78
Fixation L	1	5	1873085905	1873346232	260327	793.36	441.91	22	30	-1	9.98	9.98
Fixation R	1	5	1873085905	1873346232	260327	793.36	441.91	22	30	-1	10.16	10.16
Saccade L	1	6	1873346232	1873377979	31747	798.17	432.12	867.25	438.40	1.47	92.75	0.37	46.24	3525.57	-3021.81	2136.09
Saccade R	1	6	1873346232	1873377979	31747	798.17	432.12	867.25	438.40	1.47	92.75	0.37	46.24	3525.57	-3021.81	2136.09
Fixation L	1	6	1873377979	1873436012	58033	869.02	433.96	9	7	-1	9.69	9.69
Fixation R	1	6	1873377979	1873436012	58033	869.02	433.96	9	7	-1	10.10	10.10
Blink L	1	1	1873436012	1873472017	36005
Blink R	1	1	1873436012	1873472017	36005
Fixation L	1	7	1873472017	1873644133	172116	871.74	434.37	13	33	-1	9.56	9.56
Fixation R	1	7	1873472017	1873644133	172116	871.74	434.37	13	33	-1	9.86	9.86
Saccade L	1	7	1873644133	1873666135	22002	875.24	436.91	926.05	428.09	1.20	94.16	0.55	54.51	3598.68	-2966.53	2148.24
Saccade R	1	7	1873644133	1873666135	22002	875.24	436.91	926.05	428.09	1.20	94.16	0.55	54.51	3598.68	-2966.53	2148.24
Fixation L	1	8	1873666135	1873836253	170118	935.50	435.38	25	38	-1	9.46	9.46
Fixation R	1	8	1873666135	1873836253	170118	935.50	435.38	25	38	-1	9.80	9.80
Saccade L	1	8	1873836253	1873862549	26296	949.08	442.37	887.15	441.32	1.25	81.12	0.38	47.72	2374.46	-2835.92	1824.56
Saccade R	1	8	1873836253	1873862549	26296	949.08	442.37	887.15	441.32	1.25	81.12	0.38	47.72	2374.46	-2835.92	1824.56
Fixation L	1	9	1873862549	1874028243	165694	889.26	428.75	11	21	-1	9.38	9.38
Fixation R	1	9	1873862549	1874028243	165694	889.26	428.75	11	21	-1	9.77	9.77
Saccade L	1	9	1874028243	1874061665	33422	893.46	435.92	957.44	448.71	1.52	87.17	0.42	45.52	2845.42	-2994.81	2000.20
Saccade R	1	9	1874028243	1874061665	33422	893.46	435.92	957.44	448.71	1.52	87.17	0.42	45.52	2845.42	-2994.81	2000.20
Fixation L	1	10	1874061665	1874210361	148696	956.83	429.07	9	31	-1	9.27	9.27
Fixation R	1	10	1874061665	1874210361	148696	956.83	429.07	9	31	-1	9.81	9.81
Saccade L	1	10	1874210361	1874234502	24141	957.28	429.39	1007.31	441.39	1.05	70.97	0.51	43.65	2520.53	-2900.85	1894.67
Saccade R	1	10	1874210361	1874234502	24141	957.28	429.39	1007.31	441.39	1.05	70.97	0.51	43.65	2520.53	-2900.85	1894.67
Fixation L	1	11	1874234502	1874286385	51883	1002.02	440.37	9	11	-1	9.29	9.29
Fixation R	1	11	1874234502	1874286385	51883	1002.02	440.37	9	11	-1	9.91	9.91
Blink L	1	2	1874286385	1874316353	29968
Blink R	1	2	1874286385	1874316353	29968
Fixation L	1	12	1874316353	1874380734	64381	1002.12	421.81	6	20	-1	9.33	9.33
Fixation R	1	12	1874316353	1874380734	64381	1002.12	421.81	6	20	-1	9.85	9.85
Saccade L	1	11	1874380734	1874408607	27873	1004.03	437.95	1071.12	442.46	1.49	96.94	0.43	53.33	3174.23	-3685.67	2463.72
Saccade R	1	11	1874380734	1874408607	27873	1004.03	437.95	1071.12	442.46	1.49	96.94	0.43	53.33	3174.23	-3685.67	2463.72
Fixation L	1	13	1874408607	1874584592	175985	1075.82	433.04	10	31	-1	9.26	9.26
Fixation R	1	13	1874408607	1874584592	175985	1075.82	433.04	10	31	-1	9.81	9.81
Saccade L	1	12	1874584592	1874610477	25885	1075.50	423.52	1144.62	437.63	1.46	96.06	0.54	56.49	4058.35	-3868.86	2859.04
Saccade R	1	12	1874584592	1874610477	25885	1075.50	423.52	1144.62	437.63	1.46	96.06	0.54	56.49	4058.35	-3868.86	2859.04
Fixation L	1	14	1874610477	1874918586	308109	1140.44	436.78	24	16	-1	9.13	9.13
Fixation R	1	14	1874610477	1874918586	308109	1140.44	436.78	24	16	-1	9.73	9.73
Saccade L	1	13	1874918586	1874946723	28137	1145.78	435.94	1077.54	445.93	1.54	96.62	0.50	54.89	3537.67	-3947.24	2698.85
Saccade R	1	13	1874918586	1874946723	28137	1145.78	435.94	1077.54	445.93	1.54	96.62	0.50	54.89	3537.67	-3947.24	2698.85
Fixation L	1	15	1874946723	1875074716	127993	1069.50	443.12	24	16	-1	9.14	9.14
Fixation R	1	15	1874946723	1875074716	127993	1069.50	443.12	24	16	-1	9.71	9.71
Blink L	1	3	1875074716	1875179090	104374
Blink R	1	3	1875074716	1875179090	104374
Fixation L	1	16	1875179090	1875371778	192688	910.54	425.72	25	44	-1	9.50	9.50
Fixation R	1	16	1875179090	1875371778	192688	910.54	425.72	25	44	-1	9.70	9.70
Saccade L	1	14	1875371778	1875421846	50068	907.88	438.23	563.68	450.75	8.34	316.36	0.42	166.48	13561.14	-11478.31	8962.10
Saccade R	1	14	1875371778	1875421846	50068	907.88	438.23	563.68	450.75	8.34	316.36	0.42	166.48	13561.14	-11478.31	8962.10
Fixation L	1	17	1875421846	1875624957	203111	580.88	435.45	36	35	-1	9.92	9.92
Fixation R	1	17	1875421846	1875624957	203111	580.88	435.45	36	35	-1	10.04	10.04
Saccade L	1	15	1875624957	1875646938	21981	594.58	433.51	546.35	442.68	1.02	72.92	0.54	46.29	1921.86	-2231.65	1386.87
Saccade R	1	15	1875624957	1875646938	21981	594.58	433.51	546.35	442.68	1.02	72.92	0.54	46.29	1921.86	-2231.65	1386.87
Fixation L	1	18	1875646938	1875785048	138110	552.52	431.99	31	21	-1	9.83	9.83
Fixation R	1	18	1875646938	1875785048	138110	552.52	431.99	31	21	-1	10.04	10.04
Saccade L	1	16	1875785048	1875820209	35161	544.38	428.55	680.44	429.33	3.09	200.44	0.46	87.96	7997.36	-7916.92	5546.31
Saccade R	1	16	1875785048	1875820209	35161	544.38	428.55	680.44	429.33	3.09	200.44	0.46	87.96	7997.36	-7916.92	5546.31
Fixation L	1	19	1875820209	1875949042	128833	684.37	434.54	10	23	-1	9.74	9.74
Fixation R	1	19	1875820209	1875949042	128833	684.37	434.54	10	23	-1	10.05	10.05
Saccade L	1	17	1875949042	1875977185	28143	681.83	433.32	800.62	438.41	2.53	169.36	0.50	89.98	7066.16	-6462.41	4960.23
Saccade R	1	17	1875949042	1875977185	28143	681.83	433.32	800.62	438.41	2.53	169.36	0.50	89.98	7066.16	-6462.41	4960.23
Fixation L	1	20	1876017165	1876223158	205993	795.58	430.19	16	28	-1	9.99	9.99
Fixation R	1	20	1876017165	1876223158	205993	795.58	430.19	16	28	-1	10.47	10.47
Saccade L	1	18	1876223158	1876267282	44124	794.14	425.88	0.00	0.00	26.59	1926.23	0.68	602.73	67052.45	-73464.52	40094.67
Blink R	1	4	1876223158	1876447274	224116
Fixation L	1	21	1876267282	1876365271	97989	0.00	0.00	0	0	-1	1.53	1.53
Saccade L	1	19	1876453268	1876499273	46005	810.86	781.68	870.02	820.06	1.77	61.20	0.22	38.40	1429.32	-1577.39	892.55
Saccade R	1	18	1876453268	1876499273	46005	810.86	781.68	870.02	820.06	1.77	61.20	0.22	38.40	1429.32	-1577.39	892.55
Fixation L	1	22	1876499273	1876601459	102186	865.35	833.25	20	38	-1	9.78	9.78
Fixation R	1	21	1876499273	1876601459	102186	865.35	833.25	20	38	-1	10.16	10.16
Saccade L	1	20	1876601459	1876627406	25947	866.67	848.31	917.85	862.35	1.20	75.70	0.46	46.35	2436.65	-2892.67	1919.12
Saccade R	1	19	1876601459	1876627406	25947	866.67	848.31	917.85	862.35	1.20	75.70	0.46	46.35	2436.65	-2892.67	1919.12
Fixation L	1	23	1876627406	1877329729	702323	895.30	904.32	48	75	-1	10.58	10.58
Fixation R	1	22	1876627406	1877329729	702323	895.30	904.32	48	75	-1	11.10	11.10
Saccade L	1	21	1877329729	1877353739	24010	879.29	916.56	920.82	918.86	0.93	64.23	0.52	38.63	2139.72	-2282.91	1487.11
Saccade R	1	20	1877329729	1877353739	24010	879.29	916.56	920.82	918.86	0.93	64.23	0.52	38.63	2139.72	-2282.91	1487.11
Fixation L	1	24	1877353739	1878067957	714218	906.73	923.58	41	45	-1	11.46	11.46
Fixation R	1	23	1877353739	1878067957	714218	906.73	923.58	41	45	-1	11.71	11.71
