[BeGaze]
Converted from:	C:\Program Files\SMI\Experiment Suite 360\Experiment Center 2\Results\RC-Attachment-Exp\P27-eye_data.idf
Date:	18.03.2012 20:22:13
Version:	BeGaze 3.0.181
Sample Rate:	500
Subject:	P27
Description:	Run32

Table Header for Fixations:
Event Type	Trial	Number	Start	End	Duration	Location X	Location Y	Dispersion X	Dispersion Y	Plane	Avg. Pupil Size X	Avg. Pupil Size Y

Table Header for Saccades:
Event Type	Trial	Number	Start	End	Duration	Start Loc.X	Start Loc.Y	End Loc.X	End Loc.Y	Amplitude	Peak Speed	Peak Speed At	Average Speed	Peak Accel.	Peak Decel.	Average Accel.

Table Header for Blinks:
Event Type	Trial	Number	Start	End	Duration

Table Header for User Events:
Event Type	Trial	Number	Start	Description

UserEvent	1	1	13414271840	# Message: Dist-orcop-9.jpg
Fixation L	1	1	13414273372	13414941702	668330	517.33	430.06	55	35	-1	12.65	12.65
Fixation R	1	1	13414273372	13414941702	668330	517.33	430.06	55	35	-1	13.45	13.45
Saccade L	1	1	13414941702	13414965725	24023	510.65	444.28	553.22	435.86	0.89	57.77	0.42	36.93	1852.37	-1932.78	1357.69
Saccade R	1	1	13414941702	13414965725	24023	510.65	444.28	553.22	435.86	0.89	57.77	0.42	36.93	1852.37	-1932.78	1357.69
Fixation L	1	2	13414965725	13415143835	178110	559.34	441.36	13	19	-1	12.74	12.74
Fixation R	1	2	13414965725	13415143835	178110	559.34	441.36	13	19	-1	13.40	13.40
Saccade L	1	2	13415143835	13415179683	35848	551.04	436.39	637.65	423.49	1.87	90.41	0.45	52.20	3808.95	-3131.43	2495.69
Saccade R	1	2	13415143835	13415179683	35848	551.04	436.39	637.65	423.49	1.87	90.41	0.45	52.20	3808.95	-3131.43	2495.69
Blink L	1	1	13415225820	13415303808	77988
Blink R	1	1	13415225820	13415303808	77988
Saccade L	1	3	13415349802	13415395803	46001	628.59	432.08	740.70	414.79	2.63	116.03	0.35	57.08	4783.56	-3774.02	2767.43
Saccade R	1	3	13415349802	13415395803	46001	628.59	432.08	740.70	414.79	2.63	116.03	0.35	57.08	4783.56	-3774.02	2767.43
Fixation L	1	3	13415395803	13415559916	164113	757.98	414.24	25	8	-1	12.37	12.37
Fixation R	1	3	13415395803	13415559916	164113	757.98	414.24	25	8	-1	13.14	13.14
Saccade L	1	4	13415559916	13415593914	33998	755.28	417.93	806.34	448.39	1.57	78.46	0.43	46.21	3250.02	-2988.15	2227.87
Saccade R	1	4	13415559916	13415593914	33998	755.28	417.93	806.34	448.39	1.57	78.46	0.43	46.21	3250.02	-2988.15	2227.87
Saccade L	1	5	13415641282	13415663917	22635	806.72	442.05	802.95	425.34	0.84	51.90	0.43	37.28	1913.29	-124.38	1040.41
Saccade R	1	5	13415641282	13415663917	22635	806.72	442.05	802.95	425.34	0.84	51.90	0.43	37.28	1913.29	-124.38	1040.41
Saccade L	1	6	13415667930	13415692173	24243	759.55	417.06	845.16	427.01	1.70	121.65	0.41	70.13	3431.25	-4063.45	2731.46
Saccade R	1	6	13415667930	13415692173	24243	759.55	417.06	845.16	427.01	1.70	121.65	0.41	70.13	3431.25	-4063.45	2731.46
Fixation L	1	4	13415692173	13415892700	200527	843.48	417.58	17	19	-1	12.08	12.08
Fixation R	1	4	13415692173	13415892700	200527	843.48	417.58	17	19	-1	12.92	12.92
Saccade L	1	7	13415892700	13415934118	41418	847.85	425.52	955.55	404.15	2.44	123.58	0.33	58.85	5281.91	-4092.67	3094.53
Saccade R	1	7	13415892700	13415934118	41418	847.85	425.52	955.55	404.15	2.44	123.58	0.33	58.85	5281.91	-4092.67	3094.53
Fixation L	1	5	13415934118	13416078169	144051	957.51	403.21	22	44	-1	12.05	12.05
Fixation R	1	5	13415934118	13416078169	144051	957.51	403.21	22	44	-1	12.93	12.93
Saccade L	1	8	13416078169	13416106154	27985	970.19	416.16	927.24	386.22	1.17	70.23	0.43	41.67	2630.47	-2391.14	1775.89
Saccade R	1	8	13416078169	13416106154	27985	970.19	416.16	927.24	386.22	1.17	70.23	0.43	41.67	2630.47	-2391.14	1775.89
Fixation L	1	6	13416134153	13416218274	84121	933.95	410.00	31	17	-1	11.99	11.99
Fixation R	1	6	13416134153	13416218274	84121	933.95	410.00	31	17	-1	12.85	12.85
Saccade L	1	9	13416218274	13416270420	52146	929.92	403.14	1119.73	433.06	4.66	171.31	0.38	89.42	7696.80	-5897.93	4711.35
Saccade R	1	9	13416218274	13416270420	52146	929.92	403.14	1119.73	433.06	4.66	171.31	0.38	89.42	7696.80	-5897.93	4711.35
Fixation L	1	7	13416302278	13416570384	268106	1089.20	413.01	26	43	-1	12.23	12.23
Fixation R	1	7	13416302278	13416570384	268106	1089.20	413.01	26	43	-1	13.13	13.13
Saccade L	1	10	13416570384	13416618384	48000	1081.50	408.78	1092.05	420.16	2.66	114.50	0.24	55.51	4295.42	-2706.23	1765.59
Saccade R	1	10	13416570384	13416618384	48000	1081.50	408.78	1092.05	420.16	2.66	114.50	0.24	55.51	4295.42	-2706.23	1765.59
Fixation L	1	8	13416618384	13416716381	97997	1100.30	427.39	11	14	-1	12.31	12.31
Fixation R	1	8	13416618384	13416716381	97997	1100.30	427.39	11	14	-1	13.17	13.17
Blink L	1	2	13416716381	13417013790	297409
Blink R	1	2	13416716381	13417013790	297409
Saccade L	1	11	13417013790	13417059914	46124	848.39	908.68	906.59	933.00	2.20	78.91	0.54	47.68	2157.74	-2980.63	1762.52
Saccade R	1	11	13417013790	13417059914	46124	848.39	908.68	906.59	933.00	2.20	78.91	0.54	47.68	2157.74	-2980.63	1762.52
Saccade L	1	12	13417133724	13417169122	35398	852.74	902.37	925.45	950.45	1.92	93.85	0.48	54.22	2830.63	-3602.25	2425.27
Saccade R	1	12	13417133724	13417169122	35398	852.74	902.37	925.45	950.45	1.92	93.85	0.48	54.22	2830.63	-3602.25	2425.27
Fixation L	1	9	13417169122	13417316634	147512	913.92	945.15	20	16	-1	12.70	12.70
Fixation R	1	9	13417169122	13417316634	147512	913.92	945.15	20	16	-1	13.35	13.35
Saccade L	1	13	13417316634	13417352737	36103	916.81	939.80	877.37	916.71	37.77	2113.47	0.38	1046.24	79853.11	-76426.42	52459.83
Saccade R	1	13	13417316634	13417352737	36103	916.81	939.80	877.37	916.71	37.77	2113.47	0.38	1046.24	79853.11	-76426.42	52459.83
Fixation L	1	10	13417352737	13418006972	654235	855.44	894.50	904	940	-1	12.13	12.13
Fixation R	1	10	13417352737	13418006972	654235	855.44	894.50	904	940	-1	13.07	13.07
