[BeGaze]
Converted from:	C:\Program Files\SMI\Experiment Suite 360\Experiment Center 2\Results\RC-Attachment-Exp\P32-eye_data.idf
Date:	18.03.2012 20:28:33
Version:	BeGaze 3.0.181
Sample Rate:	500
Subject:	P32
Description:	Run37

Table Header for Fixations:
Event Type	Trial	Number	Start	End	Duration	Location X	Location Y	Dispersion X	Dispersion Y	Plane	Avg. Pupil Size X	Avg. Pupil Size Y

Table Header for Saccades:
Event Type	Trial	Number	Start	End	Duration	Start Loc.X	Start Loc.Y	End Loc.X	End Loc.Y	Amplitude	Peak Speed	Peak Speed At	Average Speed	Peak Accel.	Peak Decel.	Average Accel.

Table Header for Blinks:
Event Type	Trial	Number	Start	End	Duration

Table Header for User Events:
Event Type	Trial	Number	Start	Description

UserEvent	1	1	6109015193	# Message: Dist-srthm-24.jpg
Fixation L	1	1	6109015442	6109357397	341955	477.76	442.18	34	39	-1	13.72	13.72
Fixation R	1	1	6109015442	6109357397	341955	477.76	442.18	34	39	-1	14.52	14.52
Saccade L	1	1	6109357397	6109395406	38009	457.04	432.02	512.99	457.15	1.41	53.81	0.37	37.10	2203.23	-1522.18	1344.85
Saccade R	1	1	6109357397	6109395406	38009	457.04	432.02	512.99	457.15	1.41	53.81	0.37	37.10	2203.23	-1522.18	1344.85
Fixation L	1	2	6109395406	6109551509	156103	516.88	472.18	10	26	-1	13.38	13.38
Fixation R	1	2	6109395406	6109551509	156103	516.88	472.18	10	26	-1	14.24	14.24
Saccade L	1	2	6109551509	6109585538	34029	511.15	475.61	574.69	461.88	1.37	67.33	0.35	40.37	2726.92	-2073.19	1632.43
Saccade R	1	2	6109551509	6109585538	34029	511.15	475.61	574.69	461.88	1.37	67.33	0.35	40.37	2726.92	-2073.19	1632.43
Fixation L	1	3	6109585538	6109805630	220092	595.78	438.22	29	41	-1	13.27	13.27
Fixation R	1	3	6109585538	6109805630	220092	595.78	438.22	29	41	-1	14.18	14.18
Saccade L	1	3	6109805630	6109845714	40084	583.20	438.89	717.29	426.40	2.95	130.84	0.40	73.56	5675.85	-4909.31	3871.86
Saccade R	1	3	6109805630	6109845714	40084	583.20	438.89	717.29	426.40	2.95	130.84	0.40	73.56	5675.85	-4909.31	3871.86
Fixation L	1	4	6109845714	6110031771	186057	705.64	407.15	23	32	-1	13.21	13.21
Fixation R	1	4	6109845714	6110031771	186057	705.64	407.15	23	32	-1	14.06	14.06
Saccade L	1	4	6110031771	6110063753	31982	703.68	417.08	758.91	404.30	1.23	59.10	0.37	38.47	2461.47	-1792.91	1518.07
Saccade R	1	4	6110031771	6110063753	31982	703.68	417.08	758.91	404.30	1.23	59.10	0.37	38.47	2461.47	-1792.91	1518.07
Fixation L	1	5	6110063753	6110279861	216108	757.22	406.41	20	19	-1	13.30	13.30
Fixation R	1	5	6110063753	6110279861	216108	757.22	406.41	20	19	-1	14.21	14.21
Saccade L	1	5	6110279861	6110307758	27897	751.88	418.15	707.28	424.18	0.93	47.87	0.50	33.51	1929.04	-1835.18	1332.03
Saccade R	1	5	6110279861	6110307758	27897	751.88	418.15	707.28	424.18	0.93	47.87	0.50	33.51	1929.04	-1835.18	1332.03
Fixation L	1	6	6110307758	6110477895	170137	712.69	427.07	29	18	-1	13.49	13.49
Fixation R	1	6	6110307758	6110477895	170137	712.69	427.07	29	18	-1	14.26	14.26
Saccade L	1	6	6110477895	6110519879	41984	718.63	420.98	776.54	421.84	1.33	49.06	0.24	31.71	1354.10	-1268.48	777.07
Saccade R	1	6	6110477895	6110519879	41984	718.63	420.98	776.54	421.84	1.33	49.06	0.24	31.71	1354.10	-1268.48	777.07
Fixation L	1	7	6110519879	6110767982	248103	790.00	437.82	32	38	-1	13.63	13.63
Fixation R	1	7	6110519879	6110767982	248103	790.00	437.82	32	38	-1	14.40	14.40
Saccade L	1	7	6110767982	6110797978	29996	768.70	448.69	848.05	442.88	1.64	99.64	0.40	54.57	3536.57	-3758.18	2678.60
Saccade R	1	7	6110767982	6110797978	29996	768.70	448.69	848.05	442.88	1.64	99.64	0.40	54.57	3536.57	-3758.18	2678.60
Fixation L	1	8	6110797978	6110998083	200105	844.58	436.08	31	22	-1	13.76	13.76
Fixation R	1	8	6110797978	6110998083	200105	844.58	436.08	31	22	-1	14.45	14.45
Saccade L	1	8	6110998083	6111032093	34010	846.54	448.87	944.23	450.09	2.10	108.06	0.36	61.79	4267.97	-4117.61	3088.62
Saccade R	1	8	6110998083	6111032093	34010	846.54	448.87	944.23	450.09	2.10	108.06	0.36	61.79	4267.97	-4117.61	3088.62
Fixation L	1	9	6111032093	6111305092	272999	935.90	443.22	38	25	-1	13.81	13.81
Fixation R	1	9	6111032093	6111305092	272999	935.90	443.22	38	25	-1	14.55	14.55
Saccade L	1	9	6111305092	6111340328	35236	933.18	448.24	1048.57	463.26	2.50	134.05	0.49	70.97	5661.05	-5384.95	4037.47
Saccade R	1	9	6111305092	6111340328	35236	933.18	448.24	1048.57	463.26	2.50	134.05	0.49	70.97	5661.05	-5384.95	4037.47
Fixation L	1	10	6111340328	6111502323	161995	1049.82	453.37	13	24	-1	14.15	14.15
Fixation R	1	10	6111340328	6111502323	161995	1049.82	453.37	13	24	-1	14.82	14.82
Saccade L	1	10	6111502323	6111528327	26004	1039.15	452.16	1122.60	452.88	1.82	135.77	0.46	70.16	4673.14	-5017.61	3409.96
Saccade R	1	10	6111502323	6111528327	26004	1039.15	452.16	1122.60	452.88	1.82	135.77	0.46	70.16	4673.14	-5017.61	3409.96
Fixation L	1	11	6111528327	6111682480	154153	1125.47	448.89	17	19	-1	14.19	14.19
Fixation R	1	11	6111528327	6111682480	154153	1125.47	448.89	17	19	-1	14.82	14.82
Blink L	1	1	6111696442	6111800438	103996
Saccade R	1	11	6111696442	6111735268	38826	1071.17	451.07	-0.09	0.00	32.82	2208.37	0.62	845.30	70443.74	-49986.96	40986.89
Blink R	1	1	6111735268	6111982840	247572
Fixation L	1	12	6111982840	6112492804	509964	900.53	950.81	39	54	-1	15.26	15.26
Fixation R	1	12	6111982840	6112492804	509964	900.53	950.81	39	54	-1	15.90	15.90
