[BeGaze]
Converted from:	C:\Program Files\SMI\Experiment Suite 360\Experiment Center 2\Results\RC-Attachment-Exp\Denek03-eye_data.idf
Date:	18.03.2012 20:04:06
Version:	BeGaze 3.0.181
Sample Rate:	500
Subject:	Denek03
Description:	Run6

Table Header for Fixations:
Event Type	Trial	Number	Start	End	Duration	Location X	Location Y	Dispersion X	Dispersion Y	Plane	Avg. Pupil Size X	Avg. Pupil Size Y

Table Header for Saccades:
Event Type	Trial	Number	Start	End	Duration	Start Loc.X	Start Loc.Y	End Loc.X	End Loc.Y	Amplitude	Peak Speed	Peak Speed At	Average Speed	Peak Accel.	Peak Decel.	Average Accel.

Table Header for Blinks:
Event Type	Trial	Number	Start	End	Duration

Table Header for User Events:
Event Type	Trial	Number	Start	Description

UserEvent	1	1	5038473047	# Message: RC-N1forced-anim-3.jpg
Fixation L	1	1	5038534963	5038594496	59533	491.66	399.30	10	19	-1	15.88	15.88
Fixation R	1	1	5038534963	5038594496	59533	491.66	399.30	10	19	-1	15.84	15.84
Saccade L	1	1	5038594496	5038641352	46856	488.56	398.71	475.29	319.07	2.81	112.16	0.39	59.93	4262.42	-4371.58	3098.17
Saccade R	1	1	5038594496	5038641352	46856	488.56	398.71	475.29	319.07	2.81	112.16	0.39	59.93	4262.42	-4371.58	3098.17
Fixation L	1	2	5038641352	5038775034	133682	479.54	326.29	18	19	-1	15.85	15.85
Fixation R	1	2	5038641352	5038775034	133682	479.54	326.29	18	19	-1	15.75	15.75
Saccade L	1	2	5038775034	5038799037	24003	473.94	328.01	534.02	333.31	1.24	84.86	0.42	51.52	3114.15	-3360.06	2328.84
Saccade R	1	2	5038775034	5038799037	24003	473.94	328.01	534.02	333.31	1.24	84.86	0.42	51.52	3114.15	-3360.06	2328.84
Fixation L	1	3	5038799037	5039045155	246118	531.31	325.83	27	23	-1	15.80	15.80
Fixation R	1	3	5038799037	5039045155	246118	531.31	325.83	27	23	-1	15.64	15.64
Saccade L	1	3	5039045155	5039079467	34312	524.57	317.72	607.11	377.70	2.95	144.53	0.42	85.85	5803.12	-5295.96	4205.83
Saccade R	1	3	5039045155	5039079467	34312	524.57	317.72	607.11	377.70	2.95	144.53	0.42	85.85	5803.12	-5295.96	4205.83
Fixation L	1	4	5039097145	5039171158	74013	627.51	314.17	16	60	-1	15.81	15.81
Fixation R	1	4	5039097145	5039171158	74013	627.51	314.17	16	60	-1	15.52	15.52
Saccade L	1	4	5039171158	5039197145	25987	626.53	312.87	627.60	392.68	1.25	87.38	0.64	48.15	3644.35	-2601.34	2055.75
Saccade R	1	4	5039171158	5039197145	25987	626.53	312.87	627.60	392.68	1.25	87.38	0.64	48.15	3644.35	-2601.34	2055.75
Fixation L	1	5	5039217144	5039389260	172116	652.89	391.80	60	28	-1	15.54	15.54
Fixation R	1	5	5039217144	5039389260	172116	652.89	391.80	60	28	-1	15.46	15.46
Saccade L	1	5	5039389260	5039413264	24004	676.45	381.67	643.18	398.10	0.75	44.43	0.42	31.26	1426.32	-1127.22	888.33
Saccade R	1	5	5039389260	5039413264	24004	676.45	381.67	643.18	398.10	0.75	44.43	0.42	31.26	1426.32	-1127.22	888.33
Saccade L	1	6	5039419285	5039464095	44810	642.54	400.08	771.19	393.01	2.86	113.00	0.36	63.80	4541.81	-4030.54	2976.75
Saccade R	1	6	5039419285	5039464095	44810	642.54	400.08	771.19	393.01	2.86	113.00	0.36	63.80	4541.81	-4030.54	2976.75
Fixation L	1	6	5039464095	5039514258	50163	780.62	384.83	15	19	-1	15.50	15.50
Fixation R	1	6	5039464095	5039514258	50163	780.62	384.83	15	19	-1	15.40	15.40
Saccade L	1	7	5039514258	5039537258	23000	775.44	373.23	778.93	387.91	1.04	87.89	0.48	45.35	2374.35	-2429.84	1629.23
Saccade R	1	7	5039514258	5039537258	23000	775.44	373.23	778.93	387.91	1.04	87.89	0.48	45.35	2374.35	-2429.84	1629.23
Fixation L	1	7	5039537258	5039661371	124113	777.38	443.16	9	67	-1	15.43	15.43
Fixation R	1	7	5039537258	5039661371	124113	777.38	443.16	9	67	-1	15.40	15.40
Saccade L	1	8	5039661371	5039689377	28006	774.42	451.69	826.80	436.05	1.14	60.78	0.43	40.84	2600.99	-2163.29	1665.82
Saccade R	1	8	5039661371	5039689377	28006	774.42	451.69	826.80	436.05	1.14	60.78	0.43	40.84	2600.99	-2163.29	1665.82
Saccade L	1	9	5039709370	5039757368	47998	835.43	433.09	849.17	374.43	2.09	100.67	0.67	43.64	2654.50	-3883.23	1774.93
Saccade R	1	9	5039709370	5039757368	47998	835.43	433.09	849.17	374.43	2.09	100.67	0.67	43.64	2654.50	-3883.23	1774.93
Saccade L	1	10	5039793372	5039831523	38151	847.18	373.22	841.24	443.53	1.71	91.21	0.68	44.69	3040.42	-3666.08	2194.79
Saccade R	1	10	5039793372	5039831523	38151	847.18	373.22	841.24	443.53	1.71	91.21	0.68	44.69	3040.42	-3666.08	2194.79
Fixation L	1	8	5039831523	5039947498	115975	849.06	454.72	19	21	-1	15.24	15.24
Fixation R	1	8	5039831523	5039947498	115975	849.06	454.72	19	21	-1	15.32	15.32
Saccade L	1	11	5039947498	5039981517	34019	833.93	454.57	935.54	441.81	2.16	130.31	0.41	63.39	4452.94	-4817.81	3257.35
Saccade R	1	11	5039947498	5039981517	34019	833.93	454.57	935.54	441.81	2.16	130.31	0.41	63.39	4452.94	-4817.81	3257.35
Fixation L	1	9	5039981517	5040167615	186098	931.38	453.44	24	32	-1	15.25	15.25
Fixation R	1	9	5039981517	5040167615	186098	931.38	453.44	24	32	-1	15.36	15.36
Saccade L	1	12	5040167615	5040201621	34006	924.86	455.72	1063.72	464.97	3.08	185.35	0.54	90.56	7066.29	-7614.57	5399.78
Saccade R	1	12	5040167615	5040201621	34006	924.86	455.72	1063.72	464.97	3.08	185.35	0.54	90.56	7066.29	-7614.57	5399.78
Fixation L	1	10	5040201621	5040617713	416092	1061.43	456.68	51	45	-1	15.23	15.23
Fixation R	1	10	5040201621	5040617713	416092	1061.43	456.68	51	45	-1	15.28	15.28
Saccade L	1	13	5040617713	5040665837	48124	1057.05	430.79	1216.89	451.34	3.90	178.38	0.75	81.12	6906.70	-7360.99	4253.31
Saccade R	1	13	5040617713	5040665837	48124	1057.05	430.79	1216.89	451.34	3.90	178.38	0.75	81.12	6906.70	-7360.99	4253.31
Fixation L	1	11	5040665837	5040885847	220010	1181.36	447.78	55	29	-1	15.14	15.14
Fixation R	1	11	5040665837	5040885847	220010	1181.36	447.78	55	29	-1	15.22	15.22
Saccade L	1	14	5040885847	5040952249	66402	1176.96	446.53	564.24	482.48	14.37	451.61	0.33	216.35	19697.87	-16278.13	11214.48
Saccade R	1	14	5040885847	5040952249	66402	1176.96	446.53	564.24	482.48	14.37	451.61	0.33	216.35	19697.87	-16278.13	11214.48
Fixation L	1	12	5040952249	5041115938	163689	571.83	470.48	20	30	-1	15.43	15.43
Fixation R	1	12	5040952249	5041115938	163689	571.83	470.48	20	30	-1	15.54	15.54
Saccade L	1	15	5041115938	5041220631	104693	571.68	467.31	757.32	993.87	14.16	235.49	0.33	135.28	7173.35	-5265.46	3835.94
Saccade R	1	15	5041115938	5041220631	104693	571.68	467.31	757.32	993.87	14.16	235.49	0.33	135.28	7173.35	-5265.46	3835.94
Fixation L	1	13	5041220631	5041296083	75452	760.12	1001.19	12	12	-1	15.68	15.68
Fixation R	1	13	5041220631	5041296083	75452	760.12	1001.19	12	12	-1	15.72	15.72
Saccade L	1	16	5041296083	5041318092	22009	756.78	1002.35	751.05	962.46	0.73	45.11	0.65	33.36	1965.11	-1082.69	1138.92
Saccade R	1	16	5041296083	5041318092	22009	756.78	1002.35	751.05	962.46	0.73	45.11	0.65	33.36	1965.11	-1082.69	1138.92
Saccade L	1	17	5041352068	5041392568	40500	758.13	981.34	901.83	950.00	3.45	187.67	0.35	85.19	7235.98	-6936.81	4841.35
Saccade R	1	17	5041352068	5041392568	40500	758.13	981.34	901.83	950.00	3.45	187.67	0.35	85.19	7235.98	-6936.81	4841.35
Fixation L	1	14	5041392568	5041456047	63479	904.92	955.14	8	11	-1	15.74	15.74
Fixation R	1	14	5041392568	5041456047	63479	904.92	955.14	8	11	-1	16.01	16.01
Blink R	1	1	5041500180	5041924285	424105
Fixation L	1	15	5041560175	5041900286	340111	914.20	916.52	23	45	-1	15.82	15.82
Saccade L	1	18	5041900286	5041924285	23999	911.87	922.12	808.87	999.61	2.81	250.06	0.50	116.90	9157.17	-9235.91	6386.98
Saccade L	1	19	5041970282	5041998150	27868	802.31	1000.12	869.40	989.07	1.85	117.22	0.38	66.24	4491.14	-4507.18	3016.42
Saccade R	1	18	5041970282	5041998150	27868	802.31	1000.12	869.40	989.07	1.85	117.22	0.38	66.24	4491.14	-4507.18	3016.42
Fixation L	1	16	5041998150	5042880788	882638	872.38	956.35	51	51	-1	15.65	15.65
Fixation R	1	15	5041998150	5042880788	882638	872.38	956.35	51	51	-1	15.86	15.86
Saccade L	1	20	5042905224	5042940739	35515	864.08	942.76	852.66	969.54	1.53	71.19	0.72	43.01	1616.14	-980.12	779.69
Saccade R	1	19	5042905224	5042940739	35515	864.08	942.76	852.66	969.54	1.53	71.19	0.72	43.01	1616.14	-980.12	779.69
