[BeGaze]
Converted from:	C:\Program Files\SMI\Experiment Suite 360\Experiment Center 2\Results\RC-Attachment-Exp\P10-eye_data.idf
Date:	18.03.2012 20:08:15
Version:	BeGaze 3.0.181
Sample Rate:	500
Subject:	P10
Description:	Run15

Table Header for Fixations:
Event Type	Trial	Number	Start	End	Duration	Location X	Location Y	Dispersion X	Dispersion Y	Plane	Avg. Pupil Size X	Avg. Pupil Size Y

Table Header for Saccades:
Event Type	Trial	Number	Start	End	Duration	Start Loc.X	Start Loc.Y	End Loc.X	End Loc.Y	Amplitude	Peak Speed	Peak Speed At	Average Speed	Peak Accel.	Peak Decel.	Average Accel.

Table Header for Blinks:
Event Type	Trial	Number	Start	End	Duration

Table Header for User Events:
Event Type	Trial	Number	Start	Description

UserEvent	1	1	8333579562	# Message: Questionnaire9.jpg
Fixation L	1	1	8333590207	8333655849	65642	886.89	933.46	46	55	-1	11.13	11.13
Fixation R	1	1	8333590207	8333655849	65642	886.89	933.46	46	55	-1	11.10	11.10
Saccade L	1	1	8333655849	8333683321	27472	904.57	880.22	872.48	935.18	1.07	66.00	0.30	38.89	1143.24	-2450.14	1240.42
Saccade R	1	1	8333655849	8333683321	27472	904.57	880.22	872.48	935.18	1.07	66.00	0.30	38.89	1143.24	-2450.14	1240.42
Fixation L	1	2	8333683321	8333933956	250635	870.47	950.36	30	35	-1	10.96	10.96
Fixation R	1	2	8333683321	8333933956	250635	870.47	950.36	30	35	-1	11.08	11.08
Saccade L	1	2	8333933956	8334019968	86012	864.60	961.69	514.52	328.43	17.63	614.76	0.28	205.01	26496.40	-24590.04	11647.53
Saccade R	1	2	8333933956	8334019968	86012	864.60	961.69	514.52	328.43	17.63	614.76	0.28	205.01	26496.40	-24590.04	11647.53
Fixation L	1	3	8334019968	8334212580	192612	519.68	322.98	22	34	-1	10.74	10.74
Fixation R	1	3	8334019968	8334212580	192612	519.68	322.98	22	34	-1	10.41	10.41
Saccade L	1	3	8334212580	8334238092	25512	529.48	329.22	490.60	361.61	1.31	82.06	0.68	51.44	2842.59	-3245.71	2088.70
Saccade R	1	3	8334212580	8334238092	25512	529.48	329.22	490.60	361.61	1.31	82.06	0.68	51.44	2842.59	-3245.71	2088.70
Saccade L	1	4	8334262073	8334310097	48024	485.60	356.21	761.65	356.41	6.60	381.58	0.31	137.35	16331.03	-15960.58	9038.73
Saccade R	1	4	8334262073	8334310097	48024	485.60	356.21	761.65	356.41	6.60	381.58	0.31	137.35	16331.03	-15960.58	9038.73
Fixation L	1	4	8334310097	8334384209	74112	765.61	349.77	6	11	-1	10.80	10.80
Fixation R	1	4	8334310097	8334384209	74112	765.61	349.77	6	11	-1	10.58	10.58
Saccade L	1	5	8334404686	8334432205	27519	770.36	440.42	752.45	360.21	2.00	147.46	0.27	72.67	-828.77	-4882.45	2682.02
Saccade R	1	5	8334404686	8334432205	27519	770.36	440.42	752.45	360.21	2.00	147.46	0.27	72.67	-828.77	-4882.45	2682.02
Fixation L	1	5	8334432205	8334600325	168120	762.24	349.63	24	22	-1	10.88	10.88
Fixation R	1	5	8334432205	8334600325	168120	762.24	349.63	24	22	-1	10.76	10.76
Saccade L	1	6	8334600325	8334630342	30017	767.66	345.81	936.57	349.96	3.89	266.04	0.47	129.57	11148.82	-10651.02	7887.12
Saccade R	1	6	8334600325	8334630342	30017	767.66	345.81	936.57	349.96	3.89	266.04	0.47	129.57	11148.82	-10651.02	7887.12
Fixation L	1	6	8334630342	8334874435	244093	935.24	355.48	24	69	-1	11.03	11.03
Fixation R	1	6	8334630342	8334874435	244093	935.24	355.48	24	69	-1	10.92	10.92
Saccade L	1	7	8334874435	8334916457	42022	940.44	373.06	733.32	363.97	4.57	253.91	0.33	108.87	10369.86	-9353.47	6385.58
Saccade R	1	7	8334874435	8334916457	42022	940.44	373.06	733.32	363.97	4.57	253.91	0.33	108.87	10369.86	-9353.47	6385.58
Fixation L	1	7	8334916457	8335086558	170101	730.94	369.62	9	17	-1	11.20	11.20
Fixation R	1	7	8334916457	8335086558	170101	730.94	369.62	9	17	-1	11.05	11.05
Saccade L	1	8	8335086558	8335122696	36138	728.58	357.35	549.25	328.72	4.15	259.44	0.44	114.70	10678.56	-10623.96	7424.26
Saccade R	1	8	8335086558	8335122696	36138	728.58	357.35	549.25	328.72	4.15	259.44	0.44	114.70	10678.56	-10623.96	7424.26
Fixation L	1	8	8335122696	8335280569	157873	550.21	349.31	29	52	-1	11.53	11.53
Fixation R	1	8	8335122696	8335280569	157873	550.21	349.31	29	52	-1	11.20	11.20
Saccade L	1	9	8335280569	8335306550	25981	565.51	378.01	584.45	417.41	0.93	49.73	0.47	35.75	1301.87	-1766.27	1122.64
Saccade R	1	9	8335280569	8335306550	25981	565.51	378.01	584.45	417.41	0.93	49.73	0.47	35.75	1301.87	-1766.27	1122.64
Fixation L	1	9	8335306550	8335372683	66133	572.72	395.10	27	51	-1	11.79	11.79
Fixation R	1	9	8335306550	8335372683	66133	572.72	395.10	27	51	-1	11.29	11.29
Saccade L	1	10	8335372683	8335404674	31991	556.78	365.70	727.74	390.02	3.97	250.13	0.44	124.01	10247.03	-10447.40	7457.80
Saccade R	1	10	8335372683	8335404674	31991	556.78	365.70	727.74	390.02	3.97	250.13	0.44	124.01	10247.03	-10447.40	7457.80
Fixation L	1	10	8335404674	8335624796	220122	739.67	384.49	20	29	-1	11.73	11.73
Fixation R	1	10	8335404674	8335624796	220122	739.67	384.49	20	29	-1	11.57	11.57
Saccade L	1	11	8335624796	8335660792	35996	740.34	363.04	868.07	382.04	2.98	151.65	0.44	82.85	6002.30	-6191.48	4461.56
Saccade R	1	11	8335624796	8335660792	35996	740.34	363.04	868.07	382.04	2.98	151.65	0.44	82.85	6002.30	-6191.48	4461.56
Fixation L	1	11	8335660792	8335884792	224000	864.80	388.46	28	18	-1	11.65	11.65
Fixation R	1	11	8335660792	8335884792	224000	864.80	388.46	28	18	-1	11.49	11.49
Saccade L	1	12	8335884792	8335916921	32129	864.96	381.38	633.21	378.43	4.98	307.36	0.44	155.00	13099.68	-13278.76	9749.38
Saccade R	1	12	8335884792	8335916921	32129	864.96	381.38	633.21	378.43	4.98	307.36	0.44	155.00	13099.68	-13278.76	9749.38
Saccade L	1	13	8335961424	8335992910	31486	636.15	379.50	693.56	378.17	1.31	69.71	0.45	41.46	2688.37	-2498.01	1916.62
Saccade R	1	13	8335961424	8335992910	31486	636.15	379.50	693.56	378.17	1.31	69.71	0.45	41.46	2688.37	-2498.01	1916.62
Fixation L	1	12	8335992910	8336052913	60003	695.51	370.38	8	11	-1	11.95	11.95
Fixation R	1	12	8335992910	8336052913	60003	695.51	370.38	8	11	-1	11.64	11.64
Saccade L	1	14	8336052913	8336086675	33762	702.26	367.72	587.45	357.75	2.22	139.24	0.31	65.70	5033.74	-4074.55	2851.24
Saccade R	1	14	8336052913	8336086675	33762	702.26	367.72	587.45	357.75	2.22	139.24	0.31	65.70	5033.74	-4074.55	2851.24
Fixation L	1	13	8336086675	8336369031	282356	624.51	350.87	57	33	-1	11.99	11.99
Fixation R	1	13	8336086675	8336369031	282356	624.51	350.87	57	33	-1	11.69	11.69
Saccade L	1	15	8336369031	8336407032	38001	627.57	367.60	723.24	377.54	2.12	113.90	0.32	55.76	4561.38	-3866.33	2800.92
Saccade R	1	15	8336369031	8336407032	38001	627.57	367.60	723.24	377.54	2.12	113.90	0.32	55.76	4561.38	-3866.33	2800.92
Fixation L	1	14	8336407032	8336591161	184129	721.63	360.21	25	34	-1	12.14	12.14
Fixation R	1	14	8336407032	8336591161	184129	721.63	360.21	25	34	-1	11.80	11.80
Saccade L	1	16	8336591161	8336661147	69986	727.71	351.12	384.60	495.58	10.57	429.87	0.31	151.08	18633.11	-17647.15	9197.12
Saccade R	1	16	8336591161	8336661147	69986	727.71	351.12	384.60	495.58	10.57	429.87	0.31	151.08	18633.11	-17647.15	9197.12
Fixation L	1	15	8336715147	8336783301	68154	377.04	510.96	19	10	-1	12.35	12.35
Fixation R	1	15	8336715147	8336783301	68154	377.04	510.96	19	10	-1	11.86	11.86
Saccade L	1	17	8336783301	8336805290	21989	383.77	507.37	419.29	496.48	0.77	50.43	0.50	35.10	1747.02	-2021.21	1287.60
Saccade R	1	17	8336783301	8336805290	21989	383.77	507.37	419.29	496.48	0.77	50.43	0.50	35.10	1747.02	-2021.21	1287.60
Fixation L	1	16	8336805290	8337171451	366161	430.11	486.29	35	28	-1	12.53	12.53
Fixation R	1	16	8336805290	8337171451	366161	430.11	486.29	35	28	-1	12.07	12.07
Saccade L	1	18	8337171451	8337193601	22150	427.51	473.21	384.15	474.47	1.07	88.17	0.45	48.40	3388.32	-2153.10	1903.55
Saccade R	1	18	8337171451	8337193601	22150	427.51	473.21	384.15	474.47	1.07	88.17	0.45	48.40	3388.32	-2153.10	1903.55
Fixation L	1	17	8337217418	8337715387	497969	392.47	484.76	57	64	-1	12.33	12.33
Fixation R	1	17	8337217418	8337715387	497969	392.47	484.76	57	64	-1	12.08	12.08
UserEvent	1	104	8337641377	# Message: UE-mouseclick left x=361 y=473
Saccade L	1	19	8337715387	8337744930	29543	380.85	498.43	397.35	510.76	1.50	87.35	0.40	50.77	2582.03	-2703.81	1844.56
Saccade R	1	19	8337715387	8337744930	29543	380.85	498.43	397.35	510.76	1.50	87.35	0.40	50.77	2582.03	-2703.81	1844.56
Fixation L	1	18	8337744930	8337826847	81917	397.83	502.53	15	13	-1	12.41	12.41
Fixation R	1	18	8337744930	8337826847	81917	397.83	502.53	15	13	-1	12.16	12.16
Saccade L	1	20	8337826847	8337852163	25316	394.16	499.54	418.32	550.88	1.23	76.93	0.52	48.76	3209.65	-2998.58	2221.95
Saccade R	1	20	8337826847	8337852163	25316	394.16	499.54	418.32	550.88	1.23	76.93	0.52	48.76	3209.65	-2998.58	2221.95
Fixation L	1	19	8337852163	8338343989	491826	407.79	544.94	37	30	-1	12.17	12.17
Fixation R	1	19	8337852163	8338343989	491826	407.79	544.94	37	30	-1	12.08	12.08
UserEvent	1	120	8338265839	# Message: UE-mouseclick left x=370 y=527
