[BeGaze]
Converted from:	C:\Program Files\SMI\Experiment Suite 360\Experiment Center 2\Results\RC-Attachment-Exp\P01-eye_data.idf
Date:	24.02.2012 09:57:18
Version:	BeGaze 3.0.181
Sample Rate:	500
Subject:	P01
Description:	Run1

Table Header for Fixations:
Event Type	Trial	Number	Start	End	Duration	Location X	Location Y	Dispersion X	Dispersion Y	Plane	Avg. Pupil Size X	Avg. Pupil Size Y

Table Header for Saccades:
Event Type	Trial	Number	Start	End	Duration	Start Loc.X	Start Loc.Y	End Loc.X	End Loc.Y	Amplitude	Peak Speed	Peak Speed At	Average Speed	Peak Accel.	Peak Decel.	Average Accel.

Table Header for Blinks:
Event Type	Trial	Number	Start	End	Duration

Table Header for User Events:
Event Type	Trial	Number	Start	Description

UserEvent	1	1	2259534516	# Message: RC-N1forced-anim-4.jpg
Fixation L	1	1	2259535372	2259605578	70206	503.70	525.73	5	5	-1	11.01	11.01
Fixation R	1	1	2259535372	2259605578	70206	503.70	525.73	5	5	-1	10.62	10.62
Saccade L	1	1	2259605578	2259635456	29878	507.92	525.95	518.60	576.75	1.25	66.14	0.47	41.91	2532.17	-2716.81	1841.94
Saccade R	1	1	2259605578	2259635456	29878	507.92	525.95	518.60	576.75	1.25	66.14	0.47	41.91	2532.17	-2716.81	1841.94
Fixation L	1	2	2259635456	2259847464	212008	505.75	574.86	54	18	-1	10.95	10.95
Fixation R	1	2	2259635456	2259847464	212008	505.75	574.86	54	18	-1	10.73	10.73
Saccade L	1	2	2259847464	2259881479	34015	470.99	569.21	546.82	587.38	2.06	144.09	0.35	60.52	4909.37	-4518.34	3007.92
Saccade R	1	2	2259847464	2259881479	34015	470.99	569.21	546.82	587.38	2.06	144.09	0.35	60.52	4909.37	-4518.34	3007.92
Fixation L	1	3	2259881479	2260123559	242080	525.55	581.54	46	21	-1	10.88	10.88
Fixation R	1	3	2259881479	2260123559	242080	525.55	581.54	46	21	-1	10.81	10.81
Saccade L	1	3	2260123559	2260163702	40143	536.90	586.71	620.86	597.76	2.24	121.78	0.50	55.79	4476.92	-4523.00	2963.46
Saccade R	1	3	2260123559	2260163702	40143	536.90	586.71	620.86	597.76	2.24	121.78	0.50	55.79	4476.92	-4523.00	2963.46
Fixation L	1	4	2260163702	2260333676	169974	614.20	567.49	25	56	-1	10.99	10.99
Fixation R	1	4	2260163702	2260333676	169974	614.20	567.49	25	56	-1	10.94	10.94
Saccade L	1	4	2260333676	2260355695	22019	613.87	543.97	645.63	522.94	0.77	50.57	0.55	34.79	1974.22	-1909.93	1345.33
Saccade R	1	4	2260333676	2260355695	22019	613.87	543.97	645.63	522.94	0.77	50.57	0.55	34.79	1974.22	-1909.93	1345.33
Fixation L	1	5	2260355695	2260677996	322301	647.96	513.70	25	54	-1	11.09	11.09
Fixation R	1	5	2260355695	2260677996	322301	647.96	513.70	25	54	-1	11.02	11.02
Saccade L	1	5	2260677996	2260699911	21915	654.40	497.07	737.08	497.04	1.70	147.36	0.54	77.75	5668.55	-5362.84	3692.03
Saccade R	1	5	2260677996	2260699911	21915	654.40	497.07	737.08	497.04	1.70	147.36	0.54	77.75	5668.55	-5362.84	3692.03
Fixation L	1	6	2260699911	2260974027	274116	747.52	491.13	28	37	-1	11.06	11.06
Fixation R	1	6	2260699911	2260974027	274116	747.52	491.13	28	37	-1	10.85	10.85
Saccade L	1	6	2260974027	2260998024	23997	744.74	500.04	833.06	520.86	1.91	147.70	0.50	79.71	5734.08	-5866.79	3997.53
Saccade R	1	6	2260974027	2260998024	23997	744.74	500.04	833.06	520.86	1.91	147.70	0.50	79.71	5734.08	-5866.79	3997.53
Fixation L	1	7	2260998024	2261256171	258147	836.27	503.13	19	31	-1	10.68	10.68
Fixation R	1	7	2260998024	2261256171	258147	836.27	503.13	19	31	-1	10.70	10.70
Fixation L	1	8	2261276167	2262318600	1042433	836.77	513.20	81	54	-1	10.81	10.81
Fixation R	1	8	2261276167	2262318600	1042433	836.77	513.20	81	54	-1	10.67	10.67
Saccade L	1	7	2262318600	2262358615	40015	840.98	501.96	912.14	519.21	1.88	98.30	0.65	47.03	3390.16	-3829.35	2239.47
Saccade R	1	7	2262318600	2262358615	40015	840.98	501.96	912.14	519.21	1.88	98.30	0.65	47.03	3390.16	-3829.35	2239.47
Fixation L	1	9	2262358615	2262942829	584214	908.17	509.47	37	39	-1	11.11	11.11
Fixation R	1	9	2262358615	2262942829	584214	908.17	509.47	37	39	-1	10.96	10.96
Saccade L	1	8	2262942829	2262966826	23997	912.39	485.33	963.97	498.84	1.11	74.88	0.50	46.16	3051.14	-2911.09	2097.43
Saccade R	1	8	2262942829	2262966826	23997	912.39	485.33	963.97	498.84	1.11	74.88	0.50	46.16	3051.14	-2911.09	2097.43
Fixation L	1	10	2262966826	2263178967	212141	970.00	507.52	25	19	-1	11.37	11.37
Fixation R	1	10	2262966826	2263178967	212141	970.00	507.52	25	19	-1	11.16	11.16
Saccade L	1	9	2263178967	2263208943	29976	965.34	515.30	1016.10	517.59	1.18	66.01	0.53	39.51	2076.30	-2507.41	1620.12
Saccade R	1	9	2263178967	2263208943	29976	965.34	515.30	1016.10	517.59	1.18	66.01	0.53	39.51	2076.30	-2507.41	1620.12
Fixation L	1	11	2263208943	2263477072	268129	1018.92	533.41	28	46	-1	11.32	11.32
Fixation R	1	11	2263208943	2263477072	268129	1018.92	533.41	28	46	-1	11.12	11.12
Saccade L	1	10	2263477072	2263499077	22005	1023.18	554.72	1091.13	547.79	1.42	112.94	0.54	64.68	4468.34	-4493.81	2996.21
Saccade R	1	10	2263477072	2263499077	22005	1023.18	554.72	1091.13	547.79	1.42	112.94	0.54	64.68	4468.34	-4493.81	2996.21
Fixation L	1	12	2263499077	2264790761	1291684	1105.28	538.64	60	46	-1	11.35	11.35
Fixation R	1	12	2263499077	2264790761	1291684	1105.28	538.64	60	46	-1	11.21	11.21
Blink L	1	1	2264790761	2264869674	78913
Blink R	1	1	2264790761	2264869674	78913
Fixation L	1	13	2265045759	2265173750	127991	867.07	930.97	25	51	-1	11.06	11.06
Fixation R	1	13	2265045759	2265173750	127991	867.07	930.97	25	51	-1	10.81	10.81
Saccade L	1	11	2265173750	2265200084	26334	883.92	959.11	932.88	945.29	1.32	89.23	0.54	50.22	3183.00	-3118.98	2204.26
Saccade R	1	11	2265173750	2265200084	26334	883.92	959.11	932.88	945.29	1.32	89.23	0.54	50.22	3183.00	-3118.98	2204.26
Fixation L	1	14	2265200084	2265648024	447940	937.19	939.77	48	66	-1	11.22	11.22
Fixation R	1	14	2265200084	2265648024	447940	937.19	939.77	48	66	-1	10.87	10.87
