[BeGaze]
Converted from:	C:\Program Files\SMI\Experiment Suite 360\Experiment Center 2\Results\RC-Attachment-Exp\P28-eye_data.idf
Date:	18.03.2012 20:23:16
Version:	BeGaze 3.0.181
Sample Rate:	500
Subject:	P28
Description:	Run33

Table Header for Fixations:
Event Type	Trial	Number	Start	End	Duration	Location X	Location Y	Dispersion X	Dispersion Y	Plane	Avg. Pupil Size X	Avg. Pupil Size Y

Table Header for Saccades:
Event Type	Trial	Number	Start	End	Duration	Start Loc.X	Start Loc.Y	End Loc.X	End Loc.Y	Amplitude	Peak Speed	Peak Speed At	Average Speed	Peak Accel.	Peak Decel.	Average Accel.

Table Header for Blinks:
Event Type	Trial	Number	Start	End	Duration

Table Header for User Events:
Event Type	Trial	Number	Start	Description

UserEvent	1	1	14193975097	# Message: RC-N1forced-anim-2.jpg
Fixation L	1	1	14193975303	14194279115	303812	517.61	457.53	43	24	-1	14.27	14.27
Fixation R	1	1	14193975303	14194279115	303812	517.61	457.53	43	24	-1	14.06	14.06
Saccade L	1	1	14194279115	14194307046	27931	518.95	461.42	620.35	456.16	2.17	145.71	0.50	77.82	6041.92	-6116.14	4426.06
Saccade R	1	1	14194279115	14194307046	27931	518.95	461.42	620.35	456.16	2.17	145.71	0.50	77.82	6041.92	-6116.14	4426.06
Fixation L	1	2	14194307046	14194387057	80011	612.98	457.92	23	10	-1	14.11	14.11
Fixation R	1	2	14194307046	14194387057	80011	612.98	457.92	23	10	-1	14.09	14.09
Blink L	1	1	14194387057	14194541341	154284
Blink R	1	1	14194387057	14194541341	154284
Saccade L	1	2	14194561161	14194607158	45997	647.32	396.33	706.32	450.58	1.77	50.51	0.50	38.53	840.91	-1598.52	664.13
Saccade R	1	2	14194561161	14194607158	45997	647.32	396.33	706.32	450.58	1.77	50.51	0.50	38.53	840.91	-1598.52	664.13
Saccade L	1	3	14194611161	14194633151	21990	710.51	450.56	668.92	457.19	0.76	52.86	0.36	34.50	926.43	-1867.97	1014.93
Saccade R	1	3	14194611161	14194633151	21990	710.51	450.56	668.92	457.19	0.76	52.86	0.36	34.50	926.43	-1867.97	1014.93
Fixation L	1	3	14194633151	14194691296	58145	680.32	462.08	23	13	-1	13.77	13.77
Fixation R	1	3	14194633151	14194691296	58145	680.32	462.08	23	13	-1	13.64	13.64
Saccade L	1	4	14194691296	14194738538	47242	680.52	467.24	777.36	458.24	2.25	71.69	0.28	47.72	2723.25	-1931.83	1580.78
Saccade R	1	4	14194691296	14194738538	47242	680.52	467.24	777.36	458.24	2.25	71.69	0.28	47.72	2723.25	-1931.83	1580.78
Fixation L	1	4	14194738538	14194889277	150739	773.13	468.84	27	22	-1	13.87	13.87
Fixation R	1	4	14194738538	14194889277	150739	773.13	468.84	27	22	-1	13.90	13.90
Saccade L	1	5	14194889277	14194946481	57204	767.65	480.71	888.71	455.99	3.25	127.83	0.28	56.84	4843.18	-3328.71	2182.34
Saccade R	1	5	14194889277	14194946481	57204	767.65	480.71	888.71	455.99	3.25	127.83	0.28	56.84	4843.18	-3328.71	2182.34
Fixation L	1	5	14194946481	14195331509	385028	873.54	467.05	42	44	-1	13.64	13.64
Fixation R	1	5	14194946481	14195331509	385028	873.54	467.05	42	44	-1	13.74	13.74
Saccade L	1	6	14195331509	14195359506	27997	890.51	482.59	846.42	477.05	0.93	51.60	0.45	33.28	1924.16	-1603.55	1269.96
Saccade R	1	6	14195331509	14195359506	27997	890.51	482.59	846.42	477.05	0.93	51.60	0.45	33.28	1924.16	-1603.55	1269.96
Saccade L	1	7	14195369526	14195394001	24475	847.99	471.33	912.86	462.19	1.61	116.47	0.57	65.66	4348.50	-4681.42	3006.98
Saccade R	1	7	14195369526	14195394001	24475	847.99	471.33	912.86	462.19	1.61	116.47	0.57	65.66	4348.50	-4681.42	3006.98
Fixation L	1	6	14195433809	14195503887	70078	942.34	453.80	12	19	-1	13.53	13.53
Fixation R	1	6	14195433809	14195503887	70078	942.34	453.80	12	19	-1	13.63	13.63
Saccade L	1	8	14195503887	14195546188	42301	936.96	456.43	1037.38	440.28	2.68	151.10	0.66	63.36	5316.38	-6473.31	3398.82
Saccade R	1	8	14195503887	14195546188	42301	936.96	456.43	1037.38	440.28	2.68	151.10	0.66	63.36	5316.38	-6473.31	3398.82
Fixation L	1	7	14195546188	14195704013	157825	1045.46	462.67	18	42	-1	13.65	13.65
Fixation R	1	7	14195546188	14195704013	157825	1045.46	462.67	18	42	-1	13.84	13.84
Saccade L	1	9	14195704013	14195735615	31602	1035.32	478.23	1143.16	450.75	2.35	144.00	0.43	74.28	5778.11	-5781.87	4250.12
Saccade R	1	9	14195704013	14195735615	31602	1035.32	478.23	1143.16	450.75	2.35	144.00	0.43	74.28	5778.11	-5781.87	4250.12
Fixation L	1	8	14195735615	14195923740	188125	1151.91	466.01	21	28	-1	13.84	13.84
Fixation R	1	8	14195735615	14195923740	188125	1151.91	466.01	21	28	-1	13.93	13.93
Saccade L	1	10	14195923740	14195999732	75992	1151.19	467.20	876.06	999.84	14.51	321.71	0.36	190.91	12668.84	-10575.52	7171.17
Saccade R	1	10	14195923740	14195999732	75992	1151.19	467.20	876.06	999.84	14.51	321.71	0.36	190.91	12668.84	-10575.52	7171.17
Fixation L	1	9	14195999732	14196219858	220126	873.64	989.72	25	65	-1	14.17	14.17
Fixation R	1	9	14195999732	14196219858	220126	873.64	989.72	25	65	-1	14.01	14.01
Saccade L	1	11	14196219858	14196251855	31997	866.49	960.33	893.56	1008.34	1.19	65.30	0.75	37.05	1526.73	-147.49	913.53
Saccade R	1	11	14196219858	14196251855	31997	866.49	960.33	893.56	1008.34	1.19	65.30	0.75	37.05	1526.73	-147.49	913.53
Blink L	1	2	14196265853	14196450084	184231
Blink R	1	2	14196265853	14196450084	184231
Saccade L	1	12	14196477972	14196505964	27992	892.12	890.09	855.99	902.94	0.94	42.00	0.44	33.63	194.52	-1458.31	505.81
Saccade R	1	12	14196477972	14196505964	27992	892.12	890.09	855.99	902.94	0.94	42.00	0.44	33.63	194.52	-1458.31	505.81
Saccade L	1	13	14196505964	14196537972	32008	855.99	902.94	874.17	947.62	1.06	45.50	0.44	33.12	400.60	-1333.93	666.89
Saccade R	1	13	14196505964	14196537972	32008	855.99	902.94	874.17	947.62	1.06	45.50	0.44	33.12	400.60	-1333.93	666.89
Saccade L	1	14	14196564607	14196607962	43355	889.50	949.66	911.19	842.04	3.34	247.21	0.73	77.12	8178.27	-8163.78	4221.52
Saccade R	1	14	14196564607	14196607962	43355	889.50	949.66	911.19	842.04	3.34	247.21	0.73	77.12	8178.27	-8163.78	4221.52
Saccade L	1	15	14196618090	14196666133	48043	909.85	848.37	904.88	1001.12	4.40	247.40	0.29	91.53	8752.53	-7267.09	4396.03
Saccade R	1	15	14196618090	14196666133	48043	909.85	848.37	904.88	1001.12	4.40	247.40	0.29	91.53	8752.53	-7267.09	4396.03
Saccade L	1	16	14196672089	14196705808	33719	909.77	998.51	884.21	941.91	1.52	68.21	0.37	44.98	1930.83	-2493.39	1656.41
Saccade R	1	16	14196672089	14196705808	33719	909.77	998.51	884.21	941.91	1.52	68.21	0.37	44.98	1930.83	-2493.39	1656.41
Fixation L	1	10	14196705808	14196769038	63230	878.38	936.62	18	27	-1	14.02	14.02
Fixation R	1	10	14196705808	14196769038	63230	878.38	936.62	18	27	-1	13.99	13.99
Saccade L	1	17	14196769038	14196830654	61616	865.89	919.43	878.21	979.25	2.23	63.72	0.60	36.12	1467.92	-1703.43	1001.07
Saccade R	1	17	14196769038	14196830654	61616	865.89	919.43	878.21	979.25	2.23	63.72	0.60	36.12	1467.92	-1703.43	1001.07
Fixation L	1	11	14196830654	14196962222	131568	879.91	976.81	34	45	-1	13.76	13.76
Fixation R	1	11	14196830654	14196962222	131568	879.91	976.81	34	45	-1	13.81	13.81
Saccade L	1	18	14196962222	14196992198	29976	889.75	1006.67	917.89	957.76	1.31	77.09	0.47	43.65	2332.48	-2963.38	1900.50
Saccade R	1	18	14196962222	14196992198	29976	889.75	1006.67	917.89	957.76	1.31	77.09	0.47	43.65	2332.48	-2963.38	1900.50
Fixation L	1	12	14196992198	14197152327	160129	892.79	946.87	48	35	-1	13.80	13.80
Fixation R	1	12	14196992198	14197152327	160129	892.79	946.87	48	35	-1	13.82	13.82
