[BeGaze]
Converted from:	C:\Program Files\SMI\Experiment Suite 360\Experiment Center 2\Results\RC-Attachment-Exp\P06-eye_data.idf
Date:	18.03.2012 20:06:01
Version:	BeGaze 3.0.181
Sample Rate:	500
Subject:	P06
Description:	kibrisli

Table Header for Fixations:
Event Type	Trial	Number	Start	End	Duration	Location X	Location Y	Dispersion X	Dispersion Y	Plane	Avg. Pupil Size X	Avg. Pupil Size Y

Table Header for Saccades:
Event Type	Trial	Number	Start	End	Duration	Start Loc.X	Start Loc.Y	End Loc.X	End Loc.Y	Amplitude	Peak Speed	Peak Speed At	Average Speed	Peak Accel.	Peak Decel.	Average Accel.

Table Header for Blinks:
Event Type	Trial	Number	Start	End	Duration

Table Header for User Events:
Event Type	Trial	Number	Start	Description

UserEvent	1	1	6754372402	# Message: Questionnaire2.jpg
Fixation L	1	1	6754434035	6754715978	281943	866.58	976.71	29	38	-1	14.91	14.91
Fixation R	1	1	6754434035	6754715978	281943	866.58	976.71	29	38	-1	15.11	15.11
Saccade L	1	1	6754715978	6754793926	77948	875.20	959.23	422.31	353.39	19.80	498.02	0.46	254.01	21053.23	-13125.20	11539.96
Saccade R	1	1	6754715978	6754793926	77948	875.20	959.23	422.31	353.39	19.80	498.02	0.46	254.01	21053.23	-13125.20	11539.96
Saccade L	1	2	6754827880	6754852987	25107	418.01	331.68	418.08	370.43	0.81	45.93	0.48	32.34	1438.66	-1808.47	1212.20
Saccade R	1	2	6754827880	6754852987	25107	418.01	331.68	418.08	370.43	0.81	45.93	0.48	32.34	1438.66	-1808.47	1212.20
Fixation L	1	2	6754852987	6755004029	151042	416.62	374.21	17	20	-1	14.87	14.87
Fixation R	1	2	6754852987	6755004029	151042	416.62	374.21	17	20	-1	14.68	14.68
Saccade L	1	3	6755004029	6755055993	51964	411.91	372.03	538.96	284.68	4.14	228.78	0.69	79.66	8338.84	-8823.13	4445.26
Saccade R	1	3	6755004029	6755055993	51964	411.91	372.03	538.96	284.68	4.14	228.78	0.69	79.66	8338.84	-8823.13	4445.26
Fixation L	1	3	6755099999	6755163993	63994	556.66	281.18	53	22	-1	14.68	14.68
Fixation R	1	3	6755099999	6755163993	63994	556.66	281.18	53	22	-1	14.58	14.58
Saccade L	1	4	6755163993	6755188126	24133	522.14	265.68	584.62	265.02	1.57	155.70	0.44	65.11	3804.48	-3434.26	2120.54
Saccade R	1	4	6755163993	6755188126	24133	522.14	265.68	584.62	265.02	1.57	155.70	0.44	65.11	3804.48	-3434.26	2120.54
Saccade L	1	5	6755188126	6755242127	54001	584.62	265.02	384.27	383.33	5.79	231.06	0.37	107.17	8436.34	-7365.63	5309.74
Saccade R	1	5	6755188126	6755242127	54001	584.62	265.02	384.27	383.33	5.79	231.06	0.37	107.17	8436.34	-7365.63	5309.74
Fixation L	1	4	6755242127	6755402122	159995	384.94	386.14	21	36	-1	15.04	15.04
Fixation R	1	4	6755242127	6755402122	159995	384.94	386.14	21	36	-1	14.89	14.89
Saccade L	1	6	6755402122	6755446982	44860	387.28	403.82	648.35	432.44	6.10	303.02	0.54	135.95	12326.90	-12492.68	8505.93
Saccade R	1	6	6755402122	6755446982	44860	387.28	403.82	648.35	432.44	6.10	303.02	0.54	135.95	12326.90	-12492.68	8505.93
Saccade L	1	7	6755454127	6755484237	30110	647.50	433.71	628.52	398.75	0.87	40.49	0.27	28.93	799.50	-1060.99	708.19
Saccade R	1	7	6755454127	6755484237	30110	647.50	433.71	628.52	398.75	0.87	40.49	0.27	28.93	799.50	-1060.99	708.19
Fixation L	1	5	6755484237	6755650238	166001	633.94	412.57	46	35	-1	15.52	15.52
Fixation R	1	5	6755484237	6755650238	166001	633.94	412.57	46	35	-1	15.43	15.43
Saccade L	1	8	6755650238	6755692229	41991	644.91	413.96	743.93	385.86	1.97	80.22	0.24	46.98	2848.06	-1629.53	1243.37
Saccade R	1	8	6755650238	6755692229	41991	644.91	413.96	743.93	385.86	1.97	80.22	0.24	46.98	2848.06	-1629.53	1243.37
Saccade L	1	9	6755692229	6755714361	22132	743.93	385.86	715.82	410.62	0.74	44.48	0.64	33.42	368.59	-1157.84	544.60
Saccade R	1	9	6755692229	6755714361	22132	743.93	385.86	715.82	410.62	0.74	44.48	0.64	33.42	368.59	-1157.84	544.60
Saccade L	1	10	6755724280	6755746376	22096	731.96	420.20	744.37	389.83	0.66	49.92	0.46	29.87	1058.66	-1285.66	873.61
Saccade R	1	10	6755724280	6755746376	22096	731.96	420.20	744.37	389.83	0.66	49.92	0.46	29.87	1058.66	-1285.66	873.61
Fixation L	1	6	6755746376	6755916356	169980	743.56	394.42	25	36	-1	16.04	16.04
Fixation R	1	6	6755746376	6755916356	169980	743.56	394.42	25	36	-1	16.01	16.01
Saccade L	1	11	6755916356	6755972585	56229	736.89	399.22	1000.05	377.81	6.50	264.77	0.43	115.63	10554.30	-6463.97	5824.83
Saccade R	1	11	6755916356	6755972585	56229	736.89	399.22	1000.05	377.81	6.50	264.77	0.43	115.63	10554.30	-6463.97	5824.83
Fixation L	1	7	6755972585	6756135039	162454	993.05	371.75	34	21	-1	16.21	16.21
Fixation R	1	7	6755972585	6756135039	162454	993.05	371.75	34	21	-1	16.21	16.21
Saccade L	1	12	6756135039	6756204555	69516	1000.53	367.89	784.42	383.72	19.01	764.23	0.51	273.47	19953.78	-22836.26	12496.10
Saccade R	1	12	6756135039	6756204555	69516	1000.53	367.89	784.42	383.72	19.01	764.23	0.51	273.47	19953.78	-22836.26	12496.10
Saccade L	1	13	6756254552	6756286596	32044	763.28	342.57	731.50	407.71	1.66	105.08	0.25	51.67	2164.04	-3200.38	1562.73
Saccade R	1	13	6756254552	6756286596	32044	763.28	342.57	731.50	407.71	1.66	105.08	0.25	51.67	2164.04	-3200.38	1562.73
Saccade L	1	14	6756296599	6756332984	36385	733.15	409.38	798.30	401.65	1.40	56.08	0.39	38.38	1982.05	-1864.85	1312.60
Saccade R	1	14	6756296599	6756332984	36385	733.15	409.38	798.30	401.65	1.40	56.08	0.39	38.38	1982.05	-1864.85	1312.60
Fixation L	1	8	6756332984	6756408598	75614	782.79	402.08	28	9	-1	16.31	16.31
Fixation R	1	8	6756332984	6756408598	75614	782.79	402.08	28	9	-1	15.97	15.97
Saccade L	1	15	6756408598	6756462599	54001	770.93	403.58	1058.60	359.66	6.56	306.06	0.26	121.47	12793.29	-8912.75	6013.49
Saccade R	1	15	6756408598	6756462599	54001	770.93	403.58	1058.60	359.66	6.56	306.06	0.26	121.47	12793.29	-8912.75	6013.49
Fixation L	1	9	6756462599	6756748712	286113	1049.51	365.00	32	25	-1	16.49	16.49
Fixation R	1	9	6756462599	6756748712	286113	1049.51	365.00	32	25	-1	16.21	16.21
Saccade L	1	16	6756748712	6756812710	63998	1058.45	353.62	420.71	478.65	15.61	516.56	0.42	243.89	21426.46	-12637.26	11962.48
Saccade R	1	16	6756748712	6756812710	63998	1058.45	353.62	420.71	478.65	15.61	516.56	0.42	243.89	21426.46	-12637.26	11962.48
Fixation L	1	10	6756894842	6757134985	240143	418.41	486.34	41	33	-1	16.72	16.72
Fixation R	1	10	6756894842	6757134985	240143	418.41	486.34	41	33	-1	16.31	16.31
Fixation L	1	11	6757154970	6757206973	52003	425.21	499.74	31	24	-1	16.72	16.72
Fixation R	1	11	6757154970	6757206973	52003	425.21	499.74	31	24	-1	16.34	16.34
Blink L	1	1	6757206973	6757290965	83992
Blink R	1	1	6757206973	6757290965	83992
Fixation L	1	12	6757290965	6757444175	153210	403.81	529.66	31	19	-1	16.47	16.47
Fixation R	1	12	6757290965	6757444175	153210	403.81	529.66	31	19	-1	16.26	16.26
Saccade L	1	17	6757444175	6757499083	54908	403.19	540.58	414.25	519.82	1.59	48.16	0.75	29.02	1043.65	-1270.84	680.46
Saccade R	1	17	6757444175	6757499083	54908	403.19	540.58	414.25	519.82	1.59	48.16	0.75	29.02	1043.65	-1270.84	680.46
Fixation L	1	13	6757499083	6758003328	504245	382.25	539.76	53	41	-1	15.91	15.91
Fixation R	1	13	6757499083	6758003328	504245	382.25	539.76	53	41	-1	15.87	15.87
UserEvent	1	72	6757983941	# Message: UE-mouseclick left x=353 y=469
Saccade L	1	18	6758003328	6758025330	22002	387.89	538.03	356.16	536.10	0.67	42.28	0.46	30.55	1484.74	-1143.87	948.44
Saccade R	1	18	6758003328	6758025330	22002	387.89	538.03	356.16	536.10	0.67	42.28	0.46	30.55	1484.74	-1143.87	948.44
Fixation L	1	14	6758025330	6758082202	56872	370.04	532.53	36	25	-1	15.65	15.65
Fixation R	1	14	6758025330	6758082202	56872	370.04	532.53	36	25	-1	15.41	15.41
Saccade L	1	19	6758082202	6758105319	23117	389.20	523.26	352.82	551.79	0.91	58.66	0.40	39.38	1548.43	-1693.02	1210.88
Saccade R	1	19	6758082202	6758105319	23117	389.20	523.26	352.82	551.79	0.91	58.66	0.40	39.38	1548.43	-1693.02	1210.88
Saccade L	1	20	6758113673	6758141449	27776	356.57	555.50	380.15	517.95	0.99	50.88	0.57	35.60	1478.26	-1897.94	1173.59
Saccade R	1	20	6758113673	6758141449	27776	356.57	555.50	380.15	517.95	0.99	50.88	0.57	35.60	1478.26	-1897.94	1173.59
Fixation L	1	15	6758141449	6758953806	812357	371.53	523.67	33	48	-1	15.14	15.14
Fixation R	1	15	6758141449	6758953806	812357	371.53	523.67	33	48	-1	15.02	15.02
UserEvent	1	90	6758609201	# Message: UE-mouseclick left x=359 y=472
Saccade L	1	21	6758953806	6758981796	27990	354.88	530.62	377.06	578.04	1.08	61.62	0.47	38.68	2345.74	-2109.80	1632.97
Saccade R	1	21	6758953806	6758981796	27990	354.88	530.62	377.06	578.04	1.08	61.62	0.47	38.68	2345.74	-2109.80	1632.97
Fixation L	1	16	6758981796	6759314172	332376	385.81	561.89	44	64	-1	14.75	14.75
Fixation R	1	16	6758981796	6759314172	332376	385.81	561.89	44	64	-1	14.82	14.82
UserEvent	1	108	6759263879	# Message: UE-mouseclick left x=375 y=535
Saccade L	1	22	6759314172	6759367049	52877	380.33	546.80	363.93	562.43	1.96	56.45	0.41	37.00	1715.85	-941.83	611.44
Saccade R	1	22	6759314172	6759367049	52877	380.33	546.80	363.93	562.43	1.96	56.45	0.41	37.00	1715.85	-941.83	611.44
