[BeGaze]
Converted from:	C:\Program Files\SMI\Experiment Suite 360\Experiment Center 2\Results\RC-Attachment-Exp\Denek04-eye_data.idf
Date:	24.02.2012 09:58:11
Version:	BeGaze 3.0.181
Sample Rate:	500
Subject:	Denek04
Description:	Run7

Table Header for Fixations:
Event Type	Trial	Number	Start	End	Duration	Location X	Location Y	Dispersion X	Dispersion Y	Plane	Avg. Pupil Size X	Avg. Pupil Size Y

Table Header for Saccades:
Event Type	Trial	Number	Start	End	Duration	Start Loc.X	Start Loc.Y	End Loc.X	End Loc.Y	Amplitude	Peak Speed	Peak Speed At	Average Speed	Peak Accel.	Peak Decel.	Average Accel.

Table Header for Blinks:
Event Type	Trial	Number	Start	End	Duration

Table Header for User Events:
Event Type	Trial	Number	Start	Description

UserEvent	1	1	6757950527	# Message: RC-nonforced-anim-5.jpg
Fixation L	1	1	6757965571	6758255296	289725	497.92	446.25	25	34	-1	11.38	11.38
Fixation R	1	1	6757965571	6758255296	289725	497.92	446.25	25	34	-1	11.98	11.98
Saccade L	1	1	6758255296	6758277300	22004	490.07	456.47	540.49	455.12	1.09	86.72	0.46	49.47	3294.05	-2678.81	2008.52
Saccade R	1	1	6758255296	6758277300	22004	490.07	456.47	540.49	455.12	1.09	86.72	0.46	49.47	3294.05	-2678.81	2008.52
Fixation L	1	2	6758277300	6758721565	444265	529.80	439.45	32	56	-1	11.23	11.23
Fixation R	1	2	6758277300	6758721565	444265	529.80	439.45	32	56	-1	11.68	11.68
Saccade L	1	2	6758721565	6758745533	23968	523.33	417.68	618.07	434.55	2.05	163.91	0.50	85.56	5989.83	-6415.30	4382.95
Saccade R	1	2	6758721565	6758745533	23968	523.33	417.68	618.07	434.55	2.05	163.91	0.50	85.56	5989.83	-6415.30	4382.95
Fixation L	1	3	6758745533	6758909527	163994	609.51	441.66	29	22	-1	11.18	11.18
Fixation R	1	3	6758745533	6758909527	163994	609.51	441.66	29	22	-1	11.69	11.69
Saccade L	1	3	6758909527	6758931667	22140	629.11	448.45	672.79	441.76	0.91	64.78	0.58	41.12	1962.73	-2016.67	1399.20
Saccade R	1	3	6758909527	6758931667	22140	629.11	448.45	672.79	441.76	0.91	64.78	0.58	41.12	1962.73	-2016.67	1399.20
Fixation L	1	4	6758931667	6759112851	181184	658.27	443.34	19	19	-1	11.22	11.22
Fixation R	1	4	6758931667	6759112851	181184	658.27	443.34	19	19	-1	11.73	11.73
Saccade L	1	4	6759112851	6759139635	26784	657.33	452.32	734.02	435.00	1.64	117.45	0.40	61.39	4824.06	-4311.21	3254.88
Saccade R	1	4	6759112851	6759139635	26784	657.33	452.32	734.02	435.00	1.64	117.45	0.40	61.39	4824.06	-4311.21	3254.88
Fixation L	1	5	6759139635	6759437756	298121	726.39	441.87	24	23	-1	11.22	11.22
Fixation R	1	5	6759139635	6759437756	298121	726.39	441.87	24	23	-1	11.91	11.91
Saccade L	1	5	6759437756	6759465876	28120	721.38	446.54	814.63	435.95	2.03	133.67	0.43	72.29	5721.23	-5375.32	4036.58
Saccade R	1	5	6759437756	6759465876	28120	721.38	446.54	814.63	435.95	2.03	133.67	0.43	72.29	5721.23	-5375.32	4036.58
Fixation L	1	6	6759465876	6759677868	211992	807.09	437.68	23	27	-1	11.39	11.39
Fixation R	1	6	6759465876	6759677868	211992	807.09	437.68	23	27	-1	12.05	12.05
Saccade L	1	6	6759677868	6759701864	23996	808.19	453.88	856.69	441.14	1.08	72.04	0.50	45.07	2580.50	-2552.13	1808.47
Saccade R	1	6	6759677868	6759701864	23996	808.19	453.88	856.69	441.14	1.08	72.04	0.50	45.07	2580.50	-2552.13	1808.47
Fixation L	1	7	6759701864	6759859978	158114	849.84	454.65	16	27	-1	11.50	11.50
Fixation R	1	7	6759701864	6759859978	158114	849.84	454.65	16	27	-1	12.17	12.17
Saccade L	1	7	6759859978	6759884006	24028	847.16	451.89	896.59	463.04	1.14	80.46	0.42	47.60	2870.69	-3015.49	2067.50
Saccade R	1	7	6759859978	6759884006	24028	847.16	451.89	896.59	463.04	1.14	80.46	0.42	47.60	2870.69	-3015.49	2067.50
Fixation L	1	8	6759884006	6760048108	164102	894.75	456.23	15	18	-1	11.62	11.62
Fixation R	1	8	6759884006	6760048108	164102	894.75	456.23	15	18	-1	12.20	12.20
Saccade L	1	8	6760048108	6760076133	28025	901.99	461.01	957.89	439.71	1.51	102.30	0.36	53.91	4149.80	-3674.44	2640.42
Saccade R	1	8	6760048108	6760076133	28025	901.99	461.01	957.89	439.71	1.51	102.30	0.36	53.91	4149.80	-3674.44	2640.42
Fixation L	1	9	6760076133	6760208096	131963	955.76	442.99	7	18	-1	11.65	11.65
Fixation R	1	9	6760076133	6760208096	131963	955.76	442.99	7	18	-1	12.25	12.25
Saccade L	1	9	6760208096	6760230122	22026	952.68	446.83	1006.68	445.51	1.12	85.51	0.46	50.63	3260.66	-3349.72	2233.82
Saccade R	1	9	6760208096	6760230122	22026	952.68	446.83	1006.68	445.51	1.12	85.51	0.46	50.63	3260.66	-3349.72	2233.82
Fixation L	1	10	6760230122	6760382214	152092	1010.08	443.34	18	15	-1	11.63	11.63
Fixation R	1	10	6760230122	6760382214	152092	1010.08	443.34	18	15	-1	12.29	12.29
Saccade L	1	10	6760382214	6760410257	28043	1005.44	447.59	1127.35	457.24	2.53	168.51	0.50	90.27	7033.14	-6821.09	5071.93
Saccade R	1	10	6760382214	6760410257	28043	1005.44	447.59	1127.35	457.24	2.53	168.51	0.50	90.27	7033.14	-6821.09	5071.93
Fixation L	1	11	6760410257	6760557283	147026	1104.49	449.17	33	14	-1	11.43	11.43
Fixation R	1	11	6760410257	6760557283	147026	1104.49	449.17	33	14	-1	12.24	12.24
Saccade L	1	11	6760557283	6760648381	91098	1103.68	446.69	827.60	971.37	14.51	304.39	0.54	159.24	11205.96	-9077.92	5421.58
Saccade R	1	11	6760557283	6760648381	91098	1103.68	446.69	827.60	971.37	14.51	304.39	0.54	159.24	11205.96	-9077.92	5421.58
Fixation L	1	12	6760648381	6760748363	99982	821.77	940.34	20	40	-1	11.88	11.88
Fixation R	1	12	6760648381	6760748363	99982	821.77	940.34	20	40	-1	12.54	12.54
Saccade L	1	12	6760748363	6760770385	22022	830.64	958.07	849.06	915.64	0.87	61.37	0.45	39.53	2181.11	-2281.41	1596.41
Saccade R	1	12	6760748363	6760770385	22022	830.64	958.07	849.06	915.64	0.87	61.37	0.45	39.53	2181.11	-2281.41	1596.41
Fixation L	1	13	6760770385	6760860456	90071	848.24	928.94	13	25	-1	11.98	11.98
Fixation R	1	13	6760770385	6760860456	90071	848.24	928.94	13	25	-1	12.45	12.45
Fixation L	1	14	6760880761	6761906900	1026139	865.47	950.93	42	41	-1	11.86	11.86
Fixation R	1	14	6760880761	6761906900	1026139	865.47	950.93	42	41	-1	12.60	12.60
