[BeGaze]
Converted from:	C:\Program Files\SMI\Experiment Suite 360\Experiment Center 2\Results\RC-Attachment-Exp\deneme-eye_data.idf
Date:	18.03.2012 20:03:23
Version:	BeGaze 3.0.181
Sample Rate:	500
Subject:	deneme
Description:	Run3

Table Header for Fixations:
Event Type	Trial	Number	Start	End	Duration	Location X	Location Y	Dispersion X	Dispersion Y	Plane	Avg. Pupil Size X	Avg. Pupil Size Y

Table Header for Saccades:
Event Type	Trial	Number	Start	End	Duration	Start Loc.X	Start Loc.Y	End Loc.X	End Loc.Y	Amplitude	Peak Speed	Peak Speed At	Average Speed	Peak Accel.	Peak Decel.	Average Accel.

Table Header for Blinks:
Event Type	Trial	Number	Start	End	Duration

Table Header for User Events:
Event Type	Trial	Number	Start	Description

UserEvent	1	1	8951994770	# Message: Dist-orthm-30.jpg
Fixation L	1	1	8952000687	8952337125	336438	472.25	437.73	35	20	-1	9.39	9.39
Fixation R	1	1	8952000687	8952337125	336438	472.25	437.73	35	20	-1	9.01	9.01
Saccade L	1	1	8952337125	8952365229	28104	473.64	434.91	519.24	436.34	1.00	56.52	0.36	35.52	1962.59	-2062.19	1390.50
Saccade R	1	1	8952337125	8952365229	28104	473.64	434.91	519.24	436.34	1.00	56.52	0.36	35.52	1962.59	-2062.19	1390.50
Fixation L	1	2	8952365229	8952475256	110027	515.13	432.95	13	13	-1	9.58	9.58
Fixation R	1	2	8952365229	8952475256	110027	515.13	432.95	13	13	-1	9.09	9.09
Saccade L	1	2	8952475256	8952523226	47970	515.52	429.22	565.95	417.91	6.83	230.26	0.55	142.33	8213.21	-11107.93	6792.93
Saccade R	1	2	8952475256	8952523226	47970	515.52	429.22	565.95	417.91	6.83	230.26	0.55	142.33	8213.21	-11107.93	6792.93
Fixation L	1	3	8952523226	8952657349	134123	572.87	420.99	14	13	-1	9.70	9.70
Fixation R	1	3	8952523226	8952657349	134123	572.87	420.99	14	13	-1	9.25	9.25
Saccade L	1	3	8952657349	8952685368	28019	570.89	423.74	654.04	411.45	1.72	106.44	0.43	61.44	4474.24	-4264.91	3223.90
Saccade R	1	3	8952657349	8952685368	28019	570.89	423.74	654.04	411.45	1.72	106.44	0.43	61.44	4474.24	-4264.91	3223.90
Fixation L	1	4	8952685368	8952876075	190707	649.91	425.32	25	27	-1	9.75	9.75
Fixation R	1	4	8952685368	8952876075	190707	649.91	425.32	25	27	-1	9.35	9.35
Saccade L	1	4	8952876075	8952897520	21445	658.23	429.71	699.14	428.42	0.93	70.40	0.43	43.30	2684.36	-2704.13	1819.73
Saccade R	1	4	8952876075	8952897520	21445	658.23	429.71	699.14	428.42	0.93	70.40	0.43	43.30	2684.36	-2704.13	1819.73
Fixation L	1	5	8952897520	8953031460	133940	711.06	435.86	19	17	-1	9.69	9.69
Fixation R	1	5	8952897520	8953031460	133940	711.06	435.86	19	17	-1	9.31	9.31
Saccade L	1	5	8953031460	8953057464	26004	716.89	438.41	787.95	440.57	1.55	102.28	0.47	59.45	3804.35	-4342.37	2958.59
Saccade R	1	5	8953031460	8953057464	26004	716.89	438.41	787.95	440.57	1.55	102.28	0.47	59.45	3804.35	-4342.37	2958.59
Fixation L	1	6	8953057464	8953133459	75995	787.32	443.45	10	11	-1	9.56	9.56
Fixation R	1	6	8953057464	8953133459	75995	787.32	443.45	10	11	-1	9.29	9.29
Fixation L	1	7	8953148212	8953291577	143365	786.86	439.59	24	99	-1	9.49	9.49
Fixation R	1	7	8953148212	8953291577	143365	786.86	439.59	24	99	-1	9.19	9.19
Saccade L	1	6	8953291577	8953321589	30012	788.84	440.58	862.71	428.84	1.70	98.72	0.49	56.53	3540.47	-4223.47	2844.83
Saccade R	1	6	8953291577	8953321589	30012	788.84	440.58	862.71	428.84	1.70	98.72	0.49	56.53	3540.47	-4223.47	2844.83
Fixation L	1	8	8953321589	8953627733	306144	854.94	432.14	24	29	-1	9.42	9.42
Fixation R	1	8	8953321589	8953627733	306144	854.94	432.14	24	29	-1	9.11	9.11
Saccade L	1	7	8953627733	8953655710	27977	853.80	415.85	931.73	424.88	1.64	99.76	0.43	58.67	3593.11	-3732.02	2714.30
Saccade R	1	7	8953627733	8953655710	27977	853.80	415.85	931.73	424.88	1.64	99.76	0.43	58.67	3593.11	-3732.02	2714.30
Fixation L	1	9	8953655710	8953811826	156116	942.93	423.30	22	32	-1	9.38	9.38
Fixation R	1	9	8953655710	8953811826	156116	942.93	423.30	22	32	-1	9.04	9.04
Blink L	1	1	8953811826	8953949850	138024
Saccade R	1	8	8953811826	8953863891	52065	932.76	435.26	0.00	0.00	29.26	1699.05	0.50	561.97	60998.79	-53917.69	33790.48
Fixation L	1	10	8953949850	8954027937	78087	980.84	400.88	11	25	-1	9.52	9.52
Fixation R	1	10	8953949850	8954027937	78087	980.84	400.88	11	25	-1	9.21	9.21
Saccade L	1	8	8954027937	8954054296	26359	981.53	396.30	1049.89	393.58	1.50	104.14	0.46	57.04	3684.80	-4138.29	2812.42
Saccade R	1	9	8954027937	8954054296	26359	981.53	396.30	1049.89	393.58	1.50	104.14	0.46	57.04	3684.80	-4138.29	2812.42
Fixation L	1	11	8954054296	8954149926	95630	1051.05	404.03	30	26	-1	9.46	9.46
Fixation R	1	11	8954054296	8954149926	95630	1051.05	404.03	30	26	-1	9.24	9.24
Saccade L	1	9	8954149926	8954175952	26026	1069.93	400.80	1037.04	426.60	0.88	49.31	0.39	33.70	1605.18	-1056.80	953.35
Saccade R	1	10	8954149926	8954175952	26026	1069.93	400.80	1037.04	426.60	0.88	49.31	0.39	33.70	1605.18	-1056.80	953.35
Saccade L	1	10	8954203934	8954284063	80129	1042.77	389.94	1031.32	403.83	2.47	46.16	0.41	30.81	697.41	-992.72	444.31
Saccade R	1	11	8954203934	8954284063	80129	1042.77	389.94	1031.32	403.83	2.47	46.16	0.41	30.81	697.41	-992.72	444.31
Saccade L	1	11	8954304053	8954330079	26026	1024.56	400.61	1070.32	385.97	0.97	51.95	0.46	37.11	1945.51	-1742.74	1347.99
Saccade R	1	12	8954304053	8954330079	26026	1024.56	400.61	1070.32	385.97	0.97	51.95	0.46	37.11	1945.51	-1742.74	1347.99
Fixation L	1	12	8954330079	8954578173	248094	1075.00	406.87	39	41	-1	9.48	9.48
Fixation R	1	12	8954330079	8954578173	248094	1075.00	406.87	39	41	-1	9.27	9.27
Saccade L	1	12	8954578173	8954608200	30027	1074.36	405.61	1127.47	398.57	1.20	63.67	0.28	39.95	2604.00	-2283.48	1681.82
Saccade R	1	13	8954578173	8954608200	30027	1074.36	405.61	1127.47	398.57	1.20	63.67	0.28	39.95	2604.00	-2283.48	1681.82
Fixation L	1	13	8954608200	8955010288	402088	1111.85	410.75	78	30	-1	9.59	9.59
Fixation R	1	13	8954608200	8955010288	402088	1111.85	410.75	78	30	-1	9.23	9.23
Saccade L	1	13	8955010288	8955042276	31988	1085.11	420.85	1152.23	396.72	1.67	94.10	0.56	52.26	3246.17	-3705.92	2510.58
Saccade R	1	14	8955010288	8955042276	31988	1085.11	420.85	1152.23	396.72	1.67	94.10	0.56	52.26	3246.17	-3705.92	2510.58
Fixation L	1	14	8955042276	8955398522	356246	1155.33	412.21	45	35	-1	9.62	9.62
Fixation R	1	14	8955042276	8955398522	356246	1155.33	412.21	45	35	-1	9.34	9.34
Saccade L	1	14	8955398522	8955482534	84012	1173.86	406.51	567.67	434.60	13.86	329.05	0.34	164.99	13379.51	-7571.95	6263.80
Saccade R	1	15	8955398522	8955482534	84012	1173.86	406.51	567.67	434.60	13.86	329.05	0.34	164.99	13379.51	-7571.95	6263.80
Fixation L	1	15	8955482534	8955658627	176093	564.91	438.05	13	33	-1	9.81	9.81
Fixation R	1	15	8955482534	8955658627	176093	564.91	438.05	13	33	-1	9.28	9.28
Saccade L	1	15	8955658627	8955680644	22017	564.96	431.80	506.30	440.82	1.32	100.17	0.45	59.98	3644.85	-3575.60	2485.10
Saccade R	1	16	8955658627	8955680644	22017	564.96	431.80	506.30	440.82	1.32	100.17	0.45	59.98	3644.85	-3575.60	2485.10
Fixation L	1	16	8955680644	8955994750	314106	508.43	441.90	23	30	-1	9.85	9.85
Fixation R	1	16	8955680644	8955994750	314106	508.43	441.90	23	30	-1	9.26	9.26
Saccade L	1	16	8955994750	8956020750	26000	515.51	424.61	584.71	425.30	1.40	93.87	0.46	53.66	3857.89	-3719.91	2664.00
Saccade R	1	17	8955994750	8956020750	26000	515.51	424.61	584.71	425.30	1.40	93.87	0.46	53.66	3857.89	-3719.91	2664.00
Fixation L	1	17	8956020750	8956186866	166116	579.36	435.47	16	26	-1	9.82	9.82
Fixation R	1	17	8956020750	8956186866	166116	579.36	435.47	16	26	-1	9.15	9.15
Saccade L	1	17	8956186866	8956215373	28507	579.02	443.30	638.04	429.06	1.61	105.96	0.42	56.44	4282.86	-4079.92	2953.21
Saccade R	1	18	8956186866	8956215373	28507	579.02	443.30	638.04	429.06	1.61	105.96	0.42	56.44	4282.86	-4079.92	2953.21
Fixation L	1	18	8956215373	8956398990	183617	647.63	432.51	17	18	-1	9.73	9.73
Fixation R	1	18	8956215373	8956398990	183617	647.63	432.51	17	18	-1	9.17	9.17
Saccade L	1	18	8956398990	8956435149	36159	650.48	423.33	710.46	414.40	1.47	74.00	0.56	40.60	2439.48	-2884.45	1871.75
Saccade R	1	19	8956398990	8956435149	36159	650.48	423.33	710.46	414.40	1.47	74.00	0.56	40.60	2439.48	-2884.45	1871.75
Fixation L	1	19	8956435149	8956595180	160031	716.33	428.17	16	26	-1	9.66	9.66
Fixation R	1	19	8956435149	8956595180	160031	716.33	428.17	16	26	-1	9.21	9.21
Saccade L	1	19	8956595180	8956622977	27797	710.35	428.58	783.51	436.16	1.76	115.63	0.50	63.29	4317.46	-4429.74	3072.46
Saccade R	1	20	8956595180	8956622977	27797	710.35	428.58	783.51	436.16	1.76	115.63	0.50	63.29	4317.46	-4429.74	3072.46
Fixation L	1	20	8956622977	8956809114	186137	795.06	432.92	27	16	-1	9.63	9.63
Fixation R	1	20	8956622977	8956809114	186137	795.06	432.92	27	16	-1	9.21	9.21
Saccade L	1	20	8956809114	8956833114	24000	789.35	426.13	847.16	427.02	1.24	88.18	0.51	51.74	2943.22	-3170.84	2055.41
Saccade R	1	21	8956809114	8956833114	24000	789.35	426.13	847.16	427.02	1.24	88.18	0.51	51.74	2943.22	-3170.84	2055.41
Fixation L	1	21	8956833114	8956977098	143984	854.51	416.49	35	18	-1	9.69	9.69
Fixation R	1	21	8956833114	8956977098	143984	854.51	416.49	35	18	-1	9.21	9.21
Saccade L	1	21	8956977098	8957003225	26127	862.28	421.09	938.61	416.72	1.78	119.29	0.54	68.25	4823.01	-4731.99	3379.94
Saccade R	1	22	8956977098	8957003225	26127	862.28	421.09	938.61	416.72	1.78	119.29	0.54	68.25	4823.01	-4731.99	3379.94
Fixation L	1	22	8957003225	8957261342	258117	948.92	418.75	26	23	-1	9.74	9.74
Fixation R	1	22	8957003225	8957261342	258117	948.92	418.75	26	23	-1	9.36	9.36
Saccade L	1	22	8957261342	8957285362	24020	951.43	432.90	1042.95	415.02	1.97	148.01	0.50	81.89	5809.19	-6103.45	4121.18
Saccade R	1	23	8957261342	8957285362	24020	951.43	432.90	1042.95	415.02	1.97	148.01	0.50	81.89	5809.19	-6103.45	4121.18
Fixation L	1	23	8957285362	8957457328	171966	1039.73	407.86	11	12	-1	9.69	9.69
Fixation R	1	23	8957285362	8957457328	171966	1039.73	407.86	11	12	-1	9.29	9.29
Saccade L	1	23	8957457328	8957479460	22132	1043.36	408.20	1079.67	407.43	0.77	48.56	0.55	34.72	1719.88	-1433.43	1091.20
Saccade R	1	24	8957457328	8957479460	22132	1043.36	408.20	1079.67	407.43	0.77	48.56	0.55	34.72	1719.88	-1433.43	1091.20
Fixation L	1	24	8957479460	8957615456	135996	1077.17	408.12	44	21	-1	9.62	9.62
Fixation R	1	24	8957479460	8957615456	135996	1077.17	408.12	44	21	-1	9.41	9.41
Saccade L	1	24	8957615456	8957645486	30030	1086.49	422.51	1161.22	389.05	1.89	115.43	0.47	62.84	3961.84	-4822.33	3224.12
Saccade R	1	25	8957615456	8957645486	30030	1086.49	422.51	1161.22	389.05	1.89	115.43	0.47	62.84	3961.84	-4822.33	3224.12
Fixation L	1	25	8957645486	8957825948	180462	1155.64	404.53	39	45	-1	9.56	9.56
Fixation R	1	25	8957645486	8957825948	180462	1155.64	404.53	39	45	-1	9.22	9.22
Saccade L	1	25	8957825948	8958001571	175623	1140.12	430.84	930.64	964.23	14.56	196.03	0.21	82.92	7801.28	-4726.68	1764.99
Saccade R	1	26	8957825948	8958001571	175623	1140.12	430.84	930.64	964.23	14.56	196.03	0.21	82.92	7801.28	-4726.68	1764.99
Fixation L	1	26	8958001571	8958089685	88114	937.96	964.08	13	8	-1	9.75	9.75
Fixation R	1	26	8958001571	8958089685	88114	937.96	964.08	13	8	-1	9.81	9.81
Saccade L	1	26	8958089685	8958125701	36016	945.56	963.88	855.41	993.53	2.25	136.40	0.28	62.51	5496.97	-4818.58	3222.25
Saccade R	1	27	8958089685	8958125701	36016	945.56	963.88	855.41	993.53	2.25	136.40	0.28	62.51	5496.97	-4818.58	3222.25
Fixation L	1	27	8958125701	8958201685	75984	859.76	995.06	25	18	-1	9.57	9.57
Fixation R	1	27	8958125701	8958201685	75984	859.76	995.06	25	18	-1	9.75	9.75
Saccade L	1	27	8958201685	8958260692	59007	850.34	990.49	894.51	970.59	1.86	48.89	0.56	31.53	1319.52	-1136.40	777.56
Saccade R	1	28	8958201685	8958260692	59007	850.34	990.49	894.51	970.59	1.86	48.89	0.56	31.53	1319.52	-1136.40	777.56
Saccade L	1	28	8958265686	8958307823	42137	889.32	968.22	835.31	985.05	1.45	47.30	0.43	34.37	1290.40	-1210.82	902.58
Saccade R	1	29	8958265686	8958307823	42137	889.32	968.22	835.31	985.05	1.45	47.30	0.43	34.37	1290.40	-1210.82	902.58
Saccade L	1	29	8958313812	8958355895	42083	836.92	977.75	878.60	946.82	1.26	40.36	0.48	29.83	894.26	-878.53	579.01
Saccade R	1	30	8958313812	8958355895	42083	836.92	977.75	878.60	946.82	1.26	40.36	0.48	29.83	894.26	-878.53	579.01
Saccade L	1	30	8958355895	8958389807	33912	878.60	946.82	881.59	986.67	1.03	43.33	0.57	30.52	913.62	-1604.45	856.72
Saccade R	1	31	8958355895	8958389807	33912	878.60	946.82	881.59	986.67	1.03	43.33	0.57	30.52	913.62	-1604.45	856.72
Saccade L	1	31	8958409808	8958433931	24123	885.78	979.32	842.98	969.92	0.92	59.07	0.66	38.07	2321.78	0.00	691.95
Saccade R	1	32	8958409808	8958433931	24123	885.78	979.32	842.98	969.92	0.92	59.07	0.66	38.07	2321.78	0.00	691.95
