[BeGaze]
Converted from:	C:\Program Files\SMI\Experiment Suite 360\Experiment Center 2\Results\RC-Attachment-Exp\P15-eye_data.idf
Date:	18.03.2012 20:11:17
Version:	BeGaze 3.0.181
Sample Rate:	500
Subject:	P15
Description:	Run20

Table Header for Fixations:
Event Type	Trial	Number	Start	End	Duration	Location X	Location Y	Dispersion X	Dispersion Y	Plane	Avg. Pupil Size X	Avg. Pupil Size Y

Table Header for Saccades:
Event Type	Trial	Number	Start	End	Duration	Start Loc.X	Start Loc.Y	End Loc.X	End Loc.Y	Amplitude	Peak Speed	Peak Speed At	Average Speed	Peak Accel.	Peak Decel.	Average Accel.

Table Header for Blinks:
Event Type	Trial	Number	Start	End	Duration

Table Header for User Events:
Event Type	Trial	Number	Start	Description

UserEvent	1	1	2330686359	# Message: RC-nonforced-anim-1.jpg
Fixation L	1	1	2330688371	2331196222	507851	497.00	457.41	25	40	-1	13.42	13.42
Fixation R	1	1	2330688371	2331196222	507851	497.00	457.41	25	40	-1	13.02	13.02
Saccade L	1	1	2331196222	2331224346	28124	506.42	449.76	542.43	444.60	0.86	41.40	0.43	30.44	1483.22	-1086.32	899.65
Saccade R	1	1	2331196222	2331224346	28124	506.42	449.76	542.43	444.60	0.86	41.40	0.43	30.44	1483.22	-1086.32	899.65
Fixation L	1	2	2331268960	2331444425	175465	538.39	444.04	18	15	-1	13.35	13.35
Fixation R	1	2	2331268960	2331444425	175465	538.39	444.04	18	15	-1	13.03	13.03
Saccade L	1	2	2331444425	2331470499	26074	533.21	442.48	569.36	434.32	0.80	42.63	0.46	30.62	1718.98	-1311.12	1023.58
Saccade R	1	2	2331444425	2331470499	26074	533.21	442.48	569.36	434.32	0.80	42.63	0.46	30.62	1718.98	-1311.12	1023.58
Fixation L	1	3	2331470499	2331630424	159925	585.89	440.64	24	16	-1	13.20	13.20
Fixation R	1	3	2331470499	2331630424	159925	585.89	440.64	24	16	-1	12.89	12.89
Saccade L	1	3	2331630424	2331666470	36046	589.85	438.55	639.43	432.90	1.06	43.67	0.28	29.50	1710.15	-887.23	797.83
Saccade R	1	3	2331630424	2331666470	36046	589.85	438.55	639.43	432.90	1.06	43.67	0.28	29.50	1710.15	-887.23	797.83
Fixation L	1	4	2331666470	2331884541	218071	651.22	442.59	20	17	-1	13.43	13.43
Fixation R	1	4	2331666470	2331884541	218071	651.22	442.59	20	17	-1	13.05	13.05
Saccade L	1	4	2331884541	2331914551	30010	661.31	446.87	707.11	460.44	1.05	51.08	0.47	34.97	1899.98	-1995.31	1406.20
Saccade R	1	4	2331884541	2331914551	30010	661.31	446.87	707.11	460.44	1.05	51.08	0.47	34.97	1899.98	-1995.31	1406.20
Fixation L	1	5	2331914551	2332446797	532246	674.72	449.85	65	31	-1	13.44	13.44
Fixation R	1	5	2331914551	2332446797	532246	674.72	449.85	65	31	-1	12.99	12.99
Saccade L	1	5	2332446797	2332493090	46293	643.01	457.18	700.28	422.40	1.64	55.57	0.65	35.45	1100.72	-2111.09	1061.77
Saccade R	1	5	2332446797	2332493090	46293	643.01	457.18	700.28	422.40	1.64	55.57	0.65	35.45	1100.72	-2111.09	1061.77
Fixation L	1	6	2332493090	2332630934	137844	702.55	435.99	13	26	-1	13.39	13.39
Fixation R	1	6	2332493090	2332630934	137844	702.55	435.99	13	26	-1	12.96	12.96
Saccade L	1	6	2332630934	2332656913	25979	702.24	443.61	737.89	431.08	0.79	40.19	0.38	30.23	1464.60	-1131.88	895.02
Saccade R	1	6	2332630934	2332656913	25979	702.24	443.61	737.89	431.08	0.79	40.19	0.38	30.23	1464.60	-1131.88	895.02
Fixation L	1	7	2332656913	2332809017	152104	751.67	423.28	23	18	-1	13.30	13.30
Fixation R	1	7	2332656913	2332809017	152104	751.67	423.28	23	18	-1	12.85	12.85
Saccade L	1	7	2332809017	2332859052	50035	759.63	427.05	649.64	430.04	2.43	80.12	0.32	48.63	3291.65	-2072.28	1881.42
Saccade R	1	7	2332809017	2332859052	50035	759.63	427.05	649.64	430.04	2.43	80.12	0.32	48.63	3291.65	-2072.28	1881.42
Fixation L	1	8	2332859052	2333205132	346080	657.47	439.24	17	24	-1	13.49	13.49
Fixation R	1	8	2332859052	2333205132	346080	657.47	439.24	17	24	-1	12.94	12.94
Saccade L	1	8	2333205132	2333245128	39996	656.48	450.17	765.30	454.34	2.36	109.62	0.35	59.11	4235.75	-3736.22	2790.30
Saccade R	1	8	2333205132	2333245128	39996	656.48	450.17	765.30	454.34	2.36	109.62	0.35	59.11	4235.75	-3736.22	2790.30
Fixation L	1	9	2333245128	2333755366	510238	761.32	436.67	26	33	-1	13.62	13.62
Fixation R	1	9	2333245128	2333755366	510238	761.32	436.67	26	33	-1	13.20	13.20
Saccade L	1	9	2333755366	2333787357	31991	760.48	419.94	818.29	419.30	1.22	57.70	0.37	37.99	2443.14	-1752.66	1497.85
Saccade R	1	9	2333755366	2333787357	31991	760.48	419.94	818.29	419.30	1.22	57.70	0.37	37.99	2443.14	-1752.66	1497.85
Fixation L	1	10	2333787357	2334595727	808370	859.03	434.32	114	43	-1	13.24	13.24
Fixation R	1	10	2333787357	2334595727	808370	859.03	434.32	114	43	-1	12.87	12.87
Saccade L	1	10	2334595727	2334627713	31986	918.38	430.58	963.43	427.43	0.98	40.54	0.56	30.52	1611.56	-1369.08	1060.43
Saccade R	1	10	2334595727	2334627713	31986	918.38	430.58	963.43	427.43	0.98	40.54	0.56	30.52	1611.56	-1369.08	1060.43
Fixation L	1	11	2334627713	2335121954	494241	985.88	421.91	50	16	-1	13.23	13.23
Fixation R	1	11	2334627713	2335121954	494241	985.88	421.91	50	16	-1	12.81	12.81
Saccade L	1	11	2335121954	2335159946	37992	991.38	420.10	1064.97	426.37	1.66	69.78	0.47	43.65	2626.14	-2430.08	1862.66
Saccade R	1	11	2335121954	2335159946	37992	991.38	420.10	1064.97	426.37	1.66	69.78	0.47	43.65	2626.14	-2430.08	1862.66
Fixation L	1	12	2335159946	2335356087	196141	1062.49	436.78	22	18	-1	13.20	13.20
Fixation R	1	12	2335159946	2335356087	196141	1062.49	436.78	22	18	-1	12.99	12.99
Saccade L	1	12	2335356087	2335390063	33976	1060.45	427.90	1124.22	425.40	1.35	68.28	0.35	39.79	2699.04	-2155.51	1653.11
Saccade R	1	12	2335356087	2335390063	33976	1060.45	427.90	1124.22	425.40	1.35	68.28	0.35	39.79	2699.04	-2155.51	1653.11
Fixation L	1	13	2335390063	2335758319	368256	1147.24	432.60	43	29	-1	13.56	13.56
Fixation R	1	13	2335390063	2335758319	368256	1147.24	432.60	43	29	-1	13.26	13.26
Saccade L	1	13	2335758319	2335838317	79998	1161.94	419.80	910.57	845.49	11.61	287.24	0.35	145.14	9338.10	-8333.82	5540.45
Saccade R	1	13	2335758319	2335838317	79998	1161.94	419.80	910.57	845.49	11.61	287.24	0.35	145.14	9338.10	-8333.82	5540.45
Fixation L	1	14	2335838317	2335904311	65994	927.11	850.62	29	7	-1	13.96	13.96
Fixation R	1	14	2335838317	2335904311	65994	927.11	850.62	29	7	-1	13.29	13.29
Saccade L	1	14	2335904311	2335950319	46008	936.94	848.75	891.11	964.58	2.75	115.74	0.30	59.71	4916.27	-3640.47	2818.07
Saccade R	1	14	2335904311	2335950319	46008	936.94	848.75	891.11	964.58	2.75	115.74	0.30	59.71	4916.27	-3640.47	2818.07
Fixation L	1	15	2335950319	2336438529	488210	878.46	962.54	41	44	-1	14.09	14.09
Fixation R	1	15	2335950319	2336438529	488210	878.46	962.54	41	44	-1	13.87	13.87
