[BeGaze]
Converted from:	C:\Program Files\SMI\Experiment Suite 360\Experiment Center 2\Results\RC-Attachment-Exp\P04-eye_data.idf
Date:	18.03.2012 20:05:21
Version:	BeGaze 3.0.181
Sample Rate:	500
Subject:	P04
Description:	Run9

Table Header for Fixations:
Event Type	Trial	Number	Start	End	Duration	Location X	Location Y	Dispersion X	Dispersion Y	Plane	Avg. Pupil Size X	Avg. Pupil Size Y

Table Header for Saccades:
Event Type	Trial	Number	Start	End	Duration	Start Loc.X	Start Loc.Y	End Loc.X	End Loc.Y	Amplitude	Peak Speed	Peak Speed At	Average Speed	Peak Accel.	Peak Decel.	Average Accel.

Table Header for Blinks:
Event Type	Trial	Number	Start	End	Duration

Table Header for User Events:
Event Type	Trial	Number	Start	Description

UserEvent	1	1	5297447246	# Message: Questionnaire16.jpg
Fixation L	1	1	5297451942	5297790090	338148	930.25	957.88	38	22	-1	11.49	11.49
Fixation R	1	1	5297451942	5297790090	338148	930.25	957.88	38	22	-1	10.90	10.90
Saccade L	1	1	5297790090	5297858152	68062	938.28	952.96	579.09	449.14	15.70	427.40	0.26	230.62	19029.14	-10772.60	10216.96
Saccade R	1	1	5297790090	5297858152	68062	938.28	952.96	579.09	449.14	15.70	427.40	0.26	230.62	19029.14	-10772.60	10216.96
Saccade L	1	2	5297862156	5297887068	24912	579.79	452.96	619.40	419.51	1.01	65.25	0.48	40.56	924.93	-1568.39	943.91
Saccade R	1	2	5297862156	5297887068	24912	579.79	452.96	619.40	419.51	1.01	65.25	0.48	40.56	924.93	-1568.39	943.91
Saccade L	1	3	5297920169	5297958136	37967	632.01	438.36	463.33	363.34	4.06	204.57	0.37	107.02	8688.25	-8156.34	6043.48
Saccade R	1	3	5297920169	5297958136	37967	632.01	438.36	463.33	363.34	4.06	204.57	0.37	107.02	8688.25	-8156.34	6043.48
Fixation L	1	2	5297958136	5298062143	104007	461.65	359.96	17	12	-1	10.72	10.72
Fixation R	1	2	5297958136	5298062143	104007	461.65	359.96	17	12	-1	10.27	10.27
Saccade L	1	4	5298062143	5298088279	26136	463.61	357.20	411.31	340.36	1.14	67.95	0.46	43.51	2692.46	-2626.94	1883.34
Saccade R	1	4	5298062143	5298088279	26136	463.61	357.20	411.31	340.36	1.14	67.95	0.46	43.51	2692.46	-2626.94	1883.34
Fixation L	1	3	5298088279	5298478602	390323	405.12	349.97	31	26	-1	11.35	11.35
Fixation R	1	3	5298088279	5298478602	390323	405.12	349.97	31	26	-1	11.01	11.01
Saccade L	1	5	5298478602	5298506425	27823	391.09	364.05	459.00	362.79	1.42	88.25	0.42	51.06	3712.55	-3422.30	2565.61
Saccade R	1	5	5298478602	5298506425	27823	391.09	364.05	459.00	362.79	1.42	88.25	0.42	51.06	3712.55	-3422.30	2565.61
Fixation L	1	4	5298506425	5298844494	338069	462.68	368.81	24	23	-1	13.57	13.57
Fixation R	1	4	5298506425	5298844494	338069	462.68	368.81	24	23	-1	13.33	13.33
Saccade L	1	6	5298844494	5298872502	28008	474.24	380.05	584.56	371.48	2.38	168.64	0.43	84.84	7021.34	-6872.11	5022.84
Saccade R	1	6	5298844494	5298872502	28008	474.24	380.05	584.56	371.48	2.38	168.64	0.43	84.84	7021.34	-6872.11	5022.84
Fixation L	1	5	5298872502	5299240740	368238	596.73	369.68	26	33	-1	14.97	14.97
Fixation R	1	5	5298872502	5299240740	368238	596.73	369.68	26	33	-1	14.47	14.47
Saccade L	1	7	5299240740	5299266737	25997	596.95	388.43	669.32	383.34	1.53	103.04	0.46	58.94	4216.46	-4136.20	3020.91
Saccade R	1	7	5299240740	5299266737	25997	596.95	388.43	669.32	383.34	1.53	103.04	0.46	58.94	4216.46	-4136.20	3020.91
Fixation L	1	6	5299266737	5299445041	178304	670.72	378.56	6	15	-1	15.21	15.21
Fixation R	1	6	5299266737	5299445041	178304	670.72	378.56	6	15	-1	14.48	14.48
Saccade L	1	8	5299445041	5299471678	26637	669.03	375.49	748.93	360.79	1.89	128.78	0.44	70.79	5084.66	-4826.00	3516.00
Saccade R	1	8	5299445041	5299471678	26637	669.03	375.49	748.93	360.79	1.89	128.78	0.44	70.79	5084.66	-4826.00	3516.00
Fixation L	1	7	5299471678	5299805035	333357	760.09	360.77	32	13	-1	15.47	15.47
Fixation R	1	7	5299471678	5299805035	333357	760.09	360.77	32	13	-1	15.03	15.03
Saccade L	1	9	5299805035	5299854977	49942	771.59	362.17	422.97	381.27	7.76	301.76	0.32	155.29	12944.24	-7868.50	7426.27
Saccade R	1	9	5299805035	5299854977	49942	771.59	362.17	422.97	381.27	7.76	301.76	0.32	155.29	12944.24	-7868.50	7426.27
Fixation L	1	8	5299854977	5300121120	266143	427.51	387.01	24	28	-1	15.62	15.62
Fixation R	1	8	5299854977	5300121120	266143	427.51	387.01	24	28	-1	15.14	15.14
Saccade L	1	10	5300121120	5300147140	26020	429.74	398.99	490.78	371.99	1.42	92.30	0.46	54.59	3870.60	-3698.24	2671.69
Saccade R	1	10	5300121120	5300147140	26020	429.74	398.99	490.78	371.99	1.42	92.30	0.46	54.59	3870.60	-3698.24	2671.69
Fixation L	1	9	5300147140	5300305220	158080	484.34	376.93	18	17	-1	15.11	15.11
Fixation R	1	9	5300147140	5300305220	158080	484.34	376.93	18	17	-1	14.83	14.83
Saccade L	1	11	5300305220	5300335221	30001	485.43	376.10	414.02	457.09	2.55	170.18	0.57	85.14	6913.50	-6592.65	4929.31
Saccade R	1	11	5300305220	5300335221	30001	485.43	376.10	414.02	457.09	2.55	170.18	0.57	85.14	6913.50	-6592.65	4929.31
Fixation L	1	10	5300335221	5301003651	668430	421.43	466.08	31	42	-1	14.82	14.82
Fixation R	1	10	5300335221	5301003651	668430	421.43	466.08	31	42	-1	14.67	14.67
Saccade L	1	12	5301003651	5301025481	21830	426.82	474.05	413.44	443.39	0.66	40.10	0.45	30.08	1309.29	-973.98	801.78
Saccade R	1	12	5301003651	5301025481	21830	426.82	474.05	413.44	443.39	0.66	40.10	0.45	30.08	1309.29	-973.98	801.78
Fixation L	1	11	5301025481	5302039938	1014457	421.57	444.20	43	40	-1	15.34	15.34
Fixation R	1	11	5301025481	5302039938	1014457	421.57	444.20	43	40	-1	15.15	15.15
UserEvent	1	105	5301673770	# Message: UE-mouseclick left x=412 y=430
Saccade L	1	13	5302039938	5302063961	24023	411.07	455.00	414.82	570.62	2.45	196.41	0.58	102.01	8082.83	-7181.40	5232.12
Saccade R	1	13	5302039938	5302063961	24023	411.07	455.00	414.82	570.62	2.45	196.41	0.58	102.01	8082.83	-7181.40	5232.12
Fixation L	1	12	5302063961	5302142267	78306	418.82	557.26	7	20	-1	15.82	15.82
Fixation R	1	12	5302063961	5302142267	78306	418.82	557.26	7	20	-1	16.11	16.11
Saccade L	1	14	5302142267	5302200063	57796	421.05	550.19	413.98	523.93	15.00	649.34	0.69	259.54	41778.31	-16508.22	12160.88
Saccade R	1	14	5302142267	5302200063	57796	421.05	550.19	413.98	523.93	15.00	649.34	0.69	259.54	41778.31	-16508.22	12160.88
Fixation L	1	13	5302200063	5302458286	258223	380.34	482.21	420	533	-1	14.26	14.26
Fixation R	1	13	5302200063	5302458286	258223	380.34	482.21	420	533	-1	14.39	14.39
UserEvent	1	126	5302514569	# Message: UE-mouseclick left x=388 y=531
Saccade L	1	15	5302576175	5302606180	30005	357.22	326.45	433.73	373.35	1.77	103.78	0.44	58.98	2461.96	-3224.93	2076.57
Saccade R	1	15	5302576175	5302606180	30005	357.22	326.45	433.73	373.35	1.77	103.78	0.44	58.98	2461.96	-3224.93	2076.57
Saccade L	1	16	5302606180	5302630211	24031	433.73	373.35	393.61	344.31	0.97	64.05	0.50	40.35	892.35	-2420.66	862.88
Saccade R	1	16	5302606180	5302630211	24031	433.73	373.35	393.61	344.31	0.97	64.05	0.50	40.35	892.35	-2420.66	862.88
