[BeGaze]
Converted from:	C:\Program Files\SMI\Experiment Suite 360\Experiment Center 2\Results\RC-Attachment-Exp\P19-eye_data.idf
Date:	18.03.2012 20:14:35
Version:	BeGaze 3.0.181
Sample Rate:	500
Subject:	P19
Description:	Run24

Table Header for Fixations:
Event Type	Trial	Number	Start	End	Duration	Location X	Location Y	Dispersion X	Dispersion Y	Plane	Avg. Pupil Size X	Avg. Pupil Size Y

Table Header for Saccades:
Event Type	Trial	Number	Start	End	Duration	Start Loc.X	Start Loc.Y	End Loc.X	End Loc.Y	Amplitude	Peak Speed	Peak Speed At	Average Speed	Peak Accel.	Peak Decel.	Average Accel.

Table Header for Blinks:
Event Type	Trial	Number	Start	End	Duration

Table Header for User Events:
Event Type	Trial	Number	Start	Description

UserEvent	1	1	18071205900	# Message: Questionnaire6.jpg
Fixation L	1	1	18071209139	18071601122	391983	901.39	939.42	26	36	-1	13.84	13.84
Fixation R	1	1	18071209139	18071601122	391983	901.39	939.42	26	36	-1	13.71	13.71
Saccade L	1	1	18071601122	18071675420	74298	892.69	932.37	596.04	421.30	16.97	592.07	0.37	228.37	25593.37	-16856.65	12608.75
Saccade R	1	1	18071601122	18071675420	74298	892.69	932.37	596.04	421.30	16.97	592.07	0.37	228.37	25593.37	-16856.65	12608.75
Fixation L	1	2	18071675420	18071731202	55782	587.32	419.09	18	13	-1	14.12	14.12
Fixation R	1	2	18071675420	18071731202	55782	587.32	419.09	18	13	-1	13.66	13.66
Saccade L	1	2	18071731202	18071763210	32008	585.89	410.42	481.08	376.77	2.41	142.76	0.44	75.40	5458.69	-5762.10	4078.26
Saccade R	1	2	18071731202	18071763210	32008	585.89	410.42	481.08	376.77	2.41	142.76	0.44	75.40	5458.69	-5762.10	4078.26
Fixation L	1	3	18071763210	18071939321	176111	489.81	368.82	24	29	-1	13.88	13.88
Fixation R	1	3	18071763210	18071939321	176111	489.81	368.82	24	29	-1	13.63	13.63
Saccade L	1	3	18071939321	18071963317	23996	497.39	373.89	583.63	371.83	1.85	133.53	0.42	76.98	5334.21	-5001.60	3619.92
Saccade R	1	3	18071939321	18071963317	23996	497.39	373.89	583.63	371.83	1.85	133.53	0.42	76.98	5334.21	-5001.60	3619.92
Fixation L	1	4	18071963317	18072033311	69994	593.84	363.77	19	23	-1	13.52	13.52
Fixation R	1	4	18071963317	18072033311	69994	593.84	363.77	19	23	-1	13.54	13.54
Saccade L	1	4	18072033311	18072061349	28038	600.53	369.88	600.84	364.74	5.41	227.24	0.57	192.81	10858.65	-10980.40	8561.75
Saccade R	1	4	18072033311	18072061349	28038	600.53	369.88	600.84	364.74	5.41	227.24	0.57	192.81	10858.65	-10980.40	8561.75
Fixation L	1	5	18072061349	18072143365	82016	596.58	365.95	15	11	-1	13.51	13.51
Fixation R	1	5	18072061349	18072143365	82016	596.58	365.95	15	11	-1	13.64	13.64
Saccade L	1	5	18072143365	18072191435	48070	595.72	362.96	741.13	391.02	3.33	174.70	0.34	69.19	7347.54	-6263.86	3921.49
Saccade R	1	5	18072143365	18072191435	48070	595.72	362.96	741.13	391.02	3.33	174.70	0.34	69.19	7347.54	-6263.86	3921.49
Fixation L	1	6	18072191435	18072273419	81984	737.86	386.67	14	19	-1	13.71	13.71
Fixation R	1	6	18072191435	18072273419	81984	737.86	386.67	14	19	-1	13.83	13.83
Saccade L	1	6	18072273419	18072303424	30005	731.75	384.08	736.02	376.16	6.78	267.63	0.60	225.84	12829.81	-12882.47	10081.55
Saccade R	1	6	18072273419	18072303424	30005	731.75	384.08	736.02	376.16	6.78	267.63	0.60	225.84	12829.81	-12882.47	10081.55
Fixation L	1	7	18072303424	18072453566	150142	737.18	375.61	11	32	-1	13.99	13.99
Fixation R	1	7	18072303424	18072453566	150142	737.18	375.61	11	32	-1	14.00	14.00
Saccade L	1	7	18072453566	18072480408	26842	738.99	367.34	850.09	375.80	2.49	177.67	0.45	92.60	7382.68	-6856.34	5135.37
Saccade R	1	7	18072453566	18072480408	26842	738.99	367.34	850.09	375.80	2.49	177.67	0.45	92.60	7382.68	-6856.34	5135.37
Fixation L	1	8	18072480408	18072639449	159041	859.47	368.71	24	25	-1	14.35	14.35
Fixation R	1	8	18072480408	18072639449	159041	859.47	368.71	24	25	-1	14.25	14.25
Saccade L	1	8	18072639449	18072668325	28876	846.42	359.78	858.80	354.54	1.15	54.20	0.63	39.79	1837.95	-1571.86	1215.06
Saccade R	1	8	18072639449	18072668325	28876	846.42	359.78	858.80	354.54	1.15	54.20	0.63	39.79	1837.95	-1571.86	1215.06
Saccade L	1	9	18072721660	18072777659	55999	765.02	402.33	1010.36	373.35	4.22	130.64	0.39	75.39	3196.47	-3775.45	2308.05
Saccade R	1	9	18072721660	18072777659	55999	765.02	402.33	1010.36	373.35	4.22	130.64	0.39	75.39	3196.47	-3775.45	2308.05
Fixation L	1	9	18072777659	18072853672	76013	1014.45	384.18	18	24	-1	14.44	14.44
Fixation R	1	9	18072777659	18072853672	76013	1014.45	384.18	18	24	-1	14.31	14.31
Saccade L	1	10	18072853672	18072883644	29972	1012.66	389.93	996.34	366.74	1.27	74.75	0.60	42.25	2415.27	-2464.42	1610.18
Saccade R	1	10	18072853672	18072883644	29972	1012.66	389.93	996.34	366.74	1.27	74.75	0.60	42.25	2415.27	-2464.42	1610.18
Fixation L	1	10	18072883644	18072935645	52001	996.19	372.32	17	17	-1	14.52	14.52
Fixation R	1	10	18072883644	18072935645	52001	996.19	372.32	17	17	-1	14.24	14.24
Fixation L	1	11	18072951644	18073061762	110118	1010.05	383.87	33	38	-1	14.46	14.46
Fixation R	1	11	18072951644	18073061762	110118	1010.05	383.87	33	38	-1	14.22	14.22
Saccade L	1	11	18073061762	18073099770	38008	1011.05	364.31	1101.59	376.34	2.47	119.33	0.63	65.03	4519.11	-5194.92	3444.67
Saccade R	1	11	18073061762	18073099770	38008	1011.05	364.31	1101.59	376.34	2.47	119.33	0.63	65.03	4519.11	-5194.92	3444.67
Fixation L	1	12	18073099770	18073279923	180153	1113.64	383.94	28	29	-1	14.62	14.62
Fixation R	1	12	18073099770	18073279923	180153	1113.64	383.94	28	29	-1	14.30	14.30
Blink L	1	1	18073299923	18073481928	182005
Blink R	1	1	18073299923	18073481928	182005
Fixation L	1	13	18073481928	18073606769	124841	386.51	359.19	12	23	-1	15.05	15.05
Fixation R	1	13	18073481928	18073606769	124841	386.51	359.19	12	23	-1	14.40	14.40
Fixation L	1	14	18073720055	18074010101	290046	0.00	0.00	0	0	-1	6.39	6.39
Fixation R	1	14	18073720055	18074010101	290046	0.00	0.00	0	0	-1	6.07	6.07
Fixation L	1	15	18074099918	18074210219	110301	374.62	591.18	28	21	-1	14.88	14.88
Fixation R	1	15	18074099918	18074210219	110301	374.62	591.18	28	21	-1	14.94	14.94
Saccade L	1	12	18074210219	18074248262	38043	385.38	585.39	415.51	504.15	2.58	166.92	0.76	67.72	5164.46	-6155.23	3139.67
Saccade R	1	12	18074210219	18074248262	38043	385.38	585.39	415.51	504.15	2.58	166.92	0.76	67.72	5164.46	-6155.23	3139.67
Fixation L	1	16	18074248262	18074586934	338672	385.51	510.25	56	34	-1	14.94	14.94
Fixation R	1	16	18074248262	18074586934	338672	385.51	510.25	56	34	-1	14.92	14.92
Saccade L	1	13	18074586934	18074620821	33887	368.98	500.15	410.25	519.59	1.19	51.17	0.54	35.22	1905.20	-1477.35	1174.98
Saccade R	1	13	18074586934	18074620821	33887	368.98	500.15	410.25	519.59	1.19	51.17	0.54	35.22	1905.20	-1477.35	1174.98
Fixation L	1	17	18074620821	18075232688	611867	380.91	483.73	59	58	-1	14.61	14.61
Fixation R	1	17	18074620821	18075232688	611867	380.91	483.73	59	58	-1	14.43	14.43
Saccade L	1	14	18075232688	18075258705	26017	377.01	499.20	345.82	507.53	0.77	42.60	0.54	29.55	1313.44	-1096.30	876.62
Saccade R	1	14	18075232688	18075258705	26017	377.01	499.20	345.82	507.53	0.77	42.60	0.54	29.55	1313.44	-1096.30	876.62
Saccade L	1	15	18075266676	18075300679	34003	344.83	503.98	406.45	506.51	1.26	51.82	0.71	36.99	1525.52	-1696.17	1145.66
Saccade R	1	15	18075266676	18075300679	34003	344.83	503.98	406.45	506.51	1.26	51.82	0.71	36.99	1525.52	-1696.17	1145.66
Fixation L	1	18	18075300679	18075471171	170492	385.66	500.64	41	29	-1	14.26	14.26
Fixation R	1	18	18075300679	18075471171	170492	385.66	500.64	41	29	-1	14.24	14.24
Saccade L	1	16	18075471171	18075498794	27623	375.01	481.68	395.93	440.19	1.00	52.79	0.49	36.21	1646.12	-1774.90	1258.90
Saccade R	1	16	18075471171	18075498794	27623	375.01	481.68	395.93	440.19	1.00	52.79	0.49	36.21	1646.12	-1774.90	1258.90
UserEvent	1	110	18075525911	# Message: UE-mouseclick left x=443 y=468
Saccade L	1	17	18075534803	18075570802	35999	358.52	454.17	422.65	473.65	1.92	97.29	0.56	53.27	2442.71	-3575.78	2067.11
Saccade R	1	17	18075534803	18075570802	35999	358.52	454.17	422.65	473.65	1.92	97.29	0.56	53.27	2442.71	-3575.78	2067.11
Fixation L	1	19	18075570802	18075626923	56121	418.34	469.86	14	11	-1	14.17	14.17
Fixation R	1	19	18075570802	18075626923	56121	418.34	469.86	14	11	-1	14.10	14.10
Saccade L	1	18	18075626923	18075660975	34052	422.53	474.62	372.40	474.05	1.23	50.79	0.35	36.05	1492.41	-1963.09	1326.85
Saccade R	1	18	18075626923	18075660975	34052	422.53	474.62	372.40	474.05	1.23	50.79	0.35	36.05	1492.41	-1963.09	1326.85
Fixation L	1	20	18075660975	18075766925	105950	381.05	467.90	16	17	-1	14.14	14.14
Fixation R	1	20	18075660975	18075766925	105950	381.05	467.90	16	17	-1	13.99	13.99
Saccade L	1	19	18075766925	18075792985	26060	379.47	476.58	417.11	463.55	0.84	44.27	0.54	32.31	1557.98	-1425.41	1090.29
Saccade R	1	19	18075766925	18075792985	26060	379.47	476.58	417.11	463.55	0.84	44.27	0.54	32.31	1557.98	-1425.41	1090.29
Fixation L	1	21	18075792985	18075995817	202832	401.07	483.21	29	43	-1	14.37	14.37
Fixation R	1	21	18075792985	18075995817	202832	401.07	483.21	29	43	-1	14.14	14.14
Saccade L	1	20	18075995817	18076025048	29231	396.47	495.21	411.68	538.51	1.07	58.56	0.52	36.46	2129.31	-2276.52	1566.08
Saccade R	1	20	18075995817	18076025048	29231	396.47	495.21	411.68	538.51	1.07	58.56	0.52	36.46	2129.31	-2276.52	1566.08
Fixation L	1	22	18076025048	18076233902	208854	424.65	547.91	26	42	-1	14.65	14.65
Fixation R	1	22	18076025048	18076233902	208854	424.65	547.91	26	42	-1	14.46	14.46
UserEvent	1	129	18076237896	# Message: UE-mouseclick left x=444 y=525
Saccade L	1	21	18076281148	18076309130	27982	446.23	555.30	411.00	548.59	0.86	46.43	0.21	30.77	49.94	-461.57	165.03
Saccade R	1	21	18076281148	18076309130	27982	446.23	555.30	411.00	548.59	0.86	46.43	0.21	30.77	49.94	-461.57	165.03
