[BeGaze]
Converted from:	C:\Program Files\SMI\Experiment Suite 360\Experiment Center 2\Results\RC-Attachment-Exp\P20-eye_data.idf
Date:	18.03.2012 20:15:31
Version:	BeGaze 3.0.181
Sample Rate:	500
Subject:	P20
Description:	Run25

Table Header for Fixations:
Event Type	Trial	Number	Start	End	Duration	Location X	Location Y	Dispersion X	Dispersion Y	Plane	Avg. Pupil Size X	Avg. Pupil Size Y

Table Header for Saccades:
Event Type	Trial	Number	Start	End	Duration	Start Loc.X	Start Loc.Y	End Loc.X	End Loc.Y	Amplitude	Peak Speed	Peak Speed At	Average Speed	Peak Accel.	Peak Decel.	Average Accel.

Table Header for Blinks:
Event Type	Trial	Number	Start	End	Duration

Table Header for User Events:
Event Type	Trial	Number	Start	Description

UserEvent	1	1	19105570486	# Message: RC-nonforced-nonanim-2.jpg
Fixation L	1	1	19105571050	19105663028	91978	492.48	443.20	13	15	-1	13.00	13.00
Fixation R	1	1	19105571050	19105663028	91978	492.48	443.20	13	15	-1	12.60	12.60
Blink L	1	1	19105663028	19105789138	126110
Blink R	1	1	19105663028	19105789138	126110
Fixation L	1	2	19105789138	19106113822	324684	487.47	435.59	22	35	-1	13.03	13.03
Fixation R	1	2	19105789138	19106113822	324684	487.47	435.59	22	35	-1	12.64	12.64
Saccade L	1	1	19106113822	19106173271	59449	480.99	450.77	495.03	447.54	5.09	176.57	0.80	85.68	6310.82	-6377.64	3279.63
Saccade R	1	1	19106113822	19106173271	59449	480.99	450.77	495.03	447.54	5.09	176.57	0.80	85.68	6310.82	-6377.64	3279.63
Saccade L	1	2	19106223241	19106251255	28014	485.53	453.55	563.09	435.01	1.87	126.29	0.50	66.65	5015.46	-4952.29	3546.87
Saccade R	1	2	19106223241	19106251255	28014	485.53	453.55	563.09	435.01	1.87	126.29	0.50	66.65	5015.46	-4952.29	3546.87
Fixation L	1	3	19106251255	19106359358	108103	569.48	432.88	16	8	-1	13.04	13.04
Fixation R	1	3	19106251255	19106359358	108103	569.48	432.88	16	8	-1	12.71	12.71
Fixation L	1	4	19106377367	19106623473	246106	540.28	441.62	14	17	-1	13.14	13.14
Fixation R	1	4	19106377367	19106623473	246106	540.28	441.62	14	17	-1	12.71	12.71
Saccade L	1	3	19106623473	19106645486	22013	544.27	444.87	609.59	444.97	1.41	107.59	0.57	63.98	4027.65	-4413.84	2876.95
Saccade R	1	3	19106623473	19106645486	22013	544.27	444.87	609.59	444.97	1.41	107.59	0.57	63.98	4027.65	-4413.84	2876.95
Fixation L	1	5	19106645486	19106863588	218102	616.87	448.68	14	24	-1	13.38	13.38
Fixation R	1	5	19106645486	19106863588	218102	616.87	448.68	14	24	-1	12.95	12.95
Saccade L	1	4	19106863588	19106893603	30015	613.59	448.71	651.21	444.48	0.90	43.34	0.47	29.99	1484.85	-1669.62	1151.86
Saccade R	1	4	19106863588	19106893603	30015	613.59	448.71	651.21	444.48	0.90	43.34	0.47	29.99	1484.85	-1669.62	1151.86
Fixation L	1	6	19106893603	19107037590	143987	657.80	441.47	17	17	-1	13.66	13.66
Fixation R	1	6	19106893603	19107037590	143987	657.80	441.47	17	17	-1	13.07	13.07
Saccade L	1	5	19107037590	19107059635	22045	656.25	430.98	614.19	428.03	0.90	63.57	0.45	40.67	2181.34	-2404.37	1556.35
Saccade R	1	5	19107037590	19107059635	22045	656.25	430.98	614.19	428.03	0.90	63.57	0.45	40.67	2181.34	-2404.37	1556.35
Fixation L	1	7	19107059635	19107533838	474203	631.26	460.46	49	54	-1	13.70	13.70
Fixation R	1	7	19107059635	19107533838	474203	631.26	460.46	49	54	-1	13.22	13.22
Saccade L	1	6	19107533838	19107557841	24003	636.43	466.03	715.91	458.88	1.69	122.42	0.42	70.40	4424.05	-4844.28	3271.48
Saccade R	1	6	19107533838	19107557841	24003	636.43	466.03	715.91	458.88	1.69	122.42	0.42	70.40	4424.05	-4844.28	3271.48
Fixation L	1	8	19107557841	19107914045	356204	719.93	452.53	10	25	-1	13.81	13.81
Fixation R	1	8	19107557841	19107914045	356204	719.93	452.53	10	25	-1	13.44	13.44
Saccade L	1	7	19107914045	19107946628	32583	722.06	445.98	655.45	450.77	1.58	82.80	0.36	48.41	3349.41	-2906.83	2267.47
Saccade R	1	7	19107914045	19107946628	32583	722.06	445.98	655.45	450.77	1.58	82.80	0.36	48.41	3349.41	-2906.83	2267.47
Fixation L	1	9	19107946628	19108248733	302105	658.05	452.63	14	40	-1	13.51	13.51
Fixation R	1	9	19107946628	19108248733	302105	658.05	452.63	14	40	-1	13.04	13.04
Saccade L	1	8	19108248733	19108272155	23422	653.58	432.95	739.51	432.91	1.77	137.64	0.49	75.44	5686.78	-5686.10	3992.75
Saccade R	1	8	19108248733	19108272155	23422	653.58	432.95	739.51	432.91	1.77	137.64	0.49	75.44	5686.78	-5686.10	3992.75
Fixation L	1	10	19108272155	19108570273	298118	754.25	445.17	28	29	-1	13.51	13.51
Fixation R	1	10	19108272155	19108570273	298118	754.25	445.17	28	29	-1	13.09	13.09
Saccade L	1	9	19108570273	19108596286	26013	762.21	447.87	805.54	449.04	0.95	52.37	0.54	36.49	2022.07	-2043.80	1424.38
Saccade R	1	9	19108570273	19108596286	26013	762.21	447.87	805.54	449.04	0.95	52.37	0.54	36.49	2022.07	-2043.80	1424.38
Fixation L	1	11	19108596286	19108884395	288109	809.37	457.96	11	42	-1	13.44	13.44
Fixation R	1	11	19108596286	19108884395	288109	809.37	457.96	11	42	-1	12.99	12.99
Saccade L	1	10	19108884395	19108926379	41984	805.72	480.87	890.66	469.76	1.90	76.25	0.33	45.31	3367.73	-2213.07	1860.15
Saccade R	1	10	19108884395	19108926379	41984	805.72	480.87	890.66	469.76	1.90	76.25	0.33	45.31	3367.73	-2213.07	1860.15
Fixation L	1	12	19108926379	19109138494	212115	888.66	465.73	15	13	-1	13.52	13.52
Fixation R	1	12	19108926379	19109138494	212115	888.66	465.73	15	13	-1	13.09	13.09
Saccade L	1	11	19109138494	19109172492	33998	883.43	469.84	974.04	457.91	2.11	123.31	0.65	62.08	4616.09	-5176.36	3367.10
Saccade R	1	11	19109138494	19109172492	33998	883.43	469.84	974.04	457.91	2.11	123.31	0.65	62.08	4616.09	-5176.36	3367.10
Fixation L	1	13	19109172492	19109376629	204137	980.87	447.12	17	27	-1	13.45	13.45
Fixation R	1	13	19109172492	19109376629	204137	980.87	447.12	17	27	-1	13.06	13.06
Saccade L	1	12	19109376629	19109424675	48046	973.80	435.46	1041.19	450.93	1.64	59.93	0.67	34.08	1229.57	-2302.89	1088.95
Saccade R	1	12	19109376629	19109424675	48046	973.80	435.46	1041.19	450.93	1.64	59.93	0.67	34.08	1229.57	-2302.89	1088.95
Fixation L	1	14	19109424675	19109854866	430191	1048.71	442.27	37	23	-1	13.27	13.27
Fixation R	1	14	19109424675	19109854866	430191	1048.71	442.27	37	23	-1	12.93	12.93
Saccade L	1	13	19109854866	19109878888	24022	1063.48	442.59	1145.78	432.61	1.80	144.45	0.58	74.85	5797.12	-5554.19	3896.40
Saccade R	1	13	19109854866	19109878888	24022	1063.48	442.59	1145.78	432.61	1.80	144.45	0.58	74.85	5797.12	-5554.19	3896.40
Fixation L	1	15	19109878888	19110002870	123982	1142.12	436.89	11	11	-1	13.18	13.18
Fixation R	1	15	19109878888	19110002870	123982	1142.12	436.89	11	11	-1	13.04	13.04
Saccade L	1	14	19110002870	19110032848	29978	1143.68	437.40	1146.75	436.13	10.04	394.99	0.60	334.75	19458.04	-19267.77	15212.07
Saccade R	1	14	19110002870	19110032848	29978	1143.68	437.40	1146.75	436.13	10.04	394.99	0.60	334.75	19458.04	-19267.77	15212.07
Fixation L	1	16	19110032848	19110355076	322228	1147.46	441.40	22	25	-1	13.27	13.27
Fixation R	1	16	19110032848	19110355076	322228	1147.46	441.40	22	25	-1	13.08	13.08
Saccade L	1	15	19110355076	19110425083	70007	1152.50	433.47	969.37	977.90	13.00	338.37	0.31	185.74	14777.62	-9354.39	7617.29
Saccade R	1	15	19110355076	19110425083	70007	1152.50	433.47	969.37	977.90	13.00	338.37	0.31	185.74	14777.62	-9354.39	7617.29
Fixation L	1	17	19110425083	19110589062	163979	956.88	994.00	23	34	-1	13.69	13.69
Fixation R	1	17	19110425083	19110589062	163979	956.88	994.00	23	34	-1	13.40	13.40
Saccade L	1	16	19110589062	19110615225	26163	947.37	998.83	867.02	1051.48	2.13	146.95	0.46	81.23	6139.68	-5478.55	4212.42
Saccade R	1	16	19110589062	19110615225	26163	947.37	998.83	867.02	1051.48	2.13	146.95	0.46	81.23	6139.68	-5478.55	4212.42
Fixation L	1	18	19110615225	19111251423	636198	875.47	1030.50	26	62	-1	13.63	13.63
Fixation R	1	18	19110615225	19111251423	636198	875.47	1030.50	26	62	-1	13.22	13.22
Fixation L	1	19	19111271413	19111738202	466789	883.31	997.67	21	29	-1	13.42	13.42
Fixation R	1	19	19111271413	19111738202	466789	883.31	997.67	21	29	-1	12.87	12.87
