[BeGaze]
Converted from:	C:\Program Files\SMI\Experiment Suite 360\Experiment Center 2\Results\RC-Attachment-Exp\P17-eye_data.idf
Date:	18.03.2012 20:13:14
Version:	BeGaze 3.0.181
Sample Rate:	500
Subject:	P17
Description:	Run22

Table Header for Fixations:
Event Type	Trial	Number	Start	End	Duration	Location X	Location Y	Dispersion X	Dispersion Y	Plane	Avg. Pupil Size X	Avg. Pupil Size Y

Table Header for Saccades:
Event Type	Trial	Number	Start	End	Duration	Start Loc.X	Start Loc.Y	End Loc.X	End Loc.Y	Amplitude	Peak Speed	Peak Speed At	Average Speed	Peak Accel.	Peak Decel.	Average Accel.

Table Header for Blinks:
Event Type	Trial	Number	Start	End	Duration

Table Header for User Events:
Event Type	Trial	Number	Start	Description

UserEvent	1	1	16321099936	# Message: Questionnaire18.jpg
Fixation L	1	1	16321104831	16321533074	428243	903.95	933.00	33	36	-1	13.51	13.51
Fixation R	1	1	16321104831	16321533074	428243	903.95	933.00	33	36	-1	13.05	13.05
Saccade L	1	1	16321651048	16321684469	33421	656.09	396.13	612.09	392.22	1.01	57.61	0.33	30.25	1598.80	-2021.95	1222.60
Saccade R	1	1	16321651048	16321684469	33421	656.09	396.13	612.09	392.22	1.01	57.61	0.33	30.25	1598.80	-2021.95	1222.60
Saccade L	1	2	16321711505	16321759259	47754	657.01	399.83	468.35	368.10	4.80	295.87	0.33	100.58	11667.76	-12051.39	6350.56
Saccade R	1	2	16321711505	16321759259	47754	657.01	399.83	468.35	368.10	4.80	295.87	0.33	100.58	11667.76	-12051.39	6350.56
Fixation L	1	2	16321759259	16322039306	280047	459.81	360.07	35	28	-1	13.62	13.62
Fixation R	1	2	16321759259	16322039306	280047	459.81	360.07	35	28	-1	12.96	12.96
Saccade L	1	3	16322039306	16322099272	59966	465.87	364.32	572.95	349.94	2.62	133.45	0.50	43.73	5118.99	-4784.95	2598.42
Saccade R	1	3	16322039306	16322099272	59966	465.87	364.32	572.95	349.94	2.62	133.45	0.50	43.73	5118.99	-4784.95	2598.42
Fixation L	1	3	16322099272	16322285404	186132	561.80	357.88	19	18	-1	12.90	12.90
Fixation R	1	3	16322099272	16322285404	186132	561.80	357.88	19	18	-1	12.68	12.68
Saccade L	1	4	16322285404	16322339385	53981	562.28	360.76	649.35	356.93	2.00	70.71	0.33	36.96	2948.60	-2074.66	1746.70
Saccade R	1	4	16322285404	16322339385	53981	562.28	360.76	649.35	356.93	2.00	70.71	0.33	36.96	2948.60	-2074.66	1746.70
Fixation L	1	4	16322339385	16322429423	90038	649.14	365.06	14	15	-1	13.07	13.07
Fixation R	1	4	16322339385	16322429423	90038	649.14	365.06	14	15	-1	12.71	12.71
Saccade L	1	5	16322429423	16322467378	37955	658.74	373.62	736.53	369.74	1.74	111.25	0.37	45.72	4215.02	-4365.72	2807.95
Saccade R	1	5	16322429423	16322467378	37955	658.74	373.62	736.53	369.74	1.74	111.25	0.37	45.72	4215.02	-4365.72	2807.95
Fixation L	1	5	16322467378	16322707494	240116	742.58	362.81	18	26	-1	13.40	13.40
Fixation R	1	5	16322467378	16322707494	240116	742.58	362.81	18	26	-1	13.06	13.06
Saccade L	1	6	16322707494	16322753517	46023	736.47	364.83	853.56	377.63	2.78	106.62	0.61	60.30	4214.74	-4262.60	3081.60
Saccade R	1	6	16322707494	16322753517	46023	736.47	364.83	853.56	377.63	2.78	106.62	0.61	60.30	4214.74	-4262.60	3081.60
Fixation L	1	6	16322753517	16323031794	278277	852.49	366.58	32	34	-1	13.49	13.49
Fixation R	1	6	16322753517	16323031794	278277	852.49	366.58	32	34	-1	13.06	13.06
Blink L	1	1	16323031794	16323223748	191954
Blink R	1	1	16323031794	16323223748	191954
Saccade L	1	7	16323229804	16323261756	31952	697.70	332.49	692.62	360.46	6.25	266.18	0.45	195.68	11187.27	-11891.16	9048.79
Saccade R	1	7	16323229804	16323261756	31952	697.70	332.49	692.62	360.46	6.25	266.18	0.45	195.68	11187.27	-11891.16	9048.79
Saccade L	1	8	16323273733	16323301857	28124	695.11	355.82	612.81	346.95	2.17	155.85	0.57	77.19	6181.45	-6079.12	4035.66
Saccade R	1	8	16323273733	16323301857	28124	695.11	355.82	612.81	346.95	2.17	155.85	0.57	77.19	6181.45	-6079.12	4035.66
Fixation L	1	7	16323301857	16323525879	224022	596.76	363.03	29	29	-1	14.08	14.08
Fixation R	1	7	16323301857	16323525879	224022	596.76	363.03	29	29	-1	13.30	13.30
Saccade L	1	9	16323525879	16323561835	35956	599.78	369.32	546.47	374.94	1.07	55.58	0.51	29.76	2337.68	-2354.71	1710.39
Saccade R	1	9	16323525879	16323561835	35956	599.78	369.32	546.47	374.94	1.07	55.58	0.51	29.76	2337.68	-2354.71	1710.39
Fixation L	1	8	16323561835	16323734081	172246	550.23	372.77	12	17	-1	13.98	13.98
Fixation R	1	8	16323561835	16323734081	172246	550.23	372.77	12	17	-1	13.27	13.27
Saccade L	1	10	16323734081	16323767951	33870	549.39	372.62	547.53	377.03	6.15	214.88	0.37	181.65	10146.43	-10357.78	8054.53
Saccade R	1	10	16323734081	16323767951	33870	549.39	372.62	547.53	377.03	6.15	214.88	0.37	181.65	10146.43	-10357.78	8054.53
Fixation L	1	9	16323767951	16323860067	92116	550.87	377.63	19	15	-1	13.71	13.71
Fixation R	1	9	16323767951	16323860067	92116	550.87	377.63	19	15	-1	13.08	13.08
Saccade L	1	11	16323860067	16323934075	74008	554.13	370.28	441.81	420.47	3.45	147.49	0.68	46.62	5788.44	-5890.84	2548.72
Saccade R	1	11	16323860067	16323934075	74008	554.13	370.28	441.81	420.47	3.45	147.49	0.68	46.62	5788.44	-5890.84	2548.72
Fixation L	1	10	16323934075	16324102190	168115	425.17	417.88	25	21	-1	13.80	13.80
Fixation R	1	10	16323934075	16324102190	168115	425.17	417.88	25	21	-1	13.36	13.36
Saccade L	1	12	16324102190	16324134203	32013	430.89	416.70	398.91	453.27	1.01	56.48	0.53	31.41	2180.71	-2254.38	1596.54
Saccade R	1	12	16324102190	16324134203	32013	430.89	416.70	398.91	453.27	1.01	56.48	0.53	31.41	2180.71	-2254.38	1596.54
Fixation L	1	11	16324134203	16324628292	494089	388.92	465.70	38	42	-1	14.63	14.63
Fixation R	1	11	16324134203	16324628292	494089	388.92	465.70	38	42	-1	3.09	3.09
Blink L	1	2	16324628292	16324776609	148317
Blink R	1	2	16324628292	16324776609	148317
Fixation L	1	12	16324776609	16326359390	1582781	361.80	477.10	33	35	-1	15.19	15.19
Fixation R	1	12	16324776609	16326359390	1582781	361.80	477.10	33	35	-1	14.89	14.89
UserEvent	1	112	16325644243	# Message: UE-mouseclick left x=354 y=439
UserEvent	1	123	16326052292	# Message: UE-mouseclick left x=363 y=438
Saccade L	1	13	16326359390	16326415135	55745	367.68	470.94	384.72	560.67	2.09	99.55	0.68	37.43	3268.69	-3971.61	1859.92
Saccade R	1	13	16326359390	16326415135	55745	367.68	470.94	384.72	560.67	2.09	99.55	0.68	37.43	3268.69	-3971.61	1859.92
Fixation L	1	13	16326415135	16326730470	315335	386.62	561.61	20	21	-1	15.59	15.59
Fixation R	1	13	16326415135	16326730470	315335	386.62	561.61	20	21	-1	15.04	15.04
UserEvent	1	138	16326644376	# Message: UE-mouseclick left x=384 y=520
