[BeGaze]
Converted from:	C:\Program Files\SMI\Experiment Suite 360\Experiment Center 2\Results\RC-Attachment-Exp\P35-eye_data.idf
Date:	18.03.2012 20:32:05
Version:	BeGaze 3.0.181
Sample Rate:	500
Subject:	P35
Description:	Run40

Table Header for Fixations:
Event Type	Trial	Number	Start	End	Duration	Location X	Location Y	Dispersion X	Dispersion Y	Plane	Avg. Pupil Size X	Avg. Pupil Size Y

Table Header for Saccades:
Event Type	Trial	Number	Start	End	Duration	Start Loc.X	Start Loc.Y	End Loc.X	End Loc.Y	Amplitude	Peak Speed	Peak Speed At	Average Speed	Peak Accel.	Peak Decel.	Average Accel.

Table Header for Blinks:
Event Type	Trial	Number	Start	End	Duration

Table Header for User Events:
Event Type	Trial	Number	Start	Description

UserEvent	1	1	2089915215	# Message: Questionnaire11.jpg
Fixation L	1	1	2089917085	2090367826	450741	871.62	973.28	30	44	-1	11.61	11.61
Fixation R	1	1	2089917085	2090367826	450741	871.62	973.28	30	44	-1	11.74	11.74
Saccade L	1	1	2090367826	2090449961	82135	879.50	959.10	616.30	393.28	14.77	350.81	0.37	179.88	14477.51	-12042.83	7195.32
Saccade R	1	1	2090367826	2090449961	82135	879.50	959.10	616.30	393.28	14.77	350.81	0.37	179.88	14477.51	-12042.83	7195.32
Fixation L	1	2	2090449961	2090579981	130020	619.37	393.22	14	23	-1	11.98	11.98
Fixation R	1	2	2090449961	2090579981	130020	619.37	393.22	14	23	-1	12.12	12.12
Saccade L	1	2	2090579981	2090623982	44001	624.78	391.61	474.17	360.22	3.39	167.69	0.27	76.95	6602.85	-5128.69	3828.03
Saccade R	1	2	2090579981	2090623982	44001	624.78	391.61	474.17	360.22	3.39	167.69	0.27	76.95	6602.85	-5128.69	3828.03
Fixation L	1	3	2090623982	2090754072	130090	471.27	362.12	8	9	-1	11.91	11.91
Fixation R	1	3	2090623982	2090754072	130090	471.27	362.12	8	9	-1	12.19	12.19
Fixation L	1	4	2090772105	2090954070	181965	445.69	381.24	22	17	-1	12.01	12.01
Fixation R	1	4	2090772105	2090954070	181965	445.69	381.24	22	17	-1	12.12	12.12
Saccade L	1	3	2090954070	2091004218	50148	432.96	382.43	576.80	379.63	3.15	157.53	0.24	62.83	6523.45	-5167.86	2957.02
Saccade R	1	3	2090954070	2091004218	50148	432.96	382.43	576.80	379.63	3.15	157.53	0.24	62.83	6523.45	-5167.86	2957.02
Fixation L	1	5	2091004218	2091296189	291971	587.47	384.81	36	13	-1	12.46	12.46
Fixation R	1	5	2091004218	2091296189	291971	587.47	384.81	36	13	-1	12.51	12.51
Saccade L	1	4	2091296189	2091318394	22205	613.39	379.06	566.02	373.56	1.00	74.87	0.55	44.92	2870.12	-2382.55	1773.54
Saccade R	1	4	2091296189	2091318394	22205	613.39	379.06	566.02	373.56	1.00	74.87	0.55	44.92	2870.12	-2382.55	1773.54
Fixation L	1	6	2091318394	2091492327	173933	565.60	377.39	20	22	-1	12.55	12.55
Fixation R	1	6	2091318394	2091492327	173933	565.60	377.39	20	22	-1	12.70	12.70
Saccade L	1	5	2091492327	2091524436	32109	556.87	382.50	676.20	375.38	2.61	155.16	0.44	81.26	6628.90	-6162.96	4673.45
Saccade R	1	5	2091492327	2091524436	32109	556.87	382.50	676.20	375.38	2.61	155.16	0.44	81.26	6628.90	-6162.96	4673.45
Fixation L	1	7	2091524436	2091742429	217993	688.23	372.30	22	13	-1	12.38	12.38
Fixation R	1	7	2091524436	2091742429	217993	688.23	372.30	22	13	-1	12.45	12.45
Saccade L	1	6	2091742429	2091766468	24039	678.14	369.14	775.82	377.54	2.06	159.80	0.42	85.73	5934.27	-6347.99	4341.73
Saccade R	1	6	2091742429	2091766468	24039	678.14	369.14	775.82	377.54	2.06	159.80	0.42	85.73	5934.27	-6347.99	4341.73
Fixation L	1	8	2091766468	2091897398	130930	785.36	376.80	14	7	-1	12.14	12.14
Fixation R	1	8	2091766468	2091897398	130930	785.36	376.80	14	7	-1	12.26	12.26
Saccade L	1	7	2091897398	2091934551	37153	782.34	378.74	899.93	355.02	2.70	166.24	0.30	72.55	6905.53	-5889.92	4005.17
Saccade R	1	7	2091897398	2091934551	37153	782.34	378.74	899.93	355.02	2.70	166.24	0.30	72.55	6905.53	-5889.92	4005.17
Fixation L	1	9	2091934551	2092130706	196155	905.90	367.31	33	32	-1	11.81	11.81
Fixation R	1	9	2091934551	2092130706	196155	905.90	367.31	33	32	-1	12.01	12.01
Saccade L	1	8	2092130706	2092169912	39206	900.90	384.08	998.03	360.84	2.23	109.99	0.25	56.80	3993.47	-3507.75	2572.49
Saccade R	1	8	2092130706	2092169912	39206	900.90	384.08	998.03	360.84	2.23	109.99	0.25	56.80	3993.47	-3507.75	2572.49
Fixation L	1	10	2092169912	2092308671	138759	995.95	364.10	36	13	-1	11.79	11.79
Fixation R	1	10	2092169912	2092308671	138759	995.95	364.10	36	13	-1	12.01	12.01
Saccade L	1	9	2092308671	2092336671	28000	998.28	370.52	1092.54	369.50	2.10	138.90	0.43	74.99	5236.53	-5300.65	3801.67
Saccade R	1	9	2092308671	2092336671	28000	998.28	370.52	1092.54	369.50	2.10	138.90	0.43	74.99	5236.53	-5300.65	3801.67
Fixation L	1	11	2092336671	2092526793	190122	1095.96	374.56	24	27	-1	11.97	11.97
Fixation R	1	11	2092336671	2092526793	190122	1095.96	374.56	24	27	-1	12.25	12.25
Saccade L	1	10	2092526793	2092558830	32037	1091.35	381.49	1014.16	380.57	1.64	86.01	0.37	51.20	3645.97	-3195.37	2447.01
Saccade R	1	10	2092526793	2092558830	32037	1091.35	381.49	1014.16	380.57	1.64	86.01	0.37	51.20	3645.97	-3195.37	2447.01
Fixation L	1	12	2092558830	2092767264	208434	1022.07	374.22	21	16	-1	12.45	12.45
Fixation R	1	12	2092558830	2092767264	208434	1022.07	374.22	21	16	-1	12.75	12.75
Saccade L	1	11	2092767264	2092848935	81671	1023.96	368.68	387.31	484.66	14.71	384.34	0.24	180.05	16903.36	-12871.02	7727.71
Saccade R	1	11	2092767264	2092848935	81671	1023.96	368.68	387.31	484.66	14.71	384.34	0.24	180.05	16903.36	-12871.02	7727.71
Fixation L	1	13	2092848935	2093945529	1096594	423.85	470.33	54	44	-1	12.17	12.17
Fixation R	1	13	2092848935	2093945529	1096594	423.85	470.33	54	44	-1	12.44	12.44
UserEvent	1	96	2093663832	# Message: UE-mouseclick left x=411 y=441
Saccade L	1	12	2093945529	2093999494	53965	428.70	457.31	432.72	558.83	2.27	82.59	0.23	42.13	3402.99	-2148.68	1517.71
Saccade R	1	12	2093945529	2093999494	53965	428.70	457.31	432.72	558.83	2.27	82.59	0.23	42.13	3402.99	-2148.68	1517.71
Fixation L	1	14	2093999494	2094543826	544332	443.63	575.26	35	47	-1	11.87	11.87
Fixation R	1	14	2093999494	2094543826	544332	443.63	575.26	35	47	-1	11.99	11.99
UserEvent	1	117	2094471875	# Message: UE-mouseclick left x=408 y=532
