[BeGaze]
Converted from:	C:\Program Files\SMI\Experiment Suite 360\Experiment Center 2\Results\RC-Attachment-Exp\P15-eye_data.idf
Date:	18.03.2012 20:11:42
Version:	BeGaze 3.0.181
Sample Rate:	500
Subject:	P15
Description:	Run20

Table Header for Fixations:
Event Type	Trial	Number	Start	End	Duration	Location X	Location Y	Dispersion X	Dispersion Y	Plane	Avg. Pupil Size X	Avg. Pupil Size Y

Table Header for Saccades:
Event Type	Trial	Number	Start	End	Duration	Start Loc.X	Start Loc.Y	End Loc.X	End Loc.Y	Amplitude	Peak Speed	Peak Speed At	Average Speed	Peak Accel.	Peak Decel.	Average Accel.

Table Header for Blinks:
Event Type	Trial	Number	Start	End	Duration

Table Header for User Events:
Event Type	Trial	Number	Start	Description

UserEvent	1	1	2724071044	# Message: RC-N1forced-nonanim-4.jpg
Fixation L	1	1	2724072428	2724717729	645301	533.43	450.62	69	45	-1	12.28	12.28
Fixation R	1	1	2724072428	2724717729	645301	533.43	450.62	69	45	-1	12.09	12.09
Saccade L	1	1	2724717729	2724751883	34154	564.28	454.87	645.37	449.74	1.79	98.79	0.35	52.34	3589.46	-3509.37	2535.20
Saccade R	1	1	2724717729	2724751883	34154	564.28	454.87	645.37	449.74	1.79	98.79	0.35	52.34	3589.46	-3509.37	2535.20
Fixation L	1	2	2724751883	2724867856	115973	639.59	452.33	21	20	-1	11.81	11.81
Fixation R	1	2	2724751883	2724867856	115973	639.59	452.33	21	20	-1	11.82	11.82
Saccade L	1	2	2724867856	2724899881	32025	628.15	447.70	551.03	453.66	1.68	90.48	0.50	52.46	3685.70	-3629.36	2682.29
Saccade R	1	2	2724867856	2724899881	32025	628.15	447.70	551.03	453.66	1.68	90.48	0.50	52.46	3685.70	-3629.36	2682.29
Fixation L	1	3	2724899881	2725127990	228109	544.64	453.85	21	18	-1	11.75	11.75
Fixation R	1	3	2724899881	2725127990	228109	544.64	453.85	21	18	-1	11.55	11.55
Saccade L	1	3	2725127990	2725161967	33977	552.28	458.25	630.48	444.35	1.68	98.60	0.35	49.48	4135.06	-3337.96	2441.73
Saccade R	1	3	2725127990	2725161967	33977	552.28	458.25	630.48	444.35	1.68	98.60	0.35	49.48	4135.06	-3337.96	2441.73
Fixation L	1	4	2725161967	2725400110	238143	637.50	434.96	24	19	-1	12.02	12.02
Fixation R	1	4	2725161967	2725400110	238143	637.50	434.96	24	19	-1	11.83	11.83
Saccade L	1	4	2725400110	2725444792	44682	651.90	432.20	741.81	445.05	2.15	106.38	0.31	48.14	4393.41	-3522.01	2383.02
Saccade R	1	4	2725400110	2725444792	44682	651.90	432.20	741.81	445.05	2.15	106.38	0.31	48.14	4393.41	-3522.01	2383.02
Fixation L	1	5	2725444792	2726148436	703644	740.60	456.09	43	37	-1	12.32	12.32
Fixation R	1	5	2725444792	2726148436	703644	740.60	456.09	43	37	-1	12.06	12.06
Saccade L	1	5	2726148436	2726182433	33997	738.31	462.54	819.39	452.48	1.78	95.98	0.52	52.34	3844.24	-3438.09	2636.65
Saccade R	1	5	2726148436	2726182433	33997	738.31	462.54	819.39	452.48	1.78	95.98	0.52	52.34	3844.24	-3438.09	2636.65
Fixation L	1	6	2726182433	2726634687	452254	827.34	448.76	41	16	-1	12.25	12.25
Fixation R	1	6	2726182433	2726634687	452254	827.34	448.76	41	16	-1	12.11	12.11
Saccade L	1	6	2726634687	2726668674	33987	825.61	453.98	892.27	448.93	1.47	72.94	0.41	43.22	2445.36	-2452.10	1835.64
Saccade R	1	6	2726634687	2726668674	33987	825.61	453.98	892.27	448.93	1.47	72.94	0.41	43.22	2445.36	-2452.10	1835.64
Fixation L	1	7	2726668674	2727963262	1294588	904.20	439.29	53	53	-1	11.97	11.97
Fixation R	1	7	2726668674	2727963262	1294588	904.20	439.29	53	53	-1	11.89	11.89
Saccade L	1	7	2727963262	2728007256	43994	918.86	445.49	1025.27	419.13	2.49	96.74	0.32	56.66	3999.29	-2682.81	2391.97
Saccade R	1	7	2727963262	2728007256	43994	918.86	445.49	1025.27	419.13	2.49	96.74	0.32	56.66	3999.29	-2682.81	2391.97
Fixation L	1	8	2728007256	2728708250	700994	1045.17	419.30	51	43	-1	11.31	11.31
Fixation R	1	8	2728007256	2728708250	700994	1045.17	419.30	51	43	-1	11.15	11.15
Saccade L	1	8	2728708250	2728735493	27243	1058.52	417.17	1136.06	420.98	1.52	100.36	0.34	55.95	3830.16	-3736.96	2659.38
Saccade R	1	8	2728708250	2728735493	27243	1058.52	417.17	1136.06	420.98	1.52	100.36	0.34	55.95	3830.16	-3736.96	2659.38
Fixation L	1	9	2728735493	2728875616	140123	1137.06	415.93	23	10	-1	11.12	11.12
Fixation R	1	9	2728735493	2728875616	140123	1137.06	415.93	23	10	-1	10.98	10.98
Saccade L	1	9	2728875616	2728917615	41999	1117.92	409.03	1046.04	410.80	1.62	66.68	0.34	38.57	2122.23	-1838.68	1358.15
Saccade R	1	9	2728875616	2728917615	41999	1117.92	409.03	1046.04	410.80	1.62	66.68	0.34	38.57	2122.23	-1838.68	1358.15
Fixation L	1	10	2728917615	2729101731	184116	1048.55	416.90	25	26	-1	11.24	11.24
Fixation R	1	10	2728917615	2729101731	184116	1048.55	416.90	25	26	-1	11.13	11.13
Saccade L	1	10	2729101731	2729145729	43998	1041.93	408.11	1162.01	409.85	2.60	100.00	0.43	59.21	4256.84	-3418.59	2708.33
Saccade R	1	10	2729101731	2729145729	43998	1041.93	408.11	1162.01	409.85	2.60	100.00	0.43	59.21	4256.84	-3418.59	2708.33
Fixation L	1	11	2729145729	2729301850	156121	1164.53	411.83	16	20	-1	11.58	11.58
Fixation R	1	11	2729145729	2729301850	156121	1164.53	411.83	16	20	-1	11.40	11.40
Saccade L	1	11	2729301850	2729423987	122137	1154.20	427.93	886.12	925.42	13.80	191.79	0.74	113.01	6846.17	-7140.83	2871.99
Saccade R	1	11	2729301850	2729423987	122137	1154.20	427.93	886.12	925.42	13.80	191.79	0.74	113.01	6846.17	-7140.83	2871.99
Fixation L	1	12	2729423987	2729496912	72925	875.65	959.17	34	49	-1	11.74	11.74
Fixation R	1	12	2729423987	2729496912	72925	875.65	959.17	34	49	-1	11.00	11.00
Saccade L	1	12	2729524746	2729553867	29121	850.95	860.20	872.92	971.29	1.09	71.37	0.32	37.47	506.91	-1802.14	1056.05
Saccade R	1	12	2729524746	2729553867	29121	850.95	860.20	872.92	971.29	1.09	71.37	0.32	37.47	506.91	-1802.14	1056.05
Fixation L	1	13	2729553867	2729978088	424221	864.22	960.25	44	66	-1	12.07	12.07
Fixation R	1	13	2729553867	2729978088	424221	864.22	960.25	44	66	-1	11.56	11.56
