[BeGaze]
Converted from:	C:\Program Files\SMI\Experiment Suite 360\Experiment Center 2\Results\RC-Attachment-Exp\P25-eye_data.idf
Date:	18.03.2012 20:19:52
Version:	BeGaze 3.0.181
Sample Rate:	500
Subject:	P25
Description:	Run30

Table Header for Fixations:
Event Type	Trial	Number	Start	End	Duration	Location X	Location Y	Dispersion X	Dispersion Y	Plane	Avg. Pupil Size X	Avg. Pupil Size Y

Table Header for Saccades:
Event Type	Trial	Number	Start	End	Duration	Start Loc.X	Start Loc.Y	End Loc.X	End Loc.Y	Amplitude	Peak Speed	Peak Speed At	Average Speed	Peak Accel.	Peak Decel.	Average Accel.

Table Header for Blinks:
Event Type	Trial	Number	Start	End	Duration

Table Header for User Events:
Event Type	Trial	Number	Start	Description

UserEvent	1	1	10623939043	# Message: Validation.jpg
Fixation L	1	1	10623942014	10624008416	66402	232.63	740.83	21	2	-1	13.33	13.33
Fixation R	1	1	10623942014	10624008416	66402	232.63	740.83	21	2	-1	13.86	13.86
Saccade L	1	1	10624008416	10624057771	49355	239.63	740.67	253.71	750.98	2.93	83.00	0.47	59.38	3636.38	-3012.82	2446.12
Saccade R	1	1	10624008416	10624057771	49355	239.63	740.67	253.71	750.98	2.93	83.00	0.47	59.38	3636.38	-3012.82	2446.12
Fixation L	1	2	10624057771	10624249541	191770	264.07	766.57	29	25	-1	13.40	13.40
Fixation R	1	2	10624057771	10624249541	191770	264.07	766.57	29	25	-1	13.95	13.95
Saccade L	1	2	10624249541	10624309520	59979	282.57	775.45	479.94	375.23	11.26	394.57	0.40	187.69	16699.57	-12030.89	9986.02
Saccade R	1	2	10624249541	10624309520	59979	282.57	775.45	479.94	375.23	11.26	394.57	0.40	187.69	16699.57	-12030.89	9986.02
Fixation L	1	3	10624309520	10624429516	119996	461.71	359.32	35	27	-1	13.14	13.14
Fixation R	1	3	10624309520	10624429516	119996	461.71	359.32	35	27	-1	13.96	13.96
Blink L	1	1	10624429516	10624471645	42129
Blink R	1	1	10624429516	10624471645	42129
Saccade L	1	3	10624471645	10624515646	44001	0.00	0.00	450.36	286.48	12.65	671.27	0.60	287.47	14461.98	-24711.98	11210.71
Saccade R	1	3	10624471645	10624515646	44001	0.00	0.00	450.36	286.48	12.65	671.27	0.60	287.47	14461.98	-24711.98	11210.71
Fixation L	1	4	10624515646	10624593784	78138	445.11	291.64	21	21	-1	13.14	13.14
Fixation R	1	4	10624515646	10624593784	78138	445.11	291.64	21	21	-1	13.90	13.90
Saccade L	1	4	10624667657	10624701636	33979	392.43	256.03	427.96	297.68	1.17	42.40	0.65	34.52	1186.44	-790.58	669.69
Saccade R	1	4	10624667657	10624701636	33979	392.43	256.03	427.96	297.68	1.17	42.40	0.65	34.52	1186.44	-790.58	669.69
Saccade L	1	5	10624701636	10624743763	42127	427.96	297.68	468.10	303.80	1.89	72.31	0.36	44.87	1425.96	-1958.67	1014.61
Saccade R	1	5	10624701636	10624743763	42127	427.96	297.68	468.10	303.80	1.89	72.31	0.36	44.87	1425.96	-1958.67	1014.61
Fixation L	1	5	10624743763	10624893757	149994	449.66	312.08	31	27	-1	12.90	12.90
Fixation R	1	5	10624743763	10624893757	149994	449.66	312.08	31	27	-1	13.57	13.57
Blink L	1	2	10624917750	10624953747	35997
Blink R	1	2	10624917750	10624953747	35997
Fixation L	1	6	10624953747	10625339989	386242	0.00	0.00	0	0	-1	0.00	0.00
Fixation R	1	6	10624953747	10625339989	386242	0.00	0.00	0	0	-1	0.00	0.00
Blink L	1	3	10625614099	10625727346	113247
Blink R	1	3	10625614099	10625727346	113247
Blink L	1	4	10625730586	10625814094	83508
Blink R	1	4	10625730586	10625814094	83508
Blink L	1	5	10625856090	10625952327	96237
Blink R	1	5	10625856090	10625952327	96237
Blink L	1	6	10625952327	10626004232	51905
Blink R	1	6	10625952327	10626004232	51905
Saccade L	1	6	10626042213	10626072214	30001	0.00	0.00	414.12	294.11	12.58	963.54	0.40	419.31	36804.61	-23005.36	19522.74
Saccade R	1	6	10626042213	10626072214	30001	0.00	0.00	414.12	294.11	12.58	963.54	0.40	419.31	36804.61	-23005.36	19522.74
Blink L	1	7	10626072214	10626180206	107992
Blink R	1	7	10626072214	10626180206	107992
Saccade L	1	7	10626205423	10626268340	62917	679.82	418.73	923.19	566.22	15.57	850.64	0.71	247.41	26674.89	-33617.34	15118.34
Saccade R	1	7	10626205423	10626268340	62917	679.82	418.73	923.19	566.22	15.57	850.64	0.71	247.41	26674.89	-33617.34	15118.34
Saccade L	1	8	10626276885	10626302337	25452	931.16	564.25	1024.13	564.60	1.86	145.72	0.66	72.98	5112.89	-2559.03	2569.16
Saccade R	1	8	10626276885	10626302337	25452	931.16	564.25	1024.13	564.60	1.86	145.72	0.66	72.98	5112.89	-2559.03	2569.16
Saccade L	1	9	10626330330	10626358330	28000	970.52	567.88	1020.37	587.29	1.17	59.20	0.50	41.77	47314.42	-100.33	11940.93
Saccade R	1	9	10626330330	10626358330	28000	970.52	567.88	1020.37	587.29	1.17	59.20	0.50	41.77	47314.42	-100.33	11940.93
Saccade L	1	10	10626450473	10626476449	25976	1211.22	719.49	1236.00	742.69	1.03	74.01	0.31	39.55	1478.79	-28027.13	4333.81
Saccade R	1	10	10626450473	10626476449	25976	1211.22	719.49	1236.00	742.69	1.03	74.01	0.31	39.55	1478.79	-28027.13	4333.81
Fixation L	1	7	10626476449	10626536452	60003	1248.54	737.02	30	15	-1	14.20	14.20
Fixation R	1	7	10626476449	10626536452	60003	1248.54	737.02	30	15	-1	15.25	15.25
Saccade L	1	11	10626536452	10626568159	31707	1265.59	741.17	1349.86	761.71	2.21	137.00	0.45	69.56	5003.92	-3054.24	2751.67
Saccade R	1	11	10626536452	10626568159	31707	1265.59	741.17	1349.86	761.71	2.21	137.00	0.45	69.56	5003.92	-3054.24	2751.67
Saccade L	1	12	10626568159	10626594444	26285	1349.86	761.71	1270.73	753.04	1.79	142.09	0.39	68.21	2518.81	-4824.29	2500.56
Saccade R	1	12	10626568159	10626594444	26285	1349.86	761.71	1270.73	753.04	1.79	142.09	0.39	68.21	2518.81	-4824.29	2500.56
Fixation L	1	8	10626594444	10626710437	115993	1278.94	786.93	30	56	-1	13.97	13.97
Fixation R	1	8	10626594444	10626710437	115993	1278.94	786.93	30	56	-1	15.03	15.03
Blink L	1	8	10626710437	10626738564	28127
Blink R	1	8	10626710437	10626738564	28127
Saccade L	1	13	10626738564	10626760955	22391	0.00	0.00	1282.38	788.00	22.59	2411.22	0.45	1008.88	41319.88	-80625.20	44906.50
Saccade R	1	13	10626738564	10626760955	22391	0.00	0.00	1282.38	788.00	22.59	2411.22	0.45	1008.88	41319.88	-80625.20	44906.50
Fixation L	1	9	10626760955	10627556912	795957	1270.59	768.34	39	29	-1	12.91	12.91
Fixation R	1	9	10626760955	10627556912	795957	1270.59	768.34	39	29	-1	13.79	13.79
Saccade L	1	14	10627556912	10627614928	58016	1269.15	761.63	1271.20	501.45	6.21	225.05	0.37	106.99	9830.71	-6525.44	5203.63
Saccade R	1	14	10627556912	10627614928	58016	1269.15	761.63	1271.20	501.45	6.21	225.05	0.37	106.99	9830.71	-6525.44	5203.63
Fixation L	1	10	10627614928	10627718908	103980	1258.87	485.16	25	39	-1	13.01	13.01
Fixation R	1	10	10627614928	10627718908	103980	1258.87	485.16	25	39	-1	13.52	13.52
Fixation L	1	11	10627797037	10627990611	193574	1295.40	271.05	43	74	-1	12.94	12.94
Fixation R	1	11	10627797037	10627990611	193574	1295.40	271.05	43	74	-1	13.32	13.32
Saccade L	1	15	10627990611	10628031145	40534	1316.06	225.59	1351.91	251.09	2.06	103.66	0.21	50.94	3446.83	-2538.39	1832.29
Saccade R	1	15	10627990611	10628031145	40534	1316.06	225.59	1351.91	251.09	2.06	103.66	0.21	50.94	3446.83	-2538.39	1832.29
Saccade L	1	16	10628039148	10628077148	38000	1349.65	244.73	1390.92	177.49	1.94	88.06	0.58	51.09	2972.49	-3426.69	2218.20
Saccade R	1	16	10628039148	10628077148	38000	1349.65	244.73	1390.92	177.49	1.94	88.06	0.58	51.09	2972.49	-3426.69	2218.20
Saccade L	1	17	10628091149	10628115964	24815	1389.04	174.57	1385.92	208.36	0.81	43.65	0.24	32.44	1458.67	-558.69	715.30
Saccade R	1	17	10628091149	10628115964	24815	1389.04	174.57	1385.92	208.36	0.81	43.65	0.24	32.44	1458.67	-558.69	715.30
Saccade L	1	18	10628115964	10628152226	36262	1385.92	208.36	1456.24	160.74	2.13	121.63	0.47	58.66	3847.20	-4211.88	2698.31
Saccade R	1	18	10628115964	10628152226	36262	1385.92	208.36	1456.24	160.74	2.13	121.63	0.47	58.66	3847.20	-4211.88	2698.31
Fixation L	1	12	10628152226	10628577258	425032	1397.41	157.58	95	43	-1	13.03	13.03
Fixation R	1	12	10628152226	10628577258	425032	1397.41	157.58	95	43	-1	13.49	13.49
Fixation L	1	13	10628597380	10628673385	76005	1384.52	150.06	39	11	-1	13.56	13.56
Fixation R	1	13	10628597380	10628673385	76005	1384.52	150.06	39	11	-1	13.76	13.76
Saccade L	1	19	10628673385	10628697378	23993	1359.96	155.57	1403.58	133.89	0.99	67.37	0.42	41.42	2418.05	-2328.78	1531.68
Saccade R	1	19	10628673385	10628697378	23993	1359.96	155.57	1403.58	133.89	0.99	67.37	0.42	41.42	2418.05	-2328.78	1531.68
Saccade L	1	20	10628705668	10628761617	55949	1403.66	130.61	1341.06	186.69	2.83	123.99	0.21	50.59	4965.91	-3629.35	2040.62
Saccade R	1	20	10628705668	10628761617	55949	1403.66	130.61	1341.06	186.69	2.83	123.99	0.21	50.59	4965.91	-3629.35	2040.62
Fixation L	1	14	10628761617	10628871495	109878	1042.22	134.79	1364	191	-1	11.31	11.31
Fixation R	1	14	10628761617	10628871495	109878	1042.22	134.79	1364	191	-1	11.58	11.58
Blink L	1	9	10628937868	10629213609	275741
Blink R	1	9	10628937868	10629213609	275741
Saccade L	1	21	10629241611	10629311749	70138	582.40	649.57	478.52	743.44	3.40	74.37	0.34	48.46	2351.34	-1619.66	1290.43
Saccade R	1	21	10629241611	10629311749	70138	582.40	649.57	478.52	743.44	3.40	74.37	0.34	48.46	2351.34	-1619.66	1290.43
Saccade L	1	22	10629327609	10629377238	49629	470.53	745.58	410.87	792.07	1.87	69.91	0.48	37.69	1983.03	-2628.04	1484.69
Saccade R	1	22	10629327609	10629377238	49629	470.53	745.58	410.87	792.07	1.87	69.91	0.48	37.69	1983.03	-2628.04	1484.69
Fixation L	1	15	10629377238	10629966047	588809	415.50	791.50	33	34	-1	13.95	13.95
Fixation R	1	15	10629377238	10629966047	588809	415.50	791.50	33	34	-1	13.98	13.98
