[BeGaze]
Converted from:	C:\Program Files\SMI\Experiment Suite 360\Experiment Center 2\Results\RC-Attachment-Exp\P26-eye_data.idf
Date:	18.03.2012 20:21:27
Version:	BeGaze 3.0.181
Sample Rate:	500
Subject:	P26
Description:	Run31

Table Header for Fixations:
Event Type	Trial	Number	Start	End	Duration	Location X	Location Y	Dispersion X	Dispersion Y	Plane	Avg. Pupil Size X	Avg. Pupil Size Y

Table Header for Saccades:
Event Type	Trial	Number	Start	End	Duration	Start Loc.X	Start Loc.Y	End Loc.X	End Loc.Y	Amplitude	Peak Speed	Peak Speed At	Average Speed	Peak Accel.	Peak Decel.	Average Accel.

Table Header for Blinks:
Event Type	Trial	Number	Start	End	Duration

Table Header for User Events:
Event Type	Trial	Number	Start	Description

UserEvent	1	1	12806586780	# Message: RC-nonforced-anim-4.jpg
Saccade L	1	1	12806597658	12806625998	28340	521.57	443.19	554.73	472.45	0.93	43.22	0.42	32.82	887.02	-1652.72	803.89
Saccade R	1	1	12806597658	12806625998	28340	521.57	443.19	554.73	472.45	0.93	43.22	0.42	32.82	887.02	-1652.72	803.89
Fixation L	1	1	12806625998	12806717680	91682	548.13	471.97	14	11	-1	10.37	10.37
Fixation R	1	1	12806625998	12806717680	91682	548.13	471.97	14	11	-1	10.42	10.42
Fixation L	1	2	12806807653	12807190594	382941	1101.52	612.12	29	21	-1	10.74	10.74
Fixation R	1	2	12806807653	12807190594	382941	1101.52	612.12	29	21	-1	10.47	10.47
Saccade L	1	2	12807190594	12807237893	47299	1109.59	616.09	820.42	456.17	7.38	286.50	0.37	156.13	12617.08	-8949.55	7817.85
Saccade R	1	2	12807190594	12807237893	47299	1109.59	616.09	820.42	456.17	7.38	286.50	0.37	156.13	12617.08	-8949.55	7817.85
Fixation L	1	3	12807237893	12807374129	136236	806.87	448.12	25	15	-1	10.77	10.77
Fixation R	1	3	12807237893	12807374129	136236	806.87	448.12	25	15	-1	10.25	10.25
Saccade L	1	3	12807374129	12807406039	31910	800.16	444.90	598.92	462.04	4.35	244.62	0.50	136.29	11025.60	-10604.78	8086.54
Saccade R	1	3	12807374129	12807406039	31910	800.16	444.90	598.92	462.04	4.35	244.62	0.50	136.29	11025.60	-10604.78	8086.54
Fixation L	1	4	12807406039	12807868102	462063	593.60	460.41	45	50	-1	10.79	10.79
Fixation R	1	4	12807406039	12807868102	462063	593.60	460.41	45	50	-1	10.40	10.40
Fixation L	1	5	12807888104	12808036222	148118	643.14	449.73	22	18	-1	10.86	10.86
Fixation R	1	5	12807888104	12808036222	148118	643.14	449.73	22	18	-1	10.49	10.49
Saccade L	1	4	12808036222	12808072230	36008	647.67	440.76	684.26	450.54	1.05	45.21	0.33	29.11	1781.69	-1108.24	963.80
Saccade R	1	4	12808036222	12808072230	36008	647.67	440.76	684.26	450.54	1.05	45.21	0.33	29.11	1781.69	-1108.24	963.80
Fixation L	1	6	12808072230	12808272341	200111	689.09	451.22	19	29	-1	10.73	10.73
Fixation R	1	6	12808072230	12808272341	200111	689.09	451.22	19	29	-1	10.68	10.68
Saccade L	1	5	12808272341	12808302396	30055	694.25	452.34	781.45	450.51	1.90	113.54	0.53	63.09	4437.75	-4511.40	3289.64
Saccade R	1	5	12808272341	12808302396	30055	694.25	452.34	781.45	450.51	1.90	113.54	0.53	63.09	4437.75	-4511.40	3289.64
Fixation L	1	7	12808302396	12808634462	332066	776.53	468.70	39	44	-1	10.81	10.81
Fixation R	1	7	12808302396	12808634462	332066	776.53	468.70	39	44	-1	10.54	10.54
Saccade L	1	6	12808634462	12808670628	36166	762.62	485.15	842.59	448.50	2.23	114.75	0.28	61.71	3600.37	-3830.04	2410.21
Saccade R	1	6	12808634462	12808670628	36166	762.62	485.15	842.59	448.50	2.23	114.75	0.28	61.71	3600.37	-3830.04	2410.21
Saccade L	1	7	12808696456	12808720593	24137	813.72	473.62	796.89	432.91	1.05	66.80	0.50	43.65	880.42	-2354.96	1164.43
Saccade R	1	7	12808696456	12808720593	24137	813.72	473.62	796.89	432.91	1.05	66.80	0.50	43.65	880.42	-2354.96	1164.43
Fixation L	1	8	12808720593	12808772570	51977	797.26	449.39	4	35	-1	10.58	10.58
Fixation R	1	8	12808720593	12808772570	51977	797.26	449.39	4	35	-1	10.40	10.40
Saccade L	1	8	12808772570	12808794573	22003	799.77	465.85	795.33	429.82	0.66	42.84	0.56	30.04	1589.48	-789.18	844.88
Saccade R	1	8	12808772570	12808794573	22003	799.77	465.85	795.33	429.82	0.66	42.84	0.56	30.04	1589.48	-789.18	844.88
Saccade L	1	9	12808820576	12808850573	29997	802.07	460.41	871.49	468.90	1.55	94.28	0.47	51.63	2667.62	-3820.48	2359.68
Saccade R	1	9	12808820576	12808850573	29997	802.07	460.41	871.49	468.90	1.55	94.28	0.47	51.63	2667.62	-3820.48	2359.68
Fixation L	1	9	12808850573	12809004689	154116	848.51	461.55	42	17	-1	10.51	10.51
Fixation R	1	9	12808850573	12809004689	154116	848.51	461.55	42	17	-1	10.41	10.41
Saccade L	1	10	12809004689	12809048686	43997	837.89	466.52	864.32	455.30	1.84	80.08	0.41	41.79	2736.61	-1776.58	1416.00
Saccade R	1	10	12809004689	12809048686	43997	837.89	466.52	864.32	455.30	1.84	80.08	0.41	41.79	2736.61	-1776.58	1416.00
Saccade L	1	11	12809064686	12809090696	26010	854.65	452.35	936.02	458.17	1.68	114.51	0.46	64.78	4464.29	-4526.88	3220.78
Saccade R	1	11	12809064686	12809090696	26010	854.65	452.35	936.02	458.17	1.68	114.51	0.46	64.78	4464.29	-4526.88	3220.78
Fixation L	1	10	12809090696	12809292817	202121	931.73	451.10	16	21	-1	10.38	10.38
Fixation R	1	10	12809090696	12809292817	202121	931.73	451.10	16	21	-1	10.21	10.21
Saccade L	1	12	12809292817	12809322809	29992	921.27	449.13	887.34	425.72	1.25	77.26	0.60	41.69	2859.52	-2170.71	1812.19
Saccade R	1	12	12809292817	12809322809	29992	921.27	449.13	887.34	425.72	1.25	77.26	0.60	41.69	2859.52	-2170.71	1812.19
Saccade L	1	13	12809330809	12809381872	51063	885.71	424.91	991.10	455.98	2.53	84.83	0.43	49.51	2840.78	-2497.61	1823.28
Saccade R	1	13	12809330809	12809381872	51063	885.71	424.91	991.10	455.98	2.53	84.83	0.43	49.51	2840.78	-2497.61	1823.28
Fixation L	1	11	12809381872	12809583385	201513	995.00	443.76	18	17	-1	10.20	10.20
Fixation R	1	11	12809381872	12809583385	201513	995.00	443.76	18	17	-1	10.17	10.17
Saccade L	1	14	12809583385	12809606918	23533	982.48	440.48	1036.16	429.71	1.20	95.40	0.41	50.80	3723.90	-3444.37	2428.47
Saccade R	1	14	12809583385	12809606918	23533	982.48	440.48	1036.16	429.71	1.20	95.40	0.41	50.80	3723.90	-3444.37	2428.47
Fixation L	1	12	12809606918	12810039030	432112	1042.71	431.60	40	36	-1	10.16	10.16
Fixation R	1	12	12809606918	12810039030	432112	1042.71	431.60	40	36	-1	9.74	9.74
Saccade L	1	15	12810039030	12810071155	32125	1034.90	450.98	1098.21	436.37	1.56	87.96	0.38	48.64	3641.41	-3058.77	2396.23
Saccade R	1	15	12810039030	12810071155	32125	1034.90	450.98	1098.21	436.37	1.56	87.96	0.38	48.64	3641.41	-3058.77	2396.23
Fixation L	1	13	12810071155	12810297150	225995	1087.08	437.09	18	15	-1	10.31	10.31
Fixation R	1	13	12810071155	12810297150	225995	1087.08	437.09	18	15	-1	9.22	9.22
Saccade L	1	16	12810297150	12810325273	28123	1085.13	441.59	1154.25	450.29	1.52	98.28	0.45	54.03	3780.77	-3907.93	2800.31
Saccade R	1	16	12810297150	12810325273	28123	1085.13	441.59	1154.25	450.29	1.52	98.28	0.45	54.03	3780.77	-3907.93	2800.31
Fixation L	1	14	12810325273	12810491265	165992	1153.06	439.28	26	44	-1	10.26	10.26
Fixation R	1	14	12810325273	12810491265	165992	1153.06	439.28	26	44	-1	9.32	9.32
Saccade L	1	17	12810491265	12810556581	65316	1140.94	413.01	666.56	499.27	12.06	323.23	0.34	184.63	14225.84	-10674.86	7867.32
Saccade R	1	17	12810491265	12810556581	65316	1140.94	413.01	666.56	499.27	12.06	323.23	0.34	184.63	14225.84	-10674.86	7867.32
Fixation L	1	15	12810556581	12810749378	192797	660.24	493.95	12	21	-1	10.57	10.57
Fixation R	1	15	12810556581	12810749378	192797	660.24	493.95	12	21	-1	10.45	10.45
Saccade L	1	18	12810749378	12810773382	24004	661.34	487.80	583.44	482.23	1.74	137.91	0.50	72.64	5506.62	-5764.28	3944.10
Saccade R	1	18	12810749378	12810773382	24004	661.34	487.80	583.44	482.23	1.74	137.91	0.50	72.64	5506.62	-5764.28	3944.10
Fixation L	1	16	12810773382	12811013500	240118	571.77	462.53	20	35	-1	10.61	10.61
Fixation R	1	16	12810773382	12811013500	240118	571.77	462.53	20	35	-1	10.34	10.34
Saccade L	1	19	12811013500	12811047561	34061	561.58	450.01	696.91	450.27	2.96	155.56	0.45	86.99	6889.36	-6377.86	4947.68
Saccade R	1	19	12811013500	12811047561	34061	561.58	450.01	696.91	450.27	2.96	155.56	0.45	86.99	6889.36	-6377.86	4947.68
Fixation L	1	17	12811047561	12811453825	406264	698.14	448.19	38	20	-1	10.63	10.63
Fixation R	1	17	12811047561	12811453825	406264	698.14	448.19	38	20	-1	10.50	10.50
Saccade L	1	20	12811453825	12811489729	35904	688.54	445.22	799.81	440.59	2.52	129.65	0.33	70.07	5163.86	-4607.02	3504.65
Saccade R	1	20	12811453825	12811489729	35904	688.54	445.22	799.81	440.59	2.52	129.65	0.33	70.07	5163.86	-4607.02	3504.65
Fixation L	1	18	12811489729	12811839849	350120	797.75	460.13	21	47	-1	10.80	10.80
Fixation R	1	18	12811489729	12811839849	350120	797.75	460.13	21	47	-1	10.49	10.49
Saccade L	1	21	12811839849	12811868269	28420	807.89	482.22	877.59	458.34	1.61	97.51	0.42	56.65	4132.27	-3944.44	2880.02
Saccade R	1	21	12811839849	12811868269	28420	807.89	482.22	877.59	458.34	1.61	97.51	0.42	56.65	4132.27	-3944.44	2880.02
Fixation L	1	19	12811868269	12812135957	267688	864.50	453.97	32	35	-1	10.85	10.85
Fixation R	1	19	12811868269	12812135957	267688	864.50	453.97	32	35	-1	10.57	10.57
Saccade L	1	22	12812135957	12812161992	26035	860.50	479.77	930.93	474.44	1.51	105.91	0.46	58.00	3937.56	-4068.72	2897.08
Saccade R	1	22	12812135957	12812161992	26035	860.50	479.77	930.93	474.44	1.51	105.91	0.46	58.00	3937.56	-4068.72	2897.08
Fixation L	1	20	12812161992	12812322113	160121	938.86	472.02	17	18	-1	10.88	10.88
Fixation R	1	20	12812161992	12812322113	160121	938.86	472.02	17	18	-1	10.52	10.52
Saccade L	1	23	12812322113	12812348101	25988	940.64	477.58	968.16	432.40	1.22	81.01	0.55	47.02	3355.37	-1655.84	1837.63
Saccade R	1	23	12812322113	12812348101	25988	940.64	477.58	968.16	432.40	1.22	81.01	0.55	47.02	3355.37	-1655.84	1837.63
Saccade L	1	24	12812352090	12812376080	23990	968.60	431.46	938.95	468.99	0.91	55.92	0.42	37.77	763.24	-2261.00	1112.76
Saccade R	1	24	12812352090	12812376080	23990	968.60	431.46	938.95	468.99	0.91	55.92	0.42	37.77	763.24	-2261.00	1112.76
Fixation L	1	21	12812376080	12812433029	56949	938.66	467.96	7	9	-1	10.72	10.72
Fixation R	1	21	12812376080	12812433029	56949	938.66	467.96	7	9	-1	10.50	10.50
Saccade L	1	25	12812433029	12812468080	35051	933.05	474.63	955.52	382.47	2.25	131.60	0.32	64.06	4361.16	-4225.61	2903.14
Saccade R	1	25	12812433029	12812468080	35051	933.05	474.63	955.52	382.47	2.25	131.60	0.32	64.06	4361.16	-4225.61	2903.14
Saccade L	1	26	12812534219	12812566199	31980	934.02	466.18	998.30	455.01	2.54	134.19	0.36	79.34	4137.40	-4025.08	3251.52
Saccade R	1	26	12812534219	12812566199	31980	934.02	466.18	998.30	455.01	2.54	134.19	0.36	79.34	4137.40	-4025.08	3251.52
Saccade L	1	27	12812580663	12812604198	23535	998.77	454.13	1028.63	451.83	1.16	87.22	0.49	49.13	2231.20	-426.41	1023.39
Saccade R	1	27	12812580663	12812604198	23535	998.77	454.13	1028.63	451.83	1.16	87.22	0.49	49.13	2231.20	-426.41	1023.39
Saccade L	1	28	12812604198	12812632196	27998	1028.63	451.83	1071.25	370.61	1.83	121.15	0.55	65.37	2166.11	-4305.87	2226.25
Saccade R	1	28	12812604198	12812632196	27998	1028.63	451.83	1071.25	370.61	1.83	121.15	0.55	65.37	2166.11	-4305.87	2226.25
Saccade L	1	29	12812644208	12812678196	33988	1066.10	368.79	1007.46	425.24	1.98	126.19	0.42	58.35	4455.64	-4318.22	3034.61
Saccade R	1	29	12812644208	12812678196	33988	1066.10	368.79	1007.46	425.24	1.98	126.19	0.42	58.35	4455.64	-4318.22	3034.61
Fixation L	1	22	12812678196	12813308420	630224	1021.55	441.89	59	50	-1	10.39	10.39
Fixation R	1	22	12812678196	12813308420	630224	1021.55	441.89	59	50	-1	10.00	10.00
Saccade L	1	30	12813308420	12813340545	32125	1038.53	435.63	1106.08	421.40	1.45	66.98	0.50	45.16	2803.75	-2486.75	1950.22
Saccade R	1	30	12813308420	12813340545	32125	1038.53	435.63	1106.08	421.40	1.45	66.98	0.50	45.16	2803.75	-2486.75	1950.22
Fixation L	1	23	12813340545	12813551571	211026	1102.47	427.18	18	15	-1	10.23	10.23
Fixation R	1	23	12813340545	12813551571	211026	1102.47	427.18	18	15	-1	9.62	9.62
Saccade L	1	31	12813551571	12813654678	103107	1100.94	434.68	886.59	978.41	14.42	301.75	0.35	139.81	11469.33	-6365.80	4645.89
Saccade R	1	31	12813551571	12813654678	103107	1100.94	434.68	886.59	978.41	14.42	301.75	0.35	139.81	11469.33	-6365.80	4645.89
Fixation L	1	24	12813654678	12813750656	95978	894.25	972.66	20	31	-1	10.70	10.70
Fixation R	1	24	12813654678	12813750656	95978	894.25	972.66	20	31	-1	10.43	10.43
Saccade L	1	32	12813750656	12813781022	30366	901.42	982.60	968.03	912.44	2.15	131.55	0.40	70.73	5081.15	-5108.54	3698.82
Saccade R	1	32	12813750656	12813781022	30366	901.42	982.60	968.03	912.44	2.15	131.55	0.40	70.73	5081.15	-5108.54	3698.82
Fixation L	1	25	12813781022	12813942781	161759	965.72	906.58	16	19	-1	10.62	10.62
Fixation R	1	25	12813781022	12813942781	161759	965.72	906.58	16	19	-1	10.65	10.65
Saccade L	1	33	12813942781	12813968791	26010	957.10	908.89	912.89	926.82	1.10	64.79	0.46	42.46	2449.25	-2710.04	1850.43
Saccade R	1	33	12813942781	12813968791	26010	957.10	908.89	912.89	926.82	1.10	64.79	0.46	42.46	2449.25	-2710.04	1850.43
Fixation L	1	26	12813968791	12814134906	166115	911.13	933.18	13	19	-1	11.17	11.17
Fixation R	1	26	12813968791	12814134906	166115	911.13	933.18	13	19	-1	10.68	10.68
