[BeGaze]
Converted from:	C:\Program Files\SMI\Experiment Suite 360\Experiment Center 2\Results\RC-Attachment-Exp\P17-eye_data.idf
Date:	18.03.2012 20:12:56
Version:	BeGaze 3.0.181
Sample Rate:	500
Subject:	P17
Description:	Run22

Table Header for Fixations:
Event Type	Trial	Number	Start	End	Duration	Location X	Location Y	Dispersion X	Dispersion Y	Plane	Avg. Pupil Size X	Avg. Pupil Size Y

Table Header for Saccades:
Event Type	Trial	Number	Start	End	Duration	Start Loc.X	Start Loc.Y	End Loc.X	End Loc.Y	Amplitude	Peak Speed	Peak Speed At	Average Speed	Peak Accel.	Peak Decel.	Average Accel.

Table Header for Blinks:
Event Type	Trial	Number	Start	End	Duration

Table Header for User Events:
Event Type	Trial	Number	Start	Description

UserEvent	1	1	16045314139	# Message: Questionnaire8.jpg
Fixation L	1	1	16045315543	16045755998	440455	910.79	937.45	26	28	-1	14.30	14.30
Fixation R	1	1	16045315543	16045755998	440455	910.79	937.45	26	28	-1	13.67	13.67
Saccade L	1	1	16045755998	16045840126	84128	922.48	932.44	593.87	379.64	14.66	544.59	0.24	174.22	23907.11	-17818.63	9467.41
Saccade R	1	1	16045755998	16045840126	84128	922.48	932.44	593.87	379.64	14.66	544.59	0.24	174.22	23907.11	-17818.63	9467.41
Fixation L	1	2	16045840126	16045922120	81994	589.27	389.94	13	22	-1	14.00	14.00
Fixation R	1	2	16045840126	16045922120	81994	589.27	389.94	13	22	-1	13.15	13.15
Saccade L	1	2	16045922120	16045946234	24114	591.27	389.31	550.16	349.33	1.21	90.47	0.50	50.22	3139.02	-2913.31	2112.24
Saccade R	1	2	16045922120	16045946234	24114	591.27	389.31	550.16	349.33	1.21	90.47	0.50	50.22	3139.02	-2913.31	2112.24
Fixation L	1	3	16045946234	16046114255	168021	545.49	363.00	34	22	-1	13.71	13.71
Fixation R	1	3	16045946234	16046114255	168021	545.49	363.00	34	22	-1	12.91	12.91
Saccade L	1	3	16046114255	16046142244	27989	562.76	372.79	466.78	359.76	2.10	144.48	0.43	74.99	5995.37	-5600.69	4206.07
Saccade R	1	3	16046114255	16046142244	27989	562.76	372.79	466.78	359.76	2.10	144.48	0.43	74.99	5995.37	-5600.69	4206.07
Fixation L	1	4	16046142244	16046388350	246106	463.73	342.07	23	39	-1	13.01	13.01
Fixation R	1	4	16046142244	16046388350	246106	463.73	342.07	23	39	-1	12.47	12.47
Saccade L	1	4	16046388350	16046418392	30042	469.07	327.96	429.64	361.05	1.09	59.59	0.47	36.34	2358.67	-2163.84	1672.66
Saccade R	1	4	16046388350	16046418392	30042	469.07	327.96	429.64	361.05	1.09	59.59	0.47	36.34	2358.67	-2163.84	1672.66
Fixation L	1	5	16046418392	16046562354	143962	428.60	355.56	19	27	-1	12.61	12.61
Fixation R	1	5	16046418392	16046562354	143962	428.60	355.56	19	27	-1	12.32	12.32
Saccade L	1	5	16046562354	16046612485	50131	420.17	347.85	501.49	363.20	2.19	108.98	0.32	43.73	4540.01	-3965.89	2310.32
Saccade R	1	5	16046562354	16046612485	50131	420.17	347.85	501.49	363.20	2.19	108.98	0.32	43.73	4540.01	-3965.89	2310.32
Fixation L	1	6	16046612485	16046752456	139971	517.02	365.66	36	7	-1	12.81	12.81
Fixation R	1	6	16046612485	16046752456	139971	517.02	365.66	36	7	-1	12.61	12.61
Fixation L	1	7	16046816457	16046944574	128117	633.75	374.94	11	21	-1	13.31	13.31
Fixation R	1	7	16046816457	16046944574	128117	633.75	374.94	11	21	-1	13.04	13.04
Saccade L	1	6	16046944574	16047002576	58002	635.32	377.71	768.59	345.88	3.35	136.98	0.35	57.75	5873.01	-5039.73	3085.99
Saccade R	1	6	16046944574	16047002576	58002	635.32	377.71	768.59	345.88	3.35	136.98	0.35	57.75	5873.01	-5039.73	3085.99
Fixation L	1	8	16047002576	16047124572	121996	766.03	347.41	11	16	-1	13.51	13.51
Fixation R	1	8	16047002576	16047124572	121996	766.03	347.41	11	16	-1	13.33	13.33
Saccade L	1	7	16047124572	16047162719	38147	771.23	356.50	817.16	355.84	1.14	50.38	0.31	29.81	2106.50	-1332.54	1142.54
Saccade R	1	7	16047124572	16047162719	38147	771.23	356.50	817.16	355.84	1.14	50.38	0.31	29.81	2106.50	-1332.54	1142.54
Fixation L	1	9	16047162719	16047316684	153965	828.18	349.51	22	12	-1	13.65	13.65
Fixation R	1	9	16047162719	16047316684	153965	828.18	349.51	22	12	-1	13.34	13.34
Saccade L	1	8	16047316684	16047352714	36030	831.23	356.23	957.88	352.89	2.78	156.22	0.50	77.21	6668.20	-6351.42	4711.20
Saccade R	1	8	16047316684	16047352714	36030	831.23	356.23	957.88	352.89	2.78	156.22	0.50	77.21	6668.20	-6351.42	4711.20
Fixation L	1	10	16047352714	16047820940	468226	967.78	351.20	34	17	-1	13.00	13.00
Fixation R	1	10	16047352714	16047820940	468226	967.78	351.20	34	17	-1	12.56	12.56
Saccade L	1	9	16047820940	16047852915	31975	975.64	351.24	1034.00	335.11	1.33	76.01	0.37	41.62	3154.43	-2940.81	2154.24
Saccade R	1	9	16047820940	16047852915	31975	975.64	351.24	1034.00	335.11	1.33	76.01	0.37	41.62	3154.43	-2940.81	2154.24
Fixation L	1	11	16047852915	16048049406	196491	1031.33	340.17	24	12	-1	12.82	12.82
Fixation R	1	11	16047852915	16048049406	196491	1031.33	340.17	24	12	-1	12.44	12.44
Blink L	1	1	16048049406	16048253145	203739
Blink R	1	1	16048049406	16048253145	203739
Fixation L	1	12	16048253145	16048411145	158000	379.79	457.60	14	12	-1	14.02	14.02
Fixation R	1	12	16048253145	16048411145	158000	379.79	457.60	14	12	-1	13.28	13.28
Saccade L	1	10	16048411145	16048439151	28006	381.19	458.54	391.48	500.62	0.94	51.54	0.59	33.54	2113.92	-2074.32	1529.49
Saccade R	1	10	16048411145	16048439151	28006	381.19	458.54	391.48	500.62	0.94	51.54	0.59	33.54	2113.92	-2074.32	1529.49
Fixation L	1	13	16048439151	16048643272	204121	394.82	508.14	20	29	-1	14.30	14.30
Fixation R	1	13	16048439151	16048643272	204121	394.82	508.14	20	29	-1	13.74	13.74
Blink L	1	2	16048643272	16048721306	78034
Blink R	1	2	16048643272	16048721306	78034
Fixation L	1	14	16048721306	16050504074	1782768	362.61	501.59	72	41	-1	14.45	14.45
Fixation R	1	14	16048721306	16050504074	1782768	362.61	501.59	72	41	-1	14.05	14.05
UserEvent	1	122	16050127260	# Message: UE-mouseclick left x=359 y=474
Saccade L	1	11	16050504074	16050536079	32005	366.30	510.91	379.01	556.24	0.97	45.68	0.44	30.25	1476.10	-1767.09	1167.73
Saccade R	1	11	16050504074	16050536079	32005	366.30	510.91	379.01	556.24	0.97	45.68	0.44	30.25	1476.10	-1767.09	1167.73
Fixation L	1	15	16050536079	16051198578	662499	380.38	561.71	22	36	-1	14.84	14.84
Fixation R	1	15	16050536079	16051198578	662499	380.38	561.71	22	36	-1	14.45	14.45
UserEvent	1	147	16051095536	# Message: UE-mouseclick left x=378 y=534
