[BeGaze]
Converted from:	C:\Program Files\SMI\Experiment Suite 360\Experiment Center 2\Results\RC-Attachment-Exp\P32-eye_data.idf
Date:	18.03.2012 20:28:15
Version:	BeGaze 3.0.181
Sample Rate:	500
Subject:	P32
Description:	Run37

Table Header for Fixations:
Event Type	Trial	Number	Start	End	Duration	Location X	Location Y	Dispersion X	Dispersion Y	Plane	Avg. Pupil Size X	Avg. Pupil Size Y

Table Header for Saccades:
Event Type	Trial	Number	Start	End	Duration	Start Loc.X	Start Loc.Y	End Loc.X	End Loc.Y	Amplitude	Peak Speed	Peak Speed At	Average Speed	Peak Accel.	Peak Decel.	Average Accel.

Table Header for Blinks:
Event Type	Trial	Number	Start	End	Duration

Table Header for User Events:
Event Type	Trial	Number	Start	Description

UserEvent	1	1	5929046692	# Message: Dist-srcop-15.jpg
Fixation L	1	1	5929047542	5929833744	786202	500.72	443.34	66	42	-1	14.29	14.29
Fixation R	1	1	5929047542	5929833744	786202	500.72	443.34	66	42	-1	14.97	14.97
Saccade L	1	1	5929833744	5929867868	34124	518.91	439.39	596.63	440.08	1.67	78.80	0.42	48.97	3174.63	-2801.62	2217.89
Saccade R	1	1	5929833744	5929867868	34124	518.91	439.39	596.63	440.08	1.67	78.80	0.42	48.97	3174.63	-2801.62	2217.89
Fixation L	1	2	5929867868	5930033858	165990	593.56	439.18	27	14	-1	14.02	14.02
Fixation R	1	2	5929867868	5930033858	165990	593.56	439.18	27	14	-1	14.71	14.71
Saccade L	1	2	5930033858	5930067987	34129	577.02	433.45	653.23	427.89	1.61	79.06	0.35	47.25	3338.58	-2749.06	2183.56
Saccade R	1	2	5930033858	5930067987	34129	577.02	433.45	653.23	427.89	1.61	79.06	0.35	47.25	3338.58	-2749.06	2183.56
Fixation L	1	3	5930067987	5930370003	302016	653.42	438.18	40	20	-1	13.72	13.72
Fixation R	1	3	5930067987	5930370003	302016	653.42	438.18	40	20	-1	14.47	14.47
Saccade L	1	3	5930370003	5930399980	29977	636.86	439.30	572.96	451.75	1.38	76.86	0.47	45.93	3215.99	-2901.78	2244.93
Saccade R	1	3	5930370003	5930399980	29977	636.86	439.30	572.96	451.75	1.38	76.86	0.47	45.93	3215.99	-2901.78	2244.93
Fixation L	1	4	5930399980	5930750252	350272	570.41	436.43	53	33	-1	13.74	13.74
Fixation R	1	4	5930399980	5930750252	350272	570.41	436.43	53	33	-1	14.34	14.34
Saccade L	1	4	5930750252	5930778237	27985	585.79	425.82	658.14	411.02	1.52	97.41	0.43	54.16	3781.17	-3890.26	2776.95
Saccade R	1	4	5930750252	5930778237	27985	585.79	425.82	658.14	411.02	1.52	97.41	0.43	54.16	3781.17	-3890.26	2776.95
Fixation L	1	5	5930778237	5931378438	600201	698.11	435.41	104	54	-1	13.68	13.68
Fixation R	1	5	5930778237	5931378438	600201	698.11	435.41	104	54	-1	14.34	14.34
Saccade L	1	5	5931378438	5931412438	34000	745.52	447.89	816.91	436.90	1.54	70.28	0.41	45.35	2852.02	-2579.25	2019.52
Saccade R	1	5	5931378438	5931412438	34000	745.52	447.89	816.91	436.90	1.54	70.28	0.41	45.35	2852.02	-2579.25	2019.52
Fixation L	1	6	5931412438	5931764704	352266	823.42	423.49	18	47	-1	14.05	14.05
Fixation R	1	6	5931412438	5931764704	352266	823.42	423.49	18	47	-1	14.70	14.70
Saccade L	1	6	5931764704	5931792680	27976	825.91	411.41	872.29	416.77	0.98	50.54	0.50	34.89	2164.54	-1696.88	1365.98
Saccade R	1	6	5931764704	5931792680	27976	825.91	411.41	872.29	416.77	0.98	50.54	0.50	34.89	2164.54	-1696.88	1365.98
Fixation L	1	7	5931792680	5932171765	379085	915.33	435.12	81	53	-1	14.26	14.26
Fixation R	1	7	5931792680	5932171765	379085	915.33	435.12	81	53	-1	14.78	14.78
Saccade L	1	7	5932171765	5932194794	23029	933.78	412.39	978.48	413.20	0.89	57.20	0.48	38.46	2092.73	-2016.46	1481.64
Saccade R	1	7	5932171765	5932194794	23029	933.78	412.39	978.48	413.20	0.89	57.20	0.48	38.46	2092.73	-2016.46	1481.64
Fixation L	1	8	5932194794	5932272797	78003	972.46	418.82	11	11	-1	14.37	14.37
Fixation R	1	8	5932194794	5932272797	78003	972.46	418.82	11	11	-1	14.68	14.68
Saccade L	1	8	5932272797	5932306819	34022	968.87	414.92	1058.83	420.15	1.93	104.97	0.36	56.74	4437.10	-3654.90	2756.44
Saccade R	1	8	5932272797	5932306819	34022	968.87	414.92	1058.83	420.15	1.93	104.97	0.36	56.74	4437.10	-3654.90	2756.44
Fixation L	1	9	5932306819	5932537116	230297	1061.89	444.53	13	41	-1	14.33	14.33
Fixation R	1	9	5932306819	5932537116	230297	1061.89	444.53	13	41	-1	14.62	14.62
Saccade L	1	9	5932537116	5932569113	31997	1060.92	430.86	1133.56	427.74	1.50	77.94	0.37	46.91	3308.23	-2875.22	2205.00
Saccade R	1	9	5932537116	5932569113	31997	1060.92	430.86	1133.56	427.74	1.50	77.94	0.37	46.91	3308.23	-2875.22	2205.00
Fixation L	1	10	5932569113	5932833146	264033	1133.85	430.69	24	28	-1	14.29	14.29
Fixation R	1	10	5932569113	5932833146	264033	1133.85	430.69	24	28	-1	14.74	14.74
Blink L	1	1	5932833146	5932951140	117994
Blink R	1	1	5932833146	5932951140	117994
Saccade L	1	10	5933081260	5933127257	45997	982.13	800.27	946.05	733.27	2.99	135.13	0.41	64.94	9220.87	-2670.75	2627.09
Saccade R	1	10	5933081260	5933127257	45997	982.13	800.27	946.05	733.27	2.99	135.13	0.41	64.94	9220.87	-2670.75	2627.09
Saccade L	1	11	5933127257	5933182371	55114	946.05	733.27	917.51	951.24	5.63	377.23	0.25	102.18	10611.18	-13088.61	5664.92
Saccade R	1	11	5933127257	5933182371	55114	946.05	733.27	917.51	951.24	5.63	377.23	0.25	102.18	10611.18	-13088.61	5664.92
Fixation L	1	11	5933182371	5933653488	471117	910.59	952.90	59	41	-1	14.60	14.60
Fixation R	1	11	5933182371	5933653488	471117	910.59	952.90	59	41	-1	15.31	15.31
