[BeGaze]
Converted from:	C:\Program Files\SMI\Experiment Suite 360\Experiment Center 2\Results\RC-Attachment-Exp\P22-eye_data.idf
Date:	18.03.2012 20:17:50
Version:	BeGaze 3.0.181
Sample Rate:	500
Subject:	P22
Description:	Run27

Table Header for Fixations:
Event Type	Trial	Number	Start	End	Duration	Location X	Location Y	Dispersion X	Dispersion Y	Plane	Avg. Pupil Size X	Avg. Pupil Size Y

Table Header for Saccades:
Event Type	Trial	Number	Start	End	Duration	Start Loc.X	Start Loc.Y	End Loc.X	End Loc.Y	Amplitude	Peak Speed	Peak Speed At	Average Speed	Peak Accel.	Peak Decel.	Average Accel.

Table Header for Blinks:
Event Type	Trial	Number	Start	End	Duration

Table Header for User Events:
Event Type	Trial	Number	Start	Description

UserEvent	1	1	2537677125	# Message: RC-N2forced-anim-6.jpg
Fixation L	1	1	2537677814	2537955796	277982	518.82	458.50	25	29	-1	8.52	8.52
Fixation R	1	1	2537677814	2537955796	277982	518.82	458.50	25	29	-1	8.69	8.69
Saccade L	1	1	2537955796	2537977800	22004	523.35	474.09	579.79	477.81	1.27	100.26	0.45	57.61	3826.16	-3887.70	2567.12
Saccade R	1	1	2537955796	2537977800	22004	523.35	474.09	579.79	477.81	1.27	100.26	0.45	57.61	3826.16	-3887.70	2567.12
Fixation L	1	2	2537977800	2538119925	142125	586.53	483.18	10	12	-1	8.48	8.48
Fixation R	1	2	2537977800	2538119925	142125	586.53	483.18	10	12	-1	8.77	8.77
Saccade L	1	2	2538119925	2538145922	25997	586.55	480.69	637.26	484.19	1.13	74.08	0.48	43.64	2922.27	-2812.10	2042.20
Saccade R	1	2	2538119925	2538145922	25997	586.55	480.69	637.26	484.19	1.13	74.08	0.48	43.64	2922.27	-2812.10	2042.20
Fixation L	1	3	2538145922	2538275911	129989	643.15	472.55	13	32	-1	8.50	8.50
Fixation R	1	3	2538145922	2538275911	129989	643.15	472.55	13	32	-1	8.55	8.55
Saccade L	1	3	2538275911	2538314042	38131	639.05	469.81	726.98	457.27	2.13	128.49	0.32	55.98	5211.09	-4275.92	2865.50
Saccade R	1	3	2538275911	2538314042	38131	639.05	469.81	726.98	457.27	2.13	128.49	0.32	55.98	5211.09	-4275.92	2865.50
Fixation L	1	4	2538314042	2538442035	127993	732.47	468.83	17	25	-1	8.49	8.49
Fixation R	1	4	2538314042	2538442035	127993	732.47	468.83	17	25	-1	8.50	8.50
Saccade L	1	4	2538442035	2538468037	26002	741.32	455.85	787.47	475.34	1.14	72.29	0.54	43.94	2267.51	-2267.01	1617.73
Saccade R	1	4	2538442035	2538468037	26002	741.32	455.85	787.47	475.34	1.14	72.29	0.54	43.94	2267.51	-2267.01	1617.73
Fixation L	1	5	2538468037	2538630150	162113	796.90	452.29	18	33	-1	8.32	8.32
Fixation R	1	5	2538468037	2538630150	162113	796.90	452.29	18	33	-1	8.39	8.39
Saccade L	1	5	2538630150	2538658176	28026	795.79	444.20	841.06	470.25	1.07	57.44	0.46	38.23	2380.02	-2112.40	1618.87
Saccade R	1	5	2538630150	2538658176	28026	795.79	444.20	841.06	470.25	1.07	57.44	0.46	38.23	2380.02	-2112.40	1618.87
Fixation L	1	6	2538658176	2538882444	224268	854.82	455.74	23	33	-1	8.24	8.24
Fixation R	1	6	2538658176	2538882444	224268	854.82	455.74	23	33	-1	8.52	8.52
Saccade L	1	6	2538882444	2538906268	23824	853.58	438.72	868.59	473.46	0.74	43.38	0.41	30.95	1295.50	-1539.26	1043.76
Saccade R	1	6	2538882444	2538906268	23824	853.58	438.72	868.59	473.46	0.74	43.38	0.41	30.95	1295.50	-1539.26	1043.76
Fixation L	1	7	2538906268	2539052261	145993	881.16	459.19	18	30	-1	8.18	8.18
Fixation R	1	7	2538906268	2539052261	145993	881.16	459.19	18	30	-1	8.45	8.45
Saccade L	1	7	2539052261	2539092424	40163	881.06	446.00	930.48	473.96	1.29	45.61	0.35	32.21	1802.52	-1085.54	1004.25
Saccade R	1	7	2539052261	2539092424	40163	881.06	446.00	930.48	473.96	1.29	45.61	0.35	32.21	1802.52	-1085.54	1004.25
Fixation L	1	8	2539092424	2539230383	137959	932.31	460.53	13	25	-1	8.00	8.00
Fixation R	1	8	2539092424	2539230383	137959	932.31	460.53	13	25	-1	8.28	8.28
Saccade L	1	8	2539230383	2539266394	36011	935.60	462.31	996.82	460.42	1.35	67.29	0.33	37.56	2696.53	-1842.54	1522.73
Saccade R	1	8	2539230383	2539266394	36011	935.60	462.31	996.82	460.42	1.35	67.29	0.33	37.56	2696.53	-1842.54	1522.73
Blink L	1	1	2539310467	2539491043	180576
Blink R	1	1	2539310467	2539491043	180576
Fixation L	1	9	2539491043	2539690633	199590	1085.09	457.90	34	20	-1	7.84	7.84
Fixation R	1	9	2539491043	2539690633	199590	1085.09	457.90	34	20	-1	8.22	8.22
Saccade L	1	9	2539690633	2539746709	56076	1070.72	465.29	962.51	854.16	9.11	329.06	0.32	162.47	14075.10	-9929.01	7957.68
Saccade R	1	9	2539690633	2539746709	56076	1070.72	465.29	962.51	854.16	9.11	329.06	0.32	162.47	14075.10	-9929.01	7957.68
Fixation L	1	10	2539798620	2539850623	52003	950.09	875.77	10	49	-1	7.96	7.96
Fixation R	1	10	2539798620	2539850623	52003	950.09	875.77	10	49	-1	8.95	8.95
Saccade L	1	10	2539850623	2539873548	22925	948.92	897.78	935.09	947.36	1.03	74.25	0.52	45.00	2614.03	-2760.71	1782.90
Saccade R	1	10	2539850623	2539873548	22925	948.92	897.78	935.09	947.36	1.03	74.25	0.52	45.00	2614.03	-2760.71	1782.90
Fixation L	1	11	2539873548	2540148730	275182	932.90	970.19	21	50	-1	8.61	8.61
Fixation R	1	11	2539873548	2540148730	275182	932.90	970.19	21	50	-1	9.28	9.28
Saccade L	1	11	2540148730	2540174870	26140	938.27	976.06	899.13	981.57	0.88	50.97	0.56	33.61	2179.75	-1661.22	1356.61
Saccade R	1	11	2540148730	2540174870	26140	938.27	976.06	899.13	981.57	0.88	50.97	0.56	33.61	2179.75	-1661.22	1356.61
Fixation L	1	12	2540174870	2540428971	254101	893.47	972.89	33	40	-1	9.06	9.06
Fixation R	1	12	2540174870	2540428971	254101	893.47	972.89	33	40	-1	9.55	9.55
