[BeGaze]
Converted from:	C:\Program Files\SMI\Experiment Suite 360\Experiment Center 2\Results\RC-Attachment-Exp\P18-eye_data.idf
Date:	18.03.2012 20:13:34
Version:	BeGaze 3.0.181
Sample Rate:	500
Subject:	P18
Description:	Run23

Table Header for Fixations:
Event Type	Trial	Number	Start	End	Duration	Location X	Location Y	Dispersion X	Dispersion Y	Plane	Avg. Pupil Size X	Avg. Pupil Size Y

Table Header for Saccades:
Event Type	Trial	Number	Start	End	Duration	Start Loc.X	Start Loc.Y	End Loc.X	End Loc.Y	Amplitude	Peak Speed	Peak Speed At	Average Speed	Peak Accel.	Peak Decel.	Average Accel.

Table Header for Blinks:
Event Type	Trial	Number	Start	End	Duration

Table Header for User Events:
Event Type	Trial	Number	Start	Description

UserEvent	1	1	16854024762	# Message: RC-nonforced-anim-1.jpg
Fixation L	1	1	16854026659	16854627142	600483	504.27	434.25	50	45	-1	10.14	10.14
Fixation R	1	1	16854026659	16854627142	600483	504.27	434.25	50	45	-1	10.53	10.53
Saccade L	1	1	16854627142	16854664876	37734	486.68	414.96	550.06	425.88	1.62	85.49	0.41	42.90	2731.16	-2681.61	1704.74
Saccade R	1	1	16854627142	16854664876	37734	486.68	414.96	550.06	425.88	1.62	85.49	0.41	42.90	2731.16	-2681.61	1704.74
Fixation L	1	2	16854664876	16854753076	88200	555.21	429.01	11	13	-1	10.08	10.08
Fixation R	1	2	16854664876	16854753076	88200	555.21	429.01	11	13	-1	10.66	10.66
Saccade L	1	2	16854753076	16854790856	37780	553.54	432.12	645.30	420.32	1.97	90.75	0.36	52.23	3674.37	-3122.85	2359.67
Saccade R	1	2	16854753076	16854790856	37780	553.54	432.12	645.30	420.32	1.97	90.75	0.36	52.23	3674.37	-3122.85	2359.67
Fixation L	1	3	16854790856	16855071279	280423	658.89	427.28	45	30	-1	10.07	10.07
Fixation R	1	3	16854790856	16855071279	280423	658.89	427.28	45	30	-1	10.44	10.44
Saccade L	1	3	16855071279	16855131095	59816	692.60	423.57	798.91	452.66	2.48	63.56	0.40	41.50	1853.58	-1473.60	1226.01
Saccade R	1	3	16855071279	16855131095	59816	692.60	423.57	798.91	452.66	2.48	63.56	0.40	41.50	1853.58	-1473.60	1226.01
Saccade L	1	4	16855169111	16855201107	31996	827.84	443.50	785.04	438.24	1.00	42.27	0.56	31.38	971.40	-1629.68	938.31
Saccade R	1	4	16855169111	16855201107	31996	827.84	443.50	785.04	438.24	1.00	42.27	0.56	31.38	971.40	-1629.68	938.31
Fixation L	1	4	16855201107	16855273123	72016	788.09	440.06	25	11	-1	9.80	9.80
Fixation R	1	4	16855201107	16855273123	72016	788.09	440.06	25	11	-1	10.28	10.28
Saccade L	1	5	16855273123	16855295104	21981	769.95	438.74	861.67	455.12	1.88	158.74	0.55	85.74	5359.00	-5761.15	3657.33
Saccade R	1	5	16855273123	16855295104	21981	769.95	438.74	861.67	455.12	1.88	158.74	0.55	85.74	5359.00	-5761.15	3657.33
Fixation L	1	5	16855295104	16855643468	348364	846.49	441.57	67	50	-1	9.71	9.71
Fixation R	1	5	16855295104	16855643468	348364	846.49	441.57	67	50	-1	10.23	10.23
Saccade L	1	6	16855643468	16855701323	57855	879.09	465.93	949.86	435.62	1.72	43.67	0.28	29.65	1585.96	-947.02	676.66
Saccade R	1	6	16855643468	16855701323	57855	879.09	465.93	949.86	435.62	1.72	43.67	0.28	29.65	1585.96	-947.02	676.66
Fixation L	1	6	16855701323	16855821368	120045	946.67	448.31	34	22	-1	9.77	9.77
Fixation R	1	6	16855701323	16855821368	120045	946.67	448.31	34	22	-1	10.05	10.05
Saccade L	1	7	16855821368	16855847323	25955	922.58	444.57	970.44	433.79	0.92	55.36	0.38	35.61	1962.89	-1866.69	1405.67
Saccade R	1	7	16855821368	16855847323	25955	922.58	444.57	970.44	433.79	0.92	55.36	0.38	35.61	1962.89	-1866.69	1405.67
Fixation L	1	7	16855847323	16855985972	138649	969.32	455.54	23	31	-1	9.66	9.66
Fixation R	1	7	16855847323	16855985972	138649	969.32	455.54	23	31	-1	10.09	10.09
Blink L	1	1	16855985972	16856173422	187450
Blink R	1	1	16855985972	16856173422	187450
Fixation L	1	8	16856173422	16856271903	98481	1022.21	413.69	55	26	-1	9.65	9.65
Fixation R	1	8	16856173422	16856271903	98481	1022.21	413.69	55	26	-1	10.09	10.09
Saccade L	1	8	16856271903	16856317548	45645	1000.97	413.87	1117.24	453.53	3.39	203.02	0.30	74.23	8519.86	-7187.53	4203.99
Saccade R	1	8	16856271903	16856317548	45645	1000.97	413.87	1117.24	453.53	3.39	203.02	0.30	74.23	8519.86	-7187.53	4203.99
Fixation L	1	9	16856317548	16856517659	200111	1120.96	438.04	28	31	-1	9.82	9.82
Fixation R	1	9	16856317548	16856517659	200111	1120.96	438.04	28	31	-1	10.35	10.35
Saccade L	1	9	16856517659	16856561661	44002	1128.31	423.86	798.92	434.07	7.93	322.26	0.36	180.20	13998.21	-12897.16	10052.36
Saccade R	1	9	16856517659	16856561661	44002	1128.31	423.86	798.92	434.07	7.93	322.26	0.36	180.20	13998.21	-12897.16	10052.36
Fixation L	1	10	16856561661	16856629661	68000	766.78	429.05	47	14	-1	9.47	9.47
Fixation R	1	10	16856561661	16856629661	68000	766.78	429.05	47	14	-1	10.12	10.12
Saccade L	1	10	16856629661	16856678198	48537	753.26	423.08	584.49	431.18	4.11	198.61	0.25	84.62	8302.03	-6462.24	4443.05
Saccade R	1	10	16856629661	16856678198	48537	753.26	423.08	584.49	431.18	4.11	198.61	0.25	84.62	8302.03	-6462.24	4443.05
Fixation L	1	11	16856678198	16856849768	171570	574.09	408.09	21	39	-1	9.45	9.45
Fixation R	1	11	16856678198	16856849768	171570	574.09	408.09	21	39	-1	9.97	9.97
Saccade L	1	11	16856849768	16856885790	36022	565.65	402.06	617.87	418.67	1.30	60.02	0.48	36.19	2091.40	-2039.67	1470.49
Saccade R	1	11	16856849768	16856885790	36022	565.65	402.06	617.87	418.67	1.30	60.02	0.48	36.19	2091.40	-2039.67	1470.49
Fixation L	1	12	16856885790	16857052678	166888	632.53	411.30	38	25	-1	9.79	9.79
Fixation R	1	12	16856885790	16857052678	166888	632.53	411.30	38	25	-1	10.31	10.31
Saccade L	1	12	16857052678	16857089884	37206	649.27	413.04	554.73	429.86	2.34	142.15	0.30	62.87	6036.84	-4924.15	3332.83
Saccade R	1	12	16857052678	16857089884	37206	649.27	413.04	554.73	429.86	2.34	142.15	0.30	62.87	6036.84	-4924.15	3332.83
Fixation L	1	13	16857089884	16857252134	162250	557.20	424.97	10	15	-1	9.75	9.75
Fixation R	1	13	16857089884	16857252134	162250	557.20	424.97	10	15	-1	10.20	10.20
Saccade L	1	13	16857252134	16857290264	38130	550.17	426.62	666.21	400.47	2.59	149.30	0.35	67.91	6416.50	-5481.47	3737.47
Saccade R	1	13	16857252134	16857290264	38130	550.17	426.62	666.21	400.47	2.59	149.30	0.35	67.91	6416.50	-5481.47	3737.47
Fixation L	1	14	16857290264	16857574122	283858	672.44	436.75	38	58	-1	9.84	9.84
Fixation R	1	14	16857290264	16857574122	283858	672.44	436.75	38	58	-1	10.29	10.29
Saccade L	1	14	16857574122	16857598115	23993	655.44	454.87	585.70	463.31	1.52	110.40	0.50	63.17	4516.05	-3632.78	2847.61
Saccade R	1	14	16857574122	16857598115	23993	655.44	454.87	585.70	463.31	1.52	110.40	0.50	63.17	4516.05	-3632.78	2847.61
Fixation L	1	15	16857598115	16857734114	135999	580.10	443.48	10	32	-1	9.91	9.91
Fixation R	1	15	16857598115	16857734114	135999	580.10	443.48	10	32	-1	10.19	10.19
Saccade L	1	15	16857734114	16857760125	26011	583.57	450.68	583.32	412.70	0.80	42.43	0.46	30.70	1588.01	-1700.74	1172.12
Saccade R	1	15	16857734114	16857760125	26011	583.57	450.68	583.32	412.70	0.80	42.43	0.46	30.70	1588.01	-1700.74	1172.12
Saccade L	1	16	16857806265	16857850251	43986	580.86	415.73	685.03	423.17	2.63	133.43	0.37	59.76	5688.27	-4756.76	3204.82
Saccade R	1	16	16857806265	16857850251	43986	580.86	415.73	685.03	423.17	2.63	133.43	0.37	59.76	5688.27	-4756.76	3204.82
Fixation L	1	16	16857850251	16858044263	194012	668.57	416.23	26	23	-1	10.10	10.10
Fixation R	1	16	16857850251	16858044263	194012	668.57	416.23	26	23	-1	10.33	10.33
Saccade L	1	17	16858044263	16858086356	42093	665.57	410.92	786.25	418.08	2.70	134.53	0.45	64.11	5409.07	-4802.11	3514.20
Saccade R	1	17	16858044263	16858086356	42093	665.57	410.92	786.25	418.08	2.70	134.53	0.45	64.11	5409.07	-4802.11	3514.20
Fixation L	1	17	16858086356	16858412464	326108	778.86	438.23	23	43	-1	9.82	9.82
Fixation R	1	17	16858086356	16858412464	326108	778.86	438.23	23	43	-1	10.31	10.31
Saccade L	1	18	16858412464	16858437803	25339	767.98	458.21	861.62	447.20	2.13	148.41	0.47	83.92	5997.59	-6047.08	4269.99
Saccade R	1	18	16858412464	16858437803	25339	767.98	458.21	861.62	447.20	2.13	148.41	0.47	83.92	5997.59	-6047.08	4269.99
Fixation L	1	18	16858437803	16858594575	156772	865.19	441.76	30	19	-1	9.78	9.78
Fixation R	1	18	16858437803	16858594575	156772	865.19	441.76	30	19	-1	10.27	10.27
Saccade L	1	19	16858594575	16858624105	29530	877.58	439.68	915.89	455.90	0.99	46.00	0.42	33.44	1930.19	-1490.92	1211.33
Saccade R	1	19	16858594575	16858624105	29530	877.58	439.68	915.89	455.90	0.99	46.00	0.42	33.44	1930.19	-1490.92	1211.33
Fixation L	1	19	16858624105	16858796583	172478	922.56	440.05	24	30	-1	9.81	9.81
Fixation R	1	19	16858624105	16858796583	172478	922.56	440.05	24	30	-1	10.26	10.26
Saccade L	1	20	16858796583	16858820570	23987	921.48	429.84	993.70	429.17	1.56	121.55	0.42	64.87	4415.19	-4935.17	3146.70
Saccade R	1	20	16858796583	16858820570	23987	921.48	429.84	993.70	429.17	1.56	121.55	0.42	64.87	4415.19	-4935.17	3146.70
Fixation L	1	20	16858820570	16859110701	290131	1005.29	432.10	44	21	-1	9.68	9.68
Fixation R	1	20	16858820570	16859110701	290131	1005.29	432.10	44	21	-1	10.20	10.20
Saccade L	1	21	16859110701	16859161067	50366	988.13	432.13	1123.60	447.60	3.21	151.84	0.24	63.81	6101.52	-5037.48	3007.56
Saccade R	1	21	16859110701	16859161067	50366	988.13	432.13	1123.60	447.60	3.21	151.84	0.24	63.81	6101.52	-5037.48	3007.56
Fixation L	1	21	16859161067	16859228883	67816	1137.96	447.39	21	13	-1	9.74	9.74
Fixation R	1	21	16859161067	16859228883	67816	1137.96	447.39	21	13	-1	10.11	10.11
Saccade L	1	22	16859228883	16859270806	41923	1143.74	438.95	1197.90	406.61	1.42	46.73	0.49	33.98	1665.39	-1361.51	1084.11
Saccade R	1	22	16859228883	16859270806	41923	1143.74	438.95	1197.90	406.61	1.42	46.73	0.49	33.98	1665.39	-1361.51	1084.11
Fixation L	1	22	16859270806	16859549300	278494	1197.01	414.25	29	26	-1	9.68	9.68
Fixation R	1	22	16859270806	16859549300	278494	1197.01	414.25	29	26	-1	10.30	10.30
Saccade L	1	23	16859549300	16859620908	71608	1194.81	407.50	839.59	953.12	14.71	433.72	0.45	205.44	17725.57	-13726.41	9841.65
Saccade R	1	23	16859549300	16859620908	71608	1194.81	407.50	839.59	953.12	14.71	433.72	0.45	205.44	17725.57	-13726.41	9841.65
Saccade L	1	24	16859654941	16859699039	44098	864.77	958.71	847.70	935.03	1.44	52.08	0.68	32.76	857.77	-1892.47	744.03
Saccade R	1	24	16859654941	16859699039	44098	864.77	958.71	847.70	935.03	1.44	52.08	0.68	32.76	857.77	-1892.47	744.03
Fixation L	1	23	16859699039	16859799043	100004	860.03	936.98	24	17	-1	10.25	10.25
Fixation R	1	23	16859699039	16859799043	100004	860.03	936.98	24	17	-1	10.71	10.71
Saccade L	1	25	16859799043	16859839074	40031	861.28	947.00	845.15	995.94	1.23	43.06	0.40	30.66	1153.89	-1223.59	843.08
Saccade R	1	25	16859799043	16859839074	40031	861.28	947.00	845.15	995.94	1.23	43.06	0.40	30.66	1153.89	-1223.59	843.08
Fixation L	1	24	16859839074	16860108860	269786	835.71	993.98	32	55	-1	10.47	10.47
Fixation R	1	24	16859839074	16860108860	269786	835.71	993.98	32	55	-1	11.02	11.02
