[BeGaze]
Converted from:	C:\Program Files\SMI\Experiment Suite 360\Experiment Center 2\Results\RC-Attachment-Exp\P26-eye_data.idf
Date:	18.03.2012 20:21:03
Version:	BeGaze 3.0.181
Sample Rate:	500
Subject:	P26
Description:	Run31

Table Header for Fixations:
Event Type	Trial	Number	Start	End	Duration	Location X	Location Y	Dispersion X	Dispersion Y	Plane	Avg. Pupil Size X	Avg. Pupil Size Y

Table Header for Saccades:
Event Type	Trial	Number	Start	End	Duration	Start Loc.X	Start Loc.Y	End Loc.X	End Loc.Y	Amplitude	Peak Speed	Peak Speed At	Average Speed	Peak Accel.	Peak Decel.	Average Accel.

Table Header for Blinks:
Event Type	Trial	Number	Start	End	Duration

Table Header for User Events:
Event Type	Trial	Number	Start	Description

UserEvent	1	1	12558441288	# Message: RC-nonforced-nonanim-1.jpg
Fixation L	1	1	12558444670	12559102835	658165	546.02	452.75	46	48	-1	10.94	10.94
Fixation R	1	1	12558444670	12559102835	658165	546.02	452.75	46	48	-1	10.77	10.77
Saccade L	1	1	12559102835	12559129064	26229	552.56	437.83	592.96	439.47	0.83	43.19	0.38	31.69	1371.44	-1622.59	1096.00
Saccade R	1	1	12559102835	12559129064	26229	552.56	437.83	592.96	439.47	0.83	43.19	0.38	31.69	1371.44	-1622.59	1096.00
Fixation L	1	2	12559129064	12559342956	213892	593.84	444.29	10	15	-1	11.06	11.06
Fixation R	1	2	12559129064	12559342956	213892	593.84	444.29	10	15	-1	10.93	10.93
Saccade L	1	2	12559342956	12559374952	31996	594.39	446.05	674.71	458.63	1.77	103.49	0.44	55.28	4369.26	-3900.74	2850.45
Saccade R	1	2	12559342956	12559374952	31996	594.39	446.05	674.71	458.63	1.77	103.49	0.44	55.28	4369.26	-3900.74	2850.45
Fixation L	1	3	12559374952	12559547591	172639	681.51	441.43	25	40	-1	11.17	11.17
Fixation R	1	3	12559374952	12559547591	172639	681.51	441.43	25	40	-1	10.98	10.98
Saccade L	1	3	12559547591	12559577076	29485	675.92	435.73	741.94	437.94	1.38	77.55	0.40	46.71	2778.39	-2953.54	2114.80
Saccade R	1	3	12559547591	12559577076	29485	675.92	435.73	741.94	437.94	1.38	77.55	0.40	46.71	2778.39	-2953.54	2114.80
Fixation L	1	4	12559577076	12559775058	197982	749.35	444.08	46	16	-1	11.46	11.46
Fixation R	1	4	12559577076	12559775058	197982	749.35	444.08	46	16	-1	11.11	11.11
Saccade L	1	4	12559775058	12559807075	32017	748.73	438.83	796.00	452.93	1.22	59.50	0.38	37.97	2390.31	-2080.52	1595.11
Saccade R	1	4	12559775058	12559807075	32017	748.73	438.83	796.00	452.93	1.22	59.50	0.38	37.97	2390.31	-2080.52	1595.11
Fixation L	1	5	12559807075	12559985182	178107	802.98	448.69	13	14	-1	11.46	11.46
Fixation R	1	5	12559807075	12559985182	178107	802.98	448.69	13	14	-1	11.14	11.14
Saccade L	1	5	12559985182	12560011201	26019	801.29	447.11	851.41	433.89	1.08	65.76	0.40	41.43	2613.93	-2546.56	1829.77
Saccade R	1	5	12559985182	12560011201	26019	801.29	447.11	851.41	433.89	1.08	65.76	0.40	41.43	2613.93	-2546.56	1829.77
Fixation L	1	6	12560011201	12560231346	220145	854.40	448.86	13	29	-1	11.44	11.44
Fixation R	1	6	12560011201	12560231346	220145	854.40	448.86	13	29	-1	10.98	10.98
Saccade L	1	6	12560231346	12560275293	43947	847.87	461.06	940.44	437.37	2.19	76.83	0.32	49.78	3367.23	-2201.82	1929.68
Saccade R	1	6	12560231346	12560275293	43947	847.87	461.06	940.44	437.37	2.19	76.83	0.32	49.78	3367.23	-2201.82	1929.68
Fixation L	1	7	12560275293	12560501415	226122	930.53	439.86	20	22	-1	11.09	11.09
Fixation R	1	7	12560275293	12560501415	226122	930.53	439.86	20	22	-1	10.77	10.77
Saccade L	1	7	12560501415	12560539469	38054	935.93	440.02	1011.63	430.85	1.71	81.00	0.32	44.82	3540.32	-2463.20	1961.25
Saccade R	1	7	12560501415	12560539469	38054	935.93	440.02	1011.63	430.85	1.71	81.00	0.32	44.82	3540.32	-2463.20	1961.25
Fixation L	1	8	12560539469	12560757531	218062	1015.85	446.80	12	38	-1	10.89	10.89
Fixation R	1	8	12560539469	12560757531	218062	1015.85	446.80	12	38	-1	10.43	10.43
Saccade L	1	8	12560757531	12560792642	35111	1013.07	457.51	1063.61	435.16	1.30	54.62	0.54	36.89	1983.05	-1800.84	1400.08
Saccade R	1	8	12560757531	12560792642	35111	1013.07	457.51	1063.61	435.16	1.30	54.62	0.54	36.89	1983.05	-1800.84	1400.08
Fixation L	1	9	12560792642	12560883651	91009	1065.98	439.17	22	20	-1	10.78	10.78
Fixation R	1	9	12560792642	12560883651	91009	1065.98	439.17	22	20	-1	10.17	10.17
Saccade L	1	9	12560883651	12560915644	31993	1068.34	451.34	1129.39	436.79	1.46	76.67	0.45	45.77	2619.76	-3071.13	2102.26
Saccade R	1	9	12560883651	12560915644	31993	1068.34	451.34	1129.39	436.79	1.46	76.67	0.45	45.77	2619.76	-3071.13	2102.26
Fixation L	1	10	12560915644	12561083654	168010	1124.74	421.91	16	31	-1	10.69	10.69
Fixation R	1	10	12560915644	12561083654	168010	1124.74	421.91	16	31	-1	9.71	9.71
Saccade L	1	10	12561083654	12561167769	84115	1121.16	402.72	950.76	968.21	13.84	235.83	0.31	164.49	9680.29	-8369.15	4283.37
Saccade R	1	10	12561083654	12561167769	84115	1121.16	402.72	950.76	968.21	13.84	235.83	0.31	164.49	9680.29	-8369.15	4283.37
Fixation L	1	11	12561167769	12561447887	280118	963.47	948.58	24	50	-1	11.40	11.40
Fixation R	1	11	12561167769	12561447887	280118	963.47	948.58	24	50	-1	11.40	11.40
Saccade L	1	11	12561447887	12561471882	23995	953.65	937.68	906.62	937.17	0.92	55.11	0.50	38.51	2010.78	-2129.80	1476.10
Saccade R	1	11	12561447887	12561471882	23995	953.65	937.68	906.62	937.17	0.92	55.11	0.50	38.51	2010.78	-2129.80	1476.10
Fixation L	1	12	12561471882	12561523882	52000	913.17	931.88	12	15	-1	11.86	11.86
Fixation R	1	12	12561471882	12561523882	52000	913.17	931.88	12	15	-1	11.39	11.39
Saccade L	1	12	12561523882	12561579876	55994	915.02	925.15	1093.83	435.44	12.39	413.35	0.29	221.34	18291.39	-13327.37	10571.26
Saccade R	1	12	12561523882	12561579876	55994	915.02	925.15	1093.83	435.44	12.39	413.35	0.29	221.34	18291.39	-13327.37	10571.26
Fixation L	1	13	12561579876	12562152140	572264	1103.19	431.34	51	49	-1	11.23	11.23
Fixation R	1	13	12561579876	12562152140	572264	1103.19	431.34	51	49	-1	10.89	10.89
Fixation L	1	14	12562254239	12562346252	92013	929.75	970.47	23	38	-1	11.47	11.47
Fixation R	1	14	12562254239	12562346252	92013	929.75	970.47	23	38	-1	11.07	11.07
Saccade L	1	13	12562346252	12562374228	27976	927.67	958.60	947.78	934.27	0.82	45.74	0.29	29.40	1597.66	-1404.33	1010.92
Saccade R	1	13	12562346252	12562374228	27976	927.67	958.60	947.78	934.27	0.82	45.74	0.29	29.40	1597.66	-1404.33	1010.92
Fixation L	1	15	12562374228	12562742464	368236	934.26	931.50	53	31	-1	11.70	11.70
Fixation R	1	15	12562374228	12562742464	368236	934.26	931.50	53	31	-1	11.41	11.41
