[BeGaze]
Converted from:	C:\Program Files\SMI\Experiment Suite 360\Experiment Center 2\Results\RC-Attachment-Exp\P17-eye_data.idf
Date:	18.03.2012 20:13:22
Version:	BeGaze 3.0.181
Sample Rate:	500
Subject:	P17
Description:	Run22

Table Header for Fixations:
Event Type	Trial	Number	Start	End	Duration	Location X	Location Y	Dispersion X	Dispersion Y	Plane	Avg. Pupil Size X	Avg. Pupil Size Y

Table Header for Saccades:
Event Type	Trial	Number	Start	End	Duration	Start Loc.X	Start Loc.Y	End Loc.X	End Loc.Y	Amplitude	Peak Speed	Peak Speed At	Average Speed	Peak Accel.	Peak Decel.	Average Accel.

Table Header for Blinks:
Event Type	Trial	Number	Start	End	Duration

Table Header for User Events:
Event Type	Trial	Number	Start	Description

UserEvent	1	1	16444106784	# Message: Questionnaire22.jpg
Fixation L	1	1	16444108157	16444537367	429210	904.87	924.93	32	25	-1	13.55	13.55
Fixation R	1	1	16444108157	16444537367	429210	904.87	924.93	32	25	-1	13.09	13.09
Saccade L	1	1	16444537367	16444613388	76021	900.78	923.86	529.72	385.90	15.18	529.54	0.39	199.71	22822.35	-14315.02	10622.04
Saccade R	1	1	16444537367	16444613388	76021	900.78	923.86	529.72	385.90	15.18	529.54	0.39	199.71	22822.35	-14315.02	10622.04
Fixation L	1	2	16444613388	16444715363	101975	525.81	394.82	19	19	-1	13.83	13.83
Fixation R	1	2	16444613388	16444715363	101975	525.81	394.82	19	19	-1	12.86	12.86
Saccade L	1	2	16444715363	16444741378	26015	531.22	403.94	441.76	374.49	1.98	143.22	0.46	76.01	5423.60	-5783.44	4005.94
Saccade R	1	2	16444715363	16444741378	26015	531.22	403.94	441.76	374.49	1.98	143.22	0.46	76.01	5423.60	-5783.44	4005.94
Fixation L	1	3	16444741378	16444885485	144107	451.19	375.00	19	16	-1	13.24	13.24
Fixation R	1	3	16444741378	16444885485	144107	451.19	375.00	19	16	-1	12.55	12.55
Saccade L	1	3	16444885485	16444909335	23850	460.70	380.94	424.58	364.07	0.83	55.56	0.50	34.99	2090.65	-2210.93	1464.15
Saccade R	1	3	16444885485	16444909335	23850	460.70	380.94	424.58	364.07	0.83	55.56	0.50	34.99	2090.65	-2210.93	1464.15
Fixation L	1	4	16444909335	16445097458	188123	432.29	371.36	18	20	-1	12.60	12.60
Fixation R	1	4	16444909335	16445097458	188123	432.29	371.36	18	20	-1	12.07	12.07
Saccade L	1	4	16445097458	16445141576	44118	428.72	385.56	541.52	363.12	2.51	142.34	0.32	56.99	5898.61	-5170.72	3302.20
Saccade R	1	4	16445097458	16445141576	44118	428.72	385.56	541.52	363.12	2.51	142.34	0.32	56.99	5898.61	-5170.72	3302.20
Fixation L	1	5	16445141576	16445309570	167994	549.39	359.25	14	18	-1	12.39	12.39
Fixation R	1	5	16445141576	16445309570	167994	549.39	359.25	14	18	-1	11.88	11.88
Saccade L	1	5	16445309570	16445351605	42035	554.88	352.23	667.48	359.22	2.46	115.20	0.48	58.47	4631.79	-4626.08	3252.58
Saccade R	1	5	16445309570	16445351605	42035	554.88	352.23	667.48	359.22	2.46	115.20	0.48	58.47	4631.79	-4626.08	3252.58
Fixation L	1	6	16445351605	16445915804	564199	667.20	359.66	49	32	-1	12.95	12.95
Fixation R	1	6	16445351605	16445915804	564199	667.20	359.66	49	32	-1	12.35	12.35
Saccade L	1	6	16445915804	16445949917	34113	655.74	351.93	726.32	349.42	1.55	92.84	0.36	45.51	3424.08	-3109.56	2201.89
Saccade R	1	6	16445915804	16445949917	34113	655.74	351.93	726.32	349.42	1.55	92.84	0.36	45.51	3424.08	-3109.56	2201.89
Fixation L	1	7	16445949917	16446206038	256121	732.32	354.19	13	25	-1	13.00	13.00
Fixation R	1	7	16445949917	16446206038	256121	732.32	354.19	13	25	-1	12.36	12.36
Saccade L	1	7	16446206038	16446370065	164027	731.32	371.31	460.57	406.47	58.04	1148.67	0.30	353.85	24192.94	-33196.81	10572.32
Saccade R	1	7	16446206038	16446370065	164027	731.32	371.31	460.57	406.47	58.04	1148.67	0.30	353.85	24192.94	-33196.81	10572.32
Fixation L	1	8	16446370065	16446476022	105957	472.47	431.89	31	41	-1	13.68	13.68
Fixation R	1	8	16446370065	16446476022	105957	472.47	431.89	31	41	-1	12.56	12.56
Saccade L	1	8	16446476022	16446530698	54676	480.52	446.20	436.18	472.59	1.55	40.68	0.81	28.35	1297.80	-803.95	751.97
Saccade R	1	8	16446476022	16446530698	54676	480.52	446.20	436.18	472.59	1.55	40.68	0.81	28.35	1297.80	-803.95	751.97
Fixation L	1	9	16446530698	16446641824	111126	450.12	430.39	31	68	-1	13.92	13.92
Fixation R	1	9	16446530698	16446641824	111126	450.12	430.39	31	68	-1	13.08	13.08
Saccade L	1	9	16446641824	16446704134	62310	458.70	406.59	402.68	380.22	4.10	198.74	0.68	65.85	4561.70	-5956.87	2547.72
Saccade R	1	9	16446641824	16446704134	62310	458.70	406.59	402.68	380.22	4.10	198.74	0.68	65.85	4561.70	-5956.87	2547.72
Saccade L	1	10	16446714140	16446750262	36122	418.46	403.97	408.18	459.25	1.44	92.25	0.33	39.78	2884.94	-3094.49	1879.60
Saccade R	1	10	16446714140	16446750262	36122	418.46	403.97	408.18	459.25	1.44	92.25	0.33	39.78	2884.94	-3094.49	1879.60
Fixation L	1	10	16446750262	16447518500	768238	387.68	454.47	46	31	-1	13.36	13.36
Fixation R	1	10	16446750262	16447518500	768238	387.68	454.47	46	31	-1	12.95	12.95
UserEvent	1	86	16447455834	# Message: UE-mouseclick left x=382 y=437
Saccade L	1	11	16447518500	16447542515	24015	365.94	465.60	402.93	472.21	0.74	46.04	0.42	30.91	1586.04	-1649.36	1203.54
Saccade R	1	11	16447518500	16447542515	24015	365.94	465.60	402.93	472.21	0.74	46.04	0.42	30.91	1586.04	-1649.36	1203.54
Fixation L	1	11	16447542515	16447780024	237509	389.93	458.90	31	33	-1	13.23	13.23
Fixation R	1	11	16447542515	16447780024	237509	389.93	458.90	31	33	-1	12.94	12.94
Saccade L	1	12	16447780024	16447820731	40707	392.26	445.49	407.97	548.13	2.25	120.43	0.65	55.19	4371.94	-4876.51	3000.84
Saccade R	1	12	16447780024	16447820731	40707	392.26	445.49	407.97	548.13	2.25	120.43	0.65	55.19	4371.94	-4876.51	3000.84
Fixation L	1	12	16447820731	16448255566	434835	403.31	558.58	41	26	-1	13.99	13.99
Fixation R	1	12	16447820731	16448255566	434835	403.31	558.58	41	26	-1	13.68	13.68
UserEvent	1	104	16448167345	# Message: UE-mouseclick left x=425 y=530
