[BeGaze]
Converted from:	C:\Program Files\SMI\Experiment Suite 360\Experiment Center 2\Results\RC-Attachment-Exp\P35-eye_data.idf
Date:	18.03.2012 20:31:48
Version:	BeGaze 3.0.181
Sample Rate:	500
Subject:	P35
Description:	Run40

Table Header for Fixations:
Event Type	Trial	Number	Start	End	Duration	Location X	Location Y	Dispersion X	Dispersion Y	Plane	Avg. Pupil Size X	Avg. Pupil Size Y

Table Header for Saccades:
Event Type	Trial	Number	Start	End	Duration	Start Loc.X	Start Loc.Y	End Loc.X	End Loc.Y	Amplitude	Peak Speed	Peak Speed At	Average Speed	Peak Accel.	Peak Decel.	Average Accel.

Table Header for Blinks:
Event Type	Trial	Number	Start	End	Duration

Table Header for User Events:
Event Type	Trial	Number	Start	Description

UserEvent	1	1	1959976737	# Message: RC-N2forced-nonanim-1.jpg
Fixation L	1	1	1959977428	1960245414	267986	489.48	452.88	24	23	-1	11.66	11.66
Fixation R	1	1	1959977428	1960245414	267986	489.48	452.88	24	23	-1	11.80	11.80
Saccade L	1	1	1960245414	1960281387	35973	502.89	458.02	559.31	457.98	1.23	47.71	0.64	34.05	1455.42	-1668.89	1134.12
Saccade R	1	1	1960245414	1960281387	35973	502.89	458.02	559.31	457.98	1.23	47.71	0.64	34.05	1455.42	-1668.89	1134.12
Fixation L	1	2	1960281387	1960417551	136164	557.23	454.12	13	22	-1	11.70	11.70
Fixation R	1	2	1960281387	1960417551	136164	557.23	454.12	13	22	-1	11.93	11.93
Saccade L	1	2	1960417551	1960455509	37958	552.20	460.80	650.20	438.57	2.23	118.79	0.37	58.87	4896.39	-4126.58	2975.72
Saccade R	1	2	1960417551	1960455509	37958	552.20	460.80	650.20	438.57	2.23	118.79	0.37	58.87	4896.39	-4126.58	2975.72
Fixation L	1	3	1960455509	1960627634	172125	659.31	453.12	18	22	-1	11.81	11.81
Fixation R	1	3	1960455509	1960627634	172125	659.31	453.12	18	22	-1	12.00	12.00
Saccade L	1	3	1960627634	1960655508	27874	667.27	444.37	750.86	445.38	1.94	129.29	0.50	69.50	5040.06	-4710.98	3431.29
Saccade R	1	3	1960627634	1960655508	27874	667.27	444.37	750.86	445.38	1.94	129.29	0.50	69.50	5040.06	-4710.98	3431.29
Fixation L	1	4	1960655508	1960869632	214124	766.18	455.65	27	19	-1	11.83	11.83
Fixation R	1	4	1960655508	1960869632	214124	766.18	455.65	27	19	-1	11.95	11.95
Saccade L	1	4	1960869632	1960907860	38228	762.55	457.52	843.66	453.30	1.77	84.96	0.31	46.27	3345.19	-2575.39	2008.61
Saccade R	1	4	1960869632	1960907860	38228	762.55	457.52	843.66	453.30	1.77	84.96	0.31	46.27	3345.19	-2575.39	2008.61
Fixation L	1	5	1960907860	1961116628	208768	852.73	449.70	20	12	-1	11.64	11.64
Fixation R	1	5	1960907860	1961116628	208768	852.73	449.70	20	12	-1	11.57	11.57
Saccade L	1	5	1961116628	1961143783	27155	854.73	457.60	781.06	438.37	1.59	103.67	0.48	58.73	4132.70	-3931.77	2927.04
Saccade R	1	5	1961116628	1961143783	27155	854.73	457.60	781.06	438.37	1.59	103.67	0.48	58.73	4132.70	-3931.77	2927.04
Fixation L	1	6	1961143783	1961309887	166104	772.12	442.79	15	18	-1	11.42	11.42
Fixation R	1	6	1961143783	1961309887	166104	772.12	442.79	15	18	-1	11.50	11.50
Saccade L	1	6	1961309887	1961341872	31985	765.35	440.72	870.35	444.54	2.30	132.21	0.44	71.88	5110.85	-5030.57	3741.59
Saccade R	1	6	1961309887	1961341872	31985	765.35	440.72	870.35	444.54	2.30	132.21	0.44	71.88	5110.85	-5030.57	3741.59
Fixation L	1	7	1961341872	1961571994	230122	885.20	448.01	23	27	-1	11.49	11.49
Fixation R	1	7	1961341872	1961571994	230122	885.20	448.01	23	27	-1	11.55	11.55
Saccade L	1	7	1961571994	1961596725	24731	885.79	433.10	923.49	436.98	0.83	50.43	0.32	33.43	1498.88	-1801.08	1116.30
Saccade R	1	7	1961571994	1961596725	24731	885.79	433.10	923.49	436.98	0.83	50.43	0.32	33.43	1498.88	-1801.08	1116.30
Fixation L	1	8	1961596725	1961768126	171401	924.77	445.75	13	26	-1	11.41	11.41
Fixation R	1	8	1961596725	1961768126	171401	924.77	445.75	13	26	-1	11.52	11.52
Saccade L	1	8	1961768126	1961802108	33982	921.21	455.78	1008.65	450.56	2.19	128.53	0.41	64.34	5211.50	-4650.69	3548.83
Saccade R	1	8	1961768126	1961802108	33982	921.21	455.78	1008.65	450.56	2.19	128.53	0.41	64.34	5211.50	-4650.69	3548.83
Fixation L	1	9	1961802108	1962016235	214127	1030.76	440.16	29	15	-1	11.46	11.46
Fixation R	1	9	1961802108	1962016235	214127	1030.76	440.16	29	15	-1	11.43	11.43
Fixation L	1	10	1962036234	1962210234	174000	1076.73	433.88	15	17	-1	11.24	11.24
Fixation R	1	10	1962036234	1962210234	174000	1076.73	433.88	15	17	-1	11.51	11.51
Saccade L	1	9	1962210234	1962244358	34124	1082.20	433.60	1163.00	435.78	1.86	110.43	0.35	54.41	4148.18	-3870.27	2733.73
Saccade R	1	9	1962210234	1962244358	34124	1082.20	433.60	1163.00	435.78	1.86	110.43	0.35	54.41	4148.18	-3870.27	2733.73
Fixation L	1	11	1962244358	1962450353	205995	1168.24	429.38	13	25	-1	11.29	11.29
Fixation R	1	11	1962244358	1962450353	205995	1168.24	429.38	13	25	-1	11.52	11.52
Saccade L	1	10	1962450353	1962528477	78124	1167.95	426.16	854.62	1033.67	15.56	340.17	0.38	199.21	14096.02	-9211.22	7321.29
Saccade R	1	10	1962450353	1962528477	78124	1167.95	426.16	854.62	1033.67	15.56	340.17	0.38	199.21	14096.02	-9211.22	7321.29
Fixation L	1	12	1962528477	1962594477	66000	850.10	1032.92	13	45	-1	11.28	11.28
Fixation R	1	12	1962528477	1962594477	66000	850.10	1032.92	13	45	-1	11.94	11.94
Saccade L	1	11	1962594477	1962626475	31998	848.94	1033.99	830.84	1066.57	0.94	43.95	0.69	29.50	3104.40	94.01	944.91
Saccade R	1	11	1962594477	1962626475	31998	848.94	1033.99	830.84	1066.57	0.94	43.95	0.69	29.50	3104.40	94.01	944.91
Saccade L	1	12	1962626475	1962667073	40598	830.84	1066.57	863.86	957.28	2.92	168.53	0.39	71.98	5408.93	-6138.36	3829.47
Saccade R	1	12	1962626475	1962667073	40598	830.84	1066.57	863.86	957.28	2.92	168.53	0.39	71.98	5408.93	-6138.36	3829.47
Fixation L	1	13	1962718279	1963008588	290309	851.89	976.54	39	51	-1	11.26	11.26
Fixation R	1	13	1962718279	1963008588	290309	851.89	976.54	39	51	-1	11.89	11.89
