[BeGaze]
Converted from:	C:\Program Files\SMI\Experiment Suite 360\Experiment Center 2\Results\RC-Attachment-Exp\P06-eye_data.idf
Date:	18.03.2012 20:06:00
Version:	BeGaze 3.0.181
Sample Rate:	500
Subject:	P06
Description:	kibrisli

Table Header for Fixations:
Event Type	Trial	Number	Start	End	Duration	Location X	Location Y	Dispersion X	Dispersion Y	Plane	Avg. Pupil Size X	Avg. Pupil Size Y

Table Header for Saccades:
Event Type	Trial	Number	Start	End	Duration	Start Loc.X	Start Loc.Y	End Loc.X	End Loc.Y	Amplitude	Peak Speed	Peak Speed At	Average Speed	Peak Accel.	Peak Decel.	Average Accel.

Table Header for Blinks:
Event Type	Trial	Number	Start	End	Duration

Table Header for User Events:
Event Type	Trial	Number	Start	Description

UserEvent	1	1	6723336725	# Message: Validation.jpg
Fixation L	1	1	6723338038	6723924047	586009	210.72	812.00	89	67	-1	13.92	13.92
Fixation R	1	1	6723338038	6723924047	586009	210.72	812.00	89	67	-1	14.09	14.09
Fixation L	1	2	6723986195	6724051334	65139	319.42	598.29	13	44	-1	13.57	13.57
Fixation R	1	2	6723986195	6724051334	65139	319.42	598.29	13	44	-1	13.71	13.71
Saccade L	1	1	6724051334	6724104169	52835	326.74	571.89	357.27	509.04	1.58	40.90	0.58	29.84	708.68	-872.68	560.51
Saccade R	1	1	6724051334	6724104169	52835	326.74	571.89	357.27	509.04	1.58	40.90	0.58	29.84	708.68	-872.68	560.51
Blink L	1	1	6724114169	6724244682	130513
Blink R	1	1	6724114169	6724244682	130513
Fixation L	1	3	6724244682	6725252655	1007973	424.80	281.41	72	78	-1	14.73	14.73
Fixation R	1	3	6724244682	6725252655	1007973	424.80	281.41	72	78	-1	14.59	14.59
Saccade L	1	2	6725252655	6725274654	21999	473.01	311.61	438.27	318.82	0.71	44.48	0.45	32.15	1510.75	-871.78	871.30
Saccade R	1	2	6725252655	6725274654	21999	473.01	311.61	438.27	318.82	0.71	44.48	0.45	32.15	1510.75	-871.78	871.30
Saccade L	1	3	6725280656	6725306650	25994	437.94	321.74	482.21	327.48	0.91	50.41	0.46	34.91	1250.67	-1799.02	1151.60
Saccade R	1	3	6725280656	6725306650	25994	437.94	321.74	482.21	327.48	0.91	50.41	0.46	34.91	1250.67	-1799.02	1151.60
Saccade L	1	4	6725334780	6725408810	74030	475.70	337.33	758.58	514.51	7.91	312.44	0.38	106.91	11845.82	-10317.50	5140.21
Saccade R	1	4	6725334780	6725408810	74030	475.70	337.33	758.58	514.51	7.91	312.44	0.38	106.91	11845.82	-10317.50	5140.21
Saccade L	1	5	6725412781	6725464813	52032	765.14	512.67	848.73	551.00	2.09	74.24	0.38	40.13	2264.76	-1310.56	1024.14
Saccade R	1	5	6725412781	6725464813	52032	765.14	512.67	848.73	551.00	2.09	74.24	0.38	40.13	2264.76	-1310.56	1024.14
Saccade L	1	6	6725472774	6725510947	38173	847.13	554.72	895.06	572.69	1.45	66.88	0.37	38.02	2118.22	-1912.98	1235.86
Saccade R	1	6	6725472774	6725510947	38173	847.13	554.72	895.06	572.69	1.45	66.88	0.37	38.02	2118.22	-1912.98	1235.86
Saccade L	1	7	6725516770	6725545181	28411	897.36	572.74	947.03	587.04	1.12	59.62	0.46	39.26	1670.61	-1551.89	1170.23
Saccade R	1	7	6725516770	6725545181	28411	897.36	572.74	947.03	587.04	1.12	59.62	0.46	39.26	1670.61	-1551.89	1170.23
Saccade L	1	8	6725548768	6725679031	130263	948.11	589.18	1162.91	734.92	6.64	195.86	0.35	50.94	6935.54	-7019.68	1903.50
Saccade R	1	8	6725548768	6725679031	130263	948.11	589.18	1162.91	734.92	6.64	195.86	0.35	50.94	6935.54	-7019.68	1903.50
Fixation L	1	4	6725679031	6725744940	65909	1181.23	731.64	32	25	-1	14.04	14.04
Fixation R	1	4	6725679031	6725744940	65909	1181.23	731.64	32	25	-1	14.36	14.36
Saccade L	1	9	6725744940	6725789592	44652	1195.89	715.20	1286.88	788.30	2.65	107.92	0.41	59.31	4223.35	-3879.05	2884.03
Saccade R	1	9	6725744940	6725789592	44652	1195.89	715.20	1286.88	788.30	2.65	107.92	0.41	59.31	4223.35	-3879.05	2884.03
Fixation L	1	5	6725789592	6725919016	129424	1308.59	776.30	59	29	-1	13.72	13.72
Fixation R	1	5	6725789592	6725919016	129424	1308.59	776.30	59	29	-1	13.84	13.84
Saccade L	1	10	6725919016	6725943017	24001	1343.30	760.91	1303.49	761.37	0.83	49.49	0.42	34.77	1632.57	-1107.18	958.54
Saccade R	1	10	6725919016	6725943017	24001	1343.30	760.91	1303.49	761.37	0.83	49.49	0.42	34.77	1632.57	-1107.18	958.54
Saccade L	1	11	6725947009	6725981012	34003	1301.85	758.19	1258.03	764.16	1.10	49.02	0.47	32.24	1088.78	-1439.96	860.70
Saccade R	1	11	6725947009	6725981012	34003	1301.85	758.19	1258.03	764.16	1.10	49.02	0.47	32.24	1088.78	-1439.96	860.70
Fixation L	1	6	6725981012	6726729463	748451	1270.98	775.63	51	37	-1	12.85	12.85
Fixation R	1	6	6725981012	6726729463	748451	1270.98	775.63	51	37	-1	13.14	13.14
Saccade L	1	12	6726729463	6726797371	67908	1243.51	793.35	1268.70	610.41	4.16	181.04	0.20	61.21	7308.57	-5998.07	2651.60
Saccade R	1	12	6726729463	6726797371	67908	1243.51	793.35	1268.70	610.41	4.16	181.04	0.20	61.21	7308.57	-5998.07	2651.60
Saccade L	1	13	6726831368	6726875368	44000	1273.07	587.35	1278.48	531.52	1.75	54.98	0.32	39.86	2020.92	-1560.00	1214.09
Saccade R	1	13	6726831368	6726875368	44000	1273.07	587.35	1278.48	531.52	1.75	54.98	0.32	39.86	2020.92	-1560.00	1214.09
Saccade L	1	14	6726885379	6726914716	29337	1285.38	530.57	1274.77	486.85	0.99	47.59	0.54	33.77	1435.08	-1261.52	886.84
Saccade R	1	14	6726885379	6726914716	29337	1285.38	530.57	1274.77	486.85	0.99	47.59	0.54	33.77	1435.08	-1261.52	886.84
Saccade L	1	15	6726919378	6726969497	50119	1268.02	483.54	1270.37	368.31	2.63	113.03	0.28	52.52	3836.11	-3062.68	2077.38
Saccade R	1	15	6726919378	6726969497	50119	1268.02	483.54	1270.37	368.31	2.63	113.03	0.28	52.52	3836.11	-3062.68	2077.38
Fixation L	1	7	6726969497	6727143497	174000	1258.67	355.79	48	45	-1	13.10	13.10
Fixation R	1	7	6726969497	6727143497	174000	1258.67	355.79	48	45	-1	13.34	13.34
Saccade L	1	16	6727143497	6727201489	57992	1258.63	327.83	1281.18	257.19	2.00	65.43	0.21	34.54	2657.65	-1924.21	1085.55
Saccade R	1	16	6727143497	6727201489	57992	1258.63	327.83	1281.18	257.19	2.00	65.43	0.21	34.54	2657.65	-1924.21	1085.55
Fixation L	1	8	6727201489	6728122327	920838	1256.12	258.96	101	95	-1	14.10	14.10
Fixation R	1	8	6727201489	6728122327	920838	1256.12	258.96	101	95	-1	13.99	13.99
Saccade L	1	17	6728122327	6728200584	78257	1193.47	329.39	968.52	472.03	6.20	191.92	0.23	79.20	7842.91	-5775.72	3040.85
Saccade R	1	17	6728122327	6728200584	78257	1193.47	329.39	968.52	472.03	6.20	191.92	0.23	79.20	7842.91	-5775.72	3040.85
Saccade L	1	18	6728200584	6728231976	31392	968.52	472.03	916.67	492.33	1.33	64.93	0.49	42.38	1592.56	-1545.33	1029.05
Saccade R	1	18	6728200584	6728231976	31392	968.52	472.03	916.67	492.33	1.33	64.93	0.49	42.38	1592.56	-1545.33	1029.05
Saccade L	1	19	6728231976	6728257396	25420	916.67	492.33	900.37	532.45	0.91	48.53	0.47	35.63	998.21	-415.72	374.86
Saccade R	1	19	6728231976	6728257396	25420	916.67	492.33	900.37	532.45	0.91	48.53	0.47	35.63	998.21	-415.72	374.86
Saccade L	1	20	6728257396	6728348810	91414	900.37	532.45	649.89	674.47	6.76	219.01	0.38	73.98	5651.20	-7770.41	2744.29
Saccade R	1	20	6728257396	6728348810	91414	900.37	532.45	649.89	674.47	6.76	219.01	0.38	73.98	5651.20	-7770.41	2744.29
Saccade L	1	21	6728380093	6728490094	110001	639.45	653.78	513.21	759.51	4.54	76.54	0.26	41.25	2262.98	-2052.03	779.90
Saccade R	1	21	6728380093	6728490094	110001	639.45	653.78	513.21	759.51	4.54	76.54	0.26	41.25	2262.98	-2052.03	779.90
Saccade L	1	22	6728496133	6728580254	84121	508.58	761.95	351.96	835.39	5.29	157.15	0.21	62.85	6108.13	-5187.34	2648.11
Saccade R	1	22	6728496133	6728580254	84121	508.58	761.95	351.96	835.39	5.29	157.15	0.21	62.85	6108.13	-5187.34	2648.11
Fixation L	1	9	6728580254	6729166453	586199	378.82	826.12	64	43	-1	12.97	12.97
Fixation R	1	9	6728580254	6729166453	586199	378.82	826.12	64	43	-1	13.34	13.34
