[BeGaze]
Converted from:	C:\Program Files\SMI\Experiment Suite 360\Experiment Center 2\Results\RC-Attachment-Exp\P34-eye_data.idf
Date:	18.03.2012 20:31:02
Version:	BeGaze 3.0.181
Sample Rate:	500
Subject:	P34
Description:	Run39

Table Header for Fixations:
Event Type	Trial	Number	Start	End	Duration	Location X	Location Y	Dispersion X	Dispersion Y	Plane	Avg. Pupil Size X	Avg. Pupil Size Y

Table Header for Saccades:
Event Type	Trial	Number	Start	End	Duration	Start Loc.X	Start Loc.Y	End Loc.X	End Loc.Y	Amplitude	Peak Speed	Peak Speed At	Average Speed	Peak Accel.	Peak Decel.	Average Accel.

Table Header for Blinks:
Event Type	Trial	Number	Start	End	Duration

Table Header for User Events:
Event Type	Trial	Number	Start	Description

UserEvent	1	1	4484382354	# Message: RC-N2forced-anim-4.jpg
Fixation L	1	1	4484384619	4484672974	288355	524.26	438.12	36	28	-1	14.18	14.18
Fixation R	1	1	4484384619	4484672974	288355	524.26	438.12	36	28	-1	14.05	14.05
Blink L	1	1	4484672974	4484907243	234269
Blink R	1	1	4484672974	4484907243	234269
Fixation L	1	2	4484907243	4485057102	149859	519.00	452.29	45	24	-1	14.32	14.32
Fixation R	1	2	4484907243	4485057102	149859	519.00	452.29	45	24	-1	14.25	14.25
Saccade L	1	1	4485057102	4485091067	33965	531.68	470.08	579.01	445.66	1.44	74.72	0.59	42.36	2647.87	-2884.86	1884.21
Saccade R	1	1	4485057102	4485091067	33965	531.68	470.08	579.01	445.66	1.44	74.72	0.59	42.36	2647.87	-2884.86	1884.21
Fixation L	1	3	4485091067	4485151080	60013	578.21	443.51	18	9	-1	14.36	14.36
Fixation R	1	3	4485091067	4485151080	60013	578.21	443.51	18	9	-1	14.28	14.28
Saccade L	1	2	4485151080	4485187081	36001	563.80	438.72	603.63	440.94	1.15	43.61	0.69	31.82	1080.85	-1667.86	957.05
Saccade R	1	2	4485151080	4485187081	36001	563.80	438.72	603.63	440.94	1.15	43.61	0.69	31.82	1080.85	-1667.86	957.05
Fixation L	1	4	4485187081	4485243062	55981	596.53	439.50	22	6	-1	13.90	13.90
Fixation R	1	4	4485187081	4485243062	55981	596.53	439.50	22	6	-1	14.10	14.10
Saccade L	1	3	4485243062	4485273187	30125	584.35	438.16	643.20	463.78	1.39	78.01	0.41	46.02	3156.21	-2799.72	2154.48
Saccade R	1	3	4485243062	4485273187	30125	584.35	438.16	643.20	463.78	1.39	78.01	0.41	46.02	3156.21	-2799.72	2154.48
Fixation L	1	5	4485273187	4485501237	228050	640.77	445.42	20	37	-1	13.59	13.59
Fixation R	1	5	4485273187	4485501237	228050	640.77	445.42	20	37	-1	13.75	13.75
Saccade L	1	4	4485501237	4485523314	22077	642.41	435.09	646.38	470.54	0.73	45.00	0.46	32.91	1820.27	-1581.30	1139.31
Saccade R	1	4	4485501237	4485523314	22077	642.41	435.09	646.38	470.54	0.73	45.00	0.46	32.91	1820.27	-1581.30	1139.31
Fixation L	1	6	4485523314	4485587318	64004	648.67	474.97	5	6	-1	13.63	13.63
Fixation R	1	6	4485523314	4485587318	64004	648.67	474.97	5	6	-1	13.90	13.90
Saccade L	1	5	4485587318	4485611296	23978	648.82	475.68	734.90	465.76	1.90	138.99	0.50	79.14	5825.99	-4891.08	3814.74
Saccade R	1	5	4485587318	4485611296	23978	648.82	475.68	734.90	465.76	1.90	138.99	0.50	79.14	5825.99	-4891.08	3814.74
Fixation L	1	7	4485611296	4485727291	115995	729.72	430.89	13	51	-1	13.69	13.69
Fixation R	1	7	4485611296	4485727291	115995	729.72	430.89	13	51	-1	13.83	13.83
Saccade L	1	6	4485727291	4485753381	26090	733.86	434.48	617.88	439.72	2.41	176.86	0.46	92.44	6601.04	-6526.24	4678.24
Saccade R	1	6	4485727291	4485753381	26090	733.86	434.48	617.88	439.72	2.41	176.86	0.46	92.44	6601.04	-6526.24	4678.24
Fixation L	1	8	4485753381	4485961408	208027	602.89	425.42	36	57	-1	13.92	13.92
Fixation R	1	8	4485753381	4485961408	208027	602.89	425.42	36	57	-1	13.88	13.88
Saccade L	1	7	4485961408	4485987431	26023	607.19	398.44	712.17	414.19	2.24	163.13	0.54	86.14	6675.64	-7082.32	4934.52
Saccade R	1	7	4485961408	4485987431	26023	607.19	398.44	712.17	414.19	2.24	163.13	0.54	86.14	6675.64	-7082.32	4934.52
Fixation L	1	9	4485987431	4486301562	314131	712.57	443.14	13	67	-1	14.51	14.51
Fixation R	1	9	4485987431	4486301562	314131	712.57	443.14	13	67	-1	14.23	14.23
Saccade L	1	8	4486301562	4486329655	28093	710.79	476.78	777.66	462.42	1.46	90.00	0.43	51.82	3434.18	-3324.68	2444.49
Saccade R	1	8	4486301562	4486329655	28093	710.79	476.78	777.66	462.42	1.46	90.00	0.43	51.82	3434.18	-3324.68	2444.49
Fixation L	1	10	4486329655	4486653761	324106	754.85	456.00	35	24	-1	14.29	14.29
Fixation R	1	10	4486329655	4486653761	324106	754.85	456.00	35	24	-1	14.37	14.37
Saccade L	1	9	4486653761	4486685781	32020	745.91	452.42	805.19	467.08	1.28	59.04	0.38	39.86	2526.38	-2263.79	1751.25
Saccade R	1	9	4486653761	4486685781	32020	745.91	452.42	805.19	467.08	1.28	59.04	0.38	39.86	2526.38	-2263.79	1751.25
Fixation L	1	11	4486685781	4486810258	124477	800.42	456.81	19	22	-1	14.23	14.23
Fixation R	1	11	4486685781	4486810258	124477	800.42	456.81	19	22	-1	14.30	14.30
Blink L	1	2	4486810258	4487002331	192073
Blink R	1	2	4486810258	4487002331	192073
Fixation L	1	12	4487002331	4487121992	119661	792.33	428.07	19	17	-1	14.38	14.38
Fixation R	1	12	4487002331	4487121992	119661	792.33	428.07	19	17	-1	14.30	14.30
Saccade L	1	10	4487121992	4487156192	34200	802.85	435.33	903.97	442.69	2.41	160.46	0.64	70.53	5715.72	-6285.01	3945.16
Saccade R	1	10	4487121992	4487156192	34200	802.85	435.33	903.97	442.69	2.41	160.46	0.64	70.53	5715.72	-6285.01	3945.16
Fixation L	1	13	4487156192	4487512102	355910	890.51	456.69	35	37	-1	14.38	14.38
Fixation R	1	13	4487156192	4487512102	355910	890.51	456.69	35	37	-1	14.20	14.20
Saccade L	1	11	4487512102	4487540101	27999	872.15	457.52	932.18	437.66	1.32	78.67	0.57	47.05	3222.13	-3022.25	2253.47
Saccade R	1	11	4487512102	4487540101	27999	872.15	457.52	932.18	437.66	1.32	78.67	0.57	47.05	3222.13	-3022.25	2253.47
Fixation L	1	14	4487540101	4488044347	504246	957.34	438.02	82	45	-1	13.95	13.95
Fixation R	1	14	4487540101	4488044347	504246	957.34	438.02	82	45	-1	13.92	13.92
Saccade L	1	12	4488044347	4488068403	24056	998.07	455.61	1038.72	471.86	0.90	56.92	0.45	37.24	2427.00	-2146.85	1598.63
Saccade R	1	12	4488044347	4488068403	24056	998.07	455.61	1038.72	471.86	0.90	56.92	0.45	37.24	2427.00	-2146.85	1598.63
Fixation L	1	15	4488068403	4488262445	194042	1039.07	474.39	8	12	-1	14.03	14.03
Fixation R	1	15	4488068403	4488262445	194042	1039.07	474.39	8	12	-1	14.10	14.10
Saccade L	1	13	4488262445	4488304456	42011	1037.92	472.28	1115.99	464.44	1.93	73.92	0.34	46.01	3184.35	-2194.89	1894.38
Saccade R	1	13	4488262445	4488304456	42011	1037.92	472.28	1115.99	464.44	1.93	73.92	0.34	46.01	3184.35	-2194.89	1894.38
Fixation L	1	16	4488304456	4488520564	216108	1110.37	451.18	34	25	-1	14.14	14.14
Fixation R	1	16	4488304456	4488520564	216108	1110.37	451.18	34	25	-1	14.01	14.01
Blink L	1	3	4488520564	4488725316	204752
Blink R	1	3	4488520564	4488725316	204752
Saccade L	1	14	4488743039	4488772680	29641	917.79	905.22	912.91	955.61	1.06	50.56	0.54	35.74	1989.64	-1932.76	1414.94
Saccade R	1	14	4488743039	4488772680	29641	917.79	905.22	912.91	955.61	1.06	50.56	0.54	35.74	1989.64	-1932.76	1414.94
Fixation L	1	17	4488772680	4488831766	59086	920.29	953.92	17	20	-1	14.33	14.33
Fixation R	1	17	4488772680	4488831766	59086	920.29	953.92	17	20	-1	14.12	14.12
Saccade L	1	15	4488831766	4488852674	20908	922.46	939.04	918.94	907.15	0.68	44.76	0.43	32.32	1005.67	-1646.06	937.36
Saccade R	1	15	4488831766	4488852674	20908	922.46	939.04	918.94	907.15	0.68	44.76	0.43	32.32	1005.67	-1646.06	937.36
Fixation L	1	18	4488852674	4489142898	290224	917.29	925.29	18	60	-1	14.27	14.27
Fixation R	1	18	4488852674	4489142898	290224	917.29	925.29	18	60	-1	14.08	14.08
Saccade L	1	16	4489158933	4489182792	23859	886.96	961.44	928.01	930.30	0.89	54.84	0.33	37.50	672.02	-2123.39	980.09
Saccade R	1	16	4489158933	4489182792	23859	886.96	961.44	928.01	930.30	0.89	54.84	0.33	37.50	672.02	-2123.39	980.09
