[BeGaze]
Converted from:	C:\Program Files\SMI\Experiment Suite 360\Experiment Center 2\Results\RC-Attachment-Exp\P05-eye_data.idf
Date:	18.03.2012 20:05:47
Version:	BeGaze 3.0.181
Sample Rate:	500
Subject:	P05
Description:	Kibrisli

Table Header for Fixations:
Event Type	Trial	Number	Start	End	Duration	Location X	Location Y	Dispersion X	Dispersion Y	Plane	Avg. Pupil Size X	Avg. Pupil Size Y

Table Header for Saccades:
Event Type	Trial	Number	Start	End	Duration	Start Loc.X	Start Loc.Y	End Loc.X	End Loc.Y	Amplitude	Peak Speed	Peak Speed At	Average Speed	Peak Accel.	Peak Decel.	Average Accel.

Table Header for Blinks:
Event Type	Trial	Number	Start	End	Duration

Table Header for User Events:
Event Type	Trial	Number	Start	Description

UserEvent	1	1	6197557384	# Message: RC-N2forced-anim-4.jpg
Fixation L	1	1	6197559451	6197664351	104900	509.41	455.42	6	10	-1	14.34	14.34
Fixation R	1	1	6197559451	6197664351	104900	509.41	455.42	6	10	-1	15.18	15.18
Saccade L	1	1	6197664351	6197689496	25145	507.91	450.96	533.85	476.88	0.75	48.63	0.43	29.64	1915.96	-1518.64	1278.59
Saccade R	1	1	6197664351	6197689496	25145	507.91	450.96	533.85	476.88	0.75	48.63	0.43	29.64	1915.96	-1518.64	1278.59
Fixation L	1	2	6197689496	6198021269	331773	517.85	455.94	34	38	-1	14.17	14.17
Fixation R	1	2	6197689496	6198021269	331773	517.85	455.94	34	38	-1	15.08	15.08
Saccade L	1	2	6198021269	6198059354	38085	500.55	443.14	511.60	391.85	1.02	48.56	0.47	26.82	1673.22	-1122.56	944.94
Saccade R	1	2	6198021269	6198059354	38085	500.55	443.14	511.60	391.85	1.02	48.56	0.47	26.82	1673.22	-1122.56	944.94
Saccade L	1	3	6198081267	6198135391	54124	513.15	379.82	498.39	442.80	1.68	78.04	0.26	31.12	1267.85	-2786.49	1025.07
Saccade R	1	3	6198081267	6198135391	54124	513.15	379.82	498.39	442.80	1.68	78.04	0.26	31.12	1267.85	-2786.49	1025.07
Saccade L	1	4	6198145267	6198181499	36232	494.64	445.19	563.95	424.33	1.99	136.52	0.33	54.88	5065.75	-4730.81	2857.54
Saccade R	1	4	6198145267	6198181499	36232	494.64	445.19	563.95	424.33	1.99	136.52	0.33	54.88	5065.75	-4730.81	2857.54
Fixation L	1	3	6198181499	6198247406	65907	556.85	437.03	10	16	-1	14.51	14.51
Fixation R	1	3	6198181499	6198247406	65907	556.85	437.03	10	16	-1	15.57	15.57
Saccade L	1	5	6198247406	6198273386	25980	559.60	440.90	535.08	401.96	0.94	59.66	0.46	36.00	2461.32	-1069.31	1223.63
Saccade R	1	5	6198247406	6198273386	25980	559.60	440.90	535.08	401.96	0.94	59.66	0.46	36.00	2461.32	-1069.31	1223.63
Saccade L	1	6	6198273386	6198303411	30025	535.08	401.96	554.40	446.33	0.99	54.21	0.40	33.12	904.22	-2122.94	1101.54
Saccade R	1	6	6198273386	6198303411	30025	535.08	401.96	554.40	446.33	0.99	54.21	0.40	33.12	904.22	-2122.94	1101.54
Fixation L	1	4	6198303411	6198367388	63977	557.95	449.87	8	8	-1	14.55	14.55
Fixation R	1	4	6198303411	6198367388	63977	557.95	449.87	8	8	-1	15.67	15.67
Saccade L	1	7	6198367388	6198399513	32125	552.96	453.10	636.70	460.28	1.45	73.87	0.44	45.11	2821.99	-2395.25	1962.87
Saccade R	1	7	6198367388	6198399513	32125	552.96	453.10	636.70	460.28	1.45	73.87	0.44	45.11	2821.99	-2395.25	1962.87
Fixation L	1	5	6198399513	6198529509	129996	609.77	451.34	34	13	-1	14.28	14.28
Fixation R	1	5	6198399513	6198529509	129996	609.77	451.34	34	13	-1	15.51	15.51
Saccade L	1	8	6198529509	6198569532	40023	621.41	456.28	551.32	410.47	2.04	127.48	0.55	51.09	4484.55	-4617.29	3102.70
Saccade R	1	8	6198529509	6198569532	40023	621.41	456.28	551.32	410.47	2.04	127.48	0.55	51.09	4484.55	-4617.29	3102.70
Saccade L	1	9	6198579511	6198641510	61999	552.42	406.82	615.66	443.74	2.06	89.96	0.61	33.20	3087.80	-3376.76	1568.68
Saccade R	1	9	6198579511	6198641510	61999	552.42	406.82	615.66	443.74	2.06	89.96	0.61	33.20	3087.80	-3376.76	1568.68
Saccade L	1	10	6198667520	6198721631	54111	612.57	443.38	707.96	420.46	2.64	168.20	0.30	48.74	6673.76	-5998.56	2973.12
Saccade R	1	10	6198667520	6198721631	54111	612.57	443.38	707.96	420.46	2.64	168.20	0.30	48.74	6673.76	-5998.56	2973.12
Fixation L	1	6	6198721631	6198816093	94462	705.36	432.82	11	18	-1	14.10	14.10
Fixation R	1	6	6198721631	6198816093	94462	705.36	432.82	11	18	-1	14.93	14.93
Blink L	1	1	6198825633	6199005759	180126
Blink R	1	1	6198825633	6199005759	180126
Blink L	1	2	6199025355	6199067760	42405
Blink R	1	2	6199025355	6199067760	42405
Fixation L	1	7	6199067760	6199357888	290128	774.32	463.83	12	17	-1	14.63	14.63
Fixation R	1	7	6199067760	6199357888	290128	774.32	463.83	12	17	-1	15.32	15.32
Saccade L	1	11	6199357888	6199385867	27979	778.19	466.52	863.82	470.55	1.91	142.70	0.51	68.37	5670.91	-5334.56	3988.92
Saccade R	1	11	6199357888	6199385867	27979	778.19	466.52	863.82	470.55	1.91	142.70	0.51	68.37	5670.91	-5334.56	3988.92
Fixation L	1	8	6199385867	6199690167	304300	859.00	467.71	15	20	-1	14.42	14.42
Fixation R	1	8	6199385867	6199690167	304300	859.00	467.71	15	20	-1	15.00	15.00
Saccade L	1	12	6199690167	6199713989	23822	864.64	477.97	922.82	475.54	1.27	94.11	0.50	53.17	3861.00	-3786.09	2692.58
Saccade R	1	12	6199690167	6199713989	23822	864.64	477.97	922.82	475.54	1.27	94.11	0.50	53.17	3861.00	-3786.09	2692.58
Fixation L	1	9	6199713989	6200028233	314244	929.73	466.01	25	20	-1	14.60	14.60
Fixation R	1	9	6199713989	6200028233	314244	929.73	466.01	25	20	-1	15.24	15.24
Saccade L	1	13	6200028233	6200070227	41994	921.62	461.29	1006.87	448.09	2.59	178.82	0.29	61.74	7165.65	-6340.38	3810.16
Saccade R	1	13	6200028233	6200070227	41994	921.62	461.29	1006.87	448.09	2.59	178.82	0.29	61.74	7165.65	-6340.38	3810.16
Fixation L	1	10	6200070227	6200350348	280121	1008.89	458.57	17	37	-1	15.01	15.01
Fixation R	1	10	6200070227	6200350348	280121	1008.89	458.57	17	37	-1	15.61	15.61
Saccade L	1	14	6200350348	6200384348	34000	1010.50	476.38	1080.63	459.94	1.76	121.48	0.59	51.80	4618.90	-4905.98	3200.74
Saccade R	1	14	6200350348	6200384348	34000	1010.50	476.38	1080.63	459.94	1.76	121.48	0.59	51.80	4618.90	-4905.98	3200.74
Fixation L	1	11	6200384348	6200458358	74010	1082.81	460.83	10	5	-1	15.12	15.12
Fixation R	1	11	6200384348	6200458358	74010	1082.81	460.83	10	5	-1	15.72	15.72
Fixation L	1	12	6200493673	6201012172	518499	1126.93	456.83	39	36	-1	15.20	15.20
Fixation R	1	12	6200493673	6201012172	518499	1126.93	456.83	39	36	-1	15.76	15.76
Blink L	1	3	6201012172	6201244838	232666
Blink R	1	3	6201012172	6201244838	232666
Saccade L	1	15	6201259226	6201288956	29730	897.27	860.68	899.80	838.16	1.49	107.01	0.59	50.07	2011.31	-3842.33	1906.43
Saccade R	1	15	6201259226	6201288956	29730	897.27	860.68	899.80	838.16	1.49	107.01	0.59	50.07	2011.31	-3842.33	1906.43
Saccade L	1	16	6201302709	6201332982	30273	874.90	841.29	925.68	863.66	0.96	54.91	0.33	31.71	2020.33	-1054.92	859.06
Saccade R	1	16	6201302709	6201332982	30273	874.90	841.29	925.68	863.66	0.96	54.91	0.33	31.71	2020.33	-1054.92	859.06
Fixation L	1	13	6201332982	6201479139	146157	907.55	910.03	30	64	-1	15.42	15.42
Fixation R	1	13	6201332982	6201479139	146157	907.55	910.03	30	64	-1	15.89	15.89
Saccade L	1	17	6201479139	6201510832	31693	925.45	915.65	877.03	905.78	1.25	87.69	0.37	39.43	3218.57	-3041.63	2071.68
Saccade R	1	17	6201479139	6201510832	31693	925.45	915.65	877.03	905.78	1.25	87.69	0.37	39.43	3218.57	-3041.63	2071.68
Fixation L	1	14	6201510832	6202807433	1296601	874.58	926.28	32	47	-1	14.61	14.61
Fixation R	1	14	6201510832	6202807433	1296601	874.58	926.28	32	47	-1	15.35	15.35
