[BeGaze]
Converted from:	C:\Program Files\SMI\Experiment Suite 360\Experiment Center 2\Results\RC-Attachment-Exp\P35-eye_data.idf
Date:	18.03.2012 20:31:43
Version:	BeGaze 3.0.181
Sample Rate:	500
Subject:	P35
Description:	Run40

Table Header for Fixations:
Event Type	Trial	Number	Start	End	Duration	Location X	Location Y	Dispersion X	Dispersion Y	Plane	Avg. Pupil Size X	Avg. Pupil Size Y

Table Header for Saccades:
Event Type	Trial	Number	Start	End	Duration	Start Loc.X	Start Loc.Y	End Loc.X	End Loc.Y	Amplitude	Peak Speed	Peak Speed At	Average Speed	Peak Accel.	Peak Decel.	Average Accel.

Table Header for Blinks:
Event Type	Trial	Number	Start	End	Duration

Table Header for User Events:
Event Type	Trial	Number	Start	Description

UserEvent	1	1	1924793574	# Message: Dist-orcop-3.jpg
Fixation L	1	1	1924796007	1925227644	431637	523.91	452.02	12	26	-1	11.62	11.62
Fixation R	1	1	1924796007	1925227644	431637	523.91	452.02	12	26	-1	11.93	11.93
Saccade L	1	1	1925227644	1925259802	32158	523.30	465.40	569.11	435.90	1.20	55.45	0.31	37.45	2024.25	-1786.49	1422.07
Saccade R	1	1	1925227644	1925259802	32158	523.30	465.40	569.11	435.90	1.20	55.45	0.31	37.45	2024.25	-1786.49	1422.07
Fixation L	1	2	1925259802	1925397767	137965	572.86	437.51	13	10	-1	11.78	11.78
Fixation R	1	2	1925259802	1925397767	137965	572.86	437.51	13	10	-1	12.02	12.02
Saccade L	1	2	1925397767	1925429818	32051	574.39	440.97	644.31	441.97	1.47	87.22	0.37	45.90	3507.70	-3057.60	2206.23
Saccade R	1	2	1925397767	1925429818	32051	574.39	440.97	644.31	441.97	1.47	87.22	0.37	45.90	3507.70	-3057.60	2206.23
Fixation L	1	3	1925429818	1925623907	194089	651.14	443.97	20	20	-1	11.70	11.70
Fixation R	1	3	1925429818	1925623907	194089	651.14	443.97	20	20	-1	12.04	12.04
Saccade L	1	3	1925623907	1925653886	29979	650.81	444.19	731.07	444.36	1.70	96.24	0.53	56.71	3924.26	-3656.25	2798.57
Saccade R	1	3	1925623907	1925653886	29979	650.81	444.19	731.07	444.36	1.70	96.24	0.53	56.71	3924.26	-3656.25	2798.57
Fixation L	1	4	1925653886	1925805348	151462	734.05	455.88	8	17	-1	11.55	11.55
Fixation R	1	4	1925653886	1925805348	151462	734.05	455.88	8	17	-1	11.99	11.99
Saccade L	1	4	1925805348	1925834040	28692	730.24	459.36	830.20	456.26	2.03	135.76	0.50	70.85	5705.52	-5170.82	3923.35
Saccade R	1	4	1925805348	1925834040	28692	730.24	459.36	830.20	456.26	2.03	135.76	0.50	70.85	5705.52	-5170.82	3923.35
Fixation L	1	5	1925834040	1926142121	308081	843.13	450.87	27	34	-1	11.56	11.56
Fixation R	1	5	1925834040	1926142121	308081	843.13	450.87	27	34	-1	11.90	11.90
Saccade L	1	5	1926142121	1926188182	46061	846.16	465.02	973.83	450.65	2.86	145.92	0.33	62.10	6206.73	-4772.49	3223.66
Saccade R	1	5	1926142121	1926188182	46061	846.16	465.02	973.83	450.65	2.86	145.92	0.33	62.10	6206.73	-4772.49	3223.66
Fixation L	1	6	1926188182	1926432240	244058	980.28	449.50	23	9	-1	11.64	11.64
Fixation R	1	6	1926188182	1926432240	244058	980.28	449.50	23	9	-1	11.83	11.83
Saccade L	1	6	1926432240	1926460259	28019	990.93	444.29	950.26	442.52	0.91	47.41	0.45	32.41	1607.60	-1784.33	1218.49
Saccade R	1	6	1926432240	1926460259	28019	990.93	444.29	950.26	442.52	0.91	47.41	0.45	32.41	1607.60	-1784.33	1218.49
Fixation L	1	7	1926460259	1926748365	288106	967.54	443.59	47	25	-1	11.50	11.50
Fixation R	1	7	1926460259	1926748365	288106	967.54	443.59	47	25	-1	11.74	11.74
Saccade L	1	7	1926748365	1926774426	26061	983.60	431.08	1056.70	426.91	1.62	115.44	0.46	62.33	3891.76	-4479.97	3005.75
Saccade R	1	7	1926748365	1926774426	26061	983.60	431.08	1056.70	426.91	1.62	115.44	0.46	62.33	3891.76	-4479.97	3005.75
Fixation L	1	8	1926774426	1926924701	150275	1059.50	431.31	14	25	-1	11.41	11.41
Fixation R	1	8	1926774426	1926924701	150275	1059.50	431.31	14	25	-1	11.68	11.68
Saccade L	1	8	1926924701	1926954846	30145	1061.79	437.66	1133.17	434.88	1.56	93.75	0.32	51.69	3803.20	-3381.74	2506.54
Saccade R	1	8	1926924701	1926954846	30145	1061.79	437.66	1133.17	434.88	1.56	93.75	0.32	51.69	3803.20	-3381.74	2506.54
Fixation L	1	9	1926954846	1927536724	581878	1145.83	433.21	30	32	-1	11.53	11.53
Fixation R	1	9	1926954846	1927536724	581878	1145.83	433.21	30	32	-1	11.81	11.81
Saccade L	1	9	1927536724	1927614725	78001	1143.02	443.06	894.94	943.01	13.04	358.85	0.39	167.22	13275.97	-10244.95	7288.16
Saccade R	1	9	1927536724	1927614725	78001	1143.02	443.06	894.94	943.01	13.04	358.85	0.39	167.22	13275.97	-10244.95	7288.16
Saccade L	1	10	1927646071	1927666720	20649	883.22	935.80	883.83	973.23	0.64	41.07	0.42	31.09	1406.85	-1415.86	1029.05
Saccade R	1	10	1927646071	1927666720	20649	883.22	935.80	883.83	973.23	0.64	41.07	0.42	31.09	1406.85	-1415.86	1029.05
Fixation L	1	10	1927666720	1927932837	266117	890.27	968.69	30	28	-1	12.01	12.01
Fixation R	1	10	1927666720	1927932837	266117	890.27	968.69	30	28	-1	12.35	12.35
Saccade L	1	11	1927932837	1927956843	24006	885.43	962.46	842.95	957.87	0.90	54.33	0.51	37.37	1981.51	-2116.37	1429.53
Saccade R	1	11	1927932837	1927956843	24006	885.43	962.46	842.95	957.87	0.90	54.33	0.51	37.37	1981.51	-2116.37	1429.53
Fixation L	1	11	1927956843	1928168963	212120	850.62	968.76	25	24	-1	12.06	12.06
Fixation R	1	11	1927956843	1928168963	212120	850.62	968.76	25	24	-1	12.54	12.54
