[BeGaze]
Converted from:	C:\Program Files\SMI\Experiment Suite 360\Experiment Center 2\Results\RC-Attachment-Exp\P15-eye_data.idf
Date:	18.03.2012 20:11:41
Version:	BeGaze 3.0.181
Sample Rate:	500
Subject:	P15
Description:	Run20

Table Header for Fixations:
Event Type	Trial	Number	Start	End	Duration	Location X	Location Y	Dispersion X	Dispersion Y	Plane	Avg. Pupil Size X	Avg. Pupil Size Y

Table Header for Saccades:
Event Type	Trial	Number	Start	End	Duration	Start Loc.X	Start Loc.Y	End Loc.X	End Loc.Y	Amplitude	Peak Speed	Peak Speed At	Average Speed	Peak Accel.	Peak Decel.	Average Accel.

Table Header for Blinks:
Event Type	Trial	Number	Start	End	Duration

Table Header for User Events:
Event Type	Trial	Number	Start	Description

UserEvent	1	1	2705972787	# Message: RC-nonforced-nonanim-4.jpg
Fixation L	1	1	2705974563	2706754001	779438	507.32	441.02	57	62	-1	11.53	11.53
Fixation R	1	1	2705974563	2706754001	779438	507.32	441.02	57	62	-1	11.21	11.21
Saccade L	1	1	2706754001	2706794007	40006	544.23	410.11	593.00	419.54	1.15	44.87	0.55	28.85	1709.81	-1792.75	1288.63
Saccade R	1	1	2706754001	2706794007	40006	544.23	410.11	593.00	419.54	1.15	44.87	0.55	28.85	1709.81	-1792.75	1288.63
Fixation L	1	2	2706794007	2706911992	117985	589.94	422.05	9	7	-1	11.14	11.14
Fixation R	1	2	2706794007	2706911992	117985	589.94	422.05	9	7	-1	10.84	10.84
Saccade L	1	2	2706911992	2706940017	28025	584.59	426.95	624.71	434.93	0.84	52.21	0.43	29.80	2037.33	-1928.68	1425.79
Saccade R	1	2	2706911992	2706940017	28025	584.59	426.95	624.71	434.93	0.84	52.21	0.43	29.80	2037.33	-1928.68	1425.79
Fixation L	1	3	2706940017	2707258233	318216	630.56	428.69	42	20	-1	11.14	11.14
Fixation R	1	3	2706940017	2707258233	318216	630.56	428.69	42	20	-1	10.89	10.89
Fixation L	1	4	2707334949	2708335249	1000300	836.50	428.66	186	36	-1	11.14	11.14
Fixation R	1	4	2707334949	2708335249	1000300	836.50	428.66	186	36	-1	10.90	10.90
Saccade L	1	3	2708335249	2708388695	53446	917.25	411.33	1015.74	411.90	2.28	119.94	0.25	42.64	4911.68	-4119.03	2310.24
Saccade R	1	3	2708335249	2708388695	53446	917.25	411.33	1015.74	411.90	2.28	119.94	0.25	42.64	4911.68	-4119.03	2310.24
Fixation L	1	5	2708388695	2708862951	474256	1010.88	410.72	20	22	-1	11.08	11.08
Fixation R	1	5	2708388695	2708862951	474256	1010.88	410.72	20	22	-1	11.00	11.00
Saccade L	1	4	2708862951	2708908950	45999	1018.40	421.46	1092.94	417.49	1.74	86.84	0.39	37.75	3234.02	-2999.38	1970.23
Saccade R	1	4	2708862951	2708908950	45999	1018.40	421.46	1092.94	417.49	1.74	86.84	0.39	37.75	3234.02	-2999.38	1970.23
Fixation L	1	6	2708908950	2709397180	488230	1112.70	417.58	60	48	-1	11.18	11.18
Fixation R	1	6	2708908950	2709397180	488230	1112.70	417.58	60	48	-1	11.02	11.02
Saccade L	1	5	2709397180	2709429167	31987	1112.26	426.43	1182.22	439.28	1.66	101.81	0.44	51.98	4155.71	-3724.12	2740.93
Saccade R	1	5	2709397180	2709429167	31987	1112.26	426.43	1182.22	439.28	1.66	101.81	0.44	51.98	4155.71	-3724.12	2740.93
Saccade L	1	6	2709433167	2709469196	36029	1182.54	438.43	1135.79	403.15	1.21	54.11	0.39	33.60	1819.64	-2045.86	1365.89
Saccade R	1	6	2709433167	2709469196	36029	1182.54	438.43	1135.79	403.15	1.21	54.11	0.39	33.60	1819.64	-2045.86	1365.89
Fixation L	1	7	2709469196	2709981802	512606	1152.66	425.73	43	64	-1	10.95	10.95
Fixation R	1	7	2709469196	2709981802	512606	1152.66	425.73	43	64	-1	10.83	10.83
Blink L	1	1	2709981802	2710261514	279712
Blink R	1	1	2709981802	2710261514	279712
Saccade L	1	7	2710271509	2710311515	40006	857.43	906.01	877.94	941.62	1.12	48.70	0.68	28.02	1610.27	-1907.19	1220.68
Saccade R	1	7	2710271509	2710311515	40006	857.43	906.01	877.94	941.62	1.12	48.70	0.68	28.02	1610.27	-1907.19	1220.68
Fixation L	1	8	2710311515	2710656320	344805	871.55	945.23	40	48	-1	11.76	11.76
Fixation R	1	8	2710311515	2710656320	344805	871.55	945.23	40	48	-1	10.95	10.95
Saccade L	1	8	2710656320	2710705635	49315	883.28	938.31	830.78	937.90	1.53	62.12	0.31	30.96	2184.38	-1975.54	1288.42
Saccade R	1	8	2710656320	2710705635	49315	883.28	938.31	830.78	937.90	1.53	62.12	0.31	30.96	2184.38	-1975.54	1288.42
