[BeGaze]
Converted from:	C:\Program Files\SMI\Experiment Suite 360\Experiment Center 2\Results\RC-Attachment-Exp\P32-eye_data.idf
Date:	18.03.2012 20:27:58
Version:	BeGaze 3.0.181
Sample Rate:	500
Subject:	P32
Description:	Run37

Table Header for Fixations:
Event Type	Trial	Number	Start	End	Duration	Location X	Location Y	Dispersion X	Dispersion Y	Plane	Avg. Pupil Size X	Avg. Pupil Size Y

Table Header for Saccades:
Event Type	Trial	Number	Start	End	Duration	Start Loc.X	Start Loc.Y	End Loc.X	End Loc.Y	Amplitude	Peak Speed	Peak Speed At	Average Speed	Peak Accel.	Peak Decel.	Average Accel.

Table Header for Blinks:
Event Type	Trial	Number	Start	End	Duration

Table Header for User Events:
Event Type	Trial	Number	Start	Description

UserEvent	1	1	5741998100	# Message: Dist-orcop-6.jpg
Fixation L	1	1	5741998780	5742929095	930315	485.91	452.42	70	64	-1	14.94	14.94
Fixation R	1	1	5741998780	5742929095	930315	485.91	452.42	70	64	-1	15.46	15.46
Saccade L	1	1	5742929095	5742965108	36013	523.21	438.52	594.05	450.56	1.55	75.04	0.34	43.05	3216.11	-2356.36	1944.07
Saccade R	1	1	5742929095	5742965108	36013	523.21	438.52	594.05	450.56	1.55	75.04	0.34	43.05	3216.11	-2356.36	1944.07
Fixation L	1	2	5742965108	5743161196	196088	599.65	441.68	12	28	-1	14.54	14.54
Fixation R	1	2	5742965108	5743161196	196088	599.65	441.68	12	28	-1	15.02	15.02
Saccade L	1	2	5743161196	5743195237	34041	601.91	440.66	549.29	453.93	1.18	49.22	0.35	34.80	2111.85	-1474.87	1259.76
Saccade R	1	2	5743161196	5743195237	34041	601.91	440.66	549.29	453.93	1.18	49.22	0.35	34.80	2111.85	-1474.87	1259.76
Fixation L	1	3	5743195237	5743363321	168084	546.63	453.74	10	15	-1	14.49	14.49
Fixation R	1	3	5743195237	5743363321	168084	546.63	453.74	10	15	-1	14.82	14.82
Saccade L	1	3	5743363321	5743399321	36000	550.00	445.82	619.33	437.15	1.52	72.96	0.40	42.20	2890.61	-2254.87	1798.05
Saccade R	1	3	5743363321	5743399321	36000	550.00	445.82	619.33	437.15	1.52	72.96	0.40	42.20	2890.61	-2254.87	1798.05
Fixation L	1	4	5743399321	5743481311	81990	620.31	438.32	19	6	-1	14.58	14.58
Fixation R	1	4	5743399321	5743481311	81990	620.31	438.32	19	6	-1	15.07	15.07
Saccade L	1	4	5743481311	5743517754	36443	607.26	432.43	686.27	420.46	1.71	85.74	0.33	47.04	3191.39	-2794.12	2012.08
Saccade R	1	4	5743481311	5743517754	36443	607.26	432.43	686.27	420.46	1.71	85.74	0.33	47.04	3191.39	-2794.12	2012.08
Saccade L	1	5	5743529311	5743551316	22005	688.72	419.77	681.88	453.69	0.69	42.44	0.48	31.41	1196.61	-1309.01	918.73
Saccade R	1	5	5743529311	5743551316	22005	688.72	419.77	681.88	453.69	0.69	42.44	0.48	31.41	1196.61	-1309.01	918.73
Fixation L	1	5	5743551316	5743693451	142135	680.39	445.76	16	15	-1	14.92	14.92
Fixation R	1	5	5743551316	5743693451	142135	680.39	445.76	16	15	-1	15.46	15.46
Saccade L	1	6	5743693451	5743739431	45980	671.11	441.91	747.24	410.86	1.97	82.14	0.43	42.82	2956.64	-2551.07	1857.35
Saccade R	1	6	5743693451	5743739431	45980	671.11	441.91	747.24	410.86	1.97	82.14	0.43	42.82	2956.64	-2551.07	1857.35
Fixation L	1	6	5743739431	5744537784	798353	768.34	427.25	47	41	-1	15.36	15.36
Fixation R	1	6	5743739431	5744537784	798353	768.34	427.25	47	41	-1	15.98	15.98
Saccade L	1	7	5744537784	5744581821	44037	761.51	442.64	851.72	419.18	2.02	82.20	0.27	45.95	3339.96	-2432.79	1923.39
Saccade R	1	7	5744537784	5744581821	44037	761.51	442.64	851.72	419.18	2.02	82.20	0.27	45.95	3339.96	-2432.79	1923.39
Fixation L	1	7	5744581821	5744978579	396758	866.91	436.97	50	39	-1	15.54	15.54
Fixation R	1	7	5744581821	5744978579	396758	866.91	436.97	50	39	-1	16.09	16.09
Saccade L	1	8	5744978579	5745004038	25459	882.65	451.88	946.36	450.39	1.33	92.21	0.45	52.29	3326.01	-3284.65	2381.93
Saccade R	1	8	5744978579	5745004038	25459	882.65	451.88	946.36	450.39	1.33	92.21	0.45	52.29	3326.01	-3284.65	2381.93
Fixation L	1	8	5745004038	5745505546	501508	972.96	442.46	58	46	-1	15.50	15.50
Fixation R	1	8	5745004038	5745505546	501508	972.96	442.46	58	46	-1	15.87	15.87
Saccade L	1	9	5745505546	5745687076	181530	997.94	454.09	1079.14	452.78	64.10	1766.59	0.38	353.09	39220.50	-46080.25	13267.56
Saccade R	1	9	5745505546	5745687076	181530	997.94	454.09	1079.14	452.78	64.10	1766.59	0.38	353.09	39220.50	-46080.25	13267.56
Fixation L	1	9	5745687076	5745962370	275294	1083.26	452.54	34	10	-1	15.26	15.26
Fixation R	1	9	5745687076	5745962370	275294	1083.26	452.54	34	10	-1	15.42	15.42
Saccade L	1	10	5745962370	5745986620	24250	1092.59	448.04	1149.14	460.88	1.35	100.56	0.49	55.81	3749.10	-3919.75	2636.45
Saccade R	1	10	5745962370	5745986620	24250	1092.59	448.04	1149.14	460.88	1.35	100.56	0.49	55.81	3749.10	-3919.75	2636.45
Fixation L	1	10	5745986620	5746188519	201899	1153.25	454.73	16	26	-1	15.30	15.30
Fixation R	1	10	5745986620	5746188519	201899	1153.25	454.73	16	26	-1	15.52	15.52
Blink L	1	1	5746256760	5746436596	179836
Blink R	1	1	5746256760	5746436596	179836
Saccade L	1	11	5746436596	5746489029	52433	681.06	696.65	965.40	346.08	33.88	2809.90	0.27	646.25	67124.37	-80336.62	35282.68
Saccade R	1	11	5746436596	5746489029	52433	681.06	696.65	965.40	346.08	33.88	2809.90	0.27	646.25	67124.37	-80336.62	35282.68
Saccade L	1	12	5746611219	5746646735	35516	1125.95	444.93	1173.25	441.56	1.12	45.61	0.37	31.60	1708.62	-1269.31	1087.07
Saccade R	1	12	5746611219	5746646735	35516	1125.95	444.93	1173.25	441.56	1.12	45.61	0.37	31.60	1708.62	-1269.31	1087.07
Fixation L	1	11	5746646735	5746800703	153968	1169.41	443.46	20	18	-1	15.51	15.51
Fixation R	1	11	5746646735	5746800703	153968	1169.41	443.46	20	18	-1	15.58	15.58
Blink L	1	2	5746800703	5746895453	94750
Blink R	1	2	5746800703	5746895453	94750
Saccade L	1	13	5746928870	5746963120	34250	0.00	0.00	676.11	464.48	23.10	1446.72	0.35	674.50	58159.22	-47659.30	38571.37
Saccade R	1	13	5746928870	5746963120	34250	0.00	0.00	676.11	464.48	23.10	1446.72	0.35	674.50	58159.22	-47659.30	38571.37
Fixation L	1	12	5747052762	5747235508	182746	543.37	457.07	25	14	-1	15.58	15.58
Fixation R	1	12	5747052762	5747235508	182746	543.37	457.07	25	14	-1	15.72	15.72
Saccade L	1	14	5747235508	5747264067	28559	541.06	454.73	596.10	425.66	1.27	69.16	0.40	44.42	2818.66	-2634.63	1935.96
Saccade R	1	14	5747235508	5747264067	28559	541.06	454.73	596.10	425.66	1.27	69.16	0.40	44.42	2818.66	-2634.63	1935.96
Fixation L	1	13	5747264067	5747491086	227019	602.99	451.93	18	52	-1	15.43	15.43
Fixation R	1	13	5747264067	5747491086	227019	602.99	451.93	18	52	-1	15.83	15.83
Saccade L	1	15	5747491086	5747529074	37988	604.54	450.16	679.89	448.22	1.61	65.13	0.47	42.30	2829.94	-2016.80	1755.05
Saccade R	1	15	5747491086	5747529074	37988	604.54	450.16	679.89	448.22	1.61	65.13	0.47	42.30	2829.94	-2016.80	1755.05
Fixation L	1	14	5747529074	5747761172	232098	689.13	451.75	23	17	-1	15.21	15.21
Fixation R	1	14	5747529074	5747761172	232098	689.13	451.75	23	17	-1	15.61	15.61
Saccade L	1	16	5747761172	5747797174	36002	694.36	447.07	756.06	459.31	1.38	57.23	0.46	38.32	2165.33	-1890.81	1508.48
Saccade R	1	16	5747761172	5747797174	36002	694.36	447.07	756.06	459.31	1.38	57.23	0.46	38.32	2165.33	-1890.81	1508.48
Fixation L	1	15	5747797174	5747938993	141819	763.83	444.65	15	25	-1	15.00	15.00
Fixation R	1	15	5747797174	5747938993	141819	763.83	444.65	15	25	-1	15.60	15.60
Saccade L	1	17	5747938993	5747963299	24306	757.24	438.82	690.56	447.70	1.34	96.21	0.52	55.07	3896.67	-3880.17	2782.84
Saccade R	1	17	5747938993	5747963299	24306	757.24	438.82	690.56	447.70	1.34	96.21	0.52	55.07	3896.67	-3880.17	2782.84
Fixation L	1	16	5747963299	5748177422	214123	684.31	445.92	30	16	-1	15.13	15.13
Fixation R	1	16	5747963299	5748177422	214123	684.31	445.92	30	16	-1	15.57	15.57
Saccade L	1	18	5748177422	5748207414	29992	690.00	437.53	741.86	449.82	1.10	55.61	0.43	36.81	2178.67	-1732.76	1431.33
Saccade R	1	18	5748177422	5748207414	29992	690.00	437.53	741.86	449.82	1.10	55.61	0.43	36.81	2178.67	-1732.76	1431.33
Fixation L	1	17	5748207414	5748375407	167993	760.55	441.39	32	16	-1	15.22	15.22
Fixation R	1	17	5748207414	5748375407	167993	760.55	441.39	32	16	-1	15.75	15.75
Saccade L	1	19	5748375407	5748407530	32123	760.12	446.09	824.27	453.06	1.36	72.92	0.40	42.35	2885.23	-2434.54	1871.81
Saccade R	1	19	5748375407	5748407530	32123	760.12	446.09	824.27	453.06	1.36	72.92	0.40	42.35	2885.23	-2434.54	1871.81
Fixation L	1	18	5748407530	5748535525	127995	829.87	444.74	18	20	-1	15.42	15.42
Fixation R	1	18	5748407530	5748535525	127995	829.87	444.74	18	20	-1	15.83	15.83
Saccade L	1	20	5748535525	5748563763	28238	818.81	433.40	869.26	428.36	1.06	54.71	0.40	37.47	2016.13	-1764.75	1400.31
Saccade R	1	20	5748535525	5748563763	28238	818.81	433.40	869.26	428.36	1.06	54.71	0.40	37.47	2016.13	-1764.75	1400.31
Fixation L	1	19	5748563763	5748835642	271879	869.38	431.12	14	28	-1	15.56	15.56
Fixation R	1	19	5748563763	5748835642	271879	869.38	431.12	14	28	-1	15.97	15.97
Saccade L	1	21	5748835642	5748861652	26010	873.16	435.48	912.18	435.66	0.83	41.92	0.46	31.94	1762.64	-1305.32	1068.54
Saccade R	1	21	5748835642	5748861652	26010	873.16	435.48	912.18	435.66	0.83	41.92	0.46	31.94	1762.64	-1305.32	1068.54
Fixation L	1	20	5748861652	5748985762	124110	916.24	421.01	14	23	-1	15.87	15.87
Fixation R	1	20	5748861652	5748985762	124110	916.24	421.01	14	23	-1	16.23	16.23
Saccade L	1	22	5748985762	5749029754	43992	908.17	419.42	979.86	435.62	1.81	60.76	0.50	41.13	2347.95	-1960.20	1583.45
Saccade R	1	22	5748985762	5749029754	43992	908.17	419.42	979.86	435.62	1.81	60.76	0.50	41.13	2347.95	-1960.20	1583.45
Fixation L	1	21	5749029754	5749582005	552251	975.48	440.40	41	31	-1	15.85	15.85
Fixation R	1	21	5749029754	5749582005	552251	975.48	440.40	41	31	-1	16.22	16.22
Saccade L	1	23	5749582005	5749634696	52691	948.36	432.87	1067.71	439.26	3.15	140.84	0.30	59.74	5964.20	-5148.06	3128.83
Saccade R	1	23	5749582005	5749634696	52691	948.36	432.87	1067.71	439.26	3.15	140.84	0.30	59.74	5964.20	-5148.06	3128.83
Fixation L	1	22	5749634696	5749760385	125689	1063.00	432.38	12	10	-1	15.63	15.63
Fixation R	1	22	5749634696	5749760385	125689	1063.00	432.38	12	10	-1	16.08	16.08
Saccade L	1	24	5749802117	5749946449	144332	1063.93	469.45	1125.20	399.24	114.67	3527.70	0.47	794.47	86381.94	-93763.06	27178.29
Saccade R	1	24	5749802117	5749946449	144332	1063.93	469.45	1125.20	399.24	114.67	3527.70	0.47	794.47	86381.94	-93763.06	27178.29
Saccade L	1	25	5750014444	5750048232	33788	1165.59	473.03	1158.14	436.40	1.20	54.41	0.28	35.51	933.77	-1107.33	601.00
Saccade R	1	25	5750014444	5750048232	33788	1165.59	473.03	1158.14	436.40	1.20	54.41	0.28	35.51	933.77	-1107.33	601.00
Saccade L	1	26	5750048232	5750118219	69987	1158.14	436.40	1193.57	513.79	2.49	47.22	0.63	35.60	815.31	-1398.29	500.46
Saccade R	1	26	5750048232	5750118219	69987	1158.14	436.40	1193.57	513.79	2.49	47.22	0.63	35.60	815.31	-1398.29	500.46
Saccade L	1	27	5750124763	5750152450	27687	1196.03	516.35	1156.75	494.36	1.00	66.34	0.43	36.10	1248.61	-2038.07	1153.39
Saccade R	1	27	5750124763	5750152450	27687	1196.03	516.35	1156.75	494.36	1.00	66.34	0.43	36.10	1248.61	-2038.07	1153.39
Blink L	1	3	5750192222	5750322342	130120
Blink R	1	3	5750192222	5750322342	130120
Blink L	1	4	5750322342	5750446338	123996
Blink R	1	4	5750322342	5750446338	123996
Saccade L	1	28	5750492332	5750540338	48006	0.00	0.00	701.21	971.77	32.94	2393.23	0.25	686.21	91311.80	-86718.57	47423.32
Saccade R	1	28	5750492332	5750540338	48006	0.00	0.00	701.21	971.77	32.94	2393.23	0.25	686.21	91311.80	-86718.57	47423.32
Saccade L	1	29	5750558688	5750592804	34116	699.81	967.26	748.44	972.16	1.36	66.85	0.46	39.88	1739.31	-2181.36	1352.39
Saccade R	1	29	5750558688	5750592804	34116	699.81	967.26	748.44	972.16	1.36	66.85	0.46	39.88	1739.31	-2181.36	1352.39
Saccade L	1	30	5750621645	5750685522	63877	747.82	979.61	632.15	946.47	4.40	172.67	0.33	68.89	7427.94	-6101.33	3316.04
Saccade R	1	30	5750621645	5750685522	63877	747.82	979.61	632.15	946.47	4.40	172.67	0.33	68.89	7427.94	-6101.33	3316.04
Saccade L	1	31	5750730454	5750760461	30007	604.89	948.39	633.63	915.15	1.09	51.27	0.47	36.19	1874.05	-2005.09	1408.59
Saccade R	1	31	5750730454	5750760461	30007	604.89	948.39	633.63	915.15	1.09	51.27	0.47	36.19	1874.05	-2005.09	1408.59
Fixation L	1	23	5750760461	5751050574	290113	646.57	952.45	37	76	-1	16.14	16.14
Fixation R	1	23	5750760461	5751050574	290113	646.57	952.45	37	76	-1	16.00	16.00
Saccade L	1	32	5751050574	5751102706	52132	644.89	975.24	901.52	951.11	6.17	296.24	0.27	118.29	11685.12	-8952.96	6236.55
Saccade R	1	32	5751050574	5751102706	52132	644.89	975.24	901.52	951.11	6.17	296.24	0.27	118.29	11685.12	-8952.96	6236.55
Fixation L	1	24	5751102706	5751584820	482114	918.28	942.92	48	50	-1	15.27	15.27
Fixation R	1	24	5751102706	5751584820	482114	918.28	942.92	48	50	-1	15.94	15.94
