[BeGaze]
Converted from:	C:\Program Files\SMI\Experiment Suite 360\Experiment Center 2\Results\RC-Attachment-Exp\P32-eye_data.idf
Date:	18.03.2012 20:28:24
Version:	BeGaze 3.0.181
Sample Rate:	500
Subject:	P32
Description:	Run37

Table Header for Fixations:
Event Type	Trial	Number	Start	End	Duration	Location X	Location Y	Dispersion X	Dispersion Y	Plane	Avg. Pupil Size X	Avg. Pupil Size Y

Table Header for Saccades:
Event Type	Trial	Number	Start	End	Duration	Start Loc.X	Start Loc.Y	End Loc.X	End Loc.Y	Amplitude	Peak Speed	Peak Speed At	Average Speed	Peak Accel.	Peak Decel.	Average Accel.

Table Header for Blinks:
Event Type	Trial	Number	Start	End	Duration

Table Header for User Events:
Event Type	Trial	Number	Start	Description

UserEvent	1	1	6028511240	# Message: Questionnaire15.jpg
Fixation L	1	1	6028511469	6028908726	397257	905.73	961.58	25	29	-1	14.30	14.30
Fixation R	1	1	6028511469	6028908726	397257	905.73	961.58	25	29	-1	15.21	15.21
Saccade L	1	1	6028908726	6029000687	91961	914.22	954.03	498.30	365.81	17.49	437.89	0.33	190.14	18873.35	-10272.42	8289.72
Saccade R	1	1	6028908726	6029000687	91961	914.22	954.03	498.30	365.81	17.49	437.89	0.33	190.14	18873.35	-10272.42	8289.72
Fixation L	1	2	6029000687	6029080647	79960	513.65	363.52	27	11	-1	14.14	14.14
Fixation R	1	2	6029000687	6029080647	79960	513.65	363.52	27	11	-1	14.62	14.62
Saccade L	1	2	6029080647	6029118808	38161	522.39	353.96	401.62	374.61	2.68	148.23	0.32	70.27	5771.76	-5443.01	3670.89
Saccade R	1	2	6029080647	6029118808	38161	522.39	353.96	401.62	374.61	2.68	148.23	0.32	70.27	5771.76	-5443.01	3670.89
Fixation L	1	3	6029118808	6029450894	332086	394.79	388.25	43	30	-1	14.03	14.03
Fixation R	1	3	6029118808	6029450894	332086	394.79	388.25	43	30	-1	14.52	14.52
Saccade L	1	3	6029450894	6029486872	35978	384.65	370.65	479.43	357.92	2.07	124.03	0.33	57.48	4618.16	-4316.03	2872.48
Saccade R	1	3	6029450894	6029486872	35978	384.65	370.65	479.43	357.92	2.07	124.03	0.33	57.48	4618.16	-4316.03	2872.48
Fixation L	1	4	6029486872	6029714988	228116	499.11	364.90	30	47	-1	15.12	15.12
Fixation R	1	4	6029486872	6029714988	228116	499.11	364.90	30	47	-1	15.61	15.61
Saccade L	1	4	6029714988	6029755040	40052	496.48	371.63	606.81	357.18	2.43	109.53	0.30	60.58	4328.81	-3577.70	2778.31
Saccade R	1	4	6029714988	6029755040	40052	496.48	371.63	606.81	357.18	2.43	109.53	0.30	60.58	4328.81	-3577.70	2778.31
Fixation L	1	5	6029755040	6029997111	242071	618.19	361.37	17	43	-1	15.70	15.70
Fixation R	1	5	6029755040	6029997111	242071	618.19	361.37	17	43	-1	16.27	16.27
Saccade L	1	5	6029997111	6030023099	25988	615.38	367.83	653.14	362.43	0.79	42.71	0.38	30.51	1525.65	-1468.43	1083.32
Saccade R	1	5	6029997111	6030023099	25988	615.38	367.83	653.14	362.43	0.79	42.71	0.38	30.51	1525.65	-1468.43	1083.32
Fixation L	1	6	6030023099	6030308949	285850	658.67	365.40	34	31	-1	15.60	15.60
Fixation R	1	6	6030023099	6030308949	285850	658.67	365.40	34	31	-1	16.29	16.29
Saccade L	1	6	6030308949	6030349218	40269	673.74	351.60	681.93	379.99	7.08	278.56	0.80	175.88	11592.95	-12020.61	9237.66
Saccade R	1	6	6030308949	6030349218	40269	673.74	351.60	681.93	379.99	7.08	278.56	0.80	175.88	11592.95	-12020.61	9237.66
Saccade L	1	7	6030387213	6030425214	38001	670.31	361.69	777.99	372.53	2.38	129.69	0.37	62.76	5289.50	-4600.84	3373.25
Saccade R	1	7	6030387213	6030425214	38001	670.31	361.69	777.99	372.53	2.38	129.69	0.37	62.76	5289.50	-4600.84	3373.25
Fixation L	1	7	6030425214	6030531334	106120	768.20	360.20	24	22	-1	15.35	15.35
Fixation R	1	7	6030425214	6030531334	106120	768.20	360.20	24	22	-1	16.11	16.11
Saccade L	1	8	6030531334	6030567428	36094	767.29	358.64	828.16	369.93	1.32	66.87	0.39	36.70	2354.30	-1944.13	1435.64
Saccade R	1	8	6030531334	6030567428	36094	767.29	358.64	828.16	369.93	1.32	66.87	0.39	36.70	2354.30	-1944.13	1435.64
Fixation L	1	8	6030567428	6030701858	134430	826.88	364.93	17	31	-1	15.33	15.33
Fixation R	1	8	6030567428	6030701858	134430	826.88	364.93	17	31	-1	15.98	15.98
Saccade L	1	9	6030701858	6030751465	49607	816.81	358.49	397.24	475.35	10.29	419.60	0.44	207.40	18477.40	-16634.41	12136.73
Saccade R	1	9	6030701858	6030751465	49607	816.81	358.49	397.24	475.35	10.29	419.60	0.44	207.40	18477.40	-16634.41	12136.73
Saccade L	1	10	6030760716	6030785453	24737	397.73	480.11	401.57	441.19	0.76	43.01	0.43	30.64	1228.88	-1577.13	969.22
Saccade R	1	10	6030760716	6030785453	24737	397.73	480.11	401.57	441.19	0.76	43.01	0.43	30.64	1228.88	-1577.13	969.22
Fixation L	1	9	6030785453	6030847542	62089	402.41	442.35	17	10	-1	15.41	15.41
Fixation R	1	9	6030785453	6030847542	62089	402.41	442.35	17	10	-1	15.90	15.90
Fixation L	1	10	6030863687	6031041565	177878	392.02	441.56	22	25	-1	15.39	15.39
Fixation R	1	10	6030863687	6031041565	177878	392.02	441.56	22	25	-1	15.82	15.82
Saccade L	1	11	6031041565	6031063573	22008	394.03	449.40	349.72	467.77	1.06	80.49	0.46	48.07	2832.13	-2847.69	1927.36
Saccade R	1	11	6031041565	6031063573	22008	394.03	449.40	349.72	467.77	1.06	80.49	0.46	48.07	2832.13	-2847.69	1927.36
Fixation L	1	11	6031063573	6032168028	1104455	358.25	499.71	44	75	-1	15.32	15.32
Fixation R	1	11	6031063573	6032168028	1104455	358.25	499.71	44	75	-1	15.96	15.96
UserEvent	1	84	6031773263	# Message: UE-mouseclick left x=364 y=472
Saccade L	1	12	6032168028	6032200055	32027	339.28	500.55	363.50	547.17	1.15	54.11	0.38	35.89	2228.12	-1542.40	1298.69
Saccade R	1	12	6032168028	6032200055	32027	339.28	500.55	363.50	547.17	1.15	54.11	0.38	35.89	2228.12	-1542.40	1298.69
Fixation L	1	12	6032200055	6032316600	116545	387.97	567.24	37	29	-1	14.53	14.53
Fixation R	1	12	6032200055	6032316600	116545	387.97	567.24	37	29	-1	15.19	15.19
UserEvent	1	96	6032221277	# Message: UE-mouseclick left x=393 y=529
