[BeGaze]
Converted from:	C:\Program Files\SMI\Experiment Suite 360\Experiment Center 2\Results\RC-Attachment-Exp\P04-eye_data.idf
Date:	18.03.2012 20:05:23
Version:	BeGaze 3.0.181
Sample Rate:	500
Subject:	P04
Description:	Run9

Table Header for Fixations:
Event Type	Trial	Number	Start	End	Duration	Location X	Location Y	Dispersion X	Dispersion Y	Plane	Avg. Pupil Size X	Avg. Pupil Size Y

Table Header for Saccades:
Event Type	Trial	Number	Start	End	Duration	Start Loc.X	Start Loc.Y	End Loc.X	End Loc.Y	Amplitude	Peak Speed	Peak Speed At	Average Speed	Peak Accel.	Peak Decel.	Average Accel.

Table Header for Blinks:
Event Type	Trial	Number	Start	End	Duration

Table Header for User Events:
Event Type	Trial	Number	Start	Description

UserEvent	1	1	5337246060	# Message: Dist-srthm-24.jpg
Saccade L	1	1	5337285689	5337355812	70123	486.91	436.36	0.00	0.00	28.06	1271.71	0.82	400.18	35765.89	-52627.06	16018.91
Blink R	1	1	5337285689	5337501295	215606
Fixation L	1	1	5337501295	5337771940	270645	504.73	436.22	101	23	-1	13.47	13.47
Fixation R	1	1	5337501295	5337771940	270645	504.73	436.22	101	23	-1	13.19	13.19
Saccade L	1	2	5337771940	5337793961	22021	498.35	432.14	549.77	426.50	1.04	76.22	0.54	47.02	2904.01	-2913.14	2012.52
Saccade R	1	1	5337771940	5337793961	22021	498.35	432.14	549.77	426.50	1.04	76.22	0.54	47.02	2904.01	-2913.14	2012.52
Fixation L	1	2	5337793961	5337966043	172082	545.58	429.96	17	15	-1	13.16	13.16
Fixation R	1	2	5337793961	5337966043	172082	545.58	429.96	17	15	-1	12.69	12.69
Saccade L	1	3	5337966043	5337990051	24008	555.37	425.30	629.64	432.85	1.57	116.45	0.50	65.51	4573.48	-4910.94	3300.75
Saccade R	1	2	5337966043	5337990051	24008	555.37	425.30	629.64	432.85	1.57	116.45	0.50	65.51	4573.48	-4910.94	3300.75
Fixation L	1	3	5337990051	5338240170	250119	630.10	437.00	15	18	-1	13.23	13.23
Fixation R	1	3	5337990051	5338240170	250119	630.10	437.00	15	18	-1	12.75	12.75
Saccade L	1	4	5338240170	5338274190	34020	632.32	429.99	651.98	463.92	1.22	61.99	0.29	36.00	2325.90	-1988.13	1407.55
Saccade R	1	3	5338240170	5338274190	34020	632.32	429.99	651.98	463.92	1.22	61.99	0.29	36.00	2325.90	-1988.13	1407.55
Fixation L	1	4	5338328161	5338402167	74006	650.20	444.93	6	5	-1	13.35	13.35
Fixation R	1	4	5338328161	5338402167	74006	650.20	444.93	6	5	-1	13.13	13.13
Saccade L	1	5	5338402167	5338426326	24159	655.37	441.02	668.90	486.30	1.05	68.73	0.42	43.63	2595.54	-522.36	1144.27
Saccade R	1	4	5338402167	5338426326	24159	655.37	441.02	668.90	486.30	1.05	68.73	0.42	43.63	2595.54	-522.36	1144.27
Saccade L	1	6	5338426326	5338458725	32399	668.90	486.30	756.70	434.54	2.35	144.08	0.55	72.51	4626.04	-5928.68	3688.43
Saccade R	1	5	5338426326	5338458725	32399	668.90	486.30	756.70	434.54	2.35	144.08	0.55	72.51	4626.04	-5928.68	3688.43
Fixation L	1	5	5338458725	5338650281	191556	759.94	440.98	8	23	-1	13.99	13.99
Fixation R	1	5	5338458725	5338650281	191556	759.94	440.98	8	23	-1	13.47	13.47
Saccade L	1	7	5338650281	5338674437	24156	759.35	449.09	803.22	453.20	0.93	58.74	0.50	38.65	2397.83	-2261.64	1656.92
Saccade R	1	6	5338650281	5338674437	24156	759.35	449.09	803.22	453.20	0.93	58.74	0.50	38.65	2397.83	-2261.64	1656.92
Fixation L	1	6	5338674437	5338880418	205981	798.83	448.31	15	15	-1	14.07	14.07
Fixation R	1	6	5338674437	5338880418	205981	798.83	448.31	15	15	-1	13.46	13.46
Saccade L	1	8	5338880418	5338908520	28102	798.28	451.50	870.04	443.70	1.54	93.25	0.50	54.80	3907.84	-3638.81	2708.68
Saccade R	1	7	5338880418	5338908520	28102	798.28	451.50	870.04	443.70	1.54	93.25	0.50	54.80	3907.84	-3638.81	2708.68
Fixation L	1	7	5338908520	5339156528	248008	878.03	437.53	16	24	-1	14.22	14.22
Fixation R	1	7	5338908520	5339156528	248008	878.03	437.53	16	24	-1	13.67	13.67
Saccade L	1	9	5339156528	5339186564	30036	875.00	438.59	946.52	430.85	1.85	108.60	0.33	61.50	4255.83	-4007.82	2985.41
Saccade R	1	8	5339156528	5339186564	30036	875.00	438.59	946.52	430.85	1.85	108.60	0.33	61.50	4255.83	-4007.82	2985.41
Fixation L	1	8	5339186564	5339538769	352205	951.61	434.80	19	17	-1	14.17	14.17
Fixation R	1	8	5339186564	5339538769	352205	951.61	434.80	19	17	-1	13.56	13.56
Saccade L	1	10	5339538769	5339572770	34001	959.06	443.50	1053.02	437.49	2.00	99.08	0.41	58.88	4382.51	-3660.36	2906.40
Saccade R	1	9	5339538769	5339572770	34001	959.06	443.50	1053.02	437.49	2.00	99.08	0.41	58.88	4382.51	-3660.36	2906.40
Fixation L	1	9	5339572770	5339768969	196199	1060.96	442.15	13	14	-1	14.22	14.22
Fixation R	1	9	5339572770	5339768969	196199	1060.96	442.15	13	14	-1	13.57	13.57
Saccade L	1	11	5339768969	5339798951	29982	1065.72	443.31	1127.30	485.27	1.72	102.71	0.40	57.26	4273.71	-3598.79	2686.14
Saccade R	1	10	5339768969	5339798951	29982	1065.72	443.31	1127.30	485.27	1.72	102.71	0.40	57.26	4273.71	-3598.79	2686.14
Fixation L	1	10	5339798951	5339860957	62006	1116.94	496.78	17	16	-1	13.96	13.96
Fixation R	1	10	5339798951	5339860957	62006	1116.94	496.78	17	16	-1	13.72	13.72
Saccade L	1	12	5339860957	5339882939	21982	1112.07	500.87	1151.27	497.35	0.75	46.95	0.40	33.97	1890.66	-1654.27	1199.85
Saccade R	1	11	5339860957	5339882939	21982	1112.07	500.87	1151.27	497.35	0.75	46.95	0.40	33.97	1890.66	-1654.27	1199.85
Saccade L	1	13	5339916890	5339944901	28011	1154.24	483.91	1115.89	462.56	0.94	46.75	0.43	33.40	1658.69	-1817.59	1238.32
Saccade R	1	12	5339916890	5339944901	28011	1154.24	483.91	1115.89	462.56	0.94	46.75	0.43	33.40	1658.69	-1817.59	1238.32
Saccade L	1	14	5339990887	5340027582	36695	1125.15	455.19	1162.21	471.52	1.55	70.61	0.33	42.26	2766.12	-1706.14	1269.09
Saccade R	1	13	5339990887	5340027582	36695	1125.15	455.19	1162.21	471.52	1.55	70.61	0.33	42.26	2766.12	-1706.14	1269.09
Saccade L	1	15	5340027582	5340059206	31624	1162.21	471.52	1112.59	465.63	1.12	51.91	0.55	35.57	881.48	-2123.20	1069.57
Saccade R	1	14	5340027582	5340059206	31624	1162.21	471.52	1112.59	465.63	1.12	51.91	0.55	35.57	881.48	-2123.20	1069.57
Saccade L	1	16	5340083020	5340149012	65992	1112.33	466.31	628.34	434.12	12.02	297.34	0.27	182.15	13416.81	-10740.96	6970.20
Saccade R	1	15	5340083020	5340149012	65992	1112.33	466.31	628.34	434.12	12.02	297.34	0.27	182.15	13416.81	-10740.96	6970.20
Fixation L	1	11	5340149012	5340329133	180121	624.84	437.30	15	17	-1	14.08	14.08
Fixation R	1	11	5340149012	5340329133	180121	624.84	437.30	15	17	-1	13.34	13.34
Saccade L	1	17	5340329133	5340355133	26000	627.47	441.81	535.21	440.74	2.03	144.22	0.46	77.97	6042.83	-5743.54	4243.82
Saccade R	1	16	5340329133	5340355133	26000	627.47	441.81	535.21	440.74	2.03	144.22	0.46	77.97	6042.83	-5743.54	4243.82
Fixation L	1	12	5340355133	5340519160	164027	530.64	436.36	13	8	-1	13.71	13.71
Fixation R	1	12	5340355133	5340519160	164027	530.64	436.36	13	8	-1	13.17	13.17
Saccade L	1	18	5340519160	5340547159	27999	526.20	442.24	640.07	439.39	2.44	168.84	0.43	87.12	6992.08	-6604.42	4891.48
Saccade R	1	17	5340519160	5340547159	27999	526.20	442.24	640.07	439.39	2.44	168.84	0.43	87.12	6992.08	-6604.42	4891.48
Fixation L	1	13	5340547159	5340739250	192091	652.18	446.96	16	12	-1	13.51	13.51
Fixation R	1	13	5340547159	5340739250	192091	652.18	446.96	16	12	-1	13.13	13.13
Saccade L	1	19	5340739250	5340813281	74031	653.30	453.26	871.21	944.50	12.28	348.17	0.27	165.83	15174.17	-7003.90	6705.27
Saccade R	1	18	5340739250	5340813281	74031	653.30	453.26	871.21	944.50	12.28	348.17	0.27	165.83	15174.17	-7003.90	6705.27
Fixation L	1	14	5340813281	5341337664	524383	891.28	939.31	39	21	-1	13.69	13.69
Fixation R	1	14	5340813281	5341337664	524383	891.28	939.31	39	21	-1	13.33	13.33
