[BeGaze]
Converted from:	C:\Program Files\SMI\Experiment Suite 360\Experiment Center 2\Results\RC-Attachment-Exp\Deney02-eye_data.idf
Date:	18.03.2012 20:03:41
Version:	BeGaze 3.0.181
Sample Rate:	500
Subject:	Deney02
Description:	Run5

Table Header for Fixations:
Event Type	Trial	Number	Start	End	Duration	Location X	Location Y	Dispersion X	Dispersion Y	Plane	Avg. Pupil Size X	Avg. Pupil Size Y

Table Header for Saccades:
Event Type	Trial	Number	Start	End	Duration	Start Loc.X	Start Loc.Y	End Loc.X	End Loc.Y	Amplitude	Peak Speed	Peak Speed At	Average Speed	Peak Accel.	Peak Decel.	Average Accel.

Table Header for Blinks:
Event Type	Trial	Number	Start	End	Duration

Table Header for User Events:
Event Type	Trial	Number	Start	Description

UserEvent	1	1	2994026053	# Message: Questionnaire2.jpg
Fixation L	1	1	2994028627	2994328992	300365	887.15	959.03	28	35	-1	12.38	12.38
Fixation R	1	1	2994028627	2994328992	300365	887.15	959.03	28	35	-1	13.24	13.24
Saccade L	1	1	2994328992	2994423911	94919	874.10	945.07	509.23	401.25	20.14	649.75	0.39	212.13	27510.45	-19736.76	11940.25
Saccade R	1	1	2994328992	2994423911	94919	874.10	945.07	509.23	401.25	20.14	649.75	0.39	212.13	27510.45	-19736.76	11940.25
Fixation L	1	2	2994423911	2994527000	103089	508.74	402.49	20	9	-1	12.00	12.00
Fixation R	1	2	2994423911	2994527000	103089	508.74	402.49	20	9	-1	12.47	12.47
Saccade L	1	2	2994527000	2994564984	37984	503.10	405.89	406.05	357.34	2.37	129.20	0.31	62.39	5087.45	-4469.47	3157.32
Saccade R	1	2	2994527000	2994564984	37984	503.10	405.89	406.05	357.34	2.37	129.20	0.31	62.39	5087.45	-4469.47	3157.32
Fixation L	1	3	2994564984	2994899063	334079	398.35	363.16	17	14	-1	11.54	11.54
Fixation R	1	3	2994564984	2994899063	334079	398.35	363.16	17	14	-1	12.36	12.36
Saccade L	1	3	2994899063	2994941103	42040	402.93	370.38	564.05	367.76	3.49	186.86	0.33	83.06	8100.75	-6844.59	4702.30
Saccade R	1	3	2994899063	2994941103	42040	402.93	370.38	564.05	367.76	3.49	186.86	0.33	83.06	8100.75	-6844.59	4702.30
Fixation L	1	4	2994941103	2995175227	234124	570.40	367.93	29	19	-1	11.65	11.65
Fixation R	1	4	2994941103	2995175227	234124	570.40	367.93	29	19	-1	12.50	12.50
Saccade L	1	4	2995175227	2995217174	41947	554.60	362.31	691.85	360.54	3.05	184.85	0.31	72.66	7112.05	-6622.37	3873.14
Saccade R	1	4	2995175227	2995217174	41947	554.60	362.31	691.85	360.54	3.05	184.85	0.31	72.66	7112.05	-6622.37	3873.14
Fixation L	1	5	2995217174	2995387296	170122	692.28	365.38	14	22	-1	11.73	11.73
Fixation R	1	5	2995217174	2995387296	170122	692.28	365.38	14	22	-1	12.84	12.84
Saccade L	1	5	2995387296	2995427291	39995	690.83	363.33	793.29	345.17	2.30	135.63	0.35	57.40	5325.97	-4717.10	3055.96
Saccade R	1	5	2995387296	2995427291	39995	690.83	363.33	793.29	345.17	2.30	135.63	0.35	57.40	5325.97	-4717.10	3055.96
Fixation L	1	6	2995427291	2995587336	160045	786.64	353.58	20	17	-1	11.90	11.90
Fixation R	1	6	2995427291	2995587336	160045	786.64	353.58	20	17	-1	12.92	12.92
Saccade L	1	6	2995587336	2995611434	24098	778.66	344.95	849.34	344.11	1.63	118.54	0.50	67.82	5114.72	-4689.75	3479.94
Saccade R	1	6	2995587336	2995611434	24098	778.66	344.95	849.34	344.11	1.63	118.54	0.50	67.82	5114.72	-4689.75	3479.94
Fixation L	1	7	2995611434	2995749400	137966	874.20	352.44	34	20	-1	12.04	12.04
Fixation R	1	7	2995611434	2995749400	137966	874.20	352.44	34	20	-1	13.32	13.32
Saccade L	1	7	2995749400	2995781399	31999	877.26	355.87	997.13	348.50	2.62	162.66	0.50	81.91	6837.60	-6745.05	4980.67
Saccade R	1	7	2995749400	2995781399	31999	877.26	355.87	997.13	348.50	2.62	162.66	0.50	81.91	6837.60	-6745.05	4980.67
Fixation L	1	8	2995781399	2996225646	444247	1011.42	348.21	33	27	-1	12.39	12.39
Fixation R	1	8	2995781399	2996225646	444247	1011.42	348.21	33	27	-1	13.59	13.59
Saccade L	1	8	2996225646	2996296834	71188	1019.30	360.17	397.72	465.10	14.60	336.89	0.28	205.14	14514.08	-11426.09	7302.72
Saccade R	1	8	2996225646	2996296834	71188	1019.30	360.17	397.72	465.10	14.60	336.89	0.28	205.14	14514.08	-11426.09	7302.72
Fixation L	1	9	2996296834	2996571751	274917	398.35	471.37	24	18	-1	13.30	13.30
Fixation R	1	9	2996296834	2996571751	274917	398.35	471.37	24	18	-1	13.85	13.85
Fixation L	1	10	2996590395	2997412109	821714	392.84	487.63	28	38	-1	12.85	12.85
Fixation R	1	10	2996590395	2997412109	821714	392.84	487.63	28	38	-1	13.70	13.70
Saccade L	1	9	2997412109	2997436138	24029	392.69	469.88	382.44	533.23	1.33	92.60	0.52	55.38	3791.52	-3524.51	2570.11
Saccade R	1	9	2997412109	2997436138	24029	392.69	469.88	382.44	533.23	1.33	92.60	0.52	55.38	3791.52	-3524.51	2570.11
Fixation L	1	11	2997436138	2997836330	400192	395.89	540.74	22	21	-1	12.46	12.46
Fixation R	1	11	2997436138	2997836330	400192	395.89	540.74	22	21	-1	13.27	13.27
Saccade L	1	10	2997836330	2997864316	27986	387.90	549.68	386.92	478.79	1.51	99.40	0.66	54.04	3480.55	-3728.54	2537.80
Saccade R	1	10	2997836330	2997864316	27986	387.90	549.68	386.92	478.79	1.51	99.40	0.66	54.04	3480.55	-3728.54	2537.80
Fixation L	1	12	2997864316	3000051238	2186922	394.53	491.21	31	42	-1	12.79	12.79
Fixation R	1	12	2997864316	3000051238	2186922	394.53	491.21	31	42	-1	13.82	13.82
Saccade L	1	11	3000051238	3000085226	33988	407.48	499.89	400.20	499.25	5.24	240.14	0.50	154.32	9737.84	-8130.00	7140.16
Saccade R	1	11	3000051238	3000085226	33988	407.48	499.89	400.20	499.25	5.24	240.14	0.50	154.32	9737.84	-8130.00	7140.16
Saccade L	1	12	3000161344	3000194218	32874	366.76	464.16	420.75	486.29	1.23	55.86	0.61	37.32	5408.02	-792.19	1594.49
Saccade R	1	12	3000161344	3000194218	32874	366.76	464.16	420.75	486.29	1.23	55.86	0.61	37.32	5408.02	-792.19	1594.49
Saccade L	1	13	3000197395	3000231172	33777	420.08	486.52	415.63	491.32	5.52	229.57	0.43	163.48	8302.90	-9871.01	7213.32
Saccade R	1	13	3000197395	3000231172	33777	420.08	486.52	415.63	491.32	5.52	229.57	0.43	163.48	8302.90	-9871.01	7213.32
Fixation L	1	13	3000231172	3000741582	510410	410.05	492.53	22	26	-1	13.25	13.25
Fixation R	1	13	3000231172	3000741582	510410	410.05	492.53	22	26	-1	14.29	14.29
Saccade L	1	14	3000741582	3000765671	24089	404.98	477.76	382.63	503.54	0.94	67.27	0.58	38.93	1721.76	-2086.21	1307.06
Saccade R	1	14	3000741582	3000765671	24089	404.98	477.76	382.63	503.54	0.94	67.27	0.58	38.93	1721.76	-2086.21	1307.06
Fixation L	1	14	3000765671	3001978043	1212372	370.57	501.34	27	39	-1	13.32	13.32
Fixation R	1	14	3000765671	3001978043	1212372	370.57	501.34	27	39	-1	14.20	14.20
UserEvent	1	186	3001941282	# Message: UE-mouseclick left x=363 y=471
Saccade L	1	15	3001978043	3002027316	49273	374.89	514.93	371.65	409.62	2.55	101.48	0.58	51.78	3167.69	842.44	1986.56
Saccade R	1	15	3001978043	3002027316	49273	374.89	514.93	371.65	409.62	2.55	101.48	0.58	51.78	3167.69	842.44	1986.56
Fixation L	1	15	3002051727	3002340319	288592	369.81	509.56	21	73	-1	13.70	13.70
Fixation R	1	15	3002051727	3002340319	288592	369.81	509.56	21	73	-1	14.41	14.41
Fixation L	1	16	3002370269	3002431235	60966	368.32	505.64	7	102	-1	13.68	13.68
Fixation R	1	16	3002370269	3002431235	60966	368.32	505.64	7	102	-1	14.46	14.46
Saccade L	1	16	3002431235	3002456262	25027	368.82	506.06	390.79	563.77	1.25	82.35	0.60	50.01	3316.18	-3332.07	2390.34
Saccade R	1	16	3002431235	3002456262	25027	368.82	506.06	390.79	563.77	1.25	82.35	0.60	50.01	3316.18	-3332.07	2390.34
Fixation L	1	17	3002456262	3003106269	650007	389.29	553.03	36	23	-1	13.97	13.97
Fixation R	1	17	3002456262	3003106269	650007	389.29	553.03	36	23	-1	14.67	14.67
Saccade L	1	17	3003106269	3003128614	22345	376.70	550.03	422.91	547.17	0.88	60.64	0.37	39.20	2334.39	-2536.39	1709.10
Saccade R	1	17	3003106269	3003128614	22345	376.70	550.03	422.91	547.17	0.88	60.64	0.37	39.20	2334.39	-2536.39	1709.10
Fixation L	1	18	3003128614	3003648876	520262	435.97	555.02	25	35	-1	13.22	13.22
Fixation R	1	18	3003128614	3003648876	520262	435.97	555.02	25	35	-1	13.96	13.96
Saccade L	1	18	3003648876	3003670859	21983	438.77	546.79	389.10	548.37	0.99	74.75	0.56	44.92	2641.73	-2640.45	1860.32
Saccade R	1	18	3003648876	3003670859	21983	438.77	546.79	389.10	548.37	0.99	74.75	0.56	44.92	2641.73	-2640.45	1860.32
Fixation L	1	19	3003670859	3003816849	145990	396.88	549.43	17	19	-1	12.81	12.81
Fixation R	1	19	3003670859	3003816849	145990	396.88	549.43	17	19	-1	13.43	13.43
Blink L	1	1	3003834834	3003960945	126111
Blink R	1	1	3003834834	3003960945	126111
Saccade L	1	19	3003960945	3003988991	28046	426.98	507.89	419.03	551.36	0.99	47.02	0.43	35.46	845.54	-1749.22	929.54
Saccade R	1	19	3003960945	3003988991	28046	426.98	507.89	419.03	551.36	0.99	47.02	0.43	35.46	845.54	-1749.22	929.54
Fixation L	1	20	3003988991	3004335064	346073	407.98	550.92	27	10	-1	12.83	12.83
Fixation R	1	20	3003988991	3004335064	346073	407.98	550.92	27	10	-1	13.50	13.50
Saccade L	1	20	3004335064	3004365080	30016	396.48	550.13	398.08	484.97	1.37	71.00	0.48	45.74	2990.00	-2876.19	2118.56
Saccade R	1	20	3004335064	3004365080	30016	396.48	550.13	398.08	484.97	1.37	71.00	0.48	45.74	2990.00	-2876.19	2118.56
Fixation L	1	21	3004365080	3004601202	236122	393.40	492.54	23	20	-1	12.86	12.86
Fixation R	1	21	3004365080	3004601202	236122	393.40	492.54	23	20	-1	13.45	13.45
Blink L	1	2	3004601202	3004739356	138154
Blink R	1	2	3004601202	3004739356	138154
Fixation L	1	22	3004739356	3005067438	328082	386.59	540.10	23	58	-1	12.66	12.66
Fixation R	1	22	3004739356	3005067438	328082	386.59	540.10	23	58	-1	13.15	13.15
Fixation L	1	23	3005085417	3005427573	342156	430.54	537.17	10	20	-1	12.56	12.56
Fixation R	1	23	3005085417	3005427573	342156	430.54	537.17	10	20	-1	13.08	13.08
Saccade L	1	21	3005427573	3005449523	21950	435.72	540.12	385.56	540.55	1.04	82.50	0.45	47.20	3004.37	-2972.27	2037.25
Saccade R	1	21	3005427573	3005449523	21950	435.72	540.12	385.56	540.55	1.04	82.50	0.45	47.20	3004.37	-2972.27	2037.25
Fixation L	1	24	3005449523	3006633918	1184395	378.73	541.49	42	36	-1	12.62	12.62
Fixation R	1	24	3005449523	3006633918	1184395	378.73	541.49	42	36	-1	13.31	13.31
UserEvent	1	294	3006509409	# Message: UE-mouseclick left x=402 y=528
