[BeGaze]
Converted from:	C:\Program Files\SMI\Experiment Suite 360\Experiment Center 2\Results\RC-Attachment-Exp\P34-eye_data.idf
Date:	18.03.2012 20:30:21
Version:	BeGaze 3.0.181
Sample Rate:	500
Subject:	P34
Description:	Run39

Table Header for Fixations:
Event Type	Trial	Number	Start	End	Duration	Location X	Location Y	Dispersion X	Dispersion Y	Plane	Avg. Pupil Size X	Avg. Pupil Size Y

Table Header for Saccades:
Event Type	Trial	Number	Start	End	Duration	Start Loc.X	Start Loc.Y	End Loc.X	End Loc.Y	Amplitude	Peak Speed	Peak Speed At	Average Speed	Peak Accel.	Peak Decel.	Average Accel.

Table Header for Blinks:
Event Type	Trial	Number	Start	End	Duration

Table Header for User Events:
Event Type	Trial	Number	Start	Description

UserEvent	1	1	4105837697	# Message: Validation.jpg
Fixation L	1	1	4105840967	4106142853	301886	803.05	649.37	42	53	-1	13.32	13.32
Fixation R	1	1	4105840967	4106142853	301886	803.05	649.37	42	53	-1	12.96	12.96
Saccade L	1	1	4106142853	4106198849	55996	796.38	623.92	425.06	292.75	11.70	409.75	0.36	208.97	17804.38	-14495.61	11279.34
Saccade R	1	1	4106142853	4106198849	55996	796.38	623.92	425.06	292.75	11.70	409.75	0.36	208.97	17804.38	-14495.61	11279.34
Fixation L	1	2	4106198849	4107171320	972471	417.15	266.06	49	66	-1	13.15	13.15
Fixation R	1	2	4106198849	4107171320	972471	417.15	266.06	49	66	-1	12.98	12.98
Saccade L	1	2	4107171320	4107211896	40576	411.17	286.83	421.69	246.48	1.23	41.94	0.55	30.33	876.52	-1613.16	801.62
Saccade R	1	2	4107171320	4107211896	40576	411.17	286.83	421.69	246.48	1.23	41.94	0.55	30.33	876.52	-1613.16	801.62
Fixation L	1	3	4107211896	4107919663	707767	409.26	256.94	47	71	-1	13.15	13.15
Fixation R	1	3	4107211896	4107919663	707767	409.26	256.94	47	71	-1	13.11	13.11
Saccade L	1	3	4107919663	4107993675	74012	401.10	294.08	689.36	383.93	7.29	298.98	0.33	98.51	12215.33	-11447.42	5461.15
Saccade R	1	3	4107919663	4107993675	74012	401.10	294.08	689.36	383.93	7.29	298.98	0.33	98.51	12215.33	-11447.42	5461.15
Fixation L	1	4	4107993675	4108079661	85986	686.97	392.89	27	36	-1	13.81	13.81
Fixation R	1	4	4107993675	4108079661	85986	686.97	392.89	27	36	-1	13.84	13.84
Saccade L	1	4	4108079661	4108143652	63991	703.59	410.24	1069.36	688.91	10.38	438.07	0.28	162.24	18697.50	-16017.29	9223.27
Saccade R	1	4	4108079661	4108143652	63991	703.59	410.24	1069.36	688.91	10.38	438.07	0.28	162.24	18697.50	-16017.29	9223.27
Saccade L	1	5	4108163783	4108198018	34235	1048.90	688.37	1100.07	678.62	1.16	55.88	0.76	33.79	1513.12	-927.18	746.33
Saccade R	1	5	4108163783	4108198018	34235	1048.90	688.37	1100.07	678.62	1.16	55.88	0.76	33.79	1513.12	-927.18	746.33
Saccade L	1	6	4108212863	4108239786	26923	1075.22	688.44	1105.88	687.02	0.77	50.95	0.19	28.62	-4.59	-1292.25	693.34
Saccade R	1	6	4108212863	4108239786	26923	1075.22	688.44	1105.88	687.02	0.77	50.95	0.19	28.62	-4.59	-1292.25	693.34
Saccade L	1	7	4108253780	4108298280	44500	1103.47	685.22	1260.06	764.25	4.45	234.20	0.45	99.94	9783.69	-9263.18	6277.99
Saccade R	1	7	4108253780	4108298280	44500	1103.47	685.22	1260.06	764.25	4.45	234.20	0.45	99.94	9783.69	-9263.18	6277.99
Saccade L	1	8	4108307774	4108335771	27997	1258.18	762.29	1298.17	743.22	0.94	47.93	0.43	33.47	1785.46	-1487.12	1163.83
Saccade R	1	8	4108307774	4108335771	27997	1258.18	762.29	1298.17	743.22	0.94	47.93	0.43	33.47	1785.46	-1487.12	1163.83
Saccade L	1	9	4108350331	4108403932	53601	1304.71	739.70	1268.92	830.43	3.18	133.12	0.70	59.25	4215.37	-3046.01	2291.41
Saccade R	1	9	4108350331	4108403932	53601	1304.71	739.70	1268.92	830.43	3.18	133.12	0.70	59.25	4215.37	-3046.01	2291.41
Saccade L	1	10	4108445898	4108483932	38034	1346.36	837.76	1358.45	834.61	2.16	107.06	0.75	56.72	2532.13	-1336.35	1466.26
Saccade R	1	10	4108445898	4108483932	38034	1346.36	837.76	1358.45	834.61	2.16	107.06	0.75	56.72	2532.13	-1336.35	1466.26
Saccade L	1	11	4108483932	4108517939	34007	1358.45	834.61	1326.18	758.78	2.03	127.71	0.43	59.60	2025.87	-4368.41	2260.41
Saccade R	1	11	4108483932	4108517939	34007	1358.45	834.61	1326.18	758.78	2.03	127.71	0.43	59.60	2025.87	-4368.41	2260.41
Fixation L	1	5	4108517939	4109168129	650190	1298.26	761.76	91	50	-1	12.98	12.98
Fixation R	1	5	4108517939	4109168129	650190	1298.26	761.76	91	50	-1	12.91	12.91
Fixation L	1	6	4109198288	4109282241	83953	1275.42	790.15	30	20	-1	12.62	12.62
Fixation R	1	6	4109198288	4109282241	83953	1275.42	790.15	30	20	-1	12.55	12.55
Saccade L	1	12	4109305241	4109330245	25004	1225.02	808.40	1235.76	769.05	0.79	44.34	0.36	31.73	612.98	-1053.30	479.14
Saccade R	1	12	4109305241	4109330245	25004	1225.02	808.40	1235.76	769.05	0.79	44.34	0.36	31.73	612.98	-1053.30	479.14
Saccade L	1	13	4109336353	4109379291	42938	1239.34	768.76	1272.24	540.30	5.13	234.65	0.46	119.39	9593.72	-9317.76	6779.90
Saccade R	1	13	4109336353	4109379291	42938	1239.34	768.76	1272.24	540.30	5.13	234.65	0.46	119.39	9593.72	-9317.76	6779.90
Fixation L	1	7	4109379291	4109522355	143064	1270.70	501.05	16	79	-1	12.96	12.96
Fixation R	1	7	4109379291	4109522355	143064	1270.70	501.05	16	79	-1	12.67	12.67
Saccade L	1	14	4109522355	4109558355	36000	1280.53	464.21	1257.61	376.63	2.01	109.61	0.39	55.90	4514.08	-3899.47	2891.19
Saccade R	1	14	4109522355	4109558355	36000	1280.53	464.21	1257.61	376.63	2.01	109.61	0.39	55.90	4514.08	-3899.47	2891.19
Fixation L	1	8	4109558355	4109716390	158035	1258.90	344.98	18	56	-1	12.85	12.85
Fixation R	1	8	4109558355	4109716390	158035	1258.90	344.98	18	56	-1	12.61	12.61
Saccade L	1	15	4109716390	4109750470	34080	1264.64	326.34	1238.57	254.81	1.82	96.78	0.41	53.48	3682.81	-3606.47	2633.10
Saccade R	1	15	4109716390	4109750470	34080	1264.64	326.34	1238.57	254.81	1.82	96.78	0.41	53.48	3682.81	-3606.47	2633.10
Fixation L	1	9	4109750470	4110714821	964351	1246.88	252.82	42	45	-1	12.81	12.81
Fixation R	1	9	4109750470	4110714821	964351	1246.88	252.82	42	45	-1	12.61	12.61
Saccade L	1	16	4110714821	4110756810	41989	1239.77	258.47	1043.82	341.66	4.70	191.74	0.58	111.97	7736.21	-8008.80	5912.06
Saccade R	1	16	4110714821	4110756810	41989	1239.77	258.47	1043.82	341.66	4.70	191.74	0.58	111.97	7736.21	-8008.80	5912.06
Fixation L	1	10	4110756810	4110812817	56007	1045.21	339.56	10	19	-1	13.06	13.06
Fixation R	1	10	4110756810	4110812817	56007	1045.21	339.56	10	19	-1	12.78	12.78
Saccade L	1	17	4110812817	4110856832	44015	1041.40	337.56	866.32	542.13	6.37	289.58	0.37	144.71	12375.69	-11653.30	8303.32
Saccade R	1	17	4110812817	4110856832	44015	1041.40	337.56	866.32	542.13	6.37	289.58	0.37	144.71	12375.69	-11653.30	8303.32
Saccade L	1	18	4110920933	4110952932	31999	861.79	527.78	799.56	532.77	1.14	56.95	0.75	35.47	1565.98	-1497.42	1011.70
Saccade R	1	18	4110920933	4110952932	31999	861.79	527.78	799.56	532.77	1.14	56.95	0.75	35.47	1565.98	-1497.42	1011.70
Saccade L	1	19	4110962959	4111024926	61967	818.64	534.21	478.22	748.60	9.12	313.61	0.33	147.24	13497.75	-11011.25	7548.19
Saccade R	1	19	4110962959	4111024926	61967	818.64	534.21	478.22	748.60	9.12	313.61	0.33	147.24	13497.75	-11011.25	7548.19
Fixation L	1	11	4111024926	4111285073	260147	460.21	767.16	35	51	-1	13.66	13.66
Fixation R	1	11	4111024926	4111285073	260147	460.21	767.16	35	51	-1	13.46	13.46
Saccade L	1	20	4111285073	4111311042	25969	455.67	751.75	414.87	773.48	1.00	55.90	0.38	38.59	1764.06	-2007.97	1384.64
Saccade R	1	20	4111285073	4111311042	25969	455.67	751.75	414.87	773.48	1.00	55.90	0.38	38.59	1764.06	-2007.97	1384.64
Fixation L	1	12	4111311042	4111389044	78002	411.37	766.90	7	17	-1	13.42	13.42
Fixation R	1	12	4111311042	4111389044	78002	411.37	766.90	7	17	-1	13.35	13.35
Blink L	1	1	4111389044	4111611157	222113
Blink R	1	1	4111389044	4111611157	222113
Saccade L	1	21	4111617163	4111645291	28128	461.52	714.96	452.06	749.51	0.92	42.60	0.64	32.80	1052.76	-1850.61	909.14
Saccade R	1	21	4111617163	4111645291	28128	461.52	714.96	452.06	749.51	0.92	42.60	0.64	32.80	1052.76	-1850.61	909.14
Fixation L	1	13	4111645291	4111771283	125992	424.61	759.21	59	23	-1	13.12	13.12
Fixation R	1	13	4111645291	4111771283	125992	424.61	759.21	59	23	-1	13.18	13.18
