[BeGaze]
Converted from:	C:\Program Files\SMI\Experiment Suite 360\Experiment Center 2\Results\RC-Attachment-Exp\P04-eye_data.idf
Date:	18.03.2012 20:05:25
Version:	BeGaze 3.0.181
Sample Rate:	500
Subject:	P04
Description:	Run9

Table Header for Fixations:
Event Type	Trial	Number	Start	End	Duration	Location X	Location Y	Dispersion X	Dispersion Y	Plane	Avg. Pupil Size X	Avg. Pupil Size Y

Table Header for Saccades:
Event Type	Trial	Number	Start	End	Duration	Start Loc.X	Start Loc.Y	End Loc.X	End Loc.Y	Amplitude	Peak Speed	Peak Speed At	Average Speed	Peak Accel.	Peak Decel.	Average Accel.

Table Header for Blinks:
Event Type	Trial	Number	Start	End	Duration

Table Header for User Events:
Event Type	Trial	Number	Start	Description

UserEvent	1	1	5400674041	# Message: Questionnaire20.jpg
Fixation L	1	1	5400677041	5401006186	329145	911.23	949.57	31	21	-1	13.63	13.63
Fixation R	1	1	5400677041	5401006186	329145	911.23	949.57	31	21	-1	12.85	12.85
Saccade L	1	1	5401006186	5401102321	96135	919.75	950.11	510.05	422.73	16.21	476.27	0.44	168.59	20863.59	-12150.75	8087.70
Saccade R	1	1	5401006186	5401102321	96135	919.75	950.11	510.05	422.73	16.21	476.27	0.44	168.59	20863.59	-12150.75	8087.70
Saccade L	1	2	5401152316	5401184314	31998	508.00	418.61	440.69	341.96	2.22	154.08	0.46	69.24	6128.77	-6111.79	4294.79
Saccade R	1	2	5401152316	5401184314	31998	508.00	418.61	440.69	341.96	2.22	154.08	0.46	69.24	6128.77	-6111.79	4294.79
Fixation L	1	2	5401184314	5401334446	150132	436.94	339.52	13	22	-1	12.47	12.47
Fixation R	1	2	5401184314	5401334446	150132	436.94	339.52	13	22	-1	11.96	11.96
Saccade L	1	3	5401334446	5401364422	29976	439.69	330.54	402.58	357.39	0.95	60.51	0.40	31.60	2163.06	-2303.89	1618.94
Saccade R	1	3	5401334446	5401364422	29976	439.69	330.54	402.58	357.39	0.95	60.51	0.40	31.60	2163.06	-2303.89	1618.94
Fixation L	1	3	5401364422	5401451201	86779	404.41	359.02	5	2	-1	12.35	12.35
Fixation R	1	3	5401364422	5401451201	86779	404.41	359.02	5	2	-1	11.84	11.84
Saccade L	1	4	5401451201	5401490415	39214	407.44	359.58	534.50	365.09	2.73	157.70	0.49	69.57	6601.30	-6698.21	4662.86
Saccade R	1	4	5401451201	5401490415	39214	407.44	359.58	534.50	365.09	2.73	157.70	0.49	69.57	6601.30	-6698.21	4662.86
Fixation L	1	4	5401490415	5401690966	200551	540.21	377.24	17	19	-1	13.14	13.14
Fixation R	1	4	5401490415	5401690966	200551	540.21	377.24	17	19	-1	12.61	12.61
Saccade L	1	5	5401690966	5401718544	27578	544.14	382.72	613.21	370.91	1.56	114.40	0.49	56.46	4762.79	-4488.31	3329.02
Saccade R	1	5	5401690966	5401718544	27578	544.14	382.72	613.21	370.91	1.56	114.40	0.49	56.46	4762.79	-4488.31	3329.02
Fixation L	1	5	5401718544	5401900665	182121	618.44	373.73	15	7	-1	14.32	14.32
Fixation R	1	5	5401718544	5401900665	182121	618.44	373.73	15	7	-1	13.80	13.80
Saccade L	1	6	5401900665	5401938797	38132	621.01	374.33	698.29	370.66	1.84	109.06	0.58	48.31	4213.22	-4312.76	3016.37
Saccade R	1	6	5401900665	5401938797	38132	621.01	374.33	698.29	370.66	1.84	109.06	0.58	48.31	4213.22	-4312.76	3016.37
Fixation L	1	6	5401938797	5402070691	131894	697.89	374.15	10	6	-1	14.99	14.99
Fixation R	1	6	5401938797	5402070691	131894	697.89	374.15	10	6	-1	14.56	14.56
Saccade L	1	7	5402070691	5402150798	80107	699.51	376.10	421.62	467.38	6.85	289.55	0.22	85.49	11316.35	-7369.02	4533.86
Saccade R	1	7	5402070691	5402150798	80107	699.51	376.10	421.62	467.38	6.85	289.55	0.22	85.49	11316.35	-7369.02	4533.86
Fixation L	1	7	5402150798	5403561500	1410702	422.01	459.72	56	32	-1	15.53	15.53
Fixation R	1	7	5402150798	5403561500	1410702	422.01	459.72	56	32	-1	15.35	15.35
UserEvent	1	66	5403232057	# Message: UE-mouseclick left x=408 y=439
Saccade L	1	8	5403561500	5403593448	31948	391.31	451.42	393.90	540.88	1.96	133.48	0.62	61.47	5378.86	-4842.42	3637.50
Saccade R	1	8	5403561500	5403593448	31948	391.31	451.42	393.90	540.88	1.96	133.48	0.62	61.47	5378.86	-4842.42	3637.50
Fixation L	1	8	5403593448	5404033678	440230	403.71	529.81	48	36	-1	15.26	15.26
Fixation R	1	8	5403593448	5404033678	440230	403.71	529.81	48	36	-1	15.30	15.30
Saccade L	1	9	5404033678	5404107648	73970	412.40	537.57	535.80	365.77	5.66	228.98	0.36	76.58	9768.42	-7867.08	4438.80
Saccade R	1	9	5404033678	5404107648	73970	412.40	537.57	535.80	365.77	5.66	228.98	0.36	76.58	9768.42	-7867.08	4438.80
UserEvent	1	86	5404039950	# Message: UE-mouseclick left x=409 y=522
Fixation L	1	9	5404107648	5404176601	68953	536.64	356.99	7	17	-1	14.42	14.42
Fixation R	1	9	5404107648	5404176601	68953	536.64	356.99	7	17	-1	14.29	14.29
