[BeGaze]
Converted from:	C:\Program Files\SMI\Experiment Suite 360\Experiment Center 2\Results\RC-Attachment-Exp\P32-eye_data.idf
Date:	18.03.2012 20:28:00
Version:	BeGaze 3.0.181
Sample Rate:	500
Subject:	P32
Description:	Run37

Table Header for Fixations:
Event Type	Trial	Number	Start	End	Duration	Location X	Location Y	Dispersion X	Dispersion Y	Plane	Avg. Pupil Size X	Avg. Pupil Size Y

Table Header for Saccades:
Event Type	Trial	Number	Start	End	Duration	Start Loc.X	Start Loc.Y	End Loc.X	End Loc.Y	Amplitude	Peak Speed	Peak Speed At	Average Speed	Peak Accel.	Peak Decel.	Average Accel.

Table Header for Blinks:
Event Type	Trial	Number	Start	End	Duration

Table Header for User Events:
Event Type	Trial	Number	Start	Description

UserEvent	1	1	5770318957	# Message: RC-nonforced-anim-2.jpg
Fixation L	1	1	5770319302	5771005351	686049	483.66	429.35	36	37	-1	15.17	15.17
Fixation R	1	1	5770319302	5771005351	686049	483.66	429.35	36	37	-1	16.01	16.01
Saccade L	1	1	5771005351	5771053409	48058	464.89	440.34	526.15	428.86	1.39	45.39	0.29	28.95	1713.13	-1074.27	962.70
Saccade R	1	1	5771005351	5771053409	48058	464.89	440.34	526.15	428.86	1.39	45.39	0.29	28.95	1713.13	-1074.27	962.70
Fixation L	1	2	5771053409	5771267290	213881	517.66	447.68	21	27	-1	14.80	14.80
Fixation R	1	2	5771053409	5771267290	213881	517.66	447.68	21	27	-1	15.51	15.51
Saccade L	1	2	5771267290	5771309325	42035	515.82	452.80	595.75	450.38	1.74	70.50	0.48	41.50	2749.02	-2646.61	1969.51
Saccade R	1	2	5771267290	5771309325	42035	515.82	452.80	595.75	450.38	1.74	70.50	0.48	41.50	2749.02	-2646.61	1969.51
Fixation L	1	3	5771309325	5771465547	156222	603.11	438.88	13	20	-1	14.55	14.55
Fixation R	1	3	5771309325	5771465547	156222	603.11	438.88	13	20	-1	15.35	15.35
Saccade L	1	3	5771465547	5771507398	41851	596.20	443.23	657.83	427.35	1.40	59.37	0.33	33.37	2224.25	-1688.61	1420.94
Saccade R	1	3	5771465547	5771507398	41851	596.20	443.23	657.83	427.35	1.40	59.37	0.33	33.37	2224.25	-1688.61	1420.94
Fixation L	1	4	5771507398	5771923645	416247	639.34	416.43	38	57	-1	14.57	14.57
Fixation R	1	4	5771507398	5771923645	416247	639.34	416.43	38	57	-1	15.36	15.36
Saccade L	1	4	5771923645	5771963638	39993	623.87	413.78	549.83	408.40	1.60	74.60	0.37	40.06	3162.38	-2552.11	1890.03
Saccade R	1	4	5771923645	5771963638	39993	623.87	413.78	549.83	408.40	1.60	74.60	0.37	40.06	3162.38	-2552.11	1890.03
Fixation L	1	5	5771963638	5772237760	274122	554.76	434.35	18	40	-1	14.93	14.93
Fixation R	1	5	5771963638	5772237760	274122	554.76	434.35	18	40	-1	15.49	15.49
Saccade L	1	5	5772237760	5772275753	37993	552.39	419.04	629.58	419.87	1.68	90.09	0.37	44.10	3560.89	-3154.50	2291.61
Saccade R	1	5	5772237760	5772275753	37993	552.39	419.04	629.58	419.87	1.68	90.09	0.37	44.10	3560.89	-3154.50	2291.61
Fixation L	1	6	5772275753	5772574032	298279	634.99	437.56	45	35	-1	14.97	14.97
Fixation R	1	6	5772275753	5772574032	298279	634.99	437.56	45	35	-1	15.79	15.79
Saccade L	1	6	5772574032	5772602568	28536	649.31	442.79	712.20	446.24	1.32	81.73	0.42	46.21	3388.54	-3267.11	2384.49
Saccade R	1	6	5772574032	5772602568	28536	649.31	442.79	712.20	446.24	1.32	81.73	0.42	46.21	3388.54	-3267.11	2384.49
Fixation L	1	7	5772602568	5772986125	383557	717.29	446.10	24	39	-1	14.92	14.92
Fixation R	1	7	5772602568	5772986125	383557	717.29	446.10	24	39	-1	15.73	15.73
Blink L	1	1	5772986125	5773234218	248093
Blink R	1	1	5772986125	5773234218	248093
Fixation L	1	8	5773234218	5773340233	106015	825.16	437.00	23	15	-1	14.92	14.92
Fixation R	1	8	5773234218	5773340233	106015	825.16	437.00	23	15	-1	15.70	15.70
Saccade L	1	7	5773340233	5773368219	27986	840.15	429.13	790.00	424.43	1.02	59.84	0.43	36.44	1748.03	-2147.93	1460.22
Saccade R	1	7	5773340233	5773368219	27986	840.15	429.13	790.00	424.43	1.02	59.84	0.43	36.44	1748.03	-2147.93	1460.22
Fixation L	1	9	5773368219	5773668332	300113	802.80	430.99	40	18	-1	15.19	15.19
Fixation R	1	9	5773368219	5773668332	300113	802.80	430.99	40	18	-1	15.95	15.95
Saccade L	1	8	5773668332	5773702343	34011	817.06	425.53	883.80	430.40	1.46	78.15	0.41	42.86	3138.24	-3000.61	2219.50
Saccade R	1	8	5773668332	5773702343	34011	817.06	425.53	883.80	430.40	1.46	78.15	0.41	42.86	3138.24	-3000.61	2219.50
Fixation L	1	10	5773702343	5774238568	536225	916.43	424.35	91	39	-1	15.10	15.10
Fixation R	1	10	5773702343	5774238568	536225	916.43	424.35	91	39	-1	15.91	15.91
Saccade L	1	9	5774238568	5774276685	38117	937.23	423.14	1023.27	415.93	1.83	100.05	0.32	48.06	3582.34	-3576.21	2430.58
Saccade R	1	9	5774238568	5774276685	38117	937.23	423.14	1023.27	415.93	1.83	100.05	0.32	48.06	3582.34	-3576.21	2430.58
Fixation L	1	11	5774276685	5774452012	175327	1025.99	429.60	17	56	-1	15.02	15.02
Fixation R	1	11	5774276685	5774452012	175327	1025.99	429.60	17	56	-1	15.85	15.85
Saccade L	1	10	5774452012	5774475506	23494	1020.01	465.96	1000.34	437.49	0.67	42.26	0.37	28.58	1276.94	-1496.27	1046.85
Saccade R	1	10	5774452012	5774475506	23494	1020.01	465.96	1000.34	437.49	0.67	42.26	0.37	28.58	1276.94	-1496.27	1046.85
Fixation L	1	12	5774475506	5774750801	275295	1034.06	436.66	67	24	-1	15.10	15.10
Fixation R	1	12	5774475506	5774750801	275295	1034.06	436.66	67	24	-1	15.79	15.79
Saccade L	1	11	5774750801	5774790795	39994	1067.39	442.94	1164.56	435.15	2.15	97.74	0.45	53.84	3901.53	-3815.48	2812.78
Saccade R	1	11	5774750801	5774790795	39994	1067.39	442.94	1164.56	435.15	2.15	97.74	0.45	53.84	3901.53	-3815.48	2812.78
Fixation L	1	13	5774790795	5775016921	226126	1169.24	423.21	17	28	-1	15.08	15.08
Fixation R	1	13	5774790795	5775016921	226126	1169.24	423.21	17	28	-1	15.63	15.63
Blink L	1	2	5775016921	5775159033	142112
Blink R	1	2	5775016921	5775159033	142112
Saccade L	1	12	5775381156	5775411795	30639	849.50	742.82	859.72	928.57	1.74	118.77	0.19	56.82	2098.26	-4552.64	2231.53
Saccade R	1	12	5775381156	5775411795	30639	849.50	742.82	859.72	928.57	1.74	118.77	0.19	56.82	2098.26	-4552.64	2231.53
Saccade L	1	13	5775411795	5775475148	63353	859.72	928.57	881.04	910.59	1.56	42.32	0.35	24.58	1023.03	-1057.19	589.73
Saccade R	1	13	5775411795	5775475148	63353	859.72	928.57	881.04	910.59	1.56	42.32	0.35	24.58	1023.03	-1057.19	589.73
Fixation L	1	14	5775475148	5775917384	442236	913.76	937.56	52	49	-1	15.56	15.56
Fixation R	1	14	5775475148	5775917384	442236	913.76	937.56	52	49	-1	16.11	16.11
