[BeGaze]
Converted from:	C:\Program Files\SMI\Experiment Suite 360\Experiment Center 2\Results\RC-Attachment-Exp\P11-eye_data.idf
Date:	18.03.2012 20:08:52
Version:	BeGaze 3.0.181
Sample Rate:	500
Subject:	P11
Description:	Run16

Table Header for Fixations:
Event Type	Trial	Number	Start	End	Duration	Location X	Location Y	Dispersion X	Dispersion Y	Plane	Avg. Pupil Size X	Avg. Pupil Size Y

Table Header for Saccades:
Event Type	Trial	Number	Start	End	Duration	Start Loc.X	Start Loc.Y	End Loc.X	End Loc.Y	Amplitude	Peak Speed	Peak Speed At	Average Speed	Peak Accel.	Peak Decel.	Average Accel.

Table Header for Blinks:
Event Type	Trial	Number	Start	End	Duration

Table Header for User Events:
Event Type	Trial	Number	Start	Description

UserEvent	1	1	10364628988	# Message: Dist-srcop-15.jpg
Blink L	1	1	10364667808	10364711807	43999
Blink R	1	1	10364667808	10364711807	43999
Fixation L	1	1	10364711807	10365264042	552235	523.42	429.70	39	29	-1	14.01	14.01
Fixation R	1	1	10364711807	10365264042	552235	523.42	429.70	39	29	-1	13.09	13.09
Saccade L	1	1	10365264042	10365286023	21981	515.14	426.43	548.49	425.09	0.65	40.48	0.45	29.59	1044.49	-1242.21	862.62
Saccade R	1	1	10365264042	10365286023	21981	515.14	426.43	548.49	425.09	0.65	40.48	0.45	29.59	1044.49	-1242.21	862.62
Fixation L	1	2	10365286023	10365612144	326121	564.71	438.62	46	27	-1	13.50	13.50
Fixation R	1	2	10365286023	10365612144	326121	564.71	438.62	46	27	-1	12.65	12.65
Saccade L	1	2	10365612144	10365642156	30012	580.49	420.52	657.33	423.78	1.66	104.09	0.47	55.26	4087.03	-3798.09	2884.01
Saccade R	1	2	10365612144	10365642156	30012	580.49	420.52	657.33	423.78	1.66	104.09	0.47	55.26	4087.03	-3798.09	2884.01
Fixation L	1	3	10365642156	10365824264	182108	668.82	432.47	21	37	-1	13.38	13.38
Fixation R	1	3	10365642156	10365824264	182108	668.82	432.47	21	37	-1	12.56	12.56
Saccade L	1	3	10365824264	10365856263	31999	676.93	453.64	770.85	441.70	2.14	123.00	0.63	66.74	5059.05	-5200.58	3661.54
Saccade R	1	3	10365824264	10365856263	31999	676.93	453.64	770.85	441.70	2.14	123.00	0.63	66.74	5059.05	-5200.58	3661.54
Fixation L	1	4	10365856263	10366050400	194137	783.95	442.43	23	19	-1	13.25	13.25
Fixation R	1	4	10365856263	10366050400	194137	783.95	442.43	23	19	-1	12.58	12.58
Blink L	1	2	10366050400	10366214511	164111
Blink R	1	2	10366050400	10366214511	164111
Saccade L	1	4	10366214511	10366240534	26023	683.43	326.16	928.70	362.00	3.78	314.38	0.46	145.07	-4935.25	-26674.59	9414.24
Saccade R	1	4	10366214511	10366240534	26023	683.43	326.16	928.70	362.00	3.78	314.38	0.46	145.07	-4935.25	-26674.59	9414.24
Saccade L	1	5	10366240534	10366300503	59969	928.70	362.00	891.20	441.35	2.18	69.19	0.27	36.33	1053.80	-4935.25	900.14
Saccade R	1	5	10366240534	10366300503	59969	928.70	362.00	891.20	441.35	2.18	69.19	0.27	36.33	1053.80	-4935.25	900.14
Fixation L	1	5	10366300503	10366538619	238116	927.42	443.53	70	20	-1	13.13	13.13
Fixation R	1	5	10366300503	10366538619	238116	927.42	443.53	70	20	-1	12.50	12.50
Saccade L	1	6	10366538619	10366580624	42005	947.48	448.50	1070.51	440.06	2.67	118.86	0.38	63.61	5165.94	-4135.12	3304.33
Saccade R	1	6	10366538619	10366580624	42005	947.48	448.50	1070.51	440.06	2.67	118.86	0.38	63.61	5165.94	-4135.12	3304.33
Fixation L	1	6	10366580624	10366804760	224136	1085.16	447.52	21	24	-1	13.17	13.17
Fixation R	1	6	10366580624	10366804760	224136	1085.16	447.52	21	24	-1	12.52	12.52
Saccade L	1	7	10366804760	10366832741	27981	1090.84	432.61	1143.32	431.91	1.07	56.82	0.50	38.30	1939.90	-2295.67	1572.92
Saccade R	1	7	10366804760	10366832741	27981	1090.84	432.61	1143.32	431.91	1.07	56.82	0.50	38.30	1939.90	-2295.67	1572.92
Fixation L	1	7	10366832741	10367036737	203996	1135.78	430.06	21	25	-1	12.94	12.94
Fixation R	1	7	10366832741	10367036737	203996	1135.78	430.06	21	25	-1	12.36	12.36
Saccade L	1	8	10367036737	10367103108	66371	1130.08	434.37	748.12	428.62	8.69	220.94	0.36	130.94	9573.77	-5928.94	5135.21
Saccade R	1	8	10367036737	10367103108	66371	1130.08	434.37	748.12	428.62	8.69	220.94	0.36	130.94	9573.77	-5928.94	5135.21
Fixation L	1	8	10367103108	10367517130	414022	726.09	431.39	71	30	-1	12.86	12.86
Fixation R	1	8	10367103108	10367517130	414022	726.09	431.39	71	30	-1	12.23	12.23
Saccade L	1	9	10367517130	10367560972	43842	693.26	426.64	796.67	436.28	2.35	80.70	0.28	53.56	3374.77	-2422.79	2010.56
Saccade R	1	9	10367517130	10367560972	43842	693.26	426.64	796.67	436.28	2.35	80.70	0.28	53.56	3374.77	-2422.79	2010.56
Fixation L	1	9	10367560972	10367965213	404241	813.25	449.30	63	33	-1	13.16	13.16
Fixation R	1	9	10367560972	10367965213	404241	813.25	449.30	63	33	-1	12.47	12.47
Saccade L	1	10	10367965213	10368003620	38407	835.18	443.35	943.41	442.31	2.40	113.29	0.42	62.37	4423.56	-4130.32	3157.68
Saccade R	1	10	10367965213	10368003620	38407	835.18	443.35	943.41	442.31	2.40	113.29	0.42	62.37	4423.56	-4130.32	3157.68
Fixation L	1	10	10368003620	10368223350	219730	953.05	448.08	29	30	-1	13.19	13.19
Fixation R	1	10	10368003620	10368223350	219730	953.05	448.08	29	30	-1	12.44	12.44
Saccade L	1	11	10368223350	10368265550	42200	964.72	445.78	1073.88	455.67	2.48	108.71	0.39	58.78	4195.92	-3767.20	2865.18
Saccade R	1	11	10368223350	10368265550	42200	964.72	445.78	1073.88	455.67	2.48	108.71	0.39	58.78	4195.92	-3767.20	2865.18
Fixation L	1	11	10368265550	10368547454	281904	1082.99	439.42	27	33	-1	13.01	13.01
Fixation R	1	11	10368265550	10368547454	281904	1082.99	439.42	27	33	-1	12.28	12.28
Saccade L	1	12	10368547454	10368585455	38001	1076.07	444.80	963.51	450.97	2.57	124.09	0.47	67.75	5138.45	-4658.02	3501.47
Saccade R	1	12	10368547454	10368585455	38001	1076.07	444.80	963.51	450.97	2.57	124.09	0.47	67.75	5138.45	-4658.02	3501.47
Fixation L	1	12	10368585455	10368785567	200112	949.24	437.82	28	21	-1	13.12	13.12
Fixation R	1	12	10368585455	10368785567	200112	949.24	437.82	28	21	-1	12.31	12.31
Saccade L	1	13	10368785567	10368829572	44005	952.05	445.04	1117.75	430.96	3.65	143.67	0.45	82.97	5869.94	-5594.56	4075.61
Saccade R	1	13	10368785567	10368829572	44005	952.05	445.04	1117.75	430.96	3.65	143.67	0.45	82.97	5869.94	-5594.56	4075.61
Fixation L	1	13	10368829572	10369282762	453190	1101.14	431.55	63	33	-1	13.78	13.78
Fixation R	1	13	10368829572	10369282762	453190	1101.14	431.55	63	33	-1	13.08	13.08
Saccade L	1	14	10369282762	10369331807	49045	1085.92	432.72	807.52	423.34	6.12	200.38	0.35	124.83	8487.22	-7645.76	5623.98
Saccade R	1	14	10369282762	10369331807	49045	1085.92	432.72	807.52	423.34	6.12	200.38	0.35	124.83	8487.22	-7645.76	5623.98
Fixation L	1	14	10369331807	10369513950	182143	803.60	437.91	24	23	-1	14.21	14.21
Fixation R	1	14	10369331807	10369513950	182143	803.60	437.91	24	23	-1	13.51	13.51
Saccade L	1	15	10369513950	10369541934	27984	819.04	447.69	772.42	457.61	1.03	57.64	0.45	36.93	2290.31	-2004.03	1533.99
Saccade R	1	15	10369513950	10369541934	27984	819.04	447.69	772.42	457.61	1.03	57.64	0.45	36.93	2290.31	-2004.03	1533.99
Fixation L	1	15	10369541934	10369671930	129996	780.29	442.40	19	30	-1	14.32	14.32
Fixation R	1	15	10369541934	10369671930	129996	780.29	442.40	19	30	-1	13.54	13.54
Saccade L	1	16	10369671930	10369717933	46003	780.64	432.48	689.69	434.14	2.16	87.43	0.36	46.93	3727.52	-2502.12	2128.19
Saccade R	1	16	10369671930	10369717933	46003	780.64	432.48	689.69	434.14	2.16	87.43	0.36	46.93	3727.52	-2502.12	2128.19
Fixation L	1	16	10369717933	10369856051	138118	698.90	445.27	19	38	-1	14.40	14.40
Fixation R	1	16	10369717933	10369856051	138118	698.90	445.27	19	38	-1	13.76	13.76
Saccade L	1	17	10369856051	10369892047	35996	699.38	434.04	799.43	448.86	2.16	109.34	0.45	59.93	4550.74	-3877.66	2996.70
Saccade R	1	17	10369856051	10369892047	35996	699.38	434.04	799.43	448.86	2.16	109.34	0.45	59.93	4550.74	-3877.66	2996.70
Fixation L	1	17	10369892047	10370702400	810353	785.71	447.74	76	32	-1	14.10	14.10
Fixation R	1	17	10369892047	10370702400	810353	785.71	447.74	76	32	-1	13.43	13.43
Blink L	1	3	10370702400	10370888530	186130
Blink R	1	3	10370702400	10370888530	186130
Fixation L	1	18	10370888530	10371066665	178135	946.75	446.53	28	59	-1	13.71	13.71
Fixation R	1	18	10370888530	10371066665	178135	946.75	446.53	28	59	-1	13.21	13.21
Saccade L	1	18	10371066665	10371142650	75985	944.94	463.19	860.91	972.43	12.23	340.45	0.42	160.94	12931.50	-11961.05	7105.39
Saccade R	1	18	10371066665	10371142650	75985	944.94	463.19	860.91	972.43	12.23	340.45	0.42	160.94	12931.50	-11961.05	7105.39
Fixation L	1	19	10371142650	10371240644	97994	889.98	994.07	47	39	-1	14.18	14.18
Fixation R	1	19	10371142650	10371240644	97994	889.98	994.07	47	39	-1	13.91	13.91
Saccade L	1	19	10371240644	10371262647	22003	877.84	1011.99	879.46	974.54	0.81	54.28	0.45	36.95	1338.47	-2084.16	1146.69
Saccade R	1	19	10371240644	10371262647	22003	877.84	1011.99	879.46	974.54	0.81	54.28	0.45	36.95	1338.47	-2084.16	1146.69
Fixation L	1	20	10371262647	10371434967	172320	884.70	975.84	23	35	-1	14.26	14.26
Fixation R	1	20	10371262647	10371434967	172320	884.70	975.84	23	35	-1	13.91	13.91
Saccade L	1	20	10371434967	10371458955	23988	876.31	991.91	902.28	968.45	0.73	43.96	0.58	30.42	1554.33	-1378.83	1057.72
Saccade R	1	20	10371434967	10371458955	23988	876.31	991.91	902.28	968.45	0.73	43.96	0.58	30.42	1554.33	-1378.83	1057.72
Fixation L	1	21	10371458955	10371620888	161933	893.13	979.73	20	24	-1	14.15	14.15
Fixation R	1	21	10371458955	10371620888	161933	893.13	979.73	20	24	-1	13.78	13.78
