[BeGaze]
Converted from:	C:\Program Files\SMI\Experiment Suite 360\Experiment Center 2\Results\RC-Attachment-Exp\Denek01-eye_data.idf
Date:	24.02.2012 09:57:39
Version:	BeGaze 3.0.181
Sample Rate:	500
Subject:	Denek01
Description:	Run4

Table Header for Fixations:
Event Type	Trial	Number	Start	End	Duration	Location X	Location Y	Dispersion X	Dispersion Y	Plane	Avg. Pupil Size X	Avg. Pupil Size Y

Table Header for Saccades:
Event Type	Trial	Number	Start	End	Duration	Start Loc.X	Start Loc.Y	End Loc.X	End Loc.Y	Amplitude	Peak Speed	Peak Speed At	Average Speed	Peak Accel.	Peak Decel.	Average Accel.

Table Header for Blinks:
Event Type	Trial	Number	Start	End	Duration

Table Header for User Events:
Event Type	Trial	Number	Start	Description

UserEvent	1	1	1675683997	# Message: Questionnaire2.jpg
Fixation L	1	1	1675686257	1676019120	332863	908.52	924.69	46	39	-1	14.19	14.19
Fixation R	1	1	1675686257	1676019120	332863	908.52	924.69	46	39	-1	15.16	15.16
Saccade L	1	1	1676019120	1676106329	87209	896.94	923.91	408.84	490.37	18.38	407.83	0.34	210.78	15654.78	-13555.05	8807.69
Saccade R	1	1	1676019120	1676106329	87209	896.94	923.91	408.84	490.37	18.38	407.83	0.34	210.78	15654.78	-13555.05	8807.69
Fixation L	1	2	1676106329	1676238457	132128	399.65	486.24	20	12	-1	14.27	14.27
Fixation R	1	2	1676106329	1676238457	132128	399.65	486.24	20	12	-1	15.04	15.04
Saccade L	1	2	1676238457	1676266468	28011	399.62	490.21	378.63	429.89	1.33	80.20	0.36	47.57	3390.48	-3052.91	2234.51
Saccade R	1	2	1676238457	1676266468	28011	399.62	490.21	378.63	429.89	1.33	80.20	0.36	47.57	3390.48	-3052.91	2234.51
Fixation L	1	3	1676266468	1676400568	134100	392.90	437.27	29	25	-1	14.50	14.50
Fixation R	1	3	1676266468	1676400568	134100	392.90	437.27	29	25	-1	15.37	15.37
Saccade L	1	3	1676400568	1676434577	34009	404.64	433.98	410.85	340.24	2.08	102.62	0.51	61.28	4273.29	-3853.60	3004.67
Saccade R	1	3	1676400568	1676434577	34009	404.64	433.98	410.85	340.24	2.08	102.62	0.51	61.28	4273.29	-3853.60	3004.67
Fixation L	1	4	1676434577	1676668674	234097	409.67	348.01	23	41	-1	14.70	14.70
Fixation R	1	4	1676434577	1676668674	234097	409.67	348.01	23	41	-1	15.89	15.89
Saccade L	1	4	1676668674	1676711327	42653	406.51	361.39	650.65	339.46	5.54	277.26	0.34	129.95	12032.45	-10717.26	7808.19
Saccade R	1	4	1676668674	1676711327	42653	406.51	361.39	650.65	339.46	5.54	277.26	0.34	129.95	12032.45	-10717.26	7808.19
Fixation L	1	5	1676711327	1676942944	231617	666.48	327.99	34	26	-1	15.34	15.34
Fixation R	1	5	1676711327	1676942944	231617	666.48	327.99	34	26	-1	16.56	16.56
Saccade L	1	5	1676942944	1676984788	41844	649.63	330.84	788.15	326.04	2.99	155.83	0.33	71.51	6224.37	-5709.11	3778.48
Saccade R	1	5	1676942944	1676984788	41844	649.63	330.84	788.15	326.04	2.99	155.83	0.33	71.51	6224.37	-5709.11	3778.48
Fixation L	1	6	1676984788	1677092779	107991	803.54	318.30	35	15	-1	15.70	15.70
Fixation R	1	6	1676984788	1677092779	107991	803.54	318.30	35	15	-1	17.16	17.16
Fixation L	1	7	1677112790	1677304896	192106	926.53	334.01	45	23	-1	15.85	15.85
Fixation R	1	7	1677112790	1677304896	192106	926.53	334.01	45	23	-1	16.87	16.87
Saccade L	1	6	1677304896	1677332891	27995	936.94	340.94	829.93	337.96	2.26	156.39	0.43	80.75	6561.60	-5959.32	4480.69
Saccade R	1	6	1677304896	1677332891	27995	936.94	340.94	829.93	337.96	2.26	156.39	0.43	80.75	6561.60	-5959.32	4480.69
Fixation L	1	8	1677332891	1677563012	230121	821.92	328.93	31	34	-1	16.02	16.02
Fixation R	1	8	1677332891	1677563012	230121	821.92	328.93	31	34	-1	17.27	17.27
Fixation L	1	9	1677633021	1677811130	178109	962.22	310.93	20	53	-1	15.98	15.98
Fixation R	1	9	1677633021	1677811130	178109	962.22	310.93	20	53	-1	17.26	17.26
Saccade L	1	7	1677811130	1677847126	35996	961.31	332.90	1071.38	336.06	2.36	141.50	0.34	65.56	5711.79	-5119.69	3479.38
Saccade R	1	7	1677811130	1677847126	35996	961.31	332.90	1071.38	336.06	2.36	141.50	0.34	65.56	5711.79	-5119.69	3479.38
Fixation L	1	10	1677847126	1678151249	304123	1062.99	333.10	22	30	-1	16.00	16.00
Fixation R	1	10	1677847126	1678151249	304123	1062.99	333.10	22	30	-1	17.42	17.42
Fixation L	1	11	1678171236	1678423356	252120	1096.39	335.87	21	27	-1	16.07	16.07
Fixation R	1	11	1678171236	1678423356	252120	1096.39	335.87	21	27	-1	17.45	17.45
Saccade L	1	8	1678423356	1678485365	62009	1105.27	337.82	416.30	465.90	15.73	400.23	0.29	253.67	17931.42	-13499.13	10091.97
Saccade R	1	8	1678423356	1678485365	62009	1105.27	337.82	416.30	465.90	15.73	400.23	0.29	253.67	17931.42	-13499.13	10091.97
Fixation L	1	12	1678485365	1678985590	500225	406.81	441.76	39	60	-1	15.94	15.94
Fixation R	1	12	1678485365	1678985590	500225	406.81	441.76	39	60	-1	17.02	17.02
Saccade L	1	9	1678985590	1679031580	45990	398.71	410.41	834.59	495.47	9.80	380.14	0.39	213.13	16346.77	-15230.40	11603.69
Saccade R	1	9	1678985590	1679031580	45990	398.71	410.41	834.59	495.47	9.80	380.14	0.39	213.13	16346.77	-15230.40	11603.69
Saccade L	1	10	1679043609	1679067704	24095	827.34	492.85	864.95	480.79	0.80	48.15	0.57	33.15	1806.38	-1706.54	1262.18
Saccade R	1	10	1679043609	1679067704	24095	827.34	492.85	864.95	480.79	0.80	48.15	0.57	33.15	1806.38	-1706.54	1262.18
Fixation L	1	13	1679067704	1679181715	114011	841.14	492.03	38	23	-1	15.43	15.43
Fixation R	1	13	1679067704	1679181715	114011	841.14	492.03	38	23	-1	16.70	16.70
Fixation L	1	14	1679201696	1679451811	250115	842.00	494.34	35	35	-1	15.15	15.15
Fixation R	1	14	1679201696	1679451811	250115	842.00	494.34	35	35	-1	16.44	16.44
Saccade L	1	11	1679487825	1679555816	67991	850.99	479.26	378.13	444.23	10.61	325.53	0.53	156.09	13776.45	-11003.12	7151.72
Saccade R	1	11	1679487825	1679555816	67991	850.99	479.26	378.13	444.23	10.61	325.53	0.53	156.09	13776.45	-11003.12	7151.72
Blink L	1	1	1679559805	1679591970	32165
Blink R	1	1	1679559805	1679591970	32165
Fixation L	1	15	1679591970	1679799942	207972	400.14	441.74	23	25	-1	14.73	14.73
Fixation R	1	15	1679591970	1679799942	207972	400.14	441.74	23	25	-1	15.76	15.76
Saccade L	1	12	1679799942	1679845964	46022	404.21	454.24	480.05	357.04	2.78	95.82	0.48	60.42	3568.07	-3434.76	2584.18
Saccade R	1	12	1679799942	1679845964	46022	404.21	454.24	480.05	357.04	2.78	95.82	0.48	60.42	3568.07	-3434.76	2584.18
Fixation L	1	16	1679845964	1679950061	104097	478.78	350.17	21	40	-1	14.77	14.77
Fixation R	1	16	1679845964	1679950061	104097	478.78	350.17	21	40	-1	15.76	15.76
Saccade L	1	13	1679950061	1680024040	73979	477.59	372.85	878.08	325.35	9.27	341.33	0.22	125.28	14494.82	-10137.60	6184.09
Saccade R	1	13	1679950061	1680024040	73979	477.59	372.85	878.08	325.35	9.27	341.33	0.22	125.28	14494.82	-10137.60	6184.09
Saccade L	1	14	1680056037	1680078048	22011	848.92	332.14	896.62	327.36	0.93	62.69	0.55	42.44	1504.07	-1037.88	932.27
Saccade R	1	14	1680056037	1680078048	22011	848.92	332.14	896.62	327.36	0.93	62.69	0.55	42.44	1504.07	-1037.88	932.27
Saccade L	1	15	1680082053	1680118038	35985	897.75	326.08	835.75	324.37	1.39	65.40	0.37	38.66	1434.47	-1967.45	1192.13
Saccade R	1	15	1680082053	1680118038	35985	897.75	326.08	835.75	324.37	1.39	65.40	0.37	38.66	1434.47	-1967.45	1192.13
Saccade L	1	16	1680144285	1680198180	53895	838.72	339.46	1033.63	334.70	4.47	226.08	0.52	82.97	8496.01	-8735.11	5007.83
Saccade R	1	16	1680144285	1680198180	53895	838.72	339.46	1033.63	334.70	4.47	226.08	0.52	82.97	8496.01	-8735.11	5007.83
Fixation L	1	17	1680198180	1680378153	179973	1026.33	339.65	18	23	-1	16.12	16.12
Fixation R	1	17	1680198180	1680378153	179973	1026.33	339.65	18	23	-1	17.48	17.48
Saccade L	1	17	1680378153	1680446278	68125	1027.03	343.58	390.03	497.81	14.93	391.79	0.47	219.21	16054.18	-12519.74	9520.02
Saccade R	1	17	1680378153	1680446278	68125	1027.03	343.58	390.03	497.81	14.93	391.79	0.47	219.21	16054.18	-12519.74	9520.02
Fixation L	1	18	1680446278	1681248614	802336	410.74	510.55	65	65	-1	16.53	16.53
Fixation R	1	18	1680446278	1681248614	802336	410.74	510.55	65	65	-1	17.66	17.66
Saccade L	1	18	1681248614	1681280606	31992	430.85	527.52	399.60	457.78	1.80	84.79	0.54	56.15	3724.12	-3442.32	2697.35
Saccade R	1	18	1681248614	1681280606	31992	430.85	527.52	399.60	457.78	1.80	84.79	0.54	56.15	3724.12	-3442.32	2697.35
Fixation L	1	19	1681280606	1682148976	868370	401.89	433.77	37	53	-1	15.89	15.89
Fixation R	1	19	1681280606	1682148976	868370	401.89	433.77	37	53	-1	17.37	17.37
Saccade L	1	19	1682148976	1682175846	26870	403.31	433.02	365.39	427.59	0.83	46.66	0.45	30.88	1884.01	-1375.55	1152.05
Saccade R	1	19	1682148976	1682175846	26870	403.31	433.02	365.39	427.59	0.83	46.66	0.45	30.88	1884.01	-1375.55	1152.05
Fixation L	1	20	1682175846	1684031749	1855903	387.03	438.19	57	68	-1	16.36	16.36
Fixation R	1	20	1682175846	1684031749	1855903	387.03	438.19	57	68	-1	17.65	17.65
UserEvent	1	195	1683619606	# Message: UE-mouseclick left x=387 y=443
Saccade L	1	20	1684031749	1684055753	24004	407.30	427.73	395.54	533.63	2.24	171.82	0.50	93.42	6952.62	-6779.28	4821.71
Saccade R	1	20	1684031749	1684055753	24004	407.30	427.73	395.54	533.63	2.24	171.82	0.50	93.42	6952.62	-6779.28	4821.71
Fixation L	1	21	1684055753	1684576676	520923	432.63	523.63	68	29	-1	16.56	16.56
Fixation R	1	21	1684055753	1684576676	520923	432.63	523.63	68	29	-1	17.95	17.95
Saccade L	1	21	1684576676	1684638076	61400	445.39	515.97	399.07	486.37	3.77	120.92	0.28	61.43	4000.79	-3770.19	1954.12
Saccade R	1	21	1684576676	1684638076	61400	445.39	515.97	399.07	486.37	3.77	120.92	0.28	61.43	4000.79	-3770.19	1954.12
Fixation L	1	22	1684638076	1684782353	144277	428.93	501.63	41	28	-1	15.72	15.72
Fixation R	1	22	1684638076	1684782353	144277	428.93	501.63	41	28	-1	16.50	16.50
Blink L	1	2	1684782353	1684968215	185862
Blink R	1	2	1684782353	1684968215	185862
Fixation L	1	23	1684968215	1685246329	278114	0.00	-0.03	0	1	-1	0.90	0.90
Fixation R	1	23	1684968215	1685246329	278114	0.00	-0.03	0	1	-1	0.42	0.42
Saccade L	1	22	1685246329	1685342889	96560	0.00	0.00	434.83	429.58	54.70	1804.90	0.50	566.51	39279.32	-60146.81	20492.93
Saccade R	1	22	1685246329	1685342889	96560	0.00	0.00	434.83	429.58	54.70	1804.90	0.50	566.51	39279.32	-60146.81	20492.93
Saccade L	1	23	1685346359	1685390323	43964	445.34	437.82	425.98	520.39	1.89	60.57	0.30	42.92	1328.52	-3428.62	1194.11
Saccade R	1	23	1685346359	1685390323	43964	445.34	437.82	425.98	520.39	1.89	60.57	0.30	42.92	1328.52	-3428.62	1194.11
Fixation L	1	24	1685390323	1685741559	351236	407.76	503.88	35	40	-1	16.56	16.56
Fixation R	1	24	1685390323	1685741559	351236	407.76	503.88	35	40	-1	17.64	17.64
UserEvent	1	241	1685594596	# Message: UE-mouseclick left x=417 y=532
