[BeGaze]
Converted from:	C:\Program Files\SMI\Experiment Suite 360\Experiment Center 2\Results\RC-Attachment-Exp\Denek03-eye_data.idf
Date:	24.02.2012 09:57:58
Version:	BeGaze 3.0.181
Sample Rate:	500
Subject:	Denek03
Description:	Run6

Table Header for Fixations:
Event Type	Trial	Number	Start	End	Duration	Location X	Location Y	Dispersion X	Dispersion Y	Plane	Avg. Pupil Size X	Avg. Pupil Size Y

Table Header for Saccades:
Event Type	Trial	Number	Start	End	Duration	Start Loc.X	Start Loc.Y	End Loc.X	End Loc.Y	Amplitude	Peak Speed	Peak Speed At	Average Speed	Peak Accel.	Peak Decel.	Average Accel.

Table Header for Blinks:
Event Type	Trial	Number	Start	End	Duration

Table Header for User Events:
Event Type	Trial	Number	Start	Description

UserEvent	1	1	5050138589	# Message: RC-N2forced-anim-3.jpg
Fixation L	1	1	5050144222	5050499984	355762	513.44	467.15	34	36	-1	14.99	14.99
Fixation R	1	1	5050144222	5050499984	355762	513.44	467.15	34	36	-1	15.30	15.30
Saccade L	1	1	5050499984	5050541947	41963	513.96	491.96	580.37	450.78	2.12	124.82	0.24	50.42	4518.61	-3725.59	2104.20
Saccade R	1	1	5050499984	5050541947	41963	513.96	491.96	580.37	450.78	2.12	124.82	0.24	50.42	4518.61	-3725.59	2104.20
Fixation L	1	2	5050541947	5050636062	94115	591.71	461.21	33	19	-1	15.10	15.10
Fixation R	1	2	5050541947	5050636062	94115	591.71	461.21	33	19	-1	15.40	15.40
Saccade L	1	2	5050656060	5050686081	30021	578.80	440.42	595.21	404.70	1.09	62.54	0.33	36.23	531.66	-1993.69	908.47
Saccade R	1	2	5050656060	5050686081	30021	578.80	440.42	595.21	404.70	1.09	62.54	0.33	36.23	531.66	-1993.69	908.47
Saccade L	1	3	5050698061	5050726049	27988	596.70	405.78	574.64	444.60	0.92	47.89	0.43	33.03	1635.23	-1227.55	1059.45
Saccade R	1	3	5050698061	5050726049	27988	596.70	405.78	574.64	444.60	0.92	47.89	0.43	33.03	1635.23	-1227.55	1059.45
Fixation L	1	3	5050726049	5051050172	324123	570.25	463.90	33	37	-1	15.68	15.68
Fixation R	1	3	5050726049	5051050172	324123	570.25	463.90	33	37	-1	15.80	15.80
Saccade L	1	4	5051050172	5051084168	33996	578.52	461.21	665.76	450.28	2.04	125.44	0.37	59.90	4732.16	-4544.42	3118.14
Saccade R	1	4	5051050172	5051084168	33996	578.52	461.21	665.76	450.28	2.04	125.44	0.37	59.90	4732.16	-4544.42	3118.14
Fixation L	1	4	5051084168	5051272287	188119	669.47	448.68	20	19	-1	16.02	16.02
Fixation R	1	4	5051084168	5051272287	188119	669.47	448.68	20	19	-1	16.05	16.05
Saccade L	1	5	5051272287	5051339445	67158	675.19	455.14	778.34	449.20	2.89	119.12	0.33	43.07	4005.96	-3776.03	1748.67
Saccade R	1	5	5051272287	5051339445	67158	675.19	455.14	778.34	449.20	2.89	119.12	0.33	43.07	4005.96	-3776.03	1748.67
Fixation L	1	5	5051339445	5051612404	272959	764.88	456.90	28	31	-1	16.15	16.15
Fixation R	1	5	5051339445	5051612404	272959	764.88	456.90	28	31	-1	16.12	16.12
Saccade L	1	6	5051612404	5051636448	24044	781.63	464.11	751.37	442.82	0.73	41.66	0.54	30.45	1326.15	-1600.87	1050.45
Saccade R	1	6	5051612404	5051636448	24044	781.63	464.11	751.37	442.82	0.73	41.66	0.54	30.45	1326.15	-1600.87	1050.45
Fixation L	1	6	5051636448	5051744551	108103	766.03	450.81	30	15	-1	16.17	16.17
Fixation R	1	6	5051636448	5051744551	108103	766.03	450.81	30	15	-1	16.14	16.14
Saccade L	1	7	5051744551	5051766515	21964	766.38	452.08	825.84	445.29	1.18	96.21	0.45	53.68	3607.10	-3224.99	2202.17
Saccade R	1	7	5051744551	5051766515	21964	766.38	452.08	825.84	445.29	1.18	96.21	0.45	53.68	3607.10	-3224.99	2202.17
Fixation L	1	7	5051766515	5051884592	118077	850.30	444.74	35	22	-1	16.06	16.06
Fixation R	1	7	5051766515	5051884592	118077	850.30	444.74	35	22	-1	16.08	16.08
Saccade L	1	8	5051884592	5051918509	33917	850.17	457.86	766.96	439.00	1.86	107.83	0.35	54.89	4250.06	-3680.63	2688.93
Saccade R	1	8	5051884592	5051918509	33917	850.17	457.86	766.96	439.00	1.86	107.83	0.35	54.89	4250.06	-3680.63	2688.93
Fixation L	1	8	5051918509	5051968693	50184	770.25	446.26	17	28	-1	16.01	16.01
Fixation R	1	8	5051918509	5051968693	50184	770.25	446.26	17	28	-1	15.95	15.95
Saccade L	1	9	5051968693	5051994457	25764	784.49	463.41	772.61	427.89	0.82	43.42	0.39	31.69	756.44	-1294.78	765.52
Saccade R	1	9	5051968693	5051994457	25764	784.49	463.41	772.61	427.89	0.82	43.42	0.39	31.69	756.44	-1294.78	765.52
Fixation L	1	9	5051994457	5052076634	82177	779.80	450.45	28	47	-1	15.97	15.97
Fixation R	1	9	5051994457	5052076634	82177	779.80	450.45	28	47	-1	15.93	15.93
Saccade L	1	10	5052076634	5052104700	28066	797.71	474.20	739.70	442.15	1.40	90.81	0.36	49.97	2993.99	-3305.14	2178.62
Saccade R	1	10	5052076634	5052104700	28066	797.71	474.20	739.70	442.15	1.40	90.81	0.36	49.97	2993.99	-3305.14	2178.62
Fixation L	1	10	5052104700	5052236749	132049	728.53	446.64	23	18	-1	15.85	15.85
Fixation R	1	10	5052104700	5052236749	132049	728.53	446.64	23	18	-1	15.77	15.77
Saccade L	1	11	5052236749	5052288746	51997	724.21	445.75	852.10	436.34	3.51	179.76	0.27	67.47	7280.06	-6581.25	3602.44
Saccade R	1	11	5052236749	5052288746	51997	724.21	445.75	852.10	436.34	3.51	179.76	0.27	67.47	7280.06	-6581.25	3602.44
Fixation L	1	11	5052288746	5052728857	440111	842.47	446.72	32	47	-1	15.65	15.65
Fixation R	1	11	5052288746	5052728857	440111	842.47	446.72	32	47	-1	15.73	15.73
Saccade L	1	12	5052728857	5052754996	26139	834.16	436.31	907.86	446.59	1.61	113.74	0.53	61.60	3721.60	-4305.37	2856.98
Saccade R	1	12	5052728857	5052754996	26139	834.16	436.31	907.86	446.59	1.61	113.74	0.53	61.60	3721.60	-4305.37	2856.98
Fixation L	1	12	5052754996	5053083112	328116	914.31	452.41	34	19	-1	15.34	15.34
Fixation R	1	12	5052754996	5053083112	328116	914.31	452.41	34	19	-1	15.41	15.41
Saccade L	1	13	5053083112	5053113085	29973	923.09	459.29	990.16	472.34	1.53	93.22	0.47	51.10	3330.03	-3682.82	2545.82
Saccade R	1	13	5053083112	5053113085	29973	923.09	459.29	990.16	472.34	1.53	93.22	0.47	51.10	3330.03	-3682.82	2545.82
Fixation L	1	13	5053113085	5053501200	388115	1007.99	455.77	52	35	-1	15.31	15.31
Fixation R	1	13	5053113085	5053501200	388115	1007.99	455.77	52	35	-1	15.40	15.40
Saccade L	1	14	5053501200	5053531245	30045	1022.03	455.52	1149.64	456.40	2.69	156.26	0.53	89.51	6514.95	-6543.26	4897.85
Saccade R	1	14	5053501200	5053531245	30045	1022.03	455.52	1149.64	456.40	2.69	156.26	0.53	89.51	6514.95	-6543.26	4897.85
Fixation L	1	14	5053531245	5053611479	80234	1136.72	452.02	26	15	-1	15.46	15.46
Fixation R	1	14	5053531245	5053611479	80234	1136.72	452.02	26	15	-1	15.59	15.59
Fixation L	1	15	5053631328	5053931441	300113	1141.10	456.00	39	27	-1	15.55	15.55
Fixation R	1	15	5053631328	5053931441	300113	1141.10	456.00	39	27	-1	15.61	15.61
Saccade L	1	15	5053931441	5053957485	26044	1131.88	456.98	1193.56	450.67	1.30	89.87	0.46	49.84	3501.49	-3412.94	2421.62
Saccade R	1	15	5053931441	5053957485	26044	1131.88	456.98	1193.56	450.67	1.30	89.87	0.46	49.84	3501.49	-3412.94	2421.62
Fixation L	1	16	5053957485	5054077455	119970	1187.54	457.60	14	19	-1	15.79	15.79
Fixation R	1	16	5053957485	5054077455	119970	1187.54	457.60	14	19	-1	15.73	15.73
Saccade L	1	16	5054077455	5054133656	56201	1190.41	464.03	592.13	494.62	13.27	443.64	0.36	236.13	19526.17	-14477.33	11752.09
Saccade R	1	16	5054077455	5054133656	56201	1190.41	464.03	592.13	494.62	13.27	443.64	0.36	236.13	19526.17	-14477.33	11752.09
Fixation L	1	17	5054133656	5054323563	189907	616.13	472.97	36	47	-1	15.79	15.79
Fixation R	1	17	5054133656	5054323563	189907	616.13	472.97	36	47	-1	15.92	15.92
Saccade L	1	17	5054323563	5054347600	24037	615.50	453.51	528.04	449.52	1.90	148.29	0.50	79.08	6001.16	-4729.41	3724.78
Saccade R	1	17	5054323563	5054347600	24037	615.50	453.51	528.04	449.52	1.90	148.29	0.50	79.08	6001.16	-4729.41	3724.78
Fixation L	1	18	5054347600	5054578002	230402	552.67	428.61	43	32	-1	15.59	15.59
Fixation R	1	18	5054347600	5054578002	230402	552.67	428.61	43	32	-1	15.69	15.69
Saccade L	1	18	5054578002	5054609677	31675	548.22	433.74	652.74	437.28	2.36	137.02	0.49	74.64	6002.87	-5451.86	4219.70
Saccade R	1	18	5054578002	5054609677	31675	548.22	433.74	652.74	437.28	2.36	137.02	0.49	74.64	6002.87	-5451.86	4219.70
Fixation L	1	19	5054609677	5054831766	222089	658.89	432.10	20	14	-1	15.48	15.48
Fixation R	1	19	5054609677	5054831766	222089	658.89	432.10	20	14	-1	15.51	15.51
Saccade L	1	19	5054831766	5054859767	28001	653.90	442.20	700.14	446.95	0.94	54.05	0.29	33.62	2076.05	-1633.97	1240.90
Saccade R	1	19	5054831766	5054859767	28001	653.90	442.20	700.14	446.95	0.94	54.05	0.29	33.62	2076.05	-1633.97	1240.90
Fixation L	1	20	5054859767	5055035885	176118	713.85	440.72	17	20	-1	15.25	15.25
Fixation R	1	20	5054859767	5055035885	176118	713.85	440.72	17	20	-1	15.35	15.35
Saccade L	1	20	5055035885	5055061293	25408	716.09	439.46	666.69	448.02	1.09	67.84	0.39	43.04	2332.90	-2637.43	1698.81
Saccade R	1	20	5055035885	5055061293	25408	716.09	439.46	666.69	448.02	1.09	67.84	0.39	43.04	2332.90	-2637.43	1698.81
Fixation L	1	21	5055061293	5055252978	191685	658.94	442.22	16	41	-1	15.22	15.22
Fixation R	1	21	5055061293	5055252978	191685	658.94	442.22	16	41	-1	15.21	15.21
Saccade L	1	21	5055252978	5055286002	33024	655.46	444.24	782.62	458.79	2.71	161.97	0.45	81.91	6719.59	-6569.29	4837.77
Saccade R	1	21	5055252978	5055286002	33024	655.46	444.24	782.62	458.79	2.71	161.97	0.45	81.91	6719.59	-6569.29	4837.77
Fixation L	1	22	5055286002	5055486147	200145	778.08	459.58	30	19	-1	15.17	15.17
Fixation R	1	22	5055286002	5055486147	200145	778.08	459.58	30	19	-1	15.27	15.27
Saccade L	1	22	5055486147	5055516115	29968	767.41	455.60	842.73	462.04	1.64	99.32	0.47	54.62	4057.13	-3726.43	2822.78
Saccade R	1	22	5055486147	5055516115	29968	767.41	455.60	842.73	462.04	1.64	99.32	0.47	54.62	4057.13	-3726.43	2822.78
Fixation L	1	23	5055516115	5055694239	178124	847.59	453.36	15	21	-1	15.28	15.28
Fixation R	1	23	5055516115	5055694239	178124	847.59	453.36	15	21	-1	15.24	15.24
Saccade L	1	23	5055694239	5055736068	41829	857.86	461.15	973.87	441.06	2.98	135.38	0.43	71.33	5360.22	-5136.63	3817.51
Saccade R	1	23	5055694239	5055736068	41829	857.86	461.15	973.87	441.06	2.98	135.38	0.43	71.33	5360.22	-5136.63	3817.51
Fixation L	1	24	5055736068	5056002452	266384	970.28	448.71	21	26	-1	15.42	15.42
Fixation R	1	24	5055736068	5056002452	266384	970.28	448.71	21	26	-1	15.36	15.36
Saccade L	1	24	5056002452	5056038366	35914	962.14	446.16	1127.77	452.29	3.60	214.01	0.44	100.36	9080.07	-8492.67	6281.98
Saccade R	1	24	5056002452	5056038366	35914	962.14	446.16	1127.77	452.29	3.60	214.01	0.44	100.36	9080.07	-8492.67	6281.98
Fixation L	1	25	5056038366	5056262466	224100	1132.79	449.19	29	22	-1	15.35	15.35
Fixation R	1	25	5056038366	5056262466	224100	1132.79	449.19	29	22	-1	15.43	15.43
Saccade L	1	25	5056262466	5056356501	94035	1124.12	459.62	893.18	961.08	13.77	247.83	0.38	146.42	6501.82	-7859.64	4362.64
Saccade R	1	25	5056262466	5056356501	94035	1124.12	459.62	893.18	961.08	13.77	247.83	0.38	146.42	6501.82	-7859.64	4362.64
Fixation L	1	26	5056356501	5056482477	125976	905.34	949.84	19	33	-1	15.74	15.74
Fixation R	1	26	5056356501	5056482477	125976	905.34	949.84	19	33	-1	15.74	15.74
Fixation L	1	27	5056502702	5056664576	161874	910.31	970.15	25	32	-1	15.71	15.71
Fixation R	1	27	5056502702	5056664576	161874	910.31	970.15	25	32	-1	15.65	15.65
Saccade L	1	26	5056664576	5056694404	29828	904.39	990.20	832.52	976.92	1.68	109.23	0.40	56.47	4181.48	-3780.13	2694.21
Saccade R	1	26	5056664576	5056694404	29828	904.39	990.20	832.52	976.92	1.68	109.23	0.40	56.47	4181.48	-3780.13	2694.21
Saccade L	1	27	5056698575	5056722567	23992	827.70	975.47	836.28	943.05	0.74	44.47	0.42	30.89	896.77	-896.76	617.37
Saccade R	1	27	5056698575	5056722567	23992	827.70	975.47	836.28	943.05	0.74	44.47	0.42	30.89	896.77	-896.76	617.37
Saccade L	1	28	5056728567	5056762565	33998	832.58	940.30	824.33	991.44	1.20	48.82	0.47	35.21	1362.94	-1465.65	898.72
Saccade R	1	28	5056728567	5056762565	33998	832.58	940.30	824.33	991.44	1.20	48.82	0.47	35.21	1362.94	-1465.65	898.72
Saccade L	1	29	5056770770	5056794686	23916	827.88	993.89	843.15	932.38	1.30	88.64	0.42	54.23	2791.22	-3437.80	2248.34
Saccade R	1	29	5056770770	5056794686	23916	827.88	993.89	843.15	932.38	1.30	88.64	0.42	54.23	2791.22	-3437.80	2248.34
Saccade L	1	30	5056806689	5056830685	23996	843.97	935.49	823.96	977.94	0.91	53.44	0.53	37.94	2012.06	0.00	690.81
Saccade R	1	30	5056806689	5056830685	23996	843.97	935.49	823.96	977.94	0.91	53.44	0.53	37.94	2012.06	0.00	690.81
