[BeGaze]
Converted from:	C:\Program Files\SMI\Experiment Suite 360\Experiment Center 2\Results\RC-Attachment-Exp\P33-eye_data.idf
Date:	18.03.2012 20:29:12
Version:	BeGaze 3.0.181
Sample Rate:	500
Subject:	P33
Description:	Run38

Table Header for Fixations:
Event Type	Trial	Number	Start	End	Duration	Location X	Location Y	Dispersion X	Dispersion Y	Plane	Avg. Pupil Size X	Avg. Pupil Size Y

Table Header for Saccades:
Event Type	Trial	Number	Start	End	Duration	Start Loc.X	Start Loc.Y	End Loc.X	End Loc.Y	Amplitude	Peak Speed	Peak Speed At	Average Speed	Peak Accel.	Peak Decel.	Average Accel.

Table Header for Blinks:
Event Type	Trial	Number	Start	End	Duration

Table Header for User Events:
Event Type	Trial	Number	Start	Description

UserEvent	1	1	3417600371	# Message: RC-nonforced-nonanim-1.jpg
Fixation L	1	1	3417603631	3417758536	154905	546.63	425.39	17	11	-1	12.42	12.42
Fixation R	1	1	3417603631	3417758536	154905	546.63	425.39	17	11	-1	12.85	12.85
Saccade L	1	1	3417758536	3417798169	39633	538.33	426.70	493.41	423.16	1.42	56.89	0.70	35.87	1886.85	-2253.52	1484.83
Saccade R	1	1	3417758536	3417798169	39633	538.33	426.70	493.41	423.16	1.42	56.89	0.70	35.87	1886.85	-2253.52	1484.83
Fixation L	1	2	3417798169	3417950432	152263	510.97	435.60	39	28	-1	12.57	12.57
Fixation R	1	2	3417798169	3417950432	152263	510.97	435.60	39	28	-1	13.00	13.00
Saccade L	1	2	3417950432	3417982151	31719	532.29	448.98	588.29	439.06	1.25	63.35	0.37	39.38	2375.44	-2205.52	1656.96
Saccade R	1	2	3417950432	3417982151	31719	532.29	448.98	588.29	439.06	1.25	63.35	0.37	39.38	2375.44	-2205.52	1656.96
Fixation L	1	3	3417982151	3418396637	414486	601.04	442.10	60	32	-1	12.31	12.31
Fixation R	1	3	3417982151	3418396637	414486	601.04	442.10	60	32	-1	12.72	12.72
Saccade L	1	3	3418396637	3418432893	36256	631.57	437.46	749.14	437.31	2.55	144.25	0.32	70.43	5884.79	-5267.21	3836.77
Saccade R	1	3	3418396637	3418432893	36256	631.57	437.46	749.14	437.31	2.55	144.25	0.32	70.43	5884.79	-5267.21	3836.77
Fixation L	1	4	3418432893	3418700506	267613	755.20	444.88	31	27	-1	11.85	11.85
Fixation R	1	4	3418432893	3418700506	267613	755.20	444.88	31	27	-1	12.41	12.41
Saccade L	1	4	3418700506	3418734516	34010	757.53	432.88	804.24	458.70	1.33	81.36	0.71	39.24	2409.92	-2583.96	1460.85
Saccade R	1	4	3418700506	3418734516	34010	757.53	432.88	804.24	458.70	1.33	81.36	0.71	39.24	2409.92	-2583.96	1460.85
Fixation L	1	5	3418734516	3418922615	188099	811.37	444.50	36	37	-1	11.91	11.91
Fixation R	1	5	3418734516	3418922615	188099	811.37	444.50	36	37	-1	12.43	12.43
Saccade L	1	5	3418942616	3418984611	41995	807.79	431.32	897.43	446.01	1.98	96.72	0.29	47.12	2297.67	-2535.24	1619.48
Saccade R	1	5	3418942616	3418984611	41995	807.79	431.32	897.43	446.01	1.98	96.72	0.29	47.12	2297.67	-2535.24	1619.48
Fixation L	1	6	3418984611	3419216731	232120	914.36	444.10	35	12	-1	11.87	11.87
Fixation R	1	6	3418984611	3419216731	232120	914.36	444.10	35	12	-1	12.37	12.37
Saccade L	1	6	3419216731	3419264776	48045	914.11	451.52	1011.25	428.42	2.31	99.92	0.30	48.14	3661.29	-3068.94	2092.93
Saccade R	1	6	3419216731	3419264776	48045	914.11	451.52	1011.25	428.42	2.31	99.92	0.30	48.14	3661.29	-3068.94	2092.93
Fixation L	1	7	3419264776	3419542847	278071	1018.17	438.82	26	31	-1	11.94	11.94
Fixation R	1	7	3419264776	3419542847	278071	1018.17	438.82	26	31	-1	12.45	12.45
Saccade L	1	7	3419542847	3419582846	39999	1027.26	428.44	1125.41	417.77	2.18	88.26	0.65	54.39	3281.26	-3330.61	2490.02
Saccade R	1	7	3419542847	3419582846	39999	1027.26	428.44	1125.41	417.77	2.18	88.26	0.65	54.39	3281.26	-3330.61	2490.02
Fixation L	1	8	3419582846	3419813311	230465	1126.80	446.97	26	55	-1	12.07	12.07
Fixation R	1	8	3419582846	3419813311	230465	1126.80	446.97	26	55	-1	12.54	12.54
Saccade L	1	8	3419813311	3419900619	87308	1129.45	438.57	890.74	967.67	13.78	257.66	0.25	157.89	10981.89	-8178.75	4939.20
Saccade R	1	8	3419813311	3419900619	87308	1129.45	438.57	890.74	967.67	13.78	257.66	0.25	157.89	10981.89	-8178.75	4939.20
Fixation L	1	9	3419900619	3420409192	508573	891.56	963.48	50	25	-1	12.59	12.59
Fixation R	1	9	3419900619	3420409192	508573	891.56	963.48	50	25	-1	13.23	13.23
