[BeGaze]
Converted from:	C:\Program Files\SMI\Experiment Suite 360\Experiment Center 2\Results\RC-Attachment-Exp\P26-eye_data.idf
Date:	18.03.2012 20:21:17
Version:	BeGaze 3.0.181
Sample Rate:	500
Subject:	P26
Description:	Run31

Table Header for Fixations:
Event Type	Trial	Number	Start	End	Duration	Location X	Location Y	Dispersion X	Dispersion Y	Plane	Avg. Pupil Size X	Avg. Pupil Size Y

Table Header for Saccades:
Event Type	Trial	Number	Start	End	Duration	Start Loc.X	Start Loc.Y	End Loc.X	End Loc.Y	Amplitude	Peak Speed	Peak Speed At	Average Speed	Peak Accel.	Peak Decel.	Average Accel.

Table Header for Blinks:
Event Type	Trial	Number	Start	End	Duration

Table Header for User Events:
Event Type	Trial	Number	Start	Description

UserEvent	1	1	12688980449	# Message: Questionnaire10.jpg
Fixation L	1	1	12688983426	12689359857	376431	919.16	929.93	25	38	-1	12.19	12.19
Fixation R	1	1	12688983426	12689359857	376431	919.16	929.93	25	38	-1	12.03	12.03
Saccade L	1	1	12689359857	12689427003	67146	915.27	910.48	538.42	474.36	14.96	597.73	0.38	222.81	25543.67	-18834.25	13007.71
Saccade R	1	1	12689359857	12689427003	67146	915.27	910.48	538.42	474.36	14.96	597.73	0.38	222.81	25543.67	-18834.25	13007.71
Fixation L	1	2	12689427003	12689520964	93961	538.05	470.43	14	12	-1	11.30	11.30
Fixation R	1	2	12689427003	12689520964	93961	538.05	470.43	14	12	-1	11.06	11.06
Saccade L	1	2	12689520964	12689549137	28173	540.79	470.24	474.60	360.78	2.83	202.27	0.57	100.54	8262.23	-7695.51	5736.79
Saccade R	1	2	12689520964	12689549137	28173	540.79	470.24	474.60	360.78	2.83	202.27	0.57	100.54	8262.23	-7695.51	5736.79
Fixation L	1	3	12689549137	12689841212	292075	492.22	399.41	35	56	-1	11.07	11.07
Fixation R	1	3	12689549137	12689841212	292075	492.22	399.41	35	56	-1	10.80	10.80
Saccade L	1	3	12689841212	12689885222	44010	495.15	397.31	587.71	407.30	2.21	112.06	0.27	50.32	4413.21	-3549.07	2351.59
Saccade R	1	3	12689841212	12689885222	44010	495.15	397.31	587.71	407.30	2.21	112.06	0.27	50.32	4413.21	-3549.07	2351.59
Fixation L	1	4	12689885222	12690075423	190201	599.31	390.68	17	39	-1	10.90	10.90
Fixation R	1	4	12689885222	12690075423	190201	599.31	390.68	17	39	-1	10.74	10.74
Fixation L	1	5	12690095345	12690247323	151978	561.64	379.54	17	31	-1	10.82	10.82
Fixation R	1	5	12690095345	12690247323	151978	561.64	379.54	17	31	-1	10.70	10.70
Saccade L	1	4	12690247323	12690283313	35990	555.00	388.66	667.37	392.97	2.41	120.95	0.44	67.01	4940.38	-4690.22	3508.90
Saccade R	1	4	12690247323	12690283313	35990	555.00	388.66	667.37	392.97	2.41	120.95	0.44	67.01	4940.38	-4690.22	3508.90
Fixation L	1	6	12690283313	12690507433	224120	673.85	378.76	14	46	-1	10.97	10.97
Fixation R	1	6	12690283313	12690507433	224120	673.85	378.76	14	46	-1	10.74	10.74
Saccade L	1	5	12690507433	12690536847	29414	673.17	355.62	742.65	357.67	1.70	99.88	0.42	57.80	3548.49	-3705.48	2648.33
Saccade R	1	5	12690507433	12690536847	29414	673.17	355.62	742.65	357.67	1.70	99.88	0.42	57.80	3548.49	-3705.48	2648.33
Fixation L	1	7	12690536847	12690665751	128904	753.42	365.20	15	14	-1	11.20	11.20
Fixation R	1	7	12690536847	12690665751	128904	753.42	365.20	15	14	-1	10.74	10.74
Saccade L	1	6	12690665751	12690721551	55800	757.55	371.55	456.05	379.94	7.43	366.57	0.54	133.07	15152.38	-14438.19	8722.03
Saccade R	1	6	12690665751	12690721551	55800	757.55	371.55	456.05	379.94	7.43	366.57	0.54	133.07	15152.38	-14438.19	8722.03
Fixation L	1	8	12690721551	12691109676	388125	455.51	378.90	48	37	-1	11.28	11.28
Fixation R	1	8	12690721551	12691109676	388125	455.51	378.90	48	37	-1	10.97	10.97
Saccade L	1	7	12691109676	12691139946	30270	433.29	386.05	443.20	475.95	2.20	143.51	0.66	72.66	5701.82	-5484.87	3803.09
Saccade R	1	7	12691109676	12691139946	30270	433.29	386.05	443.20	475.95	2.20	143.51	0.66	72.66	5701.82	-5484.87	3803.09
Fixation L	1	9	12691139946	12691595926	455980	445.14	473.07	25	27	-1	11.34	11.34
Fixation R	1	9	12691139946	12691595926	455980	445.14	473.07	25	27	-1	11.19	11.19
UserEvent	1	72	12691798256	# Message: UE-mouseclick left x=402 y=442
Fixation L	1	10	12691846186	12691974353	128167	588.74	382.85	24	26	-1	11.55	11.55
Fixation R	1	10	12691846186	12691974353	128167	588.74	382.85	24	26	-1	11.41	11.41
Saccade L	1	8	12691974353	12692014462	40109	582.75	362.42	598.61	406.21	1.37	48.50	0.40	34.18	1388.99	-1664.35	1163.76
Saccade R	1	8	12691974353	12692014462	40109	582.75	362.42	598.61	406.21	1.37	48.50	0.40	34.18	1388.99	-1664.35	1163.76
Fixation L	1	11	12692014462	12692128160	113698	595.98	405.22	20	33	-1	11.95	11.95
Fixation R	1	11	12692014462	12692128160	113698	595.98	405.22	20	33	-1	11.62	11.62
Saccade L	1	9	12692128160	12692162273	34113	581.52	388.25	411.45	561.13	5.23	310.02	0.53	153.30	12598.26	-12289.18	9012.20
Saccade R	1	9	12692128160	12692162273	34113	581.52	388.25	411.45	561.13	5.23	310.02	0.53	153.30	12598.26	-12289.18	9012.20
Fixation L	1	12	12692172121	12692532676	360555	432.69	558.83	24	52	-1	11.98	11.98
Fixation R	1	12	12692172121	12692532676	360555	432.69	558.83	24	52	-1	11.50	11.50
UserEvent	1	88	12692382338	# Message: UE-mouseclick left x=389 y=514
