[BeGaze]
Converted from:	C:\Program Files\SMI\Experiment Suite 360\Experiment Center 2\Results\RC-Attachment-Exp\P01-eye_data.idf
Date:	18.03.2012 20:02:48
Version:	BeGaze 3.0.181
Sample Rate:	500
Subject:	P01
Description:	Run1

Table Header for Fixations:
Event Type	Trial	Number	Start	End	Duration	Location X	Location Y	Dispersion X	Dispersion Y	Plane	Avg. Pupil Size X	Avg. Pupil Size Y

Table Header for Saccades:
Event Type	Trial	Number	Start	End	Duration	Start Loc.X	Start Loc.Y	End Loc.X	End Loc.Y	Amplitude	Peak Speed	Peak Speed At	Average Speed	Peak Accel.	Peak Decel.	Average Accel.

Table Header for Blinks:
Event Type	Trial	Number	Start	End	Duration

Table Header for User Events:
Event Type	Trial	Number	Start	Description

UserEvent	1	1	1757612555	# Message: Validation.jpg
Saccade L	1	1	1757643339	1757675335	31996	265.76	761.68	259.58	757.51	1.83	92.36	0.25	57.28	3240.07	-812.52	1284.07
Saccade R	1	1	1757643339	1757675335	31996	265.76	761.68	259.58	757.51	1.83	92.36	0.25	57.28	3240.07	-812.52	1284.07
Fixation L	1	1	1757742389	1757969450	227061	191.69	782.19	28	32	-1	13.63	13.63
Fixation R	1	1	1757742389	1757969450	227061	191.69	782.19	28	32	-1	13.64	13.64
Saccade L	1	2	1757969450	1758028925	59475	191.29	795.90	239.11	779.72	1.94	48.71	0.34	32.53	1922.14	-1772.76	1237.10
Saccade R	1	2	1757969450	1758028925	59475	191.29	795.90	239.11	779.72	1.94	48.71	0.34	32.53	1922.14	-1772.76	1237.10
Fixation L	1	2	1758083578	1758150003	66425	226.75	763.13	23	26	-1	13.07	13.07
Fixation R	1	2	1758083578	1758150003	66425	226.75	763.13	23	26	-1	13.15	13.15
Saccade L	1	3	1758150003	1758171587	21584	240.84	746.91	293.30	768.11	1.20	102.29	0.44	55.61	3564.30	1283.73	2282.80
Saccade R	1	3	1758150003	1758171587	21584	240.84	746.91	293.30	768.11	1.20	102.29	0.44	55.61	3564.30	1283.73	2282.80
Saccade L	1	4	1758171587	1758207605	36018	293.30	768.11	177.52	762.30	2.34	155.43	0.34	64.95	2231.66	-4864.70	2015.12
Saccade R	1	4	1758171587	1758207605	36018	293.30	768.11	177.52	762.30	2.34	155.43	0.34	64.95	2231.66	-4864.70	2015.12
Saccade L	1	5	1758207605	1758302543	94938	177.52	762.30	346.44	508.53	7.74	249.42	0.34	81.57	9835.05	-9493.77	4018.38
Saccade R	1	5	1758207605	1758302543	94938	177.52	762.30	346.44	508.53	7.74	249.42	0.34	81.57	9835.05	-9493.77	4018.38
Saccade L	1	6	1758349702	1758407692	57990	351.30	496.10	423.39	493.82	1.80	51.44	0.31	30.99	1347.06	-1366.36	889.97
Saccade R	1	6	1758349702	1758407692	57990	351.30	496.10	423.39	493.82	1.80	51.44	0.31	30.99	1347.06	-1366.36	889.97
Saccade L	1	7	1758579818	1758641051	61233	388.20	227.20	386.59	123.64	2.53	93.81	0.27	41.36	3517.71	-2959.33	1570.25
Saccade R	1	7	1758579818	1758641051	61233	388.20	227.20	386.59	123.64	2.53	93.81	0.27	41.36	3517.71	-2959.33	1570.25
Saccade L	1	8	1758670528	1758715807	45279	388.25	103.82	379.02	158.07	1.27	62.07	0.67	27.97	1616.78	-1907.22	1074.70
Saccade R	1	8	1758670528	1758715807	45279	388.25	103.82	379.02	158.07	1.27	62.07	0.67	27.97	1616.78	-1907.22	1074.70
Fixation L	1	3	1758715807	1758786052	70245	375.33	136.25	30	52	-1	13.05	13.05
Fixation R	1	3	1758715807	1758786052	70245	375.33	136.25	30	52	-1	13.24	13.24
Saccade L	1	9	1758786052	1758817929	31877	357.31	127.95	348.00	90.40	0.82	43.48	0.44	25.64	1326.38	-1657.91	1102.54
Saccade R	1	9	1758786052	1758817929	31877	357.31	127.95	348.00	90.40	0.82	43.48	0.44	25.64	1326.38	-1657.91	1102.54
Fixation L	1	4	1758817929	1758969923	151994	342.96	88.39	21	53	-1	13.45	13.45
Fixation R	1	4	1758817929	1758969923	151994	342.96	88.39	21	53	-1	13.39	13.39
Fixation L	1	5	1758989642	1759238220	248578	343.23	75.73	15	56	-1	13.67	13.67
Fixation R	1	5	1758989642	1759238220	248578	343.23	75.73	15	56	-1	13.43	13.43
Saccade L	1	10	1759238220	1759276032	37812	337.73	62.41	334.68	114.05	1.13	50.33	0.74	29.80	1319.83	-1012.17	739.10
Saccade R	1	10	1759238220	1759276032	37812	337.73	62.41	334.68	114.05	1.13	50.33	0.74	29.80	1319.83	-1012.17	739.10
Saccade L	1	11	1759314035	1759336177	22142	337.14	103.17	436.05	293.38	4.35	413.98	0.45	196.26	13244.40	-15461.53	9076.43
Saccade R	1	11	1759314035	1759336177	22142	337.14	103.17	436.05	293.38	4.35	413.98	0.45	196.26	13244.40	-15461.53	9076.43
Fixation L	1	6	1759336177	1759398158	61981	439.93	292.19	6	80	-1	13.18	13.18
Fixation R	1	6	1759336177	1759398158	61981	439.93	292.19	6	80	-1	13.37	13.37
Saccade L	1	12	1759398158	1759422151	23993	441.02	293.51	333.77	95.42	4.20	358.90	0.50	175.21	12759.68	-3247.55	6238.03
Saccade R	1	12	1759398158	1759422151	23993	441.02	293.51	333.77	95.42	4.20	358.90	0.50	175.21	12759.68	-3247.55	6238.03
Saccade L	1	13	1759483310	1759510150	26840	435.71	299.00	329.05	100.38	2.91	287.91	0.63	108.42	11491.56	441.25	7136.21
Saccade R	1	13	1759483310	1759510150	26840	435.71	299.00	329.05	100.38	2.91	287.91	0.63	108.42	11491.56	441.25	7136.21
Saccade L	1	14	1759510150	1759570148	59998	329.05	100.38	452.30	309.24	12.84	455.64	0.80	214.00	4550.23	-16797.63	4815.10
Saccade R	1	14	1759510150	1759570148	59998	329.05	100.38	452.30	309.24	12.84	455.64	0.80	214.00	4550.23	-16797.63	4815.10
Saccade L	1	15	1759576400	1759694278	117878	454.98	309.22	743.98	515.63	21.15	579.09	0.64	179.42	16894.94	-17558.31	7529.14
Saccade R	1	15	1759576400	1759694278	117878	454.98	309.22	743.98	515.63	21.15	579.09	0.64	179.42	16894.94	-17558.31	7529.14
Fixation L	1	7	1759694278	1759808269	113991	791.11	548.50	80	55	-1	13.81	13.81
Fixation R	1	7	1759694278	1759808269	113991	791.11	548.50	80	55	-1	13.86	13.86
Saccade L	1	16	1759808269	1759886257	77988	824.60	570.21	1002.81	690.36	5.14	233.76	0.33	65.89	9680.80	-9503.22	4199.64
Saccade R	1	16	1759808269	1759886257	77988	824.60	570.21	1002.81	690.36	5.14	233.76	0.33	65.89	9680.80	-9503.22	4199.64
Saccade L	1	17	1759903016	1759948414	45398	1007.33	689.32	1023.39	699.65	10.45	404.43	0.60	230.21	19325.85	-19273.35	13824.39
Saccade R	1	17	1759903016	1759948414	45398	1007.33	689.32	1023.39	699.65	10.45	404.43	0.60	230.21	19325.85	-19273.35	13824.39
Saccade L	1	18	1759960440	1760022398	61958	1023.82	700.68	1212.45	851.74	5.64	283.88	0.39	91.01	12037.63	-11879.11	6332.95
Saccade R	1	18	1759960440	1760022398	61958	1023.82	700.68	1212.45	851.74	5.64	283.88	0.39	91.01	12037.63	-11879.11	6332.95
Fixation L	1	8	1760022398	1760142638	120240	1220.04	856.03	12	13	-1	13.62	13.62
Fixation R	1	8	1760022398	1760142638	120240	1220.04	856.03	12	13	-1	13.91	13.91
Saccade L	1	19	1760142638	1760182521	39883	1226.05	863.90	1190.55	823.22	1.20	59.56	0.56	30.02	2018.31	-514.85	1128.06
Saccade R	1	19	1760142638	1760182521	39883	1226.05	863.90	1190.55	823.22	1.20	59.56	0.56	30.02	2018.31	-514.85	1128.06
Saccade L	1	20	1760182521	1760210503	27982	1190.55	823.22	1236.06	860.49	1.43	99.85	0.50	51.15	2218.58	-3917.33	2097.52
Saccade R	1	20	1760182521	1760210503	27982	1190.55	823.22	1236.06	860.49	1.43	99.85	0.50	51.15	2218.58	-3917.33	2097.52
Fixation L	1	9	1760210503	1760444618	234115	1226.02	844.75	41	25	-1	13.51	13.51
Fixation R	1	9	1760210503	1760444618	234115	1226.02	844.75	41	25	-1	13.67	13.67
Blink L	1	1	1760444618	1760476619	32001
Blink R	1	1	1760444618	1760476619	32001
Blink L	1	2	1760510619	1760534634	24015
Blink R	1	2	1760510619	1760534634	24015
Blink L	1	3	1760564616	1760596612	31996
Blink R	1	3	1760564616	1760596612	31996
Saccade L	1	21	1760652606	1760674730	22124	0.00	0.00	1207.09	853.27	30.65	2849.02	0.45	1385.38	54323.44	-108163.55	55668.64
Saccade R	1	21	1760652606	1760674730	22124	0.00	0.00	1207.09	853.27	30.65	2849.02	0.45	1385.38	54323.44	-108163.55	55668.64
Fixation L	1	10	1760674730	1760808729	133999	1219.12	845.22	22	16	-1	13.01	13.01
Fixation R	1	10	1760674730	1760808729	133999	1219.12	845.22	22	16	-1	13.12	13.12
Saccade L	1	22	1760808729	1760837185	28456	1222.94	839.91	1268.42	863.06	1.19	67.63	0.51	41.66	62337.35	1106.04	20454.33
Saccade R	1	22	1760808729	1760837185	28456	1222.94	839.91	1268.42	863.06	1.19	67.63	0.51	41.66	62337.35	1106.04	20454.33
Saccade L	1	23	1760837185	1760876734	39549	1268.42	863.06	1224.44	856.49	32.35	1497.80	0.29	817.96	55606.00	-62475.32	45733.70
Saccade R	1	23	1760837185	1760876734	39549	1268.42	863.06	1224.44	856.49	32.35	1497.80	0.29	817.96	55606.00	-62475.32	45733.70
Blink L	1	4	1760912724	1760950803	38079
Blink R	1	4	1760912724	1760950803	38079
Saccade L	1	24	1760997064	1761032853	35789	1226.85	842.82	1168.68	788.18	1.70	93.81	0.40	47.39	3568.05	-3450.61	2219.38
Saccade R	1	24	1760997064	1761032853	35789	1226.85	842.82	1168.68	788.18	1.70	93.81	0.40	47.39	3568.05	-3450.61	2219.38
Saccade L	1	25	1761032853	1761105072	72219	1168.68	788.18	1152.25	646.66	4.60	160.82	0.56	63.66	4858.37	-5998.53	2823.82
Saccade R	1	25	1761032853	1761105072	72219	1168.68	788.18	1152.25	646.66	4.60	160.82	0.56	63.66	4858.37	-5998.53	2823.82
Fixation L	1	11	1761105072	1761188836	83764	1151.99	619.94	30	42	-1	12.72	12.72
Fixation R	1	11	1761105072	1761188836	83764	1151.99	619.94	30	42	-1	12.95	12.95
Blink L	1	5	1761188836	1761299017	110181
Blink R	1	5	1761188836	1761299017	110181
Fixation L	1	12	1761299017	1761392341	93324	1197.63	343.09	9	20	-1	12.81	12.81
Fixation R	1	12	1761299017	1761392341	93324	1197.63	343.09	9	20	-1	13.00	13.00
Saccade L	1	26	1761392341	1761446953	54612	1200.34	331.41	1202.09	216.94	3.22	170.47	0.42	58.95	6997.18	-6105.25	3710.20
Saccade R	1	26	1761392341	1761446953	54612	1200.34	331.41	1202.09	216.94	3.22	170.47	0.42	58.95	6997.18	-6105.25	3710.20
Saccade L	1	27	1761550375	1761581679	31304	1209.74	367.44	1197.18	411.67	1.29	64.20	0.35	41.34	6563.56	-606.45	1404.05
Saccade R	1	27	1761550375	1761581679	31304	1209.74	367.44	1197.18	411.67	1.29	64.20	0.35	41.34	6563.56	-606.45	1404.05
Saccade L	1	28	1761581679	1761619076	37397	1197.18	411.67	1204.51	231.57	4.60	370.20	0.47	123.13	12122.78	-13211.70	8412.95
Saccade R	1	28	1761581679	1761619076	37397	1197.18	411.67	1204.51	231.57	4.60	370.20	0.47	123.13	12122.78	-13211.70	8412.95
Fixation L	1	13	1761619076	1761765194	146118	1208.78	216.13	13	54	-1	13.09	13.09
Fixation R	1	13	1761619076	1761765194	146118	1208.78	216.13	13	54	-1	13.27	13.27
Saccade L	1	29	1761801201	1761825188	23987	1210.81	174.37	1212.24	227.69	0.60	44.45	0.50	24.82	885.58	-1469.64	765.92
Saccade R	1	29	1761801201	1761825188	23987	1210.81	174.37	1212.24	227.69	0.60	44.45	0.50	24.82	885.58	-1469.64	765.92
Saccade L	1	30	1761871201	1761911191	39990	1214.80	218.65	1226.56	310.79	2.45	144.51	0.55	61.25	5173.15	-5207.90	3774.04
Saccade R	1	30	1761871201	1761911191	39990	1214.80	218.65	1226.56	310.79	2.45	144.51	0.55	61.25	5173.15	-5207.90	3774.04
Fixation L	1	14	1761911191	1762005189	93998	1223.29	311.69	14	8	-1	13.22	13.22
Fixation R	1	14	1761911191	1762005189	93998	1223.29	311.69	14	8	-1	13.49	13.49
Saccade L	1	31	1762005189	1762033186	27997	1212.57	317.84	1258.34	331.65	1.07	68.65	0.43	38.14	2491.58	-1898.64	1607.77
Saccade R	1	31	1762005189	1762033186	27997	1212.57	317.84	1258.34	331.65	1.07	68.65	0.43	38.14	2491.58	-1898.64	1607.77
Saccade L	1	32	1762037328	1762101299	63971	1259.34	334.21	1214.85	264.64	2.08	95.01	0.37	32.57	2898.05	-3249.35	1400.33
Saccade R	1	32	1762037328	1762101299	63971	1259.34	334.21	1214.85	264.64	2.08	95.01	0.37	32.57	2898.05	-3249.35	1400.33
Saccade L	1	33	1762108913	1762145309	36396	1212.47	264.34	1248.83	288.96	0.86	44.41	0.40	23.62	1529.12	-1427.47	1042.35
Saccade R	1	33	1762108913	1762145309	36396	1212.47	264.34	1248.83	288.96	0.86	44.41	0.40	23.62	1529.12	-1427.47	1042.35
Saccade L	1	34	1762183494	1762227300	43806	1249.04	292.98	1203.84	206.41	2.20	131.12	0.63	50.30	4637.57	-4947.24	2970.10
Saccade R	1	34	1762183494	1762227300	43806	1249.04	292.98	1203.84	206.41	2.20	131.12	0.63	50.30	4637.57	-4947.24	2970.10
Fixation L	1	15	1762227300	1762443424	216124	1204.51	200.34	19	25	-1	12.90	12.90
Fixation R	1	15	1762227300	1762443424	216124	1204.51	200.34	19	25	-1	12.98	12.98
Saccade L	1	35	1762443424	1762639909	196485	1200.71	193.99	713.13	616.40	17.96	414.77	0.24	91.43	11709.43	-9539.51	3140.31
Saccade R	1	35	1762443424	1762639909	196485	1200.71	193.99	713.13	616.40	17.96	414.77	0.24	91.43	11709.43	-9539.51	3140.31
Fixation L	1	16	1762639909	1762741537	101628	684.80	628.89	54	24	-1	13.44	13.44
Fixation R	1	16	1762639909	1762741537	101628	684.80	628.89	54	24	-1	13.47	13.47
Saccade L	1	36	1762741537	1762783533	41996	658.77	642.01	541.83	697.57	8.62	402.22	0.40	205.36	16910.41	-15818.61	12291.25
Saccade R	1	36	1762741537	1762783533	41996	658.77	642.01	541.83	697.57	8.62	402.22	0.40	205.36	16910.41	-15818.61	12291.25
Saccade L	1	37	1762791953	1762869771	77818	534.90	697.17	529.58	714.20	17.83	856.56	0.57	229.19	28366.48	-33334.84	14411.33
Saccade R	1	37	1762791953	1762869771	77818	534.90	697.17	529.58	714.20	17.83	856.56	0.57	229.19	28366.48	-33334.84	14411.33
Fixation L	1	17	1762869771	1762925656	55885	525.36	714.75	93	6	-1	13.41	13.41
Fixation R	1	17	1762869771	1762925656	55885	525.36	714.75	93	6	-1	13.32	13.32
Saccade L	1	38	1762925656	1763006984	81328	521.98	713.62	430.51	790.40	3.71	142.91	0.54	45.58	4075.30	-5163.81	2257.95
Saccade R	1	38	1762925656	1763006984	81328	521.98	713.62	430.51	790.40	3.71	142.91	0.54	45.58	4075.30	-5163.81	2257.95
Saccade L	1	39	1763013799	1763070047	56248	444.37	795.64	441.15	834.07	2.19	93.78	0.28	39.02	2775.52	-1999.22	1161.24
Saccade R	1	39	1763013799	1763070047	56248	444.37	795.64	441.15	834.07	2.19	93.78	0.28	39.02	2775.52	-1999.22	1161.24
Saccade L	1	40	1763153763	1763213906	60143	477.86	840.13	491.32	722.62	3.98	132.94	0.62	66.17	3067.71	-2184.60	1553.11
Saccade R	1	40	1763153763	1763213906	60143	477.86	840.13	491.32	722.62	3.98	132.94	0.62	66.17	3067.71	-2184.60	1553.11
Saccade L	1	41	1763231768	1763253792	22024	378.11	767.63	394.59	775.68	1.42	120.37	0.73	64.44	1284.44	-1842.95	836.98
Saccade R	1	41	1763231768	1763253792	22024	378.11	767.63	394.59	775.68	1.42	120.37	0.73	64.44	1284.44	-1842.95	836.98
Saccade L	1	42	1763301814	1763405928	104114	410.16	770.79	487.84	710.24	4.69	163.75	0.62	45.00	3986.65	-4707.97	1520.91
Saccade R	1	42	1763301814	1763405928	104114	410.16	770.79	487.84	710.24	4.69	163.75	0.62	45.00	3986.65	-4707.97	1520.91
