[BeGaze]
Converted from:	C:\Program Files\SMI\Experiment Suite 360\Experiment Center 2\Results\RC-Attachment-Exp\P19-eye_data.idf
Date:	18.03.2012 20:14:47
Version:	BeGaze 3.0.181
Sample Rate:	500
Subject:	P19
Description:	Run24

Table Header for Fixations:
Event Type	Trial	Number	Start	End	Duration	Location X	Location Y	Dispersion X	Dispersion Y	Plane	Avg. Pupil Size X	Avg. Pupil Size Y

Table Header for Saccades:
Event Type	Trial	Number	Start	End	Duration	Start Loc.X	Start Loc.Y	End Loc.X	End Loc.Y	Amplitude	Peak Speed	Peak Speed At	Average Speed	Peak Accel.	Peak Decel.	Average Accel.

Table Header for Blinks:
Event Type	Trial	Number	Start	End	Duration

Table Header for User Events:
Event Type	Trial	Number	Start	Description

UserEvent	1	1	18237974547	# Message: Questionnaire13.jpg
Fixation L	1	1	18237976473	18238363861	387388	906.59	942.75	52	38	-1	14.38	14.38
Fixation R	1	1	18237976473	18238363861	387388	906.59	942.75	52	38	-1	14.14	14.14
Saccade L	1	1	18238413999	18238481934	67935	894.09	935.72	488.87	354.20	16.41	419.98	0.24	241.57	18772.95	-11249.21	9219.90
Saccade R	1	1	18238413999	18238481934	67935	894.09	935.72	488.87	354.20	16.41	419.98	0.24	241.57	18772.95	-11249.21	9219.90
Fixation L	1	2	18238481934	18238566011	84077	474.93	364.08	27	23	-1	14.39	14.39
Fixation R	1	2	18238481934	18238566011	84077	474.93	364.08	27	23	-1	13.94	13.94
Saccade L	1	2	18238566011	18238588041	22030	474.77	379.28	432.72	339.45	1.05	82.83	0.45	47.79	2505.23	-2343.66	1628.35
Saccade R	1	2	18238566011	18238588041	22030	474.77	379.28	432.72	339.45	1.05	82.83	0.45	47.79	2505.23	-2343.66	1628.35
Fixation L	1	3	18238588041	18238760209	172168	440.23	354.41	24	28	-1	14.18	14.18
Fixation R	1	3	18238588041	18238760209	172168	440.23	354.41	24	28	-1	13.77	13.77
Saccade L	1	3	18238760209	18238786132	25923	449.69	365.17	542.92	349.29	2.30	180.39	0.54	88.64	6907.56	-6987.07	4837.22
Saccade R	1	3	18238760209	18238786132	25923	449.69	365.17	542.92	349.29	2.30	180.39	0.54	88.64	6907.56	-6987.07	4837.22
Fixation L	1	4	18238786132	18238936101	149969	551.68	360.92	18	22	-1	13.71	13.71
Fixation R	1	4	18238786132	18238936101	149969	551.68	360.92	18	22	-1	13.69	13.69
Saccade L	1	4	18238936101	18238966273	30172	551.80	366.83	691.29	365.56	3.02	189.21	0.40	100.08	8025.77	-6220.06	4444.63
Saccade R	1	4	18238936101	18238966273	30172	551.80	366.83	691.29	365.56	3.02	189.21	0.40	100.08	8025.77	-6220.06	4444.63
Fixation L	1	5	18239000231	18239172215	171984	704.08	377.58	28	34	-1	14.39	14.39
Fixation R	1	5	18239000231	18239172215	171984	704.08	377.58	28	34	-1	14.34	14.34
Saccade L	1	5	18239172215	18239196213	23998	717.23	382.92	622.22	396.28	1.74	129.71	0.58	72.43	4763.39	-4535.31	3173.33
Saccade R	1	5	18239172215	18239196213	23998	717.23	382.92	622.22	396.28	1.74	129.71	0.58	72.43	4763.39	-4535.31	3173.33
Fixation L	1	6	18239208224	18239320330	112106	637.15	389.65	17	23	-1	15.04	15.04
Fixation R	1	6	18239208224	18239320330	112106	637.15	389.65	17	23	-1	14.83	14.83
Saccade L	1	6	18239320330	18239354381	34051	637.20	390.70	404.60	480.95	5.39	332.60	0.47	158.21	14089.37	-7613.42	7736.49
Saccade R	1	6	18239320330	18239354381	34051	637.20	390.70	404.60	480.95	5.39	332.60	0.47	158.21	14089.37	-7613.42	7736.49
Saccade L	1	7	18239354381	18239384333	29952	404.60	480.95	399.41	477.53	5.05	202.86	0.43	168.69	5233.73	-9439.15	5237.23
Saccade R	1	7	18239354381	18239384333	29952	404.60	480.95	399.41	477.53	5.05	202.86	0.43	168.69	5233.73	-9439.15	5237.23
Saccade L	1	8	18239416332	18239446329	29997	404.26	479.35	398.79	478.41	1.50	86.12	0.40	49.86	3080.17	-1807.81	1583.47
Saccade R	1	8	18239416332	18239446329	29997	404.26	479.35	398.79	478.41	1.50	86.12	0.40	49.86	3080.17	-1807.81	1583.47
Saccade L	1	9	18239596252	18239656471	60219	406.59	486.74	333.15	634.64	4.60	195.84	0.28	76.42	7411.16	-5238.52	3149.76
Saccade R	1	9	18239596252	18239656471	60219	406.59	486.74	333.15	634.64	4.60	195.84	0.28	76.42	7411.16	-5238.52	3149.76
Saccade L	1	10	18239656471	18239679428	22957	333.15	634.64	386.10	650.10	1.18	92.30	0.35	51.61	1275.26	-2911.18	1371.75
Saccade R	1	10	18239656471	18239679428	22957	333.15	634.64	386.10	650.10	1.18	92.30	0.35	51.61	1275.26	-2911.18	1371.75
Saccade L	1	11	18239844590	18239868600	24010	369.91	609.53	352.54	434.93	3.04	264.62	0.50	126.50	6610.20	-8808.55	5237.79
Saccade R	1	11	18239844590	18239868600	24010	369.91	609.53	352.54	434.93	3.04	264.62	0.50	126.50	6610.20	-8808.55	5237.79
Fixation L	1	7	18239868600	18240184720	316120	378.87	443.48	47	31	-1	15.35	15.35
Fixation R	1	7	18239868600	18240184720	316120	378.87	443.48	47	31	-1	15.13	15.13
Fixation L	1	8	18240204716	18240781089	576373	368.67	450.91	41	32	-1	15.24	15.24
Fixation R	1	8	18240204716	18240781089	576373	368.67	450.91	41	32	-1	14.88	14.88
UserEvent	1	64	18240455681	# Message: UE-mouseclick left x=401 y=436
Saccade L	1	12	18240781089	18240810925	29836	349.10	453.12	447.30	534.28	2.96	183.54	0.50	99.28	7283.89	-7235.71	5328.14
Saccade R	1	12	18240781089	18240810925	29836	349.10	453.12	447.30	534.28	2.96	183.54	0.50	99.28	7283.89	-7235.71	5328.14
Fixation L	1	9	18240810925	18240875063	64138	464.14	541.76	25	13	-1	15.40	15.40
Fixation R	1	9	18240810925	18240875063	64138	464.14	541.76	25	13	-1	14.94	14.94
Saccade L	1	13	18240875063	18240897071	22008	463.24	539.75	437.08	527.74	0.63	40.09	0.45	28.65	1245.31	-1357.00	900.62
Saccade R	1	13	18240875063	18240897071	22008	463.24	539.75	437.08	527.74	0.63	40.09	0.45	28.65	1245.31	-1357.00	900.62
Fixation L	1	10	18240897071	18241208263	311192	446.81	535.46	31	33	-1	15.53	15.53
Fixation R	1	10	18240897071	18241208263	311192	446.81	535.46	31	33	-1	15.01	15.01
UserEvent	1	82	18241119354	# Message: UE-mouseclick left x=455 y=533
