[BeGaze]
Converted from:	C:\Program Files\SMI\Experiment Suite 360\Experiment Center 2\Results\RC-Attachment-Exp\P10-eye_data.idf
Date:	18.03.2012 20:08:14
Version:	BeGaze 3.0.181
Sample Rate:	500
Subject:	P10
Description:	Run15

Table Header for Fixations:
Event Type	Trial	Number	Start	End	Duration	Location X	Location Y	Dispersion X	Dispersion Y	Plane	Avg. Pupil Size X	Avg. Pupil Size Y

Table Header for Saccades:
Event Type	Trial	Number	Start	End	Duration	Start Loc.X	Start Loc.Y	End Loc.X	End Loc.Y	Amplitude	Peak Speed	Peak Speed At	Average Speed	Peak Accel.	Peak Decel.	Average Accel.

Table Header for Blinks:
Event Type	Trial	Number	Start	End	Duration

Table Header for User Events:
Event Type	Trial	Number	Start	Description

UserEvent	1	1	8310054850	# Message: RC-N2forced-anim-2.jpg
Fixation L	1	1	8310087656	8310179524	91868	510.61	434.86	17	26	-1	10.29	10.29
Fixation R	1	1	8310087656	8310179524	91868	510.61	434.86	17	26	-1	10.05	10.05
Saccade L	1	1	8310179524	8310221476	41952	515.22	434.86	496.81	446.85	3.67	182.17	0.36	87.54	6489.55	-5485.56	4088.17
Saccade R	1	1	8310179524	8310221476	41952	515.22	434.86	496.81	446.85	3.67	182.17	0.36	87.54	6489.55	-5485.56	4088.17
Fixation L	1	2	8310221476	8310303472	81996	504.58	433.70	16	54	-1	10.27	10.27
Fixation R	1	2	8310221476	8310303472	81996	504.58	433.70	16	54	-1	10.10	10.10
Saccade L	1	2	8310315468	8310361607	46139	501.90	397.62	527.28	532.56	4.00	160.76	0.52	86.76	5887.68	-2920.55	2606.48
Saccade R	1	2	8310315468	8310361607	46139	501.90	397.62	527.28	532.56	4.00	160.76	0.52	86.76	5887.68	-2920.55	2606.48
Saccade L	1	3	8310361607	8310385660	24053	527.28	532.56	576.26	446.62	1.99	178.58	0.34	82.71	2076.74	-6668.82	3708.72
Saccade R	1	3	8310361607	8310385660	24053	527.28	532.56	576.26	446.62	1.99	178.58	0.34	82.71	2076.74	-6668.82	3708.72
Saccade L	1	4	8310425614	8310451597	25983	588.50	446.37	531.61	379.03	1.85	136.22	0.39	71.34	4889.09	-2363.69	2236.33
Saccade R	1	4	8310425614	8310451597	25983	588.50	446.37	531.61	379.03	1.85	136.22	0.39	71.34	4889.09	-2363.69	2236.33
Saccade L	1	5	8310451597	8310483613	32016	531.61	379.03	573.27	444.40	1.77	118.96	0.25	55.32	1204.73	-4158.30	1812.39
Saccade R	1	5	8310451597	8310483613	32016	531.61	379.03	573.27	444.40	1.77	118.96	0.25	55.32	1204.73	-4158.30	1812.39
Saccade L	1	6	8310483613	8310527591	43978	573.27	444.40	677.56	435.86	2.66	142.75	0.50	60.45	5670.94	-5924.51	3771.39
Saccade R	1	6	8310483613	8310527591	43978	573.27	444.40	677.56	435.86	2.66	142.75	0.50	60.45	5670.94	-5924.51	3771.39
Fixation L	1	3	8310527591	8310673777	146186	680.73	433.39	16	22	-1	10.33	10.33
Fixation R	1	3	8310527591	8310673777	146186	680.73	433.39	16	22	-1	10.31	10.31
Saccade L	1	7	8310673777	8310719723	45946	687.71	423.02	765.65	437.06	2.66	128.18	0.35	57.79	5335.40	-4400.11	3100.69
Saccade R	1	7	8310673777	8310719723	45946	687.71	423.02	765.65	437.06	2.66	128.18	0.35	57.79	5335.40	-4400.11	3100.69
Fixation L	1	4	8310731713	8310997507	265794	764.33	441.65	27	29	-1	10.48	10.48
Fixation R	1	4	8310731713	8310997507	265794	764.33	441.65	27	29	-1	10.48	10.48
Saccade L	1	8	8310997507	8311031834	34327	766.66	432.30	836.33	449.46	1.52	107.27	0.30	44.37	4266.34	-3782.55	2368.88
Saccade R	1	8	8310997507	8311031834	34327	766.66	432.30	836.33	449.46	1.52	107.27	0.30	44.37	4266.34	-3782.55	2368.88
Fixation L	1	5	8311031834	8311193946	162112	850.60	449.62	22	45	-1	10.74	10.74
Fixation R	1	5	8311031834	8311193946	162112	850.60	449.62	22	45	-1	10.71	10.71
Saccade L	1	9	8311193946	8311241944	47998	845.36	476.09	848.32	412.57	1.42	57.32	0.63	29.58	1683.74	-2217.85	1244.85
Saccade R	1	9	8311193946	8311241944	47998	845.36	476.09	848.32	412.57	1.42	57.32	0.63	29.58	1683.74	-2217.85	1244.85
Saccade L	1	10	8311247961	8311295961	48000	850.18	415.58	928.39	423.16	1.94	101.74	0.67	40.50	3582.43	-4213.83	2228.55
Saccade R	1	10	8311247961	8311295961	48000	850.18	415.58	928.39	423.16	1.94	101.74	0.67	40.50	3582.43	-4213.83	2228.55
Fixation L	1	6	8311295961	8311484068	188107	931.31	430.56	22	33	-1	10.68	10.68
Fixation R	1	6	8311295961	8311484068	188107	931.31	430.56	22	33	-1	10.71	10.71
Saccade L	1	11	8311484068	8311536065	51997	922.51	428.14	1088.40	437.81	3.88	185.90	0.38	74.68	7777.02	-7122.88	4726.66
Saccade R	1	11	8311484068	8311536065	51997	922.51	428.14	1088.40	437.81	3.88	185.90	0.38	74.68	7777.02	-7122.88	4726.66
Fixation L	1	7	8311536065	8311776191	240126	1073.44	446.38	32	28	-1	10.79	10.79
Fixation R	1	7	8311536065	8311776191	240126	1073.44	446.38	32	28	-1	10.74	10.74
Saccade L	1	12	8311776191	8311818181	41990	1066.05	455.67	1134.91	461.19	1.61	82.44	0.33	38.31	3109.79	-2704.54	1894.11
Saccade R	1	12	8311776191	8311818181	41990	1066.05	455.67	1134.91	461.19	1.61	82.44	0.33	38.31	3109.79	-2704.54	1894.11
Fixation L	1	8	8311818181	8312088303	270122	1135.77	442.68	20	40	-1	11.06	11.06
Fixation R	1	8	8311818181	8312088303	270122	1135.77	442.68	20	40	-1	11.02	11.02
Saccade L	1	13	8312088303	8312192479	104176	1141.52	421.12	909.75	1003.73	16.42	424.61	0.35	157.63	16213.02	-14544.90	7474.61
Saccade R	1	13	8312088303	8312192479	104176	1141.52	421.12	909.75	1003.73	16.42	424.61	0.35	157.63	16213.02	-14544.90	7474.61
Saccade L	1	14	8312248796	8312298428	49632	899.90	1000.85	866.51	859.03	4.02	267.12	0.57	80.94	9017.90	-8197.74	4359.36
Saccade R	1	14	8312248796	8312298428	49632	899.90	1000.85	866.51	859.03	4.02	267.12	0.57	80.94	9017.90	-8197.74	4359.36
Saccade L	1	15	8312298428	8312336967	38539	866.51	859.03	902.21	963.02	2.13	187.16	0.25	55.27	4225.81	-6174.23	2754.24
Saccade R	1	15	8312298428	8312336967	38539	866.51	859.03	902.21	963.02	2.13	187.16	0.25	55.27	4225.81	-6174.23	2754.24
Fixation L	1	9	8312336967	8312648241	311274	909.43	947.86	69	38	-1	11.26	11.26
Fixation R	1	9	8312336967	8312648241	311274	909.43	947.86	69	38	-1	11.13	11.13
