[BeGaze]
Converted from:	C:\Program Files\SMI\Experiment Suite 360\Experiment Center 2\Results\RC-Attachment-Exp\P26-eye_data.idf
Date:	18.03.2012 20:21:44
Version:	BeGaze 3.0.181
Sample Rate:	500
Subject:	P26
Description:	Run31

Table Header for Fixations:
Event Type	Trial	Number	Start	End	Duration	Location X	Location Y	Dispersion X	Dispersion Y	Plane	Avg. Pupil Size X	Avg. Pupil Size Y

Table Header for Saccades:
Event Type	Trial	Number	Start	End	Duration	Start Loc.X	Start Loc.Y	End Loc.X	End Loc.Y	Amplitude	Peak Speed	Peak Speed At	Average Speed	Peak Accel.	Peak Decel.	Average Accel.

Table Header for Blinks:
Event Type	Trial	Number	Start	End	Duration

Table Header for User Events:
Event Type	Trial	Number	Start	Description

UserEvent	1	1	12987783472	# Message: RC-N1forced-nonanim-5.jpg
Fixation L	1	1	12987800129	12988372169	572040	561.94	462.44	34	35	-1	10.95	10.95
Fixation R	1	1	12987800129	12988372169	572040	561.94	462.44	34	35	-1	10.62	10.62
Saccade L	1	1	12988372169	12988410276	38107	560.78	476.38	635.78	478.75	1.75	101.52	0.47	45.83	4080.29	-4083.13	2902.55
Saccade R	1	1	12988372169	12988410276	38107	560.78	476.38	635.78	478.75	1.75	101.52	0.47	45.83	4080.29	-4083.13	2902.55
Fixation L	1	2	12988410276	12988945280	535004	651.18	471.92	60	33	-1	11.24	11.24
Fixation R	1	2	12988410276	12988945280	535004	651.18	471.92	60	33	-1	10.98	10.98
Saccade L	1	2	12988945280	12988974453	29173	651.90	476.02	604.39	453.52	1.06	66.63	0.38	36.28	2850.95	-2493.49	1925.74
Saccade R	1	2	12988945280	12988974453	29173	651.90	476.02	604.39	453.52	1.06	66.63	0.38	36.28	2850.95	-2493.49	1925.74
Fixation L	1	3	12988974453	12989152825	178372	606.86	458.80	13	19	-1	11.09	11.09
Fixation R	1	3	12988974453	12989152825	178372	606.86	458.80	13	19	-1	10.75	10.75
Saccade L	1	3	12989152825	12989192442	39617	611.03	456.66	655.42	472.11	1.02	48.14	0.29	25.77	1947.67	-1567.22	1161.63
Saccade R	1	3	12989152825	12989192442	39617	611.03	456.66	655.42	472.11	1.02	48.14	0.29	25.77	1947.67	-1567.22	1161.63
Fixation L	1	4	12989192442	12989550686	358244	653.15	476.53	42	21	-1	11.42	11.42
Fixation R	1	4	12989192442	12989550686	358244	653.15	476.53	42	21	-1	10.94	10.94
Saccade L	1	4	12989550686	12989574686	24000	657.84	472.00	730.40	473.38	1.56	125.92	0.50	64.90	4719.93	-4978.64	3384.34
Saccade R	1	4	12989550686	12989574686	24000	657.84	472.00	730.40	473.38	1.56	125.92	0.50	64.90	4719.93	-4978.64	3384.34
Fixation L	1	5	12989574686	12989986804	412118	720.24	465.33	30	17	-1	11.49	11.49
Fixation R	1	5	12989574686	12989986804	412118	720.24	465.33	30	17	-1	11.04	11.04
Saccade L	1	5	12989986804	12990016819	30015	702.20	457.95	774.94	458.79	1.54	109.41	0.40	51.45	4242.69	-4269.70	3035.93
Saccade R	1	5	12989986804	12990016819	30015	702.20	457.95	774.94	458.79	1.54	109.41	0.40	51.45	4242.69	-4269.70	3035.93
Fixation L	1	6	12990016819	12990288916	272097	781.63	467.16	19	25	-1	11.38	11.38
Fixation R	1	6	12990016819	12990288916	272097	781.63	467.16	19	25	-1	10.93	10.93
Saccade L	1	6	12990288916	12990327030	38114	781.78	483.53	854.55	444.15	1.89	84.50	0.33	49.59	3543.60	-3175.11	2445.63
Saccade R	1	6	12990288916	12990327030	38114	781.78	483.53	854.55	444.15	1.89	84.50	0.33	49.59	3543.60	-3175.11	2445.63
Fixation L	1	7	12990327030	12990639149	312119	850.47	468.41	25	37	-1	11.44	11.44
Fixation R	1	7	12990327030	12990639149	312119	850.47	468.41	25	37	-1	10.83	10.83
Saccade L	1	7	12990639149	12990670534	31385	840.21	460.48	907.11	457.63	1.52	93.47	0.51	48.35	3666.64	-3651.35	2703.34
Saccade R	1	7	12990639149	12990670534	31385	840.21	460.48	907.11	457.63	1.52	93.47	0.51	48.35	3666.64	-3651.35	2703.34
Fixation L	1	8	12990670534	12990721139	50605	907.41	463.76	10	13	-1	11.25	11.25
Fixation R	1	8	12990670534	12990721139	50605	907.41	463.76	10	13	-1	10.75	10.75
Saccade L	1	8	12990721139	12990745270	24131	898.88	462.92	964.83	465.57	1.36	106.47	0.50	56.31	4004.90	-3928.45	2766.77
Saccade R	1	8	12990721139	12990745270	24131	898.88	462.92	964.83	465.57	1.36	106.47	0.50	56.31	4004.90	-3928.45	2766.77
Fixation L	1	9	12990745270	12991148391	403121	934.21	452.30	58	30	-1	11.06	11.06
Fixation R	1	9	12990745270	12991148391	403121	934.21	452.30	58	30	-1	10.64	10.64
Saccade L	1	9	12991148391	12991183380	34989	906.64	444.79	959.78	444.44	1.15	78.09	0.31	32.97	2580.47	-2707.58	1647.66
Saccade R	1	9	12991148391	12991183380	34989	906.64	444.79	959.78	444.44	1.15	78.09	0.31	32.97	2580.47	-2707.58	1647.66
Fixation L	1	10	12991183380	12991347379	163999	972.78	439.25	22	22	-1	11.09	11.09
Fixation R	1	10	12991183380	12991347379	163999	972.78	439.25	22	22	-1	10.69	10.69
Saccade L	1	10	12991347379	12991381364	33985	969.21	441.86	1019.36	418.47	1.18	65.67	0.41	34.80	2543.46	-2498.81	1790.87
Saccade R	1	10	12991347379	12991381364	33985	969.21	441.86	1019.36	418.47	1.18	65.67	0.41	34.80	2543.46	-2498.81	1790.87
Fixation L	1	11	12991381364	12991551494	170130	1013.60	430.45	26	31	-1	10.93	10.93
Fixation R	1	11	12991381364	12991551494	170130	1013.60	430.45	26	31	-1	10.31	10.31
Saccade L	1	11	12991551494	12991599747	48253	1016.94	410.51	1092.28	421.79	1.83	87.66	0.55	37.86	2989.88	-3506.38	1991.43
Saccade R	1	11	12991551494	12991599747	48253	1016.94	410.51	1092.28	421.79	1.83	87.66	0.55	37.86	2989.88	-3506.38	1991.43
Fixation L	1	12	12991599747	12991749605	149858	1095.19	412.47	31	19	-1	10.74	10.74
Fixation R	1	12	12991599747	12991749605	149858	1095.19	412.47	31	19	-1	9.91	9.91
Saccade L	1	12	12991749605	12991872873	123268	1107.89	419.54	827.82	963.62	15.46	428.59	0.38	125.39	18160.60	-10897.01	5664.08
Saccade R	1	12	12991749605	12991872873	123268	1107.89	419.54	827.82	963.62	15.46	428.59	0.38	125.39	18160.60	-10897.01	5664.08
Fixation L	1	13	12991872873	12991971746	98873	812.35	951.33	27	25	-1	11.23	11.23
Fixation R	1	13	12991872873	12991971746	98873	812.35	951.33	27	25	-1	10.84	10.84
Saccade L	1	13	12991971746	12992033731	61985	811.11	943.36	916.59	931.32	2.66	128.24	0.61	42.98	4698.19	-5029.18	2420.42
Saccade R	1	13	12991971746	12992033731	61985	811.11	943.36	916.59	931.32	2.66	128.24	0.61	42.98	4698.19	-5029.18	2420.42
Fixation L	1	14	12992033731	12992331841	298110	915.51	932.69	19	34	-1	11.64	11.64
Fixation R	1	14	12992033731	12992331841	298110	915.51	932.69	19	34	-1	10.96	10.96
