[BeGaze]
Converted from:	C:\Program Files\SMI\Experiment Suite 360\Experiment Center 2\Results\RC-Attachment-Exp\P16-eye_data.idf
Date:	18.03.2012 20:12:19
Version:	BeGaze 3.0.181
Sample Rate:	500
Subject:	P16
Description:	Run21

Table Header for Fixations:
Event Type	Trial	Number	Start	End	Duration	Location X	Location Y	Dispersion X	Dispersion Y	Plane	Avg. Pupil Size X	Avg. Pupil Size Y

Table Header for Saccades:
Event Type	Trial	Number	Start	End	Duration	Start Loc.X	Start Loc.Y	End Loc.X	End Loc.Y	Amplitude	Peak Speed	Peak Speed At	Average Speed	Peak Accel.	Peak Decel.	Average Accel.

Table Header for Blinks:
Event Type	Trial	Number	Start	End	Duration

Table Header for User Events:
Event Type	Trial	Number	Start	Description

UserEvent	1	1	1668406713	# Message: RC-nonforced-nonanim-3.jpg
Fixation L	1	1	1668407543	1668695650	288107	496.48	454.96	17	19	-1	10.75	10.75
Fixation R	1	1	1668407543	1668695650	288107	496.48	454.96	17	19	-1	10.73	10.73
Saccade L	1	1	1668695650	1668723620	27970	497.18	454.93	540.32	464.45	0.91	52.89	0.43	32.38	2045.88	-2011.53	1477.75
Saccade R	1	1	1668695650	1668723620	27970	497.18	454.93	540.32	464.45	0.91	52.89	0.43	32.38	2045.88	-2011.53	1477.75
Fixation L	1	2	1668723620	1668902122	178502	540.18	441.51	18	37	-1	10.48	10.48
Fixation R	1	2	1668723620	1668902122	178502	540.18	441.51	18	37	-1	10.55	10.55
Saccade L	1	2	1668902122	1668935611	33489	544.46	439.79	616.14	448.68	1.59	91.55	0.52	47.60	3644.51	-3722.18	2686.97
Saccade R	1	2	1668902122	1668935611	33489	544.46	439.79	616.14	448.68	1.59	91.55	0.52	47.60	3644.51	-3722.18	2686.97
Fixation L	1	3	1668935611	1669119726	184115	618.06	440.20	19	15	-1	10.32	10.32
Fixation R	1	3	1668935611	1669119726	184115	618.06	440.20	19	15	-1	10.45	10.45
Saccade L	1	3	1669119726	1669161748	42022	619.21	442.24	717.53	463.55	2.29	149.44	0.67	54.44	5725.54	-6026.30	3384.11
Saccade R	1	3	1669119726	1669161748	42022	619.21	442.24	717.53	463.55	2.29	149.44	0.67	54.44	5725.54	-6026.30	3384.11
Fixation L	1	4	1669161748	1669363857	202109	722.98	451.76	10	24	-1	10.25	10.25
Fixation R	1	4	1669161748	1669363857	202109	722.98	451.76	10	24	-1	10.49	10.49
Saccade L	1	4	1669363857	1669401842	37985	719.99	452.54	806.55	449.39	1.93	109.81	0.32	50.69	4621.07	-4373.47	3009.47
Saccade R	1	4	1669363857	1669401842	37985	719.99	452.54	806.55	449.39	1.93	109.81	0.32	50.69	4621.07	-4373.47	3009.47
Fixation L	1	5	1669401842	1669563961	162119	805.70	447.39	10	24	-1	10.24	10.24
Fixation R	1	5	1669401842	1669563961	162119	805.70	447.39	10	24	-1	10.61	10.61
Saccade L	1	5	1669563961	1669601959	37998	801.24	436.38	887.20	434.93	1.94	112.07	0.37	51.02	4649.59	-4397.94	3170.45
Saccade R	1	5	1669563961	1669601959	37998	801.24	436.38	887.20	434.93	1.94	112.07	0.37	51.02	4649.59	-4397.94	3170.45
Fixation L	1	6	1669601959	1669865238	263279	890.74	436.49	16	23	-1	10.12	10.12
Fixation R	1	6	1669601959	1669865238	263279	890.74	436.49	16	23	-1	10.55	10.55
Saccade L	1	6	1669865238	1669936068	70830	893.06	447.05	979.04	448.14	9.90	362.22	0.27	139.72	15514.76	-12940.42	6956.79
Saccade R	1	6	1669865238	1669936068	70830	893.06	447.05	979.04	448.14	9.90	362.22	0.27	139.72	15514.76	-12940.42	6956.79
Fixation L	1	7	1669936068	1670066456	130388	978.76	439.32	10	28	-1	9.71	9.71
Fixation R	1	7	1669936068	1670066456	130388	978.76	439.32	10	28	-1	10.19	10.19
Saccade L	1	7	1670066456	1670116212	49756	980.39	443.30	1029.45	425.73	1.54	72.38	0.28	30.93	2595.58	-2244.32	1430.60
Saccade R	1	7	1670066456	1670116212	49756	980.39	443.30	1029.45	425.73	1.54	72.38	0.28	30.93	2595.58	-2244.32	1430.60
Fixation L	1	8	1670116212	1670274183	157971	1034.60	434.52	12	16	-1	9.53	9.53
Fixation R	1	8	1670116212	1670274183	157971	1034.60	434.52	12	16	-1	10.07	10.07
Saccade L	1	8	1670274183	1670320304	46121	1037.21	440.14	1108.24	436.23	1.90	99.80	0.26	41.23	4110.68	-3056.78	2007.13
Saccade R	1	8	1670274183	1670320304	46121	1037.21	440.14	1108.24	436.23	1.90	99.80	0.26	41.23	4110.68	-3056.78	2007.13
Fixation L	1	9	1670320304	1670454306	134002	1104.40	439.28	15	15	-1	9.65	9.65
Fixation R	1	9	1670320304	1670454306	134002	1104.40	439.28	15	15	-1	10.11	10.11
Saccade L	1	9	1670454306	1670502913	48607	1106.46	432.42	1141.04	456.84	10.56	404.85	0.70	217.17	18005.54	-19003.51	14239.21
Saccade R	1	9	1670454306	1670502913	48607	1106.46	432.42	1141.04	456.84	10.56	404.85	0.70	217.17	18005.54	-19003.51	14239.21
Fixation L	1	10	1670502913	1670630723	127810	1134.41	441.54	29	32	-1	9.74	9.74
Fixation R	1	10	1670502913	1670630723	127810	1134.41	441.54	29	32	-1	10.17	10.17
Saccade L	1	10	1670630723	1670702414	71691	1130.33	434.95	602.65	420.78	12.39	333.89	0.30	172.81	14880.99	-10030.25	7881.12
Saccade R	1	10	1670630723	1670702414	71691	1130.33	434.95	602.65	420.78	12.39	333.89	0.30	172.81	14880.99	-10030.25	7881.12
Fixation L	1	11	1670702414	1670888527	186113	602.08	431.14	11	27	-1	10.19	10.19
Fixation R	1	11	1670702414	1670888527	186113	602.08	431.14	11	27	-1	10.27	10.27
Saccade L	1	11	1670888527	1670956533	68006	600.85	434.71	537.95	439.30	2.52	117.32	0.21	37.02	4414.02	-3689.59	1665.56
Saccade R	1	11	1670888527	1670956533	68006	600.85	434.71	537.95	439.30	2.52	117.32	0.21	37.02	4414.02	-3689.59	1665.56
Fixation L	1	12	1670956533	1671024490	67957	534.63	430.36	9	15	-1	10.35	10.35
Fixation R	1	12	1670956533	1671024490	67957	534.63	430.36	9	15	-1	10.56	10.56
Saccade L	1	12	1671024490	1671058822	34332	533.69	424.78	529.86	430.16	6.41	236.76	0.64	186.75	11293.67	-9432.38	8403.58
Saccade R	1	12	1671024490	1671058822	34332	533.69	424.78	529.86	430.16	6.41	236.76	0.64	186.75	11293.67	-9432.38	8403.58
Blink L	1	1	1671066681	1671160642	93961
Saccade R	1	13	1671066681	1671116648	49967	538.27	427.71	0.00	0.00	27.58	2193.24	0.76	551.99	64177.09	-80611.23	29054.27
Blink R	1	1	1671134646	1671242644	107998
Saccade L	1	13	1671160642	1671242644	82002	0.00	0.00	837.96	944.09	39.76	1656.61	0.22	484.82	54264.06	-45729.35	20843.78
Saccade L	1	14	1671242644	1671278653	36009	837.96	944.09	850.48	813.68	3.12	197.79	0.45	86.69	7258.93	-7959.40	5020.87
Saccade R	1	14	1671242644	1671278653	36009	837.96	944.09	850.48	813.68	3.12	197.79	0.45	86.69	7258.93	-7959.40	5020.87
Fixation L	1	13	1671278653	1671398762	120109	834.97	845.01	36	85	-1	9.83	9.83
Fixation R	1	13	1671278653	1671398762	120109	834.97	845.01	36	85	-1	9.09	9.09
Saccade L	1	15	1671398762	1671431441	32679	814.97	888.68	879.90	855.55	1.76	131.54	0.37	53.77	4151.34	-4741.07	2883.98
Saccade R	1	15	1671398762	1671431441	32679	814.97	888.68	879.90	855.55	1.76	131.54	0.37	53.77	4151.34	-4741.07	2883.98
Fixation L	1	14	1671431441	1671966989	535548	884.28	898.17	35	74	-1	10.21	10.21
Fixation R	1	14	1671431441	1671966989	535548	884.28	898.17	35	74	-1	10.28	10.28
Saccade L	1	16	1671966989	1671997000	30011	879.98	911.73	913.40	930.28	0.80	44.61	0.47	26.65	1624.68	-1632.14	1222.15
Saccade R	1	16	1671966989	1671997000	30011	879.98	911.73	913.40	930.28	0.80	44.61	0.47	26.65	1624.68	-1632.14	1222.15
Fixation L	1	15	1671997000	1672553223	556223	914.11	923.98	25	27	-1	10.60	10.60
Fixation R	1	15	1671997000	1672553223	556223	914.11	923.98	25	27	-1	11.03	11.03
Saccade L	1	17	1672553223	1672593214	39991	920.76	928.84	871.75	932.01	1.07	50.72	0.66	26.80	1513.42	-1858.48	1186.68
Saccade R	1	17	1672553223	1672593214	39991	920.76	928.84	871.75	932.01	1.07	50.72	0.66	26.80	1513.42	-1858.48	1186.68
Fixation L	1	16	1672593214	1672895339	302125	890.39	934.78	27	26	-1	10.92	10.92
Fixation R	1	16	1672593214	1672895339	302125	890.39	934.78	27	26	-1	11.54	11.54
Saccade L	1	18	1672895339	1672927325	31986	887.37	935.43	929.68	917.12	0.99	51.60	0.37	31.08	2053.53	-2055.69	1481.87
Saccade R	1	18	1672895339	1672927325	31986	887.37	935.43	929.68	917.12	0.99	51.60	0.37	31.08	2053.53	-2055.69	1481.87
Fixation L	1	17	1672927325	1673185468	258143	913.73	934.51	45	27	-1	11.43	11.43
Fixation R	1	17	1672927325	1673185468	258143	913.73	934.51	45	27	-1	11.66	11.66
