[BeGaze]
Converted from:	C:\Program Files\SMI\Experiment Suite 360\Experiment Center 2\Results\RC-Attachment-Exp\P19-eye_data.idf
Date:	18.03.2012 20:14:20
Version:	BeGaze 3.0.181
Sample Rate:	500
Subject:	P19
Description:	Run24

Table Header for Fixations:
Event Type	Trial	Number	Start	End	Duration	Location X	Location Y	Dispersion X	Dispersion Y	Plane	Avg. Pupil Size X	Avg. Pupil Size Y

Table Header for Saccades:
Event Type	Trial	Number	Start	End	Duration	Start Loc.X	Start Loc.Y	End Loc.X	End Loc.Y	Amplitude	Peak Speed	Peak Speed At	Average Speed	Peak Accel.	Peak Decel.	Average Accel.

Table Header for Blinks:
Event Type	Trial	Number	Start	End	Duration

Table Header for User Events:
Event Type	Trial	Number	Start	Description

UserEvent	1	1	17659730903	# Message: Validation.jpg
Fixation L	1	1	17659734521	17659796514	61993	170.12	754.17	19	20	-1	13.33	13.33
Fixation R	1	1	17659734521	17659796514	61993	170.12	754.17	19	20	-1	13.55	13.55
Saccade L	1	1	17659796514	17659860648	64134	174.99	764.56	501.93	681.15	7.87	337.42	0.35	122.73	14668.43	-12847.92	7240.61
Saccade R	1	1	17659796514	17659860648	64134	174.99	764.56	501.93	681.15	7.87	337.42	0.35	122.73	14668.43	-12847.92	7240.61
Saccade L	1	2	17659898937	17659978631	79694	500.92	641.15	485.22	673.30	2.04	58.17	0.32	25.63	1803.25	-1540.80	750.00
Saccade R	1	2	17659898937	17659978631	79694	500.92	641.15	485.22	673.30	2.04	58.17	0.32	25.63	1803.25	-1540.80	750.00
Fixation L	1	2	17659978631	17660040630	61999	491.21	669.10	23	7	-1	13.87	13.87
Fixation R	1	2	17659978631	17660040630	61999	491.21	669.10	23	7	-1	14.00	14.00
Saccade L	1	3	17660040630	17660098618	57988	503.22	669.41	398.35	264.88	9.67	303.44	0.38	166.72	12800.61	-10986.87	8072.94
Saccade R	1	3	17660040630	17660098618	57988	503.22	669.41	398.35	264.88	9.67	303.44	0.38	166.72	12800.61	-10986.87	8072.94
Fixation L	1	3	17660098618	17661865445	1766827	408.96	256.97	51	65	-1	12.89	12.89
Fixation R	1	3	17660098618	17661865445	1766827	408.96	256.97	51	65	-1	12.91	12.91
Saccade L	1	4	17661865445	17661937418	71973	400.84	244.13	610.84	348.10	5.69	249.43	0.56	79.05	10428.11	-10427.23	5016.10
Saccade R	1	4	17661865445	17661937418	71973	400.84	244.13	610.84	348.10	5.69	249.43	0.56	79.05	10428.11	-10427.23	5016.10
Fixation L	1	4	17661937418	17662007413	69995	630.62	367.26	44	40	-1	13.44	13.44
Fixation R	1	4	17661937418	17662007413	69995	630.62	367.26	44	40	-1	13.67	13.67
Saccade L	1	5	17662007413	17662099562	92149	657.01	390.70	949.83	608.93	8.54	317.16	0.35	92.67	12886.93	-10316.95	4668.03
Saccade R	1	5	17662007413	17662099562	92149	657.01	390.70	949.83	608.93	8.54	317.16	0.35	92.67	12886.93	-10316.95	4668.03
Saccade L	1	6	17662107894	17662158510	50616	948.49	611.94	1007.97	573.12	1.58	54.42	0.31	31.22	2052.39	-1379.57	978.53
Saccade R	1	6	17662107894	17662158510	50616	948.49	611.94	1007.97	573.12	1.58	54.42	0.31	31.22	2052.39	-1379.57	978.53
Saccade L	1	7	17662158510	17662223575	65065	1007.97	573.12	1239.43	714.98	6.40	270.18	0.42	98.37	10948.17	-9013.30	5607.07
Saccade R	1	7	17662158510	17662223575	65065	1007.97	573.12	1239.43	714.98	6.40	270.18	0.42	98.37	10948.17	-9013.30	5607.07
Fixation L	1	5	17662223575	17662333650	110075	1241.01	710.99	45	17	-1	13.73	13.73
Fixation R	1	5	17662223575	17662333650	110075	1241.01	710.99	45	17	-1	13.90	13.90
Saccade L	1	8	17662333650	17662389744	56094	1266.71	722.61	1295.15	790.84	2.16	104.15	0.39	38.46	3891.25	-3767.20	2051.50
Saccade R	1	8	17662333650	17662389744	56094	1266.71	722.61	1295.15	790.84	2.16	104.15	0.39	38.46	3891.25	-3767.20	2051.50
Fixation L	1	6	17662389744	17663313984	924240	1298.84	784.14	50	80	-1	13.23	13.23
Fixation R	1	6	17662389744	17663313984	924240	1298.84	784.14	50	80	-1	13.19	13.19
Saccade L	1	9	17663313984	17663362140	48156	1293.38	760.66	1269.39	633.99	2.74	118.37	0.29	56.86	4385.37	-3986.73	2517.62
Saccade R	1	9	17663313984	17663362140	48156	1293.38	760.66	1269.39	633.99	2.74	118.37	0.29	56.86	4385.37	-3986.73	2517.62
Saccade L	1	10	17663362140	17663388180	26040	1269.39	633.99	1305.69	633.07	0.81	52.94	0.61	30.96	5583.74	298.89	1532.25
Saccade R	1	10	17663362140	17663388180	26040	1269.39	633.99	1305.69	633.07	0.81	52.94	0.61	30.96	5583.74	298.89	1532.25
Fixation L	1	7	17663480102	17663540099	59997	1279.94	397.19	32	27	-1	13.34	13.34
Fixation R	1	7	17663480102	17663540099	59997	1279.94	397.19	32	27	-1	13.08	13.08
Saccade L	1	11	17663540099	17663586110	46011	1257.56	382.80	1288.99	357.53	1.12	45.50	0.43	24.35	944.87	-1430.35	685.05
Saccade R	1	11	17663540099	17663586110	46011	1257.56	382.80	1288.99	357.53	1.12	45.50	0.43	24.35	944.87	-1430.35	685.05
Saccade L	1	12	17663586110	17663656220	70110	1288.99	357.53	1273.81	289.62	1.89	48.44	0.52	26.94	1561.64	-1240.14	833.64
Saccade R	1	12	17663586110	17663656220	70110	1288.99	357.53	1273.81	289.62	1.89	48.44	0.52	26.94	1561.64	-1240.14	833.64
Saccade L	1	13	17663680227	17663720221	39994	1280.97	310.08	1275.98	238.27	1.55	74.49	0.30	38.73	2388.99	-2478.07	1472.41
Saccade R	1	13	17663680227	17663720221	39994	1280.97	310.08	1275.98	238.27	1.55	74.49	0.30	38.73	2388.99	-2478.07	1472.41
Fixation L	1	8	17663720221	17664620561	900340	1276.32	239.80	46	63	-1	13.34	13.34
Fixation R	1	8	17663720221	17664620561	900340	1276.32	239.80	46	63	-1	13.32	13.32
Saccade L	1	14	17664620561	17664654556	33995	1249.44	252.36	1290.90	244.18	0.88	43.52	0.59	26.01	1708.15	-1747.87	1267.35
Saccade R	1	14	17664620561	17664654556	33995	1249.44	252.36	1290.90	244.18	0.88	43.52	0.59	26.01	1708.15	-1747.87	1267.35
Saccade L	1	15	17664692574	17664750712	58138	1276.14	236.84	1017.19	434.87	7.42	347.33	0.52	127.55	14628.65	-14090.16	8467.06
Saccade R	1	15	17664692574	17664750712	58138	1276.14	236.84	1017.19	434.87	7.42	347.33	0.52	127.55	14628.65	-14090.16	8467.06
Fixation L	1	9	17664750712	17664846691	95979	992.13	443.95	49	40	-1	14.30	14.30
Fixation R	1	9	17664750712	17664846691	95979	992.13	443.95	49	40	-1	14.06	14.06
Saccade L	1	16	17664846691	17664944707	98016	974.31	477.03	659.69	673.90	9.08	340.97	0.37	92.62	12710.75	-12823.20	4606.41
Saccade R	1	16	17664846691	17664944707	98016	974.31	477.03	659.69	673.90	9.08	340.97	0.37	92.62	12710.75	-12823.20	4606.41
Saccade L	1	17	17665012805	17665126790	113985	602.14	667.78	408.85	753.42	5.69	166.00	0.37	49.88	5981.39	-6757.06	2342.81
Saccade R	1	17	17665012805	17665126790	113985	602.14	667.78	408.85	753.42	5.69	166.00	0.37	49.88	5981.39	-6757.06	2342.81
Saccade L	1	18	17665138810	17665172787	33977	411.76	748.70	395.82	798.89	1.12	54.06	0.37	33.04	1962.36	-1972.73	1434.01
Saccade R	1	18	17665138810	17665172787	33977	411.76	748.70	395.82	798.89	1.12	54.06	0.37	33.04	1962.36	-1972.73	1434.01
Saccade L	1	19	17665204815	17665252925	48110	404.01	793.45	395.31	755.05	1.19	41.69	0.54	24.79	1254.16	-1325.87	859.09
Saccade R	1	19	17665204815	17665252925	48110	404.01	793.45	395.31	755.05	1.19	41.69	0.54	24.79	1254.16	-1325.87	859.09
Fixation L	1	10	17665252925	17665312925	60000	395.43	773.48	11	28	-1	13.55	13.55
Fixation R	1	10	17665252925	17665312925	60000	395.43	773.48	11	28	-1	13.64	13.64
Saccade L	1	20	17665312925	17665350934	38009	394.05	777.35	403.85	821.86	1.00	43.89	0.42	26.34	1666.19	-1526.76	1132.10
Saccade R	1	20	17665312925	17665350934	38009	394.05	777.35	403.85	821.86	1.00	43.89	0.42	26.34	1666.19	-1526.76	1132.10
Fixation L	1	11	17665350934	17665478926	127992	392.71	805.48	17	41	-1	13.44	13.44
Fixation R	1	11	17665350934	17665478926	127992	392.71	805.48	17	41	-1	13.62	13.62
Saccade L	1	21	17665478926	17665513031	34105	387.00	816.78	403.05	794.46	0.88	43.48	0.41	25.75	1515.46	-783.56	716.15
Saccade R	1	21	17665478926	17665513031	34105	387.00	816.78	403.05	794.46	0.88	43.48	0.41	25.75	1515.46	-783.56	716.15
Fixation L	1	12	17665513031	17665729200	216169	401.88	806.56	23	45	-1	13.32	13.32
Fixation R	1	12	17665513031	17665729200	216169	401.88	806.56	23	45	-1	13.50	13.50
