[BeGaze]
Converted from:	C:\Program Files\SMI\Experiment Suite 360\Experiment Center 2\Results\RC-Attachment-Exp\P29-eye_data.idf
Date:	18.03.2012 20:24:19
Version:	BeGaze 3.0.181
Sample Rate:	500
Subject:	P29
Description:	Run34

Table Header for Fixations:
Event Type	Trial	Number	Start	End	Duration	Location X	Location Y	Dispersion X	Dispersion Y	Plane	Avg. Pupil Size X	Avg. Pupil Size Y

Table Header for Saccades:
Event Type	Trial	Number	Start	End	Duration	Start Loc.X	Start Loc.Y	End Loc.X	End Loc.Y	Amplitude	Peak Speed	Peak Speed At	Average Speed	Peak Accel.	Peak Decel.	Average Accel.

Table Header for Blinks:
Event Type	Trial	Number	Start	End	Duration

Table Header for User Events:
Event Type	Trial	Number	Start	Description

UserEvent	1	1	3201254448	# Message: Questionnaire3.jpg
Fixation L	1	1	3201256601	3201395909	139308	918.01	908.92	24	41	-1	11.64	11.64
Fixation R	1	1	3201256601	3201395909	139308	918.01	908.92	24	41	-1	12.19	12.19
Saccade L	1	1	3201395909	3201434309	38400	926.18	908.65	890.42	936.90	1.19	43.86	0.62	30.96	999.08	-1593.34	894.24
Saccade R	1	1	3201395909	3201434309	38400	926.18	908.65	890.42	936.90	1.19	43.86	0.62	30.96	999.08	-1593.34	894.24
Saccade L	1	2	3201455892	3201527330	71438	881.50	937.35	456.87	369.39	18.05	685.03	0.22	252.62	28894.79	-19651.27	12998.41
Saccade R	1	2	3201455892	3201527330	71438	881.50	937.35	456.87	369.39	18.05	685.03	0.22	252.62	28894.79	-19651.27	12998.41
Saccade L	1	3	3201555994	3201588027	32033	460.30	367.06	490.50	394.85	0.98	41.07	0.50	30.60	799.42	-1061.14	682.31
Saccade R	1	3	3201555994	3201588027	32033	460.30	367.06	490.50	394.85	0.98	41.07	0.50	30.60	799.42	-1061.14	682.31
Fixation L	1	2	3201588027	3201672054	84027	484.82	392.03	24	25	-1	11.42	11.42
Fixation R	1	2	3201588027	3201672054	84027	484.82	392.03	24	25	-1	11.31	11.31
Saccade L	1	4	3201672054	3201696045	23991	481.07	389.36	423.22	349.09	1.60	132.54	0.50	66.85	4731.69	-5083.76	3416.28
Saccade R	1	4	3201672054	3201696045	23991	481.07	389.36	423.22	349.09	1.60	132.54	0.50	66.85	4731.69	-5083.76	3416.28
Fixation L	1	3	3201696045	3201830133	134088	424.81	350.24	30	19	-1	11.16	11.16
Fixation R	1	3	3201696045	3201830133	134088	424.81	350.24	30	19	-1	11.13	11.13
Saccade L	1	5	3201830133	3201858146	28013	423.24	354.25	591.03	353.68	3.56	259.86	0.50	127.15	10662.48	-10636.17	7751.57
Saccade R	1	5	3201830133	3201858146	28013	423.24	354.25	591.03	353.68	3.56	259.86	0.50	127.15	10662.48	-10636.17	7751.57
Fixation L	1	4	3201858146	3202058246	200100	606.58	352.70	32	19	-1	11.14	11.14
Fixation R	1	4	3201858146	3202058246	200100	606.58	352.70	32	19	-1	11.21	11.21
Saccade L	1	6	3202058246	3202082251	24005	611.43	359.42	739.04	357.80	2.68	208.99	0.60	111.60	8805.89	-7926.82	5770.25
Saccade R	1	6	3202058246	3202082251	24005	611.43	359.42	739.04	357.80	2.68	208.99	0.60	111.60	8805.89	-7926.82	5770.25
Fixation L	1	5	3202082251	3202348383	266132	746.05	356.87	34	25	-1	11.21	11.21
Fixation R	1	5	3202082251	3202348383	266132	746.05	356.87	34	25	-1	11.55	11.55
Saccade L	1	7	3202348383	3202378372	29989	748.09	357.70	844.29	347.19	2.42	189.86	0.41	80.74	6934.63	-6881.77	4650.20
Saccade R	1	7	3202348383	3202378372	29989	748.09	357.70	844.29	347.19	2.42	189.86	0.41	80.74	6934.63	-6881.77	4650.20
Fixation L	1	6	3202378372	3202548494	170122	842.20	344.71	20	13	-1	11.34	11.34
Fixation R	1	6	3202378372	3202548494	170122	842.20	344.71	20	13	-1	11.80	11.80
Saccade L	1	8	3202636494	3202662492	25998	414.51	490.27	394.74	458.97	0.83	48.27	0.62	31.97	1259.82	-1308.06	910.84
Saccade R	1	8	3202636494	3202662492	25998	414.51	490.27	394.74	458.97	0.83	48.27	0.62	31.97	1259.82	-1308.06	910.84
Saccade L	1	9	3202670502	3202700507	30005	392.72	459.00	439.53	479.19	1.03	50.18	0.53	34.23	1742.49	-2006.92	1339.98
Saccade R	1	9	3202670502	3202700507	30005	392.72	459.00	439.53	479.19	1.03	50.18	0.53	34.23	1742.49	-2006.92	1339.98
Fixation L	1	7	3202700507	3202782904	82397	416.65	467.99	53	29	-1	11.93	11.93
Fixation R	1	7	3202700507	3202782904	82397	416.65	467.99	53	29	-1	12.08	12.08
Saccade L	1	10	3202782904	3202808607	25703	389.74	456.58	424.55	473.00	0.95	52.94	0.61	36.86	1895.56	455.73	1265.20
Saccade R	1	10	3202782904	3202808607	25703	389.74	456.58	424.55	473.00	0.95	52.94	0.61	36.86	1895.56	455.73	1265.20
Fixation L	1	8	3202826609	3203251302	424693	381.92	489.92	29	39	-1	12.03	12.03
Fixation R	1	8	3202826609	3203251302	424693	381.92	489.92	29	39	-1	12.40	12.40
Saccade L	1	11	3203251302	3203273168	21866	378.06	468.72	351.86	497.77	0.78	49.40	0.43	35.60	1818.92	-1485.16	1218.48
Saccade R	1	11	3203251302	3203273168	21866	378.06	468.72	351.86	497.77	0.78	49.40	0.43	35.60	1818.92	-1485.16	1218.48
Saccade L	1	12	3203283702	3203308732	25030	349.09	499.02	321.60	470.73	0.79	42.39	0.52	31.63	1302.62	-1578.63	1030.19
Saccade R	1	12	3203283702	3203308732	25030	349.09	499.02	321.60	470.73	0.79	42.39	0.52	31.63	1302.62	-1578.63	1030.19
Fixation L	1	9	3203308732	3203438006	129274	325.45	482.79	14	18	-1	11.87	11.87
Fixation R	1	9	3203308732	3203438006	129274	325.45	482.79	14	18	-1	12.23	12.23
Saccade L	1	13	3203438006	3203464964	26958	328.85	485.58	365.29	467.76	0.84	44.99	0.48	31.21	1505.76	-1344.64	1023.67
Saccade R	1	13	3203438006	3203464964	26958	328.85	485.58	365.29	467.76	0.84	44.99	0.48	31.21	1505.76	-1344.64	1023.67
Fixation L	1	10	3203464964	3203730965	266001	355.29	492.30	42	45	-1	11.88	11.88
Fixation R	1	10	3203464964	3203730965	266001	355.29	492.30	42	45	-1	12.20	12.20
Saccade L	1	14	3203730965	3203759756	28791	362.16	513.77	435.87	357.72	3.81	247.09	0.49	132.35	10681.02	-10712.72	7759.98
Saccade R	1	14	3203730965	3203759756	28791	362.16	513.77	435.87	357.72	3.81	247.09	0.49	132.35	10681.02	-10712.72	7759.98
Fixation L	1	11	3203759756	3203887802	128046	433.85	352.32	16	15	-1	11.64	11.64
Fixation R	1	11	3203759756	3203887802	128046	433.85	352.32	16	15	-1	11.96	11.96
Saccade L	1	15	3203887802	3203913387	25585	440.97	355.15	608.23	361.87	3.37	251.86	0.53	131.59	10238.71	-10008.19	7105.13
Saccade R	1	15	3203887802	3203913387	25585	440.97	355.15	608.23	361.87	3.37	251.86	0.53	131.59	10238.71	-10008.19	7105.13
Fixation L	1	12	3203913387	3204161216	247829	600.71	364.00	38	34	-1	11.36	11.36
Fixation R	1	12	3203913387	3204161216	247829	600.71	364.00	38	34	-1	11.84	11.84
Saccade L	1	16	3204161216	3204203688	42472	598.84	348.72	404.95	480.15	6.35	328.62	0.38	149.53	13927.98	-13439.09	9642.04
Saccade R	1	16	3204161216	3204203688	42472	598.84	348.72	404.95	480.15	6.35	328.62	0.38	149.53	13927.98	-13439.09	9642.04
Fixation L	1	13	3204203688	3204447329	243641	380.38	487.37	52	30	-1	11.26	11.26
Fixation R	1	13	3204203688	3204447329	243641	380.38	487.37	52	30	-1	11.53	11.53
Saccade L	1	17	3204447329	3204484586	37257	378.65	479.64	353.58	447.83	1.20	47.07	0.39	32.28	1477.86	-1345.95	1003.46
Saccade R	1	17	3204447329	3204484586	37257	378.65	479.64	353.58	447.83	1.20	47.07	0.39	32.28	1477.86	-1345.95	1003.46
Saccade L	1	18	3204528193	3204577333	49140	351.29	430.86	325.57	468.72	1.60	41.58	0.27	32.51	1457.99	-1633.68	936.14
Saccade R	1	18	3204528193	3204577333	49140	351.29	430.86	325.57	468.72	1.60	41.58	0.27	32.51	1457.99	-1633.68	936.14
Fixation L	1	14	3204577333	3204932576	355243	340.40	449.33	41	58	-1	11.64	11.64
Fixation R	1	14	3204577333	3204932576	355243	340.40	449.33	41	58	-1	11.88	11.88
UserEvent	1	90	3204780463	# Message: UE-mouseclick left x=360 y=443
Saccade L	1	19	3204932576	3204977814	45238	330.84	417.05	372.00	443.91	1.64	54.84	0.74	36.22	1534.72	-1981.98	1302.13
Saccade R	1	19	3204932576	3204977814	45238	330.84	417.05	372.00	443.91	1.64	54.84	0.74	36.22	1534.72	-1981.98	1302.13
Saccade L	1	20	3204996571	3205057592	61021	367.78	441.95	346.93	546.09	3.54	143.97	0.74	58.04	5169.24	-5298.45	2639.88
Saccade R	1	20	3204996571	3205057592	61021	367.78	441.95	346.93	546.09	3.54	143.97	0.74	58.04	5169.24	-5298.45	2639.88
Fixation L	1	15	3205083827	3205239758	155931	381.53	547.64	51	35	-1	11.87	11.87
Fixation R	1	15	3205083827	3205239758	155931	381.53	547.64	51	35	-1	12.03	12.03
Saccade L	1	21	3205239758	3205263693	23935	350.28	549.71	377.53	528.27	0.74	41.37	0.42	30.76	1433.92	-192.03	618.04
Saccade R	1	21	3205239758	3205263693	23935	350.28	549.71	377.53	528.27	0.74	41.37	0.42	30.76	1433.92	-192.03	618.04
Fixation L	1	16	3205263693	3205499175	235482	379.65	548.49	33	39	-1	11.97	11.97
Fixation R	1	16	3205263693	3205499175	235482	379.65	548.49	33	39	-1	12.13	12.13
UserEvent	1	107	3205420696	# Message: UE-mouseclick left x=388 y=527
