[BeGaze]
Converted from:	C:\Program Files\SMI\Experiment Suite 360\Experiment Center 2\Results\RC-Attachment-Exp\P12-eye_data.idf
Date:	18.03.2012 20:09:37
Version:	BeGaze 3.0.181
Sample Rate:	500
Subject:	P12
Description:	Run17

Table Header for Fixations:
Event Type	Trial	Number	Start	End	Duration	Location X	Location Y	Dispersion X	Dispersion Y	Plane	Avg. Pupil Size X	Avg. Pupil Size Y

Table Header for Saccades:
Event Type	Trial	Number	Start	End	Duration	Start Loc.X	Start Loc.Y	End Loc.X	End Loc.Y	Amplitude	Peak Speed	Peak Speed At	Average Speed	Peak Accel.	Peak Decel.	Average Accel.

Table Header for Blinks:
Event Type	Trial	Number	Start	End	Duration

Table Header for User Events:
Event Type	Trial	Number	Start	Description

UserEvent	1	1	11569645377	# Message: RC-nonforced-nonanim-4.jpg
Fixation L	1	1	11569645697	11569923232	277535	512.16	423.97	47	37	-1	12.36	12.36
Fixation R	1	1	11569645697	11569923232	277535	512.16	423.97	47	37	-1	11.95	11.95
Saccade L	1	1	11569923232	11569977200	53968	491.82	405.18	587.17	332.77	3.66	217.36	0.26	67.86	8798.67	-7782.57	3889.98
Saccade R	1	1	11569923232	11569977200	53968	491.82	405.18	587.17	332.77	3.66	217.36	0.26	67.86	8798.67	-7782.57	3889.98
Saccade L	1	2	11569985162	11570009164	24002	580.31	332.15	633.13	331.87	1.12	88.77	0.42	46.69	2709.25	-3188.55	2055.53
Saccade R	1	2	11569985162	11570009164	24002	580.31	332.15	633.13	331.87	1.12	88.77	0.42	46.69	2709.25	-3188.55	2055.53
Fixation L	1	2	11570009164	11570305281	296117	625.00	342.57	29	18	-1	12.28	12.28
Fixation R	1	2	11570009164	11570305281	296117	625.00	342.57	29	18	-1	12.07	12.07
Saccade L	1	3	11570305281	11570327412	22131	619.61	347.38	572.50	351.77	0.98	74.56	0.45	44.17	2731.92	-2925.33	1886.74
Saccade R	1	3	11570305281	11570327412	22131	619.61	347.38	572.50	351.77	0.98	74.56	0.45	44.17	2731.92	-2925.33	1886.74
Saccade L	1	4	11570353415	11570395436	42021	574.64	347.62	617.44	424.54	2.06	122.12	0.38	49.00	4468.91	-4285.98	2917.49
Saccade R	1	4	11570353415	11570395436	42021	574.64	347.62	617.44	424.54	2.06	122.12	0.38	49.00	4468.91	-4285.98	2917.49
Fixation L	1	3	11570395436	11570623524	228088	637.08	420.54	33	38	-1	12.21	12.21
Fixation R	1	3	11570395436	11570623524	228088	637.08	420.54	33	38	-1	12.01	12.01
Saccade L	1	5	11570623524	11570667531	44007	646.56	415.25	577.04	445.69	1.81	80.34	0.32	41.17	3160.76	-2539.62	1736.69
Saccade R	1	5	11570623524	11570667531	44007	646.56	415.25	577.04	445.69	1.81	80.34	0.32	41.17	3160.76	-2539.62	1736.69
Saccade L	1	6	11570667531	11570705522	37991	577.04	445.69	648.61	411.67	1.96	135.93	0.53	51.57	4348.34	-4941.13	2992.00
Saccade R	1	6	11570667531	11570705522	37991	577.04	445.69	648.61	411.67	1.96	135.93	0.53	51.57	4348.34	-4941.13	2992.00
Fixation L	1	4	11570705522	11570811523	106001	646.12	405.17	7	9	-1	12.24	12.24
Fixation R	1	4	11570705522	11570811523	106001	646.12	405.17	7	9	-1	12.05	12.05
Saccade L	1	7	11570811523	11570843537	32014	649.69	406.04	749.39	403.69	2.21	144.50	0.50	68.88	5876.80	-5562.12	4144.64
Saccade R	1	7	11570811523	11570843537	32014	649.69	406.04	749.39	403.69	2.21	144.50	0.50	68.88	5876.80	-5562.12	4144.64
Fixation L	1	5	11570843537	11571157768	314231	742.72	420.32	29	31	-1	12.34	12.34
Fixation R	1	5	11570843537	11571157768	314231	742.72	420.32	29	31	-1	12.17	12.17
Saccade L	1	8	11571157768	11571181770	24002	742.51	432.32	824.77	422.43	1.81	147.04	0.50	75.33	5713.10	-5857.09	4051.51
Saccade R	1	8	11571157768	11571181770	24002	742.51	432.32	824.77	422.43	1.81	147.04	0.50	75.33	5713.10	-5857.09	4051.51
Fixation L	1	6	11571181770	11571367784	186014	827.24	415.36	11	16	-1	12.14	12.14
Fixation R	1	6	11571181770	11571367784	186014	827.24	415.36	11	16	-1	12.15	12.15
Saccade L	1	9	11571367784	11571419912	52128	831.42	413.67	904.72	447.66	2.15	109.08	0.27	41.32	4590.76	-3969.13	2186.62
Saccade R	1	9	11571367784	11571419912	52128	831.42	413.67	904.72	447.66	2.15	109.08	0.27	41.32	4590.76	-3969.13	2186.62
Fixation L	1	7	11571419912	11571621876	201964	905.50	453.17	10	14	-1	11.91	11.91
Fixation R	1	7	11571419912	11571621876	201964	905.50	453.17	10	14	-1	12.00	12.00
Saccade L	1	10	11571621876	11571671877	50001	907.25	454.70	1003.66	433.13	2.42	105.64	0.32	48.31	4368.78	-3447.12	2549.34
Saccade R	1	10	11571621876	11571671877	50001	907.25	454.70	1003.66	433.13	2.42	105.64	0.32	48.31	4368.78	-3447.12	2549.34
Fixation L	1	8	11571671877	11571964123	292246	1002.52	422.37	9	32	-1	11.88	11.88
Fixation R	1	8	11571671877	11571964123	292246	1002.52	422.37	9	32	-1	11.79	11.79
Saccade L	1	11	11571964123	11572010132	46009	1002.92	409.20	1137.96	419.77	2.98	163.80	0.32	64.86	6922.38	-6223.68	3780.82
Saccade R	1	11	11571964123	11572010132	46009	1002.92	409.20	1137.96	419.77	2.98	163.80	0.32	64.86	6922.38	-6223.68	3780.82
Fixation L	1	9	11572010132	11572272250	262118	1133.33	417.68	52	40	-1	11.67	11.67
Fixation R	1	9	11572010132	11572272250	262118	1133.33	417.68	52	40	-1	11.77	11.77
Saccade L	1	12	11572272250	11572342242	69992	1160.71	434.10	897.74	952.56	13.32	329.56	0.46	190.34	13968.23	-11172.23	8088.96
Saccade R	1	12	11572272250	11572342242	69992	1160.71	434.10	897.74	952.56	13.32	329.56	0.46	190.34	13968.23	-11172.23	8088.96
Fixation L	1	10	11572342242	11572500355	158113	900.22	959.52	25	28	-1	12.04	12.04
Fixation R	1	10	11572342242	11572500355	158113	900.22	959.52	25	28	-1	12.06	12.06
Saccade L	1	13	11572500355	11572527437	27082	906.93	949.16	887.73	988.49	1.01	62.98	0.44	37.35	2405.62	-2437.69	1718.33
Saccade R	1	13	11572500355	11572527437	27082	906.93	949.16	887.73	988.49	1.01	62.98	0.44	37.35	2405.62	-2437.69	1718.33
Saccade L	1	14	11572570376	11572600358	29982	892.17	1001.58	900.75	964.65	0.86	41.71	0.40	28.55	1292.54	-1503.21	1044.13
Saccade R	1	14	11572570376	11572600358	29982	892.17	1001.58	900.75	964.65	0.86	41.71	0.40	28.55	1292.54	-1503.21	1044.13
Fixation L	1	11	11572600358	11572836084	235726	897.33	976.23	23	32	-1	12.08	12.08
Fixation R	1	11	11572600358	11572836084	235726	897.33	976.23	23	32	-1	12.03	12.03
