[BeGaze]
Converted from:	C:\Program Files\SMI\Experiment Suite 360\Experiment Center 2\Results\RC-Attachment-Exp\Denek03-eye_data.idf
Date:	18.03.2012 20:04:03
Version:	BeGaze 3.0.181
Sample Rate:	500
Subject:	Denek03
Description:	Run6

Table Header for Fixations:
Event Type	Trial	Number	Start	End	Duration	Location X	Location Y	Dispersion X	Dispersion Y	Plane	Avg. Pupil Size X	Avg. Pupil Size Y

Table Header for Saccades:
Event Type	Trial	Number	Start	End	Duration	Start Loc.X	Start Loc.Y	End Loc.X	End Loc.Y	Amplitude	Peak Speed	Peak Speed At	Average Speed	Peak Accel.	Peak Decel.	Average Accel.

Table Header for Blinks:
Event Type	Trial	Number	Start	End	Duration

Table Header for User Events:
Event Type	Trial	Number	Start	Description

UserEvent	1	1	4914294542	# Message: RC-N2forced-anim-2.jpg
Fixation L	1	1	4914296265	4914580283	284018	515.48	450.25	13	19	-1	14.94	14.94
Fixation R	1	1	4914296265	4914580283	284018	515.48	450.25	13	19	-1	15.10	15.10
Saccade L	1	1	4914580283	4914610305	30022	512.64	443.85	568.02	437.64	1.20	67.59	0.33	39.82	2791.80	-2016.31	1627.35
Saccade R	1	1	4914580283	4914610305	30022	512.64	443.85	568.02	437.64	1.20	67.59	0.33	39.82	2791.80	-2016.31	1627.35
Fixation L	1	2	4914610305	4914916386	306081	570.41	450.71	11	41	-1	15.04	15.04
Fixation R	1	2	4914610305	4914916386	306081	570.41	450.71	11	41	-1	15.29	15.29
Saccade L	1	2	4914916386	4914960388	44002	567.41	465.10	683.01	441.64	2.66	122.69	0.41	60.48	4886.00	-4234.33	3066.14
Saccade R	1	2	4914916386	4914960388	44002	567.41	465.10	683.01	441.64	2.66	122.69	0.41	60.48	4886.00	-4234.33	3066.14
Fixation L	1	3	4914960388	4915162507	202119	671.70	442.83	30	20	-1	15.09	15.09
Fixation R	1	3	4914960388	4915162507	202119	671.70	442.83	30	20	-1	15.21	15.21
Saccade L	1	3	4915162507	4915217563	55056	675.25	441.06	770.55	441.46	2.17	50.01	0.62	39.35	1439.56	-1629.37	872.22
Saccade R	1	3	4915162507	4915217563	55056	675.25	441.06	770.55	441.46	2.17	50.01	0.62	39.35	1439.56	-1629.37	872.22
Fixation L	1	4	4915217563	4915676738	459175	754.18	444.22	39	34	-1	15.23	15.23
Fixation R	1	4	4915217563	4915676738	459175	754.18	444.22	39	34	-1	15.43	15.43
Saccade L	1	4	4915676738	4915710732	33994	733.33	463.21	839.66	452.70	2.26	116.40	0.47	66.41	5032.26	-4718.92	3605.34
Saccade R	1	4	4915676738	4915710732	33994	733.33	463.21	839.66	452.70	2.26	116.40	0.47	66.41	5032.26	-4718.92	3605.34
Fixation L	1	5	4915710732	4916096877	386145	824.54	449.62	52	20	-1	15.45	15.45
Fixation R	1	5	4915710732	4916096877	386145	824.54	449.62	52	20	-1	15.56	15.56
Saccade L	1	5	4916096877	4916134972	38095	827.34	446.31	922.74	460.48	2.09	109.21	0.31	54.77	4519.17	-3735.85	2707.85
Saccade R	1	5	4916096877	4916134972	38095	827.34	446.31	922.74	460.48	2.09	109.21	0.31	54.77	4519.17	-3735.85	2707.85
Fixation L	1	6	4916134972	4916463781	328809	959.46	447.16	80	37	-1	15.54	15.54
Fixation R	1	6	4916134972	4916463781	328809	959.46	447.16	80	37	-1	15.44	15.44
Saccade L	1	6	4916463781	4916493092	29311	993.36	450.54	1067.47	453.52	1.54	90.25	0.39	52.38	3864.40	-3353.47	2614.00
Saccade R	1	6	4916463781	4916493092	29311	993.36	450.54	1067.47	453.52	1.54	90.25	0.39	52.38	3864.40	-3353.47	2614.00
Fixation L	1	7	4916493092	4916757211	264119	1074.41	453.02	14	22	-1	15.85	15.85
Fixation R	1	7	4916493092	4916757211	264119	1074.41	453.02	14	22	-1	15.63	15.63
Saccade L	1	7	4916757211	4916781557	24346	1071.50	446.48	1147.11	446.93	1.66	124.44	0.49	68.03	4970.18	-5146.07	3544.53
Saccade R	1	7	4916757211	4916781557	24346	1071.50	446.48	1147.11	446.93	1.66	124.44	0.49	68.03	4970.18	-5146.07	3544.53
Fixation L	1	8	4916781557	4917303442	521885	1163.44	460.54	36	32	-1	15.89	15.89
Fixation R	1	8	4916781557	4917303442	521885	1163.44	460.54	36	32	-1	15.59	15.59
Saccade L	1	8	4917303442	4917372866	69424	1163.35	456.10	556.29	477.31	14.57	400.19	0.29	209.81	17914.19	-16230.84	10076.95
Saccade R	1	8	4917303442	4917372866	69424	1163.35	456.10	556.29	477.31	14.57	400.19	0.29	209.81	17914.19	-16230.84	10076.95
Fixation L	1	9	4917372866	4917587625	214759	585.84	471.80	41	17	-1	15.53	15.53
Fixation R	1	9	4917372866	4917587625	214759	585.84	471.80	41	17	-1	15.30	15.30
Saccade L	1	9	4917587625	4917613532	25907	588.84	473.10	538.68	460.92	1.05	64.47	0.38	40.61	2572.79	-2384.97	1726.95
Saccade R	1	9	4917587625	4917613532	25907	588.84	473.10	538.68	460.92	1.05	64.47	0.38	40.61	2572.79	-2384.97	1726.95
Fixation L	1	10	4917613532	4917772066	158534	538.71	448.68	12	29	-1	15.33	15.33
Fixation R	1	10	4917613532	4917772066	158534	538.71	448.68	12	29	-1	15.20	15.20
Saccade L	1	10	4917772066	4917821654	49588	529.86	437.56	700.45	442.61	3.83	189.32	0.31	77.22	7951.32	-7280.39	4428.92
Saccade R	1	10	4917772066	4917821654	49588	529.86	437.56	700.45	442.61	3.83	189.32	0.31	77.22	7951.32	-7280.39	4428.92
Fixation L	1	11	4917821654	4917962885	141231	689.61	440.86	37	12	-1	14.98	14.98
Fixation R	1	11	4917821654	4917962885	141231	689.61	440.86	37	12	-1	15.00	15.00
Saccade L	1	11	4917962885	4918001646	38761	691.69	441.08	792.49	454.50	2.28	137.89	0.28	58.77	5648.70	-4640.69	3046.28
Saccade R	1	11	4917962885	4918001646	38761	691.69	441.08	792.49	454.50	2.28	137.89	0.28	58.77	5648.70	-4640.69	3046.28
Fixation L	1	12	4918001646	4918199771	198125	789.72	444.54	26	21	-1	14.78	14.78
Fixation R	1	12	4918001646	4918199771	198125	789.72	444.54	26	21	-1	14.86	14.86
Saccade L	1	12	4918199771	4918225805	26034	797.56	434.80	848.66	458.17	1.15	75.64	0.46	44.23	2817.05	-2883.43	2055.85
Saccade R	1	12	4918199771	4918225805	26034	797.56	434.80	848.66	458.17	1.15	75.64	0.46	44.23	2817.05	-2883.43	2055.85
Fixation L	1	13	4918225805	4918351873	126068	830.01	464.19	50	23	-1	14.68	14.68
Fixation R	1	13	4918225805	4918351873	126068	830.01	464.19	50	23	-1	14.97	14.97
Saccade L	1	13	4918351873	4918384590	32717	828.58	469.51	813.09	534.76	1.56	96.86	0.31	47.74	3558.56	-3221.96	2186.59
Saccade R	1	13	4918351873	4918384590	32717	828.58	469.51	813.09	534.76	1.56	96.86	0.31	47.74	3558.56	-3221.96	2186.59
Saccade L	1	14	4918415895	4918447900	32005	804.95	533.54	829.43	464.01	1.56	96.14	0.38	48.81	3294.97	-1670.24	1800.68
Saccade R	1	14	4918415895	4918447900	32005	804.95	533.54	829.43	464.01	1.56	96.14	0.38	48.81	3294.97	-1670.24	1800.68
Saccade L	1	15	4918501868	4918525875	24007	963.23	422.18	904.49	431.89	1.10	92.57	0.50	45.64	2424.34	-6890.93	2046.99
Saccade R	1	15	4918501868	4918525875	24007	963.23	422.18	904.49	431.89	1.10	92.57	0.50	45.64	2424.34	-6890.93	2046.99
Saccade L	1	16	4918525875	4918583999	58124	904.49	431.89	897.03	356.39	5.61	212.23	0.48	96.56	3971.38	-2261.82	1924.69
Saccade R	1	16	4918525875	4918583999	58124	904.49	431.89	897.03	356.39	5.61	212.23	0.48	96.56	3971.38	-2261.82	1924.69
Saccade L	1	17	4918880104	4918904113	24009	976.88	429.57	924.41	439.57	1.24	97.19	0.53	51.84	3494.38	-2402.41	1867.34
Saccade R	1	17	4918880104	4918904113	24009	976.88	429.57	924.41	439.57	1.24	97.19	0.53	51.84	3494.38	-2402.41	1867.34
Saccade L	1	18	4918904113	4918940114	36001	924.41	439.57	1042.29	463.09	2.72	183.73	0.61	75.47	6594.48	-6961.03	4167.76
Saccade R	1	18	4918904113	4918940114	36001	924.41	439.57	1042.29	463.09	2.72	183.73	0.61	75.47	6594.48	-6961.03	4167.76
Fixation L	1	14	4918940114	4919024130	84016	1044.72	459.86	14	15	-1	15.57	15.57
Fixation R	1	14	4918940114	4919024130	84016	1044.72	459.86	14	15	-1	15.70	15.70
Saccade L	1	19	4919024130	4919058201	34071	1055.09	457.32	1174.54	439.29	2.70	150.50	0.41	79.15	6080.05	-6002.79	4394.59
Saccade R	1	19	4919024130	4919058201	34071	1055.09	457.32	1174.54	439.29	2.70	150.50	0.41	79.15	6080.05	-6002.79	4394.59
Fixation L	1	15	4919058201	4919284216	226015	1159.38	451.66	31	29	-1	15.16	15.16
Fixation R	1	15	4919058201	4919284216	226015	1159.38	451.66	31	29	-1	15.17	15.17
Saccade L	1	20	4919284216	4919324210	39994	1163.28	460.35	1027.54	454.69	2.98	157.41	0.30	74.42	6431.41	-5575.54	3905.54
Saccade R	1	20	4919284216	4919324210	39994	1163.28	460.35	1027.54	454.69	2.98	157.41	0.30	74.42	6431.41	-5575.54	3905.54
Fixation L	1	16	4919324210	4919506337	182127	1039.59	449.88	29	17	-1	15.36	15.36
Fixation R	1	16	4919324210	4919506337	182127	1039.59	449.88	29	17	-1	15.30	15.30
Saccade L	1	21	4919506337	4919540377	34040	1046.40	448.30	1191.93	438.79	3.47	197.55	0.47	102.07	8130.63	-7988.91	5945.57
Saccade R	1	21	4919506337	4919540377	34040	1046.40	448.30	1191.93	438.79	3.47	197.55	0.47	102.07	8130.63	-7988.91	5945.57
Fixation L	1	17	4919540377	4919680442	140065	1168.97	438.00	35	13	-1	15.53	15.53
Fixation R	1	17	4919540377	4919680442	140065	1168.97	438.00	35	13	-1	15.54	15.54
Blink L	1	1	4919680442	4919849461	169019
Blink R	1	1	4919680442	4919849461	169019
Fixation L	1	18	4919849461	4920050559	201098	983.85	454.74	16	29	-1	15.86	15.86
Fixation R	1	18	4919849461	4920050559	201098	983.85	454.74	16	29	-1	15.83	15.83
Saccade L	1	22	4920050559	4920087481	36922	985.65	441.86	1073.25	448.54	2.06	107.37	0.39	55.84	4274.25	-3780.52	2814.57
Saccade R	1	22	4920050559	4920087481	36922	985.65	441.86	1073.25	448.54	2.06	107.37	0.39	55.84	4274.25	-3780.52	2814.57
Fixation L	1	19	4920087481	4920298524	211043	1071.00	448.78	9	14	-1	15.78	15.78
Fixation R	1	19	4920087481	4920298524	211043	1071.00	448.78	9	14	-1	15.72	15.72
Saccade L	1	23	4920298524	4920334704	36180	1071.60	449.70	1176.96	446.46	2.18	117.12	0.39	60.37	5205.86	-4299.20	3334.67
Saccade R	1	23	4920298524	4920334704	36180	1071.60	449.70	1176.96	446.46	2.18	117.12	0.39	60.37	5205.86	-4299.20	3334.67
Fixation L	1	20	4920334704	4920621075	286371	1167.65	458.10	30	26	-1	15.53	15.53
Fixation R	1	20	4920334704	4920621075	286371	1167.65	458.10	30	26	-1	15.65	15.65
Saccade L	1	24	4920621075	4920714778	93703	1149.36	459.29	870.67	1037.36	14.84	350.12	0.24	158.36	15165.93	-7180.91	6219.47
Saccade R	1	24	4920621075	4920714778	93703	1149.36	459.29	870.67	1037.36	14.84	350.12	0.24	158.36	15165.93	-7180.91	6219.47
Fixation L	1	21	4920714778	4920806936	92158	871.99	1025.16	13	24	-1	15.77	15.77
Fixation R	1	21	4920714778	4920806936	92158	871.99	1025.16	13	24	-1	15.82	15.82
Saccade L	1	25	4920806936	4920846911	39975	862.98	1016.52	917.41	957.80	1.84	80.20	0.40	45.95	3103.24	-2495.28	1941.10
Saccade R	1	25	4920806936	4920846911	39975	862.98	1016.52	917.41	957.80	1.84	80.20	0.40	45.95	3103.24	-2495.28	1941.10
Fixation L	1	22	4920846911	4920997037	150126	928.09	953.87	24	20	-1	15.51	15.51
Fixation R	1	22	4920846911	4920997037	150126	928.09	953.87	24	20	-1	15.67	15.67
Saccade L	1	26	4920997037	4921041050	44013	938.23	964.34	831.44	960.22	2.39	127.88	0.32	54.20	5146.91	-4055.72	2694.47
Saccade R	1	26	4920997037	4921041050	44013	938.23	964.34	831.44	960.22	2.39	127.88	0.32	54.20	5146.91	-4055.72	2694.47
Fixation L	1	23	4921041050	4921179587	138537	838.93	956.09	31	32	-1	15.34	15.34
Fixation R	1	23	4921041050	4921179587	138537	838.93	956.09	31	32	-1	15.37	15.37
