[BeGaze]
Converted from:	C:\Program Files\SMI\Experiment Suite 360\Experiment Center 2\Results\RC-Attachment-Exp\P24-eye_data.idf
Date:	18.03.2012 20:19:41
Version:	BeGaze 3.0.181
Sample Rate:	500
Subject:	P24
Description:	Run29

Table Header for Fixations:
Event Type	Trial	Number	Start	End	Duration	Location X	Location Y	Dispersion X	Dispersion Y	Plane	Avg. Pupil Size X	Avg. Pupil Size Y

Table Header for Saccades:
Event Type	Trial	Number	Start	End	Duration	Start Loc.X	Start Loc.Y	End Loc.X	End Loc.Y	Amplitude	Peak Speed	Peak Speed At	Average Speed	Peak Accel.	Peak Decel.	Average Accel.

Table Header for Blinks:
Event Type	Trial	Number	Start	End	Duration

Table Header for User Events:
Event Type	Trial	Number	Start	Description

UserEvent	1	1	10366176640	# Message: RC-N1forced-nonanim-5.jpg
Fixation L	1	1	10366179148	10366816668	637520	520.72	432.26	27	25	-1	13.94	13.94
Fixation R	1	1	10366179148	10366816668	637520	520.72	432.26	27	25	-1	13.04	13.04
Saccade L	1	1	10366816668	10366852673	36005	516.48	440.01	578.96	431.09	1.36	68.49	0.39	37.84	2766.65	-2290.80	1798.88
Saccade R	1	1	10366816668	10366852673	36005	516.48	440.01	578.96	431.09	1.36	68.49	0.39	37.84	2766.65	-2290.80	1798.88
Fixation L	1	2	10366852673	10367280896	428223	596.14	440.64	40	16	-1	13.86	13.86
Fixation R	1	2	10366852673	10367280896	428223	596.14	440.64	40	16	-1	13.01	13.01
Saccade L	1	2	10367280896	10367317365	36469	608.00	447.03	685.29	432.20	1.71	91.84	0.44	46.94	3988.52	-3557.62	2617.98
Saccade R	1	2	10367280896	10367317365	36469	608.00	447.03	685.29	432.20	1.71	91.84	0.44	46.94	3988.52	-3557.62	2617.98
Fixation L	1	3	10367317365	10367541011	223646	683.90	439.81	15	12	-1	13.99	13.99
Fixation R	1	3	10367317365	10367541011	223646	683.90	439.81	15	12	-1	13.14	13.14
Saccade L	1	3	10367541011	10367575011	34000	679.06	440.85	749.31	439.37	1.52	82.07	0.35	44.60	3504.01	-3051.02	2372.25
Saccade R	1	3	10367541011	10367575011	34000	679.06	440.85	749.31	439.37	1.52	82.07	0.35	44.60	3504.01	-3051.02	2372.25
Fixation L	1	4	10367575011	10367794166	219155	750.83	439.52	10	23	-1	14.05	14.05
Fixation R	1	4	10367575011	10367794166	219155	750.83	439.52	10	23	-1	13.42	13.42
Saccade L	1	4	10367794166	10367825609	31443	745.33	430.65	821.57	434.89	1.58	99.79	0.35	50.27	4222.27	-3840.98	2816.78
Saccade R	1	4	10367794166	10367825609	31443	745.33	430.65	821.57	434.89	1.58	99.79	0.35	50.27	4222.27	-3840.98	2816.78
Fixation L	1	5	10367825609	10368041289	215680	823.46	435.42	14	7	-1	13.96	13.96
Fixation R	1	5	10367825609	10368041289	215680	823.46	435.42	14	7	-1	13.22	13.22
Saccade L	1	5	10368041289	10368071248	29959	828.99	433.67	891.77	426.55	1.30	74.19	0.40	43.53	3129.06	-2798.12	2108.07
Saccade R	1	5	10368041289	10368071248	29959	828.99	433.67	891.77	426.55	1.30	74.19	0.40	43.53	3129.06	-2798.12	2108.07
Fixation L	1	6	10368071248	10368377362	306114	891.87	428.35	9	14	-1	14.17	14.17
Fixation R	1	6	10368071248	10368377362	306114	891.87	428.35	9	14	-1	13.59	13.59
Saccade L	1	6	10368377362	10368409357	31995	895.93	433.24	994.30	428.73	2.18	139.46	0.50	67.98	5743.27	-5545.31	4095.51
Saccade R	1	6	10368377362	10368409357	31995	895.93	433.24	994.30	428.73	2.18	139.46	0.50	67.98	5743.27	-5545.31	4095.51
Fixation L	1	7	10368409357	10368587494	178137	1000.80	432.58	16	14	-1	14.12	14.12
Fixation R	1	7	10368409357	10368587494	178137	1000.80	432.58	16	14	-1	13.31	13.31
Saccade L	1	7	10368587494	10368635514	48020	991.94	426.27	1114.89	430.21	2.87	138.06	0.33	59.77	5677.23	-4752.85	3354.76
Saccade R	1	7	10368587494	10368635514	48020	991.94	426.27	1114.89	430.21	2.87	138.06	0.33	59.77	5677.23	-4752.85	3354.76
Fixation L	1	8	10368635514	10368843606	208092	1099.49	439.04	32	21	-1	13.88	13.88
Fixation R	1	8	10368635514	10368843606	208092	1099.49	439.04	32	21	-1	13.11	13.11
Saccade L	1	8	10368843606	10368919589	75983	1103.54	442.63	911.13	965.08	12.72	307.57	0.52	167.37	10256.20	-9082.26	6661.70
Saccade R	1	8	10368843606	10368919589	75983	1103.54	442.63	911.13	965.08	12.72	307.57	0.52	167.37	10256.20	-9082.26	6661.70
Fixation L	1	9	10368919589	10369405828	486239	883.39	971.71	52	38	-1	14.59	14.59
Fixation R	1	9	10368919589	10369405828	486239	883.39	971.71	52	38	-1	13.59	13.59
