[BeGaze]
Converted from:	C:\Program Files\SMI\Experiment Suite 360\Experiment Center 2\Results\RC-Attachment-Exp\P35-eye_data.idf
Date:	18.03.2012 20:32:23
Version:	BeGaze 3.0.181
Sample Rate:	500
Subject:	P35
Description:	Run40

Table Header for Fixations:
Event Type	Trial	Number	Start	End	Duration	Location X	Location Y	Dispersion X	Dispersion Y	Plane	Avg. Pupil Size X	Avg. Pupil Size Y

Table Header for Saccades:
Event Type	Trial	Number	Start	End	Duration	Start Loc.X	Start Loc.Y	End Loc.X	End Loc.Y	Amplitude	Peak Speed	Peak Speed At	Average Speed	Peak Accel.	Peak Decel.	Average Accel.

Table Header for Blinks:
Event Type	Trial	Number	Start	End	Duration

Table Header for User Events:
Event Type	Trial	Number	Start	Description

UserEvent	1	1	2215399971	# Message: Questionnaire17.jpg
Fixation L	1	1	2215409993	2215584137	174144	860.01	977.40	27	51	-1	11.16	11.16
Fixation R	1	1	2215409993	2215584137	174144	860.01	977.40	27	51	-1	11.29	11.29
Fixation L	1	2	2215602119	2215794229	192110	862.85	961.76	32	62	-1	11.18	11.18
Fixation R	1	2	2215602119	2215794229	192110	862.85	961.76	32	62	-1	11.35	11.35
Saccade L	1	1	2215794229	2215860259	66030	863.60	945.67	689.26	489.43	11.51	372.80	0.21	174.32	16733.91	-9122.45	8113.39
Saccade R	1	1	2215794229	2215860259	66030	863.60	945.67	689.26	489.43	11.51	372.80	0.21	174.32	16733.91	-9122.45	8113.39
Fixation L	1	3	2215860259	2215964227	103968	687.47	491.69	14	18	-1	11.23	11.23
Fixation R	1	3	2215860259	2215964227	103968	687.47	491.69	14	18	-1	11.63	11.63
Saccade L	1	2	2215964227	2216012223	47996	681.56	501.49	610.93	373.37	3.29	159.26	0.29	68.62	6661.06	-4950.19	3376.05
Saccade R	1	2	2215964227	2216012223	47996	681.56	501.49	610.93	373.37	3.29	159.26	0.29	68.62	6661.06	-4950.19	3376.05
Fixation L	1	4	2216012223	2216130351	118128	613.09	377.54	16	17	-1	11.63	11.63
Fixation R	1	4	2216012223	2216130351	118128	613.09	377.54	16	17	-1	11.83	11.83
Saccade L	1	3	2216130351	2216174346	43995	623.34	385.22	437.74	361.18	4.13	205.94	0.36	93.94	8688.55	-7449.54	5260.23
Saccade R	1	3	2216130351	2216174346	43995	623.34	385.22	437.74	361.18	4.13	205.94	0.36	93.94	8688.55	-7449.54	5260.23
Fixation L	1	5	2216174346	2216330467	156121	432.50	359.25	14	16	-1	11.69	11.69
Fixation R	1	5	2216174346	2216330467	156121	432.50	359.25	14	16	-1	11.79	11.79
Saccade L	1	4	2216330467	2216354479	24012	423.97	362.68	479.90	372.34	1.13	79.63	0.42	47.24	3079.93	-3134.15	2146.36
Saccade R	1	4	2216330467	2216354479	24012	423.97	362.68	479.90	372.34	1.13	79.63	0.42	47.24	3079.93	-3134.15	2146.36
Fixation L	1	6	2216354479	2216454203	99724	486.95	376.36	14	9	-1	11.70	11.70
Fixation R	1	6	2216354479	2216454203	99724	486.95	376.36	14	9	-1	11.93	11.93
Saccade L	1	5	2216454203	2216484476	30273	490.77	377.32	540.15	384.38	1.00	49.37	0.34	32.90	2061.31	-1487.08	1220.97
Saccade R	1	5	2216454203	2216484476	30273	490.77	377.32	540.15	384.38	1.00	49.37	0.34	32.90	2061.31	-1487.08	1220.97
Fixation L	1	7	2216484476	2216578586	94110	543.05	370.07	12	24	-1	11.92	11.92
Fixation R	1	7	2216484476	2216578586	94110	543.05	370.07	12	24	-1	12.55	12.55
Saccade L	1	6	2216578586	2216628593	50007	536.22	365.83	725.52	363.73	4.17	202.45	0.28	83.42	8752.44	-7214.54	4465.79
Saccade R	1	6	2216578586	2216628593	50007	536.22	365.83	725.52	363.73	4.17	202.45	0.28	83.42	8752.44	-7214.54	4465.79
Fixation L	1	8	2216628593	2216764586	135993	729.31	363.30	7	16	-1	12.34	12.34
Fixation R	1	8	2216628593	2216764586	135993	729.31	363.30	7	16	-1	12.84	12.84
Saccade L	1	7	2216764586	2216808582	43996	729.37	372.99	904.29	372.02	3.86	218.64	0.39	87.72	9197.51	-8298.96	5365.86
Saccade R	1	7	2216764586	2216808582	43996	729.37	372.99	904.29	372.02	3.86	218.64	0.39	87.72	9197.51	-8298.96	5365.86
Fixation L	1	9	2216808582	2216968704	160122	906.85	375.82	12	11	-1	12.61	12.61
Fixation R	1	9	2216808582	2216968704	160122	906.85	375.82	12	11	-1	13.20	13.20
Saccade L	1	8	2216968704	2217048930	80226	912.26	374.93	454.02	474.13	11.12	353.96	0.25	138.58	15506.22	-10888.10	6614.86
Saccade R	1	8	2216968704	2217048930	80226	912.26	374.93	454.02	474.13	11.12	353.96	0.25	138.58	15506.22	-10888.10	6614.86
Fixation L	1	10	2217048930	2218177314	1128384	433.14	472.85	65	37	-1	12.47	12.47
Fixation R	1	10	2217048930	2218177314	1128384	433.14	472.85	65	37	-1	12.88	12.88
UserEvent	1	60	2217822091	# Message: UE-mouseclick left x=403 y=437
Saccade L	1	9	2218177314	2218220088	42774	425.25	488.04	451.18	568.55	2.10	82.33	0.47	49.20	2880.08	-2852.40	2136.98
Saccade R	1	9	2218177314	2218220088	42774	425.25	488.04	451.18	568.55	2.10	82.33	0.47	49.20	2880.08	-2852.40	2136.98
Fixation L	1	11	2218220088	2218603689	383601	457.74	551.68	36	29	-1	12.10	12.10
Fixation R	1	11	2218220088	2218603689	383601	457.74	551.68	36	29	-1	12.66	12.66
UserEvent	1	79	2218533759	# Message: UE-mouseclick left x=444 y=525
