[BeGaze]
Converted from:	C:\Program Files\SMI\Experiment Suite 360\Experiment Center 2\Results\RC-Attachment-Exp\P04-eye_data.idf
Date:	18.03.2012 20:05:28
Version:	BeGaze 3.0.181
Sample Rate:	500
Subject:	P04
Description:	Run9

Table Header for Fixations:
Event Type	Trial	Number	Start	End	Duration	Location X	Location Y	Dispersion X	Dispersion Y	Plane	Avg. Pupil Size X	Avg. Pupil Size Y

Table Header for Saccades:
Event Type	Trial	Number	Start	End	Duration	Start Loc.X	Start Loc.Y	End Loc.X	End Loc.Y	Amplitude	Peak Speed	Peak Speed At	Average Speed	Peak Accel.	Peak Decel.	Average Accel.

Table Header for Blinks:
Event Type	Trial	Number	Start	End	Duration

Table Header for User Events:
Event Type	Trial	Number	Start	Description

UserEvent	1	1	5471174589	# Message: Questionnaire23.jpg
Fixation L	1	1	5471177647	5471374599	196952	932.41	955.82	27	21	-1	13.15	13.15
Fixation R	1	1	5471177647	5471374599	196952	932.41	955.82	27	21	-1	12.56	12.56
Saccade L	1	1	5471374599	5471397794	23195	944.38	947.20	878.81	959.74	1.37	112.86	0.53	59.05	3842.50	-4092.29	2798.14
Saccade R	1	1	5471374599	5471397794	23195	944.38	947.20	878.81	959.74	1.37	112.86	0.53	59.05	3842.50	-4092.29	2798.14
Fixation L	1	2	5471397794	5471549803	152009	880.95	955.52	20	28	-1	13.19	13.19
Fixation R	1	2	5471397794	5471549803	152009	880.95	955.52	20	28	-1	12.51	12.51
Saccade L	1	2	5471549803	5471613799	63996	882.21	945.42	564.74	449.02	13.25	422.75	0.25	206.97	19205.94	-11209.33	9851.54
Saccade R	1	2	5471549803	5471613799	63996	882.21	945.42	564.74	449.02	13.25	422.75	0.25	206.97	19205.94	-11209.33	9851.54
Fixation L	1	3	5471613799	5471677800	64001	563.63	443.19	18	9	-1	12.92	12.92
Fixation R	1	3	5471613799	5471677800	64001	563.63	443.19	18	9	-1	12.20	12.20
Saccade L	1	3	5471677800	5471711972	34172	551.41	441.48	428.51	394.75	2.91	168.90	0.35	85.19	6621.71	-6532.98	4666.03
Saccade R	1	3	5471677800	5471711972	34172	551.41	441.48	428.51	394.75	2.91	168.90	0.35	85.19	6621.71	-6532.98	4666.03
Fixation L	1	4	5471711972	5471968043	256071	430.46	380.39	13	31	-1	12.66	12.66
Fixation R	1	4	5471711972	5471968043	256071	430.46	380.39	13	31	-1	12.02	12.02
Saccade L	1	4	5471968043	5471996599	28556	435.11	367.20	526.96	360.78	2.02	131.63	0.42	70.79	5336.42	-5411.60	3895.78
Saccade R	1	4	5471968043	5471996599	28556	435.11	367.20	526.96	360.78	2.02	131.63	0.42	70.79	5336.42	-5411.60	3895.78
Fixation L	1	5	5471996599	5472180055	183456	534.65	362.63	15	16	-1	13.09	13.09
Fixation R	1	5	5471996599	5472180055	183456	534.65	362.63	15	16	-1	12.62	12.62
Saccade L	1	5	5472180055	5472204053	23998	541.03	366.52	645.58	363.78	2.18	170.57	0.58	90.83	6884.82	-6470.13	4701.06
Saccade R	1	5	5472180055	5472204053	23998	541.03	366.52	645.58	363.78	2.18	170.57	0.58	90.83	6884.82	-6470.13	4701.06
Fixation L	1	6	5472204053	5472384161	180108	641.79	365.36	19	8	-1	14.23	14.23
Fixation R	1	6	5472204053	5472384161	180108	641.79	365.36	19	8	-1	13.69	13.69
Saccade L	1	6	5472384161	5472406161	22000	651.92	366.26	686.78	374.71	0.78	55.85	0.56	35.31	2283.55	-2045.61	1480.55
Saccade R	1	6	5472384161	5472406161	22000	651.92	366.26	686.78	374.71	0.78	55.85	0.56	35.31	2283.55	-2045.61	1480.55
Fixation L	1	7	5472406161	5472628289	222128	691.04	373.93	8	11	-1	15.04	15.04
Fixation R	1	7	5472406161	5472628289	222128	691.04	373.93	8	11	-1	14.54	14.54
Saccade L	1	7	5472628289	5472656280	27991	694.71	371.49	776.96	375.27	1.79	119.00	0.43	63.85	4988.13	-5050.81	3638.05
Saccade R	1	7	5472628289	5472656280	27991	694.71	371.49	776.96	375.27	1.79	119.00	0.43	63.85	4988.13	-5050.81	3638.05
Fixation L	1	8	5472656280	5472852510	196230	779.55	370.38	8	16	-1	15.48	15.48
Fixation R	1	8	5472656280	5472852510	196230	779.55	370.38	8	16	-1	15.03	15.03
Saccade L	1	8	5472852510	5472882417	29907	777.91	365.75	869.32	360.26	1.89	117.90	0.40	63.15	4815.98	-4690.90	3389.44
Saccade R	1	8	5472852510	5472882417	29907	777.91	365.75	869.32	360.26	1.89	117.90	0.40	63.15	4815.98	-4690.90	3389.44
Fixation L	1	9	5472882417	5473156541	274124	868.85	365.65	11	11	-1	15.85	15.85
Fixation R	1	9	5472882417	5473156541	274124	868.85	365.65	11	11	-1	15.33	15.33
Saccade L	1	9	5473156541	5473182524	25983	867.96	366.08	926.98	363.61	1.26	79.98	0.46	48.55	3398.96	-3261.94	2399.29
Saccade R	1	9	5473156541	5473182524	25983	867.96	366.08	926.98	363.61	1.26	79.98	0.46	48.55	3398.96	-3261.94	2399.29
Fixation L	1	10	5473182524	5473288529	106005	926.17	364.70	8	11	-1	15.97	15.97
Fixation R	1	10	5473182524	5473288529	106005	926.17	364.70	8	11	-1	15.41	15.41
Saccade L	1	10	5473288529	5473346736	58207	925.49	369.58	483.26	443.11	10.46	374.85	0.35	179.66	16553.31	-9171.96	8727.46
Saccade R	1	10	5473288529	5473346736	58207	925.49	369.58	483.26	443.11	10.46	374.85	0.35	179.66	16553.31	-9171.96	8727.46
Fixation L	1	11	5473346736	5473462647	115911	474.90	446.23	14	6	-1	16.20	16.20
Fixation R	1	11	5473346736	5473462647	115911	474.90	446.23	14	6	-1	15.37	15.37
Saccade L	1	11	5473462647	5473484640	21993	473.45	446.28	420.95	452.87	1.10	87.92	0.56	49.81	3499.21	-3354.48	2346.48
Saccade R	1	11	5473462647	5473484640	21993	473.45	446.28	420.95	452.87	1.10	87.92	0.56	49.81	3499.21	-3354.48	2346.48
Fixation L	1	12	5473484640	5474557242	1072602	410.36	488.20	56	50	-1	15.74	15.74
Fixation R	1	12	5473484640	5474557242	1072602	410.36	488.20	56	50	-1	15.45	15.45
UserEvent	1	79	5474294742	# Message: UE-mouseclick left x=395 y=471
Fixation L	1	13	5474577121	5475170990	593869	392.46	528.67	25	27	-1	15.59	15.59
Fixation R	1	13	5474577121	5475170990	593869	392.46	528.67	25	27	-1	15.31	15.31
UserEvent	1	101	5475126806	# Message: UE-mouseclick left x=389 y=528
Saccade L	1	12	5475170990	5475205686	34696	392.35	526.44	403.91	402.51	2.72	169.35	0.41	78.39	7174.41	-6712.13	4842.30
Saccade R	1	12	5475170990	5475205686	34696	392.35	526.44	403.91	402.51	2.72	169.35	0.41	78.39	7174.41	-6712.13	4842.30
Fixation L	1	14	5475205686	5475261487	55801	401.32	397.52	7	9	-1	15.09	15.09
Fixation R	1	14	5475205686	5475261487	55801	401.32	397.52	7	9	-1	14.72	14.72
