[BeGaze]
Converted from:	C:\Program Files\SMI\Experiment Suite 360\Experiment Center 2\Results\RC-Attachment-Exp\P22-eye_data.idf
Date:	18.03.2012 20:17:17
Version:	BeGaze 3.0.181
Sample Rate:	500
Subject:	P22
Description:	Run27

Table Header for Fixations:
Event Type	Trial	Number	Start	End	Duration	Location X	Location Y	Dispersion X	Dispersion Y	Plane	Avg. Pupil Size X	Avg. Pupil Size Y

Table Header for Saccades:
Event Type	Trial	Number	Start	End	Duration	Start Loc.X	Start Loc.Y	End Loc.X	End Loc.Y	Amplitude	Peak Speed	Peak Speed At	Average Speed	Peak Accel.	Peak Decel.	Average Accel.

Table Header for Blinks:
Event Type	Trial	Number	Start	End	Duration

Table Header for User Events:
Event Type	Trial	Number	Start	Description

UserEvent	1	1	2225831631	# Message: RC-nonforced-nonanim-2.jpg
Fixation L	1	1	2225834073	2226225177	391104	516.91	470.31	29	37	-1	8.46	8.46
Fixation R	1	1	2225834073	2226225177	391104	516.91	470.31	29	37	-1	8.54	8.54
Saccade L	1	1	2226225177	2226254609	29432	517.30	468.44	554.24	461.84	1.11	57.08	0.66	37.78	2136.19	-2184.90	1474.39
Saccade R	1	1	2226225177	2226254609	29432	517.30	468.44	554.24	461.84	1.11	57.08	0.66	37.78	2136.19	-2184.90	1474.39
Fixation L	1	2	2226254609	2226410586	155977	559.97	462.22	10	11	-1	8.35	8.35
Fixation R	1	2	2226254609	2226410586	155977	559.97	462.22	10	11	-1	8.69	8.69
Saccade L	1	2	2226410586	2226436603	26017	563.34	456.69	655.38	466.87	1.98	144.23	0.54	76.26	5740.54	-5578.89	4088.53
Saccade R	1	2	2226410586	2226436603	26017	563.34	456.69	655.38	466.87	1.98	144.23	0.54	76.26	5740.54	-5578.89	4088.53
Fixation L	1	3	2226436603	2226602702	166099	651.28	467.46	15	20	-1	8.47	8.47
Fixation R	1	3	2226436603	2226602702	166099	651.28	467.46	15	20	-1	8.67	8.67
Saccade L	1	3	2226602702	2226626699	23997	652.48	472.29	744.36	473.91	1.90	144.44	0.50	79.10	5589.24	-5557.18	3890.98
Saccade R	1	3	2226602702	2226626699	23997	652.48	472.29	744.36	473.91	1.90	144.44	0.50	79.10	5589.24	-5557.18	3890.98
Fixation L	1	4	2226626699	2226878820	252121	750.12	454.39	22	38	-1	8.46	8.46
Fixation R	1	4	2226626699	2226878820	252121	750.12	454.39	22	38	-1	8.50	8.50
Saccade L	1	4	2226878820	2226908783	29963	761.67	460.63	803.61	434.45	1.12	56.90	0.40	37.41	1682.70	-1832.11	1291.67
Saccade R	1	4	2226878820	2226908783	29963	761.67	460.63	803.61	434.45	1.12	56.90	0.40	37.41	1682.70	-1832.11	1291.67
Fixation L	1	5	2226908783	2227037082	128299	809.04	436.49	7	18	-1	8.30	8.30
Fixation R	1	5	2226908783	2227037082	128299	809.04	436.49	7	18	-1	8.53	8.53
Saccade L	1	5	2227037082	2227069543	32461	810.31	445.94	861.74	456.63	1.19	62.90	0.30	36.57	2704.89	-2066.42	1660.54
Saccade R	1	5	2227037082	2227069543	32461	810.31	445.94	861.74	456.63	1.19	62.90	0.30	36.57	2704.89	-2066.42	1660.54
Fixation L	1	6	2227069543	2227218924	149381	874.86	465.10	19	21	-1	8.16	8.16
Fixation R	1	6	2227069543	2227218924	149381	874.86	465.10	19	21	-1	8.33	8.33
Saccade L	1	6	2227218924	2227253400	34476	877.65	477.50	953.64	469.42	1.65	79.50	0.36	47.87	3447.15	-2628.77	2163.11
Saccade R	1	6	2227218924	2227253400	34476	877.65	477.50	953.64	469.42	1.65	79.50	0.36	47.87	3447.15	-2628.77	2163.11
Fixation L	1	7	2227253400	2227465400	212000	961.05	475.23	11	26	-1	8.18	8.18
Fixation R	1	7	2227253400	2227465400	212000	961.05	475.23	11	26	-1	8.31	8.31
Fixation L	1	8	2227485064	2227661165	176101	989.77	465.39	12	21	-1	8.29	8.29
Fixation R	1	8	2227485064	2227661165	176101	989.77	465.39	12	21	-1	8.52	8.52
Saccade L	1	7	2227661165	2227687159	25994	989.16	472.06	1053.47	465.10	1.42	96.55	0.46	54.75	3483.50	-3817.96	2620.35
Saccade R	1	7	2227661165	2227687159	25994	989.16	472.06	1053.47	465.10	1.42	96.55	0.46	54.75	3483.50	-3817.96	2620.35
Fixation L	1	9	2227687159	2227930223	243064	1063.47	466.69	28	18	-1	8.14	8.14
Fixation R	1	9	2227687159	2228105280	418121	785.02	380.84	1082	1084	-1	7.13	7.13
Blink L	1	1	2227930223	2228213396	283173
Saccade R	1	8	2228105280	2228213396	108116	0.00	0.00	911.68	869.47	39.02	2114.39	0.30	360.93	51958.04	-72646.54	18965.07
Fixation L	1	10	2228213396	2228303395	89999	896.21	887.95	29	40	-1	7.49	7.49
Fixation R	1	10	2228213396	2228303395	89999	896.21	887.95	29	40	-1	7.59	7.59
Saccade L	1	8	2228303395	2228352300	48905	881.38	908.36	937.37	917.32	3.20	119.04	0.41	65.41	4487.24	-2792.41	2257.41
Saccade R	1	9	2228303395	2228352300	48905	881.38	908.36	937.37	917.32	3.20	119.04	0.41	65.41	4487.24	-2792.41	2257.41
Fixation L	1	11	2228352300	2228931374	579074	909.55	966.70	49	74	-1	9.19	9.19
Fixation R	1	11	2228352300	2228931374	579074	909.55	966.70	49	74	-1	9.63	9.63
