[BeGaze]
Converted from:	C:\Program Files\SMI\Experiment Suite 360\Experiment Center 2\Results\RC-Attachment-Exp\Denek01-eye_data.idf
Date:	18.03.2012 20:03:35
Version:	BeGaze 3.0.181
Sample Rate:	500
Subject:	Denek01
Description:	Run4

Table Header for Fixations:
Event Type	Trial	Number	Start	End	Duration	Location X	Location Y	Dispersion X	Dispersion Y	Plane	Avg. Pupil Size X	Avg. Pupil Size Y

Table Header for Saccades:
Event Type	Trial	Number	Start	End	Duration	Start Loc.X	Start Loc.Y	End Loc.X	End Loc.Y	Amplitude	Peak Speed	Peak Speed At	Average Speed	Peak Accel.	Peak Decel.	Average Accel.

Table Header for Blinks:
Event Type	Trial	Number	Start	End	Duration

Table Header for User Events:
Event Type	Trial	Number	Start	Description

UserEvent	1	1	2011290157	# Message: Dist-srthm-24.jpg
Fixation L	1	1	2011303379	2011609632	306253	504.24	410.93	22	17	-1	13.97	13.97
Fixation R	1	1	2011303379	2011609632	306253	504.24	410.93	22	17	-1	14.90	14.90
Saccade L	1	1	2011609632	2011647611	37979	498.61	417.29	603.41	417.25	2.24	149.57	0.31	58.85	5642.51	-5695.82	3407.26
Saccade R	1	1	2011609632	2011647611	37979	498.61	417.29	603.41	417.25	2.24	149.57	0.31	58.85	5642.51	-5695.82	3407.26
Fixation L	1	2	2011647611	2011793595	145984	611.02	407.72	11	13	-1	14.03	14.03
Fixation R	1	2	2011647611	2011793595	145984	611.02	407.72	11	13	-1	14.81	14.81
Saccade L	1	2	2011793595	2011821581	27986	614.40	404.86	677.05	415.11	1.36	99.43	0.50	48.62	3948.84	-4076.87	2911.28
Saccade R	1	2	2011793595	2011821581	27986	614.40	404.86	677.05	415.11	1.36	99.43	0.50	48.62	3948.84	-4076.87	2911.28
Fixation L	1	3	2011821581	2011941848	120267	681.00	408.26	15	12	-1	14.01	14.01
Fixation R	1	3	2011821581	2011941848	120267	681.00	408.26	15	12	-1	14.96	14.96
Saccade L	1	3	2011941848	2011989361	47513	675.40	406.14	776.93	404.46	2.32	115.94	0.33	48.77	4880.50	-4142.76	2756.17
Saccade R	1	3	2011941848	2011989361	47513	675.40	406.14	776.93	404.46	2.32	115.94	0.33	48.77	4880.50	-4142.76	2756.17
Fixation L	1	4	2011989361	2012255821	266460	781.06	411.97	16	27	-1	14.11	14.11
Fixation R	1	4	2011989361	2012255821	266460	781.06	411.97	16	27	-1	14.98	14.98
Saccade L	1	4	2012255821	2012297809	41988	775.66	425.56	887.38	424.40	2.44	130.09	0.43	58.05	5530.98	-5140.64	3630.77
Saccade R	1	4	2012255821	2012297809	41988	775.66	425.56	887.38	424.40	2.44	130.09	0.43	58.05	5530.98	-5140.64	3630.77
Fixation L	1	5	2012297809	2012499936	202127	888.16	419.75	9	16	-1	14.13	14.13
Fixation R	1	5	2012297809	2012499936	202127	888.16	419.75	9	16	-1	15.19	15.19
Saccade L	1	5	2012499936	2012543948	44012	885.16	418.91	951.37	399.36	1.63	93.70	0.50	37.05	3608.82	-3427.90	2217.72
Saccade R	1	5	2012499936	2012543948	44012	885.16	418.91	951.37	399.36	1.63	93.70	0.50	37.05	3608.82	-3427.90	2217.72
Fixation L	1	6	2012543948	2012824038	280090	955.79	408.14	8	20	-1	14.04	14.04
Fixation R	1	6	2012543948	2012824038	280090	955.79	408.14	8	20	-1	15.11	15.11
Saccade L	1	6	2012824038	2012872061	48023	953.92	403.88	1099.59	421.17	3.29	181.14	0.37	68.53	7706.81	-6865.90	4468.25
Saccade R	1	6	2012824038	2012872061	48023	953.92	403.88	1099.59	421.17	3.29	181.14	0.37	68.53	7706.81	-6865.90	4468.25
Fixation L	1	7	2012872061	2013008155	136094	1097.30	414.57	6	20	-1	14.01	14.01
Fixation R	1	7	2012872061	2013008155	136094	1097.30	414.57	6	20	-1	15.14	15.14
Saccade L	1	7	2013008155	2013046151	37996	1094.61	419.68	1160.73	417.42	1.53	96.59	0.32	40.40	3915.03	-3484.56	2155.28
Saccade R	1	7	2013008155	2013046151	37996	1094.61	419.68	1160.73	417.42	1.53	96.59	0.32	40.40	3915.03	-3484.56	2155.28
Fixation L	1	8	2013046151	2013462646	416495	1158.85	421.87	18	31	-1	14.04	14.04
Fixation R	1	8	2013046151	2013462646	416495	1158.85	421.87	18	31	-1	15.16	15.16
Blink L	1	1	2013462646	2013521273	58627
Blink R	1	1	2013462646	2013521273	58627
Blink L	1	2	2013521273	2014208600	687327
Blink R	1	2	2013521273	2014208600	687327
Fixation L	1	9	2014208600	2014754829	546229	919.20	927.68	34	30	-1	13.85	13.85
Fixation R	1	9	2014208600	2014754829	546229	919.20	927.68	34	30	-1	14.78	14.78
