[BeGaze]
Converted from:	C:\Program Files\SMI\Experiment Suite 360\Experiment Center 2\Results\RC-Attachment-Exp\P18-eye_data.idf
Date:	18.03.2012 20:13:39
Version:	BeGaze 3.0.181
Sample Rate:	500
Subject:	P18
Description:	Run23

Table Header for Fixations:
Event Type	Trial	Number	Start	End	Duration	Location X	Location Y	Dispersion X	Dispersion Y	Plane	Avg. Pupil Size X	Avg. Pupil Size Y

Table Header for Saccades:
Event Type	Trial	Number	Start	End	Duration	Start Loc.X	Start Loc.Y	End Loc.X	End Loc.Y	Amplitude	Peak Speed	Peak Speed At	Average Speed	Peak Accel.	Peak Decel.	Average Accel.

Table Header for Blinks:
Event Type	Trial	Number	Start	End	Duration

Table Header for User Events:
Event Type	Trial	Number	Start	Description

UserEvent	1	1	16925526468	# Message: RC-N2forced-nonanim-1.jpg
Fixation L	1	1	16925554913	16926273257	718344	492.06	413.39	47	47	-1	10.00	10.00
Fixation R	1	1	16925554913	16926273257	718344	492.06	413.39	47	47	-1	10.15	10.15
Saccade L	1	1	16926273257	16926311229	37972	474.10	392.44	547.21	428.99	1.75	90.28	0.42	46.22	3849.90	-3513.52	2554.95
Saccade R	1	1	16926273257	16926311229	37972	474.10	392.44	547.21	428.99	1.75	90.28	0.42	46.22	3849.90	-3513.52	2554.95
Saccade L	1	2	16926349231	16926411433	62202	539.32	428.38	641.19	415.95	2.73	145.57	0.35	43.96	5578.02	-5248.52	2569.44
Saccade R	1	2	16926349231	16926411433	62202	539.32	428.38	641.19	415.95	2.73	145.57	0.35	43.96	5578.02	-5248.52	2569.44
Fixation L	1	2	16926411433	16926577361	165928	636.94	409.00	38	33	-1	10.20	10.20
Fixation R	1	2	16926411433	16926577361	165928	636.94	409.00	38	33	-1	10.60	10.60
Saccade L	1	3	16926577361	16926619346	41985	614.06	391.64	676.83	435.53	1.75	94.75	0.33	41.69	3876.67	-3398.96	2322.38
Saccade R	1	3	16926577361	16926619346	41985	614.06	391.64	676.83	435.53	1.75	94.75	0.33	41.69	3876.67	-3398.96	2322.38
Fixation L	1	3	16926619346	16926691471	72125	685.98	438.62	13	5	-1	10.07	10.07
Fixation R	1	3	16926619346	16926691471	72125	685.98	438.62	13	5	-1	10.44	10.44
Saccade L	1	4	16926691471	16926745499	54028	689.18	439.55	786.35	435.37	2.40	84.39	0.41	44.49	3409.71	-2737.09	2104.69
Saccade R	1	4	16926691471	16926745499	54028	689.18	439.55	786.35	435.37	2.40	84.39	0.41	44.49	3409.71	-2737.09	2104.69
Fixation L	1	4	16926745499	16926863487	117988	793.86	424.69	18	43	-1	9.68	9.68
Fixation R	1	4	16926745499	16926863487	117988	793.86	424.69	18	43	-1	10.31	10.31
Saccade L	1	5	16926863487	16926889530	26043	789.72	398.31	766.51	444.39	1.07	71.00	0.46	41.11	2463.07	-1505.23	1419.76
Saccade R	1	5	16926863487	16926889530	26043	789.72	398.31	766.51	444.39	1.07	71.00	0.46	41.11	2463.07	-1505.23	1419.76
Blink L	1	1	16926889530	16927101609	212079
Blink R	1	1	16926889530	16927101609	212079
Fixation L	1	5	16927101609	16927411690	310081	851.20	437.10	26	67	-1	9.51	9.51
Fixation R	1	5	16927101609	16927411690	310081	851.20	437.10	26	67	-1	10.10	10.10
Saccade L	1	6	16927411690	16927439723	28033	860.59	458.74	814.42	446.22	0.98	61.75	0.43	34.93	2327.12	-2283.79	1670.51
Saccade R	1	6	16927411690	16927439723	28033	860.59	458.74	814.42	446.22	0.98	61.75	0.43	34.93	2327.12	-2283.79	1670.51
Fixation L	1	6	16927439723	16927527806	88083	836.00	436.70	32	32	-1	9.29	9.29
Fixation R	1	6	16927439723	16927527806	88083	836.00	436.70	32	32	-1	9.80	9.80
Saccade L	1	7	16927527806	16927581825	54019	846.54	423.41	945.36	425.63	2.42	92.10	0.26	44.77	3892.64	-3157.76	2119.94
Saccade R	1	7	16927527806	16927581825	54019	846.54	423.41	945.36	425.63	2.42	92.10	0.26	44.77	3892.64	-3157.76	2119.94
Fixation L	1	7	16927581825	16927717928	136103	931.28	432.43	22	15	-1	9.35	9.35
Fixation R	1	7	16927581825	16927717928	136103	931.28	432.43	22	15	-1	9.80	9.80
Saccade L	1	8	16927717928	16927751920	33992	923.01	431.35	987.85	425.35	1.40	86.79	0.41	41.30	3487.28	-3501.19	2487.40
Saccade R	1	8	16927717928	16927751920	33992	923.01	431.35	987.85	425.35	1.40	86.79	0.41	41.30	3487.28	-3501.19	2487.40
Fixation L	1	8	16927751920	16928060043	308123	968.37	411.06	39	23	-1	9.24	9.24
Fixation R	1	8	16927751920	16928060043	308123	968.37	411.06	39	23	-1	9.82	9.82
Saccade L	1	9	16928060043	16928100041	39998	957.83	404.92	1009.31	423.94	1.22	51.64	0.30	30.52	2158.80	-1523.80	1261.22
Saccade R	1	9	16928060043	16928100041	39998	957.83	404.92	1009.31	423.94	1.22	51.64	0.30	30.52	2158.80	-1523.80	1261.22
Fixation L	1	9	16928100041	16928204059	104018	1015.35	421.41	8	11	-1	9.19	9.19
Fixation R	1	9	16928100041	16928204059	104018	1015.35	421.41	8	11	-1	9.73	9.73
Saccade L	1	10	16928204059	16928260171	56112	1015.27	422.74	1097.73	419.99	2.18	108.55	0.53	38.94	4114.08	-4138.84	2320.41
Saccade R	1	10	16928204059	16928260171	56112	1015.27	422.74	1097.73	419.99	2.18	108.55	0.53	38.94	4114.08	-4138.84	2320.41
Fixation L	1	10	16928260171	16928432149	171978	1080.80	421.17	34	13	-1	9.30	9.30
Fixation R	1	10	16928260171	16928432149	171978	1080.80	421.17	34	13	-1	9.66	9.66
Saccade L	1	11	16928432149	16928480147	47998	1075.29	419.26	1198.54	414.20	2.86	164.69	0.34	59.63	7005.18	-6262.12	3752.19
Saccade R	1	11	16928432149	16928480147	47998	1075.29	419.26	1198.54	414.20	2.86	164.69	0.34	59.63	7005.18	-6262.12	3752.19
Fixation L	1	11	16928480147	16928640279	160132	1198.28	404.83	31	39	-1	9.18	9.18
Fixation R	1	11	16928480147	16928640279	160132	1198.28	404.83	31	39	-1	9.66	9.66
Saccade L	1	12	16928640279	16928728267	87988	1192.46	390.49	863.51	903.86	13.91	406.95	0.57	158.07	14861.43	-16893.17	7799.91
Saccade R	1	12	16928640279	16928728267	87988	1192.46	390.49	863.51	903.86	13.91	406.95	0.57	158.07	14861.43	-16893.17	7799.91
Saccade L	1	13	16928756262	16928786283	30021	856.62	925.37	872.38	887.67	0.81	43.81	0.33	27.09	1112.77	-1709.14	1034.23
Saccade R	1	13	16928756262	16928786283	30021	856.62	925.37	872.38	887.67	0.81	43.81	0.33	27.09	1112.77	-1709.14	1034.23
Fixation L	1	12	16928786283	16929162740	376457	873.30	920.86	46	68	-1	10.00	10.00
Fixation R	1	12	16928786283	16929162740	376457	873.30	920.86	46	68	-1	10.21	10.21
Saccade L	1	14	16929162740	16929198490	35750	867.00	917.11	838.81	931.00	0.84	40.84	0.39	23.59	1507.39	-1154.26	836.66
Saccade R	1	14	16929162740	16929198490	35750	867.00	917.11	838.81	931.00	0.84	40.84	0.39	23.59	1507.39	-1154.26	836.66
Fixation L	1	13	16929198490	16929252529	54039	854.79	921.33	25	17	-1	10.14	10.14
Fixation R	1	13	16929198490	16929252529	54039	854.79	921.33	25	17	-1	10.57	10.57
