[BeGaze]
Converted from:	C:\Program Files\SMI\Experiment Suite 360\Experiment Center 2\Results\RC-Attachment-Exp\deneme-eye_data.idf
Date:	24.02.2012 09:57:39
Version:	BeGaze 3.0.181
Sample Rate:	500
Subject:	deneme
Description:	Run3

Table Header for Fixations:
Event Type	Trial	Number	Start	End	Duration	Location X	Location Y	Dispersion X	Dispersion Y	Plane	Avg. Pupil Size X	Avg. Pupil Size Y

Table Header for Saccades:
Event Type	Trial	Number	Start	End	Duration	Start Loc.X	Start Loc.Y	End Loc.X	End Loc.Y	Amplitude	Peak Speed	Peak Speed At	Average Speed	Peak Accel.	Peak Decel.	Average Accel.

Table Header for Blinks:
Event Type	Trial	Number	Start	End	Duration

Table Header for User Events:
Event Type	Trial	Number	Start	Description

UserEvent	1	1	9046286070	# Message: Dist-orthm-36.jpg
Fixation L	1	1	9046286534	9046338189	51655	480.09	440.41	6	7	-1	10.06	10.06
Fixation R	1	1	9046286534	9046338189	51655	480.09	440.41	6	7	-1	9.35	9.35
Saccade L	1	1	9046338189	9046386685	48496	477.00	444.75	473.86	449.68	19.70	834.24	0.68	406.28	33996.46	-33171.78	23638.21
Saccade R	1	1	9046338189	9046386685	48496	477.00	444.75	473.86	449.68	19.70	834.24	0.68	406.28	33996.46	-33171.78	23638.21
Fixation L	1	2	9046446149	9046724283	278134	484.86	443.06	42	24	-1	9.84	9.84
Fixation R	1	2	9046446149	9046724283	278134	484.86	443.06	42	24	-1	9.26	9.26
Saccade L	1	2	9046724283	9046755546	31263	493.14	456.05	570.57	441.17	1.79	102.52	0.45	57.17	4202.03	-4056.37	3029.54
Saccade R	1	2	9046724283	9046755546	31263	493.14	456.05	570.57	441.17	1.79	102.52	0.45	57.17	4202.03	-4056.37	3029.54
Fixation L	1	3	9046755546	9046883776	128230	572.01	437.69	13	19	-1	9.73	9.73
Fixation R	1	3	9046755546	9046883776	128230	572.01	437.69	13	19	-1	9.21	9.21
Saccade L	1	3	9046883776	9046908498	24722	568.59	438.91	614.26	436.19	0.99	63.18	0.43	40.07	2372.68	-2480.48	1735.26
Saccade R	1	3	9046883776	9046908498	24722	568.59	438.91	614.26	436.19	0.99	63.18	0.43	40.07	2372.68	-2480.48	1735.26
Fixation L	1	4	9046908498	9047140544	232046	618.18	433.24	10	18	-1	9.67	9.67
Fixation R	1	4	9046908498	9047140544	232046	618.18	433.24	10	18	-1	9.21	9.21
Saccade L	1	4	9047140544	9047166514	25970	616.41	427.09	699.80	425.71	1.77	123.23	0.47	68.18	4907.58	-4694.87	3393.51
Saccade R	1	4	9047140544	9047166514	25970	616.41	427.09	699.80	425.71	1.77	123.23	0.47	68.18	4907.58	-4694.87	3393.51
Fixation L	1	5	9047166514	9047218502	51988	702.10	425.00	10	13	-1	9.62	9.62
Fixation R	1	5	9047166514	9047218502	51988	702.10	425.00	10	13	-1	9.25	9.25
Saccade L	1	5	9047218502	9047248525	30023	701.34	426.48	705.36	429.42	7.04	291.30	0.60	234.34	13149.10	-13232.58	10186.01
Saccade R	1	5	9047218502	9047248525	30023	701.34	426.48	705.36	429.42	7.04	291.30	0.60	234.34	13149.10	-13232.58	10186.01
Fixation L	1	6	9047248525	9047310518	61993	708.28	429.08	17	26	-1	9.54	9.54
Fixation R	1	6	9047248525	9047310518	61993	708.28	429.08	17	26	-1	9.14	9.14
Saccade L	1	6	9047310518	9047336512	25994	711.95	444.93	659.64	400.94	0.98	61.51	0.69	37.54	3411.90	166.41	1354.54
Saccade R	1	6	9047310518	9047336512	25994	711.95	444.93	659.64	400.94	0.98	61.51	0.69	37.54	3411.90	166.41	1354.54
Saccade L	1	7	9047336512	9047388615	52103	659.64	400.94	780.68	423.87	18.93	914.41	0.62	363.31	31113.17	-37611.54	23018.09
Saccade R	1	7	9047336512	9047388615	52103	659.64	400.94	780.68	423.87	18.93	914.41	0.62	363.31	31113.17	-37611.54	23018.09
Saccade L	1	8	9047422619	9047454660	32041	780.20	426.39	784.07	421.96	17.40	861.15	0.75	542.98	37381.86	-33067.60	26746.19
Saccade R	1	8	9047422619	9047454660	32041	780.20	426.39	784.07	421.96	17.40	861.15	0.75	542.98	37381.86	-33067.60	26746.19
Fixation L	1	7	9047454660	9047534619	79959	779.59	429.76	11	21	-1	9.51	9.51
Fixation R	1	7	9047454660	9047534619	79959	779.59	429.76	11	21	-1	9.10	9.10
Saccade L	1	9	9047534619	9047558729	24110	774.90	423.02	852.18	443.04	1.74	135.63	0.50	72.27	5208.25	-4730.92	3501.27
Saccade R	1	9	9047534619	9047558729	24110	774.90	423.02	852.18	443.04	1.74	135.63	0.50	72.27	5208.25	-4730.92	3501.27
Fixation L	1	8	9047622612	9047680779	58167	866.31	436.40	79	12	-1	9.51	9.51
Fixation R	1	8	9047622612	9047680779	58167	866.31	436.40	79	12	-1	9.06	9.06
Fixation L	1	9	9047710738	9048068847	358109	775.88	410.24	959	1096	-1	9.67	9.67
Fixation R	1	9	9047710738	9048003132	292394	852.64	434.50	41	27	-1	9.09	9.09
Blink R	1	1	9048003132	9048183023	179891
Fixation L	1	10	9048183023	9048273008	89985	977.81	419.70	41	10	-1	9.44	9.44
Fixation R	1	10	9048183023	9048273008	89985	977.81	419.70	41	10	-1	8.98	8.98
Fixation L	1	11	9048350968	9048535081	184113	1033.36	415.94	67	39	-1	9.53	9.53
Fixation R	1	11	9048350968	9048535081	184113	1033.36	415.94	67	39	-1	9.19	9.19
Saccade L	1	10	9048535081	9048559086	24005	1019.61	410.11	1040.61	397.48	0.88	55.48	0.33	36.47	1339.82	-955.41	768.51
Saccade R	1	10	9048535081	9048559086	24005	1019.61	410.11	1040.61	397.48	0.88	55.48	0.33	36.47	1339.82	-955.41	768.51
Saccade L	1	11	9048564137	9048587106	22969	1030.97	393.43	1074.91	426.45	0.85	55.23	0.30	36.84	1057.45	-1439.09	865.31
Saccade R	1	11	9048564137	9048587106	22969	1030.97	393.43	1074.91	426.45	0.85	55.23	0.30	36.84	1057.45	-1439.09	865.31
Saccade L	1	12	9048613093	9048641458	28365	1070.24	405.73	1082.33	413.24	1.50	81.86	0.42	52.95	1991.90	-2485.01	1808.93
Saccade R	1	12	9048613093	9048641458	28365	1070.24	405.73	1082.33	413.24	1.50	81.86	0.42	52.95	1991.90	-2485.01	1808.93
Saccade L	1	13	9048676110	9048701086	24976	1076.13	415.38	1148.42	405.96	1.52	109.80	0.52	61.03	4123.49	-4268.02	3004.42
Saccade R	1	13	9048676110	9048701086	24976	1076.13	415.38	1148.42	405.96	1.52	109.80	0.52	61.03	4123.49	-4268.02	3004.42
Fixation L	1	12	9048701086	9048879375	178289	1145.84	408.47	28	19	-1	9.43	9.43
Fixation R	1	12	9048701086	9048962340	261254	924.26	348.71	1557	916	-1	8.08	8.05
Blink L	1	1	9048879375	9049059389	180014
Fixation L	1	13	9049059389	9049199682	140293	1144.38	400.55	34	26	-1	9.60	9.60
Fixation R	1	13	9049059389	9049199682	140293	1144.38	400.55	34	26	-1	9.25	9.25
Saccade L	1	14	9049199682	9049271445	71763	1141.02	386.88	840.37	924.57	14.41	353.91	0.55	200.83	14353.82	-10570.91	8145.14
Saccade R	1	14	9049199682	9049271445	71763	1141.02	386.88	840.37	924.57	14.41	353.91	0.55	200.83	14353.82	-10570.91	8145.14
Fixation L	1	14	9049271445	9049415438	143993	834.17	954.15	30	49	-1	10.29	10.29
Fixation R	1	14	9049271445	9049415438	143993	834.17	954.15	30	49	-1	10.00	10.00
Saccade L	1	15	9049415438	9049478131	62693	835.84	962.45	857.70	986.92	1.86	48.21	0.51	29.64	994.49	-1064.77	734.46
Saccade R	1	15	9049415438	9049478131	62693	835.84	962.45	857.70	986.92	1.86	48.21	0.51	29.64	994.49	-1064.77	734.46
Saccade L	1	16	9049511561	9049557779	46218	853.42	1018.19	849.96	967.05	1.61	49.81	0.26	34.88	594.09	-667.82	371.08
Saccade R	1	16	9049511561	9049557779	46218	853.42	1018.19	849.96	967.05	1.61	49.81	0.26	34.88	594.09	-667.82	371.08
Saccade L	1	17	9049595553	9049623576	28023	813.79	961.74	859.27	972.24	1.03	58.58	0.43	36.93	1427.76	-1816.90	1190.62
Saccade R	1	17	9049595553	9049623576	28023	813.79	961.74	859.27	972.24	1.03	58.58	0.43	36.93	1427.76	-1816.90	1190.62
Fixation L	1	15	9049623576	9049695556	71980	844.84	971.10	33	19	-1	10.41	10.41
Fixation R	1	15	9049623576	9049695556	71980	844.84	971.10	33	19	-1	9.72	9.72
Saccade L	1	18	9049695556	9049741554	45998	841.72	963.27	872.77	936.77	1.40	48.47	0.49	30.51	1329.77	-1152.80	793.30
Saccade R	1	18	9049695556	9049741554	45998	841.72	963.27	872.77	936.77	1.40	48.47	0.49	30.51	1329.77	-1152.80	793.30
