[BeGaze]
Converted from:	C:\Program Files\SMI\Experiment Suite 360\Experiment Center 2\Results\RC-Attachment-Exp\P09-eye_data.idf
Date:	18.03.2012 20:07:37
Version:	BeGaze 3.0.181
Sample Rate:	500
Subject:	P09
Description:	Run14

Table Header for Fixations:
Event Type	Trial	Number	Start	End	Duration	Location X	Location Y	Dispersion X	Dispersion Y	Plane	Avg. Pupil Size X	Avg. Pupil Size Y

Table Header for Saccades:
Event Type	Trial	Number	Start	End	Duration	Start Loc.X	Start Loc.Y	End Loc.X	End Loc.Y	Amplitude	Peak Speed	Peak Speed At	Average Speed	Peak Accel.	Peak Decel.	Average Accel.

Table Header for Blinks:
Event Type	Trial	Number	Start	End	Duration

Table Header for User Events:
Event Type	Trial	Number	Start	Description

UserEvent	1	1	7262658343	# Message: RC-N1forced-anim-2.jpg
Fixation L	1	1	7262660692	7263328193	667501	495.67	442.87	46	49	-1	12.20	12.20
Fixation R	1	1	7262660692	7263328193	667501	495.67	442.87	46	49	-1	12.85	12.85
Saccade L	1	1	7263328193	7263360175	31982	499.54	428.13	547.01	448.57	1.17	58.35	0.44	36.52	2120.22	-1814.60	1411.67
Saccade R	1	1	7263328193	7263360175	31982	499.54	428.13	547.01	448.57	1.17	58.35	0.44	36.52	2120.22	-1814.60	1411.67
Fixation L	1	2	7263360175	7263710299	350124	540.03	464.01	37	46	-1	12.04	12.04
Fixation R	1	2	7263360175	7263710299	350124	540.03	464.01	37	46	-1	12.95	12.95
Saccade L	1	2	7263710299	7263738412	28113	541.71	444.56	595.72	430.33	1.17	65.88	0.43	41.63	1997.23	-2406.85	1579.56
Saccade R	1	2	7263710299	7263738412	28113	541.71	444.56	595.72	430.33	1.17	65.88	0.43	41.63	1997.23	-2406.85	1579.56
Fixation L	1	3	7263738412	7263992616	254204	587.11	450.54	21	45	-1	12.03	12.03
Fixation R	1	3	7263738412	7263992616	254204	587.11	450.54	21	45	-1	12.98	12.98
Saccade L	1	3	7263992616	7264016593	23977	579.17	457.67	525.92	463.90	1.12	76.49	0.50	46.78	2909.90	-3000.89	2080.57
Saccade R	1	3	7263992616	7264016593	23977	579.17	457.67	525.92	463.90	1.12	76.49	0.50	46.78	2909.90	-3000.89	2080.57
Fixation L	1	4	7264016593	7264286656	270063	515.90	454.21	25	27	-1	12.05	12.05
Fixation R	1	4	7264016593	7264286656	270063	515.90	454.21	25	27	-1	12.99	12.99
Saccade L	1	4	7264286656	7264312846	26190	512.16	459.10	577.79	461.84	1.62	109.53	0.46	61.76	4116.34	-4372.87	2907.13
Saccade R	1	4	7264286656	7264312846	26190	512.16	459.10	577.79	461.84	1.62	109.53	0.46	61.76	4116.34	-4372.87	2907.13
Fixation L	1	5	7264312846	7264760775	447929	594.96	460.81	56	53	-1	12.10	12.10
Fixation R	1	5	7264312846	7264760775	447929	594.96	460.81	56	53	-1	12.90	12.90
Saccade L	1	5	7264760775	7264805014	44239	594.93	441.44	710.25	446.34	2.77	126.64	0.32	62.51	5624.57	-4542.23	3286.64
Saccade R	1	5	7264760775	7264805014	44239	594.93	441.44	710.25	446.34	2.77	126.64	0.32	62.51	5624.57	-4542.23	3286.64
Fixation L	1	6	7264805014	7265229874	424860	700.35	434.57	51	30	-1	11.89	11.89
Fixation R	1	6	7264805014	7265229874	424860	700.35	434.57	51	30	-1	12.70	12.70
Saccade L	1	6	7265229874	7265253032	23158	693.47	437.05	756.15	450.45	1.32	98.35	0.48	56.93	3161.77	-3570.83	2362.69
Saccade R	1	6	7265229874	7265253032	23158	693.47	437.05	756.15	450.45	1.32	98.35	0.48	56.93	3161.77	-3570.83	2362.69
Fixation L	1	7	7265253032	7265433794	180762	769.35	428.32	25	44	-1	11.78	11.78
Fixation R	1	7	7265253032	7265433794	180762	769.35	428.32	25	44	-1	12.44	12.44
Saccade L	1	7	7265433794	7265481126	47332	770.86	408.72	842.88	443.24	1.78	67.01	0.20	37.52	2275.53	-1560.37	1141.92
Saccade R	1	7	7265433794	7265481126	47332	770.86	408.72	842.88	443.24	1.78	67.01	0.20	37.52	2275.53	-1560.37	1141.92
Fixation L	1	8	7265481126	7265649253	168127	830.12	435.10	33	18	-1	11.87	11.87
Fixation R	1	8	7265481126	7265649253	168127	830.12	435.10	33	18	-1	12.52	12.52
Saccade L	1	8	7265649253	7265679289	30036	837.18	424.26	889.60	430.27	1.11	59.71	0.40	36.81	2125.58	-1958.95	1463.87
Saccade R	1	8	7265649253	7265679289	30036	837.18	424.26	889.60	430.27	1.11	59.71	0.40	36.81	2125.58	-1958.95	1463.87
Fixation L	1	9	7265679289	7265779249	99960	902.17	433.23	28	13	-1	11.93	11.93
Fixation R	1	9	7265679289	7265779249	99960	902.17	433.23	28	13	-1	12.49	12.49
Saccade L	1	9	7265779249	7265807259	28010	887.93	438.94	843.03	429.85	1.03	57.28	0.57	36.66	1627.53	-1948.31	1308.18
Saccade R	1	9	7265779249	7265807259	28010	887.93	438.94	843.03	429.85	1.03	57.28	0.57	36.66	1627.53	-1948.31	1308.18
Fixation L	1	10	7265807259	7266073447	266188	831.39	435.16	55	38	-1	11.82	11.82
Fixation R	1	10	7265807259	7266073447	266188	831.39	435.16	55	38	-1	12.46	12.46
Saccade L	1	10	7266073447	7266097359	23912	838.14	434.17	882.31	438.20	0.86	51.87	0.42	35.89	2171.34	-1961.01	1446.00
Saccade R	1	10	7266073447	7266097359	23912	838.14	434.17	882.31	438.20	0.86	51.87	0.42	35.89	2171.34	-1961.01	1446.00
Fixation L	1	11	7266097359	7266264884	167525	901.30	435.55	34	20	-1	11.79	11.79
Fixation R	1	11	7266097359	7266264884	167525	901.30	435.55	34	20	-1	12.40	12.40
Saccade L	1	11	7266264884	7266300390	35506	902.79	425.38	955.36	442.74	1.49	64.43	0.62	41.93	2636.87	-2350.36	1824.29
Saccade R	1	11	7266264884	7266300390	35506	902.79	425.38	955.36	442.74	1.49	64.43	0.62	41.93	2636.87	-2350.36	1824.29
Fixation L	1	12	7266300390	7266499607	199217	960.59	423.46	20	37	-1	11.80	11.80
Fixation R	1	12	7266300390	7266499607	199217	960.59	423.46	20	37	-1	12.49	12.49
Saccade L	1	12	7266499607	7266523609	24002	951.56	444.83	1015.71	446.40	1.45	110.95	0.50	60.33	4249.07	-4154.56	2932.92
Saccade R	1	12	7266499607	7266523609	24002	951.56	444.83	1015.71	446.40	1.45	110.95	0.50	60.33	4249.07	-4154.56	2932.92
Fixation L	1	13	7266523609	7266911845	388236	1003.90	448.95	29	23	-1	11.77	11.77
Fixation R	1	13	7266523609	7266911845	388236	1003.90	448.95	29	23	-1	12.42	12.42
Saccade L	1	13	7266911845	7266945843	33998	1002.05	455.86	1126.36	409.44	2.99	196.09	0.47	88.06	7881.09	-7426.81	5299.88
Saccade R	1	13	7266911845	7266945843	33998	1002.05	455.86	1126.36	409.44	2.99	196.09	0.47	88.06	7881.09	-7426.81	5299.88
Fixation L	1	14	7266945843	7267854202	908359	1129.34	423.72	36	52	-1	11.72	11.72
Fixation R	1	14	7266945843	7267854202	908359	1129.34	423.72	36	52	-1	12.41	12.41
Saccade L	1	14	7267854202	7267910795	56593	1130.21	429.06	587.80	448.11	12.27	388.85	0.35	216.77	16793.16	-13355.03	10494.10
Saccade R	1	14	7267854202	7267910795	56593	1130.21	429.06	587.80	448.11	12.27	388.85	0.35	216.77	16793.16	-13355.03	10494.10
Fixation L	1	15	7267910795	7268029973	119178	581.29	436.65	9	20	-1	12.12	12.12
Fixation R	1	15	7267910795	7268029973	119178	581.29	436.65	9	20	-1	12.64	12.64
Saccade L	1	15	7268029973	7268052653	22680	579.81	440.66	504.43	427.18	1.57	119.77	0.36	69.06	5137.90	-4616.87	3398.45
Saccade R	1	15	7268029973	7268052653	22680	579.81	440.66	504.43	427.18	1.57	119.77	0.36	69.06	5137.90	-4616.87	3398.45
Fixation L	1	16	7268052653	7268352447	299794	525.07	430.88	36	25	-1	11.99	11.99
Fixation R	1	16	7268052653	7268352447	299794	525.07	430.88	36	25	-1	12.67	12.67
Blink L	1	1	7268352447	7268554564	202117
Blink R	1	1	7268352447	7268554564	202117
Fixation L	1	17	7268578569	7270341658	1763089	884.62	874.97	57	101	-1	11.70	11.70
Fixation R	1	17	7268578569	7270341658	1763089	884.62	874.97	57	101	-1	12.61	12.61
Fixation L	1	18	7270361292	7270961509	600217	903.24	877.41	68	61	-1	11.86	11.86
Fixation R	1	18	7270361292	7270961509	600217	903.24	877.41	68	61	-1	12.59	12.59
Saccade L	1	16	7270961509	7270988138	26629	915.03	879.13	853.06	885.93	1.30	79.69	0.38	48.64	3406.86	-2947.16	2280.31
Saccade R	1	16	7270961509	7270988138	26629	915.03	879.13	853.06	885.93	1.30	79.69	0.38	48.64	3406.86	-2947.16	2280.31
Fixation L	1	19	7270988138	7271323770	335632	871.54	899.04	57	52	-1	11.95	11.95
Fixation R	1	19	7270988138	7271323770	335632	871.54	899.04	57	52	-1	12.80	12.80
Saccade L	1	17	7271323770	7271345755	21985	846.54	905.15	879.95	891.27	0.72	45.08	0.46	32.79	1698.67	-1580.59	1209.48
Saccade R	1	17	7271323770	7271345755	21985	846.54	905.15	879.95	891.27	0.72	45.08	0.46	32.79	1698.67	-1580.59	1209.48
Fixation L	1	20	7271345755	7272107650	761895	909.19	897.20	78	51	-1	11.72	11.72
Fixation R	1	20	7271345755	7272107650	761895	909.19	897.20	78	51	-1	12.66	12.66
Saccade L	1	18	7272107650	7272136114	28464	927.59	878.41	877.76	873.99	1.04	54.10	0.37	36.69	2317.22	-1898.11	1482.38
Saccade R	1	18	7272107650	7272136114	28464	927.59	878.41	877.76	873.99	1.04	54.10	0.37	36.69	2317.22	-1898.11	1482.38
Fixation L	1	21	7272136114	7272350698	214584	875.83	881.56	41	18	-1	11.88	11.88
Fixation R	1	21	7272136114	7272350698	214584	875.83	881.56	41	18	-1	12.48	12.48
Saccade L	1	19	7272350698	7272372232	21534	899.89	884.82	856.23	878.34	0.79	52.78	0.54	36.91	1140.78	-2118.62	1189.59
Saccade R	1	19	7272350698	7272372232	21534	899.89	884.82	856.23	878.34	0.79	52.78	0.54	36.91	1140.78	-2118.62	1189.59
Fixation L	1	22	7272372232	7273223309	851077	887.74	888.88	108	45	-1	11.76	11.76
Fixation R	1	22	7272372232	7273223309	851077	887.74	888.88	108	45	-1	12.69	12.69
Saccade L	1	20	7273223309	7273250589	27280	934.56	890.76	863.34	885.16	1.53	96.43	0.49	55.92	3617.05	-3870.19	2722.10
Saccade R	1	20	7273223309	7273250589	27280	934.56	890.76	863.34	885.16	1.53	96.43	0.49	55.92	3617.05	-3870.19	2722.10
Fixation L	1	23	7273250589	7273467059	216470	872.38	891.93	52	15	-1	12.05	12.05
Fixation R	1	23	7273250589	7273467059	216470	872.38	891.93	52	15	-1	12.91	12.91
Saccade L	1	21	7273467059	7273516717	49658	908.23	888.84	877.20	849.95	1.58	60.31	0.20	31.83	1785.30	-1504.74	865.17
Saccade R	1	21	7273467059	7273516717	49658	908.23	888.84	877.20	849.95	1.58	60.31	0.20	31.83	1785.30	-1504.74	865.17
Fixation L	1	24	7273516717	7274109055	592338	880.09	880.26	44	55	-1	12.25	12.25
Fixation R	1	24	7273516717	7274109055	592338	880.09	880.26	44	55	-1	12.90	12.90
Saccade L	1	22	7274109055	7274134952	25897	875.52	860.56	870.11	898.96	0.84	44.24	0.38	32.39	1673.68	-1726.97	1248.26
Saccade R	1	22	7274109055	7274134952	25897	875.52	860.56	870.11	898.96	0.84	44.24	0.38	32.39	1673.68	-1726.97	1248.26
Fixation L	1	25	7274134952	7276620141	2485189	875.72	884.46	58	78	-1	12.63	12.63
Fixation R	1	25	7274134952	7276620141	2485189	875.72	884.46	58	78	-1	13.53	13.53
Blink L	1	2	7276620141	7276840416	220275
Blink R	1	2	7276620141	7276840416	220275
Fixation L	1	26	7276840416	7276914296	73880	844.41	830.35	28	69	-1	12.81	12.81
Fixation R	1	26	7276840416	7276914296	73880	844.41	830.35	28	69	-1	13.34	13.34
Saccade L	1	23	7276914296	7276944276	29980	846.77	864.29	886.29	909.29	1.22	63.09	0.35	40.74	2090.65	-2200.68	1548.93
Saccade R	1	23	7276914296	7276944276	29980	846.77	864.29	886.29	909.29	1.22	63.09	0.35	40.74	2090.65	-2200.68	1548.93
Fixation L	1	27	7276944276	7277168376	224100	862.65	891.05	57	60	-1	13.12	13.12
Fixation R	1	27	7276944276	7277168376	224100	862.65	891.05	57	60	-1	14.29	14.29
Saccade L	1	24	7277168376	7277195161	26785	862.12	937.45	861.23	873.87	1.31	86.67	0.37	49.03	2571.78	-3455.14	2159.72
Saccade R	1	24	7277168376	7277195161	26785	862.12	937.45	861.23	873.87	1.31	86.67	0.37	49.03	2571.78	-3455.14	2159.72
Fixation L	1	28	7277195161	7277258378	63217	863.78	897.90	14	64	-1	12.90	12.90
Fixation R	1	28	7277195161	7277258378	63217	863.78	897.90	14	64	-1	13.78	13.78
Saccade L	1	25	7277258378	7277292369	33991	861.62	934.87	855.95	873.17	1.34	60.23	0.46	39.56	1596.79	-2048.15	1329.37
Saccade R	1	25	7277258378	7277292369	33991	861.62	934.87	855.95	873.17	1.34	60.23	0.46	39.56	1596.79	-2048.15	1329.37
Fixation L	1	29	7277292369	7277446498	154129	847.81	910.36	40	68	-1	12.76	12.76
Fixation R	1	29	7277292369	7277446498	154129	847.81	910.36	40	68	-1	13.69	13.69
