[BeGaze]
Converted from:	C:\Program Files\SMI\Experiment Suite 360\Experiment Center 2\Results\RC-Attachment-Exp\deneme-eye_data.idf
Date:	18.03.2012 20:03:19
Version:	BeGaze 3.0.181
Sample Rate:	500
Subject:	deneme
Description:	Run3

Table Header for Fixations:
Event Type	Trial	Number	Start	End	Duration	Location X	Location Y	Dispersion X	Dispersion Y	Plane	Avg. Pupil Size X	Avg. Pupil Size Y

Table Header for Saccades:
Event Type	Trial	Number	Start	End	Duration	Start Loc.X	Start Loc.Y	End Loc.X	End Loc.Y	Amplitude	Peak Speed	Peak Speed At	Average Speed	Peak Accel.	Peak Decel.	Average Accel.

Table Header for Blinks:
Event Type	Trial	Number	Start	End	Duration

Table Header for User Events:
Event Type	Trial	Number	Start	Description

UserEvent	1	1	8745495386	# Message: RC-N2forced-nonanim-3x.jpg
Fixation L	1	1	8745495704	8745853177	357473	487.13	433.16	24	34	-1	10.12	10.12
Fixation R	1	1	8745495704	8745853177	357473	487.13	433.16	24	34	-1	9.57	9.57
Saccade L	1	1	8745853177	8745877178	24001	487.62	440.63	532.42	440.19	0.91	60.10	0.42	37.90	2154.44	-1993.73	1501.08
Saccade R	1	1	8745853177	8745877178	24001	487.62	440.63	532.42	440.19	0.91	60.10	0.42	37.90	2154.44	-1993.73	1501.08
Fixation L	1	2	8745877178	8746017322	140144	536.25	448.47	15	16	-1	10.14	10.14
Fixation R	1	2	8745877178	8746017322	140144	536.25	448.47	15	16	-1	9.68	9.68
Saccade L	1	2	8746017322	8746041341	24019	534.40	441.32	616.83	440.54	1.74	130.67	0.50	72.33	5334.86	-5332.73	3725.78
Saccade R	1	2	8746017322	8746041341	24019	534.40	441.32	616.83	440.54	1.74	130.67	0.50	72.33	5334.86	-5332.73	3725.78
Fixation L	1	3	8746041341	8746143304	101963	619.42	439.02	8	14	-1	10.29	10.29
Fixation R	1	3	8746041341	8746143304	101963	619.42	439.02	8	14	-1	9.63	9.63
Saccade L	1	3	8746143304	8746167293	23989	617.22	435.80	687.50	438.42	1.54	118.08	0.50	64.08	4543.78	-4567.03	3127.59
Saccade R	1	3	8746143304	8746167293	23989	617.22	435.80	687.50	438.42	1.54	118.08	0.50	64.08	4543.78	-4567.03	3127.59
Fixation L	1	4	8746167293	8746395411	228118	696.47	436.41	23	25	-1	10.23	10.23
Fixation R	1	4	8746167293	8746395411	228118	696.47	436.41	23	25	-1	9.82	9.82
Fixation L	1	5	8746415409	8746847644	432235	745.85	434.26	44	37	-1	9.97	9.97
Fixation R	1	5	8746415409	8746847644	432235	745.85	434.26	44	37	-1	9.63	9.63
Saccade L	1	4	8746847644	8746873895	26251	739.51	426.96	807.90	433.20	1.54	100.02	0.53	58.66	4066.53	-3915.87	2856.97
Saccade R	1	4	8746847644	8746873895	26251	739.51	426.96	807.90	433.20	1.54	100.02	0.53	58.66	4066.53	-3915.87	2856.97
Fixation L	1	6	8746873895	8747067773	193878	809.14	429.80	23	18	-1	9.89	9.89
Fixation R	1	6	8746873895	8747067773	193878	809.14	429.80	23	18	-1	9.56	9.56
Saccade L	1	5	8747067773	8747093766	25993	816.80	432.03	891.94	432.95	1.73	124.61	0.54	66.39	4493.88	-5077.82	3438.75
Saccade R	1	5	8747067773	8747093766	25993	816.80	432.03	891.94	432.95	1.73	124.61	0.54	66.39	4493.88	-5077.82	3438.75
Fixation L	1	7	8747093766	8747317884	224118	888.88	444.21	18	20	-1	9.91	9.91
Fixation R	1	7	8747093766	8747317884	224118	888.88	444.21	18	20	-1	9.63	9.63
Saccade L	1	6	8747317884	8747344430	26546	894.31	448.46	972.38	442.60	1.72	120.76	0.45	64.96	4762.44	-4517.05	3268.26
Saccade R	1	6	8747317884	8747344430	26546	894.31	448.46	972.38	442.60	1.72	120.76	0.45	64.96	4762.44	-4517.05	3268.26
Fixation L	1	8	8747344430	8747586016	241586	972.73	429.37	22	21	-1	9.78	9.78
Fixation R	1	8	8747344430	8747586016	241586	972.73	429.37	22	21	-1	9.46	9.46
Saccade L	1	7	8747586016	8747612003	25987	964.60	434.68	1033.48	432.85	1.42	94.80	0.47	54.78	3443.53	-3467.98	2501.44
Saccade R	1	7	8747586016	8747612003	25987	964.60	434.68	1033.48	432.85	1.42	94.80	0.47	54.78	3443.53	-3467.98	2501.44
Fixation L	1	9	8747612003	8747688100	76097	1042.36	415.93	19	25	-1	9.56	9.56
Fixation R	1	9	8747612003	8747688100	76097	1042.36	415.93	19	25	-1	9.44	9.44
Saccade L	1	8	8747688100	8747713328	25228	1039.89	414.85	1120.73	419.06	1.91	134.28	0.47	75.75	4991.98	-5320.31	3494.04
Saccade R	1	8	8747688100	8747713328	25228	1039.89	414.85	1120.73	419.06	1.91	134.28	0.47	75.75	4991.98	-5320.31	3494.04
Fixation L	1	10	8747713328	8748020112	306784	1119.52	412.65	42	30	-1	9.51	9.51
Fixation R	1	10	8747713328	8748020112	306784	1119.52	412.65	42	30	-1	9.44	9.44
Saccade L	1	9	8748020112	8748044121	24009	1127.79	398.36	1166.36	406.93	0.77	44.99	0.40	31.95	1184.68	-1537.01	998.05
Saccade R	1	9	8748020112	8748044121	24009	1127.79	398.36	1166.36	406.93	0.77	44.99	0.40	31.95	1184.68	-1537.01	998.05
Fixation L	1	11	8748044121	8748486350	442229	1156.94	412.04	26	21	-1	9.62	9.62
Fixation R	1	11	8748044121	8748486350	442229	1156.94	412.04	26	21	-1	9.48	9.48
Saccade L	1	10	8748486350	8748614352	128002	1150.71	412.84	870.07	930.81	13.84	224.95	0.34	108.10	7264.10	-4102.47	2881.58
Saccade R	1	10	8748486350	8748614352	128002	1150.71	412.84	870.07	930.81	13.84	224.95	0.34	108.10	7264.10	-4102.47	2881.58
Saccade L	1	11	8748654476	8748680471	25995	853.72	926.60	879.01	954.18	0.80	40.65	0.62	30.80	838.25	-746.31	591.71
Saccade R	1	11	8748654476	8748680471	25995	853.72	926.60	879.01	954.18	0.80	40.65	0.62	30.80	838.25	-746.31	591.71
Fixation L	1	12	8748680471	8748742471	62000	868.28	929.78	24	40	-1	10.10	10.10
Fixation R	1	12	8748680471	8748742471	62000	868.28	929.78	24	40	-1	10.05	10.05
Saccade L	1	12	8748742471	8748776777	34306	861.40	915.68	860.05	963.00	1.09	45.00	0.47	31.90	1412.95	-1481.50	1036.64
Saccade R	1	12	8748742471	8748776777	34306	861.40	915.68	860.05	963.00	1.09	45.00	0.47	31.90	1412.95	-1481.50	1036.64
Fixation L	1	13	8748776777	8749118581	341804	855.13	964.45	34	52	-1	10.15	10.15
Fixation R	1	13	8748776777	8749118581	341804	855.13	964.45	34	52	-1	10.02	10.02
