[BeGaze]
Converted from:	C:\Program Files\SMI\Experiment Suite 360\Experiment Center 2\Results\RC-Attachment-Exp\P12-eye_data.idf
Date:	18.03.2012 20:09:35
Version:	BeGaze 3.0.181
Sample Rate:	500
Subject:	P12
Description:	Run17

Table Header for Fixations:
Event Type	Trial	Number	Start	End	Duration	Location X	Location Y	Dispersion X	Dispersion Y	Plane	Avg. Pupil Size X	Avg. Pupil Size Y

Table Header for Saccades:
Event Type	Trial	Number	Start	End	Duration	Start Loc.X	Start Loc.Y	End Loc.X	End Loc.Y	Amplitude	Peak Speed	Peak Speed At	Average Speed	Peak Accel.	Peak Decel.	Average Accel.

Table Header for Blinks:
Event Type	Trial	Number	Start	End	Duration

Table Header for User Events:
Event Type	Trial	Number	Start	Description

UserEvent	1	1	11530535009	# Message: RC-N1forced-anim-4.jpg
Fixation L	1	1	11530535666	11531098016	562350	504.79	432.62	40	43	-1	12.89	12.89
Fixation R	1	1	11530535666	11531098016	562350	504.79	432.62	40	43	-1	12.64	12.64
Saccade L	1	1	11531098016	11531120020	22004	496.00	416.60	594.65	407.91	1.99	156.83	0.54	90.27	6587.63	-6311.69	4317.42
Saccade R	1	1	11531098016	11531120020	22004	496.00	416.60	594.65	407.91	1.99	156.83	0.54	90.27	6587.63	-6311.69	4317.42
Fixation L	1	2	11531120020	11531310017	189997	586.41	408.19	15	13	-1	13.24	13.24
Fixation R	1	2	11531120020	11531310017	189997	586.41	408.19	15	13	-1	12.92	12.92
Saccade L	1	2	11531310017	11531334125	24108	589.21	411.92	626.59	410.79	0.79	46.86	0.41	32.69	1891.09	-1458.40	1170.83
Saccade R	1	2	11531310017	11531334125	24108	589.21	411.92	626.59	410.79	0.79	46.86	0.41	32.69	1891.09	-1458.40	1170.83
Fixation L	1	3	11531334125	11531478122	143997	623.17	400.99	24	14	-1	13.09	13.09
Fixation R	1	3	11531334125	11531478122	143997	623.17	400.99	24	14	-1	12.79	12.79
Saccade L	1	3	11531478122	11531502118	23996	630.43	402.12	526.41	414.95	2.20	179.22	0.50	91.64	6574.81	-7178.07	4758.67
Saccade R	1	3	11531478122	11531502118	23996	630.43	402.12	526.41	414.95	2.20	179.22	0.50	91.64	6574.81	-7178.07	4758.67
Fixation L	1	4	11531502118	11531706317	204199	545.45	423.18	33	38	-1	13.04	13.04
Fixation R	1	4	11531502118	11531706317	204199	545.45	423.18	33	38	-1	12.49	12.49
Saccade L	1	4	11531706317	11531734242	27925	541.34	451.75	624.66	455.27	1.90	125.58	0.57	67.93	5184.69	-5112.09	3707.13
Saccade R	1	4	11531706317	11531734242	27925	541.34	451.75	624.66	455.27	1.90	125.58	0.57	67.93	5184.69	-5112.09	3707.13
Fixation L	1	5	11531734242	11532072453	338211	645.27	427.33	37	48	-1	12.86	12.86
Fixation R	1	5	11531734242	11532072453	338211	645.27	427.33	37	48	-1	12.53	12.53
Saccade L	1	5	11532072453	11532098384	25931	636.77	417.55	740.53	431.77	2.37	177.67	0.46	91.40	7389.29	-6698.59	5021.83
Saccade R	1	5	11532072453	11532098384	25931	636.77	417.55	740.53	431.77	2.37	177.67	0.46	91.40	7389.29	-6698.59	5021.83
Fixation L	1	6	11532098384	11532312498	214114	738.33	435.59	18	31	-1	12.71	12.71
Fixation R	1	6	11532098384	11532312498	214114	738.33	435.59	18	31	-1	12.32	12.32
Fixation L	1	7	11532330474	11532440598	110124	764.72	432.53	30	42	-1	12.82	12.82
Fixation R	1	7	11532330474	11532440598	110124	764.72	432.53	30	42	-1	12.51	12.51
Saccade L	1	6	11532440598	11532470601	30003	752.62	454.02	837.84	440.59	1.91	121.89	0.46	63.61	5045.24	-4845.13	3530.47
Saccade R	1	6	11532440598	11532470601	30003	752.62	454.02	837.84	440.59	1.91	121.89	0.46	63.61	5045.24	-4845.13	3530.47
Fixation L	1	8	11532470601	11532690762	220161	848.72	438.79	26	39	-1	12.54	12.54
Fixation R	1	8	11532470601	11532690762	220161	848.72	438.79	26	39	-1	12.31	12.31
Saccade L	1	7	11532690762	11532712969	22207	861.71	427.09	908.26	422.51	1.01	73.32	0.45	45.48	2621.57	-2710.79	1841.98
Saccade R	1	7	11532690762	11532712969	22207	861.71	427.09	908.26	422.51	1.01	73.32	0.45	45.48	2621.57	-2710.79	1841.98
Fixation L	1	9	11532712969	11532964849	251880	923.26	432.47	40	16	-1	12.31	12.31
Fixation R	1	9	11532712969	11532964849	251880	923.26	432.47	40	16	-1	12.21	12.21
Saccade L	1	8	11532964849	11532988842	23993	933.51	435.57	1004.29	432.77	1.52	111.01	0.50	63.49	4669.11	-4521.30	3224.89
Saccade R	1	8	11532964849	11532988842	23993	933.51	435.57	1004.29	432.77	1.52	111.01	0.50	63.49	4669.11	-4521.30	3224.89
Fixation L	1	10	11532988842	11533266956	278114	1002.61	429.74	22	34	-1	12.09	12.09
Fixation R	1	10	11532988842	11533266956	278114	1002.61	429.74	22	34	-1	11.89	11.89
Fixation L	1	11	11533286976	11533458953	171977	1053.44	421.56	26	25	-1	12.03	12.03
Fixation R	1	11	11533286976	11533458953	171977	1053.44	421.56	26	25	-1	11.83	11.83
Saccade L	1	9	11533458953	11533480950	21997	1058.94	434.07	1097.08	449.95	0.87	62.38	0.46	39.55	2326.28	-2247.55	1592.79
Saccade R	1	9	11533458953	11533480950	21997	1058.94	434.07	1097.08	449.95	0.87	62.38	0.46	39.55	2326.28	-2247.55	1592.79
Fixation L	1	12	11533480950	11533621074	140124	1076.02	437.27	34	21	-1	12.01	12.01
Fixation R	1	12	11533480950	11533621074	140124	1076.02	437.27	34	21	-1	11.73	11.73
Saccade L	1	10	11533621074	11533647072	25998	1070.02	434.91	1146.90	429.13	1.70	115.88	0.46	65.23	4920.58	-4426.08	3286.30
Saccade R	1	10	11533621074	11533647072	25998	1070.02	434.91	1146.90	429.13	1.70	115.88	0.46	65.23	4920.58	-4426.08	3286.30
Fixation L	1	13	11533647072	11533873197	226125	1151.49	447.73	18	37	-1	11.93	11.93
Fixation R	1	13	11533647072	11533873197	226125	1151.49	447.73	18	37	-1	11.82	11.82
Saccade L	1	11	11533873197	11533937192	63995	1143.33	459.87	867.99	966.31	12.87	318.30	0.22	201.06	14572.26	-8552.72	7075.20
Saccade R	1	11	11533873197	11533937192	63995	1143.33	459.87	867.99	966.31	12.87	318.30	0.22	201.06	14572.26	-8552.72	7075.20
Fixation L	1	14	11533937192	11534139341	202149	859.31	952.25	41	35	-1	12.20	12.20
Fixation R	1	14	11533937192	11534139341	202149	859.31	952.25	41	35	-1	11.84	11.84
Saccade L	1	12	11534139341	11534163332	23991	849.68	939.34	898.94	948.04	1.07	77.17	0.50	44.54	3059.04	-2986.06	2078.94
Saccade R	1	12	11534139341	11534163332	23991	849.68	939.34	898.94	948.04	1.07	77.17	0.50	44.54	3059.04	-2986.06	2078.94
Fixation L	1	15	11534163332	11534535428	372096	897.18	938.25	20	40	-1	11.97	11.97
Fixation R	1	15	11534163332	11534535428	372096	897.18	938.25	20	40	-1	11.77	11.77
