[BeGaze]
Converted from:	C:\Program Files\SMI\Experiment Suite 360\Experiment Center 2\Results\RC-Attachment-Exp\P02-eye_data.idf
Date:	24.02.2012 09:57:23
Version:	BeGaze 3.0.181
Sample Rate:	500
Subject:	P02
Description:	Run2

Table Header for Fixations:
Event Type	Trial	Number	Start	End	Duration	Location X	Location Y	Dispersion X	Dispersion Y	Plane	Avg. Pupil Size X	Avg. Pupil Size Y

Table Header for Saccades:
Event Type	Trial	Number	Start	End	Duration	Start Loc.X	Start Loc.Y	End Loc.X	End Loc.Y	Amplitude	Peak Speed	Peak Speed At	Average Speed	Peak Accel.	Peak Decel.	Average Accel.

Table Header for Blinks:
Event Type	Trial	Number	Start	End	Duration

Table Header for User Events:
Event Type	Trial	Number	Start	Description

UserEvent	1	1	3209275909	# Message: RC-nonforced-nonanim-1.jpg
Fixation L	1	1	3209278643	3209550622	271979	464.24	428.54	22	24	-1	12.70	12.70
Fixation R	1	1	3209278643	3209550622	271979	464.24	428.54	22	24	-1	13.02	13.02
Saccade L	1	1	3209550622	3209584637	34015	458.77	423.10	557.34	428.02	2.16	124.62	0.47	63.41	4860.88	-4760.28	3497.43
Saccade R	1	1	3209550622	3209584637	34015	458.77	423.10	557.34	428.02	2.16	124.62	0.47	63.41	4860.88	-4760.28	3497.43
Fixation L	1	2	3209584637	3210112856	528219	537.85	430.61	49	27	-1	12.58	12.58
Fixation R	1	2	3209584637	3210112856	528219	537.85	430.61	49	27	-1	12.99	12.99
Saccade L	1	2	3210112856	3210140979	28123	523.97	429.11	586.62	439.58	1.42	91.90	0.57	50.36	3364.86	-3339.02	2399.48
Saccade R	1	2	3210112856	3210140979	28123	523.97	429.11	586.62	439.58	1.42	91.90	0.57	50.36	3364.86	-3339.02	2399.48
Fixation L	1	3	3210140979	3210299001	158022	589.50	437.21	17	19	-1	12.71	12.71
Fixation R	1	3	3210140979	3210299001	158022	589.50	437.21	17	19	-1	13.24	13.24
Fixation L	1	4	3210318995	3210725166	406171	628.58	444.76	31	27	-1	12.96	12.96
Fixation R	1	4	3210318995	3210725166	406171	628.58	444.76	31	27	-1	13.40	13.40
Saccade L	1	3	3210725166	3210747226	22060	621.58	441.26	694.77	443.44	1.53	134.73	0.55	69.23	4748.54	-4317.92	2881.79
Saccade R	1	3	3210725166	3210747226	22060	621.58	441.26	694.77	443.44	1.53	134.73	0.55	69.23	4748.54	-4317.92	2881.79
Fixation L	1	5	3210759209	3210903205	143996	685.82	443.01	17	17	-1	12.95	12.95
Fixation R	1	5	3210759209	3210903205	143996	685.82	443.01	17	17	-1	13.44	13.44
Fixation L	1	6	3210923203	3211237319	314116	723.50	444.22	33	25	-1	12.92	12.92
Fixation R	1	6	3210923203	3211237319	314116	723.50	444.22	33	25	-1	13.40	13.40
Saccade L	1	4	3211237319	3211259457	22138	719.67	446.26	747.76	432.53	0.71	46.90	0.55	32.28	1873.39	-1781.82	1226.00
Saccade R	1	4	3211237319	3211259457	22138	719.67	446.26	747.76	432.53	0.71	46.90	0.55	32.28	1873.39	-1781.82	1226.00
Fixation L	1	7	3211259457	3211477456	217999	755.36	436.57	18	18	-1	13.07	13.07
Fixation R	1	7	3211259457	3211477456	217999	755.36	436.57	18	18	-1	13.54	13.54
Saccade L	1	5	3211477456	3211509429	31973	757.73	434.69	820.13	443.07	1.36	70.37	0.53	42.57	2736.08	-2639.84	1979.33
Saccade R	1	5	3211477456	3211509429	31973	757.73	434.69	820.13	443.07	1.36	70.37	0.53	42.57	2736.08	-2639.84	1979.33
Fixation L	1	8	3211509429	3211779545	270116	821.78	443.77	17	20	-1	13.24	13.24
Fixation R	1	8	3211509429	3211779545	270116	821.78	443.77	17	20	-1	13.71	13.71
Saccade L	1	6	3211779545	3211805674	26129	821.85	447.93	890.11	447.69	1.44	102.63	0.47	55.22	4169.79	-3928.58	2938.93
Saccade R	1	6	3211779545	3211805674	26129	821.85	447.93	890.11	447.69	1.44	102.63	0.47	55.22	4169.79	-3928.58	2938.93
Fixation L	1	9	3211805674	3212375910	570236	889.00	439.49	21	26	-1	13.41	13.41
Fixation R	1	9	3211805674	3212375910	570236	889.00	439.49	21	26	-1	13.85	13.85
Saccade L	1	7	3212375910	3212399946	24036	890.11	444.96	929.78	439.30	0.82	47.62	0.33	34.14	1651.84	-1660.79	1196.44
Saccade R	1	7	3212375910	3212399946	24036	890.11	444.96	929.78	439.30	0.82	47.62	0.33	34.14	1651.84	-1660.79	1196.44
Fixation L	1	10	3212399946	3212596046	196100	936.94	443.97	17	28	-1	13.35	13.35
Fixation R	1	10	3212399946	3212596046	196100	936.94	443.97	17	28	-1	13.81	13.81
Saccade L	1	8	3212596046	3212624021	27975	937.52	430.16	1028.31	435.81	1.90	120.26	0.50	67.85	5166.30	-4921.70	3713.65
Saccade R	1	8	3212596046	3212624021	27975	937.52	430.16	1028.31	435.81	1.90	120.26	0.50	67.85	5166.30	-4921.70	3713.65
Fixation L	1	11	3212624021	3212942139	318118	1015.99	435.11	25	20	-1	13.27	13.27
Fixation R	1	11	3212624021	3212942139	318118	1015.99	435.11	25	20	-1	13.77	13.77
Fixation L	1	12	3212962133	3213176283	214150	1043.66	439.21	16	18	-1	13.20	13.20
Fixation R	1	12	3212962133	3213176283	214150	1043.66	439.21	16	18	-1	13.70	13.70
Saccade L	1	9	3213176283	3213204335	28052	1043.38	436.89	1103.22	435.54	1.30	79.50	0.43	46.26	2807.42	-2974.44	2062.18
Saccade R	1	9	3213176283	3213204335	28052	1043.38	436.89	1103.22	435.54	1.30	79.50	0.43	46.26	2807.42	-2974.44	2062.18
Fixation L	1	13	3213204335	3213524429	320094	1108.73	436.90	17	25	-1	13.27	13.27
Fixation R	1	13	3213204335	3213524429	320094	1108.73	436.90	17	25	-1	13.84	13.84
Saccade L	1	10	3213524429	3213550378	25949	1106.38	436.52	1159.69	429.82	1.09	64.11	0.38	41.86	2499.06	-2441.58	1793.36
Saccade R	1	10	3213524429	3213550378	25949	1106.38	436.52	1159.69	429.82	1.09	64.11	0.38	41.86	2499.06	-2441.58	1793.36
Fixation L	1	14	3213550378	3214042587	492209	1173.35	434.06	56	20	-1	13.45	13.45
Fixation R	1	14	3213550378	3214042587	492209	1173.35	434.06	56	20	-1	13.99	13.99
Saccade L	1	11	3214042587	3214080639	38052	1197.11	435.48	897.05	426.96	6.53	338.66	0.53	171.70	14884.96	-13392.39	10532.56
Saccade R	1	11	3214042587	3214080639	38052	1197.11	435.48	897.05	426.96	6.53	338.66	0.53	171.70	14884.96	-13392.39	10532.56
Fixation L	1	15	3214090612	3214396724	306112	901.62	426.81	34	21	-1	13.52	13.52
Fixation R	1	15	3214090612	3214396724	306112	901.62	426.81	34	21	-1	13.90	13.90
Saccade L	1	12	3214396724	3214420737	24013	902.59	426.36	819.25	434.75	1.70	121.50	0.51	70.95	4970.66	-4849.79	3492.26
Saccade R	1	12	3214396724	3214420737	24013	902.59	426.36	819.25	434.75	1.70	121.50	0.51	70.95	4970.66	-4849.79	3492.26
Fixation L	1	16	3214420737	3215199053	778316	828.06	432.92	28	26	-1	13.35	13.35
Fixation R	1	16	3214420737	3215199053	778316	828.06	432.92	28	26	-1	13.91	13.91
Saccade L	1	13	3215199053	3215233096	34043	823.05	435.23	677.38	441.76	3.24	178.91	0.59	95.10	7232.50	-7158.68	5298.19
Saccade R	1	13	3215199053	3215233096	34043	823.05	435.23	677.38	441.76	3.24	178.91	0.59	95.10	7232.50	-7158.68	5298.19
Fixation L	1	17	3215233096	3215357163	124067	679.71	432.24	17	28	-1	13.12	13.12
Fixation R	1	17	3215233096	3215357163	124067	679.71	432.24	17	28	-1	13.60	13.60
Saccade L	1	14	3215357163	3215387203	30040	676.92	453.11	721.15	464.48	1.05	52.11	0.60	35.06	1488.20	-1670.19	1139.87
Saccade R	1	14	3215357163	3215387203	30040	676.92	453.11	721.15	464.48	1.05	52.11	0.60	35.06	1488.20	-1670.19	1139.87
Fixation L	1	18	3215387203	3215875400	488197	735.00	439.64	36	43	-1	13.08	13.08
Fixation R	1	18	3215387203	3215875400	488197	735.00	439.64	36	43	-1	13.59	13.59
Saccade L	1	15	3215875400	3215905417	30017	740.76	439.56	573.09	440.47	3.45	228.81	0.60	114.83	9520.48	-8090.86	6455.66
Saccade R	1	15	3215875400	3215905417	30017	740.76	439.56	573.09	440.47	3.45	228.81	0.60	114.83	9520.48	-8090.86	6455.66
Fixation L	1	19	3215919410	3216077391	157981	602.38	431.54	32	13	-1	12.98	12.98
Fixation R	1	19	3215919410	3216077391	157981	602.38	431.54	32	13	-1	13.54	13.54
Saccade L	1	16	3216077391	3216105532	28141	610.00	435.20	540.67	453.01	1.59	90.08	0.57	56.40	3855.49	-3366.10	2611.65
Saccade R	1	16	3216077391	3216105532	28141	610.00	435.20	540.67	453.01	1.59	90.08	0.57	56.40	3855.49	-3366.10	2611.65
Fixation L	1	20	3216105532	3216517626	412094	538.59	445.00	23	27	-1	13.20	13.20
Fixation R	1	20	3216105532	3216517626	412094	538.59	445.00	23	27	-1	13.74	13.74
Saccade L	1	17	3216517626	3216543649	26023	540.79	451.20	638.28	439.86	2.14	151.34	0.46	82.08	6211.30	-5595.78	4289.99
Saccade R	1	17	3216517626	3216543649	26023	540.79	451.20	638.28	439.86	2.14	151.34	0.46	82.08	6211.30	-5595.78	4289.99
Fixation L	1	21	3216543649	3216891864	348215	629.70	440.66	28	25	-1	13.49	13.49
Fixation R	1	21	3216543649	3216891864	348215	629.70	440.66	28	25	-1	13.91	13.91
Saccade L	1	18	3216891864	3216921862	29998	627.80	443.34	737.48	454.42	2.32	166.42	0.67	77.43	6559.23	-5272.17	4009.30
Saccade R	1	18	3216891864	3216921862	29998	627.80	443.34	737.48	454.42	2.32	166.42	0.67	77.43	6559.23	-5272.17	4009.30
Fixation L	1	22	3216939866	3217159984	220118	718.76	440.77	24	28	-1	13.69	13.69
Fixation R	1	22	3216939866	3217159984	220118	718.76	440.77	24	28	-1	14.11	14.11
Saccade L	1	19	3217159984	3217184004	24020	718.62	455.71	801.56	453.13	1.74	131.98	0.60	72.37	4269.46	-4700.78	3110.53
Saccade R	1	19	3217159984	3217184004	24020	718.62	455.71	801.56	453.13	1.74	131.98	0.60	72.37	4269.46	-4700.78	3110.53
Fixation L	1	23	3217184004	3217343987	159983	795.40	448.17	23	15	-1	13.82	13.82
Fixation R	1	23	3217184004	3217343987	159983	795.40	448.17	23	15	-1	14.25	14.25
Saccade L	1	20	3217343987	3217367091	23104	792.94	442.40	844.88	442.22	1.10	87.18	0.52	47.71	3113.14	-3110.26	2085.93
Saccade R	1	20	3217343987	3217367091	23104	792.94	442.40	844.88	442.22	1.10	87.18	0.52	47.71	3113.14	-3110.26	2085.93
Fixation L	1	24	3217367091	3217510110	143019	844.39	450.14	19	20	-1	13.75	13.75
Fixation R	1	24	3217367091	3217510110	143019	844.39	450.14	19	20	-1	14.18	14.18
Saccade L	1	21	3217510110	3217540098	29988	843.75	453.94	911.55	442.96	1.57	90.57	0.59	52.30	2993.09	-2878.93	2175.33
Saccade R	1	21	3217510110	3217540098	29988	843.75	453.94	911.55	442.96	1.57	90.57	0.59	52.30	2993.09	-2878.93	2175.33
Fixation L	1	25	3217540098	3217687202	147104	914.71	440.81	42	19	-1	13.67	13.67
Fixation R	1	25	3217540098	3217687202	147104	914.71	440.81	42	19	-1	14.19	14.19
Saccade L	1	22	3217687202	3217720242	33040	912.90	438.79	904.24	488.76	1.79	99.86	0.64	54.18	3676.50	-3704.30	2478.40
Saccade R	1	22	3217687202	3217720242	33040	912.90	438.79	904.24	488.76	1.79	99.86	0.64	54.18	3676.50	-3704.30	2478.40
Fixation L	1	26	3217720242	3217792201	71959	916.72	463.61	48	40	-1	13.53	13.53
Fixation R	1	26	3217720242	3217792201	71959	916.72	463.61	48	40	-1	14.29	14.29
Saccade L	1	23	3217792201	3217818202	26001	947.89	451.94	912.21	508.59	1.55	107.57	0.38	59.65	3172.72	-3116.71	2261.30
Saccade R	1	23	3217792201	3217818202	26001	947.89	451.94	912.21	508.59	1.55	107.57	0.38	59.65	3172.72	-3116.71	2261.30
Saccade L	1	24	3217864200	3217900234	36034	909.51	526.54	1001.51	449.87	2.81	116.44	0.61	77.88	4709.89	-4869.72	3628.01
Saccade R	1	24	3217864200	3217900234	36034	909.51	526.54	1001.51	449.87	2.81	116.44	0.61	77.88	4709.89	-4869.72	3628.01
Fixation L	1	27	3217900234	3218134340	234106	999.08	440.32	19	19	-1	13.61	13.61
Fixation R	1	27	3217900234	3218134340	234106	999.08	440.32	19	19	-1	14.21	14.21
Fixation L	1	28	3218154316	3218460429	306113	1033.60	434.72	26	28	-1	13.84	13.84
Fixation R	1	28	3218154316	3218460429	306113	1033.60	434.72	26	28	-1	14.16	14.16
Fixation L	1	29	3218478426	3218812682	334256	1021.20	434.70	21	33	-1	13.69	13.69
Fixation R	1	29	3218478426	3218812682	334256	1021.20	434.70	21	33	-1	14.13	14.13
Saccade L	1	25	3218812682	3218838668	25986	1032.84	435.37	1078.31	413.42	1.24	72.87	0.62	47.61	2770.04	-2289.52	1726.70
Saccade R	1	25	3218812682	3218838668	25986	1032.84	435.37	1078.31	413.42	1.24	72.87	0.62	47.61	2770.04	-2289.52	1726.70
Saccade L	1	26	3218864664	3218890661	25997	1062.13	415.30	1109.50	425.59	1.07	65.87	0.46	41.24	2182.68	-2650.63	1737.32
Saccade R	1	26	3218864664	3218890661	25997	1062.13	415.30	1109.50	425.59	1.07	65.87	0.46	41.24	2182.68	-2650.63	1737.32
Saccade L	1	27	3218932934	3218968663	35729	1109.67	415.53	1126.27	471.45	1.43	78.57	0.33	40.07	2935.33	-2396.95	1646.36
Saccade R	1	27	3218932934	3218968663	35729	1109.67	415.53	1126.27	471.45	1.43	78.57	0.33	40.07	2935.33	-2396.95	1646.36
Saccade L	1	28	3218998660	3219026826	28166	1100.31	460.44	1052.82	426.04	1.43	89.63	0.43	50.92	2928.29	-3013.80	2152.67
Saccade R	1	28	3218998660	3219026826	28166	1100.31	460.44	1052.82	426.04	1.43	89.63	0.43	50.92	2928.29	-3013.80	2152.67
Blink L	1	1	3219060781	3219152808	92027
Blink R	1	1	3219060781	3219152808	92027
Saccade L	1	29	3219200787	3219228776	27989	1174.48	443.77	1145.63	465.68	0.87	42.33	0.59	31.10	1271.13	-1388.66	965.74
Saccade R	1	29	3219200787	3219228776	27989	1174.48	443.77	1145.63	465.68	0.87	42.33	0.59	31.10	1271.13	-1388.66	965.74
Saccade L	1	30	3219240773	3219280771	39998	1148.07	468.94	1204.87	461.16	1.24	43.55	0.39	31.10	3873.18	-1119.26	1027.45
Saccade R	1	30	3219240773	3219280771	39998	1148.07	468.94	1204.87	461.16	1.24	43.55	0.39	31.10	3873.18	-1119.26	1027.45
Blink L	1	2	3219292847	3219324897	32050
Blink R	1	2	3219292847	3219324897	32050
Saccade L	1	31	3219324897	3219346798	21901	0.00	0.00	1185.40	409.70	17.71	1612.00	0.55	808.78	54803.52	-64432.96	38151.93
Saccade R	1	31	3219324897	3219346798	21901	0.00	0.00	1185.40	409.70	17.71	1612.00	0.55	808.78	54803.52	-64432.96	38151.93
Saccade L	1	32	3219388896	3219416240	27344	1177.14	397.54	1181.56	442.47	0.98	54.13	0.40	35.87	878.45	-1630.21	812.10
Saccade R	1	32	3219388896	3219416240	27344	1177.14	397.54	1181.56	442.47	0.98	54.13	0.40	35.87	878.45	-1630.21	812.10
Saccade L	1	33	3219442915	3219496905	53990	1177.76	448.87	1183.84	439.37	57.27	2432.95	0.74	1060.82	70537.27	-92224.91	41281.37
Saccade R	1	33	3219442915	3219496905	53990	1177.76	448.87	1183.84	439.37	57.27	2432.95	0.74	1060.82	70537.27	-92224.91	41281.37
Blink L	1	3	3219534887	3219694035	159148
Blink R	1	3	3219534887	3219694035	159148
Saccade L	1	34	3219711014	3219737334	26320	915.34	1006.83	936.83	959.59	1.38	83.17	0.51	52.52	3231.02	-3052.35	2118.25
Saccade R	1	34	3219711014	3219737334	26320	915.34	1006.83	936.83	959.59	1.38	83.17	0.51	52.52	3231.02	-3052.35	2118.25
Fixation L	1	30	3219737334	3219802433	65099	935.80	958.78	17	13	-1	13.49	13.49
Fixation R	1	30	3219737334	3219802433	65099	935.80	958.78	17	13	-1	14.08	14.08
Saccade L	1	35	3219839134	3219869130	29996	985.52	962.60	932.68	965.44	1.14	57.03	0.34	38.11	1753.00	-1663.89	1263.65
Saccade R	1	35	3219839134	3219869130	29996	985.52	962.60	932.68	965.44	1.14	57.03	0.34	38.11	1753.00	-1663.89	1263.65
Saccade L	1	36	3219891141	3219935127	43986	930.15	973.72	912.16	945.58	49.62	2526.57	0.73	1128.02	87404.81	-80938.11	51000.08
Saccade R	1	36	3219891141	3219935127	43986	930.15	973.72	912.16	945.58	49.62	2526.57	0.73	1128.02	87404.81	-80938.11	51000.08
Blink L	1	4	3219945373	3219995129	49756
Blink R	1	4	3219945373	3219995129	49756
Fixation L	1	31	3219995129	3220071597	76468	901.24	958.15	16	40	-1	12.82	12.82
Fixation R	1	31	3219995129	3220071597	76468	901.24	958.15	16	40	-1	13.56	13.56
Saccade L	1	37	3220071597	3220111255	39658	889.84	965.14	941.81	982.04	36.11	1753.80	0.54	910.65	64138.08	-71674.78	47901.38
Saccade R	1	37	3220071597	3220111255	39658	889.84	965.14	941.81	982.04	36.11	1753.80	0.54	910.65	64138.08	-71674.78	47901.38
Fixation L	1	32	3220111255	3220169826	58571	942.69	984.56	18	20	-1	12.93	12.93
Fixation R	1	32	3220111255	3220169826	58571	942.69	984.56	18	20	-1	13.46	13.46
Saccade L	1	38	3220169826	3220191241	21415	956.56	970.34	906.02	975.66	0.94	66.34	0.44	43.72	76962.57	298.00	19420.16
Saccade R	1	38	3220169826	3220191241	21415	956.56	970.34	906.02	975.66	0.94	66.34	0.44	43.72	76962.57	298.00	19420.16
Saccade L	1	39	3220353239	3220379362	26123	905.33	959.37	886.36	977.95	9.51	427.63	0.54	364.07	20850.67	-19830.05	16044.86
Saccade R	1	39	3220353239	3220379362	26123	905.33	959.37	886.36	977.95	9.51	427.63	0.54	364.07	20850.67	-19830.05	16044.86
Saccade L	1	40	3220387357	3220411362	24005	883.46	974.39	911.16	943.55	0.91	50.61	0.41	37.95	898.49	-11486.16	2762.36
Saccade R	1	40	3220387357	3220411362	24005	883.46	974.39	911.16	943.55	0.91	50.61	0.41	37.95	898.49	-11486.16	2762.36
Fixation L	1	33	3220411362	3220481352	69990	910.30	943.80	10	14	-1	13.07	13.07
Fixation R	1	33	3220411362	3220481352	69990	910.30	943.80	10	14	-1	13.72	13.72
Saccade L	1	41	3220481352	3220549354	68002	913.48	939.95	914.99	955.81	29.10	1313.17	0.65	427.94	55759.74	-55170.03	27885.53
Saccade R	1	41	3220481352	3220549354	68002	913.48	939.95	914.99	955.81	29.10	1313.17	0.65	427.94	55759.74	-55170.03	27885.53
Fixation L	1	34	3220549354	3220867519	318165	906.34	962.37	22	18	-1	13.22	13.22
Fixation R	1	34	3220549354	3220867519	318165	906.34	962.37	22	18	-1	13.88	13.88
Saccade L	1	42	3220867519	3220895477	27958	902.65	968.90	947.56	974.20	1.01	52.16	0.36	36.06	1684.47	-1826.62	1222.00
Saccade R	1	42	3220867519	3220895477	27958	902.65	968.90	947.56	974.20	1.01	52.16	0.36	36.06	1684.47	-1826.62	1222.00
Saccade L	1	43	3220919463	3220955474	36011	964.01	960.25	906.97	951.15	1.21	46.40	0.28	33.48	914.87	-1105.74	748.45
Saccade R	1	43	3220919463	3220955474	36011	964.01	960.25	906.97	951.15	1.21	46.40	0.28	33.48	914.87	-1105.74	748.45
Fixation L	1	35	3220955474	3221051581	96107	906.28	961.82	8	20	-1	13.33	13.33
Fixation R	1	35	3220955474	3221051581	96107	906.28	961.82	8	20	-1	13.96	13.96
