[BeGaze]
Converted from:	C:\Program Files\SMI\Experiment Suite 360\Experiment Center 2\Results\RC-Attachment-Exp\P23-eye_data.idf
Date:	18.03.2012 20:18:00
Version:	BeGaze 3.0.181
Sample Rate:	500
Subject:	P23
Description:	Run28

Table Header for Fixations:
Event Type	Trial	Number	Start	End	Duration	Location X	Location Y	Dispersion X	Dispersion Y	Plane	Avg. Pupil Size X	Avg. Pupil Size Y

Table Header for Saccades:
Event Type	Trial	Number	Start	End	Duration	Start Loc.X	Start Loc.Y	End Loc.X	End Loc.Y	Amplitude	Peak Speed	Peak Speed At	Average Speed	Peak Accel.	Peak Decel.	Average Accel.

Table Header for Blinks:
Event Type	Trial	Number	Start	End	Duration

Table Header for User Events:
Event Type	Trial	Number	Start	Description

UserEvent	1	1	4612070502	# Message: Questionnaire2.jpg
Fixation L	1	1	4612074255	4612371339	297084	933.32	930.82	31	45	-1	12.96	12.96
Fixation R	1	1	4612074255	4612371339	297084	933.32	930.82	31	45	-1	13.17	13.17
Saccade L	1	1	4612371339	4612445546	74207	939.26	949.68	584.52	399.98	22.38	598.51	0.30	301.57	26158.05	-21070.10	16851.12
Saccade R	1	1	4612371339	4612445546	74207	939.26	949.68	584.52	399.98	22.38	598.51	0.30	301.57	26158.05	-21070.10	16851.12
Fixation L	1	2	4612445546	4612578042	132496	578.04	393.19	28	33	-1	12.82	12.82
Fixation R	1	2	4612445546	4612578042	132496	578.04	393.19	28	33	-1	12.92	12.92
Saccade L	1	2	4612578042	4612622307	44265	585.58	385.48	471.59	356.10	2.99	159.27	0.34	67.60	6508.10	-5374.03	3806.84
Saccade R	1	2	4612578042	4612622307	44265	585.58	385.48	471.59	356.10	2.99	159.27	0.34	67.60	6508.10	-5374.03	3806.84
Fixation L	1	3	4612622307	4612893532	271225	467.12	370.05	21	36	-1	13.01	13.01
Fixation R	1	3	4612622307	4612893532	271225	467.12	370.05	21	36	-1	13.25	13.25
Saccade L	1	3	4612893532	4612933240	39708	460.59	372.52	616.50	378.92	3.71	192.23	0.35	93.34	8165.83	-6621.17	4806.82
Saccade R	1	3	4612893532	4612933240	39708	460.59	372.52	616.50	378.92	3.71	192.23	0.35	93.34	8165.83	-6621.17	4806.82
Fixation L	1	4	4612933240	4613089194	155954	615.94	361.98	24	34	-1	13.29	13.29
Fixation R	1	4	4612933240	4613089194	155954	615.94	361.98	24	34	-1	13.62	13.62
Saccade L	1	4	4613089194	4613131376	42182	611.67	373.66	774.69	363.31	4.04	238.12	0.62	95.73	8493.57	-9854.27	5795.21
Saccade R	1	4	4613089194	4613131376	42182	611.67	373.66	774.69	363.31	4.04	238.12	0.62	95.73	8493.57	-9854.27	5795.21
Saccade L	1	5	4613163349	4613207320	43971	758.72	385.78	741.04	335.18	1.65	71.95	0.23	37.56	1603.07	-1711.20	926.28
Saccade R	1	5	4613163349	4613207320	43971	758.72	385.78	741.04	335.18	1.65	71.95	0.23	37.56	1603.07	-1711.20	926.28
Saccade L	1	6	4613245308	4613273305	27997	734.33	346.89	777.89	364.48	1.11	59.34	0.43	39.74	2343.50	-1386.17	1366.59
Saccade R	1	6	4613245308	4613273305	27997	734.33	346.89	777.89	364.48	1.11	59.34	0.43	39.74	2343.50	-1386.17	1366.59
Saccade L	1	7	4613401425	4613431422	29997	758.80	339.73	759.16	391.14	1.08	52.14	0.53	36.10	1410.03	-1258.32	902.52
Saccade R	1	7	4613401425	4613431422	29997	758.80	339.73	759.16	391.14	1.08	52.14	0.53	36.10	1410.03	-1258.32	902.52
Saccade L	1	8	4613435441	4613465433	29992	762.31	393.56	881.52	373.73	2.88	203.98	0.60	95.91	7411.58	-8325.32	5470.48
Saccade R	1	8	4613435441	4613465433	29992	762.31	393.56	881.52	373.73	2.88	203.98	0.60	95.91	7411.58	-8325.32	5470.48
Saccade L	1	9	4613507605	4613533466	25861	875.53	401.18	864.72	349.47	1.11	69.59	0.46	43.00	2140.64	-2396.41	1681.85
Saccade R	1	9	4613507605	4613533466	25861	875.53	401.18	864.72	349.47	1.11	69.59	0.46	43.00	2140.64	-2396.41	1681.85
Saccade L	1	10	4613627542	4613671541	43999	877.24	368.38	1065.28	344.98	4.34	231.38	0.41	98.59	9620.42	-9329.13	6158.77
Saccade R	1	10	4613627542	4613671541	43999	877.24	368.38	1065.28	344.98	4.34	231.38	0.41	98.59	9620.42	-9329.13	6158.77
Fixation L	1	5	4613671541	4613897680	226139	1058.18	373.58	68	48	-1	14.13	14.13
Fixation R	1	5	4613671541	4613897680	226139	1058.18	373.58	68	48	-1	14.55	14.55
Blink L	1	1	4613897680	4614047647	149967
Blink R	1	1	4613897680	4614047647	149967
Fixation L	1	6	4614047647	4614157649	110002	476.80	444.56	49	44	-1	14.21	14.21
Fixation R	1	6	4614047647	4614157649	110002	476.80	444.56	49	44	-1	14.28	14.28
Saccade L	1	11	4614157649	4614191737	34088	489.72	467.15	402.69	485.43	1.99	106.95	0.36	58.28	3798.35	-3865.40	2790.98
Saccade R	1	11	4614157649	4614191737	34088	489.72	467.15	402.69	485.43	1.99	106.95	0.36	58.28	3798.35	-3865.40	2790.98
Fixation L	1	7	4614191737	4614712024	520287	407.38	485.80	30	36	-1	13.86	13.86
Fixation R	1	7	4614191737	4614712024	520287	407.38	485.80	30	36	-1	14.21	14.21
Saccade L	1	12	4614712024	4614748003	35979	415.12	476.59	382.81	506.92	1.17	45.17	0.50	32.43	1080.21	-1519.82	906.38
Saccade R	1	12	4614712024	4614748003	35979	415.12	476.59	382.81	506.92	1.17	45.17	0.50	32.43	1080.21	-1519.82	906.38
Fixation L	1	8	4614748003	4614858046	110043	405.87	490.34	52	49	-1	13.43	13.43
Fixation R	1	8	4614748003	4614858046	110043	405.87	490.34	52	49	-1	13.61	13.61
Fixation L	1	9	4614884003	4614972209	88206	407.29	488.99	42	25	-1	13.46	13.46
Fixation R	1	9	4614884003	4614972209	88206	407.29	488.99	42	25	-1	13.81	13.81
Saccade L	1	13	4614972209	4615000886	28677	386.08	487.14	417.09	514.78	0.91	45.44	0.49	31.90	1453.40	-1684.48	1118.79
Saccade R	1	13	4614972209	4615000886	28677	386.08	487.14	417.09	514.78	0.91	45.44	0.49	31.90	1453.40	-1684.48	1118.79
UserEvent	1	70	4614983752	# Message: UE-mouseclick left x=384 y=471
Fixation L	1	10	4615000886	4615338238	337352	392.38	508.84	52	42	-1	13.87	13.87
Fixation R	1	10	4615000886	4615338238	337352	392.38	508.84	52	42	-1	14.27	14.27
Saccade L	1	14	4615338238	4615362282	24044	398.30	536.60	376.37	503.02	0.74	41.57	0.50	30.97	1127.62	-1313.47	925.63
Saccade R	1	14	4615338238	4615362282	24044	398.30	536.60	376.37	503.02	0.74	41.57	0.50	30.97	1127.62	-1313.47	925.63
Fixation L	1	11	4615362282	4615420280	57998	389.55	516.35	28	25	-1	13.95	13.95
Fixation R	1	11	4615362282	4615420280	57998	389.55	516.35	28	25	-1	14.60	14.60
Saccade L	1	15	4615420280	4615450509	30229	404.76	520.16	369.51	515.28	0.90	41.48	0.40	29.81	1308.74	-1537.95	1036.09
Saccade R	1	15	4615420280	4615450509	30229	404.76	520.16	369.51	515.28	0.90	41.48	0.40	29.81	1308.74	-1537.95	1036.09
UserEvent	1	82	4615424828	# Message: UE-mouseclick left x=403 y=518
