[BeGaze]
Converted from:	C:\Program Files\SMI\Experiment Suite 360\Experiment Center 2\Results\RC-Attachment-Exp\Denek04-eye_data.idf
Date:	24.02.2012 09:58:11
Version:	BeGaze 3.0.181
Sample Rate:	500
Subject:	Denek04
Description:	Run7

Table Header for Fixations:
Event Type	Trial	Number	Start	End	Duration	Location X	Location Y	Dispersion X	Dispersion Y	Plane	Avg. Pupil Size X	Avg. Pupil Size Y

Table Header for Saccades:
Event Type	Trial	Number	Start	End	Duration	Start Loc.X	Start Loc.Y	End Loc.X	End Loc.Y	Amplitude	Peak Speed	Peak Speed At	Average Speed	Peak Accel.	Peak Decel.	Average Accel.

Table Header for Blinks:
Event Type	Trial	Number	Start	End	Duration

Table Header for User Events:
Event Type	Trial	Number	Start	Description

UserEvent	1	1	6741224910	# Message: Questionnaire18.jpg
Fixation L	1	1	6741227443	6741722402	494959	861.42	941.61	31	34	-1	11.76	11.76
Fixation R	1	1	6741227443	6741722402	494959	861.42	941.61	31	34	-1	12.37	12.37
Fixation L	1	2	6741795963	6741866130	70167	495.27	481.98	18	27	-1	11.97	11.97
Fixation R	1	2	6741795963	6741866130	70167	495.27	481.98	18	27	-1	12.18	12.18
Saccade L	1	1	6741866130	6741896083	29953	502.44	486.40	414.99	369.59	3.21	211.03	0.54	107.16	8760.10	-8074.42	6233.60
Saccade R	1	1	6741866130	6741896083	29953	502.44	486.40	414.99	369.59	3.21	211.03	0.54	107.16	8760.10	-8074.42	6233.60
Fixation L	1	3	6741896083	6742178202	282119	415.62	378.65	37	22	-1	11.58	11.58
Fixation R	1	3	6741896083	6742178202	282119	415.62	378.65	37	22	-1	11.90	11.90
Saccade L	1	2	6742178202	6742206201	27999	411.32	384.44	533.28	361.87	2.60	180.35	0.57	92.79	7271.20	-6850.72	5062.38
Saccade R	1	2	6742178202	6742206201	27999	411.32	384.44	533.28	361.87	2.60	180.35	0.57	92.79	7271.20	-6850.72	5062.38
Fixation L	1	4	6742206201	6742300195	93994	515.73	365.48	24	10	-1	11.58	11.58
Fixation R	1	4	6742206201	6742300195	93994	515.73	365.48	24	10	-1	12.21	12.21
Saccade L	1	3	6742300195	6742322198	22003	510.59	365.46	554.35	366.56	0.88	63.64	0.45	39.88	2618.82	-2281.48	1708.04
Saccade R	1	3	6742300195	6742322198	22003	510.59	365.46	554.35	366.56	0.88	63.64	0.45	39.88	2618.82	-2281.48	1708.04
Fixation L	1	5	6742322198	6742438447	116249	547.93	369.59	16	12	-1	11.76	11.76
Fixation R	1	5	6742322198	6742438447	116249	547.93	369.59	16	12	-1	12.49	12.49
Saccade L	1	4	6742438447	6742466334	27887	551.64	363.37	630.54	374.69	1.71	100.56	0.43	61.20	4252.32	-4069.55	3053.36
Saccade R	1	4	6742438447	6742466334	27887	551.64	363.37	630.54	374.69	1.71	100.56	0.43	61.20	4252.32	-4069.55	3053.36
Fixation L	1	6	6742466334	6742548303	81969	617.72	374.56	22	12	-1	11.86	11.86
Fixation R	1	6	6742466334	6742548303	81969	617.72	374.56	22	12	-1	12.68	12.68
Saccade L	1	5	6742548303	6742576316	28013	609.50	382.08	692.00	367.38	1.81	124.18	0.43	64.73	4983.89	-5032.86	3605.50
Saccade R	1	5	6742548303	6742576316	28013	609.50	382.08	692.00	367.38	1.81	124.18	0.43	64.73	4983.89	-5032.86	3605.50
Fixation L	1	7	6742576316	6742750460	174144	683.16	350.45	24	25	-1	12.12	12.12
Fixation R	1	7	6742576316	6742750460	174144	683.16	350.45	24	25	-1	12.85	12.85
Saccade L	1	6	6742750460	6742786468	36008	689.62	346.43	771.14	352.94	1.84	108.58	0.44	51.11	4338.18	-3996.62	2879.86
Saccade R	1	6	6742750460	6742786468	36008	689.62	346.43	771.14	352.94	1.84	108.58	0.44	51.11	4338.18	-3996.62	2879.86
Fixation L	1	8	6742786468	6742938542	152074	764.44	346.59	12	18	-1	12.23	12.23
Fixation R	1	8	6742786468	6742938542	152074	764.44	346.59	12	18	-1	13.04	13.04
Saccade L	1	7	6742938542	6742969110	30568	763.81	354.94	878.30	357.36	2.60	166.73	0.52	84.99	6702.26	-6356.78	4803.30
Saccade R	1	7	6742938542	6742969110	30568	763.81	354.94	878.30	357.36	2.60	166.73	0.52	84.99	6702.26	-6356.78	4803.30
Fixation L	1	9	6742969110	6743186663	217553	870.36	355.10	23	22	-1	12.31	12.31
Fixation R	1	9	6742969110	6743186663	217553	870.36	355.10	23	22	-1	13.10	13.10
Saccade L	1	8	6743186663	6743229069	42406	866.94	347.93	543.82	384.69	7.55	343.55	0.43	177.93	15324.95	-14251.95	10697.62
Saccade R	1	8	6743186663	6743229069	42406	866.94	347.93	543.82	384.69	7.55	343.55	0.43	177.93	15324.95	-14251.95	10697.62
Fixation L	1	10	6743229069	6743484655	255586	560.91	379.35	28	29	-1	12.59	12.59
Fixation R	1	10	6743229069	6743484655	255586	560.91	379.35	28	29	-1	13.27	13.27
Fixation L	1	11	6743502763	6743742765	240002	533.54	370.32	16	22	-1	12.59	12.59
Fixation R	1	11	6743502763	6743742765	240002	533.54	370.32	16	22	-1	13.20	13.20
Saccade L	1	9	6743742765	6743775310	32545	534.69	364.44	401.77	451.98	3.64	232.83	0.49	111.73	9629.59	-9055.73	6801.95
Saccade R	1	9	6743742765	6743775310	32545	534.69	364.44	401.77	451.98	3.64	232.83	0.49	111.73	9629.59	-9055.73	6801.95
Fixation L	1	12	6743775310	6744060995	285685	413.10	444.92	28	18	-1	12.86	12.86
Fixation R	1	12	6743775310	6744060995	285685	413.10	444.92	28	18	-1	13.45	13.45
Saccade L	1	10	6744060995	6744084993	23998	412.64	448.59	398.66	488.09	0.88	53.44	0.50	36.69	1903.50	-1785.44	1319.94
Saccade R	1	10	6744060995	6744084993	23998	412.64	448.59	398.66	488.09	0.88	53.44	0.50	36.69	1903.50	-1785.44	1319.94
Fixation L	1	13	6744084993	6744461104	376111	403.13	488.69	24	32	-1	12.85	12.85
Fixation R	1	13	6744084993	6744461104	376111	403.13	488.69	24	32	-1	13.46	13.46
Saccade L	1	11	6744461104	6744495105	34001	405.94	490.86	392.05	442.62	1.05	43.16	0.71	30.88	1360.17	-1348.50	977.80
Saccade R	1	11	6744461104	6744495105	34001	405.94	490.86	392.05	442.62	1.05	43.16	0.71	30.88	1360.17	-1348.50	977.80
Fixation L	1	14	6744495105	6744767328	272223	398.19	450.63	11	25	-1	12.79	12.79
Fixation R	1	14	6744495105	6744767328	272223	398.19	450.63	11	25	-1	13.30	13.30
Saccade L	1	12	6744767328	6744859391	92063	399.89	455.27	389.50	622.46	14.46	563.88	0.37	157.06	19828.41	-23701.11	9970.52
Saccade R	1	12	6744767328	6744859391	92063	399.89	455.27	389.50	622.46	14.46	563.88	0.37	157.06	19828.41	-23701.11	9970.52
Saccade L	1	13	6744859391	6744965413	106022	389.50	622.46	409.61	785.38	4.07	65.70	0.72	38.36	2027.88	-1098.21	558.00
Saccade R	1	13	6744859391	6744965413	106022	389.50	622.46	409.61	785.38	4.07	65.70	0.72	38.36	2027.88	-1098.21	558.00
Saccade L	1	14	6744972632	6745009807	37175	404.05	790.84	406.89	770.04	5.34	230.28	0.29	143.66	9126.10	-7352.85	6193.67
Saccade R	1	14	6744972632	6745009807	37175	404.05	790.84	406.89	770.04	5.34	230.28	0.29	143.66	9126.10	-7352.85	6193.67
Saccade L	1	15	6745013363	6745059867	46504	400.15	772.93	392.29	460.26	9.31	622.48	0.52	200.27	21990.22	-23306.22	13678.52
Saccade R	1	15	6745013363	6745059867	46504	400.15	772.93	392.29	460.26	9.31	622.48	0.52	200.27	21990.22	-23306.22	13678.52
Fixation L	1	15	6745059867	6746179923	1120056	385.76	456.83	36	62	-1	12.74	12.74
Fixation R	1	15	6745059867	6746179923	1120056	385.76	456.83	36	62	-1	12.98	12.98
UserEvent	1	119	6745959286	# Message: UE-mouseclick left x=361 y=432
Saccade L	1	16	6746179923	6746213955	34032	399.03	464.78	391.32	547.82	2.44	143.99	0.70	71.67	4786.79	-4773.18	3213.66
Saccade R	1	16	6746179923	6746213955	34032	399.03	464.78	391.32	547.82	2.44	143.99	0.70	71.67	4786.79	-4773.18	3213.66
Fixation L	1	16	6746213955	6746325906	111951	385.64	541.06	13	25	-1	12.86	12.86
Fixation R	1	16	6746213955	6746325906	111951	385.64	541.06	13	25	-1	13.21	13.21
Saccade L	1	17	6746325906	6746373919	48013	384.32	547.64	381.85	553.97	1.38	45.73	0.72	28.67	968.64	-1220.62	618.99
Saccade R	1	17	6746325906	6746373919	48013	384.32	547.64	381.85	553.97	1.38	45.73	0.72	28.67	968.64	-1220.62	618.99
Blink R	1	1	6746410113	6746806391	396278
Fixation L	1	17	6746428024	6746982264	554240	255.95	379.76	384	569	-1	8.86	8.86
UserEvent	1	141	6746790694	# Message: UE-mouseclick left x=366 y=517
Fixation R	1	17	6746806391	6746982264	175873	0.00	0.00	0	0	-1	0.00	0.00
