[BeGaze]
Converted from:	C:\Program Files\SMI\Experiment Suite 360\Experiment Center 2\Results\RC-Attachment-Exp\Deney02-eye_data.idf
Date:	24.02.2012 09:57:48
Version:	BeGaze 3.0.181
Sample Rate:	500
Subject:	Deney02
Description:	Run5

Table Header for Fixations:
Event Type	Trial	Number	Start	End	Duration	Location X	Location Y	Dispersion X	Dispersion Y	Plane	Avg. Pupil Size X	Avg. Pupil Size Y

Table Header for Saccades:
Event Type	Trial	Number	Start	End	Duration	Start Loc.X	Start Loc.Y	End Loc.X	End Loc.Y	Amplitude	Peak Speed	Peak Speed At	Average Speed	Peak Accel.	Peak Decel.	Average Accel.

Table Header for Blinks:
Event Type	Trial	Number	Start	End	Duration

Table Header for User Events:
Event Type	Trial	Number	Start	Description

UserEvent	1	1	3023671077	# Message: Questionnaire3.jpg
Fixation L	1	1	3023673384	3024047748	374364	906.16	933.43	30	59	-1	11.95	11.95
Fixation R	1	1	3023673384	3024047748	374364	906.16	933.43	30	59	-1	12.35	12.35
Saccade L	1	1	3024047748	3024130231	82483	906.22	941.39	504.41	446.91	15.47	322.16	0.25	187.60	13974.16	-7000.46	6106.34
Saccade R	1	1	3024047748	3024130231	82483	906.22	941.39	504.41	446.91	15.47	322.16	0.25	187.60	13974.16	-7000.46	6106.34
Fixation L	1	2	3024130231	3024239508	109277	496.28	455.85	13	18	-1	11.31	11.31
Fixation R	1	2	3024130231	3024239508	109277	496.28	455.85	13	18	-1	11.78	11.78
Saccade L	1	2	3024239508	3024283657	44149	501.34	461.92	413.12	344.01	3.53	184.65	0.35	79.93	7889.70	-6775.71	4595.72
Saccade R	1	2	3024239508	3024283657	44149	501.34	461.92	413.12	344.01	3.53	184.65	0.35	79.93	7889.70	-6775.71	4595.72
Fixation L	1	3	3024283657	3024499654	215997	420.59	352.50	28	22	-1	11.36	11.36
Fixation R	1	3	3024283657	3024499654	215997	420.59	352.50	28	22	-1	11.87	11.87
Saccade L	1	3	3024499654	3024542786	43132	420.96	359.26	520.52	363.00	2.35	97.20	0.32	54.49	3512.29	-2746.23	2285.80
Saccade R	1	3	3024499654	3024542786	43132	420.96	359.26	520.52	363.00	2.35	97.20	0.32	54.49	3512.29	-2746.23	2285.80
Fixation L	1	4	3024542786	3024709783	166997	527.78	370.29	14	22	-1	11.91	11.91
Fixation R	1	4	3024542786	3024709783	166997	527.78	370.29	14	22	-1	12.55	12.55
Saccade L	1	4	3024709783	3024737750	27967	525.23	371.00	630.04	364.11	2.34	159.84	0.50	83.75	6549.58	-6223.92	4602.35
Saccade R	1	4	3024709783	3024737750	27967	525.23	371.00	630.04	364.11	2.34	159.84	0.50	83.75	6549.58	-6223.92	4602.35
Fixation L	1	5	3024737750	3024931854	194104	632.16	363.81	18	17	-1	12.11	12.11
Fixation R	1	5	3024737750	3024931854	194104	632.16	363.81	18	17	-1	13.10	13.10
Saccade L	1	5	3024931854	3024967901	36047	637.48	367.19	746.07	367.77	2.38	149.56	0.35	65.96	5914.40	-5452.62	3641.68
Saccade R	1	5	3024931854	3024967901	36047	637.48	367.19	746.07	367.77	2.38	149.56	0.35	65.96	5914.40	-5452.62	3641.68
Fixation L	1	6	3024967901	3025378199	410298	743.83	368.07	41	53	-1	12.68	12.68
Fixation R	1	6	3024967901	3025378199	410298	743.83	368.07	41	53	-1	13.88	13.88
Saccade L	1	6	3025378199	3025414149	35950	735.99	369.38	837.56	369.11	2.25	126.74	0.33	62.65	4397.44	-4467.31	3006.28
Saccade R	1	6	3025378199	3025414149	35950	735.99	369.38	837.56	369.11	2.25	126.74	0.33	62.65	4397.44	-4467.31	3006.28
Fixation L	1	7	3025414149	3025782229	368080	853.45	376.19	29	23	-1	13.27	13.27
Fixation R	1	7	3025414149	3025782229	368080	853.45	376.19	29	23	-1	14.44	14.44
Saccade L	1	7	3025782229	3025830202	47973	864.17	385.01	640.63	371.24	5.04	179.79	0.50	104.99	7626.23	-7396.63	5455.17
Saccade R	1	7	3025782229	3025830202	47973	864.17	385.01	640.63	371.24	5.04	179.79	0.50	104.99	7626.23	-7396.63	5455.17
Fixation L	1	8	3025830202	3026288427	458225	625.19	367.82	25	37	-1	13.56	13.56
Fixation R	1	8	3025830202	3026288427	458225	625.19	367.82	25	37	-1	14.53	14.53
Saccade L	1	8	3026288427	3026330420	41993	621.77	381.78	718.10	352.38	2.35	114.22	0.29	55.93	4721.28	-3628.03	2644.63
Saccade R	1	8	3026288427	3026330420	41993	621.77	381.78	718.10	352.38	2.35	114.22	0.29	55.93	4721.28	-3628.03	2644.63
Fixation L	1	9	3026330420	3026546599	216179	729.52	365.61	24	27	-1	13.56	13.56
Fixation R	1	9	3026330420	3026546599	216179	729.52	365.61	24	27	-1	14.77	14.77
Saccade L	1	9	3026546599	3026610571	63972	727.46	353.66	408.69	471.24	7.56	274.45	0.25	118.11	11663.66	-8814.65	5902.56
Saccade R	1	9	3026546599	3026610571	63972	727.46	353.66	408.69	471.24	7.56	274.45	0.25	118.11	11663.66	-8814.65	5902.56
Fixation L	1	10	3026610571	3026780857	170286	416.08	470.93	24	35	-1	13.80	13.80
Fixation R	1	10	3026610571	3026780857	170286	416.08	470.93	24	35	-1	14.57	14.57
Blink L	1	1	3026780857	3026916654	135797
Blink R	1	1	3026780857	3026916654	135797
Saccade L	1	10	3026916654	3026968684	52030	512.56	442.39	399.09	438.71	3.07	115.67	0.35	58.94	2818.55	-4439.40	1696.98
Saccade R	1	10	3026916654	3026968684	52030	512.56	442.39	399.09	438.71	3.07	115.67	0.35	58.94	2818.55	-4439.40	1696.98
Saccade L	1	11	3027044825	3027086768	41943	413.31	465.99	353.23	569.88	2.79	154.95	0.29	66.50	5691.39	-4810.33	3106.02
Saccade R	1	11	3027044825	3027086768	41943	413.31	465.99	353.23	569.88	2.79	154.95	0.29	66.50	5691.39	-4810.33	3106.02
Saccade L	1	12	3027086768	3027143352	56584	353.23	569.88	416.11	683.93	3.30	130.10	0.32	58.37	3809.48	-3353.63	2093.62
Saccade R	1	12	3027086768	3027143352	56584	353.23	569.88	416.11	683.93	3.30	130.10	0.32	58.37	3809.48	-3353.63	2093.62
Saccade L	1	13	3027143352	3027188776	45424	416.11	683.93	451.84	743.08	2.15	95.41	0.52	47.39	2956.22	-2568.30	1538.90
Saccade R	1	13	3027143352	3027188776	45424	416.11	683.93	451.84	743.08	2.15	95.41	0.52	47.39	2956.22	-2568.30	1538.90
Saccade L	1	14	3027188776	3027214853	26077	451.84	743.08	492.23	788.68	1.23	77.36	0.38	47.12	1445.23	-2541.94	1382.99
Saccade R	1	14	3027188776	3027214853	26077	451.84	743.08	492.23	788.68	1.23	77.36	0.38	47.12	1445.23	-2541.94	1382.99
Saccade L	1	15	3027250891	3027280885	29994	526.15	786.30	377.20	451.67	9.75	702.03	0.45	325.08	26131.83	-26372.99	18291.52
Saccade R	1	15	3027250891	3027280885	29994	526.15	786.30	377.20	451.67	9.75	702.03	0.45	325.08	26131.83	-26372.99	18291.52
Saccade L	1	16	3027304973	3027341770	36797	383.05	456.82	377.68	458.74	7.62	352.92	0.32	207.12	12403.03	-12491.63	8973.31
Saccade R	1	16	3027304973	3027341770	36797	383.05	456.82	377.68	458.74	7.62	352.92	0.32	207.12	12403.03	-12491.63	8973.31
Saccade L	1	17	3027356904	3027394911	38007	380.96	455.26	507.09	735.89	7.67	610.56	0.51	201.93	22368.95	-22108.46	15196.38
Saccade R	1	17	3027356904	3027394911	38007	380.96	455.26	507.09	735.89	7.67	610.56	0.51	201.93	22368.95	-22108.46	15196.38
Fixation L	1	11	3027394911	3027513921	119010	482.27	710.83	49	56	-1	13.64	13.64
Fixation R	1	11	3027394911	3027513921	119010	482.27	710.83	49	56	-1	14.43	14.43
Fixation L	1	12	3027530911	3027621052	90141	465.53	699.00	34	45	-1	13.45	13.45
Fixation R	1	12	3027530911	3027621052	90141	465.53	699.00	34	45	-1	14.30	14.30
Saccade L	1	18	3027656999	3027694152	37153	470.98	721.72	463.86	660.41	1.59	81.73	0.59	42.74	2479.20	-3389.95	1802.80
Saccade R	1	18	3027656999	3027694152	37153	470.98	721.72	463.86	660.41	1.59	81.73	0.59	42.74	2479.20	-3389.95	1802.80
Fixation L	1	13	3027694152	3027921118	226966	445.38	641.15	46	47	-1	13.32	13.32
Fixation R	1	13	3027694152	3027921118	226966	445.38	641.15	46	47	-1	14.15	14.15
Saccade L	1	19	3027921118	3027967724	46606	451.06	628.58	382.31	446.97	6.23	311.07	0.75	133.66	10813.65	-12202.62	7592.07
Saccade R	1	19	3027921118	3027967724	46606	451.06	628.58	382.31	446.97	6.23	311.07	0.75	133.66	10813.65	-12202.62	7592.07
Saccade L	1	20	3028011192	3028043246	32054	377.98	448.63	338.60	541.04	2.35	162.27	0.63	73.34	5857.96	-5861.02	4101.53
Saccade R	1	20	3028011192	3028043246	32054	377.98	448.63	338.60	541.04	2.35	162.27	0.63	73.34	5857.96	-5861.02	4101.53
Fixation L	1	14	3028111237	3028169276	58039	346.97	556.07	25	12	-1	13.54	13.54
Fixation R	1	14	3028111237	3028169276	58039	346.97	556.07	25	12	-1	14.25	14.25
Saccade L	1	21	3028169276	3028203229	33953	333.49	549.36	318.42	397.73	3.53	204.55	0.65	104.02	8632.30	-8785.79	6377.32
Saccade R	1	21	3028169276	3028203229	33953	333.49	549.36	318.42	397.73	3.53	204.55	0.65	104.02	8632.30	-8785.79	6377.32
Fixation L	1	15	3028203229	3029519972	1316743	359.11	453.41	58	77	-1	13.50	13.50
Fixation R	1	15	3028203229	3029519972	1316743	359.11	453.41	58	77	-1	14.36	14.36
Saccade L	1	22	3029519972	3029571813	51841	354.27	460.22	536.64	382.18	4.60	157.52	0.54	88.73	5845.12	-5943.57	4096.44
Saccade R	1	22	3029519972	3029571813	51841	354.27	460.22	536.64	382.18	4.60	157.52	0.54	88.73	5845.12	-5943.57	4096.44
Fixation L	1	16	3029571813	3029737918	166105	545.26	385.27	13	17	-1	13.48	13.48
Fixation R	1	16	3029571813	3029737918	166105	545.26	385.27	13	17	-1	14.64	14.64
Saccade L	1	23	3029737918	3029794533	56615	543.70	384.43	380.47	481.80	5.25	246.82	0.32	92.69	10132.28	-9439.75	5838.81
Saccade R	1	23	3029737918	3029794533	56615	543.70	384.43	380.47	481.80	5.25	246.82	0.32	92.69	10132.28	-9439.75	5838.81
Fixation L	1	17	3029794533	3030098036	303503	379.78	502.86	29	33	-1	14.08	14.08
Fixation R	1	17	3029794533	3030098036	303503	379.78	502.86	29	33	-1	14.93	14.93
Fixation L	1	18	3030116164	3031278614	1162450	365.70	471.82	45	60	-1	13.68	13.68
Fixation R	1	18	3030116164	3031278614	1162450	365.70	471.82	45	60	-1	14.56	14.56
UserEvent	1	174	3030597045	# Message: UE-mouseclick left x=366 y=474
Saccade L	1	24	3031278614	3031304650	26036	382.33	491.07	410.62	516.08	0.87	48.81	0.38	33.46	2109.12	-1727.23	1329.72
Saccade R	1	24	3031278614	3031304650	26036	382.33	491.07	410.62	516.08	0.87	48.81	0.38	33.46	2109.12	-1727.23	1329.72
Fixation L	1	19	3031304650	3031745300	440650	402.06	517.01	18	23	-1	13.51	13.51
Fixation R	1	19	3031304650	3031745300	440650	402.06	517.01	18	23	-1	14.50	14.50
UserEvent	1	203	3031692138	# Message: UE-mouseclick left x=402 y=526
