[BeGaze]
Converted from:	C:\Program Files\SMI\Experiment Suite 360\Experiment Center 2\Results\RC-Attachment-Exp\P12-eye_data.idf
Date:	18.03.2012 20:09:38
Version:	BeGaze 3.0.181
Sample Rate:	500
Subject:	P12
Description:	Run17

Table Header for Fixations:
Event Type	Trial	Number	Start	End	Duration	Location X	Location Y	Dispersion X	Dispersion Y	Plane	Avg. Pupil Size X	Avg. Pupil Size Y

Table Header for Saccades:
Event Type	Trial	Number	Start	End	Duration	Start Loc.X	Start Loc.Y	End Loc.X	End Loc.Y	Amplitude	Peak Speed	Peak Speed At	Average Speed	Peak Accel.	Peak Decel.	Average Accel.

Table Header for Blinks:
Event Type	Trial	Number	Start	End	Duration

Table Header for User Events:
Event Type	Trial	Number	Start	Description

UserEvent	1	1	11592078605	# Message: Dist-srthm-24.jpg
Fixation L	1	1	11592100962	11592515196	414234	515.29	441.98	61	27	-1	11.88	11.88
Fixation R	1	1	11592100962	11592515196	414234	515.29	441.98	61	27	-1	11.55	11.55
Saccade L	1	1	11592515196	11592540226	25030	514.88	439.17	614.02	439.80	2.17	160.49	0.48	86.88	6180.75	-6654.28	4525.68
Saccade R	1	1	11592515196	11592540226	25030	514.88	439.17	614.02	439.80	2.17	160.49	0.48	86.88	6180.75	-6654.28	4525.68
Fixation L	1	2	11592540226	11592733300	193074	623.34	433.39	27	20	-1	11.78	11.78
Fixation R	1	2	11592540226	11592733300	193074	623.34	433.39	27	20	-1	11.56	11.56
Saccade L	1	2	11592733300	11592759364	26064	635.00	431.79	681.96	419.17	1.13	67.77	0.46	43.28	2719.01	-2682.55	1854.64
Saccade R	1	2	11592733300	11592759364	26064	635.00	431.79	681.96	419.17	1.13	67.77	0.46	43.28	2719.01	-2682.55	1854.64
Saccade L	1	3	11592789310	11592817297	27987	691.29	425.79	790.12	429.96	2.16	146.02	0.57	77.34	5837.48	-6115.41	4323.22
Saccade R	1	3	11592789310	11592817297	27987	691.29	425.79	790.12	429.96	2.16	146.02	0.57	77.34	5837.48	-6115.41	4323.22
Fixation L	1	3	11592817297	11593121509	304212	782.90	432.92	23	14	-1	11.55	11.55
Fixation R	1	3	11592817297	11593121509	304212	782.90	432.92	23	14	-1	11.39	11.39
Saccade L	1	4	11593121509	11593153411	31902	782.07	431.67	873.00	421.40	2.47	155.21	0.46	77.49	5960.93	-5894.42	4201.64
Saccade R	1	4	11593121509	11593153411	31902	782.07	431.67	873.00	421.40	2.47	155.21	0.46	77.49	5960.93	-5894.42	4201.64
Fixation L	1	4	11593153411	11593375534	222123	873.74	426.14	17	19	-1	11.25	11.25
Fixation R	1	4	11593153411	11593375534	222123	873.74	426.14	17	19	-1	11.17	11.17
Saccade L	1	5	11593375534	11593405530	29996	882.94	437.32	970.79	437.42	1.95	123.78	0.47	64.86	4755.29	-4861.04	3517.02
Saccade R	1	5	11593375534	11593405530	29996	882.94	437.32	970.79	437.42	1.95	123.78	0.47	64.86	4755.29	-4861.04	3517.02
Fixation L	1	5	11593405530	11593757781	352251	965.68	433.22	25	31	-1	11.34	11.34
Fixation R	1	5	11593405530	11593757781	352251	965.68	433.22	25	31	-1	11.20	11.20
Saccade L	1	6	11593757781	11593805863	48082	959.75	420.96	1069.22	413.17	2.55	123.73	0.21	52.97	5318.63	-4411.40	2597.88
Saccade R	1	6	11593757781	11593805863	48082	959.75	420.96	1069.22	413.17	2.55	123.73	0.21	52.97	5318.63	-4411.40	2597.88
Fixation L	1	6	11593805863	11593950697	144834	1073.94	410.61	16	8	-1	11.38	11.38
Fixation R	1	6	11593805863	11593950697	144834	1073.94	410.61	16	8	-1	11.44	11.44
Saccade L	1	7	11593950697	11593973775	23078	1073.60	409.06	1149.71	414.75	1.58	120.98	0.57	68.28	4774.75	-4668.33	3329.07
Saccade R	1	7	11593950697	11593973775	23078	1073.60	409.06	1149.71	414.75	1.58	120.98	0.57	68.28	4774.75	-4668.33	3329.07
Fixation L	1	7	11593973775	11594396010	422235	1160.56	427.19	53	37	-1	11.66	11.66
Fixation R	1	7	11593973775	11594396010	422235	1160.56	427.19	53	37	-1	11.59	11.59
Saccade L	1	8	11594396010	11594476440	80430	1165.33	435.05	918.16	932.13	13.75	343.36	0.36	170.95	13642.81	-8122.07	6655.30
Saccade R	1	8	11594396010	11594476440	80430	1165.33	435.05	918.16	932.13	13.75	343.36	0.36	170.95	13642.81	-8122.07	6655.30
Fixation L	1	8	11594476440	11594640128	163688	912.41	928.28	13	28	-1	12.45	12.45
Fixation R	1	8	11594476440	11594640128	163688	912.41	928.28	13	28	-1	12.10	12.10
Saccade L	1	9	11594640128	11594662157	22029	913.75	933.74	904.96	973.55	0.88	68.68	0.45	39.99	2579.37	-2434.29	1693.32
Saccade R	1	9	11594640128	11594662157	22029	913.75	933.74	904.96	973.55	0.88	68.68	0.45	39.99	2579.37	-2434.29	1693.32
Fixation L	1	9	11594662157	11595178998	516841	899.75	978.00	37	38	-1	12.17	12.17
Fixation R	1	9	11594662157	11595178998	516841	899.75	978.00	37	38	-1	12.12	12.12
