[BeGaze]
Converted from:	C:\Program Files\SMI\Experiment Suite 360\Experiment Center 2\Results\RC-Attachment-Exp\P14-eye_data.idf
Date:	18.03.2012 20:11:05
Version:	BeGaze 3.0.181
Sample Rate:	500
Subject:	P14
Description:	Run19

Table Header for Fixations:
Event Type	Trial	Number	Start	End	Duration	Location X	Location Y	Dispersion X	Dispersion Y	Plane	Avg. Pupil Size X	Avg. Pupil Size Y

Table Header for Saccades:
Event Type	Trial	Number	Start	End	Duration	Start Loc.X	Start Loc.Y	End Loc.X	End Loc.Y	Amplitude	Peak Speed	Peak Speed At	Average Speed	Peak Accel.	Peak Decel.	Average Accel.

Table Header for Blinks:
Event Type	Trial	Number	Start	End	Duration

Table Header for User Events:
Event Type	Trial	Number	Start	Description

UserEvent	1	1	1574312961	# Message: Questionnaire20.jpg
Fixation L	1	1	1574327026	1574734302	407276	898.75	964.00	33	22	-1	13.74	13.74
Fixation R	1	1	1574327026	1574734302	407276	898.75	964.00	33	22	-1	13.75	13.75
Saccade L	1	1	1574734302	1574820250	85948	895.67	972.27	476.02	419.98	16.11	406.56	0.23	187.49	17310.03	-7494.65	6534.88
Saccade R	1	1	1574734302	1574820250	85948	895.67	972.27	476.02	419.98	16.11	406.56	0.23	187.49	17310.03	-7494.65	6534.88
Fixation L	1	2	1574820250	1574891242	70992	488.19	427.78	25	22	-1	13.83	13.83
Fixation R	1	2	1574820250	1574891242	70992	488.19	427.78	25	22	-1	13.56	13.56
Saccade L	1	2	1574891242	1574922369	31127	493.90	440.97	427.77	359.35	2.22	152.52	0.36	71.38	5819.58	-5623.03	3922.86
Saccade R	1	2	1574891242	1574922369	31127	493.90	440.97	427.77	359.35	2.22	152.52	0.36	71.38	5819.58	-5623.03	3922.86
Fixation L	1	3	1574922369	1575124485	202116	427.26	382.09	15	50	-1	13.76	13.76
Fixation R	1	3	1574922369	1575124485	202116	427.26	382.09	15	50	-1	13.53	13.53
Saccade L	1	3	1575124485	1575148486	24001	428.99	406.80	508.83	389.82	1.72	133.50	0.50	71.68	5231.57	-5148.99	3615.42
Saccade R	1	3	1575124485	1575148486	24001	428.99	406.80	508.83	389.82	1.72	133.50	0.50	71.68	5231.57	-5148.99	3615.42
Fixation L	1	4	1575148486	1575302484	153998	518.92	389.74	16	20	-1	13.56	13.56
Fixation R	1	4	1575148486	1575302484	153998	518.92	389.74	16	20	-1	13.70	13.70
Saccade L	1	4	1575302484	1575326764	24280	523.45	382.84	607.64	373.41	1.91	154.26	0.58	78.83	5808.22	-5846.66	3958.52
Saccade R	1	4	1575302484	1575326764	24280	523.45	382.84	607.64	373.41	1.91	154.26	0.58	78.83	5808.22	-5846.66	3958.52
Fixation L	1	5	1575326764	1575486600	159836	607.34	384.18	13	43	-1	13.53	13.53
Fixation R	1	5	1575326764	1575486600	159836	607.34	384.18	13	43	-1	13.58	13.58
Saccade L	1	5	1575486600	1575510596	23996	609.71	404.79	693.53	394.16	1.85	143.15	0.58	77.21	5903.32	-5324.06	3883.76
Saccade R	1	5	1575486600	1575510596	23996	609.71	404.79	693.53	394.16	1.85	143.15	0.58	77.21	5903.32	-5324.06	3883.76
Fixation L	1	6	1575510596	1575634726	124130	697.65	388.37	22	37	-1	13.67	13.67
Fixation R	1	6	1575510596	1575634726	124130	697.65	388.37	22	37	-1	13.59	13.59
Saccade L	1	6	1575634726	1575678720	43994	683.00	408.52	421.72	477.69	6.50	381.32	0.68	147.68	15205.96	-15965.36	9088.01
Saccade R	1	6	1575634726	1575678720	43994	683.00	408.52	421.72	477.69	6.50	381.32	0.68	147.68	15205.96	-15965.36	9088.01
Fixation L	1	7	1575708790	1575946839	238049	413.59	487.27	24	21	-1	14.09	14.09
Fixation R	1	7	1575708790	1575946839	238049	413.59	487.27	24	21	-1	14.13	14.13
Fixation L	1	8	1575966839	1576312949	346110	393.44	459.52	23	41	-1	14.48	14.48
Fixation R	1	8	1575966839	1576312949	346110	393.44	459.52	23	41	-1	14.45	14.45
Saccade L	1	7	1576312949	1576336976	24027	396.73	450.06	395.81	491.29	0.85	53.72	0.50	35.23	1914.25	-1885.71	1342.92
Saccade R	1	7	1576312949	1576336976	24027	396.73	450.06	395.81	491.29	0.85	53.72	0.50	35.23	1914.25	-1885.71	1342.92
Fixation L	1	9	1576336976	1576715230	378254	405.14	485.54	31	33	-1	14.40	14.40
Fixation R	1	9	1576336976	1576715230	378254	405.14	485.54	31	33	-1	14.43	14.43
UserEvent	1	2	1576441603	# Message: UE-mouseclick left x=402 y=434
Saccade L	1	8	1576715230	1576755707	40477	411.49	484.67	414.51	565.48	1.91	85.99	0.35	47.13	3652.12	-2982.75	2382.09
Saccade R	1	8	1576715230	1576755707	40477	411.49	484.67	414.51	565.48	1.91	85.99	0.35	47.13	3652.12	-2982.75	2382.09
Fixation L	1	10	1576755707	1577395402	639695	401.52	565.74	30	53	-1	14.73	14.73
Fixation R	1	10	1576755707	1577395402	639695	401.52	565.74	30	53	-1	14.72	14.72
UserEvent	1	3	1577266775	# Message: UE-mouseclick left x=402 y=528
