[BeGaze]
Converted from:	C:\Program Files\SMI\Experiment Suite 360\Experiment Center 2\Results\RC-Attachment-Exp\P14-eye_data.idf
Date:	18.03.2012 20:11:07
Version:	BeGaze 3.0.181
Sample Rate:	500
Subject:	P14
Description:	Run19

Table Header for Fixations:
Event Type	Trial	Number	Start	End	Duration	Location X	Location Y	Dispersion X	Dispersion Y	Plane	Avg. Pupil Size X	Avg. Pupil Size Y

Table Header for Saccades:
Event Type	Trial	Number	Start	End	Duration	Start Loc.X	Start Loc.Y	End Loc.X	End Loc.Y	Amplitude	Peak Speed	Peak Speed At	Average Speed	Peak Accel.	Peak Decel.	Average Accel.

Table Header for Blinks:
Event Type	Trial	Number	Start	End	Duration

Table Header for User Events:
Event Type	Trial	Number	Start	Description

UserEvent	1	1	1603016550	# Message: Dist-orthm-30.jpg
Fixation L	1	1	1603016773	1603302750	285977	489.54	469.74	21	24	-1	13.45	13.45
Fixation R	1	1	1603016773	1603302750	285977	489.54	469.74	21	24	-1	13.59	13.59
Saccade L	1	1	1603302750	1603326706	23956	488.98	476.48	558.65	481.88	1.55	125.99	0.50	64.55	4824.75	-4980.65	3432.95
Saccade R	1	1	1603302750	1603326706	23956	488.98	476.48	558.65	481.88	1.55	125.99	0.50	64.55	4824.75	-4980.65	3432.95
Fixation L	1	2	1603326706	1603480720	154014	564.52	481.12	10	40	-1	13.73	13.73
Fixation R	1	2	1603326706	1603480720	154014	564.52	481.12	10	40	-1	13.72	13.72
Fixation L	1	3	1603500686	1603648816	148130	629.56	472.88	27	11	-1	13.64	13.64
Fixation R	1	3	1603500686	1603648816	148130	629.56	472.88	27	11	-1	13.70	13.70
Saccade L	1	2	1603648816	1603672804	23988	626.32	472.93	706.68	491.30	1.86	156.60	0.58	77.40	6284.23	-5940.63	4127.82
Saccade R	1	2	1603648816	1603672804	23988	626.32	472.93	706.68	491.30	1.86	156.60	0.58	77.40	6284.23	-5940.63	4127.82
Fixation L	1	4	1603672804	1603840945	168141	704.66	498.25	25	21	-1	13.67	13.67
Fixation R	1	4	1603672804	1603840945	168141	704.66	498.25	25	21	-1	13.59	13.59
Saccade L	1	3	1603840945	1603864924	23979	698.62	502.90	772.34	503.68	1.58	117.91	0.50	65.81	4516.55	-4579.17	3170.77
Saccade R	1	3	1603840945	1603864924	23979	698.62	502.90	772.34	503.68	1.58	117.91	0.50	65.81	4516.55	-4579.17	3170.77
Fixation L	1	5	1603864924	1604004939	140015	772.05	494.51	5	13	-1	13.55	13.55
Fixation R	1	5	1603864924	1604004939	140015	772.05	494.51	5	13	-1	13.39	13.39
Saccade L	1	4	1604004939	1604030919	25980	771.40	492.27	852.71	491.94	1.78	122.25	0.46	68.63	5353.16	-5044.40	3781.31
Saccade R	1	4	1604004939	1604030919	25980	771.40	492.27	852.71	491.94	1.78	122.25	0.46	68.63	5353.16	-5044.40	3781.31
Fixation L	1	6	1604030919	1604197039	166120	863.75	486.15	21	15	-1	13.39	13.39
Fixation R	1	6	1604030919	1604197039	166120	863.75	486.15	21	15	-1	13.23	13.23
Saccade L	1	5	1604197039	1604235045	38006	867.49	490.41	981.01	481.45	2.49	140.54	0.37	65.48	5866.43	-5035.11	3708.95
Saccade R	1	5	1604197039	1604235045	38006	867.49	490.41	981.01	481.45	2.49	140.54	0.37	65.48	5866.43	-5035.11	3708.95
Fixation L	1	7	1604235045	1604471155	236110	983.21	470.25	13	31	-1	13.04	13.04
Fixation R	1	7	1604235045	1604471155	236110	983.21	470.25	13	31	-1	12.86	12.86
Saccade L	1	6	1604471155	1604497189	26034	981.82	451.13	1048.30	455.46	1.47	103.00	0.54	56.31	3879.30	-4036.90	2825.81
Saccade R	1	6	1604471155	1604497189	26034	981.82	451.13	1048.30	455.46	1.47	103.00	0.54	56.31	3879.30	-4036.90	2825.81
Fixation L	1	8	1604497189	1604643280	146091	1051.26	452.26	19	11	-1	12.85	12.85
Fixation R	1	8	1604497189	1604643280	146091	1051.26	452.26	19	11	-1	12.59	12.59
Saccade L	1	7	1604643280	1604667287	24007	1064.31	446.41	1109.97	431.76	1.16	83.93	0.50	48.35	3184.67	-3093.99	2123.08
Saccade R	1	7	1604643280	1604667287	24007	1064.31	446.41	1109.97	431.76	1.16	83.93	0.50	48.35	3184.67	-3093.99	2123.08
Fixation L	1	9	1604667287	1605017389	350102	1112.06	446.50	15	50	-1	12.54	12.54
Fixation R	1	9	1604667287	1605017389	350102	1112.06	446.50	15	50	-1	12.47	12.47
Saccade L	1	8	1605017389	1605041416	24027	1107.19	424.54	1182.70	433.11	1.67	119.69	0.50	69.31	4674.56	-4694.06	3291.00
Saccade R	1	8	1605017389	1605041416	24027	1107.19	424.54	1182.70	433.11	1.67	119.69	0.50	69.31	4674.56	-4694.06	3291.00
Fixation L	1	10	1605041416	1605235520	194104	1189.74	437.33	18	27	-1	12.66	12.66
Fixation R	1	10	1605041416	1605235520	194104	1189.74	437.33	18	27	-1	12.63	12.63
Fixation L	1	11	1605325530	1605819732	494202	899.30	977.22	86	37	-1	13.55	13.55
Fixation R	1	11	1605325530	1605819732	494202	899.30	977.22	86	37	-1	13.35	13.35
