[BeGaze]
Converted from:	C:\Program Files\SMI\Experiment Suite 360\Experiment Center 2\Results\RC-Attachment-Exp\P19-eye_data.idf
Date:	18.03.2012 20:14:25
Version:	BeGaze 3.0.181
Sample Rate:	500
Subject:	P19
Description:	Run24

Table Header for Fixations:
Event Type	Trial	Number	Start	End	Duration	Location X	Location Y	Dispersion X	Dispersion Y	Plane	Avg. Pupil Size X	Avg. Pupil Size Y

Table Header for Saccades:
Event Type	Trial	Number	Start	End	Duration	Start Loc.X	Start Loc.Y	End Loc.X	End Loc.Y	Amplitude	Peak Speed	Peak Speed At	Average Speed	Peak Accel.	Peak Decel.	Average Accel.

Table Header for Blinks:
Event Type	Trial	Number	Start	End	Duration

Table Header for User Events:
Event Type	Trial	Number	Start	Description

UserEvent	1	1	17846780334	# Message: Validation.jpg
Fixation L	1	1	17846781890	17846969978	188088	164.23	773.83	35	37	-1	13.13	13.13
Fixation R	1	1	17846781890	17846969978	188088	164.23	773.83	35	37	-1	13.16	13.16
Saccade L	1	1	17846969978	17847021972	51994	161.08	761.34	199.70	495.44	6.04	201.34	0.27	116.26	8404.57	-6622.41	4716.95
Saccade R	1	1	17846969978	17847021972	51994	161.08	761.34	199.70	495.44	6.04	201.34	0.27	116.26	8404.57	-6622.41	4716.95
Fixation L	1	2	17847047977	17847482306	434329	233.11	471.39	77	81	-1	13.64	13.64
Fixation R	1	2	17847047977	17847482306	434329	233.11	471.39	77	81	-1	13.62	13.62
Saccade L	1	2	17847482306	17847538232	55926	279.02	437.49	293.05	386.82	5.70	170.80	0.22	101.98	7516.12	-5355.13	4295.02
Saccade R	1	2	17847482306	17847538232	55926	279.02	437.49	293.05	386.82	5.70	170.80	0.22	101.98	7516.12	-5355.13	4295.02
Fixation L	1	3	17847538232	17848460670	922438	425.64	286.52	211	163	-1	13.92	13.92
Fixation R	1	3	17847538232	17848460670	922438	425.64	286.52	211	163	-1	13.91	13.91
Saccade L	1	3	17848460670	17848534660	73990	504.60	295.63	510.55	437.59	3.66	134.30	0.32	49.52	4847.90	-4445.49	2077.44
Saccade R	1	3	17848460670	17848534660	73990	504.60	295.63	510.55	437.59	3.66	134.30	0.32	49.52	4847.90	-4445.49	2077.44
Fixation L	1	4	17848534660	17848635494	100834	536.74	435.13	44	9	-1	14.51	14.51
Fixation R	1	4	17848534660	17848635494	100834	536.74	435.13	44	9	-1	14.45	14.45
Saccade L	1	4	17848635494	17848680664	45170	554.63	434.53	448.81	342.23	3.36	165.84	0.35	74.33	7081.65	-5905.92	4143.63
Saccade R	1	4	17848635494	17848680664	45170	554.63	434.53	448.81	342.23	3.36	165.84	0.35	74.33	7081.65	-5905.92	4143.63
Fixation L	1	5	17848680664	17848806783	126119	457.65	351.22	41	32	-1	14.52	14.52
Fixation R	1	5	17848680664	17848806783	126119	457.65	351.22	41	32	-1	14.45	14.45
Saccade L	1	5	17848931018	17848968779	37761	957.81	614.25	1013.99	627.18	1.32	49.88	0.68	34.98	1437.35	-1833.31	1141.78
Saccade R	1	5	17848931018	17848968779	37761	957.81	614.25	1013.99	627.18	1.32	49.88	0.68	34.98	1437.35	-1833.31	1141.78
Saccade L	1	6	17848986771	17849052293	65522	1008.64	630.82	1101.04	684.02	2.70	56.87	0.49	41.23	1884.39	-1371.19	989.94
Saccade R	1	6	17848986771	17849052293	65522	1008.64	630.82	1101.04	684.02	2.70	56.87	0.49	41.23	1884.39	-1371.19	989.94
Saccade L	1	7	17849052293	17849111436	59143	1101.04	684.02	1249.80	768.78	4.54	250.48	0.65	76.83	9348.71	-9949.43	4439.25
Saccade R	1	7	17849052293	17849111436	59143	1101.04	684.02	1249.80	768.78	4.54	250.48	0.65	76.83	9348.71	-9949.43	4439.25
Fixation L	1	6	17849111436	17849242896	131460	1268.26	798.59	28	57	-1	14.00	14.00
Fixation R	1	6	17849111436	17849242896	131460	1268.26	798.59	28	57	-1	14.00	14.00
Saccade L	1	8	17849242896	17849265009	22113	1278.39	825.11	1283.35	783.05	0.88	66.43	0.45	39.78	1976.62	-2443.35	1500.51
Saccade R	1	8	17849242896	17849265009	22113	1278.39	825.11	1283.35	783.05	0.88	66.43	0.45	39.78	1976.62	-2443.35	1500.51
Fixation L	1	7	17849265009	17850173347	908338	1284.23	794.08	44	66	-1	13.58	13.58
Fixation R	1	7	17849265009	17850173347	908338	1284.23	794.08	44	66	-1	13.38	13.38
Saccade L	1	9	17850173347	17850217351	44004	1292.51	777.13	1311.17	644.98	3.20	187.41	0.32	72.72	7633.81	-6887.23	3970.28
Saccade R	1	9	17850173347	17850217351	44004	1292.51	777.13	1311.17	644.98	3.20	187.41	0.32	72.72	7633.81	-6887.23	3970.28
Saccade L	1	10	17850265346	17850295343	29997	1296.74	620.28	1268.29	459.03	3.51	238.80	0.47	116.94	9948.96	-9098.73	6908.62
Saccade R	1	10	17850265346	17850295343	29997	1296.74	620.28	1268.29	459.03	3.51	238.80	0.47	116.94	9948.96	-9098.73	6908.62
Fixation L	1	8	17850295343	17850801577	506234	1260.94	302.52	47	230	-1	13.09	13.09
Fixation R	1	8	17850295343	17850801577	506234	1260.94	302.52	47	230	-1	12.86	12.86
Fixation L	1	9	17850821589	17850997693	176104	1278.33	261.78	36	41	-1	13.13	13.13
Fixation R	1	9	17850821589	17850997693	176104	1278.33	261.78	36	41	-1	12.85	12.85
Fixation L	1	10	17851015692	17851613918	598226	1245.93	279.37	91	66	-1	13.98	13.98
Fixation R	1	10	17851015692	17851613918	598226	1245.93	279.37	91	66	-1	13.53	13.53
Saccade L	1	11	17851613918	17851723353	109435	1200.36	308.58	810.82	640.80	12.39	338.93	0.33	113.23	14143.79	-11206.29	5143.22
Saccade R	1	11	17851613918	17851723353	109435	1200.36	308.58	810.82	640.80	12.39	338.93	0.33	113.23	14143.79	-11206.29	5143.22
Saccade L	1	12	17851727909	17851772038	44129	809.87	640.30	767.67	647.70	1.34	40.78	0.73	30.42	595.39	-225.95	217.12
Saccade R	1	12	17851727909	17851772038	44129	809.87	640.30	767.67	647.70	1.34	40.78	0.73	30.42	595.39	-225.95	217.12
Saccade L	1	13	17851772038	17851804046	32008	767.67	647.70	728.49	628.92	1.04	44.22	0.62	32.61	779.83	-1073.25	624.07
Saccade R	1	13	17851772038	17851804046	32008	767.67	647.70	728.49	628.92	1.04	44.22	0.62	32.61	779.83	-1073.25	624.07
Saccade L	1	14	17851810443	17851870496	60053	724.01	626.83	506.25	787.47	6.25	278.36	0.37	104.05	11338.87	-10131.55	6100.59
Saccade R	1	14	17851810443	17851870496	60053	724.01	626.83	506.25	787.47	6.25	278.36	0.37	104.05	11338.87	-10131.55	6100.59
Fixation L	1	11	17851870496	17852618377	747881	421.10	811.74	146	67	-1	13.80	13.80
Fixation R	1	11	17851870496	17852618377	747881	421.10	811.74	146	67	-1	13.60	13.60
