[BeGaze]
Converted from:	C:\Program Files\SMI\Experiment Suite 360\Experiment Center 2\Results\RC-Attachment-Exp\Deney02-eye_data.idf
Date:	24.02.2012 09:57:53
Version:	BeGaze 3.0.181
Sample Rate:	500
Subject:	Deney02
Description:	Run5

Table Header for Fixations:
Event Type	Trial	Number	Start	End	Duration	Location X	Location Y	Dispersion X	Dispersion Y	Plane	Avg. Pupil Size X	Avg. Pupil Size Y

Table Header for Saccades:
Event Type	Trial	Number	Start	End	Duration	Start Loc.X	Start Loc.Y	End Loc.X	End Loc.Y	Amplitude	Peak Speed	Peak Speed At	Average Speed	Peak Accel.	Peak Decel.	Average Accel.

Table Header for Blinks:
Event Type	Trial	Number	Start	End	Duration

Table Header for User Events:
Event Type	Trial	Number	Start	Description

UserEvent	1	1	3489017470	# Message: Dist-orthm-33.jpg
Fixation L	1	1	3489018810	3489354383	335573	512.56	456.12	30	22	-1	10.99	10.99
Fixation R	1	1	3489018810	3489354383	335573	512.56	456.12	30	22	-1	11.65	11.65
Saccade L	1	1	3489354383	3489388082	33699	506.82	456.75	568.57	461.60	1.34	62.94	0.41	39.77	2450.07	-2102.70	1680.01
Saccade R	1	1	3489354383	3489388082	33699	506.82	456.75	568.57	461.60	1.34	62.94	0.41	39.77	2450.07	-2102.70	1680.01
Fixation L	1	2	3489388082	3489640197	252115	568.71	450.01	25	30	-1	11.01	11.01
Fixation R	1	2	3489388082	3489640197	252115	568.71	450.01	25	30	-1	11.66	11.66
Saccade L	1	2	3489640197	3489666241	26044	559.96	435.39	631.88	439.53	1.72	126.27	0.62	66.21	4917.28	-5086.62	3498.50
Saccade R	1	2	3489640197	3489666241	26044	559.96	435.39	631.88	439.53	1.72	126.27	0.62	66.21	4917.28	-5086.62	3498.50
Fixation L	1	3	3489666241	3489738198	71957	635.95	440.80	12	12	-1	11.02	11.02
Fixation R	1	3	3489666241	3489738198	71957	635.95	440.80	12	12	-1	11.93	11.93
Saccade L	1	3	3489738198	3489764207	26009	637.21	449.94	702.54	441.71	1.45	103.11	0.54	55.92	3778.36	-4033.41	2840.57
Saccade R	1	3	3489738198	3489764207	26009	637.21	449.94	702.54	441.71	1.45	103.11	0.54	55.92	3778.36	-4033.41	2840.57
Fixation L	1	4	3489764207	3490038289	274082	708.00	436.67	36	21	-1	11.04	11.04
Fixation R	1	4	3489764207	3490038289	274082	708.00	436.67	36	21	-1	11.99	11.99
Saccade L	1	4	3490038289	3490066335	28046	704.83	443.75	770.53	426.16	1.50	101.31	0.43	53.38	3719.57	-3939.24	2768.14
Saccade R	1	4	3490038289	3490066335	28046	704.83	443.75	770.53	426.16	1.50	101.31	0.43	53.38	3719.57	-3939.24	2768.14
Fixation L	1	5	3490066335	3490230409	164074	783.17	427.97	21	15	-1	11.15	11.15
Fixation R	1	5	3490066335	3490230409	164074	783.17	427.97	21	15	-1	12.14	12.14
Saccade L	1	5	3490230409	3490258415	28006	789.54	422.79	841.16	430.26	1.15	67.12	0.50	41.22	2803.67	-2542.61	1932.14
Saccade R	1	5	3490230409	3490258415	28006	789.54	422.79	841.16	430.26	1.15	67.12	0.50	41.22	2803.67	-2542.61	1932.14
Fixation L	1	6	3490258415	3490408523	150108	847.69	440.26	16	19	-1	11.30	11.30
Fixation R	1	6	3490258415	3490408523	150108	847.69	440.26	16	19	-1	12.29	12.29
Saccade L	1	6	3490408523	3490434642	26119	836.97	439.27	923.94	444.94	1.89	139.20	0.54	72.49	5608.46	-5270.69	3869.31
Saccade R	1	6	3490408523	3490434642	26119	836.97	439.27	923.94	444.94	1.89	139.20	0.54	72.49	5608.46	-5270.69	3869.31
Fixation L	1	7	3490434642	3490576511	141869	930.28	436.21	16	15	-1	11.24	11.24
Fixation R	1	7	3490434642	3490576511	141869	930.28	436.21	16	15	-1	12.37	12.37
Saccade L	1	7	3490576511	3490602546	26035	922.66	430.53	1005.25	433.73	1.73	118.47	0.48	66.50	4820.49	-5019.14	3552.95
Saccade R	1	7	3490576511	3490602546	26035	922.66	430.53	1005.25	433.73	1.73	118.47	0.48	66.50	4820.49	-5019.14	3552.95
Fixation L	1	8	3490602546	3490802691	200145	1007.89	440.44	12	16	-1	11.27	11.27
Fixation R	1	8	3490602546	3490802691	200145	1007.89	440.44	12	16	-1	12.33	12.33
Blink L	1	1	3490802691	3490966767	164076
Blink R	1	1	3490802691	3490966767	164076
Fixation L	1	9	3490966767	3491330861	364094	1103.95	444.94	21	30	-1	11.33	11.33
Fixation R	1	9	3490966767	3491330861	364094	1103.95	444.94	21	30	-1	12.38	12.38
Blink L	1	2	3491330861	3491604979	274118
Blink R	1	2	3491330861	3491604979	274118
Saccade L	1	8	3491625840	3491657205	31365	884.57	876.42	913.94	915.21	1.04	45.56	0.48	33.22	1337.72	-1443.22	1033.99
Saccade R	1	8	3491625840	3491657205	31365	884.57	876.42	913.94	915.21	1.04	45.56	0.48	33.22	1337.72	-1443.22	1033.99
Fixation L	1	10	3491657205	3491997939	340734	901.61	911.59	27	42	-1	12.12	12.12
Fixation R	1	10	3491657205	3491997939	340734	901.61	911.59	27	42	-1	12.65	12.65
Saccade L	1	9	3491997939	3492023203	25264	904.54	914.19	875.41	955.93	1.18	76.57	0.55	46.63	2144.81	-2903.03	1792.21
Saccade R	1	9	3491997939	3492023203	25264	904.54	914.19	875.41	955.93	1.18	76.57	0.55	46.63	2144.81	-2903.03	1792.21
Fixation L	1	11	3492023203	3492159756	136553	882.85	959.35	16	33	-1	12.53	12.53
Fixation R	1	11	3492023203	3492159756	136553	882.85	959.35	16	33	-1	12.67	12.67
