[BeGaze]
Converted from:	C:\Program Files\SMI\Experiment Suite 360\Experiment Center 2\Results\RC-Attachment-Exp\P29-eye_data.idf
Date:	18.03.2012 20:25:02
Version:	BeGaze 3.0.181
Sample Rate:	500
Subject:	P29
Description:	Run34

Table Header for Fixations:
Event Type	Trial	Number	Start	End	Duration	Location X	Location Y	Dispersion X	Dispersion Y	Plane	Avg. Pupil Size X	Avg. Pupil Size Y

Table Header for Saccades:
Event Type	Trial	Number	Start	End	Duration	Start Loc.X	Start Loc.Y	End Loc.X	End Loc.Y	Amplitude	Peak Speed	Peak Speed At	Average Speed	Peak Accel.	Peak Decel.	Average Accel.

Table Header for Blinks:
Event Type	Trial	Number	Start	End	Duration

Table Header for User Events:
Event Type	Trial	Number	Start	Description

UserEvent	1	1	3577780174	# Message: RC-nonforced-nonanim-5.jpg
Fixation L	1	1	3577780594	3578096447	315853	468.64	430.19	36	14	-1	10.33	10.33
Fixation R	1	1	3577780594	3578096447	315853	468.64	430.19	36	14	-1	10.42	10.42
Saccade L	1	1	3578096447	3578124452	28005	469.02	427.10	568.97	421.29	2.17	150.15	0.43	77.44	6287.60	-6077.24	4469.19
Saccade R	1	1	3578096447	3578124452	28005	469.02	427.10	568.97	421.29	2.17	150.15	0.43	77.44	6287.60	-6077.24	4469.19
Fixation L	1	2	3578124452	3578312564	188112	586.65	438.23	30	38	-1	10.47	10.47
Fixation R	1	2	3578124452	3578312564	188112	586.65	438.23	30	38	-1	10.51	10.51
Saccade L	1	2	3578312564	3578342586	30022	592.22	436.60	644.67	424.03	1.26	80.17	0.33	42.05	3201.87	-2726.72	1956.14
Saccade R	1	2	3578312564	3578342586	30022	592.22	436.60	644.67	424.03	1.26	80.17	0.33	42.05	3201.87	-2726.72	1956.14
Fixation L	1	3	3578342586	3578553521	210935	657.45	427.68	22	17	-1	10.50	10.50
Fixation R	1	3	3578342586	3578553521	210935	657.45	427.68	22	17	-1	10.75	10.75
Saccade L	1	3	3578553521	3578586689	33168	657.62	436.38	758.88	450.05	2.15	124.61	0.40	64.91	5290.20	-4601.27	3512.28
Saccade R	1	3	3578553521	3578586689	33168	657.62	436.38	758.88	450.05	2.15	124.61	0.40	64.91	5290.20	-4601.27	3512.28
Fixation L	1	4	3578586689	3578790702	204013	767.74	452.75	23	27	-1	10.43	10.43
Fixation R	1	4	3578586689	3578790702	204013	767.74	452.75	23	27	-1	10.64	10.64
Saccade L	1	4	3578790702	3578812826	22124	775.77	469.22	847.45	456.11	1.40	113.57	0.45	63.40	4545.35	-4592.70	3226.42
Saccade R	1	4	3578790702	3578812826	22124	775.77	469.22	847.45	456.11	1.40	113.57	0.45	63.40	4545.35	-4592.70	3226.42
Fixation L	1	5	3578812826	3579082921	270095	843.45	442.81	30	26	-1	10.45	10.45
Fixation R	1	5	3578812826	3579082921	270095	843.45	442.81	30	26	-1	10.62	10.62
Saccade L	1	5	3579082921	3579113558	30637	851.25	446.63	926.57	443.80	1.89	106.75	0.45	61.81	4226.02	-4513.11	3163.07
Saccade R	1	5	3579082921	3579113558	30637	851.25	446.63	926.57	443.80	1.89	106.75	0.45	61.81	4226.02	-4513.11	3163.07
Fixation L	1	6	3579113558	3579347270	233712	934.05	436.84	16	21	-1	10.40	10.40
Fixation R	1	6	3579113558	3579347270	233712	934.05	436.84	16	21	-1	10.76	10.76
Saccade L	1	6	3579347270	3579369046	21776	937.33	431.33	990.85	431.71	1.16	91.41	0.54	53.25	3562.96	-3658.83	2443.99
Saccade R	1	6	3579347270	3579369046	21776	937.33	431.33	990.85	431.71	1.16	91.41	0.54	53.25	3562.96	-3658.83	2443.99
Fixation L	1	7	3579369046	3579525044	155998	996.22	436.86	16	25	-1	10.53	10.53
Fixation R	1	7	3579369046	3579525044	155998	996.22	436.86	16	25	-1	10.65	10.65
Saccade L	1	7	3579525044	3579551039	25995	999.90	441.40	1044.03	448.38	1.11	67.19	0.39	42.69	2673.91	-2005.33	1640.70
Saccade R	1	7	3579525044	3579551039	25995	999.90	441.40	1044.03	448.38	1.11	67.19	0.39	42.69	2673.91	-2005.33	1640.70
Fixation L	1	8	3579621041	3579865164	244123	1041.28	445.58	10	29	-1	10.42	10.42
Fixation R	1	8	3579621041	3579865164	244123	1041.28	445.58	10	29	-1	10.64	10.64
Saccade L	1	8	3579865164	3579891157	25993	1043.67	433.33	1114.75	428.58	1.72	129.71	0.58	66.30	5255.37	-5022.61	3555.03
Saccade R	1	8	3579865164	3579891157	25993	1043.67	433.33	1114.75	428.58	1.72	129.71	0.58	66.30	5255.37	-5022.61	3555.03
Fixation L	1	9	3579891157	3580257428	366271	1119.45	452.14	24	44	-1	10.50	10.50
Fixation R	1	9	3579891157	3580257428	366271	1119.45	452.14	24	44	-1	10.58	10.58
Saccade L	1	9	3580257428	3580287409	29981	1115.15	474.83	1032.15	549.26	2.42	149.31	0.47	80.75	9595.29	-2484.50	3948.07
Saccade R	1	9	3580257428	3580287409	29981	1115.15	474.83	1032.15	549.26	2.42	149.31	0.47	80.75	9595.29	-2484.50	3948.07
Blink L	1	1	3580287409	3580429537	142128
Blink R	1	1	3580287409	3580429537	142128
Saccade L	1	10	3580497568	3580521535	23967	913.10	954.08	921.81	933.03	0.68	41.23	0.42	28.18	930.17	-775.85	510.06
Saccade R	1	10	3580497568	3580521535	23967	913.10	954.08	921.81	933.03	0.68	41.23	0.42	28.18	930.17	-775.85	510.06
Fixation L	1	10	3580521535	3580929642	408107	927.13	935.86	31	47	-1	10.64	10.64
Fixation R	1	10	3580521535	3580929642	408107	927.13	935.86	31	47	-1	10.84	10.84
