[BeGaze]
Converted from:	C:\Program Files\SMI\Experiment Suite 360\Experiment Center 2\Results\RC-Attachment-Exp\P33-eye_data.idf
Date:	18.03.2012 20:29:54
Version:	BeGaze 3.0.181
Sample Rate:	500
Subject:	P33
Description:	Run38

Table Header for Fixations:
Event Type	Trial	Number	Start	End	Duration	Location X	Location Y	Dispersion X	Dispersion Y	Plane	Avg. Pupil Size X	Avg. Pupil Size Y

Table Header for Saccades:
Event Type	Trial	Number	Start	End	Duration	Start Loc.X	Start Loc.Y	End Loc.X	End Loc.Y	Amplitude	Peak Speed	Peak Speed At	Average Speed	Peak Accel.	Peak Decel.	Average Accel.

Table Header for Blinks:
Event Type	Trial	Number	Start	End	Duration

Table Header for User Events:
Event Type	Trial	Number	Start	Description

UserEvent	1	1	3753815922	# Message: Questionnaire19.jpg
Saccade L	1	1	3753824436	3753850329	25893	896.51	903.43	835.87	976.70	1.92	127.80	0.23	74.06	1464.90	-5151.33	2198.56
Saccade R	1	1	3753824436	3753850329	25893	896.51	903.43	835.87	976.70	1.92	127.80	0.23	74.06	1464.90	-5151.33	2198.56
Saccade L	1	2	3753862314	3753888443	26129	834.95	975.11	877.68	966.46	1.00	56.29	0.50	38.31	2087.97	-1996.54	1424.51
Saccade R	1	2	3753862314	3753888443	26129	834.95	975.11	877.68	966.46	1.00	56.29	0.50	38.31	2087.97	-1996.54	1424.51
Fixation L	1	1	3753888443	3754014330	125887	756.18	821.98	882	966	-1	10.48	10.48
Fixation R	1	1	3753888443	3754014330	125887	756.18	821.98	882	966	-1	11.06	11.06
Saccade L	1	3	3754014330	3754040653	26323	851.62	941.55	0.00	0.00	29.71	2446.26	0.45	1128.81	92910.82	-93173.02	64971.59
Saccade R	1	3	3754014330	3754040653	26323	851.62	941.55	0.00	0.00	29.71	2446.26	0.45	1128.81	92910.82	-93173.02	64971.59
Saccade L	1	4	3754074323	3754136450	62127	0.00	0.00	826.00	528.80	30.36	1985.15	0.19	488.75	76332.83	-62904.03	28481.65
Saccade R	1	4	3754074323	3754136450	62127	0.00	0.00	826.00	528.80	30.36	1985.15	0.19	488.75	76332.83	-62904.03	28481.65
Fixation L	1	2	3754136450	3754232414	95964	828.44	542.13	9	21	-1	11.98	11.98
Fixation R	1	2	3754136450	3754232414	95964	828.44	542.13	9	21	-1	12.77	12.77
Saccade L	1	5	3754232414	3754280474	48060	830.76	544.35	662.16	382.93	5.58	209.27	0.33	116.21	9272.55	-6949.56	5782.93
Saccade R	1	5	3754232414	3754280474	48060	830.76	544.35	662.16	382.93	5.58	209.27	0.33	116.21	9272.55	-6949.56	5782.93
Fixation L	1	3	3754280474	3754416488	136014	647.65	376.16	22	15	-1	12.25	12.25
Fixation R	1	3	3754280474	3754416488	136014	647.65	376.16	22	15	-1	12.98	12.98
Saccade L	1	6	3754416488	3754448590	32102	649.16	375.44	487.68	349.83	3.57	222.55	0.62	111.25	9347.82	-9186.50	6845.37
Saccade R	1	6	3754416488	3754448590	32102	649.16	375.44	487.68	349.83	3.57	222.55	0.62	111.25	9347.82	-9186.50	6845.37
Fixation L	1	4	3754448590	3754696655	248065	484.14	343.06	38	24	-1	12.16	12.16
Fixation R	1	4	3754448590	3754696655	248065	484.14	343.06	38	24	-1	12.65	12.65
Saccade L	1	7	3754696655	3754728646	31991	488.87	345.74	610.20	365.60	2.68	160.41	0.44	83.83	6790.79	-5961.72	4619.37
Saccade R	1	7	3754696655	3754728646	31991	488.87	345.74	610.20	365.60	2.68	160.41	0.44	83.83	6790.79	-5961.72	4619.37
Fixation L	1	5	3754728646	3754876642	147996	607.96	353.21	22	19	-1	11.88	11.88
Fixation R	1	5	3754728646	3754876642	147996	607.96	353.21	22	19	-1	12.68	12.68
Saccade L	1	8	3754876642	3754914786	38144	597.90	360.04	681.41	371.47	1.84	95.54	0.27	48.16	3819.14	-3243.82	2244.28
Saccade R	1	8	3754876642	3754914786	38144	597.90	360.04	681.41	371.47	1.84	95.54	0.27	48.16	3819.14	-3243.82	2244.28
Fixation L	1	6	3754914786	3755054958	140172	692.94	364.86	27	20	-1	11.89	11.89
Fixation R	1	6	3754914786	3755054958	140172	692.94	364.86	27	20	-1	12.63	12.63
Saccade L	1	9	3755054958	3755098759	43801	688.70	370.94	851.25	378.49	3.55	183.92	0.59	81.04	7158.18	-7411.56	4822.38
Saccade R	1	9	3755054958	3755098759	43801	688.70	370.94	851.25	378.49	3.55	183.92	0.59	81.04	7158.18	-7411.56	4822.38
Fixation L	1	7	3755098759	3755313325	214566	852.61	373.51	29	16	-1	12.07	12.07
Fixation R	1	7	3755098759	3755313325	214566	852.61	373.51	29	16	-1	12.78	12.78
Saccade L	1	10	3755313325	3755344877	31552	846.77	379.44	977.32	376.53	2.71	166.04	0.37	85.91	6882.97	-6619.85	4787.29
Saccade R	1	10	3755313325	3755344877	31552	846.77	379.44	977.32	376.53	2.71	166.04	0.37	85.91	6882.97	-6619.85	4787.29
Fixation L	1	8	3755344877	3755527631	182754	977.14	382.66	25	22	-1	12.52	12.52
Fixation R	1	8	3755344877	3755527631	182754	977.14	382.66	25	22	-1	13.17	13.17
Saccade L	1	11	3755527631	3755561037	33406	967.40	367.29	1080.28	378.51	2.39	133.38	0.46	71.47	5478.59	-5449.40	3927.90
Saccade R	1	11	3755527631	3755561037	33406	967.40	367.29	1080.28	378.51	2.39	133.38	0.46	71.47	5478.59	-5449.40	3927.90
Fixation L	1	9	3755561037	3755773131	212094	1083.61	374.14	29	28	-1	12.29	12.29
Fixation R	1	9	3755561037	3755773131	212094	1083.61	374.14	29	28	-1	12.83	12.83
Saccade L	1	12	3755773131	3755801100	27969	1081.34	355.74	1188.35	351.80	2.24	157.40	0.43	80.10	6118.60	-5931.45	4361.63
Saccade R	1	12	3755773131	3755801100	27969	1081.34	355.74	1188.35	351.80	2.24	157.40	0.43	80.10	6118.60	-5931.45	4361.63
Fixation L	1	10	3755801100	3755956120	155020	1198.00	349.21	20	24	-1	12.12	12.12
Fixation R	1	10	3755801100	3756085226	284126	970.75	386.69	1002	798	-1	12.61	12.61
Saccade L	1	13	3755956120	3756085226	129106	1197.04	361.16	296.71	388.39	45.68	1056.94	0.66	353.83	31320.20	-26463.82	10112.11
Fixation L	1	11	3756125224	3757231757	1106533	361.84	434.18	53	54	-1	12.42	12.42
Fixation R	1	11	3756125224	3757231757	1106533	361.84	434.18	53	54	-1	13.13	13.13
Saccade L	1	14	3757231757	3757273739	41982	365.37	466.60	481.49	376.13	3.26	146.52	0.43	77.57	5758.90	-5205.62	3922.36
Saccade R	1	13	3757231757	3757273739	41982	365.37	466.60	481.49	376.13	3.26	146.52	0.43	77.57	5758.90	-5205.62	3922.36
Fixation L	1	12	3757273739	3757405799	132060	486.70	374.92	12	25	-1	12.84	12.84
Fixation R	1	12	3757273739	3757405799	132060	486.70	374.92	12	25	-1	13.85	13.85
Saccade L	1	15	3757405799	3757445801	40002	478.33	383.33	639.65	382.00	3.94	171.84	0.30	98.56	6862.96	-5088.22	4369.43
Saccade R	1	14	3757405799	3757445801	40002	478.33	383.33	639.65	382.00	3.94	171.84	0.30	98.56	6862.96	-5088.22	4369.43
Fixation L	1	13	3757445801	3757609940	164139	632.76	385.63	31	16	-1	12.94	12.94
Fixation R	1	13	3757445801	3757609940	164139	632.76	385.63	31	16	-1	13.79	13.79
Saccade L	1	16	3757609940	3757649949	40009	639.51	381.23	800.67	380.68	3.59	174.50	0.30	89.69	6787.78	-4110.45	3681.82
Saccade R	1	15	3757609940	3757649949	40009	639.51	381.23	800.67	380.68	3.59	174.50	0.30	89.69	6787.78	-4110.45	3681.82
Fixation L	1	14	3757649949	3757833908	183959	806.53	373.59	33	12	-1	12.46	12.46
Fixation R	1	14	3757649949	3757833908	183959	806.53	373.59	33	12	-1	13.18	13.18
Saccade L	1	17	3757833908	3757874213	40305	791.28	369.41	949.41	369.11	3.55	181.93	0.35	88.06	7788.55	-6531.06	4772.67
Saccade R	1	16	3757833908	3757874213	40305	791.28	369.41	949.41	369.11	3.55	181.93	0.35	88.06	7788.55	-6531.06	4772.67
Fixation L	1	15	3757874213	3758033901	159688	959.18	365.35	24	16	-1	12.11	12.11
Fixation R	1	15	3757874213	3758033901	159688	959.18	365.35	24	16	-1	12.85	12.85
Saccade L	1	18	3758033901	3758068023	34122	973.60	374.92	1093.63	367.70	2.51	147.75	0.41	73.61	5981.93	-5669.68	4099.38
Saccade R	1	17	3758033901	3758068023	34122	973.60	374.92	1093.63	367.70	2.51	147.75	0.41	73.61	5981.93	-5669.68	4099.38
Fixation L	1	16	3758068023	3758222145	154122	1103.89	368.85	27	17	-1	11.97	11.97
Fixation R	1	16	3758068023	3758222145	154122	1103.89	368.85	27	17	-1	12.66	12.66
Saccade L	1	19	3758222145	3758292178	70033	1110.87	360.50	368.70	417.86	16.84	385.87	0.33	240.52	16964.49	-12362.18	8661.86
Saccade R	1	18	3758222145	3758292178	70033	1110.87	360.50	368.70	417.86	16.84	385.87	0.33	240.52	16964.49	-12362.18	8661.86
Fixation L	1	17	3758292178	3758606255	314077	378.71	427.16	26	30	-1	12.01	12.01
Fixation R	1	17	3758292178	3758606255	314077	378.71	427.16	26	30	-1	12.65	12.65
Blink L	1	1	3758606255	3759304607	698352
Blink R	1	1	3758606255	3759304607	698352
Fixation L	1	18	3759304607	3760375065	1070458	373.07	440.82	34	30	-1	11.92	11.92
Fixation R	1	18	3759304607	3760375065	1070458	373.07	440.82	34	30	-1	12.56	12.56
UserEvent	1	155	3759966210	# Message: UE-mouseclick left x=361 y=441
Saccade L	1	20	3760375065	3760403079	28014	369.12	433.69	383.08	518.73	1.82	120.49	0.36	65.01	4325.54	-4789.66	3277.58
Saccade R	1	19	3760375065	3760403079	28014	369.12	433.69	383.08	518.73	1.82	120.49	0.36	65.01	4325.54	-4789.66	3277.58
Fixation L	1	19	3760403079	3760694163	291084	390.59	522.21	23	26	-1	12.79	12.79
Fixation R	1	19	3760403079	3760694163	291084	390.59	522.21	23	26	-1	13.73	13.73
UserEvent	1	173	3760662169	# Message: UE-mouseclick left x=386 y=519
Saccade L	1	21	3760694163	3760725828	31665	394.39	518.62	390.69	470.17	1.28	62.74	0.35	40.40	1955.62	-2449.37	1529.83
Saccade R	1	20	3760694163	3760725828	31665	394.39	518.62	390.69	470.17	1.28	62.74	0.35	40.40	1955.62	-2449.37	1529.83
Fixation L	1	20	3760725828	3760793384	67556	392.17	466.71	5	5	-1	13.28	13.28
Fixation R	1	20	3760725828	3760793384	67556	392.17	466.71	5	5	-1	14.21	14.21
