[BeGaze]
Converted from:	C:\Program Files\SMI\Experiment Suite 360\Experiment Center 2\Results\RC-Attachment-Exp\P16-eye_data.idf
Date:	18.03.2012 20:12:35
Version:	BeGaze 3.0.181
Sample Rate:	500
Subject:	P16
Description:	Run21

Table Header for Fixations:
Event Type	Trial	Number	Start	End	Duration	Location X	Location Y	Dispersion X	Dispersion Y	Plane	Avg. Pupil Size X	Avg. Pupil Size Y

Table Header for Saccades:
Event Type	Trial	Number	Start	End	Duration	Start Loc.X	Start Loc.Y	End Loc.X	End Loc.Y	Amplitude	Peak Speed	Peak Speed At	Average Speed	Peak Accel.	Peak Decel.	Average Accel.

Table Header for Blinks:
Event Type	Trial	Number	Start	End	Duration

Table Header for User Events:
Event Type	Trial	Number	Start	Description

UserEvent	1	1	1925781392	# Message: RC-N2forced-nonanim-5.jpg
Fixation L	1	1	1925782336	1926382512	600176	526.62	442.16	51	42	-1	10.48	10.48
Fixation R	1	1	1925782336	1926382512	600176	526.62	442.16	51	42	-1	10.52	10.52
Saccade L	1	1	1926382512	1926406580	24068	547.45	420.43	608.20	438.04	1.34	92.04	0.50	55.66	3864.98	-3758.46	2646.36
Saccade R	1	1	1926382512	1926406580	24068	547.45	420.43	608.20	438.04	1.34	92.04	0.50	55.66	3864.98	-3758.46	2646.36
Fixation L	1	2	1926406580	1926624622	218042	609.88	443.36	18	31	-1	10.31	10.31
Fixation R	1	2	1926406580	1926624622	218042	609.88	443.36	18	31	-1	10.48	10.48
Saccade L	1	2	1926624622	1926653329	28707	614.93	452.69	696.87	457.39	1.96	119.81	0.49	68.30	4963.16	-4463.86	3458.86
Saccade R	1	2	1926624622	1926653329	28707	614.93	452.69	696.87	457.39	1.96	119.81	0.49	68.30	4963.16	-4463.86	3458.86
Fixation L	1	3	1926653329	1926820618	167289	691.81	460.49	17	28	-1	10.34	10.34
Fixation R	1	3	1926653329	1926820618	167289	691.81	460.49	17	28	-1	10.56	10.56
Saccade L	1	3	1926820618	1926848618	28000	688.78	469.68	759.22	460.71	1.64	108.63	0.50	58.59	3994.86	-3604.67	2639.14
Saccade R	1	3	1926820618	1926848618	28000	688.78	469.68	759.22	460.71	1.64	108.63	0.50	58.59	3994.86	-3604.67	2639.14
Fixation L	1	4	1926848618	1927000777	152159	752.81	460.54	17	22	-1	10.40	10.40
Fixation R	1	4	1926848618	1927000777	152159	752.81	460.54	17	22	-1	10.64	10.64
Saccade L	1	4	1927000777	1927022737	21960	756.38	454.42	813.54	462.16	1.13	91.50	0.54	51.55	3486.54	-3422.64	2397.41
Saccade R	1	4	1927000777	1927022737	21960	756.38	454.42	813.54	462.16	1.13	91.50	0.54	51.55	3486.54	-3422.64	2397.41
Fixation L	1	5	1927022737	1927216108	193371	813.09	454.38	16	16	-1	10.23	10.23
Fixation R	1	5	1927022737	1927216108	193371	813.09	454.38	16	16	-1	10.54	10.54
Saccade L	1	5	1927216108	1927264846	48738	816.58	454.63	859.67	457.37	7.88	313.80	0.51	161.68	14303.25	-12246.67	8393.26
Saccade R	1	5	1927216108	1927264846	48738	816.58	454.63	859.67	457.37	7.88	313.80	0.51	161.68	14303.25	-12246.67	8393.26
Fixation L	1	6	1927264846	1927504967	240121	870.21	449.46	15	28	-1	9.85	9.85
Fixation R	1	6	1927264846	1927504967	240121	870.21	449.46	15	28	-1	10.16	10.16
Saccade L	1	6	1927504967	1927532437	27470	872.56	442.90	924.97	440.67	1.16	63.43	0.44	42.38	2684.33	-2488.74	1849.32
Saccade R	1	6	1927504967	1927532437	27470	872.56	442.90	924.97	440.67	1.16	63.43	0.44	42.38	2684.33	-2488.74	1849.32
Fixation L	1	7	1927532437	1927731088	198651	930.97	435.60	14	22	-1	9.52	9.52
Fixation R	1	7	1927532437	1927731088	198651	930.97	435.60	14	22	-1	9.87	9.87
Saccade L	1	7	1927731088	1927753080	21992	931.64	429.32	972.24	432.63	0.72	46.38	0.55	32.85	1580.31	-1677.36	1171.60
Saccade R	1	7	1927731088	1927753080	21992	931.64	429.32	972.24	432.63	0.72	46.38	0.55	32.85	1580.31	-1677.36	1171.60
Fixation L	1	8	1927753080	1927983196	230116	967.80	435.00	14	22	-1	9.26	9.26
Fixation R	1	8	1927753080	1927983196	230116	967.80	435.00	14	22	-1	9.70	9.70
Saccade L	1	8	1927983196	1928005196	22000	962.13	441.73	1025.39	445.95	1.29	99.37	0.55	58.69	3654.81	-3713.71	2276.37
Saccade R	1	8	1927983196	1928005196	22000	962.13	441.73	1025.39	445.95	1.29	99.37	0.55	58.69	3654.81	-3713.71	2276.37
Fixation L	1	9	1928049200	1928153193	103993	1031.66	444.24	15	11	-1	9.22	9.22
Fixation R	1	9	1928049200	1928153193	103993	1031.66	444.24	15	11	-1	9.71	9.71
Saccade L	1	9	1928153193	1928181186	27993	1026.60	443.66	1129.41	427.09	2.23	148.62	0.58	79.62	6023.77	-6093.86	4451.18
Saccade R	1	9	1928153193	1928181186	27993	1026.60	443.66	1129.41	427.09	2.23	148.62	0.58	79.62	6023.77	-6093.86	4451.18
Fixation L	1	10	1928181186	1928629416	448230	1129.26	443.16	28	35	-1	9.58	9.58
Fixation R	1	10	1928181186	1928629416	448230	1129.26	443.16	28	35	-1	10.01	10.01
Blink L	1	1	1928629416	1928801538	172122
Saccade R	1	10	1928629416	1928747542	118126	1137.09	449.97	923.47	794.03	22.69	489.88	0.74	192.09	12924.39	-17117.83	7781.64
Saccade R	1	11	1928759984	1928801538	41554	923.11	796.13	928.87	847.93	1.23	46.91	0.66	29.66	1043.62	-1567.79	870.83
Fixation L	1	11	1928801538	1928897538	96000	926.19	862.43	15	36	-1	0.00	0.00
Fixation R	1	11	1928801538	1928897538	96000	926.19	862.43	15	36	-1	10.00	10.00
Blink L	1	2	1928897538	1929115648	218110
Saccade R	1	12	1928897538	1928929535	31997	933.48	868.85	831.47	866.86	2.07	112.26	0.37	64.63	4817.20	-3977.06	3114.80
Fixation R	1	12	1928929535	1929091652	162117	844.78	872.09	23	23	-1	10.46	10.46
Blink R	1	1	1929091652	1929711878	620226
Fixation L	1	12	1929115648	1929493764	378116	0.00	0.00	0	0	-1	0.00	0.00
Saccade L	1	10	1929493764	1929711878	218114	0.00	0.00	904.81	894.64	247.10	2455.52	0.95	1132.88	93551.96	-93420.65	65244.85
Fixation L	1	13	1929711878	1930236111	524233	899.91	920.37	44	41	-1	10.69	10.69
Fixation R	1	13	1929711878	1930236111	524233	899.91	920.37	44	41	-1	11.33	11.33
