[BeGaze]
Converted from:	C:\Program Files\SMI\Experiment Suite 360\Experiment Center 2\Results\RC-Attachment-Exp\P21-eye_data.idf
Date:	18.03.2012 20:16:25
Version:	BeGaze 3.0.181
Sample Rate:	500
Subject:	P21
Description:	Run26

Table Header for Fixations:
Event Type	Trial	Number	Start	End	Duration	Location X	Location Y	Dispersion X	Dispersion Y	Plane	Avg. Pupil Size X	Avg. Pupil Size Y

Table Header for Saccades:
Event Type	Trial	Number	Start	End	Duration	Start Loc.X	Start Loc.Y	End Loc.X	End Loc.Y	Amplitude	Peak Speed	Peak Speed At	Average Speed	Peak Accel.	Peak Decel.	Average Accel.

Table Header for Blinks:
Event Type	Trial	Number	Start	End	Duration

Table Header for User Events:
Event Type	Trial	Number	Start	Description

UserEvent	1	1	19911976694	# Message: Questionnaire9.jpg
Fixation L	1	1	19911979032	19912378807	399775	865.92	934.94	37	16	-1	15.24	15.24
Fixation R	1	1	19911979032	19912378807	399775	865.92	934.94	37	16	-1	15.91	15.91
Saccade L	1	1	19912378807	19912442710	63903	858.81	934.91	473.79	344.09	16.38	429.31	0.41	256.37	18752.70	-17080.44	11674.18
Saccade R	1	1	19912378807	19912442710	63903	858.81	934.91	473.79	344.09	16.38	429.31	0.41	256.37	18752.70	-17080.44	11674.18
Saccade L	1	2	19912448733	19912478709	29976	474.10	342.91	498.67	378.14	0.90	42.30	0.40	30.16	1111.25	-1078.35	740.79
Saccade R	1	2	19912448733	19912478709	29976	474.10	342.91	498.67	378.14	0.90	42.30	0.40	30.16	1111.25	-1078.35	740.79
Fixation L	1	2	19912478709	19912560842	82133	515.88	406.19	31	48	-1	16.03	16.03
Fixation R	1	2	19912478709	19912560842	82133	515.88	406.19	31	48	-1	16.41	16.41
Saccade L	1	3	19912560842	19912604872	44030	528.30	427.74	528.58	356.77	1.54	51.54	0.23	34.97	1935.53	-1006.28	965.54
Saccade R	1	3	19912560842	19912604872	44030	528.30	427.74	528.58	356.77	1.54	51.54	0.23	34.97	1935.53	-1006.28	965.54
Fixation L	1	3	19912604872	19912744821	139949	520.74	366.75	12	23	-1	16.21	16.21
Fixation R	1	3	19912604872	19912744821	139949	520.74	366.75	12	23	-1	16.75	16.75
Saccade L	1	4	19912744821	19912788963	44142	515.71	374.96	704.11	371.27	4.10	202.33	0.32	92.99	8491.80	-7040.47	5100.51
Saccade R	1	4	19912744821	19912788963	44142	515.71	374.96	704.11	371.27	4.10	202.33	0.32	92.99	8491.80	-7040.47	5100.51
Fixation L	1	4	19912788963	19912982972	194009	680.25	367.75	39	13	-1	16.07	16.07
Fixation R	1	4	19912788963	19912982972	194009	680.25	367.75	39	13	-1	16.91	16.91
Saccade L	1	5	19912982972	19913031076	48104	664.63	366.73	891.69	370.97	5.25	196.91	0.41	109.18	8878.31	-7640.90	5887.54
Saccade R	1	5	19912982972	19913031076	48104	664.63	366.73	891.69	370.97	5.25	196.91	0.41	109.18	8878.31	-7640.90	5887.54
Fixation L	1	5	19913031076	19913241055	209979	873.35	370.13	33	15	-1	16.91	16.91
Fixation R	1	5	19913031076	19913241055	209979	873.35	370.13	33	15	-1	17.58	17.58
Saccade L	1	6	19913241055	19913305189	64134	866.16	372.62	671.14	363.42	4.87	148.60	0.47	75.87	4405.91	-3893.52	3010.88
Saccade R	1	6	19913241055	19913305189	64134	866.16	372.62	671.14	363.42	4.87	148.60	0.47	75.87	4405.91	-3893.52	3010.88
Fixation L	1	6	19913305189	19913361173	55984	681.42	368.30	23	8	-1	17.08	17.08
Fixation R	1	6	19913305189	19913361173	55984	681.42	368.30	23	8	-1	18.14	18.14
Blink L	1	1	19913365177	19913491169	125992
Blink R	1	1	19913365177	19913491169	125992
Fixation L	1	7	19913509232	19913763313	254081	630.56	387.44	13	46	-1	17.55	17.55
Fixation R	1	7	19913509232	19913763313	254081	630.56	387.44	13	46	-1	18.51	18.51
Saccade L	1	7	19913763313	19913819304	55991	631.84	397.92	395.52	484.04	5.71	238.13	0.36	102.07	9837.65	-7684.09	5543.62
Saccade R	1	7	19913763313	19913819304	55991	631.84	397.92	395.52	484.04	5.71	238.13	0.36	102.07	9837.65	-7684.09	5543.62
Fixation L	1	8	19913819304	19914683781	864477	431.69	494.60	58	51	-1	17.75	17.75
Fixation R	1	8	19913819304	19914683781	864477	431.69	494.60	58	51	-1	18.70	18.70
Blink L	1	2	19914683781	19914873723	189942
Blink R	1	2	19914683781	19914873723	189942
Saccade L	1	8	19914879737	19914911871	32134	440.91	427.90	443.66	478.68	1.19	58.43	0.46	37.13	1321.06	-1897.69	1172.55
Saccade R	1	8	19914879737	19914911871	32134	440.91	427.90	443.66	478.68	1.19	58.43	0.46	37.13	1321.06	-1897.69	1172.55
Fixation L	1	9	19914911871	19915155852	243981	444.00	479.58	29	20	-1	18.67	18.67
Fixation R	1	9	19914911871	19915155852	243981	444.00	479.58	29	20	-1	19.75	19.75
Saccade L	1	9	19915155852	19915181858	26006	447.17	469.27	444.28	503.89	0.81	40.21	0.54	31.27	1472.11	-1473.66	1072.50
Saccade R	1	9	19915155852	19915181858	26006	447.17	469.27	444.28	503.89	0.81	40.21	0.54	31.27	1472.11	-1473.66	1072.50
Fixation L	1	10	19915181858	19915736312	554454	441.53	497.18	41	39	-1	18.04	18.04
Fixation R	1	10	19915181858	19915736312	554454	441.53	497.18	41	39	-1	19.01	19.01
UserEvent	1	62	19915555932	# Message: UE-mouseclick left x=488 y=468
Fixation L	1	11	19915784244	19916124314	340070	472.90	550.36	16	31	-1	18.44	18.44
Fixation R	1	11	19915784244	19916124314	340070	472.90	550.36	16	31	-1	19.42	19.42
UserEvent	1	70	19916019975	# Message: UE-mouseclick left x=462 y=530
