[BeGaze]
Converted from:	C:\Program Files\SMI\Experiment Suite 360\Experiment Center 2\Results\RC-Attachment-Exp\P29-eye_data.idf
Date:	18.03.2012 20:24:21
Version:	BeGaze 3.0.181
Sample Rate:	500
Subject:	P29
Description:	Run34

Table Header for Fixations:
Event Type	Trial	Number	Start	End	Duration	Location X	Location Y	Dispersion X	Dispersion Y	Plane	Avg. Pupil Size X	Avg. Pupil Size Y

Table Header for Saccades:
Event Type	Trial	Number	Start	End	Duration	Start Loc.X	Start Loc.Y	End Loc.X	End Loc.Y	Amplitude	Peak Speed	Peak Speed At	Average Speed	Peak Accel.	Peak Decel.	Average Accel.

Table Header for Blinks:
Event Type	Trial	Number	Start	End	Duration

Table Header for User Events:
Event Type	Trial	Number	Start	Description

UserEvent	1	1	3224043655	# Message: Questionnaire4.jpg
Saccade L	1	1	3224066741	3224098105	31364	937.87	936.19	862.47	861.41	2.24	162.96	0.45	71.46	2173.42	-15295.20	4611.80
Saccade R	1	1	3224066741	3224098105	31364	937.87	936.19	862.47	861.41	2.24	162.96	0.45	71.46	2173.42	-15295.20	4611.80
Saccade L	1	2	3224142265	3224192126	49861	855.13	858.04	929.18	915.91	2.88	138.14	0.32	57.68	5488.34	-4609.54	3075.70
Saccade R	1	2	3224142265	3224192126	49861	855.13	858.04	929.18	915.91	2.88	138.14	0.32	57.68	5488.34	-4609.54	3075.70
Fixation L	1	1	3224192126	3224284254	92128	920.54	907.64	13	11	-1	11.15	11.15
Fixation R	1	1	3224192126	3224284254	92128	920.54	907.64	13	11	-1	11.47	11.47
Saccade L	1	3	3224284254	3224322907	38653	917.79	907.94	822.21	930.14	2.53	195.13	0.67	65.40	6698.28	279.34	2806.24
Saccade R	1	3	3224284254	3224322907	38653	917.79	907.94	822.21	930.14	2.53	195.13	0.67	65.40	6698.28	279.34	2806.24
Saccade L	1	4	3224322907	3224380904	57997	822.21	930.14	924.86	908.27	4.02	234.83	0.20	69.38	1746.08	-7317.32	2580.66
Saccade R	1	4	3224322907	3224380904	57997	822.21	930.14	924.86	908.27	4.02	234.83	0.20	69.38	1746.08	-7317.32	2580.66
Saccade L	1	5	3224386236	3224438962	52726	924.01	906.74	892.75	922.00	1.54	41.52	0.57	29.25	10256.56	305.24	2207.96
Saccade R	1	5	3224386236	3224438962	52726	924.01	906.74	892.75	922.00	1.54	41.52	0.57	29.25	10256.56	305.24	2207.96
Fixation L	1	2	3224542223	3224618368	76145	501.44	434.21	39	23	-1	11.00	11.00
Fixation R	1	2	3224542223	3224618368	76145	501.44	434.21	39	23	-1	11.12	11.12
Blink L	1	1	3224618368	3224708350	89982
Blink R	1	1	3224618368	3224708350	89982
Fixation L	1	3	3224708350	3224762349	53999	513.00	400.17	23	10	-1	10.78	10.78
Fixation R	1	3	3224708350	3224762349	53999	513.00	400.17	23	10	-1	11.00	11.00
Saccade L	1	6	3224762349	3224814472	52123	507.88	405.32	708.97	380.65	5.00	256.50	0.35	95.93	11516.17	-10734.20	6355.36
Saccade R	1	6	3224762349	3224814472	52123	507.88	405.32	708.97	380.65	5.00	256.50	0.35	95.93	11516.17	-10734.20	6355.36
Fixation L	1	4	3224814472	3225094589	280117	725.77	396.33	32	39	-1	10.82	10.82
Fixation R	1	4	3224814472	3225094589	280117	725.77	396.33	32	39	-1	11.10	11.10
Saccade L	1	7	3225094589	3225134600	40011	719.69	409.82	832.99	396.12	2.89	187.13	0.45	72.21	7662.78	-7631.13	5212.64
Saccade R	1	7	3225094589	3225134600	40011	719.69	409.82	832.99	396.12	2.89	187.13	0.45	72.21	7662.78	-7631.13	5212.64
Fixation L	1	5	3225134600	3225342585	207985	854.54	393.46	29	21	-1	10.93	10.93
Fixation R	1	5	3225134600	3225342585	207985	854.54	393.46	29	21	-1	11.35	11.35
Saccade L	1	8	3225342585	3225373457	30872	857.80	393.27	994.80	385.46	3.25	211.10	0.52	105.25	8938.38	-8884.77	6499.32
Saccade R	1	8	3225342585	3225373457	30872	857.80	393.27	994.80	385.46	3.25	211.10	0.52	105.25	8938.38	-8884.77	6499.32
Fixation L	1	6	3225373457	3225628047	254590	982.49	389.01	39	38	-1	10.97	10.97
Fixation R	1	6	3225373457	3225628047	254590	982.49	389.01	39	38	-1	11.51	11.51
Saccade L	1	9	3225628047	3225720828	92781	991.72	393.70	593.79	416.90	9.27	376.05	0.35	99.89	16038.51	-14635.62	5442.52
Saccade R	1	9	3225628047	3225720828	92781	991.72	393.70	593.79	416.90	9.27	376.05	0.35	99.89	16038.51	-14635.62	5442.52
Saccade L	1	10	3225720828	3225766847	46019	593.79	416.90	631.72	432.91	1.45	65.78	0.22	31.44	912.07	-2013.36	925.35
Saccade R	1	10	3225720828	3225766847	46019	593.79	416.90	631.72	432.91	1.45	65.78	0.22	31.44	912.07	-2013.36	925.35
Fixation L	1	7	3225766847	3225913303	146456	627.20	421.75	23	23	-1	11.75	11.75
Fixation R	1	7	3225766847	3225913303	146456	627.20	421.75	23	23	-1	11.96	11.96
Saccade L	1	11	3225913303	3225958953	45650	629.92	420.27	729.03	389.79	2.60	161.19	0.45	56.93	6378.82	-5966.05	3799.79
Saccade R	1	11	3225913303	3225958953	45650	629.92	420.27	729.03	389.79	2.60	161.19	0.45	56.93	6378.82	-5966.05	3799.79
Fixation L	1	8	3225958953	3226120954	162001	745.25	404.42	27	29	-1	11.55	11.55
Fixation R	1	8	3225958953	3226120954	162001	745.25	404.42	27	29	-1	11.99	11.99
Saccade L	1	12	3226120954	3226158059	37105	745.80	418.17	855.80	390.31	2.88	182.63	0.38	77.73	7455.71	-7272.59	5108.37
Saccade R	1	12	3226120954	3226158059	37105	745.80	418.17	855.80	390.31	2.88	182.63	0.38	77.73	7455.71	-7272.59	5108.37
Fixation L	1	9	3226158059	3226351068	193009	865.25	396.88	30	35	-1	11.69	11.69
Fixation R	1	9	3226158059	3226351068	193009	865.25	396.88	30	35	-1	11.94	11.94
Saccade L	1	13	3226351068	3226409082	58014	873.53	399.27	1014.29	398.85	3.91	246.03	0.25	67.45	10207.19	-9922.82	4278.47
Saccade R	1	13	3226351068	3226409082	58014	873.53	399.27	1014.29	398.85	3.91	246.03	0.25	67.45	10207.19	-9922.82	4278.47
Saccade L	1	14	3226421065	3226478680	57615	1010.11	401.66	1046.02	413.54	1.42	50.78	0.66	24.58	1404.34	-1721.56	863.69
Saccade R	1	14	3226421065	3226478680	57615	1010.11	401.66	1046.02	413.54	1.42	50.78	0.66	24.58	1404.34	-1721.56	863.69
Saccade L	1	15	3226519186	3226607190	88004	1027.80	382.54	361.78	588.89	16.76	487.89	0.41	190.44	20880.75	-16397.23	9439.22
Saccade R	1	15	3226519186	3226607190	88004	1027.80	382.54	361.78	588.89	16.76	487.89	0.41	190.44	20880.75	-16397.23	9439.22
Saccade L	1	16	3226607190	3226641262	34072	361.78	588.89	321.05	582.02	0.99	47.27	0.53	28.98	996.22	-1520.87	861.34
Saccade R	1	16	3226607190	3226641262	34072	361.78	588.89	321.05	582.02	0.99	47.27	0.53	28.98	996.22	-1520.87	861.34
Fixation L	1	10	3226641262	3226783325	142063	344.87	585.21	38	37	-1	11.66	11.66
Fixation R	1	10	3226641262	3226783325	142063	344.87	585.21	38	37	-1	11.76	11.76
Saccade L	1	17	3226783325	3226823411	40086	321.42	578.45	369.78	534.98	1.51	80.92	0.31	37.71	2574.23	-2960.68	1597.45
Saccade R	1	17	3226783325	3226823411	40086	321.42	578.45	369.78	534.98	1.51	80.92	0.31	37.71	2574.23	-2960.68	1597.45
Fixation L	1	11	3226823411	3227699663	876252	352.86	523.02	52	52	-1	11.36	11.36
Fixation R	1	11	3226823411	3227699663	876252	352.86	523.02	52	52	-1	11.49	11.49
UserEvent	1	92	3227636121	# Message: UE-mouseclick left x=359 y=516
Saccade L	1	18	3227699663	3227758538	58875	356.67	524.05	337.94	508.11	2.00	49.15	0.44	33.97	776.25	-563.33	436.00
Saccade R	1	18	3227699663	3227758538	58875	356.67	524.05	337.94	508.11	2.00	49.15	0.44	33.97	776.25	-563.33	436.00
Fixation L	1	12	3227873857	3228189913	316056	363.33	548.61	42	63	-1	11.51	11.51
Fixation R	1	12	3227873857	3228189913	316056	363.33	548.61	42	63	-1	11.74	11.74
Saccade L	1	19	3228189913	3228229909	39996	386.64	569.80	344.25	588.09	1.24	47.67	0.75	31.03	942.81	-543.40	458.51
Saccade R	1	19	3228189913	3228229909	39996	386.64	569.80	344.25	588.09	1.24	47.67	0.75	31.03	942.81	-543.40	458.51
Saccade L	1	20	3228229909	3228257913	28004	344.25	588.09	386.91	574.24	1.00	66.84	0.50	35.56	971.40	-1968.19	1041.38
Saccade R	1	20	3228229909	3228257913	28004	344.25	588.09	386.91	574.24	1.00	66.84	0.50	35.56	971.40	-1968.19	1041.38
Fixation L	1	13	3228257913	3228414771	156858	378.61	579.32	28	20	-1	11.50	11.50
Fixation R	1	13	3228257913	3228414771	156858	378.61	579.32	28	20	-1	11.74	11.74
UserEvent	1	109	3228275865	# Message: UE-mouseclick left x=388 y=564
