[BeGaze]
Converted from:	C:\Program Files\SMI\Experiment Suite 360\Experiment Center 2\Results\RC-Attachment-Exp\P22-eye_data.idf
Date:	18.03.2012 20:17:40
Version:	BeGaze 3.0.181
Sample Rate:	500
Subject:	P22
Description:	Run27

Table Header for Fixations:
Event Type	Trial	Number	Start	End	Duration	Location X	Location Y	Dispersion X	Dispersion Y	Plane	Avg. Pupil Size X	Avg. Pupil Size Y

Table Header for Saccades:
Event Type	Trial	Number	Start	End	Duration	Start Loc.X	Start Loc.Y	End Loc.X	End Loc.Y	Amplitude	Peak Speed	Peak Speed At	Average Speed	Peak Accel.	Peak Decel.	Average Accel.

Table Header for Blinks:
Event Type	Trial	Number	Start	End	Duration

Table Header for User Events:
Event Type	Trial	Number	Start	Description

UserEvent	1	1	2444589569	# Message: Dist-srthm-27.jpg
Saccade L	1	1	2444609456	2444637803	28347	546.81	458.46	591.63	480.66	1.19	69.80	0.42	41.98	2169.48	-2633.44	1582.12
Saccade R	1	1	2444609456	2444637803	28347	546.81	458.46	591.63	480.66	1.19	69.80	0.42	41.98	2169.48	-2633.44	1582.12
Fixation L	1	1	2444637803	2444859101	221298	593.80	485.79	15	20	-1	8.35	8.35
Fixation R	1	1	2444637803	2444859101	221298	593.80	485.79	15	20	-1	8.48	8.48
Saccade L	1	2	2444859101	2444881954	22853	598.82	487.46	544.00	488.67	1.09	77.77	0.47	47.85	3298.45	-2999.98	2168.62
Saccade R	1	2	2444859101	2444881954	22853	598.82	487.46	544.00	488.67	1.09	77.77	0.47	47.85	3298.45	-2999.98	2168.62
Fixation L	1	2	2444881954	2445135574	253620	550.06	475.87	29	24	-1	8.23	8.23
Fixation R	1	2	2444881954	2445135574	253620	550.06	475.87	29	24	-1	8.36	8.36
Saccade L	1	3	2445135574	2445159578	24004	559.96	472.83	643.08	483.04	1.70	128.30	0.50	70.90	5105.27	-4953.85	3536.35
Saccade R	1	3	2445135574	2445159578	24004	559.96	472.83	643.08	483.04	1.70	128.30	0.50	70.90	5105.27	-4953.85	3536.35
Fixation L	1	3	2445159578	2445313571	153993	629.76	460.28	26	33	-1	8.19	8.19
Fixation R	1	3	2445159578	2445313571	153993	629.76	460.28	26	33	-1	8.39	8.39
Saccade L	1	4	2445313571	2445335692	22121	626.90	456.76	704.02	466.65	1.59	127.38	0.54	72.10	4986.01	-4668.83	3278.25
Saccade R	1	4	2445313571	2445335692	22121	626.90	456.76	704.02	466.65	1.59	127.38	0.54	72.10	4986.01	-4668.83	3278.25
Fixation L	1	4	2445335692	2445503690	167998	705.64	452.00	15	24	-1	8.38	8.38
Fixation R	1	4	2445335692	2445503690	167998	705.64	452.00	15	24	-1	8.57	8.57
Saccade L	1	5	2445503690	2445565686	61996	711.98	452.07	803.58	468.22	2.39	87.09	0.32	38.60	3421.85	-2823.53	1489.81
Saccade R	1	5	2445503690	2445565686	61996	711.98	452.07	803.58	468.22	2.39	87.09	0.32	38.60	3421.85	-2823.53	1489.81
Fixation L	1	5	2445565686	2445677815	112129	792.60	454.03	29	22	-1	8.37	8.37
Fixation R	1	5	2445565686	2445677815	112129	792.60	454.03	29	22	-1	8.53	8.53
Saccade L	1	6	2445677815	2445704301	26486	797.31	468.68	852.64	451.36	1.46	95.93	0.45	55.16	2924.90	-3609.03	2325.24
Saccade R	1	6	2445677815	2445704301	26486	797.31	468.68	852.64	451.36	1.46	95.93	0.45	55.16	2924.90	-3609.03	2325.24
Fixation L	1	6	2445704301	2445947927	243626	865.08	461.53	20	25	-1	8.31	8.31
Fixation R	1	6	2445704301	2445947927	243626	865.08	461.53	20	25	-1	8.53	8.53
Fixation L	1	7	2445967928	2446089914	121986	899.25	470.04	35	17	-1	8.43	8.43
Fixation R	1	7	2445967928	2446089914	121986	899.25	470.04	35	17	-1	8.52	8.52
Saccade L	1	7	2446089914	2446111924	22010	901.61	469.58	937.29	468.44	0.81	55.14	0.56	36.67	2047.97	-2036.96	1399.67
Saccade R	1	7	2446089914	2446111924	22010	901.61	469.58	937.29	468.44	0.81	55.14	0.56	36.67	2047.97	-2036.96	1399.67
Fixation L	1	8	2446111924	2446484600	372676	965.72	474.69	59	26	-1	8.42	8.42
Fixation R	1	8	2446111924	2446484600	372676	965.72	474.69	59	26	-1	8.55	8.55
Saccade L	1	8	2446484600	2446510143	25543	991.29	468.95	1037.46	471.05	1.03	63.60	0.45	40.45	2605.95	-2169.04	1675.91
Saccade R	1	8	2446484600	2446510143	25543	991.29	468.95	1037.46	471.05	1.03	63.60	0.45	40.45	2605.95	-2169.04	1675.91
Fixation L	1	9	2446510143	2446709401	199258	1029.32	483.50	19	28	-1	8.35	8.35
Fixation R	1	9	2446510143	2446709401	199258	1029.32	483.50	19	28	-1	8.53	8.53
Saccade L	1	9	2446709401	2446738529	29128	1038.61	489.48	1083.67	455.16	1.25	67.03	0.37	42.85	2765.81	-2421.76	1870.32
Saccade R	1	9	2446709401	2446738529	29128	1038.61	489.48	1083.67	455.16	1.25	67.03	0.37	42.85	2765.81	-2421.76	1870.32
Fixation L	1	10	2446738529	2447362511	623982	1091.14	465.83	19	50	-1	8.33	8.33
Fixation R	1	10	2446738529	2447362511	623982	1091.14	465.83	19	50	-1	8.48	8.48
Saccade L	1	10	2447362511	2447394505	31994	1088.57	471.07	1035.54	483.65	1.23	64.60	0.48	38.58	2448.39	-2236.33	1622.64
Saccade R	1	10	2447362511	2447394505	31994	1088.57	471.07	1035.54	483.65	1.23	64.60	0.48	38.58	2448.39	-2236.33	1622.64
Fixation L	1	11	2447394505	2447898730	504225	1025.31	478.66	30	51	-1	8.38	8.38
Fixation R	1	11	2447394505	2447898730	504225	1025.31	478.66	30	51	-1	8.60	8.60
Blink L	1	1	2447898730	2448118850	220120
Blink R	1	1	2447898730	2448118850	220120
Saccade L	1	11	2448122855	2448186853	63998	907.26	841.62	890.54	923.46	1.97	46.90	0.75	30.85	826.82	-1894.17	667.92
Saccade R	1	11	2448122855	2448186853	63998	907.26	841.62	890.54	923.46	1.97	46.90	0.75	30.85	826.82	-1894.17	667.92
Fixation L	1	12	2448186853	2448264851	77998	891.28	920.93	8	9	-1	8.43	8.43
Fixation R	1	12	2448186853	2448264851	77998	891.28	920.93	8	9	-1	8.80	8.80
Blink L	1	2	2448264851	2448458969	194118
Blink R	1	2	2448264851	2448458969	194118
Fixation L	1	13	2448538961	2449395450	856489	908.31	951.27	42	145	-1	9.04	9.04
Fixation R	1	13	2448538961	2449395450	856489	908.31	951.27	42	145	-1	9.39	9.39
Fixation L	1	14	2449415437	2449483435	67998	932.89	984.33	15	14	-1	9.25	9.25
Fixation R	1	14	2449415437	2449483435	67998	932.89	984.33	15	14	-1	9.27	9.27
