[BeGaze]
Converted from:	C:\Program Files\SMI\Experiment Suite 360\Experiment Center 2\Results\RC-Attachment-Exp\P03-eye_data.idf
Date:	18.03.2012 20:04:52
Version:	BeGaze 3.0.181
Sample Rate:	500
Subject:	P03
Description:	Run8

Table Header for Fixations:
Event Type	Trial	Number	Start	End	Duration	Location X	Location Y	Dispersion X	Dispersion Y	Plane	Avg. Pupil Size X	Avg. Pupil Size Y

Table Header for Saccades:
Event Type	Trial	Number	Start	End	Duration	Start Loc.X	Start Loc.Y	End Loc.X	End Loc.Y	Amplitude	Peak Speed	Peak Speed At	Average Speed	Peak Accel.	Peak Decel.	Average Accel.

Table Header for Blinks:
Event Type	Trial	Number	Start	End	Duration

Table Header for User Events:
Event Type	Trial	Number	Start	Description

UserEvent	1	1	1060632794	# Message: Dist-srcop-15.jpg
Fixation L	1	1	1060633996	1061213841	579845	531.86	436.76	24	28	-1	10.49	10.49
Fixation R	1	1	1060633996	1061213841	579845	531.86	436.76	24	28	-1	9.54	9.54
Saccade L	1	1	1061213841	1061251683	37842	536.53	438.76	625.03	453.77	1.95	107.06	0.47	51.66	4591.55	-4397.48	3165.69
Saccade R	1	1	1061213841	1061251683	37842	536.53	438.76	625.03	453.77	1.95	107.06	0.47	51.66	4591.55	-4397.48	3165.69
Fixation L	1	2	1061251683	1061999902	748219	598.69	444.26	43	19	-1	10.56	10.56
Fixation R	1	2	1061251683	1061999902	748219	598.69	444.26	43	19	-1	9.68	9.68
Saccade L	1	2	1061999902	1062032152	32250	595.49	436.04	640.07	445.48	0.98	52.20	0.44	30.23	2164.63	-2006.89	1525.15
Saccade R	1	2	1061999902	1062032152	32250	595.49	436.04	640.07	445.48	0.98	52.20	0.44	30.23	2164.63	-2006.89	1525.15
Fixation L	1	3	1062032152	1062170022	137870	631.83	442.50	13	5	-1	10.21	10.21
Fixation R	1	3	1062032152	1062170022	137870	631.83	442.50	13	5	-1	9.49	9.49
Saccade L	1	3	1062170022	1062210016	39994	636.86	443.90	688.82	444.36	1.15	50.81	0.45	28.72	1889.51	-1945.70	1370.02
Saccade R	1	3	1062170022	1062210016	39994	636.86	443.90	688.82	444.36	1.15	50.81	0.45	28.72	1889.51	-1945.70	1370.02
Fixation L	1	4	1062210016	1062856397	646381	691.68	450.86	34	15	-1	10.21	10.21
Fixation R	1	4	1062210016	1062856397	646381	691.68	450.86	34	15	-1	9.49	9.49
Saccade L	1	4	1062856397	1062886367	29970	681.93	450.97	722.82	443.69	0.86	48.73	0.47	28.56	2094.28	-1968.53	1475.25
Saccade R	1	4	1062856397	1062886367	29970	681.93	450.97	722.82	443.69	0.86	48.73	0.47	28.56	2094.28	-1968.53	1475.25
Fixation L	1	5	1062886367	1063036363	149996	719.94	443.96	8	6	-1	10.18	10.18
Fixation R	1	5	1062886367	1063036363	149996	719.94	443.96	8	6	-1	9.50	9.50
Saccade L	1	5	1063036363	1063074093	37730	719.50	443.74	799.05	453.78	1.84	98.21	0.42	48.67	4167.88	-3920.92	2858.81
Saccade R	1	5	1063036363	1063074093	37730	719.50	443.74	799.05	453.78	1.84	98.21	0.42	48.67	4167.88	-3920.92	2858.81
Fixation L	1	6	1063074093	1063280497	206404	788.09	454.41	18	8	-1	10.43	10.43
Fixation R	1	6	1063074093	1063280497	206404	788.09	454.41	18	8	-1	9.59	9.59
Saccade L	1	6	1063280497	1063316486	35989	795.79	454.93	850.13	447.36	1.17	59.93	0.44	32.54	2527.31	-2396.58	1767.44
Saccade R	1	6	1063280497	1063316486	35989	795.79	454.93	850.13	447.36	1.17	59.93	0.44	32.54	2527.31	-2396.58	1767.44
Fixation L	1	7	1063316486	1063704716	388230	856.05	446.75	36	12	-1	10.46	10.46
Fixation R	1	7	1063316486	1063704716	388230	856.05	446.75	36	12	-1	9.61	9.61
Saccade L	1	7	1063704716	1063740711	35995	879.34	439.56	959.66	442.54	1.73	98.22	0.44	48.08	4035.99	-3834.10	2754.75
Saccade R	1	7	1063704716	1063740711	35995	879.34	439.56	959.66	442.54	1.73	98.22	0.44	48.08	4035.99	-3834.10	2754.75
Fixation L	1	8	1063740711	1063978828	238117	960.44	448.32	27	16	-1	10.51	10.51
Fixation R	1	8	1063740711	1063978828	238117	960.44	448.32	27	16	-1	9.64	9.64
Saccade L	1	8	1063978828	1064022821	43993	952.38	447.44	1050.49	445.16	2.14	108.80	0.37	48.63	4606.79	-3695.91	2758.46
Saccade R	1	8	1063978828	1064022821	43993	952.38	447.44	1050.49	445.16	2.14	108.80	0.37	48.63	4606.79	-3695.91	2758.46
Fixation L	1	9	1064022821	1064208953	186132	1053.68	451.42	10	11	-1	10.42	10.42
Fixation R	1	9	1064022821	1064208953	186132	1053.68	451.42	10	11	-1	9.71	9.71
Saccade L	1	9	1064208953	1064244946	35993	1048.03	456.72	1113.02	452.04	1.39	72.19	0.39	38.75	3156.14	-2852.56	2170.88
Saccade R	1	9	1064208953	1064244946	35993	1048.03	456.72	1113.02	452.04	1.39	72.19	0.39	38.75	3156.14	-2852.56	2170.88
Fixation L	1	10	1064244946	1064410934	165988	1117.17	445.95	12	12	-1	10.27	10.27
Fixation R	1	10	1064244946	1064410934	165988	1117.17	445.95	12	12	-1	9.55	9.55
Saccade L	1	10	1064410934	1064485076	74142	1116.92	439.67	687.40	451.35	9.67	289.96	0.27	130.38	12596.57	-6284.28	5794.23
Saccade R	1	10	1064410934	1064485076	74142	1116.92	439.67	687.40	451.35	9.67	289.96	0.27	130.38	12596.57	-6284.28	5794.23
Fixation L	1	11	1064485076	1064537051	51975	683.29	451.16	11	3	-1	10.38	10.38
Fixation R	1	11	1064485076	1064537051	51975	683.29	451.16	11	3	-1	9.44	9.44
Saccade L	1	11	1064537051	1064579052	42001	677.18	449.19	588.05	459.98	2.11	107.74	0.48	50.20	4658.65	-4350.75	3138.20
Saccade R	1	11	1064537051	1064579052	42001	677.18	449.19	588.05	459.98	2.11	107.74	0.48	50.20	4658.65	-4350.75	3138.20
Fixation L	1	12	1064579052	1064973284	394232	591.80	451.30	18	19	-1	10.55	10.55
Fixation R	1	12	1064579052	1064973284	394232	591.80	451.30	18	19	-1	9.64	9.64
Saccade L	1	12	1064973284	1065013284	40000	590.31	456.41	677.59	451.27	1.88	91.09	0.45	47.08	3689.12	-3746.80	2661.79
Saccade R	1	12	1064973284	1065013284	40000	590.31	456.41	677.59	451.27	1.88	91.09	0.45	47.08	3689.12	-3746.80	2661.79
Fixation L	1	13	1065013284	1065177282	163998	678.10	450.49	12	8	-1	10.56	10.56
Fixation R	1	13	1065013284	1065177282	163998	678.10	450.49	12	8	-1	9.86	9.86
Saccade L	1	13	1065177282	1065213285	36003	681.35	455.52	746.05	446.66	1.42	74.02	0.39	39.49	3171.89	-2995.87	2199.27
Saccade R	1	13	1065177282	1065213285	36003	681.35	455.52	746.05	446.66	1.42	74.02	0.39	39.49	3171.89	-2995.87	2199.27
Fixation L	1	14	1065213285	1065419394	206109	747.16	449.71	15	7	-1	10.39	10.39
Fixation R	1	14	1065213285	1065419394	206109	747.16	449.71	15	7	-1	9.63	9.63
Saccade L	1	14	1065419394	1065459406	40012	754.27	451.60	832.68	448.52	1.70	78.40	0.45	42.43	3422.73	-3145.01	2373.30
Saccade R	1	14	1065419394	1065459406	40012	754.27	451.60	832.68	448.52	1.70	78.40	0.45	42.43	3422.73	-3145.01	2373.30
Fixation L	1	15	1065459406	1065609527	150121	829.80	449.03	9	6	-1	10.29	10.29
Fixation R	1	15	1065459406	1065609527	150121	829.80	449.03	9	6	-1	9.54	9.54
Saccade L	1	15	1065609527	1065643539	34012	828.86	451.61	914.74	454.79	1.86	96.89	0.41	54.69	4136.44	-4131.69	3071.38
Saccade R	1	15	1065609527	1065643539	34012	828.86	451.61	914.74	454.79	1.86	96.89	0.41	54.69	4136.44	-4131.69	3071.38
Fixation L	1	16	1065643539	1065821630	178091	917.41	451.18	9	6	-1	10.33	10.33
Fixation R	1	16	1065643539	1065821630	178091	917.41	451.18	9	6	-1	9.51	9.51
Saccade L	1	16	1065821630	1065865654	44024	918.23	450.77	1012.97	446.35	2.13	102.36	0.41	48.49	4381.96	-3815.41	2816.56
Saccade R	1	16	1065821630	1065865654	44024	918.23	450.77	1012.97	446.35	2.13	102.36	0.41	48.49	4381.96	-3815.41	2816.56
Fixation L	1	17	1065865654	1065949641	83987	1012.35	443.17	8	5	-1	10.52	10.52
Fixation R	1	17	1065865654	1065949641	83987	1012.35	443.17	8	5	-1	9.54	9.54
Blink L	1	1	1066071795	1066115644	43849
Blink R	1	1	1066071795	1066115644	43849
Blink L	1	2	1066115644	1066473894	358250
Blink R	1	2	1066115644	1066473894	358250
Fixation L	1	18	1066473894	1066585970	112076	820.30	858.72	84	46	-1	11.64	11.64
Fixation R	1	18	1066473894	1066585970	112076	820.30	858.72	84	46	-1	9.96	9.96
Saccade L	1	17	1066585970	1066667964	81994	778.79	866.54	911.03	466.38	11.68	351.58	0.55	142.50	15232.60	-13084.70	8042.60
Saccade R	1	17	1066585970	1066667964	81994	778.79	866.54	911.03	466.38	11.68	351.58	0.55	142.50	15232.60	-13084.70	8042.60
Fixation L	1	19	1066667964	1067060069	392105	905.11	445.97	44	57	-1	10.97	10.97
Fixation R	1	19	1066667964	1067060069	392105	905.11	445.97	44	57	-1	9.62	9.62
Saccade L	1	18	1067060069	1067111486	51417	920.69	443.95	1026.83	500.97	2.96	129.04	0.43	57.47	5196.77	-4855.25	3184.48
Saccade R	1	18	1067060069	1067111486	51417	920.69	443.95	1026.83	500.97	2.96	129.04	0.43	57.47	5196.77	-4855.25	3184.48
Saccade L	1	19	1067111486	1067146200	34714	1026.83	500.97	1025.88	455.15	1.15	66.09	0.42	33.18	2118.52	-2686.87	1594.48
Saccade R	1	19	1067111486	1067146200	34714	1026.83	500.97	1025.88	455.15	1.15	66.09	0.42	33.18	2118.52	-2686.87	1594.48
Fixation L	1	20	1067146200	1067347175	200975	1016.22	445.44	27	16	-1	10.98	10.98
Fixation R	1	20	1067146200	1067347175	200975	1016.22	445.44	27	16	-1	9.65	9.65
Saccade L	1	20	1067347175	1067408309	61134	1007.15	445.19	724.93	453.17	6.45	268.24	0.35	105.52	11364.00	-9533.81	6306.22
Saccade R	1	20	1067347175	1067408309	61134	1007.15	445.19	724.93	453.17	6.45	268.24	0.35	105.52	11364.00	-9533.81	6306.22
Fixation L	1	21	1067408309	1067478311	70002	722.90	453.05	4	2	-1	11.01	11.01
Fixation R	1	21	1067408309	1067478311	70002	722.90	453.05	4	2	-1	9.71	9.71
Fixation L	1	22	1067544300	1067710418	166118	622.26	463.19	15	18	-1	11.19	11.19
Fixation R	1	22	1067544300	1067710418	166118	622.26	463.19	15	18	-1	9.82	9.82
Blink L	1	3	1067710418	1067920569	210151
Blink R	1	3	1067710418	1067920569	210151
Fixation L	1	23	1067920569	1068020535	99966	736.61	490.11	7	15	-1	11.03	11.03
Fixation R	1	23	1067920569	1068020535	99966	736.61	490.11	7	15	-1	9.93	9.93
Blink L	1	4	1068020535	1068195874	175339
Blink R	1	4	1068020535	1068195874	175339
Fixation L	1	24	1068195874	1068318668	122794	728.34	501.41	5	25	-1	10.34	10.34
Fixation R	1	24	1068195874	1068318668	122794	728.34	501.41	5	25	-1	9.41	9.41
Saccade L	1	21	1068318668	1068355731	37063	728.41	489.10	827.74	492.71	2.34	131.57	0.49	63.19	5450.45	-5303.00	3908.30
Saccade R	1	21	1068318668	1068355731	37063	728.41	489.10	827.74	492.71	2.34	131.57	0.49	63.19	5450.45	-5303.00	3908.30
Blink L	1	5	1068404771	1068441252	36481
Blink R	1	5	1068404771	1068441252	36481
Fixation L	1	25	1068441252	1068532775	91523	829.92	459.13	4	24	-1	10.17	10.17
Fixation R	1	25	1068441252	1068532775	91523	829.92	459.13	4	24	-1	9.36	9.36
Saccade L	1	22	1068532775	1068574763	41988	829.57	446.60	950.51	436.28	2.79	149.12	0.48	66.49	6213.89	-6161.83	4293.35
Saccade R	1	22	1068532775	1068574763	41988	829.57	446.60	950.51	436.28	2.79	149.12	0.48	66.49	6213.89	-6161.83	4293.35
Saccade L	1	23	1068602768	1068640048	37280	945.75	430.54	948.32	425.52	9.07	347.76	0.61	243.26	16703.57	-15818.69	13265.10
Saccade R	1	23	1068602768	1068640048	37280	945.75	430.54	948.32	425.52	9.07	347.76	0.61	243.26	16703.57	-15818.69	13265.10
Fixation L	1	26	1068654791	1068896870	242079	957.90	421.82	40	7	-1	10.20	10.20
Fixation R	1	26	1068654791	1068896870	242079	957.90	421.82	40	7	-1	9.49	9.49
Saccade L	1	24	1068896870	1068936886	40016	954.86	422.11	1021.59	415.32	1.60	67.76	0.55	39.88	2930.14	-2765.83	2081.69
Saccade R	1	24	1068896870	1068936886	40016	954.86	422.11	1021.59	415.32	1.60	67.76	0.55	39.88	2930.14	-2765.83	2081.69
Fixation L	1	27	1068936886	1069003000	66114	1015.73	416.83	10	6	-1	10.54	10.54
Fixation R	1	27	1068936886	1069003000	66114	1015.73	416.83	10	6	-1	9.80	9.80
Saccade L	1	25	1069003000	1069035019	32019	1014.93	421.43	1012.30	425.40	9.68	354.95	0.40	302.35	17343.28	-17376.43	13579.05
Saccade R	1	25	1069003000	1069035019	32019	1014.93	421.43	1012.30	425.40	9.68	354.95	0.40	302.35	17343.28	-17376.43	13579.05
Fixation L	1	28	1069035019	1069198996	163977	1008.15	428.52	23	11	-1	10.63	10.63
Fixation R	1	28	1069035019	1069198996	163977	1008.15	428.52	23	11	-1	6.13	6.13
Saccade L	1	26	1069198996	1069241134	42138	995.08	425.86	1106.63	430.89	2.61	140.53	0.38	61.94	5762.80	-5436.44	3852.19
Blink R	1	6	1069198996	1069461102	262106
Fixation L	1	29	1069241134	1069427934	186800	1095.98	430.06	20	12	-1	10.58	10.58
Saccade L	1	27	1069427934	1069461102	33168	1091.91	431.61	1031.84	439.33	1.26	75.01	0.46	37.84	2851.49	-2898.95	2056.17
Blink L	1	6	1069495225	1069533237	38012
Blink R	1	7	1069495225	1069533237	38012
Fixation L	1	30	1069533237	1069621224	87987	1047.76	450.77	7	4	-1	10.96	10.96
Fixation R	1	29	1069533237	1069621224	87987	1047.76	450.77	7	4	-1	10.03	10.03
Saccade L	1	28	1069621224	1069697215	75991	1048.67	452.58	871.82	937.37	12.36	334.89	0.37	162.63	14577.78	-8748.96	7694.52
Blink R	1	8	1069621224	1069911339	290115
Fixation L	1	31	1069697215	1069877171	179956	862.90	945.56	18	30	-1	11.86	11.86
Saccade L	1	29	1069877171	1069911339	34168	861.37	963.51	894.49	911.52	1.07	49.79	0.41	31.41	1999.66	-1831.26	1389.74
Fixation L	1	32	1069911339	1070059453	148114	890.56	914.32	11	24	-1	11.28	11.28
Fixation R	1	30	1069911339	1070059453	148114	890.56	914.32	11	24	-1	0.00	0.00
Blink L	1	7	1070059453	1070699673	640220
Blink R	1	9	1070059453	1070699673	640220
Fixation L	1	33	1070699673	1071186602	486929	878.67	955.48	34	40	-1	11.02	11.02
Fixation R	1	31	1070699673	1071186602	486929	878.67	955.48	34	40	-1	10.53	10.53
