[BeGaze]
Converted from:	C:\Program Files\SMI\Experiment Suite 360\Experiment Center 2\Results\RC-Attachment-Exp\P16-eye_data.idf
Date:	18.03.2012 20:12:31
Version:	BeGaze 3.0.181
Sample Rate:	500
Subject:	P16
Description:	Run21

Table Header for Fixations:
Event Type	Trial	Number	Start	End	Duration	Location X	Location Y	Dispersion X	Dispersion Y	Plane	Avg. Pupil Size X	Avg. Pupil Size Y

Table Header for Saccades:
Event Type	Trial	Number	Start	End	Duration	Start Loc.X	Start Loc.Y	End Loc.X	End Loc.Y	Amplitude	Peak Speed	Peak Speed At	Average Speed	Peak Accel.	Peak Decel.	Average Accel.

Table Header for Blinks:
Event Type	Trial	Number	Start	End	Duration

Table Header for User Events:
Event Type	Trial	Number	Start	Description

UserEvent	1	1	1857892766	# Message: RC-N1forced-anim-5.jpg
Fixation L	1	1	1857893425	1858455616	562191	492.73	454.56	37	35	-1	9.94	9.94
Fixation R	1	1	1857893425	1858455616	562191	492.73	454.56	37	35	-1	10.33	10.33
Saccade L	1	1	1858455616	1858479615	23999	486.89	451.42	568.24	463.91	1.58	122.04	0.50	66.04	4382.48	-3805.44	2955.81
Saccade R	1	1	1858455616	1858479615	23999	486.89	451.42	568.24	463.91	1.58	122.04	0.50	66.04	4382.48	-3805.44	2955.81
Saccade L	1	2	1858485642	1858510120	24478	561.21	462.96	540.52	436.49	0.75	40.67	0.41	30.46	463.53	-1297.46	733.23
Saccade R	1	2	1858485642	1858510120	24478	561.21	462.96	540.52	436.49	0.75	40.67	0.41	30.46	463.53	-1297.46	733.23
Fixation L	1	2	1858510120	1858866667	356547	558.62	443.37	32	32	-1	10.33	10.33
Fixation R	1	2	1858510120	1858866667	356547	558.62	443.37	32	32	-1	10.73	10.73
Saccade L	1	3	1858866667	1858893846	27179	548.88	443.96	636.98	438.60	1.86	124.64	0.41	68.41	4485.97	-4815.35	3401.10
Saccade R	1	3	1858866667	1858893846	27179	548.88	443.96	636.98	438.60	1.86	124.64	0.41	68.41	4485.97	-4815.35	3401.10
Fixation L	1	3	1858893846	1859119965	226119	638.56	444.68	26	22	-1	10.26	10.26
Fixation R	1	3	1858893846	1859119965	226119	638.56	444.68	26	22	-1	10.64	10.64
Saccade L	1	4	1859119965	1859143965	24000	642.17	438.89	711.91	460.15	1.51	113.33	0.50	63.10	4388.70	-3513.82	2820.19
Saccade R	1	4	1859119965	1859143965	24000	642.17	438.89	711.91	460.15	1.51	113.33	0.50	63.10	4388.70	-3513.82	2820.19
Fixation L	1	4	1859143965	1859492073	348108	709.32	445.23	35	41	-1	10.06	10.06
Fixation R	1	4	1859143965	1859492073	348108	709.32	445.23	35	41	-1	10.60	10.60
Saccade L	1	5	1859492073	1859518093	26020	703.55	452.28	770.98	459.65	1.57	112.30	0.54	60.40	4418.03	-3823.25	3021.76
Saccade R	1	5	1859492073	1859518093	26020	703.55	452.28	770.98	459.65	1.57	112.30	0.54	60.40	4418.03	-3823.25	3021.76
Fixation L	1	5	1859518093	1859633218	115125	777.22	451.32	38	17	-1	9.82	9.82
Fixation R	1	5	1859518093	1859633218	115125	777.22	451.32	38	17	-1	10.36	10.36
Saccade L	1	6	1859633218	1859656192	22974	786.21	446.66	854.08	456.18	1.31	94.91	0.48	57.00	3705.91	-3024.84	2426.54
Saccade R	1	6	1859633218	1859656192	22974	786.21	446.66	854.08	456.18	1.31	94.91	0.48	57.00	3705.91	-3024.84	2426.54
Fixation L	1	6	1859680195	1859902617	222422	843.23	453.48	29	36	-1	9.86	9.86
Fixation R	1	6	1859680195	1859902617	222422	843.23	453.48	29	36	-1	10.37	10.37
Saccade L	1	7	1859902617	1859930309	27692	830.67	447.63	886.94	445.11	1.04	61.79	0.28	37.59	1852.33	-1965.75	1394.96
Saccade R	1	7	1859902617	1859930309	27692	830.67	447.63	886.94	445.11	1.04	61.79	0.28	37.59	1852.33	-1965.75	1394.96
Fixation L	1	7	1859930309	1860090316	160007	892.64	447.85	28	19	-1	9.85	9.85
Fixation R	1	7	1859930309	1860090316	160007	892.64	447.85	28	19	-1	10.35	10.35
Saccade L	1	8	1860090316	1860126296	35980	883.08	447.56	965.56	460.31	1.63	98.25	0.78	45.21	2728.44	-2978.18	1418.97
Saccade R	1	8	1860090316	1860126296	35980	883.08	447.56	965.56	460.31	1.63	98.25	0.78	45.21	2728.44	-2978.18	1418.97
Fixation L	1	8	1860126296	1860358426	232130	951.58	442.43	25	28	-1	9.67	9.67
Fixation R	1	8	1860126296	1860358426	232130	951.58	442.43	25	28	-1	10.11	10.11
Saccade L	1	9	1860358426	1860390540	32114	956.42	449.99	1026.34	442.48	1.96	115.87	0.50	61.01	4419.33	-3896.01	2838.28
Saccade R	1	9	1860358426	1860390540	32114	956.42	449.99	1026.34	442.48	1.96	115.87	0.50	61.01	4419.33	-3896.01	2838.28
Saccade L	1	10	1860403834	1860430906	27072	1040.59	432.61	1044.11	435.56	8.37	365.73	0.54	309.15	16825.03	-17857.90	13607.73
Saccade R	1	10	1860403834	1860430906	27072	1040.59	432.61	1044.11	435.56	8.37	365.73	0.54	309.15	16825.03	-17857.90	13607.73
Fixation L	1	9	1860430906	1860589688	158782	1041.39	434.75	30	20	-1	9.46	9.46
Fixation R	1	9	1860430906	1860589688	158782	1041.39	434.75	30	20	-1	10.00	10.00
Saccade L	1	11	1860589688	1860642531	52843	1037.66	435.27	1088.51	413.04	2.10	61.94	0.24	39.72	2474.18	-1515.88	1132.57
Saccade R	1	11	1860589688	1860642531	52843	1037.66	435.27	1088.51	413.04	2.10	61.94	0.24	39.72	2474.18	-1515.88	1132.57
Fixation L	1	10	1860642531	1860764651	122120	1093.93	439.53	17	34	-1	9.49	9.49
Fixation R	1	10	1860642531	1860764651	122120	1093.93	439.53	17	34	-1	10.06	10.06
Saccade L	1	12	1860764651	1860792656	28005	1084.98	443.38	1136.72	430.73	1.20	69.15	0.43	42.82	2372.90	-2690.88	1837.10
Saccade R	1	12	1860764651	1860792656	28005	1084.98	443.38	1136.72	430.73	1.20	69.15	0.43	42.82	2372.90	-2690.88	1837.10
Fixation L	1	11	1860792656	1861157744	365088	1132.91	433.28	29	29	-1	9.68	9.68
Fixation R	1	11	1860792656	1861157744	365088	1132.91	433.28	29	29	-1	10.24	10.24
Saccade L	1	13	1861157744	1861202879	45135	1131.17	441.83	905.26	448.93	4.93	209.41	0.29	109.31	8807.20	-5292.27	5124.28
Saccade R	1	13	1861157744	1861202879	45135	1131.17	441.83	905.26	448.93	4.93	209.41	0.29	109.31	8807.20	-5292.27	5124.28
Fixation L	1	12	1861202879	1861348872	145993	905.53	444.77	10	12	-1	10.02	10.02
Fixation R	1	12	1861202879	1861348872	145993	905.53	444.77	10	12	-1	10.77	10.77
Saccade L	1	14	1861348872	1861396870	47998	901.99	437.87	583.77	447.79	7.26	305.25	0.29	151.25	13408.62	-9393.09	7985.40
Saccade R	1	14	1861348872	1861396870	47998	901.99	437.87	583.77	447.79	7.26	305.25	0.29	151.25	13408.62	-9393.09	7985.40
Fixation L	1	13	1861396870	1861705337	308467	580.88	437.12	32	28	-1	10.47	10.47
Fixation R	1	13	1861396870	1861705337	308467	580.88	437.12	32	28	-1	11.00	11.00
Fixation L	1	14	1861769158	1862055225	286067	606.32	613.02	1806	1103	-1	10.76	10.76
Fixation R	1	14	1861769158	1862055225	286067	606.32	613.02	1806	1103	-1	9.45	9.43
Fixation L	1	15	1862165248	1862308254	143006	901.93	889.12	34	30	-1	9.71	9.71
Fixation R	1	15	1862165248	1862308254	143006	901.93	889.12	34	30	-1	10.28	10.28
Fixation L	1	16	1862322057	1862771453	449396	894.52	890.97	34	94	-1	9.71	9.71
Fixation R	1	16	1862322057	1862771453	449396	894.52	890.97	34	94	-1	10.20	10.20
Saccade L	1	15	1862771453	1862795464	24011	882.64	895.44	930.58	896.84	1.02	67.33	0.50	42.30	2768.21	-2119.69	1744.64
Saccade R	1	15	1862771453	1862795464	24011	882.64	895.44	930.58	896.84	1.02	67.33	0.50	42.30	2768.21	-2119.69	1744.64
Fixation L	1	17	1862795464	1863441799	646335	907.21	909.26	54	44	-1	10.54	10.54
Fixation R	1	17	1862795464	1863441799	646335	907.21	909.26	54	44	-1	10.96	10.96
