[BeGaze]
Converted from:	C:\Program Files\SMI\Experiment Suite 360\Experiment Center 2\Results\RC-Attachment-Exp\P13-eye_data.idf
Date:	18.03.2012 20:10:14
Version:	BeGaze 3.0.181
Sample Rate:	500
Subject:	P13
Description:	Run18

Table Header for Fixations:
Event Type	Trial	Number	Start	End	Duration	Location X	Location Y	Dispersion X	Dispersion Y	Plane	Avg. Pupil Size X	Avg. Pupil Size Y

Table Header for Saccades:
Event Type	Trial	Number	Start	End	Duration	Start Loc.X	Start Loc.Y	End Loc.X	End Loc.Y	Amplitude	Peak Speed	Peak Speed At	Average Speed	Peak Accel.	Peak Decel.	Average Accel.

Table Header for Blinks:
Event Type	Trial	Number	Start	End	Duration

Table Header for User Events:
Event Type	Trial	Number	Start	Description

UserEvent	1	1	4626803268	# Message: RC-N2forced-nonanim-3x.jpg
Fixation L	1	1	4626803488	4626919870	116382	500.12	454.02	31	30	-1	13.99	13.99
Fixation R	1	1	4626803488	4626919870	116382	500.12	454.02	31	30	-1	13.22	13.22
Blink L	1	1	4626919870	4627145575	225705
Blink R	1	1	4626919870	4627145575	225705
Fixation L	1	2	4627151556	4627267646	116090	444.34	426.65	37	15	-1	14.00	14.00
Fixation R	1	2	4627151556	4627267646	116090	444.34	426.65	37	15	-1	13.04	13.04
Saccade L	1	1	4627267646	4627301658	34012	464.94	419.13	526.30	425.78	1.34	59.93	0.35	39.52	2042.37	-1791.05	1397.52
Saccade R	1	1	4627267646	4627301658	34012	464.94	419.13	526.30	425.78	1.34	59.93	0.35	39.52	2042.37	-1791.05	1397.52
Fixation L	1	3	4627301658	4627437643	135985	529.89	439.33	13	32	-1	14.34	14.34
Fixation R	1	3	4627301658	4627437643	135985	529.89	439.33	13	32	-1	13.72	13.72
Saccade L	1	2	4627437643	4627469674	32031	525.64	457.50	617.40	441.71	1.99	113.37	0.44	62.10	4852.99	-4201.31	3284.07
Saccade R	1	2	4627437643	4627469674	32031	525.64	457.50	617.40	441.71	1.99	113.37	0.44	62.10	4852.99	-4201.31	3284.07
Saccade L	1	3	4627499768	4627521767	21999	634.28	448.51	645.52	418.19	0.67	40.26	0.55	30.27	1260.78	-1163.90	840.09
Saccade R	1	3	4627499768	4627521767	21999	634.28	448.51	645.52	418.19	0.67	40.26	0.55	30.27	1260.78	-1163.90	840.09
Fixation L	1	4	4627521767	4627823905	302138	648.30	431.71	23	33	-1	12.92	12.92
Fixation R	1	4	4627521767	4627823905	302138	648.30	431.71	23	33	-1	12.58	12.58
Saccade L	1	4	4627823905	4627855884	31979	638.78	431.58	742.37	431.59	2.40	140.34	0.44	75.01	5786.89	-5563.54	4148.51
Saccade R	1	4	4627823905	4627855884	31979	638.78	431.58	742.37	431.59	2.40	140.34	0.44	75.01	5786.89	-5563.54	4148.51
Fixation L	1	5	4627855884	4628084001	228117	744.84	428.32	8	24	-1	13.00	13.00
Fixation R	1	5	4627855884	4628084001	228117	744.84	428.32	8	24	-1	12.63	12.63
Saccade L	1	5	4628084001	4628108025	24024	748.20	424.48	819.05	423.93	1.52	115.78	0.42	63.42	4637.91	-4439.38	3134.58
Saccade R	1	5	4628084001	4628108025	24024	748.20	424.48	819.05	423.93	1.52	115.78	0.42	63.42	4637.91	-4439.38	3134.58
Fixation L	1	6	4628108025	4628480114	372089	831.40	443.78	28	66	-1	13.87	13.87
Fixation R	1	6	4628108025	4628480114	372089	831.40	443.78	28	66	-1	13.29	13.29
Saccade L	1	6	4628480114	4628510111	29997	830.97	472.38	893.22	469.05	1.35	70.32	0.60	45.01	2541.61	-3002.69	2000.38
Saccade R	1	6	4628480114	4628510111	29997	830.97	472.38	893.22	469.05	1.35	70.32	0.60	45.01	2541.61	-3002.69	2000.38
Fixation L	1	7	4628510111	4628681164	171053	894.74	474.20	25	11	-1	14.19	14.19
Fixation R	1	7	4628510111	4628681164	171053	894.74	474.20	25	11	-1	13.55	13.55
Saccade L	1	7	4628681164	4628706250	25086	910.31	478.63	978.64	468.41	1.43	99.75	0.44	56.81	4204.13	-4093.40	2963.71
Saccade R	1	7	4628681164	4628706250	25086	910.31	478.63	978.64	468.41	1.43	99.75	0.44	56.81	4204.13	-4093.40	2963.71
Fixation L	1	8	4628706250	4629001409	295159	985.11	460.24	23	19	-1	14.23	14.23
Fixation R	1	8	4628706250	4629001409	295159	985.11	460.24	23	19	-1	13.65	13.65
Saccade L	1	8	4629001409	4629044746	43337	982.34	456.66	1117.21	489.45	3.19	133.25	0.30	73.69	5816.08	-4545.31	3731.81
Saccade R	1	8	4629001409	4629044746	43337	982.34	456.66	1117.21	489.45	3.19	133.25	0.30	73.69	5816.08	-4545.31	3731.81
Saccade L	1	9	4629058347	4629085426	27079	1118.92	490.39	1158.63	501.21	0.84	45.71	0.30	31.17	1575.75	-1491.24	1132.33
Saccade R	1	9	4629058347	4629085426	27079	1118.92	490.39	1158.63	501.21	0.84	45.71	0.30	31.17	1575.75	-1491.24	1132.33
Saccade L	1	10	4629132341	4629158804	26463	1154.70	509.51	1202.43	517.97	1.01	52.73	0.38	38.28	3447.83	-692.71	1339.71
Saccade R	1	10	4629132341	4629158804	26463	1154.70	509.51	1202.43	517.97	1.01	52.73	0.38	38.28	3447.83	-692.71	1339.71
Saccade L	1	11	4629158804	4629182464	23660	1202.43	517.97	1122.98	505.70	1.76	153.03	0.49	74.27	4016.36	-5208.70	3174.95
Saccade R	1	11	4629158804	4629182464	23660	1202.43	517.97	1122.98	505.70	1.76	153.03	0.49	74.27	4016.36	-5208.70	3174.95
Saccade L	1	12	4629192476	4629222469	29993	1122.94	499.54	1137.04	562.03	1.45	89.55	0.33	48.42	2604.86	-1332.52	1375.26
Saccade R	1	12	4629192476	4629222469	29993	1122.94	499.54	1137.04	562.03	1.45	89.55	0.33	48.42	2604.86	-1332.52	1375.26
Saccade L	1	13	4629222469	4629266466	43997	1137.04	562.03	1201.79	507.11	2.42	117.40	0.27	55.00	3552.63	-3351.99	1992.97
Saccade R	1	13	4629222469	4629266466	43997	1137.04	562.03	1201.79	507.11	2.42	117.40	0.27	55.00	3552.63	-3351.99	1992.97
Saccade L	1	14	4629266466	4629293780	27314	1201.79	507.11	1121.37	520.16	1.92	145.17	0.37	70.47	3602.00	-5123.78	3013.45
Saccade R	1	14	4629266466	4629293780	27314	1201.79	507.11	1121.37	520.16	1.92	145.17	0.37	70.47	3602.00	-5123.78	3013.45
Fixation L	1	9	4629293780	4629408592	114812	1138.63	538.80	57	32	-1	13.57	13.57
Fixation R	1	9	4629293780	4629408592	114812	1138.63	538.80	57	32	-1	13.22	13.22
Saccade L	1	15	4629456602	4629538584	81982	1150.73	547.35	862.50	989.78	13.50	354.56	0.56	164.65	13379.39	-13925.17	7525.86
Saccade R	1	15	4629456602	4629538584	81982	1150.73	547.35	862.50	989.78	13.50	354.56	0.56	164.65	13379.39	-13925.17	7525.86
Fixation L	1	10	4629538584	4629644720	106136	866.27	984.74	35	34	-1	14.11	14.11
Fixation R	1	10	4629538584	4629644720	106136	866.27	984.74	35	34	-1	13.35	13.35
Saccade L	1	16	4629644720	4629668820	24100	850.05	1008.15	838.91	956.30	1.11	78.65	0.42	46.19	2027.79	-2591.65	1686.89
Saccade R	1	16	4629644720	4629668820	24100	850.05	1008.15	838.91	956.30	1.11	78.65	0.42	46.19	2027.79	-2591.65	1686.89
Fixation L	1	11	4629668820	4630026821	358001	860.42	947.99	53	61	-1	14.63	14.63
Fixation R	1	11	4629668820	4630026821	358001	860.42	947.99	53	61	-1	13.77	13.77
