[BeGaze]
Converted from:	C:\Program Files\SMI\Experiment Suite 360\Experiment Center 2\Results\RC-Attachment-Exp\P22-eye_data.idf
Date:	18.03.2012 20:17:39
Version:	BeGaze 3.0.181
Sample Rate:	500
Subject:	P22
Description:	Run27

Table Header for Fixations:
Event Type	Trial	Number	Start	End	Duration	Location X	Location Y	Dispersion X	Dispersion Y	Plane	Avg. Pupil Size X	Avg. Pupil Size Y

Table Header for Saccades:
Event Type	Trial	Number	Start	End	Duration	Start Loc.X	Start Loc.Y	End Loc.X	End Loc.Y	Amplitude	Peak Speed	Peak Speed At	Average Speed	Peak Accel.	Peak Decel.	Average Accel.

Table Header for Blinks:
Event Type	Trial	Number	Start	End	Duration

Table Header for User Events:
Event Type	Trial	Number	Start	Description

UserEvent	1	1	2435522862	# Message: Questionnaire19.jpg
Fixation L	1	1	2435527172	2435895539	368367	915.42	966.23	33	28	-1	8.89	8.89
Fixation R	1	1	2435527172	2435895539	368367	915.42	966.23	33	28	-1	9.45	9.45
Saccade L	1	1	2435895539	2435977650	82111	925.33	965.70	629.34	422.96	14.67	464.10	0.27	178.61	20149.92	-13789.96	8894.99
Saccade R	1	1	2435895539	2435977650	82111	925.33	965.70	629.34	422.96	14.67	464.10	0.27	178.61	20149.92	-13789.96	8894.99
Saccade L	1	2	2435985626	2436019996	34370	625.19	420.90	504.47	379.63	3.00	189.55	0.52	87.35	7792.21	-8098.76	5696.31
Saccade R	1	2	2435985626	2436019996	34370	625.19	420.90	504.47	379.63	3.00	189.55	0.52	87.35	7792.21	-8098.76	5696.31
Fixation L	1	2	2436019996	2436079622	59626	487.37	380.60	27	7	-1	8.97	8.97
Fixation R	1	2	2436019996	2436079622	59626	487.37	380.60	27	7	-1	8.85	8.85
Fixation L	1	3	2436099663	2436255755	156092	449.60	369.16	10	22	-1	8.90	8.90
Fixation R	1	3	2436099663	2436255755	156092	449.60	369.16	10	22	-1	8.99	8.99
Saccade L	1	3	2436255755	2436289744	33989	445.30	384.65	495.71	376.80	1.60	112.03	0.35	46.94	3949.83	-3853.21	2397.42
Saccade R	1	3	2436255755	2436289744	33989	445.30	384.65	495.71	376.80	1.60	112.03	0.35	46.94	3949.83	-3853.21	2397.42
Saccade L	1	4	2436329735	2436367744	38009	497.23	380.84	715.74	399.16	4.83	226.06	0.42	127.12	10247.02	-9806.09	7496.81
Saccade R	1	4	2436329735	2436367744	38009	497.23	380.84	715.74	399.16	4.83	226.06	0.42	127.12	10247.02	-9806.09	7496.81
Fixation L	1	4	2436367744	2436588815	221071	716.59	394.22	24	25	-1	9.07	9.07
Fixation R	1	4	2436367744	2436588815	221071	716.59	394.22	24	25	-1	9.16	9.16
Saccade L	1	5	2436588815	2436615856	27041	719.03	387.49	841.06	398.49	2.43	176.15	0.48	89.92	7446.58	-6702.78	5201.09
Saccade R	1	5	2436588815	2436615856	27041	719.03	387.49	841.06	398.49	2.43	176.15	0.48	89.92	7446.58	-6702.78	5201.09
Fixation L	1	5	2436615856	2436797844	181988	836.45	392.24	20	20	-1	9.05	9.05
Fixation R	1	5	2436615856	2436797844	181988	836.45	392.24	20	20	-1	9.25	9.25
Saccade L	1	6	2436797844	2436849975	52131	838.24	395.36	921.77	391.28	1.88	81.73	0.31	35.98	3374.20	-2520.38	1674.56
Saccade R	1	6	2436797844	2436849975	52131	838.24	395.36	921.77	391.28	1.88	81.73	0.31	35.98	3374.20	-2520.38	1674.56
Fixation L	1	6	2436849975	2436932050	82075	921.85	396.67	14	12	-1	8.96	8.96
Fixation R	1	6	2436849975	2436932050	82075	921.85	396.67	14	12	-1	9.11	9.11
Saccade L	1	7	2436932050	2436969969	37919	922.23	396.84	1037.36	385.03	2.78	156.45	0.37	73.29	6544.87	-6367.24	4440.64
Saccade R	1	7	2436932050	2436969969	37919	922.23	396.84	1037.36	385.03	2.78	156.45	0.37	73.29	6544.87	-6367.24	4440.64
Fixation L	1	7	2436969969	2437222821	252852	1042.18	388.88	19	20	-1	8.65	8.65
Fixation R	1	7	2436969969	2437222821	252852	1042.18	388.88	19	20	-1	8.91	8.91
Saccade L	1	8	2437222821	2437276926	54105	1033.64	395.20	1128.28	363.40	2.43	112.17	0.51	44.95	4128.05	-4216.98	2558.35
Saccade R	1	8	2437222821	2437276926	54105	1033.64	395.20	1128.28	363.40	2.43	112.17	0.51	44.95	4128.05	-4216.98	2558.35
Fixation L	1	8	2437276926	2437390197	113271	1126.27	370.03	9	15	-1	8.64	8.64
Fixation R	1	8	2437276926	2437390197	113271	1126.27	370.03	9	15	-1	8.76	8.76
Saccade L	1	9	2437390197	2437456210	66013	1123.84	372.13	472.90	475.95	15.09	418.83	0.36	228.54	18256.58	-15344.43	10029.11
Saccade R	1	9	2437390197	2437456210	66013	1123.84	372.13	472.90	475.95	15.09	418.83	0.36	228.54	18256.58	-15344.43	10029.11
Fixation L	1	9	2437456210	2437730317	274107	442.79	486.82	49	41	-1	9.30	9.30
Fixation R	1	9	2437456210	2437730317	274107	442.79	486.82	49	41	-1	9.40	9.40
Saccade L	1	10	2437730317	2437758347	28030	438.27	497.28	432.76	532.14	0.89	56.26	0.57	31.61	2115.60	-2009.80	1489.95
Saccade R	1	10	2437730317	2437758347	28030	438.27	497.28	432.76	532.14	0.89	56.26	0.57	31.61	2115.60	-2009.80	1489.95
Fixation L	1	10	2437758347	2438248580	490233	431.36	528.04	30	22	-1	9.75	9.75
Fixation R	1	10	2437758347	2438248580	490233	431.36	528.04	30	22	-1	9.80	9.80
UserEvent	1	64	2438063292	# Message: UE-mouseclick left x=419 y=477
Saccade L	1	11	2438248580	2438272866	24286	428.65	531.55	452.13	569.62	0.91	64.80	0.53	37.60	2452.21	-1989.31	1589.64
Saccade R	1	11	2438248580	2438272866	24286	428.65	531.55	452.13	569.62	0.91	64.80	0.53	37.60	2452.21	-1989.31	1589.64
Fixation L	1	11	2438272866	2438566682	293816	441.26	586.60	28	56	-1	9.69	9.69
Fixation R	1	11	2438272866	2438566682	293816	441.26	586.60	28	56	-1	9.54	9.54
UserEvent	1	76	2438479454	# Message: UE-mouseclick left x=401 y=535
