[BeGaze]
Converted from:	C:\Program Files\SMI\Experiment Suite 360\Experiment Center 2\Results\RC-Attachment-Exp\P07-eye_data.idf
Date:	18.03.2012 20:06:34
Version:	BeGaze 3.0.181
Sample Rate:	500
Subject:	P07
Description:	Run12

Table Header for Fixations:
Event Type	Trial	Number	Start	End	Duration	Location X	Location Y	Dispersion X	Dispersion Y	Plane	Avg. Pupil Size X	Avg. Pupil Size Y

Table Header for Saccades:
Event Type	Trial	Number	Start	End	Duration	Start Loc.X	Start Loc.Y	End Loc.X	End Loc.Y	Amplitude	Peak Speed	Peak Speed At	Average Speed	Peak Accel.	Peak Decel.	Average Accel.

Table Header for Blinks:
Event Type	Trial	Number	Start	End	Duration

Table Header for User Events:
Event Type	Trial	Number	Start	Description

UserEvent	1	1	10827112722	# Message: Dist-orcop-9.jpg
Fixation L	1	1	10827113086	10827635016	521930	463.73	456.22	20	19	-1	11.42	11.42
Fixation R	1	1	10827113086	10827635016	521930	463.73	456.22	20	19	-1	11.17	11.17
Saccade L	1	1	10827635016	10827673015	37999	465.30	463.02	513.07	449.05	1.09	48.80	0.47	28.63	1717.25	-1737.13	1259.44
Saccade R	1	1	10827635016	10827673015	37999	465.30	463.02	513.07	449.05	1.09	48.80	0.47	28.63	1717.25	-1737.13	1259.44
Fixation L	1	2	10827673015	10827805014	131999	514.10	453.44	8	11	-1	11.62	11.62
Fixation R	1	2	10827673015	10827805014	131999	514.10	453.44	8	11	-1	11.23	11.23
Saccade L	1	2	10827805014	10827835222	30208	515.48	458.31	559.80	464.39	0.96	53.30	0.46	31.64	2067.24	-2037.02	1501.50
Saccade R	1	2	10827805014	10827835222	30208	515.48	458.31	559.80	464.39	0.96	53.30	0.46	31.64	2067.24	-2037.02	1501.50
Fixation L	1	3	10827835222	10827955209	119987	565.75	468.96	12	8	-1	11.45	11.45
Fixation R	1	3	10827835222	10827955209	119987	565.75	468.96	12	8	-1	11.16	11.16
Saccade L	1	3	10827955209	10827997129	41920	572.71	470.66	655.01	472.95	1.88	98.35	0.28	44.85	4121.10	-3188.93	2228.38
Saccade R	1	3	10827955209	10827997129	41920	572.71	470.66	655.01	472.95	1.88	98.35	0.28	44.85	4121.10	-3188.93	2228.38
Fixation L	1	4	10827997129	10828189257	192128	649.99	467.57	27	15	-1	11.47	11.47
Fixation R	1	4	10827997129	10828189257	192128	649.99	467.57	27	15	-1	11.37	11.37
Saccade L	1	4	10828189257	10828221272	32015	632.67	471.29	733.40	468.04	2.16	136.80	0.46	67.61	5744.79	-5525.99	4072.98
Saccade R	1	4	10828189257	10828221272	32015	632.67	471.29	733.40	468.04	2.16	136.80	0.46	67.61	5744.79	-5525.99	4072.98
Fixation L	1	5	10828221272	10828417373	196101	736.96	466.87	12	15	-1	11.45	11.45
Fixation R	1	5	10828221272	10828417373	196101	736.96	466.87	12	15	-1	11.35	11.35
Saccade L	1	5	10828417373	10828449384	32011	741.61	471.05	802.40	470.33	1.29	70.37	0.38	40.24	3033.20	-2665.94	2034.35
Saccade R	1	5	10828417373	10828449384	32011	741.61	471.05	802.40	470.33	1.29	70.37	0.38	40.24	3033.20	-2665.94	2034.35
Fixation L	1	6	10828449384	10828579424	130040	807.97	472.12	17	20	-1	11.54	11.54
Fixation R	1	6	10828449384	10828579424	130040	807.97	472.12	17	20	-1	11.34	11.34
Saccade L	1	6	10828579424	10828617506	38082	799.57	481.99	878.88	467.66	1.74	92.02	0.37	45.77	3226.47	-3341.63	2280.29
Saccade R	1	6	10828579424	10828617506	38082	799.57	481.99	878.88	467.66	1.74	92.02	0.37	45.77	3226.47	-3341.63	2280.29
Fixation L	1	7	10828617506	10828801515	184009	881.02	469.41	22	32	-1	11.55	11.55
Fixation R	1	7	10828617506	10828801515	184009	881.02	469.41	22	32	-1	11.41	11.41
Saccade L	1	7	10828801515	10828842207	40692	895.61	459.50	963.17	454.29	1.61	82.39	0.44	39.52	3186.48	-3030.78	2168.81
Saccade R	1	7	10828801515	10828842207	40692	895.61	459.50	963.17	454.29	1.61	82.39	0.44	39.52	3186.48	-3030.78	2168.81
Fixation L	1	8	10828842207	10829017627	175420	960.93	447.04	19	13	-1	11.49	11.49
Fixation R	1	8	10828842207	10829017627	175420	960.93	447.04	19	13	-1	11.47	11.47
Saccade L	1	8	10829017627	10829045615	27988	959.62	444.49	1009.67	447.45	1.08	67.27	0.43	38.74	2325.34	-2832.82	1881.93
Saccade R	1	8	10829017627	10829045615	27988	959.62	444.49	1009.67	447.45	1.08	67.27	0.43	38.74	2325.34	-2832.82	1881.93
Fixation L	1	9	10829045615	10829205797	160182	1024.18	446.56	31	18	-1	11.56	11.56
Fixation R	1	9	10829045615	10829205797	160182	1024.18	446.56	31	18	-1	11.31	11.31
Saccade L	1	9	10829205797	10829233738	27941	1027.56	451.02	1069.72	455.06	0.87	49.99	0.36	31.05	1959.71	-1784.53	1360.09
Saccade R	1	9	10829205797	10829233738	27941	1027.56	451.02	1069.72	455.06	0.87	49.99	0.36	31.05	1959.71	-1784.53	1360.09
Fixation L	1	10	10829233738	10829460069	226331	1065.66	460.73	12	16	-1	11.67	11.67
Fixation R	1	10	10829233738	10829460069	226331	1065.66	460.73	12	16	-1	11.35	11.35
Saccade L	1	10	10829460069	10829497858	37789	1068.27	470.41	1124.48	465.78	1.26	51.65	0.31	33.27	1810.70	-1794.95	1380.70
Saccade R	1	10	10829460069	10829497858	37789	1068.27	470.41	1124.48	465.78	1.26	51.65	0.31	33.27	1810.70	-1794.95	1380.70
Fixation L	1	11	10829497858	10829808012	310154	1125.08	464.18	17	26	-1	11.63	11.63
Fixation R	1	11	10829497858	10829808012	310154	1125.08	464.18	17	26	-1	11.39	11.39
Saccade L	1	11	10829808012	10829862147	54135	1117.61	465.97	946.56	458.47	3.80	190.92	0.29	70.28	7911.63	-6895.27	4009.26
Saccade R	1	11	10829808012	10829862147	54135	1117.61	465.97	946.56	458.47	3.80	190.92	0.29	70.28	7911.63	-6895.27	4009.26
Fixation L	1	12	10829862147	10830100091	237944	948.50	470.72	19	29	-1	11.77	11.77
Fixation R	1	12	10829862147	10830100091	237944	948.50	470.72	19	29	-1	11.53	11.53
Saccade L	1	12	10830100091	10830152093	52002	946.52	488.88	1137.53	470.04	4.46	203.33	0.35	85.69	8433.69	-7623.74	4881.47
Saccade R	1	12	10830100091	10830152093	52002	946.52	488.88	1137.53	470.04	4.46	203.33	0.35	85.69	8433.69	-7623.74	4881.47
Fixation L	1	13	10830152093	10830308239	156146	1140.06	475.41	13	25	-1	11.87	11.87
Fixation R	1	13	10830152093	10830308239	156146	1140.06	475.41	13	25	-1	11.68	11.68
Saccade L	1	13	10830308239	10830422218	113979	1139.71	483.63	866.05	1012.34	15.50	326.88	0.30	135.96	7997.46	-10205.62	5008.04
Saccade R	1	13	10830308239	10830422218	113979	1139.71	483.63	866.05	1012.34	15.50	326.88	0.30	135.96	7997.46	-10205.62	5008.04
Fixation L	1	14	10830422218	10830624347	202129	863.70	1012.00	30	34	-1	12.50	12.50
Fixation R	1	14	10830422218	10830624347	202129	863.70	1012.00	30	34	-1	12.20	12.20
Saccade L	1	14	10830624347	10830666341	41994	862.25	994.36	936.75	966.42	1.77	81.70	0.29	42.12	3121.03	-2099.61	1806.70
Saccade R	1	14	10830624347	10830666341	41994	862.25	994.36	936.75	966.42	1.77	81.70	0.29	42.12	3121.03	-2099.61	1806.70
Fixation L	1	15	10830666341	10830886484	220143	930.98	955.76	22	25	-1	11.93	11.93
Fixation R	1	15	10830666341	10830886484	220143	930.98	955.76	22	25	-1	11.57	11.57
