[BeGaze]
Converted from:	C:\Program Files\SMI\Experiment Suite 360\Experiment Center 2\Results\RC-Attachment-Exp\P26-eye_data.idf
Date:	18.03.2012 20:21:42
Version:	BeGaze 3.0.181
Sample Rate:	500
Subject:	P26
Description:	Run31

Table Header for Fixations:
Event Type	Trial	Number	Start	End	Duration	Location X	Location Y	Dispersion X	Dispersion Y	Plane	Avg. Pupil Size X	Avg. Pupil Size Y

Table Header for Saccades:
Event Type	Trial	Number	Start	End	Duration	Start Loc.X	Start Loc.Y	End Loc.X	End Loc.Y	Amplitude	Peak Speed	Peak Speed At	Average Speed	Peak Accel.	Peak Decel.	Average Accel.

Table Header for Blinks:
Event Type	Trial	Number	Start	End	Duration

Table Header for User Events:
Event Type	Trial	Number	Start	Description

UserEvent	1	1	12969009926	# Message: RC-nonforced-nonanim-5.jpg
Fixation L	1	1	12969011761	12969656078	644317	533.94	467.24	28	47	-1	10.77	10.77
Fixation R	1	1	12969011761	12969656078	644317	533.94	467.24	28	47	-1	10.42	10.42
Saccade L	1	1	12969656078	12969678080	22002	526.12	475.32	578.40	488.77	1.14	91.02	0.45	51.82	3523.83	-3360.16	2296.71
Saccade R	1	1	12969656078	12969678080	22002	526.12	475.32	578.40	488.77	1.14	91.02	0.45	51.82	3523.83	-3360.16	2296.71
Fixation L	1	2	12969678080	12969854076	175996	594.36	470.32	31	29	-1	11.02	11.02
Fixation R	1	2	12969678080	12969854076	175996	594.36	470.32	31	29	-1	10.77	10.77
Saccade L	1	2	12969854076	12969894241	40165	588.64	459.29	693.41	470.71	2.25	106.71	0.31	55.99	4053.31	-3435.70	2660.35
Saccade R	1	2	12969854076	12969894241	40165	588.64	459.29	693.41	470.71	2.25	106.71	0.31	55.99	4053.31	-3435.70	2660.35
Fixation L	1	3	12969894241	12969992188	97947	701.15	470.35	29	6	-1	11.34	11.34
Fixation R	1	3	12969894241	12969992188	97947	701.15	470.35	29	6	-1	10.86	10.86
Saccade L	1	3	12969992188	12970016193	24005	718.31	467.21	671.04	470.19	0.97	60.31	0.50	40.24	2199.89	-2136.00	1570.58
Saccade R	1	3	12969992188	12970016193	24005	718.31	467.21	671.04	470.19	0.97	60.31	0.50	40.24	2199.89	-2136.00	1570.58
Saccade L	1	4	12970032083	12970078186	46103	672.84	475.04	737.12	488.39	1.42	40.86	0.52	30.79	1006.60	-1172.64	777.05
Saccade R	1	4	12970032083	12970078186	46103	672.84	475.04	737.12	488.39	1.42	40.86	0.52	30.79	1006.60	-1172.64	777.05
Fixation L	1	4	12970078186	12970324306	246120	749.26	497.91	24	20	-1	11.29	11.29
Fixation R	1	4	12970078186	12970324306	246120	749.26	497.91	24	20	-1	10.81	10.81
Saccade L	1	5	12970324306	12970349977	25671	746.20	507.46	822.17	504.10	1.74	118.75	0.47	67.63	4947.53	-4643.24	3376.18
Saccade R	1	5	12970324306	12970349977	25671	746.20	507.46	822.17	504.10	1.74	118.75	0.47	67.63	4947.53	-4643.24	3376.18
Fixation L	1	5	12970349977	12970694549	344572	804.94	473.17	30	55	-1	11.35	11.35
Fixation R	1	5	12970349977	12970694549	344572	804.94	473.17	30	55	-1	10.95	10.95
Saccade L	1	6	12970694549	12970724539	29990	809.82	451.08	878.94	461.85	1.52	85.77	0.40	50.72	3415.76	-3100.45	2386.60
Saccade R	1	6	12970694549	12970724539	29990	809.82	451.08	878.94	461.85	1.52	85.77	0.40	50.72	3415.76	-3100.45	2386.60
Fixation L	1	6	12970724539	12970888656	164117	893.05	449.47	24	37	-1	11.41	11.41
Fixation R	1	6	12970724539	12970888656	164117	893.05	449.47	24	37	-1	11.07	11.07
Saccade L	1	7	12970888656	12970918532	29876	892.46	439.99	976.31	446.41	1.93	113.17	0.46	64.68	4682.23	-4284.23	3347.53
Saccade R	1	7	12970888656	12970918532	29876	892.46	439.99	976.31	446.41	1.93	113.17	0.46	64.68	4682.23	-4284.23	3347.53
Fixation L	1	7	12970918532	12971090787	172255	975.78	449.20	34	48	-1	11.37	11.37
Fixation R	1	7	12970918532	12971090787	172255	975.78	449.20	34	48	-1	10.82	10.82
Saccade L	1	8	12971090787	12971130709	39922	996.14	472.61	959.42	441.50	1.22	42.60	0.70	30.60	980.83	-1692.47	886.73
Saccade R	1	8	12971090787	12971130709	39922	996.14	472.61	959.42	441.50	1.22	42.60	0.70	30.60	980.83	-1692.47	886.73
Fixation L	1	8	12971130709	12971212651	81942	963.60	441.64	10	11	-1	11.32	11.32
Fixation R	1	8	12971130709	12971212651	81942	963.60	441.64	10	11	-1	10.58	10.58
Saccade L	1	9	12971212651	12971248773	36122	959.49	440.69	988.02	470.18	1.07	42.94	0.34	29.53	1499.70	-732.78	663.40
Saccade R	1	9	12971212651	12971248773	36122	959.49	440.69	988.02	470.18	1.07	42.94	0.34	29.53	1499.70	-732.78	663.40
Saccade L	1	10	12971256778	12971292770	35992	989.04	466.90	1045.58	432.98	1.59	76.98	0.39	44.16	2432.48	-2647.61	1854.48
Saccade R	1	10	12971256778	12971292770	35992	989.04	466.90	1045.58	432.98	1.59	76.98	0.39	44.16	2432.48	-2647.61	1854.48
Fixation L	1	9	12971292770	12971506791	214021	1042.35	434.72	24	24	-1	10.95	10.95
Fixation R	1	9	12971292770	12971506791	214021	1042.35	434.72	24	24	-1	10.26	10.26
Saccade L	1	11	12971506791	12971538893	32102	1035.53	447.19	1090.84	428.31	1.33	76.03	0.37	41.31	3177.51	-2705.85	2040.18
Saccade R	1	11	12971506791	12971538893	32102	1035.53	447.19	1090.84	428.31	1.33	76.03	0.37	41.31	3177.51	-2705.85	2040.18
Fixation L	1	10	12971538893	12971795372	256479	1099.27	445.57	20	30	-1	10.87	10.87
Fixation R	1	10	12971538893	12971795372	256479	1099.27	445.57	20	30	-1	10.33	10.33
Saccade L	1	12	12971795372	12971820912	25540	1101.90	452.03	1059.95	450.20	1.00	60.93	0.38	39.10	2608.58	-2137.17	1625.38
Saccade R	1	12	12971795372	12971820912	25540	1101.90	452.03	1059.95	450.20	1.00	60.93	0.38	39.10	2608.58	-2137.17	1625.38
Fixation L	1	11	12971820912	12972019001	198089	1055.59	447.26	28	25	-1	10.77	10.77
Fixation R	1	11	12971820912	12972019001	198089	1055.59	447.26	28	25	-1	10.35	10.35
Saccade L	1	13	12972019001	12972044505	25504	1068.55	440.35	1119.58	415.62	1.40	97.62	0.47	54.86	3836.72	-3554.28	2592.66
Saccade R	1	13	12972019001	12972044505	25504	1068.55	440.35	1119.58	415.62	1.40	97.62	0.47	54.86	3836.72	-3554.28	2592.66
Fixation L	1	12	12972044505	12972253121	208616	1129.69	440.88	30	45	-1	10.69	10.69
Fixation R	1	12	12972044505	12972253121	208616	1129.69	440.88	30	45	-1	10.23	10.23
Saccade L	1	14	12972253121	12972311237	58116	1115.06	451.83	983.43	869.66	10.41	300.87	0.34	179.17	13092.67	-9603.77	7901.84
Saccade R	1	14	12972253121	12972311237	58116	1115.06	451.83	983.43	869.66	10.41	300.87	0.34	179.17	13092.67	-9603.77	7901.84
Fixation L	1	13	12972311237	12972491250	180013	973.13	881.60	33	38	-1	11.56	11.56
Fixation R	1	13	12972311237	12972491250	180013	973.13	881.60	33	38	-1	10.87	10.87
Saccade L	1	15	12972491250	12972519367	28117	979.85	885.68	935.15	920.55	1.46	95.30	0.50	51.89	3586.88	-2991.23	2335.44
Saccade R	1	15	12972491250	12972519367	28117	979.85	885.68	935.15	920.55	1.46	95.30	0.50	51.89	3586.88	-2991.23	2335.44
Fixation L	1	14	12972519367	12972803353	283986	914.16	925.31	42	25	-1	11.66	11.66
Fixation R	1	14	12972519367	12972803353	283986	914.16	925.31	42	25	-1	11.17	11.17
Fixation L	1	15	12972895505	12973015509	120004	1082.79	452.93	22	21	-1	11.13	11.13
Fixation R	1	15	12972895505	12973015509	120004	1082.79	452.93	22	21	-1	11.14	11.14
Saccade L	1	16	12973015509	12973037570	22061	1071.34	442.57	1111.97	427.71	0.94	70.15	0.45	42.47	2320.72	-2756.43	1759.56
Saccade R	1	16	12973015509	12973037570	22061	1071.34	442.57	1111.97	427.71	0.94	70.15	0.45	42.47	2320.72	-2756.43	1759.56
Fixation L	1	16	12973037570	12973345587	308017	1125.78	438.27	70	38	-1	11.07	11.07
Fixation R	1	16	12973037570	12973345587	308017	1125.78	438.27	70	38	-1	10.86	10.86
Saccade L	1	17	12973345587	12973431719	86132	1149.66	455.33	964.41	972.61	13.61	262.53	0.49	157.96	8522.60	-7962.71	4727.75
Saccade R	1	17	12973345587	12973431719	86132	1149.66	455.33	964.41	972.61	13.61	262.53	0.49	157.96	8522.60	-7962.71	4727.75
Saccade L	1	18	12973431719	12973469261	37542	964.41	972.61	934.13	914.36	1.44	71.56	0.32	38.34	901.59	-2124.60	1075.65
Saccade R	1	18	12973431719	12973469261	37542	964.41	972.61	934.13	914.36	1.44	71.56	0.32	38.34	901.59	-2124.60	1075.65
Fixation L	1	17	12973469261	12973597699	128438	934.48	932.98	31	31	-1	11.55	11.55
Fixation R	1	17	12973469261	12973597699	128438	934.48	932.98	31	31	-1	11.04	11.04
Saccade L	1	19	12973597699	12973619695	21996	941.41	927.23	905.85	940.54	0.74	49.38	0.53	33.76	1466.50	-1726.27	1146.76
Saccade R	1	19	12973597699	12973619695	21996	941.41	927.23	905.85	940.54	0.74	49.38	0.53	33.76	1466.50	-1726.27	1146.76
Fixation L	1	18	12973619695	12973914145	294450	907.23	924.95	17	44	-1	11.69	11.69
Fixation R	1	18	12973619695	12973914145	294450	907.23	924.95	17	44	-1	11.18	11.18
