[BeGaze]
Converted from:	C:\Program Files\SMI\Experiment Suite 360\Experiment Center 2\Results\RC-Attachment-Exp\P08-eye_data.idf
Date:	18.03.2012 20:07:27
Version:	BeGaze 3.0.181
Sample Rate:	500
Subject:	P08
Description:	Run13

Table Header for Fixations:
Event Type	Trial	Number	Start	End	Duration	Location X	Location Y	Dispersion X	Dispersion Y	Plane	Avg. Pupil Size X	Avg. Pupil Size Y

Table Header for Saccades:
Event Type	Trial	Number	Start	End	Duration	Start Loc.X	Start Loc.Y	End Loc.X	End Loc.Y	Amplitude	Peak Speed	Peak Speed At	Average Speed	Peak Accel.	Peak Decel.	Average Accel.

Table Header for Blinks:
Event Type	Trial	Number	Start	End	Duration

Table Header for User Events:
Event Type	Trial	Number	Start	Description

UserEvent	1	1	12151185266	# Message: Questionnaire25.jpg
Fixation L	1	1	12151185464	12151602516	417052	907.80	956.78	30	27	-1	13.05	13.05
Fixation R	1	1	12151185464	12151602516	417052	907.80	956.78	30	27	-1	13.02	13.02
Saccade L	1	1	12151602516	12151674522	72006	903.95	948.42	520.41	464.34	14.12	429.03	0.25	196.04	18708.69	-8832.98	8666.01
Saccade R	1	1	12151602516	12151674522	72006	903.95	948.42	520.41	464.34	14.12	429.03	0.25	196.04	18708.69	-8832.98	8666.01
Fixation L	1	2	12151674522	12151742488	67966	516.85	461.44	15	16	-1	12.93	12.93
Fixation R	1	2	12151674522	12151742488	67966	516.85	461.44	15	16	-1	12.50	12.50
Saccade L	1	2	12151742488	12151772742	30254	526.36	451.33	423.54	387.82	2.60	161.78	0.47	85.92	6701.48	-6754.34	4901.30
Saccade R	1	2	12151742488	12151772742	30254	526.36	451.33	423.54	387.82	2.60	161.78	0.47	85.92	6701.48	-6754.34	4901.30
Fixation L	1	3	12151772742	12152082735	309993	420.43	402.63	38	29	-1	13.17	13.17
Fixation R	1	3	12151772742	12152082735	309993	420.43	402.63	38	29	-1	12.46	12.46
Saccade L	1	3	12152082735	12152112790	30055	437.65	417.37	551.78	420.91	2.47	163.66	0.47	82.18	6368.51	-6783.29	4822.59
Saccade R	1	3	12152082735	12152112790	30055	437.65	417.37	551.78	420.91	2.47	163.66	0.47	82.18	6368.51	-6783.29	4822.59
Fixation L	1	4	12152112790	12152454854	342064	543.32	417.55	21	31	-1	13.76	13.76
Fixation R	1	4	12152112790	12152454854	342064	543.32	417.55	21	31	-1	13.46	13.46
Saccade L	1	4	12152454854	12152482850	27996	535.08	416.82	643.26	419.17	2.28	148.18	0.50	81.30	6178.84	-6065.92	4471.36
Saccade R	1	4	12152454854	12152482850	27996	535.08	416.82	643.26	419.17	2.28	148.18	0.50	81.30	6178.84	-6065.92	4471.36
Fixation L	1	5	12152482850	12152638980	156130	632.57	423.13	18	40	-1	14.74	14.74
Fixation R	1	5	12152482850	12152638980	156130	632.57	423.13	18	40	-1	14.39	14.39
Saccade L	1	5	12152638980	12152662974	23994	630.41	428.57	726.40	423.24	1.92	145.39	0.50	80.11	5790.04	-5440.41	3913.57
Saccade R	1	5	12152638980	12152662974	23994	630.41	428.57	726.40	423.24	1.92	145.39	0.50	80.11	5790.04	-5440.41	3913.57
Fixation L	1	6	12152662974	12152806986	144012	716.41	421.14	16	21	-1	15.22	15.22
Fixation R	1	6	12152662974	12152806986	144012	716.41	421.14	16	21	-1	14.80	14.80
Saccade L	1	6	12152806986	12152830971	23985	718.90	429.17	799.83	421.67	1.86	142.73	0.52	77.53	5712.25	-5513.73	3950.17
Saccade R	1	6	12152806986	12152830971	23985	718.90	429.17	799.83	421.67	1.86	142.73	0.52	77.53	5712.25	-5513.73	3950.17
Fixation L	1	7	12152830971	12152969130	138159	796.38	425.27	12	17	-1	15.37	15.37
Fixation R	1	7	12152830971	12152969130	138159	796.38	425.27	12	17	-1	14.91	14.91
Saccade L	1	7	12152969130	12152999093	29963	796.02	426.06	862.61	425.52	1.39	75.52	0.40	46.45	2918.37	-2761.81	2027.51
Saccade R	1	7	12152969130	12152999093	29963	796.02	426.06	862.61	425.52	1.39	75.52	0.40	46.45	2918.37	-2761.81	2027.51
Fixation L	1	8	12152999093	12153085131	86038	857.10	414.99	13	16	-1	15.31	15.31
Fixation R	1	8	12152999093	12153085131	86038	857.10	414.99	13	16	-1	14.93	14.93
Saccade L	1	8	12153085131	12153133148	48017	859.34	414.89	388.87	485.77	10.50	429.86	0.42	218.57	19099.73	-17355.98	12922.17
Saccade R	1	8	12153085131	12153133148	48017	859.34	414.89	388.87	485.77	10.50	429.86	0.42	218.57	19099.73	-17355.98	12922.17
Fixation L	1	9	12153133148	12153453678	320530	400.29	483.54	20	17	-1	15.06	15.06
Fixation R	1	9	12153133148	12153453678	320530	400.29	483.54	20	17	-1	14.65	14.65
Saccade L	1	9	12153453678	12153477321	23643	392.78	478.97	401.16	519.64	0.82	51.61	0.49	34.69	1796.80	-1928.45	1364.84
Saccade R	1	9	12153453678	12153477321	23643	392.78	478.97	401.16	519.64	0.82	51.61	0.49	34.69	1796.80	-1928.45	1364.84
Fixation L	1	10	12153477321	12154099395	622074	394.36	533.92	32	35	-1	15.32	15.32
Fixation R	1	10	12153477321	12154099395	622074	394.36	533.92	32	35	-1	14.90	14.90
UserEvent	1	70	12154000117	# Message: UE-mouseclick left x=407 y=477
Saccade L	1	10	12154099395	12154168969	69574	418.84	556.88	379.86	522.06	5.39	186.05	0.68	77.46	3688.69	-6177.27	2945.76
Saccade R	1	10	12154099395	12154168969	69574	418.84	556.88	379.86	522.06	5.39	186.05	0.68	77.46	3688.69	-6177.27	2945.76
Fixation L	1	11	12154210900	12154515816	304916	393.46	568.93	30	55	-1	15.07	15.07
Fixation R	1	11	12154210900	12154515816	304916	393.46	568.93	30	55	-1	14.34	14.34
Saccade L	1	11	12154515816	12154543951	28135	396.65	571.99	432.64	595.21	0.97	49.02	0.41	34.44	1947.25	-1810.78	1333.06
Saccade R	1	11	12154515816	12154543951	28135	396.65	571.99	432.64	595.21	0.97	49.02	0.41	34.44	1947.25	-1810.78	1333.06
Fixation L	1	12	12154543951	12154777996	234045	422.33	593.34	25	21	-1	15.52	15.52
Fixation R	1	12	12154543951	12154777996	234045	422.33	593.34	25	21	-1	14.70	14.70
UserEvent	1	88	12154712293	# Message: UE-mouseclick left x=422 y=525
