[BeGaze]
Converted from:	C:\Program Files\SMI\Experiment Suite 360\Experiment Center 2\Results\RC-Attachment-Exp\P28-eye_data.idf
Date:	18.03.2012 20:23:26
Version:	BeGaze 3.0.181
Sample Rate:	500
Subject:	P28
Description:	Run33

Table Header for Fixations:
Event Type	Trial	Number	Start	End	Duration	Location X	Location Y	Dispersion X	Dispersion Y	Plane	Avg. Pupil Size X	Avg. Pupil Size Y

Table Header for Saccades:
Event Type	Trial	Number	Start	End	Duration	Start Loc.X	Start Loc.Y	End Loc.X	End Loc.Y	Amplitude	Peak Speed	Peak Speed At	Average Speed	Peak Accel.	Peak Decel.	Average Accel.

Table Header for Blinks:
Event Type	Trial	Number	Start	End	Duration

Table Header for User Events:
Event Type	Trial	Number	Start	Description

UserEvent	1	1	14269479879	# Message: RC-nonforced-anim-3.jpg
Fixation L	1	1	14269487289	14269847702	360413	499.64	438.32	27	31	-1	13.53	13.53
Fixation R	1	1	14269487289	14269847702	360413	499.64	438.32	27	31	-1	13.29	13.29
Saccade L	1	1	14269847702	14269877711	30009	490.42	450.72	570.38	443.91	1.76	99.55	0.47	58.74	3963.75	-3800.91	2815.60
Saccade R	1	1	14269847702	14269877711	30009	490.42	450.72	570.38	443.91	1.76	99.55	0.47	58.74	3963.75	-3800.91	2815.60
Fixation L	1	2	14269877711	14270003711	126000	565.80	438.89	21	17	-1	13.59	13.59
Fixation R	1	2	14269877711	14270003711	126000	565.80	438.89	21	17	-1	13.39	13.39
Blink L	1	1	14270003711	14270212036	208325
Blink R	1	1	14270003711	14270212036	208325
Fixation L	1	3	14270212036	14270459935	247899	659.17	455.95	36	45	-1	13.52	13.52
Fixation R	1	3	14270212036	14270459935	247899	659.17	455.95	36	45	-1	13.40	13.40
Saccade L	1	2	14270459935	14270489955	30020	639.94	453.30	737.25	470.37	2.22	149.36	0.40	73.84	5253.05	-5623.36	3950.86
Saccade R	1	2	14270459935	14270489955	30020	639.94	453.30	737.25	470.37	2.22	149.36	0.40	73.84	5253.05	-5623.36	3950.86
Fixation L	1	4	14270489955	14270800421	310466	741.66	455.98	23	38	-1	13.22	13.22
Fixation R	1	4	14270489955	14270800421	310466	741.66	455.98	23	38	-1	13.20	13.20
Saccade L	1	3	14270800421	14270862168	61747	728.32	456.64	827.38	427.25	3.68	137.99	0.74	59.68	3609.69	-5216.41	2589.44
Saccade R	1	3	14270800421	14270862168	61747	728.32	456.64	827.38	427.25	3.68	137.99	0.74	59.68	3609.69	-5216.41	2589.44
Fixation L	1	5	14270862168	14271098290	236122	820.86	428.37	29	15	-1	12.70	12.70
Fixation R	1	5	14270862168	14271098290	236122	820.86	428.37	29	15	-1	12.60	12.60
Saccade L	1	4	14271098290	14271124282	25992	800.20	432.19	737.36	502.49	1.99	141.20	0.46	76.60	5311.10	-1675.19	2642.37
Saccade R	1	4	14271098290	14271124282	25992	800.20	432.19	737.36	502.49	1.99	141.20	0.46	76.60	5311.10	-1675.19	2642.37
Saccade L	1	5	14271124282	14271152296	28014	737.36	502.49	820.61	489.45	1.78	110.64	0.29	63.49	296.02	-4051.42	1897.03
Saccade R	1	5	14271124282	14271152296	28014	737.36	502.49	820.61	489.45	1.78	110.64	0.29	63.49	296.02	-4051.42	1897.03
Fixation L	1	6	14271152296	14271232285	79989	807.80	489.59	22	6	-1	12.68	12.68
Fixation R	1	6	14271152296	14271232285	79989	807.80	489.59	22	6	-1	12.75	12.75
Saccade L	1	6	14271232285	14271258308	26023	804.29	486.72	772.04	392.06	2.23	186.01	0.49	85.84	6856.83	-4057.30	3631.73
Saccade R	1	6	14271232285	14271258308	26023	804.29	486.72	772.04	392.06	2.23	186.01	0.49	85.84	6856.83	-4057.30	3631.73
Saccade L	1	7	14271258308	14271304396	46088	772.04	392.06	890.40	458.99	3.50	201.89	0.30	75.93	4521.02	-5058.19	2803.79
Saccade R	1	7	14271258308	14271304396	46088	772.04	392.06	890.40	458.99	3.50	201.89	0.30	75.93	4521.02	-5058.19	2803.79
Saccade L	1	8	14271356647	14271382407	25760	945.12	477.96	888.06	436.02	1.06	71.34	0.30	41.04	1531.58	-2567.72	1277.41
Saccade R	1	8	14271356647	14271382407	25760	945.12	477.96	888.06	436.02	1.06	71.34	0.30	41.04	1531.58	-2567.72	1277.41
Fixation L	1	7	14271382407	14271450414	68007	903.78	429.75	24	18	-1	12.76	12.76
Fixation R	1	7	14271382407	14271450414	68007	903.78	429.75	24	18	-1	12.77	12.77
Saccade L	1	9	14271540423	14271584570	44147	891.05	458.54	1025.70	443.08	2.87	121.83	0.27	65.01	4804.47	-3526.44	2847.09
Saccade R	1	9	14271540423	14271584570	44147	891.05	458.54	1025.70	443.08	2.87	121.83	0.27	65.01	4804.47	-3526.44	2847.09
Fixation L	1	8	14271584570	14271816520	231950	1026.94	448.48	42	23	-1	12.80	12.80
Fixation R	1	8	14271584570	14271816520	231950	1026.94	448.48	42	23	-1	12.59	12.59
Saccade L	1	10	14271816520	14271847348	30828	1034.26	464.05	1107.71	464.51	1.60	96.01	0.39	52.02	3798.92	-3474.50	2574.58
Saccade R	1	10	14271816520	14271847348	30828	1034.26	464.05	1107.71	464.51	1.60	96.01	0.39	52.02	3798.92	-3474.50	2574.58
Fixation L	1	9	14271847348	14271942632	95284	1107.17	472.71	23	19	-1	12.83	12.83
Fixation R	1	9	14271847348	14271942632	95284	1107.17	472.71	23	19	-1	12.68	12.68
Saccade L	1	11	14271958649	14271986633	27984	1067.27	455.65	1131.76	443.15	1.37	112.18	0.29	48.80	1061.02	-3606.30	1822.62
Saccade R	1	11	14271958649	14271986633	27984	1067.27	455.65	1131.76	443.15	1.37	112.18	0.29	48.80	1061.02	-3606.30	1822.62
Fixation L	1	10	14271986633	14272040632	53999	1136.36	440.73	9	4	-1	12.99	12.99
Fixation R	1	10	14271986633	14272040632	53999	1136.36	440.73	9	4	-1	12.91	12.91
Saccade L	1	12	14272040632	14272074692	34060	1131.47	439.58	1066.43	361.86	2.56	139.78	0.65	75.07	5318.11	-5644.95	3967.53
Saccade R	1	12	14272040632	14272074692	34060	1131.47	439.58	1066.43	361.86	2.56	139.78	0.65	75.07	5318.11	-5644.95	3967.53
Saccade L	1	13	14272084630	14272114651	30021	1064.99	363.01	1126.30	438.01	2.11	150.81	0.47	70.21	5410.00	-5200.78	3807.21
Saccade R	1	13	14272084630	14272114651	30021	1064.99	363.01	1126.30	438.01	2.11	150.81	0.47	70.21	5410.00	-5200.78	3807.21
Saccade L	1	14	14272148629	14272186631	38002	1132.03	424.19	1080.31	442.52	1.46	65.24	0.58	38.41	2104.70	-1991.18	1494.69
Saccade R	1	14	14272148629	14272186631	38002	1132.03	424.19	1080.31	442.52	1.46	65.24	0.58	38.41	2104.70	-1991.18	1494.69
Saccade L	1	15	14272262737	14272304773	42036	1053.59	424.18	1125.72	430.64	1.68	70.49	0.29	39.93	2518.23	-2033.91	1520.30
Saccade R	1	15	14272262737	14272304773	42036	1053.59	424.18	1125.72	430.64	1.68	70.49	0.29	39.93	2518.23	-2033.91	1520.30
Saccade L	1	16	14272324836	14272376869	52033	1138.68	433.80	679.17	436.49	11.66	328.09	0.45	224.03	14667.06	-11870.83	8958.70
Saccade R	1	16	14272324836	14272376869	52033	1138.68	433.80	679.17	436.49	11.66	328.09	0.45	224.03	14667.06	-11870.83	8958.70
Saccade L	1	17	14272479270	14272516880	37610	672.73	422.91	548.91	422.94	2.59	134.47	0.73	68.98	4224.87	-4799.98	3077.26
Saccade R	1	17	14272479270	14272516880	37610	672.73	422.91	548.91	422.94	2.59	134.47	0.73	68.98	4224.87	-4799.98	3077.26
Fixation L	1	11	14272516880	14272702993	186113	553.66	434.09	22	19	-1	13.61	13.61
Fixation R	1	11	14272516880	14272702993	186113	553.66	434.09	22	19	-1	13.44	13.44
Saccade L	1	18	14272702993	14272736987	33994	557.95	436.94	674.08	462.05	2.72	167.28	0.57	80.10	6351.52	-6681.07	4663.84
Saccade R	1	18	14272702993	14272736987	33994	557.95	436.94	674.08	462.05	2.72	167.28	0.57	80.10	6351.52	-6681.07	4663.84
Fixation L	1	12	14272736987	14272790992	54005	671.95	469.97	5	23	-1	13.59	13.59
Fixation R	1	12	14272736987	14272790992	54005	671.95	469.97	5	23	-1	13.52	13.52
Saccade L	1	19	14272790992	14272814982	23990	668.33	483.27	676.86	442.19	0.82	47.64	0.42	34.25	1642.19	-1606.29	1186.30
Saccade R	1	19	14272790992	14272814982	23990	668.33	483.27	676.86	442.19	0.82	47.64	0.42	34.25	1642.19	-1606.29	1186.30
Saccade L	1	20	14272862976	14272885640	22664	700.20	445.63	663.50	468.47	0.77	48.02	0.44	34.12	687.78	-1684.49	882.71
Saccade R	1	20	14272862976	14272885640	22664	700.20	445.63	663.50	468.47	0.77	48.02	0.44	34.12	687.78	-1684.49	882.71
Saccade L	1	21	14272929003	14272959336	30333	667.34	478.01	724.08	458.63	1.32	72.28	0.39	43.49	3005.71	-1493.37	1600.02
Saccade R	1	21	14272929003	14272959336	30333	667.34	478.01	724.08	458.63	1.32	72.28	0.39	43.49	3005.71	-1493.37	1600.02
Saccade L	1	22	14272959336	14272983102	23766	724.08	458.63	656.72	465.53	1.41	116.27	0.54	59.29	2603.98	-4339.84	2373.09
Saccade R	1	22	14272959336	14272983102	23766	724.08	458.63	656.72	465.53	1.41	116.27	0.54	59.29	2603.98	-4339.84	2373.09
Saccade L	1	23	14273003462	14273038493	35031	660.65	458.11	721.20	448.25	1.97	110.82	0.28	56.10	4390.81	-3569.64	2312.22
Saccade R	1	23	14273003462	14273038493	35031	660.65	458.11	721.20	448.25	1.97	110.82	0.28	56.10	4390.81	-3569.64	2312.22
Saccade L	1	24	14273042215	14273073094	30879	716.55	448.12	769.56	448.10	1.03	48.56	0.29	33.28	959.63	-1366.92	882.69
Saccade R	1	24	14273042215	14273073094	30879	716.55	448.12	769.56	448.10	1.03	48.56	0.29	33.28	959.63	-1366.92	882.69
Fixation L	1	13	14273073094	14273247096	174002	774.78	450.52	45	29	-1	13.65	13.65
Fixation R	1	13	14273073094	14273247096	174002	774.78	450.52	45	29	-1	13.49	13.49
Saccade L	1	25	14273247096	14273297731	50635	749.03	437.06	833.50	446.70	1.99	67.00	0.24	39.35	2658.10	-1307.62	1153.00
Saccade R	1	25	14273247096	14273297731	50635	749.03	437.06	833.50	446.70	1.99	67.00	0.24	39.35	2658.10	-1307.62	1153.00
Fixation L	1	14	14273297731	14273469590	171859	812.06	442.39	33	15	-1	13.53	13.53
Fixation R	1	14	14273297731	14273469590	171859	812.06	442.39	33	15	-1	13.35	13.35
Saccade L	1	26	14273469590	14273493459	23869	816.56	442.05	899.50	440.96	1.82	143.22	0.49	76.39	5867.38	-5734.56	4068.96
Saccade R	1	26	14273469590	14273493459	23869	816.56	442.05	899.50	440.96	1.82	143.22	0.49	76.39	5867.38	-5734.56	4068.96
Fixation L	1	15	14273493459	14273654271	160812	901.71	455.84	15	33	-1	13.50	13.50
Fixation R	1	15	14273493459	14273654271	160812	901.71	455.84	15	33	-1	13.43	13.43
Blink L	1	2	14273654271	14273861448	207177
Blink R	1	2	14273654271	14273861448	207177
Blink L	1	3	14273873159	14273943442	70283
Blink R	1	3	14273873159	14273943442	70283
Saccade L	1	27	14273953726	14273983444	29718	1004.65	440.03	864.73	433.07	3.02	197.35	0.53	101.72	8239.57	-8059.55	5292.60
Saccade R	1	27	14273953726	14273983444	29718	1004.65	440.03	864.73	433.07	3.02	197.35	0.53	101.72	8239.57	-8059.55	5292.60
Fixation L	1	16	14273983444	14274316241	332797	845.68	440.75	56	64	-1	13.77	13.77
Fixation R	1	16	14273983444	14274316241	332797	845.68	440.75	56	64	-1	13.59	13.59
Saccade L	1	28	14274316241	14274365725	49484	831.86	470.09	931.18	456.70	2.71	132.36	0.51	54.86	4398.22	-4643.26	2878.07
Saccade R	1	28	14274316241	14274365725	49484	831.86	470.09	931.18	456.70	2.71	132.36	0.51	54.86	4398.22	-4643.26	2878.07
Fixation L	1	17	14274365725	14274479752	114027	921.92	450.12	26	27	-1	13.93	13.93
Fixation R	1	17	14274365725	14274479752	114027	921.92	450.12	26	27	-1	13.78	13.78
Fixation L	1	18	14274491672	14274645803	154131	919.22	448.72	35	30	-1	13.82	13.82
Fixation R	1	18	14274491672	14274645803	154131	919.22	448.72	35	30	-1	13.69	13.69
Saccade L	1	29	14274645803	14274675799	29996	929.55	446.93	1018.28	446.05	1.98	118.45	0.47	65.99	4512.07	-4816.25	3430.57
Saccade R	1	29	14274645803	14274675799	29996	929.55	446.93	1018.28	446.05	1.98	118.45	0.47	65.99	4512.07	-4816.25	3430.57
Fixation L	1	19	14274675799	14274835791	159992	1014.39	449.82	29	24	-1	13.85	13.85
Fixation R	1	19	14274675799	14274835791	159992	1014.39	449.82	29	24	-1	13.84	13.84
Saccade L	1	30	14274835791	14274869918	34127	1018.89	456.44	1112.53	449.26	2.17	119.85	0.41	63.65	5125.42	-4537.09	3440.19
Saccade R	1	30	14274835791	14274869918	34127	1018.89	456.44	1112.53	449.26	2.17	119.85	0.41	63.65	5125.42	-4537.09	3440.19
Saccade L	1	31	14274913909	14274943966	30057	1122.25	465.41	1218.11	460.65	2.11	128.29	0.67	70.12	4928.37	-5189.42	3445.87
Saccade R	1	31	14274913909	14274943966	30057	1122.25	465.41	1218.11	460.65	2.11	128.29	0.67	70.12	4928.37	-5189.42	3445.87
Fixation L	1	20	14274943966	14274995913	51947	1214.18	453.88	16	16	-1	13.97	13.97
Fixation R	1	20	14274943966	14274995913	51947	1214.18	453.88	16	16	-1	13.87	13.87
Blink L	1	4	14274995913	14275244340	248427
Blink R	1	4	14274995913	14275244340	248427
Saccade L	1	32	14275256205	14275292869	36664	860.10	1078.59	886.07	998.65	2.49	145.63	0.44	67.86	5199.93	-4830.51	3549.24
Saccade R	1	32	14275256205	14275292869	36664	860.10	1078.59	886.07	998.65	2.49	145.63	0.44	67.86	5199.93	-4830.51	3549.24
Fixation L	1	21	14275292869	14276018372	725503	885.65	958.80	38	77	-1	13.80	13.80
Fixation R	1	21	14275292869	14276018372	725503	885.65	958.80	38	77	-1	13.67	13.67
