[BeGaze]
Converted from:	C:\Program Files\SMI\Experiment Suite 360\Experiment Center 2\Results\RC-Attachment-Exp\P16-eye_data.idf
Date:	18.03.2012 20:12:17
Version:	BeGaze 3.0.181
Sample Rate:	500
Subject:	P16
Description:	Run21

Table Header for Fixations:
Event Type	Trial	Number	Start	End	Duration	Location X	Location Y	Dispersion X	Dispersion Y	Plane	Avg. Pupil Size X	Avg. Pupil Size Y

Table Header for Saccades:
Event Type	Trial	Number	Start	End	Duration	Start Loc.X	Start Loc.Y	End Loc.X	End Loc.Y	Amplitude	Peak Speed	Peak Speed At	Average Speed	Peak Accel.	Peak Decel.	Average Accel.

Table Header for Blinks:
Event Type	Trial	Number	Start	End	Duration

Table Header for User Events:
Event Type	Trial	Number	Start	Description

UserEvent	1	1	1636410704	# Message: Dist-srcop-15.jpg
Fixation L	1	1	1636412127	1636984149	572022	516.60	453.32	29	33	-1	11.26	11.26
Fixation R	1	1	1636412127	1636984149	572022	516.60	453.32	29	33	-1	11.11	11.11
Saccade L	1	1	1636984149	1637008142	23993	499.58	467.24	560.86	459.45	1.22	88.47	0.42	51.01	2665.96	-3674.45	2149.41
Saccade R	1	1	1636984149	1637008142	23993	499.58	467.24	560.86	459.45	1.22	88.47	0.42	51.01	2665.96	-3674.45	2149.41
Fixation L	1	2	1637008142	1637256263	248121	554.80	455.49	21	21	-1	10.89	10.89
Fixation R	1	2	1637008142	1637256263	248121	554.80	455.49	21	21	-1	10.97	10.97
Saccade L	1	2	1637256263	1637280260	23997	550.81	463.42	602.96	454.30	1.09	71.13	0.51	45.42	2850.73	-2837.92	1985.44
Saccade R	1	2	1637256263	1637280260	23997	550.81	463.42	602.96	454.30	1.09	71.13	0.51	45.42	2850.73	-2837.92	1985.44
Fixation L	1	3	1637280260	1637376254	95994	600.33	447.49	13	13	-1	10.55	10.55
Fixation R	1	3	1637280260	1637376254	95994	600.33	447.49	13	13	-1	10.51	10.51
Saccade L	1	3	1637376254	1637402260	26006	594.60	443.51	658.01	453.88	1.42	98.89	0.46	54.51	3588.71	-3810.29	2669.35
Saccade R	1	3	1637376254	1637402260	26006	594.60	443.51	658.01	453.88	1.42	98.89	0.46	54.51	3588.71	-3810.29	2669.35
Fixation L	1	4	1637402260	1637590414	188154	659.42	447.49	20	20	-1	10.38	10.38
Fixation R	1	4	1637402260	1637590414	188154	659.42	447.49	20	20	-1	10.44	10.44
Saccade L	1	4	1637590414	1637620367	29953	659.13	437.40	783.75	449.69	2.67	165.81	0.47	89.00	7173.52	-6872.48	5175.24
Saccade R	1	4	1637590414	1637620367	29953	659.13	437.40	783.75	449.69	2.67	165.81	0.47	89.00	7173.52	-6872.48	5175.24
Fixation L	1	5	1637620367	1637802491	182124	779.75	442.01	11	24	-1	10.36	10.36
Fixation R	1	5	1637620367	1637802491	182124	779.75	442.01	11	24	-1	10.54	10.54
Fixation L	1	6	1637818485	1638034605	216120	761.01	434.49	14	22	-1	10.04	10.04
Fixation R	1	6	1637818485	1638034605	216120	761.01	434.49	14	22	-1	10.25	10.25
Saccade L	1	5	1638034605	1638060623	26018	761.42	440.89	813.99	432.61	1.38	89.60	0.54	53.09	3598.82	-3245.70	2317.89
Saccade R	1	5	1638034605	1638060623	26018	761.42	440.89	813.99	432.61	1.38	89.60	0.54	53.09	3598.82	-3245.70	2317.89
Fixation L	1	7	1638060623	1638212719	152096	817.27	428.54	9	19	-1	9.84	9.84
Fixation R	1	7	1638060623	1638212719	152096	817.27	428.54	9	19	-1	10.11	10.11
Saccade L	1	6	1638212719	1638246952	34233	817.96	419.34	909.42	426.06	2.04	121.34	0.43	59.47	5126.90	-4541.02	3312.65
Saccade R	1	6	1638212719	1638246952	34233	817.96	419.34	909.42	426.06	2.04	121.34	0.43	59.47	5126.90	-4541.02	3312.65
Fixation L	1	8	1638246952	1638428965	182013	907.23	432.35	15	38	-1	9.92	9.92
Fixation R	1	8	1638246952	1638428965	182013	907.23	432.35	15	38	-1	10.36	10.36
Saccade L	1	7	1638428965	1638462712	33747	907.57	436.82	1001.28	443.99	2.15	124.82	0.41	63.64	5209.22	-4594.85	3383.67
Saccade R	1	7	1638428965	1638462712	33747	907.57	436.82	1001.28	443.99	2.15	124.82	0.41	63.64	5209.22	-4594.85	3383.67
Fixation L	1	9	1638462712	1638597664	134952	1004.19	438.91	12	15	-1	9.90	9.90
Fixation R	1	9	1638462712	1638597664	134952	1004.19	438.91	12	15	-1	10.52	10.52
Saccade L	1	8	1638597664	1638622828	25164	1004.03	441.86	1063.90	427.66	1.31	89.71	0.44	51.99	3782.82	-2999.97	2424.41
Saccade R	1	8	1638597664	1638622828	25164	1004.03	441.86	1063.90	427.66	1.31	89.71	0.44	51.99	3782.82	-2999.97	2424.41
Fixation L	1	10	1638622828	1638746946	124118	1062.63	425.81	15	16	-1	9.72	9.72
Fixation R	1	10	1638622828	1638746946	124118	1062.63	425.81	15	16	-1	10.40	10.40
Saccade L	1	9	1638746946	1638768948	22002	1064.63	428.11	1112.62	426.33	1.06	75.08	0.55	48.21	2879.51	-2855.74	1999.77
Saccade R	1	9	1638746946	1638768948	22002	1064.63	428.11	1112.62	426.33	1.06	75.08	0.55	48.21	2879.51	-2855.74	1999.77
Fixation L	1	11	1638768948	1638967008	198060	1118.39	430.75	22	25	-1	9.57	9.57
Fixation R	1	11	1638768948	1638967008	198060	1118.39	430.75	22	25	-1	10.23	10.23
Saccade L	1	10	1638967008	1639017065	50057	1116.20	414.12	878.91	428.27	5.26	243.87	0.32	105.14	9733.97	-7035.79	5430.79
Saccade R	1	10	1638967008	1639017065	50057	1116.20	414.12	878.91	428.27	5.26	243.87	0.32	105.14	9733.97	-7035.79	5430.79
Fixation L	1	12	1639017065	1639127058	109993	876.54	423.00	9	11	-1	9.82	9.82
Fixation R	1	12	1639017065	1639127058	109993	876.54	423.00	9	11	-1	10.16	10.16
Saccade L	1	11	1639127058	1639169053	41995	876.48	423.56	697.99	424.75	4.00	184.71	0.33	95.30	8259.36	-7023.28	5268.34
Saccade R	1	11	1639127058	1639169053	41995	876.48	423.56	697.99	424.75	4.00	184.71	0.33	95.30	8259.36	-7023.28	5268.34
Fixation L	1	13	1639169053	1639361179	192126	702.30	439.36	25	40	-1	10.04	10.04
Fixation R	1	13	1639169053	1639361179	192126	702.30	439.36	25	40	-1	10.34	10.34
Saccade L	1	12	1639361179	1639383192	22013	694.62	453.83	637.55	447.91	1.22	97.73	0.54	55.48	3824.70	-3378.20	2478.31
Saccade R	1	12	1639361179	1639383192	22013	694.62	453.83	637.55	447.91	1.22	97.73	0.54	55.48	3824.70	-3378.20	2478.31
Fixation L	1	14	1639383192	1639447176	63984	650.28	444.92	21	6	-1	10.44	10.44
Fixation R	1	14	1639383192	1639447176	63984	650.28	444.92	21	6	-1	10.50	10.50
Saccade L	1	13	1639447176	1639473171	25995	653.32	443.15	552.81	442.96	2.10	145.79	0.54	80.97	5940.89	-5883.45	4230.28
Saccade R	1	13	1639447176	1639473171	25995	653.32	443.15	552.81	442.96	2.10	145.79	0.54	80.97	5940.89	-5883.45	4230.28
Fixation L	1	15	1639473171	1639767282	294111	571.96	434.89	40	23	-1	10.46	10.46
Fixation R	1	15	1639473171	1639767282	294111	571.96	434.89	40	23	-1	10.66	10.66
Blink L	1	1	1639767282	1639958558	191276
Blink R	1	1	1639767282	1639958558	191276
Fixation L	1	16	1639958558	1640043395	84837	892.28	766.53	21	33	-1	9.14	9.14
Fixation R	1	16	1639958558	1640043395	84837	892.28	766.53	21	33	-1	9.27	9.27
Fixation L	1	17	1640073413	1640123740	50327	886.88	812.12	13	8	-1	9.68	9.68
Fixation R	1	17	1640073413	1640123740	50327	886.88	812.12	13	8	-1	9.67	9.67
Saccade L	1	14	1640123740	1640147754	24014	886.06	809.24	917.24	842.80	0.97	59.74	0.41	40.28	2430.19	-2365.64	1742.09
Saccade R	1	14	1640123740	1640147754	24014	886.06	809.24	917.24	842.80	0.97	59.74	0.41	40.28	2430.19	-2365.64	1742.09
Fixation L	1	18	1640147754	1640475632	327878	915.06	844.64	40	35	-1	10.08	10.08
Fixation R	1	18	1640147754	1640475632	327878	915.06	844.64	40	35	-1	9.94	9.94
Saccade L	1	15	1640475632	1640507624	31992	914.68	850.49	876.75	871.69	1.17	72.23	0.69	36.62	2190.23	-1227.39	1199.66
Saccade R	1	15	1640475632	1640507624	31992	914.68	850.49	876.75	871.69	1.17	72.23	0.69	36.62	2190.23	-1227.39	1199.66
Fixation L	1	19	1640529627	1640903861	374234	897.92	894.90	52	69	-1	10.56	10.56
Fixation R	1	19	1640529627	1640903861	374234	897.92	894.90	52	69	-1	10.84	10.84
Fixation L	1	20	1640924380	1641329987	405607	915.93	910.57	33	30	-1	10.83	10.83
Fixation R	1	20	1640924380	1641329987	405607	915.93	910.57	33	30	-1	11.05	11.05
