[BeGaze]
Converted from:	C:\Program Files\SMI\Experiment Suite 360\Experiment Center 2\Results\RC-Attachment-Exp\Deney02-eye_data.idf
Date:	24.02.2012 09:57:51
Version:	BeGaze 3.0.181
Sample Rate:	500
Subject:	Deney02
Description:	Run5

Table Header for Fixations:
Event Type	Trial	Number	Start	End	Duration	Location X	Location Y	Dispersion X	Dispersion Y	Plane	Avg. Pupil Size X	Avg. Pupil Size Y

Table Header for Saccades:
Event Type	Trial	Number	Start	End	Duration	Start Loc.X	Start Loc.Y	End Loc.X	End Loc.Y	Amplitude	Peak Speed	Peak Speed At	Average Speed	Peak Accel.	Peak Decel.	Average Accel.

Table Header for Blinks:
Event Type	Trial	Number	Start	End	Duration

Table Header for User Events:
Event Type	Trial	Number	Start	Description

UserEvent	1	1	3359753288	# Message: Questionnaire18.jpg
Fixation L	1	1	3359755515	3360164881	409366	895.33	949.23	26	44	-1	12.32	12.32
Fixation R	1	1	3359755515	3360164881	409366	895.33	949.23	26	44	-1	12.74	12.74
Saccade L	1	1	3360164881	3360251006	86125	890.86	955.75	522.83	407.63	15.05	344.90	0.26	174.80	14158.74	-8220.23	6013.96
Saccade R	1	1	3360164881	3360251006	86125	890.86	955.75	522.83	407.63	15.05	344.90	0.26	174.80	14158.74	-8220.23	6013.96
Fixation L	1	2	3360251006	3360349055	98049	514.61	409.52	13	18	-1	11.82	11.82
Fixation R	1	2	3360251006	3360349055	98049	514.61	409.52	13	18	-1	12.17	12.17
Saccade L	1	2	3360349055	3360385676	36621	511.24	421.42	435.42	357.13	2.14	117.18	0.38	58.57	4701.47	-4093.80	3078.99
Saccade R	1	2	3360349055	3360385676	36621	511.24	421.42	435.42	357.13	2.14	117.18	0.38	58.57	4701.47	-4093.80	3078.99
Fixation L	1	3	3360385676	3360565112	179436	430.43	366.81	13	23	-1	11.62	11.62
Fixation R	1	3	3360385676	3360565112	179436	430.43	366.81	13	23	-1	12.15	12.15
Saccade L	1	3	3360565112	3360607261	42149	423.83	378.33	541.87	369.75	2.55	118.97	0.31	60.48	4415.35	-2740.91	2472.48
Saccade R	1	3	3360565112	3360607261	42149	423.83	378.33	541.87	369.75	2.55	118.97	0.31	60.48	4415.35	-2740.91	2472.48
Fixation L	1	4	3360607261	3360771236	163975	554.44	369.38	32	21	-1	12.12	12.12
Fixation R	1	4	3360607261	3360771236	163975	554.44	369.38	32	21	-1	12.68	12.68
Saccade L	1	4	3360771236	3360799331	28095	556.96	379.36	679.18	368.68	2.73	202.33	0.56	97.12	7925.71	-7498.11	5585.94
Saccade R	1	4	3360771236	3360799331	28095	556.96	379.36	679.18	368.68	2.73	202.33	0.56	97.12	7925.71	-7498.11	5585.94
Fixation L	1	5	3360799331	3361077347	278016	697.20	365.33	22	24	-1	12.53	12.53
Fixation R	1	5	3360799331	3361077347	278016	697.20	365.33	22	24	-1	13.38	13.38
Saccade L	1	5	3361077347	3361105245	27898	699.53	371.25	787.46	374.79	2.10	147.25	0.50	75.24	5905.52	-5864.43	4188.74
Saccade R	1	5	3361077347	3361105245	27898	699.53	371.25	787.46	374.79	2.10	147.25	0.50	75.24	5905.52	-5864.43	4188.74
Fixation L	1	6	3361105245	3361325464	220219	788.21	365.97	15	34	-1	12.85	12.85
Fixation R	1	6	3361105245	3361325464	220219	788.21	365.97	15	34	-1	13.81	13.81
Saccade L	1	6	3361325464	3361382627	57163	786.35	359.92	637.47	375.14	3.93	172.34	0.49	68.79	6523.80	-5325.90	3555.27
Saccade R	1	6	3361325464	3361382627	57163	786.35	359.92	637.47	375.14	3.93	172.34	0.49	68.79	6523.80	-5325.90	3555.27
Fixation L	1	7	3361382627	3361515581	132954	629.16	370.77	14	16	-1	12.94	12.94
Fixation R	1	7	3361382627	3361515581	132954	629.16	370.77	14	16	-1	13.86	13.86
Saccade L	1	7	3361515581	3361548488	32907	630.78	371.80	613.41	394.35	6.21	238.62	0.44	188.60	11358.53	-10664.61	8642.58
Saccade R	1	7	3361515581	3361548488	32907	630.78	371.80	613.41	394.35	6.21	238.62	0.44	188.60	11358.53	-10664.61	8642.58
Fixation L	1	8	3361548488	3361633575	85087	620.03	373.62	27	39	-1	12.99	12.99
Fixation R	1	8	3361548488	3361633575	85087	620.03	373.62	27	39	-1	13.93	13.93
Saccade L	1	8	3361633575	3361673576	40001	616.87	357.54	733.63	373.31	3.31	178.92	0.30	82.76	6228.54	-6155.68	4030.53
Saccade R	1	8	3361633575	3361673576	40001	616.87	357.54	733.63	373.31	3.31	178.92	0.30	82.76	6228.54	-6155.68	4030.53
Saccade L	1	9	3361815696	3361891711	76015	819.12	545.93	1076.12	548.45	6.76	228.78	0.59	88.97	8351.67	-6229.04	3692.30
Saccade R	1	9	3361815696	3361891711	76015	819.12	545.93	1076.12	548.45	6.76	228.78	0.59	88.97	8351.67	-6229.04	3692.30
Saccade L	1	10	3361931681	3361961720	30039	1064.30	549.15	889.19	354.13	5.97	444.34	0.60	198.91	16947.90	-16935.93	12263.67
Saccade R	1	10	3361931681	3361961720	30039	1064.30	549.15	889.19	354.13	5.97	444.34	0.60	198.91	16947.90	-16935.93	12263.67
Saccade L	1	11	3361975686	3362013834	38148	884.71	362.55	884.66	466.25	2.72	172.39	0.42	71.18	6119.08	-5839.65	4100.88
Saccade R	1	11	3361975686	3362013834	38148	884.71	362.55	884.66	466.25	2.72	172.39	0.42	71.18	6119.08	-5839.65	4100.88
Saccade L	1	12	3362068298	3362101801	33503	900.63	527.33	895.04	357.79	3.19	244.79	0.22	95.14	5647.64	-7840.91	3810.32
Saccade R	1	12	3362068298	3362101801	33503	900.63	527.33	895.04	357.79	3.19	244.79	0.22	95.14	5647.64	-7840.91	3810.32
Fixation L	1	9	3362101801	3362226735	124934	887.46	357.36	22	14	-1	12.87	12.87
Fixation R	1	9	3362101801	3362226735	124934	887.46	357.36	22	14	-1	13.72	13.72
Fixation L	1	10	3362325929	3362397920	71991	403.96	517.23	28	16	-1	12.96	12.96
Fixation R	1	10	3362325929	3362397920	71991	403.96	517.23	28	16	-1	13.49	13.49
Saccade L	1	13	3362434111	3362465326	31215	385.61	513.77	400.27	439.71	1.95	142.65	0.64	62.50	4859.17	-3893.92	2921.45
Blink R	1	1	3362434111	3362519929	85818
Saccade L	1	14	3362496269	3362519929	23660	411.85	433.51	364.92	415.21	0.87	60.50	0.49	36.93	2216.52	-1873.14	1463.26
Fixation L	1	11	3362519929	3362760031	240102	373.52	418.66	27	38	-1	12.74	12.74
Fixation R	1	11	3362519929	3362760031	240102	373.52	418.66	27	38	-1	0.00	0.00
Saccade L	1	15	3362760031	3362783699	23668	363.08	423.90	394.31	439.29	0.73	40.20	0.42	30.93	1169.25	-896.17	771.53
Blink R	1	2	3362760031	3362884145	124114
Fixation L	1	12	3362783699	3362860150	76451	382.33	437.80	34	23	-1	12.73	12.73
Blink L	1	1	3362860150	3363480906	620756
Fixation R	1	12	3362884145	3363263514	379369	0.00	0.00	0	0	-1	0.00	0.00
UserEvent	1	84	3363070720	# Message: UE-mouseclick left x=410 y=437
Saccade R	1	13	3363263514	3363480906	217392	0.00	0.00	379.18	362.84	101.40	1006.39	0.94	466.44	38404.63	-38029.33	26712.52
Fixation L	1	13	3363480906	3363686490	205584	384.97	381.54	10	51	-1	12.61	12.61
Fixation R	1	13	3363480906	3363686490	205584	384.97	381.54	10	51	-1	13.48	13.48
Saccade L	1	16	3363686490	3363713696	27206	386.60	382.69	385.83	434.25	1.02	59.17	0.47	37.35	1956.10	-1876.97	1305.17
Saccade R	1	14	3363686490	3363713696	27206	386.60	382.69	385.83	434.25	1.02	59.17	0.47	37.35	1956.10	-1876.97	1305.17
Fixation L	1	14	3363713696	3363850482	136786	387.63	451.05	17	24	-1	12.74	12.74
Fixation R	1	14	3363713696	3363850482	136786	387.63	451.05	17	24	-1	13.43	13.43
UserEvent	1	101	3363767401	# Message: UE-mouseclick left x=412 y=529
