[BeGaze]
Converted from:	C:\Program Files\SMI\Experiment Suite 360\Experiment Center 2\Results\RC-Attachment-Exp\P10-eye_data.idf
Date:	18.03.2012 20:08:30
Version:	BeGaze 3.0.181
Sample Rate:	500
Subject:	P10
Description:	Run15

Table Header for Fixations:
Event Type	Trial	Number	Start	End	Duration	Location X	Location Y	Dispersion X	Dispersion Y	Plane	Avg. Pupil Size X	Avg. Pupil Size Y

Table Header for Saccades:
Event Type	Trial	Number	Start	End	Duration	Start Loc.X	Start Loc.Y	End Loc.X	End Loc.Y	Amplitude	Peak Speed	Peak Speed At	Average Speed	Peak Accel.	Peak Decel.	Average Accel.

Table Header for Blinks:
Event Type	Trial	Number	Start	End	Duration

Table Header for User Events:
Event Type	Trial	Number	Start	Description

UserEvent	1	1	8562409683	# Message: RC-nonforced-nonanim-5.jpg
Fixation L	1	1	8562467525	8562703333	235808	511.78	453.38	36	57	-1	10.00	10.00
Fixation R	1	1	8562467525	8562703333	235808	511.78	453.38	36	57	-1	9.75	9.75
Saccade L	1	1	8562703333	8562737397	34064	510.07	416.86	574.96	435.44	1.53	91.19	0.35	44.99	3472.09	-3066.03	2124.72
Saccade R	1	1	8562703333	8562737397	34064	510.07	416.86	574.96	435.44	1.53	91.19	0.35	44.99	3472.09	-3066.03	2124.72
Fixation L	1	2	8562737397	8562847398	110001	570.88	440.98	34	11	-1	10.17	10.17
Fixation R	1	2	8562737397	8562847398	110001	570.88	440.98	34	11	-1	10.01	10.01
Saccade L	1	2	8562847398	8562875408	28010	556.17	442.80	653.12	435.19	2.19	153.89	0.51	78.36	6367.66	-5750.18	4373.81
Saccade R	1	2	8562847398	8562875408	28010	556.17	442.80	653.12	435.19	2.19	153.89	0.51	78.36	6367.66	-5750.18	4373.81
Fixation L	1	3	8562951420	8563091512	140092	678.67	430.60	28	55	-1	10.24	10.24
Fixation R	1	3	8562951420	8563091512	140092	678.67	430.60	28	55	-1	10.26	10.26
Saccade L	1	3	8563091512	8563123511	31999	664.69	428.19	805.72	440.33	3.12	191.43	0.50	97.37	7863.84	-7852.82	5732.61
Saccade R	1	3	8563091512	8563123511	31999	664.69	428.19	805.72	440.33	3.12	191.43	0.50	97.37	7863.84	-7852.82	5732.61
Fixation L	1	4	8563123511	8563197524	74013	804.05	431.03	12	13	-1	10.21	10.21
Fixation R	1	4	8563123511	8563197524	74013	804.05	431.03	12	13	-1	10.14	10.14
Fixation L	1	5	8563235515	8563345640	110125	811.23	443.44	9	18	-1	10.22	10.22
Fixation R	1	5	8563235515	8563345640	110125	811.23	443.44	9	18	-1	10.28	10.28
Saccade L	1	4	8563345640	8563385637	39997	810.62	452.25	901.13	463.59	3.51	169.78	0.50	87.66	5915.59	-6265.37	4513.07
Saccade R	1	4	8563345640	8563385637	39997	810.62	452.25	901.13	463.59	3.51	169.78	0.50	87.66	5915.59	-6265.37	4513.07
Saccade L	1	5	8563427644	8563473629	45985	878.44	447.41	878.69	454.10	3.63	145.92	0.78	78.91	4965.08	-4763.74	2081.23
Saccade R	1	5	8563427644	8563473629	45985	878.44	447.41	878.69	454.10	3.63	145.92	0.78	78.91	4965.08	-4763.74	2081.23
Fixation L	1	6	8563473629	8563539756	66127	882.77	465.76	8	19	-1	10.33	10.33
Fixation R	1	6	8563473629	8563539756	66127	882.77	465.76	8	19	-1	10.12	10.12
Saccade L	1	6	8563539756	8563571754	31998	881.92	468.04	970.07	458.68	2.35	139.60	0.50	73.36	5711.11	-5509.13	4046.40
Saccade R	1	6	8563539756	8563571754	31998	881.92	468.04	970.07	458.68	2.35	139.60	0.50	73.36	5711.11	-5509.13	4046.40
Fixation L	1	7	8563641753	8563771781	130028	970.73	458.29	21	82	-1	10.25	10.25
Fixation R	1	7	8563641753	8563771781	130028	970.73	458.29	21	82	-1	10.11	10.11
Saccade L	1	7	8563771781	8563799772	27991	955.69	445.00	1080.40	445.38	2.70	196.35	0.43	96.37	7761.98	-7945.68	5712.37
Saccade R	1	7	8563771781	8563799772	27991	955.69	445.00	1080.40	445.38	2.70	196.35	0.43	96.37	7761.98	-7945.68	5712.37
Fixation L	1	8	8563799772	8564043910	244138	1083.66	434.38	24	31	-1	10.29	10.29
Fixation R	1	8	8563799772	8564043910	244138	1083.66	434.38	24	31	-1	10.25	10.25
Saccade L	1	8	8564043910	8564065999	22089	1081.32	418.14	1136.83	436.74	1.14	85.26	0.55	51.70	3040.20	-3072.19	2101.10
Saccade R	1	8	8564043910	8564065999	22089	1081.32	418.14	1136.83	436.74	1.14	85.26	0.55	51.70	3040.20	-3072.19	2101.10
Fixation L	1	9	8564065999	8564156118	90119	1138.22	438.23	22	25	-1	10.43	10.43
Fixation R	1	9	8564065999	8564156118	90119	1138.22	438.23	22	25	-1	10.35	10.35
Saccade L	1	9	8564156118	8564179588	23470	1130.26	448.34	1171.85	457.66	0.99	69.58	0.42	42.26	2799.90	50.93	1088.21
Saccade R	1	9	8564156118	8564179588	23470	1130.26	448.34	1171.85	457.66	0.99	69.58	0.42	42.26	2799.90	50.93	1088.21
Saccade L	1	10	8564179588	8564205990	26402	1171.85	457.66	1184.97	542.72	2.06	169.40	0.47	78.13	4185.78	-5897.16	3460.62
Saccade R	1	10	8564179588	8564205990	26402	1171.85	457.66	1184.97	542.72	2.06	169.40	0.47	78.13	4185.78	-5897.16	3460.62
Saccade L	1	11	8564215992	8564268005	52013	1186.59	544.59	630.37	429.62	15.08	634.14	0.56	289.92	26744.44	-26139.20	18588.50
Saccade R	1	11	8564215992	8564268005	52013	1186.59	544.59	630.37	429.62	15.08	634.14	0.56	289.92	26744.44	-26139.20	18588.50
Fixation L	1	10	8564268005	8564442111	174106	628.44	434.35	93	29	-1	10.78	10.78
Fixation R	1	10	8564268005	8564442111	174106	628.44	434.35	93	29	-1	10.57	10.57
Saccade L	1	12	8564442111	8564488110	45999	650.78	445.52	1143.78	435.45	11.12	408.93	0.40	241.73	17804.69	-16311.28	12387.10
Saccade R	1	12	8564442111	8564488110	45999	650.78	445.52	1143.78	435.45	11.12	408.93	0.40	241.73	17804.69	-16311.28	12387.10
Fixation L	1	11	8564488110	8564666578	178468	1139.39	444.38	23	26	-1	10.72	10.72
Fixation R	1	11	8564488110	8564666578	178468	1139.39	444.38	23	26	-1	10.85	10.85
Saccade L	1	13	8564684242	8564708107	23865	1157.33	539.03	1157.12	431.32	1.26	102.56	0.34	52.74	1290.94	-2963.18	1475.53
Saccade R	1	13	8564684242	8564708107	23865	1157.33	539.03	1157.12	431.32	1.26	102.56	0.34	52.74	1290.94	-2963.18	1475.53
Fixation L	1	12	8564750441	8564886348	135907	1178.45	428.25	26	38	-1	10.77	10.77
Fixation R	1	12	8564750441	8564886348	135907	1178.45	428.25	26	38	-1	10.84	10.84
Fixation L	1	13	8564922353	8565044613	122260	1174.63	435.02	24	19	-1	10.71	10.71
Fixation R	1	13	8564922353	8565044613	122260	1174.63	435.02	24	19	-1	10.69	10.69
Saccade L	1	14	8565044613	8565116349	71736	1173.84	435.93	818.76	936.52	15.71	487.20	0.34	219.04	21309.53	-15375.54	11218.85
Saccade R	1	14	8565044613	8565116349	71736	1173.84	435.93	818.76	936.52	15.71	487.20	0.34	219.04	21309.53	-15375.54	11218.85
Saccade L	1	15	8565206470	8565235488	29018	824.51	921.36	858.27	958.73	1.20	65.90	0.69	41.39	1973.77	55.73	931.65
Saccade R	1	15	8565206470	8565235488	29018	824.51	921.36	858.27	958.73	1.20	65.90	0.69	41.39	1973.77	55.73	931.65
Saccade L	1	16	8565274626	8565308468	33842	823.87	950.65	872.64	862.21	2.42	132.74	0.47	71.61	5411.13	-4988.12	3802.24
Saccade R	1	16	8565274626	8565308468	33842	823.87	950.65	872.64	862.21	2.42	132.74	0.47	71.61	5411.13	-4988.12	3802.24
Saccade L	1	17	8565344737	8565388483	43746	852.97	848.39	830.34	883.89	2.19	135.73	0.64	50.11	3500.47	-4221.25	2049.57
Saccade R	1	17	8565344737	8565388483	43746	852.97	848.39	830.34	883.89	2.19	135.73	0.64	50.11	3500.47	-4221.25	2049.57
Blink L	1	1	8565446601	8565478586	31985
Blink R	1	1	8565446601	8565478586	31985
Saccade L	1	18	8565478586	8565501474	22888	0.00	0.00	852.42	862.64	18.03	1934.39	0.35	787.73	46594.21	-72955.44	40592.98
Saccade R	1	18	8565478586	8565501474	22888	0.00	0.00	852.42	862.64	18.03	1934.39	0.35	787.73	46594.21	-72955.44	40592.98
Saccade L	1	19	8565510790	8565532768	21978	855.86	865.16	782.60	859.96	1.45	119.17	0.45	65.80	3951.55	-1343.83	1915.90
Saccade R	1	19	8565510790	8565532768	21978	855.86	865.16	782.60	859.96	1.45	119.17	0.45	65.80	3951.55	-1343.83	1915.90
Saccade L	1	20	8565537951	8565583061	45110	784.62	859.63	835.06	775.42	3.40	218.95	0.24	75.35	7733.56	-6093.88	3562.44
Saccade R	1	20	8565537951	8565583061	45110	784.62	859.63	835.06	775.42	3.40	218.95	0.24	75.35	7733.56	-6093.88	3562.44
Saccade L	1	21	8565586613	8565631238	44625	837.57	776.90	1101.60	884.46	7.59	390.68	0.27	169.99	14396.74	-13125.69	8966.79
Saccade R	1	21	8565586613	8565631238	44625	837.57	776.90	1101.60	884.46	7.59	390.68	0.27	169.99	14396.74	-13125.69	8966.79
Saccade L	1	22	8565686748	8565727242	40494	1084.21	909.98	1056.43	892.22	2.98	156.77	0.69	73.53	3444.10	-3257.22	2054.28
Saccade R	1	22	8565686748	8565727242	40494	1084.21	909.98	1056.43	892.22	2.98	156.77	0.69	73.53	3444.10	-3257.22	2054.28
Saccade L	1	23	8565727242	8565753962	26720	1056.43	892.22	1078.55	914.75	1.05	61.06	0.51	39.24	-348.20	-3172.74	1375.13
Saccade R	1	23	8565727242	8565753962	26720	1056.43	892.22	1078.55	914.75	1.05	61.06	0.51	39.24	-348.20	-3172.74	1375.13
Fixation L	1	14	8565753962	8565846702	92740	1067.32	907.41	19	25	-1	10.42	10.42
Fixation R	1	14	8565753962	8565846702	92740	1067.32	907.41	19	25	-1	10.34	10.34
Saccade L	1	24	8565846702	8565896926	50224	1062.10	917.74	847.28	892.05	6.37	359.73	0.32	126.76	14643.52	-12799.30	7433.76
Saccade R	1	24	8565846702	8565896926	50224	1062.10	917.74	847.28	892.05	6.37	359.73	0.32	126.76	14643.52	-12799.30	7433.76
Fixation L	1	15	8565896926	8565946969	50043	826.64	899.39	28	24	-1	10.27	10.27
Fixation R	1	15	8565896926	8565946969	50043	826.64	899.39	28	24	-1	10.41	10.41
Saccade L	1	25	8565946969	8566024824	77855	820.79	913.28	831.75	853.86	5.63	155.71	0.62	72.26	4184.67	-4664.43	2490.12
Saccade R	1	25	8565946969	8566024824	77855	820.79	913.28	831.75	853.86	5.63	155.71	0.62	72.26	4184.67	-4664.43	2490.12
Saccade L	1	26	8566024824	8566046826	22002	831.75	853.86	785.18	883.52	1.16	85.78	0.55	52.68	1451.68	-85.95	592.65
Saccade R	1	26	8566024824	8566046826	22002	831.75	853.86	785.18	883.52	1.16	85.78	0.55	52.68	1451.68	-85.95	592.65
Saccade L	1	27	8566212950	8566242827	29877	858.58	836.25	833.15	802.22	0.94	45.32	0.60	31.44	650.89	-827.17	449.24
Saccade R	1	27	8566212950	8566242827	29877	858.58	836.25	833.15	802.22	0.94	45.32	0.60	31.44	650.89	-827.17	449.24
Saccade L	1	28	8566246951	8566372949	125998	834.57	799.73	832.61	851.00	7.16	169.18	0.29	56.86	4483.17	-4087.20	1737.51
Saccade R	1	28	8566246951	8566372949	125998	834.57	799.73	832.61	851.00	7.16	169.18	0.29	56.86	4483.17	-4087.20	1737.51
Saccade L	1	29	8566404939	8566430944	26005	827.14	837.83	825.21	904.54	1.48	101.64	0.48	56.77	3724.62	-4065.27	2632.89
Saccade R	1	29	8566404939	8566430944	26005	827.14	837.83	825.21	904.54	1.48	101.64	0.48	56.77	3724.62	-4065.27	2632.89
Saccade L	1	30	8566446944	8566474957	28013	821.38	905.97	721.67	837.21	2.65	195.44	0.44	94.50	7688.04	-7589.33	5485.06
Saccade R	1	30	8566446944	8566474957	28013	821.38	905.97	721.67	837.21	2.65	195.44	0.44	94.50	7688.04	-7589.33	5485.06
Saccade L	1	31	8566484941	8566551064	66123	721.80	831.97	798.71	820.79	2.23	45.38	0.55	33.73	1319.59	-892.44	540.83
Saccade R	1	31	8566484941	8566551064	66123	721.80	831.97	798.71	820.79	2.23	45.38	0.55	33.73	1319.59	-892.44	540.83
Fixation L	1	16	8566551064	8566633062	81998	794.79	816.09	34	12	-1	10.29	10.29
Fixation R	1	16	8566551064	8566633062	81998	794.79	816.09	34	12	-1	10.49	10.49
Saccade L	1	32	8566633062	8566659092	26030	772.78	813.92	835.44	807.71	1.31	87.94	0.38	50.25	3244.10	-3325.62	2302.00
Saccade R	1	32	8566633062	8566659092	26030	772.78	813.92	835.44	807.71	1.31	87.94	0.38	50.25	3244.10	-3325.62	2302.00
Saccade L	1	33	8566669063	8566713172	44109	836.93	808.97	750.97	826.26	1.79	49.67	0.27	40.58	4618.34	-544.76	1160.82
Saccade R	1	33	8566669063	8566713172	44109	836.93	808.97	750.97	826.26	1.79	49.67	0.27	40.58	4618.34	-544.76	1160.82
Saccade L	1	34	8566713172	8566739118	25946	750.97	826.26	850.76	833.98	2.17	167.27	0.46	83.62	4692.73	-4793.50	3273.80
Saccade R	1	34	8566713172	8566739118	25946	750.97	826.26	850.76	833.98	2.17	167.27	0.46	83.62	4692.73	-4793.50	3273.80
Saccade L	1	35	8566739118	8566775190	36072	850.76	833.98	788.15	871.91	1.56	66.22	0.50	43.21	1588.01	-4162.59	1392.11
Saccade R	1	35	8566739118	8566775190	36072	850.76	833.98	788.15	871.91	1.56	66.22	0.50	43.21	1588.01	-4162.59	1392.11
Saccade L	1	36	8566783875	8566807188	23313	789.39	875.99	865.88	861.11	1.75	135.43	0.40	75.14	4160.05	-4681.06	3097.55
Saccade R	1	36	8566783875	8566807188	23313	789.39	875.99	865.88	861.11	1.75	135.43	0.40	75.14	4160.05	-4681.06	3097.55
Fixation L	1	17	8566807188	8566913180	105992	852.15	857.47	23	20	-1	10.57	10.57
Fixation R	1	17	8566807188	8566913180	105992	852.15	857.47	23	20	-1	10.83	10.83
Saccade L	1	37	8566913180	8566942862	29682	856.35	850.91	780.68	869.00	1.89	113.57	0.40	63.81	4531.16	-4179.18	3122.45
Saccade R	1	37	8566913180	8566942862	29682	856.35	850.91	780.68	869.00	1.89	113.57	0.40	63.81	4531.16	-4179.18	3122.45
Saccade L	1	38	8566967183	8567041303	74120	781.13	852.17	834.01	912.60	3.07	105.46	0.54	41.37	2603.42	-2947.71	1230.28
Saccade R	1	38	8566967183	8567041303	74120	781.13	852.17	834.01	912.60	3.07	105.46	0.54	41.37	2603.42	-2947.71	1230.28
Saccade L	1	39	8567091301	8567139300	47999	765.94	873.00	843.14	818.20	3.18	161.99	0.59	66.30	4938.46	-5379.29	2993.90
Saccade R	1	39	8567091301	8567139300	47999	765.94	873.00	843.14	818.20	3.18	161.99	0.59	66.30	4938.46	-5379.29	2993.90
Saccade L	1	40	8567139300	8567179313	40013	843.14	818.20	759.82	843.26	1.86	70.22	0.50	46.61	3276.85	-1907.56	1397.30
Saccade R	1	40	8567139300	8567179313	40013	843.14	818.20	759.82	843.26	1.86	70.22	0.50	46.61	3276.85	-1907.56	1397.30
Saccade L	1	41	8567179313	8567203298	23985	759.82	843.26	854.96	852.23	1.90	148.21	0.42	79.04	3695.79	-3957.37	2595.46
Saccade R	1	41	8567179313	8567203298	23985	759.82	843.26	854.96	852.23	1.90	148.21	0.42	79.04	3695.79	-3957.37	2595.46
Saccade L	1	42	8567207465	8567273305	65840	840.60	852.26	740.01	860.36	3.26	89.35	0.70	49.45	1952.55	-3050.56	1205.55
Saccade R	1	42	8567207465	8567273305	65840	840.60	852.26	740.01	860.36	3.26	89.35	0.70	49.45	1952.55	-3050.56	1205.55
Saccade L	1	43	8567277303	8567303424	26121	740.88	861.33	754.22	943.17	2.00	159.20	0.46	76.42	4194.74	-4403.68	3146.54
Saccade R	1	43	8567277303	8567303424	26121	740.88	861.33	754.22	943.17	2.00	159.20	0.46	76.42	4194.74	-4403.68	3146.54
Saccade L	1	44	8567307422	8567357704	50282	758.90	941.26	783.88	860.86	2.94	118.05	0.24	58.55	2565.80	-2215.75	1356.29
Saccade R	1	44	8567307422	8567357704	50282	758.90	941.26	783.88	860.86	2.94	118.05	0.24	58.55	2565.80	-2215.75	1356.29
Saccade L	1	45	8567449418	8567497417	47999	882.79	847.73	867.62	858.45	2.75	132.92	0.42	57.36	4175.93	-1989.28	1658.61
Saccade R	1	45	8567449418	8567497417	47999	882.79	847.73	867.62	858.45	2.75	132.92	0.42	57.36	4175.93	-1989.28	1658.61
Fixation L	1	18	8567515436	8567577540	62104	853.11	929.68	21	13	-1	11.07	11.07
Fixation R	1	18	8567515436	8567577540	62104	853.11	929.68	21	13	-1	10.69	10.69
Saccade L	1	46	8567577540	8567628910	51370	841.74	925.66	831.60	890.88	10.10	426.47	0.39	196.58	19744.35	-18270.93	13042.38
Saccade R	1	46	8567577540	8567628910	51370	841.74	925.66	831.60	890.88	10.10	426.47	0.39	196.58	19744.35	-18270.93	13042.38
Saccade L	1	47	8567709860	8567739567	29707	843.00	870.59	835.24	928.10	1.31	86.35	0.26	44.24	1684.86	-2765.29	1317.40
Saccade R	1	47	8567709860	8567739567	29707	843.00	870.59	835.24	928.10	1.31	86.35	0.26	44.24	1684.86	-2765.29	1317.40
Saccade L	1	48	8567839702	8567867659	27957	869.83	904.50	931.41	921.16	1.56	93.48	0.59	55.95	2840.69	-3489.55	2082.42
Saccade R	1	48	8567839702	8567867659	27957	869.83	904.50	931.41	921.16	1.56	93.48	0.59	55.95	2840.69	-3489.55	2082.42
Saccade L	1	49	8567884845	8567906173	21328	928.06	916.48	885.42	930.47	0.84	59.38	0.51	39.29	2254.73	-2207.77	1537.66
Saccade R	1	49	8567884845	8567906173	21328	928.06	916.48	885.42	930.47	0.84	59.38	0.51	39.29	2254.73	-2207.77	1537.66
Fixation L	1	19	8567906173	8567997661	91488	903.24	938.15	58	16	-1	10.74	10.74
Fixation R	1	19	8567906173	8567997661	91488	903.24	938.15	58	16	-1	10.66	10.66
Saccade L	1	50	8567997661	8568029588	31927	941.32	946.24	912.58	921.91	1.79	114.34	0.69	55.99	3700.87	-3261.57	2085.50
Saccade R	1	50	8567997661	8568029588	31927	941.32	946.24	912.58	921.91	1.79	114.34	0.69	55.99	3700.87	-3261.57	2085.50
Saccade L	1	51	8568053839	8568085659	31820	913.29	821.99	913.65	821.09	10.14	489.42	0.75	318.82	18924.81	-19842.70	15613.44
Saccade R	1	51	8568053839	8568085659	31820	913.29	821.99	913.65	821.09	10.14	489.42	0.75	318.82	18924.81	-19842.70	15613.44
Fixation L	1	20	8568085659	8568271785	186126	904.30	932.78	49	141	-1	10.92	10.92
Fixation R	1	20	8568085659	8568271785	186126	904.30	932.78	49	141	-1	10.93	10.93
Saccade L	1	52	8568271785	8568301819	30034	898.96	904.14	880.89	966.74	1.43	80.46	0.40	47.71	3207.54	-2805.72	2216.99
Saccade R	1	52	8568271785	8568301819	30034	898.96	904.14	880.89	966.74	1.43	80.46	0.40	47.71	3207.54	-2805.72	2216.99
Fixation L	1	21	8568301819	8568427902	126083	883.25	954.93	20	43	-1	11.51	11.51
Fixation R	1	21	8568301819	8568427902	126083	883.25	954.93	20	43	-1	11.51	11.51
Saccade L	1	53	8568427902	8568455903	28001	880.29	928.16	908.59	966.78	1.00	48.94	0.57	35.68	1629.52	-1329.70	1098.18
Saccade R	1	53	8568427902	8568455903	28001	880.29	928.16	908.59	966.78	1.00	48.94	0.57	35.68	1629.52	-1329.70	1098.18
Fixation L	1	22	8568455903	8568535893	79990	896.19	960.51	20	14	-1	11.06	11.06
Fixation R	1	22	8568455903	8568535893	79990	896.19	960.51	20	14	-1	10.87	10.87
Saccade L	1	54	8568535893	8568561912	26019	908.74	966.98	889.62	920.98	0.94	51.74	0.48	36.15	1757.28	-1614.07	1263.32
Saccade R	1	54	8568535893	8568561912	26019	908.74	966.98	889.62	920.98	0.94	51.74	0.48	36.15	1757.28	-1614.07	1263.32
Fixation L	1	23	8568561912	8568625065	63153	890.84	946.62	24	56	-1	11.56	11.56
Fixation R	1	23	8568561912	8568625065	63153	890.84	946.62	24	56	-1	11.56	11.56
