[BeGaze]
Converted from:	C:\Program Files\SMI\Experiment Suite 360\Experiment Center 2\Results\RC-Attachment-Exp\P32-eye_data.idf
Date:	18.03.2012 20:28:51
Version:	BeGaze 3.0.181
Sample Rate:	500
Subject:	P32
Description:	Run37

Table Header for Fixations:
Event Type	Trial	Number	Start	End	Duration	Location X	Location Y	Dispersion X	Dispersion Y	Plane	Avg. Pupil Size X	Avg. Pupil Size Y

Table Header for Saccades:
Event Type	Trial	Number	Start	End	Duration	Start Loc.X	Start Loc.Y	End Loc.X	End Loc.Y	Amplitude	Peak Speed	Peak Speed At	Average Speed	Peak Accel.	Peak Decel.	Average Accel.

Table Header for Blinks:
Event Type	Trial	Number	Start	End	Duration

Table Header for User Events:
Event Type	Trial	Number	Start	Description

UserEvent	1	1	6271471491	# Message: RC-N2forced-anim-6.jpg
Fixation L	1	1	6271472457	6271797615	325158	515.14	470.00	68	62	-1	14.46	14.46
Fixation R	1	1	6271472457	6271797615	325158	515.14	470.00	68	62	-1	15.20	15.20
Saccade L	1	1	6271797615	6271837762	40147	478.46	484.67	516.43	462.98	1.27	45.90	0.37	31.69	1177.40	-1027.32	862.11
Saccade R	1	1	6271797615	6271837762	40147	478.46	484.67	516.43	462.98	1.27	45.90	0.37	31.69	1177.40	-1027.32	862.11
Fixation L	1	2	6271837762	6272081758	243996	509.79	465.77	13	14	-1	14.57	14.57
Fixation R	1	2	6271837762	6272081758	243996	509.79	465.77	13	14	-1	15.31	15.31
Saccade L	1	2	6272081758	6272109770	28012	505.14	461.27	544.55	442.58	0.91	47.05	0.44	32.59	1871.86	-1687.63	1308.08
Saccade R	1	2	6272081758	6272109770	28012	505.14	461.27	544.55	442.58	0.91	47.05	0.44	32.59	1871.86	-1687.63	1308.08
Fixation L	1	3	6272109770	6272449891	340121	538.75	440.69	46	21	-1	14.46	14.46
Fixation R	1	3	6272109770	6272449891	340121	538.75	440.69	46	21	-1	15.23	15.23
Saccade L	1	3	6272449891	6272483949	34058	541.10	447.45	624.78	443.77	1.81	93.32	0.41	53.21	3955.81	-3466.04	2726.33
Saccade R	1	3	6272449891	6272483949	34058	541.10	447.45	624.78	443.77	1.81	93.32	0.41	53.21	3955.81	-3466.04	2726.33
Fixation L	1	4	6272483949	6272681952	198003	616.65	442.47	33	9	-1	13.99	13.99
Fixation R	1	4	6272483949	6272681952	198003	616.65	442.47	33	9	-1	14.78	14.78
Saccade L	1	4	6272681952	6272734158	52206	611.05	442.88	654.07	469.60	1.75	55.05	0.54	33.48	1201.91	-1515.46	922.97
Saccade R	1	4	6272681952	6272734158	52206	611.05	442.88	654.07	469.60	1.75	55.05	0.54	33.48	1201.91	-1515.46	922.97
Saccade L	1	5	6272748094	6272778062	29968	661.39	466.41	643.02	430.81	0.88	40.04	0.53	29.44	1089.47	-1528.79	912.68
Saccade R	1	5	6272748094	6272778062	29968	661.39	466.41	643.02	430.81	0.88	40.04	0.53	29.44	1089.47	-1528.79	912.68
Fixation L	1	5	6272778062	6272866061	87999	645.98	428.06	20	30	-1	13.76	13.76
Fixation R	1	5	6272778062	6272866061	87999	645.98	428.06	20	30	-1	14.53	14.53
Saccade L	1	6	6272866061	6272900262	34201	661.03	447.23	710.16	446.76	1.18	57.22	0.70	34.50	1600.18	-1861.09	1138.96
Saccade R	1	6	6272866061	6272900262	34201	661.03	447.23	710.16	446.76	1.18	57.22	0.70	34.50	1600.18	-1861.09	1138.96
Fixation L	1	6	6272900262	6273108181	207919	716.14	453.88	41	34	-1	13.64	13.64
Fixation R	1	6	6272900262	6273108181	207919	716.14	453.88	41	34	-1	14.50	14.50
Saccade L	1	7	6273108181	6273142176	33995	703.46	441.91	719.85	408.72	0.97	40.05	0.35	28.58	1085.23	-843.68	652.92
Saccade R	1	7	6273108181	6273142176	33995	703.46	441.91	719.85	408.72	0.97	40.05	0.35	28.58	1085.23	-843.68	652.92
Fixation L	1	7	6273142176	6273386290	244114	759.61	431.83	68	44	-1	13.57	13.57
Fixation R	1	7	6273142176	6273386290	244114	759.61	431.83	68	44	-1	14.26	14.26
Saccade L	1	8	6273386290	6273422315	36025	770.50	407.86	845.81	420.45	1.64	84.26	0.33	45.53	3160.29	-2755.64	2069.79
Saccade R	1	8	6273386290	6273422315	36025	770.50	407.86	845.81	420.45	1.64	84.26	0.33	45.53	3160.29	-2755.64	2069.79
Fixation L	1	8	6273422315	6273668410	246095	842.58	427.40	22	33	-1	13.37	13.37
Fixation R	1	8	6273422315	6273668410	246095	842.58	427.40	22	33	-1	14.06	14.06
Saccade L	1	9	6273668410	6273702405	33995	832.15	408.77	879.48	442.39	1.35	70.90	0.29	39.75	2577.74	-1880.88	1413.01
Saccade R	1	9	6273668410	6273702405	33995	832.15	408.77	879.48	442.39	1.35	70.90	0.29	39.75	2577.74	-1880.88	1413.01
Blink L	1	1	6273708412	6273844579	136167
Blink R	1	1	6273708412	6273844579	136167
Saccade L	1	10	6273844579	6273910563	65984	977.03	297.16	890.82	429.47	5.13	198.21	0.36	77.74	2852.57	-25215.84	4599.17
Saccade R	1	10	6273844579	6273910563	65984	977.03	297.16	890.82	429.47	5.13	198.21	0.36	77.74	2852.57	-25215.84	4599.17
Fixation L	1	9	6273910563	6274022300	111737	905.34	444.37	31	22	-1	13.39	13.39
Fixation R	1	9	6273910563	6274022300	111737	905.34	444.37	31	22	-1	13.92	13.92
Saccade L	1	11	6274092691	6274122549	29858	946.56	437.18	1019.05	438.02	1.66	99.40	0.53	55.54	4145.42	-4015.41	2951.94
Saccade R	1	11	6274092691	6274122549	29858	946.56	437.18	1019.05	438.02	1.66	99.40	0.53	55.54	4145.42	-4015.41	2951.94
Fixation L	1	10	6274122549	6274522759	400210	1013.67	443.30	46	39	-1	13.84	13.84
Fixation R	1	10	6274122549	6274522759	400210	1013.67	443.30	46	39	-1	14.67	14.67
Saccade L	1	12	6274522759	6274550756	27997	1011.63	465.18	1087.82	468.26	1.61	98.90	0.43	57.48	4174.42	-3793.46	2817.35
Saccade R	1	12	6274522759	6274550756	27997	1011.63	465.18	1087.82	468.26	1.61	98.90	0.43	57.48	4174.42	-3793.46	2817.35
Fixation L	1	11	6274550756	6274786877	236121	1101.35	444.13	56	37	-1	13.88	13.88
Fixation R	1	11	6274550756	6274786877	236121	1101.35	444.13	56	37	-1	14.69	14.69
Saccade L	1	13	6274786877	6274828167	41290	1136.77	456.35	0.00	0.00	28.35	2032.87	0.68	686.70	70517.38	-76411.59	44018.20
Saccade R	1	13	6274786877	6274828167	41290	1136.77	456.35	0.00	0.00	28.35	2032.87	0.68	686.70	70517.38	-76411.59	44018.20
Blink L	1	2	6274840921	6274979229	138308
Blink R	1	2	6274840921	6274979229	138308
Saccade L	1	14	6274989897	6275025110	35213	960.47	900.77	914.29	807.06	2.56	140.37	0.43	72.66	5534.31	-3683.92	2516.99
Saccade R	1	14	6274989897	6275025110	35213	960.47	900.77	914.29	807.06	2.56	140.37	0.43	72.66	5534.31	-3683.92	2516.99
Saccade L	1	15	6275037031	6275090458	53427	855.07	920.72	864.63	956.18	4.46	173.41	0.34	83.54	1840.96	-5541.54	2143.61
Saccade R	1	15	6275037031	6275090458	53427	855.07	920.72	864.63	956.18	4.46	173.41	0.34	83.54	1840.96	-5541.54	2143.61
Fixation L	1	12	6275090458	6275589251	498793	897.44	960.70	64	32	-1	14.62	14.62
Fixation R	1	12	6275090458	6275589251	498793	897.44	960.70	64	32	-1	15.47	15.47
