[BeGaze]
Converted from:	C:\Program Files\SMI\Experiment Suite 360\Experiment Center 2\Results\RC-Attachment-Exp\P04-eye_data.idf
Date:	24.02.2012 09:58:27
Version:	BeGaze 3.0.181
Sample Rate:	500
Subject:	P04
Description:	Run9

Table Header for Fixations:
Event Type	Trial	Number	Start	End	Duration	Location X	Location Y	Dispersion X	Dispersion Y	Plane	Avg. Pupil Size X	Avg. Pupil Size Y

Table Header for Saccades:
Event Type	Trial	Number	Start	End	Duration	Start Loc.X	Start Loc.Y	End Loc.X	End Loc.Y	Amplitude	Peak Speed	Peak Speed At	Average Speed	Peak Accel.	Peak Decel.	Average Accel.

Table Header for Blinks:
Event Type	Trial	Number	Start	End	Duration

Table Header for User Events:
Event Type	Trial	Number	Start	Description

UserEvent	1	1	5071821342	# Message: Questionnaire7.jpg
Saccade L	1	1	5071855035	5071879049	24014	884.95	955.48	924.49	960.80	0.93	62.99	0.42	38.91	2472.78	-2213.17	1640.40
Saccade R	1	1	5071855035	5071879049	24014	884.95	955.48	924.49	960.80	0.93	62.99	0.42	38.91	2472.78	-2213.17	1640.40
Fixation L	1	1	5071879049	5072198049	319000	926.18	958.00	17	16	-1	13.82	13.82
Fixation R	1	1	5071879049	5072198049	319000	926.18	958.00	17	16	-1	12.83	12.83
Saccade L	1	2	5072198049	5072273273	75224	921.60	952.96	518.04	407.88	15.20	409.19	0.23	202.04	18273.22	-7669.96	8278.27
Saccade R	1	2	5072198049	5072273273	75224	921.60	952.96	518.04	407.88	15.20	409.19	0.23	202.04	18273.22	-7669.96	8278.27
Fixation L	1	2	5072273273	5072375144	101871	512.58	405.08	10	9	-1	12.95	12.95
Fixation R	1	2	5072273273	5072375144	101871	512.58	405.08	10	9	-1	12.28	12.28
Saccade L	1	3	5072375144	5072407163	32019	513.91	403.84	423.09	361.11	2.12	127.72	0.38	66.16	5236.07	-5028.00	3713.23
Saccade R	1	3	5072375144	5072407163	32019	513.91	403.84	423.09	361.11	2.12	127.72	0.38	66.16	5236.07	-5028.00	3713.23
Fixation L	1	3	5072407163	5072601262	194099	422.10	361.40	11	7	-1	12.68	12.68
Fixation R	1	3	5072407163	5072601262	194099	422.10	361.40	11	7	-1	11.99	11.99
Saccade L	1	4	5072601262	5072629263	28001	423.13	361.63	553.50	360.75	2.83	190.38	0.50	100.89	8133.03	-7987.00	5889.02
Saccade R	1	4	5072601262	5072629263	28001	423.13	361.63	553.50	360.75	2.83	190.38	0.50	100.89	8133.03	-7987.00	5889.02
Fixation L	1	4	5072629263	5072783385	154122	569.43	362.08	25	22	-1	13.00	13.00
Fixation R	1	4	5072629263	5072783385	154122	569.43	362.08	25	22	-1	12.51	12.51
Saccade L	1	5	5072783385	5072809455	26070	579.49	374.25	698.99	366.87	2.56	187.21	0.46	98.24	7903.07	-7542.31	5550.21
Saccade R	1	5	5072783385	5072809455	26070	579.49	374.25	698.99	366.87	2.56	187.21	0.46	98.24	7903.07	-7542.31	5550.21
Fixation L	1	5	5072809455	5073015508	206053	702.27	364.51	18	8	-1	14.19	14.19
Fixation R	1	5	5072809455	5073015508	206053	702.27	364.51	18	8	-1	13.76	13.76
Saccade L	1	6	5073015508	5073049523	34015	702.04	367.53	853.64	361.39	3.24	175.10	0.35	95.21	7737.19	-7203.66	5465.08
Saccade R	1	6	5073015508	5073049523	34015	702.04	367.53	853.64	361.39	3.24	175.10	0.35	95.21	7737.19	-7203.66	5465.08
Fixation L	1	6	5073049523	5073213621	164098	857.86	365.09	23	18	-1	15.17	15.17
Fixation R	1	6	5073049523	5073213621	164098	857.86	365.09	23	18	-1	14.86	14.86
Saccade L	1	7	5073213621	5073243628	30007	859.96	363.70	983.89	365.49	2.65	167.32	0.40	88.43	7263.09	-6995.30	5143.17
Saccade R	1	7	5073213621	5073243628	30007	859.96	363.70	983.89	365.49	2.65	167.32	0.40	88.43	7263.09	-6995.30	5143.17
Fixation L	1	7	5073243628	5073477768	234140	982.05	363.12	16	13	-1	15.98	15.98
Fixation R	1	7	5073243628	5073477768	234140	982.05	363.12	16	13	-1	15.47	15.47
Saccade L	1	8	5073477768	5073509709	31941	985.70	367.39	1081.20	383.34	2.10	119.70	0.38	65.68	4883.43	-4576.46	3361.59
Saccade R	1	8	5073477768	5073509709	31941	985.70	367.39	1081.20	383.34	2.10	119.70	0.38	65.68	4883.43	-4576.46	3361.59
Fixation L	1	8	5073509709	5073675739	166030	1079.02	368.42	24	30	-1	16.38	16.38
Fixation R	1	8	5073509709	5073675739	166030	1079.02	368.42	24	30	-1	15.94	15.94
Saccade L	1	9	5073675739	5073700203	24464	1082.34	357.92	1135.79	340.13	1.16	79.48	0.49	47.50	3156.85	-2964.92	2202.24
Saccade R	1	9	5073675739	5073700203	24464	1082.34	357.92	1135.79	340.13	1.16	79.48	0.49	47.50	3156.85	-2964.92	2202.24
Fixation L	1	9	5073700203	5073985878	285675	1134.62	353.21	16	31	-1	16.82	16.82
Fixation R	1	9	5073700203	5073985878	285675	1134.62	353.21	16	31	-1	16.24	16.24
Saccade L	1	10	5073985878	5074011004	25126	1137.13	365.13	1051.04	379.25	1.97	148.06	0.48	78.33	5911.07	-5699.51	4077.21
Saccade R	1	10	5073985878	5074011004	25126	1137.13	365.13	1051.04	379.25	1.97	148.06	0.48	78.33	5911.07	-5699.51	4077.21
Fixation L	1	10	5074011004	5074236019	225015	1044.55	376.46	20	12	-1	17.22	17.22
Fixation R	1	10	5074011004	5074236019	225015	1044.55	376.46	20	12	-1	16.31	16.31
Saccade L	1	11	5074236019	5074272012	35993	1048.84	371.71	1128.41	378.13	1.84	95.00	0.50	51.22	3660.08	-3469.76	2591.22
Saccade R	1	11	5074236019	5074272012	35993	1048.84	371.71	1128.41	378.13	1.84	95.00	0.50	51.22	3660.08	-3469.76	2591.22
Fixation L	1	11	5074272012	5074440150	168138	1126.84	374.98	16	8	-1	16.88	16.88
Fixation R	1	11	5074272012	5074440150	168138	1126.84	374.98	16	8	-1	16.51	16.51
Saccade L	1	12	5074440150	5074518107	77957	1129.15	377.35	418.94	500.05	17.38	336.46	0.20	222.93	14711.45	-13739.24	6583.01
Saccade R	1	12	5074440150	5074518107	77957	1129.15	377.35	418.94	500.05	17.38	336.46	0.20	222.93	14711.45	-13739.24	6583.01
Saccade L	1	13	5074562486	5074588254	25768	401.15	509.04	455.65	534.27	1.07	71.35	0.41	41.42	2317.48	-2329.84	1614.79
Saccade R	1	13	5074562486	5074588254	25768	401.15	509.04	455.65	534.27	1.07	71.35	0.41	41.42	2317.48	-2329.84	1614.79
Fixation L	1	12	5074588254	5074670411	82157	447.93	511.85	33	38	-1	17.16	17.16
Fixation R	1	12	5074588254	5074670411	82157	447.93	511.85	33	38	-1	16.52	16.52
Saccade L	1	14	5074670411	5074700252	29841	450.05	502.39	449.30	491.99	1.36	75.77	0.29	45.72	2242.25	-1535.00	1012.76
Saccade R	1	14	5074670411	5074700252	29841	450.05	502.39	449.30	491.99	1.36	75.77	0.29	45.72	2242.25	-1535.00	1012.76
Fixation L	1	13	5074716260	5074832432	116172	424.57	481.27	28	30	-1	16.47	16.47
Fixation R	1	13	5074716260	5074832432	116172	424.57	481.27	28	30	-1	16.18	16.18
Fixation L	1	14	5074896353	5075016372	120019	419.54	459.74	67	25	-1	15.36	15.36
Fixation R	1	14	5074896353	5075016372	120019	419.54	459.74	67	25	-1	15.06	15.06
Saccade L	1	15	5075132468	5075158528	26060	412.28	457.96	416.70	435.21	1.74	123.75	0.69	66.89	3059.20	-232.76	1547.11
Saccade R	1	15	5075132468	5075158528	26060	412.28	457.96	416.70	435.21	1.74	123.75	0.69	66.89	3059.20	-232.76	1547.11
Saccade L	1	16	5075158528	5075205862	47334	416.70	435.21	345.70	426.51	3.55	137.76	0.46	74.99	1714.82	-2160.13	1011.81
Saccade R	1	16	5075158528	5075205862	47334	416.70	435.21	345.70	426.51	3.55	137.76	0.46	74.99	1714.82	-2160.13	1011.81
Saccade L	1	17	5075220509	5075288473	67964	425.82	429.01	413.04	424.51	4.74	129.19	0.32	69.78	1657.75	-2660.93	987.63
Saccade R	1	17	5075220509	5075288473	67964	425.82	429.01	413.04	424.51	4.74	129.19	0.32	69.78	1657.75	-2660.93	987.63
Saccade L	1	18	5075296469	5075326530	30061	414.67	429.82	360.11	451.35	1.25	64.21	0.33	41.45	1953.63	-2242.70	1382.77
Saccade R	1	18	5075296469	5075326530	30061	414.67	429.82	360.11	451.35	1.25	64.21	0.33	41.45	1953.63	-2242.70	1382.77
Saccade L	1	19	5075334465	5075360631	26166	357.69	453.33	402.32	439.25	0.88	46.43	0.46	33.72	1242.22	-1270.00	878.96
Saccade R	1	19	5075334465	5075360631	26166	357.69	453.33	402.32	439.25	0.88	46.43	0.46	33.72	1242.22	-1270.00	878.96
Fixation L	1	15	5075384459	5075448603	64144	384.15	447.28	41	28	-1	15.34	15.34
Fixation R	1	15	5075384459	5075448603	64144	384.15	447.28	41	28	-1	15.00	15.00
Saccade L	1	20	5075448603	5075473397	24794	365.71	436.61	325.95	422.83	0.92	50.77	0.56	36.96	2026.90	-267.95	848.63
Saccade R	1	20	5075448603	5075473397	24794	365.71	436.61	325.95	422.83	0.92	50.77	0.56	36.96	2026.90	-267.95	848.63
Saccade L	1	21	5075473397	5075496583	23186	325.95	422.83	390.14	440.92	1.38	118.91	0.48	59.55	2526.34	-4350.43	2277.82
Saccade R	1	21	5075473397	5075496583	23186	325.95	422.83	390.14	440.92	1.38	118.91	0.48	59.55	2526.34	-4350.43	2277.82
Saccade L	1	22	5075532623	5075558678	26055	386.47	439.14	323.31	432.56	1.40	105.91	0.46	53.81	3735.31	-3815.56	2699.67
Saccade R	1	22	5075532623	5075558678	26055	386.47	439.14	323.31	432.56	1.40	105.91	0.46	53.81	3735.31	-3815.56	2699.67
Saccade L	1	23	5075594586	5075622727	28141	330.62	450.39	387.59	462.28	1.31	78.86	0.57	46.44	2476.78	-2648.91	1869.69
Saccade R	1	23	5075594586	5075622727	28141	330.62	450.39	387.59	462.28	1.31	78.86	0.57	46.44	2476.78	-2648.91	1869.69
Fixation L	1	16	5075715435	5076102830	387395	393.07	484.83	52	56	-1	16.39	16.39
Fixation R	1	16	5075715435	5076102830	387395	393.07	484.83	52	56	-1	16.43	16.43
Saccade L	1	24	5076120928	5076142872	21944	366.40	478.39	406.14	506.15	0.73	46.90	0.54	33.43	635.05	-1631.19	784.26
Saccade R	1	24	5076120928	5076142872	21944	366.40	478.39	406.14	506.15	0.73	46.90	0.54	33.43	635.05	-1631.19	784.26
Fixation L	1	17	5076142872	5076340948	198076	411.58	498.56	42	15	-1	16.99	16.99
Fixation R	1	17	5076142872	5076340948	198076	411.58	498.56	42	15	-1	17.25	17.25
Fixation L	1	18	5076353626	5076811257	457631	392.88	477.65	49	37	-1	16.72	16.72
Fixation R	1	18	5076353626	5076811257	457631	392.88	477.65	49	37	-1	16.99	16.99
UserEvent	1	111	5076453767	# Message: UE-mouseclick left x=374 y=470
Saccade L	1	25	5076811257	5076839250	27993	406.82	468.40	391.70	520.02	1.17	70.65	0.43	41.97	2430.68	-2786.90	1942.84
Saccade R	1	25	5076811257	5076839250	27993	406.82	468.40	391.70	520.02	1.17	70.65	0.43	41.97	2430.68	-2786.90	1942.84
Fixation L	1	19	5076839250	5077015309	176059	404.89	522.48	27	13	-1	16.96	16.96
Fixation R	1	19	5076839250	5077015309	176059	404.89	522.48	27	13	-1	17.24	17.24
Fixation L	1	20	5077033298	5077397220	363922	386.21	527.12	22	26	-1	16.83	16.83
Fixation R	1	20	5077033298	5077397220	363922	386.21	527.12	22	26	-1	17.14	17.14
UserEvent	1	131	5077229737	# Message: UE-mouseclick left x=359 y=521
