[BeGaze]
Converted from:	C:\Program Files\SMI\Experiment Suite 360\Experiment Center 2\Results\RC-Attachment-Exp\P13-eye_data.idf
Date:	18.03.2012 20:10:25
Version:	BeGaze 3.0.181
Sample Rate:	500
Subject:	P13
Description:	Run18

Table Header for Fixations:
Event Type	Trial	Number	Start	End	Duration	Location X	Location Y	Dispersion X	Dispersion Y	Plane	Avg. Pupil Size X	Avg. Pupil Size Y

Table Header for Saccades:
Event Type	Trial	Number	Start	End	Duration	Start Loc.X	Start Loc.Y	End Loc.X	End Loc.Y	Amplitude	Peak Speed	Peak Speed At	Average Speed	Peak Accel.	Peak Decel.	Average Accel.

Table Header for Blinks:
Event Type	Trial	Number	Start	End	Duration

Table Header for User Events:
Event Type	Trial	Number	Start	Description

UserEvent	1	1	4842137377	# Message: RC-N1forced-nonanim-5.jpg
Fixation R	1	1	4842139466	4842207236	67770	485.21	492.19	451	313	-1	11.36	11.36
Saccade L	1	1	4842207236	4842242366	35130	627.90	455.62	560.09	429.50	1.97	127.07	0.34	56.22	1665.71	-3572.23	1666.95
Saccade R	1	1	4842207236	4842242366	35130	627.90	455.62	560.09	429.50	1.97	127.07	0.34	56.22	1665.71	-3572.23	1666.95
Saccade L	1	2	4842242366	4842297247	54881	560.09	429.50	497.95	442.61	6.96	229.76	0.50	126.79	8124.53	-10387.18	5450.88
Saccade R	1	2	4842242366	4842297247	54881	560.09	429.50	497.95	442.61	6.96	229.76	0.50	126.79	8124.53	-10387.18	5450.88
Fixation L	1	1	4842297247	4842369991	72744	501.42	442.65	40	37	-1	16.24	16.24
Fixation R	1	2	4842297247	4842369991	72744	501.42	442.65	40	37	-1	15.34	15.34
Saccade L	1	3	4842369991	4842399375	29384	499.49	421.38	556.26	454.82	1.64	99.70	0.66	55.95	2913.85	-4128.58	2521.02
Saccade R	1	3	4842369991	4842399375	29384	499.49	421.38	556.26	454.82	1.64	99.70	0.66	55.95	2913.85	-4128.58	2521.02
Fixation L	1	2	4842453358	4842537327	83969	528.56	447.57	25	26	-1	16.14	16.14
Fixation R	1	3	4842453358	4842537327	83969	528.56	447.57	25	26	-1	15.22	15.22
Saccade L	1	4	4842537327	4842577322	39995	536.06	453.50	600.25	450.37	1.46	61.47	0.50	36.41	2099.52	-1964.66	1476.06
Saccade R	1	4	4842537327	4842577322	39995	536.06	453.50	600.25	450.37	1.46	61.47	0.50	36.41	2099.52	-1964.66	1476.06
Fixation L	1	3	4842577322	4842669451	92129	602.54	448.23	8	16	-1	14.79	14.79
Fixation R	1	4	4842577322	4842669451	92129	602.54	448.23	8	16	-1	13.97	13.97
Fixation L	1	4	4842685451	4842753950	68499	600.89	439.03	5	17	-1	14.24	14.24
Fixation R	1	5	4842685451	4842753950	68499	600.89	439.03	5	17	-1	13.47	13.47
Saccade L	1	5	4842753950	4842775440	21490	603.58	439.22	587.98	391.91	0.98	70.15	0.54	45.46	2684.17	-999.37	1337.53
Saccade R	1	5	4842753950	4842775440	21490	603.58	439.22	587.98	391.91	0.98	70.15	0.54	45.46	2684.17	-999.37	1337.53
Saccade L	1	6	4842779495	4842841449	61954	587.79	390.47	682.24	454.91	3.05	77.04	0.42	49.30	1866.22	-1235.71	914.32
Saccade R	1	6	4842779495	4842841449	61954	587.79	390.47	682.24	454.91	3.05	77.04	0.42	49.30	1866.22	-1235.71	914.32
Blink L	1	1	4842847463	4842919434	71971
Blink R	1	1	4842847463	4842919434	71971
Fixation L	1	5	4842919434	4843173683	254249	680.51	441.47	9	19	-1	14.51	14.51
Fixation R	1	6	4842919434	4843173683	254249	680.51	441.47	9	19	-1	13.74	13.74
Saccade L	1	7	4843173683	4843199788	26105	681.33	447.06	735.31	448.39	1.13	66.06	0.38	43.19	2517.82	-2668.98	1870.71
Saccade R	1	7	4843173683	4843199788	26105	681.33	447.06	735.31	448.39	1.13	66.06	0.38	43.19	2517.82	-2668.98	1870.71
Fixation L	1	6	4843199788	4843337682	137894	742.13	447.54	11	8	-1	15.55	15.55
Fixation R	1	7	4843199788	4843337682	137894	742.13	447.54	11	8	-1	14.61	14.61
Saccade L	1	8	4843337682	4843365674	27992	738.05	450.14	679.05	457.71	1.28	74.24	0.50	45.68	2833.71	-2800.62	2047.88
Saccade R	1	8	4843337682	4843365674	27992	738.05	450.14	679.05	457.71	1.28	74.24	0.50	45.68	2833.71	-2800.62	2047.88
Fixation L	1	7	4843365674	4843535811	170137	679.82	448.13	23	27	-1	15.78	15.78
Fixation R	1	8	4843365674	4843535811	170137	679.82	448.13	23	27	-1	14.82	14.82
Saccade L	1	9	4843535811	4843567813	32002	675.00	443.55	750.14	453.07	1.63	86.63	0.44	50.79	3340.76	-3343.21	2436.32
Saccade R	1	9	4843535811	4843567813	32002	675.00	443.55	750.14	453.07	1.63	86.63	0.44	50.79	3340.76	-3343.21	2436.32
Fixation L	1	8	4843567813	4843833910	266097	749.32	447.49	28	17	-1	16.06	16.06
Fixation R	1	9	4843567813	4843833910	266097	749.32	447.49	28	17	-1	15.04	15.04
Saccade L	1	10	4843833910	4843859914	26004	747.43	451.04	799.18	452.62	1.13	73.15	0.49	43.48	2792.71	-2765.29	1974.82
Saccade R	1	10	4843833910	4843859914	26004	747.43	451.04	799.18	452.62	1.13	73.15	0.49	43.48	2792.71	-2765.29	1974.82
Fixation L	1	9	4843859914	4844034933	175019	794.83	453.84	14	14	-1	16.00	16.00
Fixation R	1	10	4843859914	4844034933	175019	794.83	453.84	14	14	-1	14.95	14.95
Saccade L	1	11	4844034933	4844060081	25148	798.39	446.81	840.61	453.87	0.84	49.81	0.36	33.58	1744.69	-1652.91	1215.23
Saccade R	1	11	4844034933	4844060081	25148	798.39	446.81	840.61	453.87	0.84	49.81	0.36	33.58	1744.69	-1652.91	1215.23
Fixation L	1	10	4844060081	4844366143	306062	846.02	450.70	14	21	-1	15.67	15.67
Fixation R	1	11	4844060081	4844366143	306062	846.02	450.70	14	21	-1	14.74	14.74
Saccade L	1	12	4844366143	4844394166	28023	844.19	448.46	912.62	452.31	1.46	93.48	0.43	51.94	3564.99	-3112.38	2415.85
Saccade R	1	12	4844366143	4844394166	28023	844.19	448.46	912.62	452.31	1.46	93.48	0.43	51.94	3564.99	-3112.38	2415.85
Fixation L	1	11	4844394166	4844552285	158119	907.91	448.99	15	16	-1	15.71	15.71
Fixation R	1	12	4844394166	4844552285	158119	907.91	448.99	15	16	-1	14.82	14.82
Blink L	1	2	4844552285	4844584284	31999
Blink R	1	2	4844552285	4844584284	31999
Saccade L	1	13	4844616263	4844644809	28546	913.22	445.10	996.09	440.58	1.86	122.81	0.56	65.12	4586.29	-4924.93	3426.76
Saccade R	1	13	4844616263	4844644809	28546	913.22	445.10	996.09	440.58	1.86	122.81	0.56	65.12	4586.29	-4924.93	3426.76
Fixation L	1	12	4844644809	4844856381	211572	999.32	438.75	22	27	-1	15.75	15.75
Fixation R	1	13	4844644809	4844856381	211572	999.32	438.75	22	27	-1	14.92	14.92
Saccade L	1	14	4844856381	4844885831	29450	1009.80	433.09	911.88	436.66	2.28	147.33	0.48	77.28	5508.43	-6121.79	4249.88
Saccade R	1	14	4844856381	4844885831	29450	1009.80	433.09	911.88	436.66	2.28	147.33	0.48	77.28	5508.43	-6121.79	4249.88
Fixation L	1	13	4844885831	4845078518	192687	905.65	437.37	11	15	-1	15.43	15.43
Fixation R	1	14	4844885831	4845078518	192687	905.65	437.37	11	15	-1	14.53	14.53
Saccade L	1	15	4845078518	4845126503	47985	903.76	431.45	1009.72	414.95	2.38	125.15	0.25	49.55	4821.30	-3954.08	2135.05
Saccade R	1	15	4845078518	4845126503	47985	903.76	431.45	1009.72	414.95	2.38	125.15	0.25	49.55	4821.30	-3954.08	2135.05
Fixation L	1	14	4845126503	4845266505	140002	1016.45	427.10	26	23	-1	15.38	15.38
Fixation R	1	15	4845126503	4845266505	140002	1016.45	427.10	26	23	-1	14.59	14.59
Saccade L	1	16	4845266505	4845292503	25998	1004.88	432.72	1122.45	438.35	2.47	175.36	0.47	95.08	7124.57	-7122.05	5182.18
Saccade R	1	16	4845266505	4845292503	25998	1004.88	432.72	1122.45	438.35	2.47	175.36	0.47	95.08	7124.57	-7122.05	5182.18
Fixation L	1	15	4845292503	4845816734	524231	1106.35	436.27	36	29	-1	15.61	15.61
Fixation R	1	16	4845292503	4845816734	524231	1106.35	436.27	36	29	-1	14.97	14.97
Saccade L	1	17	4845816734	4845884871	68137	1110.81	431.29	827.10	937.65	13.19	417.53	0.35	193.59	18400.72	-14902.73	9992.10
Saccade R	1	17	4845816734	4845884871	68137	1110.81	431.29	827.10	937.65	13.19	417.53	0.35	193.59	18400.72	-14902.73	9992.10
Fixation L	1	16	4845884871	4846018852	133981	833.27	935.83	20	12	-1	14.83	14.83
Fixation R	1	17	4845884871	4846018852	133981	833.27	935.83	20	12	-1	13.87	13.87
Saccade L	1	18	4846018852	4846050845	31993	832.89	928.64	913.50	972.93	1.90	110.08	0.44	59.29	4355.58	-4396.68	3210.10
Saccade R	1	18	4846018852	4846050845	31993	832.89	928.64	913.50	972.93	1.90	110.08	0.44	59.29	4355.58	-4396.68	3210.10
Fixation L	1	17	4846050845	4846145091	94246	913.06	964.44	13	33	-1	14.77	14.77
Fixation R	1	18	4846050845	4846145091	94246	913.06	964.44	13	33	-1	14.02	14.02
Blink L	1	3	4846145091	4846425085	279994
Blink R	1	3	4846145091	4846425085	279994
Saccade L	1	19	4846425085	4846461253	36168	978.82	983.89	896.52	1002.96	2.51	138.90	0.55	69.37	3775.85	-4554.08	2827.03
Saccade R	1	19	4846425085	4846461253	36168	978.82	983.89	896.52	1002.96	2.51	138.90	0.55	69.37	3775.85	-4554.08	2827.03
Fixation L	1	18	4846461253	4846694689	233436	852.79	976.34	63	41	-1	14.26	14.26
Fixation R	1	19	4846461253	4846694689	233436	852.79	976.34	63	41	-1	14.39	14.39
Saccade L	1	20	4846694689	4846735203	40514	862.80	962.83	835.00	942.09	1.27	47.78	0.72	31.32	1501.08	-1630.80	1087.93
Saccade R	1	20	4846694689	4846735203	40514	862.80	962.83	835.00	942.09	1.27	47.78	0.72	31.32	1501.08	-1630.80	1087.93
Fixation L	1	19	4846735203	4846911227	176024	837.08	952.01	61	18	-1	14.54	14.54
Fixation R	1	20	4846735203	4846911227	176024	837.08	952.01	61	18	-1	15.03	15.03
