[BeGaze]
Converted from:	C:\Program Files\SMI\Experiment Suite 360\Experiment Center 2\Results\RC-Attachment-Exp\P23-eye_data.idf
Date:	18.03.2012 20:18:48
Version:	BeGaze 3.0.181
Sample Rate:	500
Subject:	P23
Description:	Run28

Table Header for Fixations:
Event Type	Trial	Number	Start	End	Duration	Location X	Location Y	Dispersion X	Dispersion Y	Plane	Avg. Pupil Size X	Avg. Pupil Size Y

Table Header for Saccades:
Event Type	Trial	Number	Start	End	Duration	Start Loc.X	Start Loc.Y	End Loc.X	End Loc.Y	Amplitude	Peak Speed	Peak Speed At	Average Speed	Peak Accel.	Peak Decel.	Average Accel.

Table Header for Blinks:
Event Type	Trial	Number	Start	End	Duration

Table Header for User Events:
Event Type	Trial	Number	Start	Description

UserEvent	1	1	5126204089	# Message: RC-nonforced-nonanim-6.jpg
Saccade L	1	1	5126222537	5126243730	21193	514.63	478.99	545.87	461.07	0.68	45.41	0.43	31.87	1100.94	-1451.47	877.71
Saccade R	1	1	5126222537	5126243730	21193	514.63	478.99	545.87	461.07	0.68	45.41	0.43	31.87	1100.94	-1451.47	877.71
Fixation L	1	1	5126243730	5126367731	124001	550.39	463.00	28	15	-1	12.91	12.91
Fixation R	1	1	5126243730	5126367731	124001	550.39	463.00	28	15	-1	13.41	13.41
Saccade L	1	2	5126367731	5126391704	23973	544.44	462.25	510.02	465.46	0.75	44.63	0.42	31.26	1692.05	-1619.55	1166.69
Saccade R	1	2	5126367731	5126391704	23973	544.44	462.25	510.02	465.46	0.75	44.63	0.42	31.26	1692.05	-1619.55	1166.69
Fixation L	1	2	5126391704	5126581822	190118	511.31	468.25	24	21	-1	12.93	12.93
Fixation R	1	2	5126391704	5126581822	190118	511.31	468.25	24	21	-1	13.26	13.26
Blink R	1	1	5126581822	5126735173	153351
Saccade L	1	3	5126735173	5126765812	30639	523.01	427.74	534.19	465.84	0.90	44.22	0.54	29.33	541.17	-3593.80	969.91
Saccade R	1	3	5126735173	5126765812	30639	523.01	427.74	534.19	465.84	0.90	44.22	0.54	29.33	541.17	-3593.80	969.91
Fixation L	1	3	5126765812	5126963933	198121	522.01	458.89	25	19	-1	12.90	12.90
Fixation R	1	3	5126765812	5126963933	198121	522.01	458.89	25	19	-1	13.21	13.21
Saccade L	1	4	5126963933	5126990235	26302	525.22	460.20	582.15	453.09	1.22	73.64	0.53	46.24	2980.32	-2516.29	1984.24
Saccade R	1	4	5126963933	5126990235	26302	525.22	460.20	582.15	453.09	1.22	73.64	0.53	46.24	2980.32	-2516.29	1984.24
Fixation L	1	4	5126990235	5127334176	343941	583.81	462.83	35	43	-1	12.82	12.82
Fixation R	1	4	5126990235	5127334176	343941	583.81	462.83	35	43	-1	13.19	13.19
Saccade L	1	5	5127334176	5127360200	26024	577.40	478.02	671.19	466.71	2.02	143.73	0.46	77.52	5416.16	-5524.67	3968.97
Saccade R	1	5	5127334176	5127360200	26024	577.40	478.02	671.19	466.71	2.02	143.73	0.46	77.52	5416.16	-5524.67	3968.97
Fixation L	1	5	5127360200	5127642323	282123	661.87	453.44	57	33	-1	12.70	12.70
Fixation R	1	5	5127360200	5127642323	282123	661.87	453.44	57	33	-1	13.04	13.04
Saccade L	1	6	5127642323	5127666793	24470	656.05	455.24	747.71	455.33	1.97	155.89	0.49	80.66	5759.22	-5490.22	3903.02
Saccade R	1	6	5127642323	5127666793	24470	656.05	455.24	747.71	455.33	1.97	155.89	0.49	80.66	5759.22	-5490.22	3903.02
Fixation L	1	6	5127666793	5127986398	319605	729.76	467.42	29	20	-1	12.97	12.97
Fixation R	1	6	5127666793	5127986398	319605	729.76	467.42	29	20	-1	13.22	13.22
Saccade L	1	7	5127986398	5128017149	30751	730.94	457.56	806.33	460.43	1.62	93.50	0.39	52.81	3801.76	-3500.50	2638.84
Saccade R	1	7	5127986398	5128017149	30751	730.94	457.56	806.33	460.43	1.62	93.50	0.39	52.81	3801.76	-3500.50	2638.84
Fixation L	1	7	5128017149	5128184534	167385	805.18	457.36	19	9	-1	12.99	12.99
Fixation R	1	7	5128017149	5128184534	167385	805.18	457.36	19	9	-1	13.64	13.64
Saccade L	1	8	5128184534	5128214518	29984	810.80	453.44	855.39	444.88	0.97	43.62	0.40	32.35	1568.72	-1361.10	1062.78
Saccade R	1	8	5128184534	5128214518	29984	810.80	453.44	855.39	444.88	0.97	43.62	0.40	32.35	1568.72	-1361.10	1062.78
Fixation L	1	8	5128214518	5128376641	162123	863.35	442.97	14	12	-1	12.97	12.97
Fixation R	1	8	5128214518	5128376641	162123	863.35	442.97	14	12	-1	13.78	13.78
Saccade L	1	9	5128376641	5128402516	25875	854.47	441.15	925.29	449.72	1.46	94.67	0.46	56.52	3863.39	-3862.99	2779.56
Saccade R	1	9	5128376641	5128402516	25875	854.47	441.15	925.29	449.72	1.46	94.67	0.46	56.52	3863.39	-3862.99	2779.56
Fixation L	1	9	5128402516	5128564630	162114	936.25	442.08	30	19	-1	12.85	12.85
Fixation R	1	9	5128402516	5128564630	162114	936.25	442.08	30	19	-1	13.49	13.49
Saccade L	1	10	5128564630	5128596629	31999	942.60	449.66	1009.06	454.08	1.41	73.17	0.38	44.15	2661.08	-2452.15	1856.06
Saccade R	1	10	5128564630	5128596629	31999	942.60	449.66	1009.06	454.08	1.41	73.17	0.38	44.15	2661.08	-2452.15	1856.06
Fixation L	1	10	5128596629	5128696753	100124	1018.63	456.63	19	7	-1	12.62	12.62
Fixation R	1	10	5128596629	5128696753	100124	1018.63	456.63	19	7	-1	13.37	13.37
Saccade L	1	11	5128696753	5128720749	23996	1026.22	456.79	998.70	434.62	0.70	40.26	0.50	29.08	1674.59	-1377.25	1070.96
Saccade R	1	11	5128696753	5128720749	23996	1026.22	456.79	998.70	434.62	0.70	40.26	0.50	29.08	1674.59	-1377.25	1070.96
Fixation L	1	11	5128720749	5128784761	64012	989.64	442.54	16	14	-1	12.43	12.43
Fixation R	1	11	5128720749	5128784761	64012	989.64	442.54	16	14	-1	13.46	13.46
Saccade L	1	12	5128784761	5128824749	39988	982.16	448.70	1065.81	452.21	1.79	69.67	0.30	44.67	2989.30	-2001.63	1755.93
Saccade R	1	12	5128784761	5128824749	39988	982.16	448.70	1065.81	452.21	1.79	69.67	0.30	44.67	2989.30	-2001.63	1755.93
Fixation L	1	12	5128824749	5128954869	130120	1056.06	445.00	19	20	-1	12.61	12.61
Fixation R	1	12	5128824749	5128954869	130120	1056.06	445.00	19	20	-1	13.38	13.38
Saccade L	1	13	5128954869	5128982916	28047	1055.15	433.14	989.39	444.85	1.43	82.83	0.43	50.83	3150.55	-3317.86	2380.55
Saccade R	1	13	5128954869	5128982916	28047	1055.15	433.14	989.39	444.85	1.43	82.83	0.43	50.83	3150.55	-3317.86	2380.55
Fixation L	1	13	5128982916	5129138872	155956	995.55	452.59	19	17	-1	12.62	12.62
Fixation R	1	13	5128982916	5129138872	155956	995.55	452.59	19	17	-1	13.53	13.53
Saccade L	1	14	5129138872	5129164863	25991	999.87	448.59	1082.20	451.20	1.78	130.60	0.54	68.64	5503.01	-5023.74	3726.31
Saccade R	1	14	5129138872	5129164863	25991	999.87	448.59	1082.20	451.20	1.78	130.60	0.54	68.64	5503.01	-5023.74	3726.31
Fixation L	1	14	5129164863	5129362983	198120	1084.46	454.17	43	39	-1	12.73	12.73
Fixation R	1	14	5129164863	5129362983	198120	1084.46	454.17	43	39	-1	13.45	13.45
Saccade L	1	15	5129362983	5129421117	58134	1108.23	477.34	889.83	939.07	11.96	375.97	0.34	205.67	16740.01	-10995.50	9860.81
Saccade R	1	15	5129362983	5129421117	58134	1108.23	477.34	889.83	939.07	11.96	375.97	0.34	205.67	16740.01	-10995.50	9860.81
Fixation L	1	15	5129421117	5129713221	292104	884.15	938.13	21	29	-1	13.48	13.48
Fixation R	1	15	5129421117	5129713221	292104	884.15	938.13	21	29	-1	13.82	13.82
Fixation L	1	16	5129733223	5129923503	190280	934.32	934.83	25	16	-1	13.01	13.01
Fixation R	1	16	5129733223	5129923503	190280	934.32	934.83	25	16	-1	13.44	13.44
