[BeGaze]
Converted from:	C:\Program Files\SMI\Experiment Suite 360\Experiment Center 2\Results\RC-Attachment-Exp\P33-eye_data.idf
Date:	18.03.2012 20:29:46
Version:	BeGaze 3.0.181
Sample Rate:	500
Subject:	P33
Description:	Run38

Table Header for Fixations:
Event Type	Trial	Number	Start	End	Duration	Location X	Location Y	Dispersion X	Dispersion Y	Plane	Avg. Pupil Size X	Avg. Pupil Size Y

Table Header for Saccades:
Event Type	Trial	Number	Start	End	Duration	Start Loc.X	Start Loc.Y	End Loc.X	End Loc.Y	Amplitude	Peak Speed	Peak Speed At	Average Speed	Peak Accel.	Peak Decel.	Average Accel.

Table Header for Blinks:
Event Type	Trial	Number	Start	End	Duration

Table Header for User Events:
Event Type	Trial	Number	Start	Description

UserEvent	1	1	3691063957	# Message: Questionnaire16.jpg
Fixation L	1	1	3691075130	3691202796	127666	882.32	938.87	22	9	-1	12.11	12.11
Fixation R	1	1	3691075130	3691202796	127666	882.32	938.87	22	9	-1	12.83	12.83
Fixation L	1	2	3691229928	3691447607	217679	875.88	933.72	27	20	-1	12.24	12.24
Fixation R	1	2	3691229928	3691447607	217679	875.88	933.72	27	20	-1	12.96	12.96
Saccade L	1	1	3691447607	3691533491	85884	866.93	931.83	539.08	398.97	14.52	378.28	0.21	169.06	16566.27	-7230.32	5991.59
Saccade R	1	1	3691447607	3691533491	85884	866.93	931.83	539.08	398.97	14.52	378.28	0.21	169.06	16566.27	-7230.32	5991.59
Fixation L	1	3	3691533491	3691617623	84132	538.52	413.67	10	29	-1	12.68	12.68
Fixation R	1	3	3691533491	3691617623	84132	538.52	413.67	10	29	-1	13.46	13.46
Saccade L	1	2	3691617623	3691667575	49952	542.61	414.24	408.43	356.27	3.47	188.50	0.24	69.39	7344.66	-5762.48	3228.20
Saccade R	1	2	3691617623	3691667575	49952	542.61	414.24	408.43	356.27	3.47	188.50	0.24	69.39	7344.66	-5762.48	3228.20
Saccade L	1	3	3691671594	3691701614	30020	409.69	358.89	447.69	373.35	0.91	41.03	0.35	30.44	780.01	-1069.62	691.02
Saccade R	1	3	3691671594	3691701614	30020	409.69	358.89	447.69	373.35	0.91	41.03	0.35	30.44	780.01	-1069.62	691.02
Fixation L	1	4	3691701614	3691783686	82072	440.73	353.88	15	28	-1	12.61	12.61
Fixation R	1	4	3691701614	3691783686	82072	440.73	353.88	15	28	-1	13.37	13.37
Saccade L	1	4	3691783686	3691835686	52000	433.44	344.21	440.05	392.09	1.74	59.24	0.65	33.45	1587.25	-2106.53	1063.75
Saccade R	1	4	3691783686	3691835686	52000	433.44	344.21	440.05	392.09	1.74	59.24	0.65	33.45	1587.25	-2106.53	1063.75
Saccade L	1	5	3691843725	3691867692	23967	439.87	394.89	474.73	371.07	0.85	57.92	0.50	35.66	1505.21	-2056.48	1291.61
Saccade R	1	5	3691843725	3691867692	23967	439.87	394.89	474.73	371.07	0.85	57.92	0.50	35.66	1505.21	-2056.48	1291.61
Fixation L	1	5	3691867692	3691999677	131985	473.59	367.01	40	19	-1	12.55	12.55
Fixation R	1	5	3691867692	3691999677	131985	473.59	367.01	40	19	-1	13.21	13.21
Fixation L	1	6	3692039803	3692263801	223998	432.40	370.16	24	26	-1	12.46	12.46
Fixation R	1	6	3692039803	3692263801	223998	432.40	370.16	24	26	-1	13.28	13.28
Saccade L	1	6	3692263801	3692285789	21988	423.97	380.50	486.63	385.54	1.31	100.68	0.45	59.75	4025.69	-3785.47	2668.97
Saccade R	1	6	3692263801	3692285789	21988	423.97	380.50	486.63	385.54	1.31	100.68	0.45	59.75	4025.69	-3785.47	2668.97
Fixation L	1	7	3692285789	3692457942	172153	490.11	367.73	23	38	-1	12.51	12.51
Fixation R	1	7	3692285789	3692457942	172153	490.11	367.73	23	38	-1	13.40	13.40
Saccade L	1	7	3692457942	3692487940	29998	497.70	357.87	369.71	360.86	2.76	184.55	0.47	92.06	7793.81	-7662.12	5679.61
Saccade R	1	7	3692457942	3692487940	29998	497.70	357.87	369.71	360.86	2.76	184.55	0.47	92.06	7793.81	-7662.12	5679.61
Fixation L	1	8	3692487940	3692710044	222104	385.41	369.19	46	43	-1	12.67	12.67
Fixation R	1	8	3692487940	3692710044	222104	385.41	369.19	46	43	-1	13.32	13.32
Saccade L	1	8	3692710044	3692734036	23992	416.44	398.57	385.97	361.25	0.94	57.35	0.42	38.99	1378.85	-2055.73	1313.12
Saccade R	1	8	3692710044	3692734036	23992	416.44	398.57	385.97	361.25	0.94	57.35	0.42	38.99	1378.85	-2055.73	1313.12
Fixation L	1	9	3692734036	3692858028	123992	378.07	385.95	40	41	-1	12.77	12.77
Fixation R	1	9	3692734036	3692858028	123992	378.07	385.95	40	41	-1	13.56	13.56
Saccade L	1	9	3692858028	3692888139	30111	386.70	401.74	482.58	383.28	2.45	190.17	0.67	81.43	6839.00	-6745.33	4232.94
Saccade R	1	9	3692858028	3692888139	30111	386.70	401.74	482.58	383.28	2.45	190.17	0.67	81.43	6839.00	-6745.33	4232.94
Fixation L	1	10	3692900170	3693160255	260085	479.75	380.19	43	39	-1	12.65	12.65
Fixation R	1	10	3692900170	3693160255	260085	479.75	380.19	43	39	-1	13.49	13.49
Saccade L	1	10	3693160255	3693184261	24006	471.51	395.20	565.44	393.03	1.99	152.74	0.50	83.08	5914.73	-6224.44	4230.99
Saccade R	1	10	3693160255	3693184261	24006	471.51	395.20	565.44	393.03	1.99	152.74	0.50	83.08	5914.73	-6224.44	4230.99
Fixation L	1	11	3693184261	3693432368	248107	565.99	385.11	12	31	-1	12.61	12.61
Fixation R	1	11	3693184261	3693432368	248107	565.99	385.11	12	31	-1	13.34	13.34
Saccade L	1	11	3693432368	3693456386	24018	572.05	382.60	653.02	366.95	1.76	125.34	0.51	73.38	5203.03	-4944.22	3594.69
Saccade R	1	11	3693432368	3693456386	24018	572.05	382.60	653.02	366.95	1.76	125.34	0.51	73.38	5203.03	-4944.22	3594.69
Fixation L	1	12	3693456386	3693676488	220102	644.70	371.04	29	14	-1	12.66	12.66
Fixation R	1	12	3693456386	3693676488	220102	644.70	371.04	29	14	-1	13.21	13.21
Saccade L	1	12	3693676488	3693700494	24006	654.59	371.91	733.27	383.38	1.66	132.79	0.42	68.97	4942.89	-4708.02	3226.74
Saccade R	1	12	3693676488	3693700494	24006	654.59	371.91	733.27	383.38	1.66	132.79	0.42	68.97	4942.89	-4708.02	3226.74
Fixation L	1	13	3693700494	3693891843	191349	739.68	377.63	25	20	-1	12.64	12.64
Fixation R	1	13	3693700494	3693891843	191349	739.68	377.63	25	20	-1	13.31	13.31
Blink L	1	1	3693891843	3694080608	188765
Blink R	1	1	3693891843	3694080608	188765
Fixation L	1	14	3694080608	3694204787	124179	440.95	430.49	13	39	-1	12.64	12.64
Fixation R	1	14	3694080608	3694204787	124179	440.95	430.49	13	39	-1	13.29	13.29
Saccade L	1	13	3694204787	3694251038	46251	441.40	438.12	387.99	455.08	2.09	86.54	0.49	45.19	3101.76	-2765.88	2060.92
Saccade R	1	13	3694204787	3694251038	46251	441.40	438.12	387.99	455.08	2.09	86.54	0.49	45.19	3101.76	-2765.88	2060.92
Fixation L	1	15	3694251038	3694574835	323797	388.57	461.56	21	30	-1	12.85	12.85
Fixation R	1	15	3694251038	3694574835	323797	388.57	461.56	21	30	-1	13.58	13.58
Fixation L	1	16	3694594836	3696289564	1694728	367.27	461.78	57	56	-1	12.59	12.59
Fixation R	1	16	3694594836	3696289564	1694728	367.27	461.78	57	56	-1	13.43	13.43
Fixation L	1	17	3696307539	3696907878	600339	365.64	457.71	37	37	-1	12.31	12.31
Fixation R	1	17	3696307539	3696907878	600339	365.64	457.71	37	37	-1	13.11	13.11
Saccade L	1	14	3696907878	3696953936	46058	360.01	450.60	468.48	385.93	2.85	129.31	0.26	61.93	5511.08	-3098.43	2480.92
Saccade R	1	14	3696907878	3696953936	46058	360.01	450.60	468.48	385.93	2.85	129.31	0.26	61.93	5511.08	-3098.43	2480.92
Fixation L	1	18	3696953936	3697170030	216094	460.75	382.17	22	30	-1	12.11	12.11
Fixation R	1	18	3696953936	3697170030	216094	460.75	382.17	22	30	-1	12.90	12.90
Saccade L	1	15	3697170030	3697210001	39971	466.48	381.75	365.81	447.50	2.93	176.86	0.30	73.29	7459.50	-6570.63	4090.84
Saccade R	1	15	3697170030	3697210001	39971	466.48	381.75	365.81	447.50	2.93	176.86	0.30	73.29	7459.50	-6570.63	4090.84
Fixation L	1	19	3697210001	3697540139	330138	374.03	441.82	28	35	-1	12.08	12.08
Fixation R	1	19	3697210001	3697540139	330138	374.03	441.82	28	35	-1	12.91	12.91
Saccade L	1	16	3697540139	3697580132	39993	369.58	426.21	508.99	385.19	3.42	164.54	0.30	85.63	6771.22	-5452.48	4240.10
Saccade R	1	16	3697540139	3697580132	39993	369.58	426.21	508.99	385.19	3.42	164.54	0.30	85.63	6771.22	-5452.48	4240.10
Fixation L	1	20	3697580132	3697702198	122066	519.78	380.71	24	35	-1	12.18	12.18
Fixation R	1	20	3697580132	3697702198	122066	519.78	380.71	24	35	-1	13.09	13.09
Saccade L	1	17	3697702198	3697728310	26112	513.79	370.29	607.43	374.27	2.05	154.75	0.46	78.36	6068.44	-5331.04	4099.22
Saccade R	1	17	3697702198	3697728310	26112	513.79	370.29	607.43	374.27	2.05	154.75	0.46	78.36	6068.44	-5331.04	4099.22
Fixation L	1	21	3697728310	3697946336	218026	622.46	370.16	29	29	-1	12.11	12.11
Fixation R	1	21	3697728310	3697946336	218026	622.46	370.16	29	29	-1	13.02	13.02
Saccade L	1	18	3697946336	3697980237	33901	626.36	356.88	386.72	448.83	5.43	343.52	0.41	160.20	14307.33	-14358.89	10302.40
Saccade R	1	18	3697946336	3697980237	33901	626.36	356.88	386.72	448.83	5.43	343.52	0.41	160.20	14307.33	-14358.89	10302.40
Fixation L	1	22	3697980237	3699789233	1808996	366.01	443.04	59	62	-1	12.08	12.08
Fixation R	1	22	3697980237	3699789233	1808996	366.01	443.04	59	62	-1	12.81	12.81
UserEvent	1	177	3698064541	# Message: UE-mouseclick left x=365 y=440
UserEvent	1	212	3699416378	# Message: UE-mouseclick left x=358 y=436
Saccade L	1	19	3699789233	3699825162	35929	358.45	439.23	398.09	507.28	2.14	102.30	0.48	59.53	4370.35	-3765.03	2960.03
Saccade R	1	19	3699789233	3699825162	35929	358.45	439.23	398.09	507.28	2.14	102.30	0.48	59.53	4370.35	-3765.03	2960.03
Fixation L	1	23	3699825162	3700017134	191972	391.12	506.10	18	20	-1	12.19	12.19
Fixation R	1	23	3699825162	3700017134	191972	391.12	506.10	18	20	-1	12.83	12.83
Saccade L	1	20	3700017134	3700039149	22015	388.71	501.84	417.23	522.83	0.77	51.27	0.45	35.07	1864.48	-1887.76	1268.81
Saccade R	1	20	3700017134	3700039149	22015	388.71	501.84	417.23	522.83	0.77	51.27	0.45	35.07	1864.48	-1887.76	1268.81
Fixation L	1	24	3700039149	3700727901	688752	426.06	526.88	34	27	-1	12.15	12.15
Fixation R	1	24	3700039149	3700727901	688752	426.06	526.88	34	27	-1	12.80	12.80
UserEvent	1	237	3700392378	# Message: UE-mouseclick left x=404 y=521
