[BeGaze]
Converted from:	C:\Program Files\SMI\Experiment Suite 360\Experiment Center 2\Results\RC-Attachment-Exp\P19-eye_data.idf
Date:	18.03.2012 20:14:54
Version:	BeGaze 3.0.181
Sample Rate:	500
Subject:	P19
Description:	Run24

Table Header for Fixations:
Event Type	Trial	Number	Start	End	Duration	Location X	Location Y	Dispersion X	Dispersion Y	Plane	Avg. Pupil Size X	Avg. Pupil Size Y

Table Header for Saccades:
Event Type	Trial	Number	Start	End	Duration	Start Loc.X	Start Loc.Y	End Loc.X	End Loc.Y	Amplitude	Peak Speed	Peak Speed At	Average Speed	Peak Accel.	Peak Decel.	Average Accel.

Table Header for Blinks:
Event Type	Trial	Number	Start	End	Duration

Table Header for User Events:
Event Type	Trial	Number	Start	Description

UserEvent	1	1	18312284014	# Message: RC-nonforced-nonanim-4.jpg
Fixation L	1	1	18312289961	18312982147	692186	488.73	438.19	35	48	-1	13.18	13.18
Fixation R	1	1	18312289961	18312982147	692186	488.73	438.19	35	48	-1	13.10	13.10
Fixation L	1	2	18313045739	18313205736	159997	582.89	447.41	13	36	-1	13.19	13.19
Fixation R	1	2	18313045739	18313205736	159997	582.89	447.41	13	36	-1	13.32	13.32
Saccade L	1	1	18313205736	18313247835	42099	576.66	455.70	533.60	430.90	1.13	47.20	0.43	26.94	1586.48	-1352.27	915.05
Saccade R	1	1	18313205736	18313247835	42099	576.66	455.70	533.60	430.90	1.13	47.20	0.43	26.94	1586.48	-1352.27	915.05
Fixation L	1	3	18313247835	18313473747	225912	538.45	447.79	18	37	-1	13.20	13.20
Fixation R	1	3	18313247835	18313473747	225912	538.45	447.79	18	37	-1	13.35	13.35
Saccade L	1	2	18313473747	18313521862	48115	541.89	440.94	632.50	449.41	2.15	114.57	0.63	44.66	4219.63	-4677.82	2615.10
Saccade R	1	2	18313473747	18313521862	48115	541.89	440.94	632.50	449.41	2.15	114.57	0.63	44.66	4219.63	-4677.82	2615.10
Fixation L	1	4	18313521862	18313793967	272105	642.38	452.91	24	54	-1	13.36	13.36
Fixation R	1	4	18313521862	18313793967	272105	642.38	452.91	24	54	-1	13.41	13.41
Saccade L	1	3	18313793967	18313841965	47998	631.78	465.45	731.44	440.30	2.20	98.87	0.29	45.82	3818.07	-3602.09	2262.22
Saccade R	1	3	18313793967	18313841965	47998	631.78	465.45	731.44	440.30	2.20	98.87	0.29	45.82	3818.07	-3602.09	2262.22
Saccade L	1	4	18313847988	18313877957	29969	730.84	440.50	730.82	479.99	0.84	48.83	0.47	27.89	1457.46	-1919.28	1241.28
Saccade R	1	4	18313847988	18313877957	29969	730.84	440.50	730.82	479.99	0.84	48.83	0.47	27.89	1457.46	-1919.28	1241.28
Fixation L	1	5	18313877957	18314007952	129995	733.31	466.34	23	42	-1	13.59	13.59
Fixation R	1	5	18313877957	18314007952	129995	733.31	466.34	23	42	-1	13.57	13.57
Saccade L	1	5	18314007952	18314042078	34126	731.18	436.51	779.14	464.96	1.28	77.45	0.43	37.37	2519.22	-2945.40	1924.66
Saccade R	1	5	18314007952	18314042078	34126	731.18	436.51	779.14	464.96	1.28	77.45	0.43	37.37	2519.22	-2945.40	1924.66
Fixation L	1	6	18314042078	18314270197	228119	779.34	441.29	38	44	-1	13.61	13.61
Fixation R	1	6	18314042078	18314270197	228119	779.34	441.29	38	44	-1	13.50	13.50
Saccade L	1	6	18314270197	18314342250	72053	777.81	429.23	928.57	405.78	4.12	166.34	0.45	57.24	5831.97	-5919.91	3032.21
Saccade R	1	6	18314270197	18314342250	72053	777.81	429.23	928.57	405.78	4.12	166.34	0.45	57.24	5831.97	-5919.91	3032.21
Fixation L	1	7	18314440233	18314496479	56246	858.44	402.28	74	21	-1	13.76	13.76
Fixation R	1	7	18314440233	18314496479	56246	858.44	402.28	74	21	-1	13.56	13.56
Saccade L	1	7	18314496479	18314536348	39869	862.21	389.45	932.72	419.94	1.78	96.14	0.34	44.70	3235.11	-3076.19	2247.44
Saccade R	1	7	18314496479	18314536348	39869	862.21	389.45	932.72	419.94	1.78	96.14	0.34	44.70	3235.11	-3076.19	2247.44
Fixation L	1	8	18314536348	18314792444	256096	937.68	448.69	34	47	-1	13.68	13.68
Fixation R	1	8	18314536348	18314792444	256096	937.68	448.69	34	47	-1	13.41	13.41
Saccade L	1	8	18314792444	18314836445	44001	932.68	461.91	1045.57	468.86	2.49	147.08	0.32	56.69	5907.14	-5899.99	3274.56
Saccade R	1	8	18314792444	18314836445	44001	932.68	461.91	1045.57	468.86	2.49	147.08	0.32	56.69	5907.14	-5899.99	3274.56
Fixation L	1	9	18314836445	18314980445	144000	1035.12	472.11	31	22	-1	13.50	13.50
Fixation R	1	9	18314836445	18314980445	144000	1035.12	472.11	31	22	-1	13.26	13.26
Saccade L	1	9	18314980445	18315028506	48061	1048.72	475.23	1006.23	450.55	1.09	41.07	0.71	22.63	773.67	-1315.81	646.15
Saccade R	1	9	18314980445	18315028506	48061	1048.72	475.23	1006.23	450.55	1.09	41.07	0.71	22.63	773.67	-1315.81	646.15
Fixation L	1	10	18315028506	18315226535	198029	1005.81	457.80	34	39	-1	13.36	13.36
Fixation R	1	10	18315028506	18315226535	198029	1005.81	457.80	34	39	-1	13.05	13.05
Saccade L	1	10	18315226535	18315282530	55995	1016.99	448.00	1129.86	462.14	3.17	177.72	0.68	56.63	7257.75	-7779.07	3574.46
Saccade R	1	10	18315226535	18315282530	55995	1016.99	448.00	1129.86	462.14	3.17	177.72	0.68	56.63	7257.75	-7779.07	3574.46
Fixation L	1	11	18315282530	18315348651	66121	1125.98	456.69	32	14	-1	13.30	13.30
Fixation R	1	11	18315282530	18315348651	66121	1125.98	456.69	32	14	-1	13.08	13.08
Saccade L	1	11	18315348651	18315384659	36008	1102.38	458.70	1135.04	474.85	0.98	48.41	0.56	27.14	1161.82	-1889.65	976.91
Saccade R	1	11	18315348651	18315384659	36008	1102.38	458.70	1135.04	474.85	0.98	48.41	0.56	27.14	1161.82	-1889.65	976.91
Fixation L	1	12	18315384659	18315522643	137984	1124.37	456.67	22	36	-1	13.42	13.42
Fixation R	1	12	18315384659	18315522643	137984	1124.37	456.67	22	36	-1	13.20	13.20
Saccade L	1	12	18315522643	18315556658	34015	1121.39	443.12	1167.68	444.61	1.28	91.88	0.36	37.50	3474.51	-2957.77	1907.53
Saccade R	1	12	18315522643	18315556658	34015	1121.39	443.12	1167.68	444.61	1.28	91.88	0.36	37.50	3474.51	-2957.77	1907.53
Fixation L	1	13	18315556658	18315634771	78113	1178.16	456.67	20	18	-1	13.49	13.49
Fixation R	1	13	18315556658	18315634771	78113	1178.16	456.67	20	18	-1	13.26	13.26
Saccade L	1	13	18315634771	18315718820	84049	1176.32	457.19	633.73	445.28	13.33	398.37	0.45	158.58	16717.16	-12225.91	7532.10
Saccade R	1	13	18315634771	18315718820	84049	1176.32	457.19	633.73	445.28	13.33	398.37	0.45	158.58	16717.16	-12225.91	7532.10
Fixation L	1	14	18315718820	18316018981	300161	632.21	447.13	34	54	-1	13.88	13.88
Fixation R	1	14	18315718820	18316018981	300161	632.21	447.13	34	54	-1	13.41	13.41
Saccade L	1	14	18316018981	18316102723	83742	625.20	465.99	787.03	978.75	13.14	335.34	0.42	156.92	12121.20	-12213.15	6565.34
Saccade R	1	14	18316018981	18316102723	83742	625.20	465.99	787.03	978.75	13.14	335.34	0.42	156.92	12121.20	-12213.15	6565.34
Saccade L	1	15	18316102723	18316127034	24311	787.03	978.75	813.61	983.49	0.62	46.00	0.34	25.44	100.63	-580.85	309.65
Saccade R	1	15	18316102723	18316127034	24311	787.03	978.75	813.61	983.49	0.62	46.00	0.34	25.44	100.63	-580.85	309.65
Fixation L	1	15	18316127034	18316213735	86701	812.12	970.67	37	33	-1	14.42	14.42
Fixation R	1	15	18316127034	18316213735	86701	812.12	970.67	37	33	-1	14.11	14.11
Saccade L	1	16	18316213735	18316283022	69287	808.19	984.02	907.06	910.29	3.28	149.52	0.51	47.40	5304.86	-4801.96	2272.75
Saccade R	1	16	18316213735	18316283022	69287	808.19	984.02	907.06	910.29	3.28	149.52	0.51	47.40	5304.86	-4801.96	2272.75
Saccade L	1	17	18316283022	18316334995	51973	907.06	910.29	896.75	951.70	1.22	42.72	0.27	23.51	1177.70	-1071.21	711.05
Saccade R	1	17	18316283022	18316334995	51973	907.06	910.29	896.75	951.70	1.22	42.72	0.27	23.51	1177.70	-1071.21	711.05
Fixation L	1	16	18316334995	18316435003	100008	903.86	953.61	17	10	-1	14.22	14.22
Fixation R	1	16	18316334995	18316435003	100008	903.86	953.61	17	10	-1	13.94	13.94
Saccade L	1	18	18316435003	18316479109	44106	906.65	960.61	861.12	927.85	1.26	43.07	0.41	28.60	1527.77	-1437.28	1072.86
Saccade R	1	18	18316435003	18316479109	44106	906.65	960.61	861.12	927.85	1.26	43.07	0.41	28.60	1527.77	-1437.28	1072.86
Fixation L	1	17	18316479109	18316567130	88021	868.94	918.41	21	16	-1	13.77	13.77
Fixation R	1	17	18316479109	18316567130	88021	868.94	918.41	21	16	-1	13.63	13.63
Saccade L	1	19	18316567130	18316601122	33992	872.14	923.90	913.68	932.72	0.93	49.10	0.44	27.46	1668.46	-1860.96	1286.88
Saccade R	1	19	18316567130	18316601122	33992	872.14	923.90	913.68	932.72	0.93	49.10	0.44	27.46	1668.46	-1860.96	1286.88
Fixation L	1	18	18316601122	18316761236	160114	924.83	940.91	31	30	-1	13.83	13.83
Fixation R	1	18	18316601122	18316761236	160114	924.83	940.91	31	30	-1	13.58	13.58
