[BeGaze]
Converted from:	C:\Program Files\SMI\Experiment Suite 360\Experiment Center 2\Results\RC-Attachment-Exp\Denek04-eye_data.idf
Date:	18.03.2012 20:04:25
Version:	BeGaze 3.0.181
Sample Rate:	500
Subject:	Denek04
Description:	Run7

Table Header for Fixations:
Event Type	Trial	Number	Start	End	Duration	Location X	Location Y	Dispersion X	Dispersion Y	Plane	Avg. Pupil Size X	Avg. Pupil Size Y

Table Header for Saccades:
Event Type	Trial	Number	Start	End	Duration	Start Loc.X	Start Loc.Y	End Loc.X	End Loc.Y	Amplitude	Peak Speed	Peak Speed At	Average Speed	Peak Accel.	Peak Decel.	Average Accel.

Table Header for Blinks:
Event Type	Trial	Number	Start	End	Duration

Table Header for User Events:
Event Type	Trial	Number	Start	Description

UserEvent	1	1	6390036409	# Message: RC-N2forced-anim-2.jpg
Fixation L	1	1	6390042350	6390367230	324880	500.59	449.00	17	19	-1	11.52	11.52
Fixation R	1	1	6390042350	6390367230	324880	500.59	449.00	17	19	-1	12.07	12.07
Saccade L	1	1	6390367230	6390391210	23980	496.40	450.94	549.31	445.12	1.08	76.92	0.50	44.91	3092.53	-2901.90	2119.84
Saccade R	1	1	6390367230	6390391210	23980	496.40	450.94	549.31	445.12	1.08	76.92	0.50	44.91	3092.53	-2901.90	2119.84
Fixation L	1	2	6390391210	6390593332	202122	540.49	443.17	17	16	-1	11.50	11.50
Fixation R	1	2	6390391210	6390593332	202122	540.49	443.17	17	16	-1	12.08	12.08
Saccade L	1	2	6390593332	6390623340	30008	534.27	439.51	610.30	436.75	1.71	109.88	0.53	56.86	4522.95	-4452.17	3238.30
Saccade R	1	2	6390593332	6390623340	30008	534.27	439.51	610.30	436.75	1.71	109.88	0.53	56.86	4522.95	-4452.17	3238.30
Fixation L	1	3	6390623340	6391109709	486369	614.96	439.51	41	33	-1	11.56	11.56
Fixation R	1	3	6390623340	6391109709	486369	614.96	439.51	41	33	-1	12.15	12.15
Saccade L	1	3	6391109709	6391137600	27891	631.71	441.53	705.37	445.83	1.60	110.53	0.57	57.30	4477.48	-4601.03	3242.40
Saccade R	1	3	6391109709	6391137600	27891	631.71	441.53	705.37	445.83	1.60	110.53	0.57	57.30	4477.48	-4601.03	3242.40
Fixation L	1	4	6391137600	6391701783	564183	708.52	439.82	43	38	-1	11.50	11.50
Fixation R	1	4	6391137600	6391701783	564183	708.52	439.82	43	38	-1	12.01	12.01
Saccade L	1	4	6391701783	6391731784	30001	722.75	444.35	793.14	441.41	1.52	98.03	0.47	50.81	3834.71	-3678.76	2695.28
Saccade R	1	4	6391701783	6391731784	30001	722.75	444.35	793.14	441.41	1.52	98.03	0.47	50.81	3834.71	-3678.76	2695.28
Fixation L	1	5	6391731784	6391989897	258113	784.16	440.75	20	16	-1	11.37	11.37
Fixation R	1	5	6391731784	6391989897	258113	784.16	440.75	20	16	-1	11.97	11.97
Saccade L	1	5	6391989897	6392015919	26022	785.08	437.04	841.98	443.90	1.25	84.80	0.46	48.09	3211.22	-3286.11	2347.36
Saccade R	1	5	6391989897	6392015919	26022	785.08	437.04	841.98	443.90	1.25	84.80	0.46	48.09	3211.22	-3286.11	2347.36
Fixation L	1	6	6392015919	6392188008	172089	834.11	447.68	19	7	-1	11.32	11.32
Fixation R	1	6	6392015919	6392188008	172089	834.11	447.68	19	7	-1	11.99	11.99
Saccade L	1	6	6392188008	6392216072	28064	831.95	448.25	879.78	440.60	1.08	68.45	0.50	38.59	2398.32	-2581.16	1823.43
Saccade R	1	6	6392188008	6392216072	28064	831.95	448.25	879.78	440.60	1.08	68.45	0.50	38.59	2398.32	-2581.16	1823.43
Fixation L	1	7	6392216072	6392758616	542544	865.09	445.92	40	36	-1	11.44	11.44
Fixation R	1	7	6392216072	6392758616	542544	865.09	445.92	40	36	-1	11.98	11.98
Saccade L	1	7	6392758616	6392784231	25615	860.25	449.58	790.17	449.81	1.49	107.10	0.53	58.24	4456.89	-4343.72	3142.04
Saccade R	1	7	6392758616	6392784231	25615	860.25	449.58	790.17	449.81	1.49	107.10	0.53	58.24	4456.89	-4343.72	3142.04
Fixation L	1	8	6392784231	6393076471	292240	798.13	443.33	16	17	-1	11.71	11.71
Fixation R	1	8	6392784231	6393076471	292240	798.13	443.33	16	17	-1	12.30	12.30
Saccade L	1	8	6393076471	6393100478	24007	794.67	435.10	866.67	439.83	1.54	117.79	0.50	64.15	4686.32	-4410.84	3181.04
Saccade R	1	8	6393076471	6393100478	24007	794.67	435.10	866.67	439.83	1.54	117.79	0.50	64.15	4686.32	-4410.84	3181.04
Fixation L	1	9	6393100478	6393310481	210003	856.34	444.70	24	20	-1	11.73	11.73
Fixation R	1	9	6393100478	6393310481	210003	856.34	444.70	24	20	-1	12.47	12.47
Saccade L	1	9	6393310481	6393338527	28046	855.85	440.55	936.34	431.87	1.77	119.99	0.50	63.12	4879.90	-4825.51	3528.88
Saccade R	1	9	6393310481	6393338527	28046	855.85	440.55	936.34	431.87	1.77	119.99	0.50	63.12	4879.90	-4825.51	3528.88
Fixation L	1	10	6393338527	6393598579	260052	925.37	454.59	19	37	-1	11.78	11.78
Fixation R	1	10	6393338527	6393598579	260052	925.37	454.59	19	37	-1	12.56	12.56
Saccade L	1	10	6393598579	6393628584	30005	921.87	468.35	1022.47	453.20	2.19	138.94	0.47	72.85	5733.42	-5523.51	4154.17
Saccade R	1	10	6393598579	6393628584	30005	921.87	468.35	1022.47	453.20	2.19	138.94	0.47	72.85	5733.42	-5523.51	4154.17
Fixation L	1	11	6393628584	6393822695	194111	1009.08	452.71	27	25	-1	11.85	11.85
Fixation R	1	11	6393628584	6393822695	194111	1009.08	452.71	27	25	-1	12.60	12.60
Saccade L	1	11	6393822695	6393850371	27676	995.13	443.54	1065.86	464.24	1.68	111.47	0.51	60.62	4619.79	-4151.56	3161.85
Saccade R	1	11	6393822695	6393850371	27676	995.13	443.54	1065.86	464.24	1.68	111.47	0.51	60.62	4619.79	-4151.56	3161.85
Fixation L	1	12	6393850371	6394036840	186469	1059.98	464.19	20	31	-1	11.86	11.86
Fixation R	1	12	6393850371	6394036840	186469	1059.98	464.19	20	31	-1	12.55	12.55
Saccade L	1	12	6394036840	6394068813	31973	1062.89	461.18	968.94	466.25	2.19	138.33	0.50	68.53	5618.82	-5333.21	4014.59
Saccade R	1	12	6394036840	6394068813	31973	1062.89	461.18	968.94	466.25	2.19	138.33	0.50	68.53	5618.82	-5333.21	4014.59
Fixation L	1	13	6394068813	6394220931	152118	980.14	463.28	22	13	-1	11.99	11.99
Fixation R	1	13	6394068813	6394220931	152118	980.14	463.28	22	13	-1	12.48	12.48
Saccade L	1	13	6394220931	6394266930	45999	979.39	470.50	1043.53	455.81	2.64	153.64	0.26	57.30	6366.63	-4971.48	2989.68
Saccade R	1	13	6394220931	6394266930	45999	979.39	470.50	1043.53	455.81	2.64	153.64	0.26	57.30	6366.63	-4971.48	2989.68
Fixation L	1	14	6394266930	6394316955	50025	1050.42	458.52	15	5	-1	11.81	11.81
Fixation R	1	14	6394266930	6394316955	50025	1050.42	458.52	15	5	-1	12.51	12.51
Fixation L	1	15	6394334953	6394629052	294099	1088.30	456.99	15	24	-1	11.79	11.79
Fixation R	1	15	6394334953	6394629052	294099	1088.30	456.99	15	24	-1	12.53	12.53
Saccade L	1	14	6394629052	6394651073	22021	1094.47	447.59	1132.59	447.02	0.79	63.13	0.54	36.00	2583.10	-1723.23	1478.58
Saccade R	1	14	6394629052	6394651073	22021	1094.47	447.59	1132.59	447.02	0.79	63.13	0.54	36.00	2583.10	-1723.23	1478.58
Fixation L	1	16	6394651073	6394808305	157232	1122.48	440.95	22	12	-1	11.79	11.79
Fixation R	1	16	6394651073	6394808305	157232	1122.48	440.95	22	12	-1	12.68	12.68
Blink L	1	1	6394808305	6394957253	148948
Blink R	1	1	6394808305	6394957253	148948
Saccade L	1	15	6394957253	6394997702	40449	718.14	430.91	870.81	396.76	3.69	226.16	0.39	91.20	3928.88	-21173.49	5788.82
Saccade R	1	15	6394957253	6394997702	40449	718.14	430.91	870.81	396.76	3.69	226.16	0.39	91.20	3928.88	-21173.49	5788.82
Fixation L	1	17	6394997702	6395225268	227566	871.73	437.34	24	56	-1	11.84	11.84
Fixation R	1	17	6394997702	6395225268	227566	871.73	437.34	24	56	-1	12.46	12.46
Saccade L	1	16	6395225268	6395257802	32534	874.59	438.99	1034.17	454.29	3.51	221.63	0.46	107.90	9569.33	-9246.38	6886.12
Saccade R	1	16	6395225268	6395257802	32534	874.59	438.99	1034.17	454.29	3.51	221.63	0.46	107.90	9569.33	-9246.38	6886.12
Fixation L	1	18	6395257802	6395366066	108264	1018.46	456.53	24	12	-1	12.06	12.06
Fixation R	1	18	6395257802	6395366066	108264	1018.46	456.53	24	12	-1	12.86	12.86
Saccade L	1	17	6395366066	6395396543	30477	1019.32	461.29	1105.46	455.33	1.84	138.58	0.63	60.33	4933.08	-4812.43	3103.27
Saccade R	1	17	6395366066	6395396543	30477	1019.32	461.29	1105.46	455.33	1.84	138.58	0.63	60.33	4933.08	-4812.43	3103.27
Fixation L	1	19	6395396543	6395535304	138761	1094.64	442.24	22	19	-1	12.04	12.04
Fixation R	1	19	6395396543	6395535304	138761	1094.64	442.24	22	19	-1	12.85	12.85
Blink L	1	2	6395535304	6395691109	155805
Blink R	1	2	6395535304	6395691109	155805
Fixation L	1	20	6395691109	6396175730	484621	858.49	924.02	40	68	-1	12.48	12.48
Fixation R	1	20	6395691109	6396175730	484621	858.49	924.02	40	68	-1	13.12	13.12
