[BeGaze]
Converted from:	C:\Program Files\SMI\Experiment Suite 360\Experiment Center 2\Results\RC-Attachment-Exp\P15-eye_data.idf
Date:	18.03.2012 20:11:32
Version:	BeGaze 3.0.181
Sample Rate:	500
Subject:	P15
Description:	Run20

Table Header for Fixations:
Event Type	Trial	Number	Start	End	Duration	Location X	Location Y	Dispersion X	Dispersion Y	Plane	Avg. Pupil Size X	Avg. Pupil Size Y

Table Header for Saccades:
Event Type	Trial	Number	Start	End	Duration	Start Loc.X	Start Loc.Y	End Loc.X	End Loc.Y	Amplitude	Peak Speed	Peak Speed At	Average Speed	Peak Accel.	Peak Decel.	Average Accel.

Table Header for Blinks:
Event Type	Trial	Number	Start	End	Duration

Table Header for User Events:
Event Type	Trial	Number	Start	Description

UserEvent	1	1	2575993852	# Message: Dist-srcop-15.jpg
Fixation L	1	1	2575995210	2576781363	786153	532.93	426.75	67	51	-1	11.17	11.17
Fixation R	1	1	2575995210	2576781363	786153	532.93	426.75	67	51	-1	10.88	10.88
Saccade L	1	1	2576781363	2576819579	38216	544.58	448.29	605.84	436.56	1.37	53.73	0.31	35.82	2174.76	-1462.43	1217.00
Saccade R	1	1	2576781363	2576819579	38216	544.58	448.29	605.84	436.56	1.37	53.73	0.31	35.82	2174.76	-1462.43	1217.00
Fixation L	1	2	2576819579	2577409703	590124	670.10	425.52	101	27	-1	11.63	11.63
Fixation R	1	2	2576819579	2577409703	590124	670.10	425.52	101	27	-1	11.38	11.38
Saccade L	1	2	2577409703	2577439591	29888	707.45	432.33	747.63	425.34	0.90	44.07	0.33	30.08	1788.26	-1221.70	998.28
Saccade R	1	2	2577409703	2577439591	29888	707.45	432.33	747.63	425.34	0.90	44.07	0.33	30.08	1788.26	-1221.70	998.28
Fixation L	1	3	2577439591	2577613695	174104	754.12	430.98	12	17	-1	12.00	12.00
Fixation R	1	3	2577439591	2577613695	174104	754.12	430.98	12	17	-1	11.56	11.56
Saccade L	1	3	2577613695	2577644090	30395	755.44	436.21	799.51	426.29	0.97	44.96	0.40	32.03	1759.56	-1336.48	1119.35
Saccade R	1	3	2577613695	2577644090	30395	755.44	436.21	799.51	426.29	0.97	44.96	0.40	32.03	1759.56	-1336.48	1119.35
Fixation L	1	4	2577644090	2578215954	571864	826.73	435.06	73	46	-1	11.84	11.84
Fixation R	1	4	2577644090	2578215954	571864	826.73	435.06	73	46	-1	11.52	11.52
Saccade L	1	4	2578215954	2578256458	40504	855.46	431.23	922.93	437.94	1.47	54.19	0.59	36.37	1522.77	-2116.85	1252.56
Saccade R	1	4	2578215954	2578256458	40504	855.46	431.23	922.93	437.94	1.47	54.19	0.59	36.37	1522.77	-2116.85	1252.56
Fixation L	1	5	2578256458	2578444063	187605	915.21	427.54	21	20	-1	11.59	11.59
Fixation R	1	5	2578256458	2578444063	187605	915.21	427.54	21	20	-1	11.20	11.20
Saccade L	1	5	2578444063	2578480066	36003	917.18	425.48	1004.49	427.42	1.90	94.84	0.39	52.87	3718.26	-3359.51	2517.85
Saccade R	1	5	2578444063	2578480066	36003	917.18	425.48	1004.49	427.42	1.90	94.84	0.39	52.87	3718.26	-3359.51	2517.85
Fixation L	1	6	2578480066	2578645607	165541	1007.26	439.71	15	19	-1	11.56	11.56
Fixation R	1	6	2578480066	2578645607	165541	1007.26	439.71	15	19	-1	11.26	11.26
Saccade L	1	6	2578645607	2578681844	36237	998.33	446.64	1070.57	443.92	1.55	71.66	0.29	42.72	2418.04	-2212.89	1655.97
Saccade R	1	6	2578645607	2578681844	36237	998.33	446.64	1070.57	443.92	1.55	71.66	0.29	42.72	2418.04	-2212.89	1655.97
Fixation L	1	7	2578681844	2579154361	472517	1075.63	446.57	36	48	-1	11.99	11.99
Fixation R	1	7	2578681844	2579154361	472517	1075.63	446.57	36	48	-1	11.70	11.70
Saccade L	1	7	2579154361	2579182420	28059	1075.54	420.65	1136.87	397.90	1.36	85.15	0.43	48.53	3680.67	-3452.41	2550.90
Saccade R	1	7	2579154361	2579182420	28059	1075.54	420.65	1136.87	397.90	1.36	85.15	0.43	48.53	3680.67	-3452.41	2550.90
Fixation L	1	8	2579182420	2579942653	760233	1144.84	426.09	58	68	-1	11.94	11.94
Fixation R	1	8	2579182420	2579942653	760233	1144.84	426.09	58	68	-1	11.71	11.71
Saccade L	1	8	2579942653	2580014769	72116	1144.06	451.46	983.57	831.19	9.69	211.31	0.30	134.42	8791.38	-7813.20	4421.92
Saccade R	1	8	2579942653	2580014769	72116	1144.06	451.46	983.57	831.19	9.69	211.31	0.30	134.42	8791.38	-7813.20	4421.92
Fixation L	1	9	2580014769	2580130759	115990	976.72	851.40	27	32	-1	12.19	12.19
Fixation R	1	9	2580014769	2580130759	115990	976.72	851.40	27	32	-1	11.81	11.81
Saccade L	1	9	2580130759	2580167433	36674	964.06	853.19	949.82	942.29	2.08	101.52	0.38	56.80	4265.86	-3605.12	2838.76
Saccade R	1	9	2580130759	2580167433	36674	964.06	853.19	949.82	942.29	2.08	101.52	0.38	56.80	4265.86	-3605.12	2838.76
Fixation L	1	10	2580167433	2580314891	147458	936.06	957.77	38	25	-1	12.34	12.34
Fixation R	1	10	2580167433	2580314891	147458	936.06	957.77	38	25	-1	11.87	11.87
Saccade L	1	10	2580314891	2580344958	30067	930.27	953.51	871.22	964.07	1.25	68.04	0.39	41.50	2356.96	-2357.30	1620.29
Saccade R	1	10	2580314891	2580344958	30067	930.27	953.51	871.22	964.07	1.25	68.04	0.39	41.50	2356.96	-2357.30	1620.29
Fixation L	1	11	2580344958	2580663004	318046	864.12	940.86	46	47	-1	12.26	12.26
Fixation R	1	11	2580344958	2580663004	318046	864.12	940.86	46	47	-1	11.47	11.47
