[BeGaze]
Converted from:	C:\Program Files\SMI\Experiment Suite 360\Experiment Center 2\Results\RC-Attachment-Exp\P03-eye_data.idf
Date:	18.03.2012 20:04:44
Version:	BeGaze 3.0.181
Sample Rate:	500
Subject:	P03
Description:	Run8

Table Header for Fixations:
Event Type	Trial	Number	Start	End	Duration	Location X	Location Y	Dispersion X	Dispersion Y	Plane	Avg. Pupil Size X	Avg. Pupil Size Y

Table Header for Saccades:
Event Type	Trial	Number	Start	End	Duration	Start Loc.X	Start Loc.Y	End Loc.X	End Loc.Y	Amplitude	Peak Speed	Peak Speed At	Average Speed	Peak Accel.	Peak Decel.	Average Accel.

Table Header for Blinks:
Event Type	Trial	Number	Start	End	Duration

Table Header for User Events:
Event Type	Trial	Number	Start	Description

UserEvent	1	1	781654873	# Message: Questionnaire3.jpg
Fixation L	1	1	781657323	781830296	172973	867.36	975.25	30	31	-1	11.12	11.12
Fixation R	1	1	781657323	781830296	172973	867.36	975.25	30	31	-1	10.43	10.43
Saccade L	1	1	781830296	781852437	22141	873.94	976.56	883.53	947.22	0.66	41.58	0.45	30.01	1054.23	-1292.98	869.85
Saccade R	1	1	781830296	781852437	22141	873.94	976.56	883.53	947.22	0.66	41.58	0.45	30.01	1054.23	-1292.98	869.85
Fixation L	1	2	781852437	781990298	137861	884.79	959.55	15	29	-1	11.16	11.16
Fixation R	1	2	781852437	781990298	137861	884.79	959.55	15	29	-1	10.30	10.30
Saccade L	1	2	781990298	782056309	66011	892.17	955.94	549.96	496.54	13.02	386.39	0.27	197.26	17271.50	-8819.58	8522.04
Saccade R	1	2	781990298	782056309	66011	892.17	955.94	549.96	496.54	13.02	386.39	0.27	197.26	17271.50	-8819.58	8522.04
Fixation L	1	3	782056309	782182416	126107	543.55	490.58	15	14	-1	10.33	10.33
Fixation R	1	3	782056309	782182416	126107	543.55	490.58	15	14	-1	9.52	9.52
Saccade L	1	3	782182416	782218402	35986	547.03	489.67	502.01	383.57	2.49	117.28	0.39	69.16	5195.97	-4684.23	3594.54
Saccade R	1	3	782182416	782218402	35986	547.03	489.67	502.01	383.57	2.49	117.28	0.39	69.16	5195.97	-4684.23	3594.54
Fixation L	1	4	782218402	782356414	138012	509.43	386.87	12	12	-1	10.21	10.21
Fixation R	1	4	782218402	782356414	138012	509.43	386.87	12	12	-1	9.46	9.46
Saccade L	1	4	782356414	782388522	32108	506.45	393.93	450.80	364.07	1.43	65.03	0.44	44.39	2524.37	-2559.60	1878.61
Saccade R	1	4	782356414	782388522	32108	506.45	393.93	450.80	364.07	1.43	65.03	0.44	44.39	2524.37	-2559.60	1878.61
Fixation L	1	5	782388522	782562515	173993	450.96	362.96	15	7	-1	10.34	10.34
Fixation R	1	5	782388522	782562515	173993	450.96	362.96	15	7	-1	9.52	9.52
Saccade L	1	5	782562515	782598508	35993	454.18	358.52	605.23	364.73	3.50	201.67	0.44	97.34	8428.30	-8085.47	5893.19
Saccade R	1	5	782562515	782598508	35993	454.18	358.52	605.23	364.73	3.50	201.67	0.44	97.34	8428.30	-8085.47	5893.19
Fixation L	1	6	782598508	782734491	135983	604.93	368.97	11	8	-1	10.34	10.34
Fixation R	1	6	782598508	782734491	135983	604.93	368.97	11	8	-1	9.69	9.69
Saccade L	1	6	782734491	782770620	36129	601.40	365.85	721.85	372.15	2.50	132.54	0.34	69.15	5681.47	-4913.19	3825.85
Saccade R	1	6	782734491	782770620	36129	601.40	365.85	721.85	372.15	2.50	132.54	0.34	69.15	5681.47	-4913.19	3825.85
Fixation L	1	7	782770620	782936743	166123	721.79	372.51	8	8	-1	10.67	10.67
Fixation R	1	7	782770620	782936743	166123	721.79	372.51	8	8	-1	10.13	10.13
Saccade L	1	7	782936743	782973931	37188	724.99	377.59	845.50	372.48	2.66	129.39	0.43	71.63	5611.53	-5435.00	4025.39
Saccade R	1	7	782936743	782973931	37188	724.99	377.59	845.50	372.48	2.66	129.39	0.43	71.63	5611.53	-5435.00	4025.39
Fixation L	1	8	782973931	783148911	174980	842.62	368.73	10	6	-1	10.99	10.99
Fixation R	1	8	782973931	783148911	174980	842.62	368.73	10	6	-1	10.37	10.37
Saccade L	1	8	783148911	783179349	30438	837.74	369.31	905.83	364.22	1.48	76.24	0.45	48.58	3258.45	-3067.67	2316.95
Saccade R	1	8	783148911	783179349	30438	837.74	369.31	905.83	364.22	1.48	76.24	0.45	48.58	3258.45	-3067.67	2316.95
Fixation L	1	9	783179349	783308861	129512	900.87	371.20	12	10	-1	11.18	11.18
Fixation R	1	9	783179349	783308861	129512	900.87	371.20	12	10	-1	10.48	10.48
Saccade L	1	9	783308861	783364854	55993	896.08	372.19	521.14	436.30	8.63	275.44	0.32	154.11	12313.55	-9230.03	7534.53
Saccade R	1	9	783308861	783364854	55993	896.08	372.19	521.14	436.30	8.63	275.44	0.32	154.11	12313.55	-9230.03	7534.53
Fixation L	1	10	783364854	783520971	156117	508.89	439.20	19	22	-1	11.49	11.49
Fixation R	1	10	783364854	783520971	156117	508.89	439.20	19	22	-1	10.61	10.61
Saccade L	1	10	783520971	783550968	29997	505.97	424.73	449.69	452.43	1.42	79.43	0.56	47.36	3172.77	-3029.61	2260.56
Saccade R	1	10	783520971	783550968	29997	505.97	424.73	449.69	452.43	1.42	79.43	0.56	47.36	3172.77	-3029.61	2260.56
Fixation L	1	11	783550968	784045201	494233	454.97	460.69	14	15	-1	11.47	11.47
Fixation R	1	11	783550968	784045201	494233	454.97	460.69	14	15	-1	10.74	10.74
Saccade L	1	11	784045201	784081199	35998	453.47	460.57	511.74	385.38	2.12	103.40	0.39	59.03	4530.83	-3888.87	3010.30
Saccade R	1	11	784045201	784081199	35998	453.47	460.57	511.74	385.38	2.12	103.40	0.39	59.03	4530.83	-3888.87	3010.30
Fixation L	1	12	784081199	784385599	304400	517.76	398.94	25	28	-1	11.50	11.50
Fixation R	1	12	784081199	784385599	304400	517.76	398.94	25	28	-1	10.77	10.77
Saccade L	1	12	784385599	784414407	28808	530.34	412.40	467.63	444.58	1.58	95.21	0.41	54.99	3855.65	-3761.43	2757.92
Saccade R	1	12	784385599	784414407	28808	530.34	412.40	467.63	444.58	1.58	95.21	0.41	54.99	3855.65	-3761.43	2757.92
Fixation L	1	13	784414407	784673425	259018	464.73	455.82	19	25	-1	11.09	11.09
Fixation R	1	13	784414407	784673425	259018	464.73	455.82	19	25	-1	10.42	10.42
Blink L	1	1	784673425	784995538	322113
Blink R	1	1	784673425	784995538	322113
Saccade L	1	13	785009539	785067728	58189	480.09	524.51	469.25	527.26	34.32	1360.18	0.28	589.79	43549.70	-50263.04	20988.00
Saccade R	1	13	785009539	785067728	58189	480.09	524.51	469.25	527.26	34.32	1360.18	0.28	589.79	43549.70	-50263.04	20988.00
Fixation L	1	14	785067728	785173651	105923	455.97	522.55	36	23	-1	10.88	10.88
Fixation R	1	14	785067728	785173651	105923	455.97	522.55	36	23	-1	9.89	9.89
Blink L	1	2	785203653	785283659	80006
Blink R	1	2	785203653	785283659	80006
Blink L	1	3	785283659	785907872	624213
Blink R	1	3	785283659	785907872	624213
Fixation L	1	15	785907872	786108000	200128	395.53	401.96	14	36	-1	11.58	11.58
Fixation R	1	15	785907872	786108000	200128	395.53	401.96	14	36	-1	10.70	10.70
Saccade L	1	14	786108000	786138535	30535	397.46	408.70	399.27	411.09	4.83	186.92	0.79	158.06	9056.60	-9167.79	7132.60
Saccade R	1	14	786108000	786138535	30535	397.46	408.70	399.27	411.09	4.83	186.92	0.79	158.06	9056.60	-9167.79	7132.60
Fixation L	1	16	786138535	787914840	1776305	383.28	431.31	38	39	-1	10.81	10.81
Fixation R	1	16	786138535	787914840	1776305	383.28	431.31	38	39	-1	9.94	9.94
Blink L	1	4	787914840	787945240	30400
Blink R	1	4	787914840	787945240	30400
Fixation L	1	17	787945240	788296973	351733	385.25	437.14	22	17	-1	10.58	10.58
Fixation R	1	17	787945240	788296973	351733	385.25	437.14	22	17	-1	9.79	9.79
UserEvent	1	160	787949449	# Message: UE-mouseclick left x=361 y=437
Saccade L	1	15	788296973	788327026	30053	387.98	445.05	432.53	507.84	1.64	88.62	0.53	54.43	3584.61	-3593.76	2629.56
Saccade R	1	15	788296973	788327026	30053	387.98	445.05	432.53	507.84	1.64	88.62	0.53	54.43	3584.61	-3593.76	2629.56
Fixation L	1	18	788327026	788868462	541436	435.57	515.29	25	21	-1	10.77	10.77
Fixation R	1	18	788327026	788868462	541436	435.57	515.29	25	21	-1	10.05	10.05
UserEvent	1	182	788789345	# Message: UE-mouseclick left x=431 y=526
