[BeGaze]
Converted from:	C:\Program Files\SMI\Experiment Suite 360\Experiment Center 2\Results\RC-Attachment-Exp\P35-eye_data.idf
Date:	18.03.2012 20:32:15
Version:	BeGaze 3.0.181
Sample Rate:	500
Subject:	P35
Description:	Run40

Table Header for Fixations:
Event Type	Trial	Number	Start	End	Duration	Location X	Location Y	Dispersion X	Dispersion Y	Plane	Avg. Pupil Size X	Avg. Pupil Size Y

Table Header for Saccades:
Event Type	Trial	Number	Start	End	Duration	Start Loc.X	Start Loc.Y	End Loc.X	End Loc.Y	Amplitude	Peak Speed	Peak Speed At	Average Speed	Peak Accel.	Peak Decel.	Average Accel.

Table Header for Blinks:
Event Type	Trial	Number	Start	End	Duration

Table Header for User Events:
Event Type	Trial	Number	Start	Description

UserEvent	1	1	2152973836	# Message: Questionnaire14.jpg
Fixation L	1	1	2152984886	2153346089	361203	854.92	981.54	29	44	-1	11.30	11.30
Fixation R	1	1	2152984886	2153346089	361203	854.92	981.54	29	44	-1	11.48	11.48
Saccade L	1	1	2153346089	2153433123	87034	838.44	996.36	461.86	400.71	16.78	438.98	0.32	192.85	17427.49	-9872.36	8205.45
Saccade R	1	1	2153346089	2153433123	87034	838.44	996.36	461.86	400.71	16.78	438.98	0.32	192.85	17427.49	-9872.36	8205.45
Fixation L	1	2	2153433123	2153712329	279206	487.93	376.95	51	51	-1	11.54	11.54
Fixation R	1	2	2153433123	2153712329	279206	487.93	376.95	51	51	-1	11.58	11.58
Saccade L	1	2	2153712329	2153756327	43998	497.75	348.81	616.55	354.73	2.58	120.88	0.27	58.57	4144.47	-3134.17	2390.61
Saccade R	1	2	2153712329	2153756327	43998	497.75	348.81	616.55	354.73	2.58	120.88	0.27	58.57	4144.47	-3134.17	2390.61
Fixation L	1	3	2153756327	2153930490	174163	612.01	360.87	16	16	-1	11.49	11.49
Fixation R	1	3	2153756327	2153930490	174163	612.01	360.87	16	16	-1	11.94	11.94
Saccade L	1	3	2153930490	2153956506	26016	606.46	361.80	665.54	359.92	1.20	75.10	0.46	46.12	2984.80	-2796.26	2068.28
Saccade R	1	3	2153930490	2153956506	26016	606.46	361.80	665.54	359.92	1.20	75.10	0.46	46.12	2984.80	-2796.26	2068.28
Fixation L	1	4	2153956506	2154072485	115979	668.45	364.14	12	9	-1	11.68	11.68
Fixation R	1	4	2153956506	2154072485	115979	668.45	364.14	12	9	-1	12.27	12.27
Saccade L	1	4	2154072485	2154118941	46456	670.29	362.62	455.31	362.27	4.75	214.72	0.34	102.15	9212.65	-6502.42	5222.77
Saccade R	1	4	2154072485	2154118941	46456	670.29	362.62	455.31	362.27	4.75	214.72	0.34	102.15	9212.65	-6502.42	5222.77
Fixation L	1	5	2154118941	2154504726	385785	471.32	375.67	54	30	-1	12.37	12.37
Fixation R	1	5	2154118941	2154504726	385785	471.32	375.67	54	30	-1	12.65	12.65
Saccade L	1	5	2154504726	2154538692	33966	482.84	384.68	422.20	463.02	2.31	129.38	0.35	68.04	5276.44	-4738.57	3587.13
Saccade R	1	5	2154504726	2154538692	33966	482.84	384.68	422.20	463.02	2.31	129.38	0.35	68.04	5276.44	-4738.57	3587.13
Fixation L	1	6	2154538692	2154682699	144007	428.03	463.41	17	20	-1	12.60	12.60
Fixation R	1	6	2154538692	2154682699	144007	428.03	463.41	17	20	-1	13.11	13.11
Saccade L	1	6	2154682699	2154728816	46117	430.51	456.16	519.97	388.97	2.66	113.01	0.26	57.79	4324.34	-3254.69	2503.14
Saccade R	1	6	2154682699	2154728816	46117	430.51	456.16	519.97	388.97	2.66	113.01	0.26	57.79	4324.34	-3254.69	2503.14
Fixation L	1	7	2154728816	2154886826	158010	533.04	387.63	19	18	-1	12.68	12.68
Fixation R	1	7	2154728816	2154886826	158010	533.04	387.63	19	18	-1	13.32	13.32
Saccade L	1	7	2154886826	2154910851	24025	529.52	388.72	590.72	375.59	1.32	91.43	0.42	54.77	3448.57	-3542.80	2444.49
Saccade R	1	7	2154886826	2154910851	24025	529.52	388.72	590.72	375.59	1.32	91.43	0.42	54.77	3448.57	-3542.80	2444.49
Fixation L	1	8	2154910851	2154994971	84120	601.31	382.08	20	15	-1	12.70	12.70
Fixation R	1	8	2154910851	2154994971	84120	601.31	382.08	20	15	-1	13.24	13.24
Saccade L	1	8	2154994971	2155026930	31959	607.54	376.43	665.04	370.33	1.32	66.78	0.50	41.20	2543.87	-2560.05	1870.58
Saccade R	1	8	2154994971	2155026930	31959	607.54	376.43	665.04	370.33	1.32	66.78	0.50	41.20	2543.87	-2560.05	1870.58
Fixation L	1	9	2155026930	2155138928	111998	665.26	377.14	10	12	-1	12.39	12.39
Fixation R	1	9	2155026930	2155138928	111998	665.26	377.14	10	12	-1	13.00	13.00
Saccade L	1	9	2155138928	2155192946	54018	666.80	382.49	411.67	499.26	6.60	242.42	0.30	122.24	10590.29	-6322.71	5883.60
Saccade R	1	9	2155138928	2155192946	54018	666.80	382.49	411.67	499.26	6.60	242.42	0.30	122.24	10590.29	-6322.71	5883.60
Fixation L	1	10	2155192946	2156141430	948484	424.68	474.97	39	50	-1	12.00	12.00
Fixation R	1	10	2155192946	2156141430	948484	424.68	474.97	39	50	-1	12.26	12.26
UserEvent	1	73	2155846717	# Message: UE-mouseclick left x=418 y=433
Saccade L	1	10	2156141430	2156181721	40291	428.08	468.57	467.24	551.94	1.97	80.53	0.30	48.87	3185.92	-2403.24	2067.06
Saccade R	1	10	2156141430	2156181721	40291	428.08	468.57	467.24	551.94	1.97	80.53	0.30	48.87	3185.92	-2403.24	2067.06
Fixation L	1	11	2156181721	2156623346	441625	465.70	558.02	30	30	-1	12.12	12.12
Fixation R	1	11	2156181721	2156623346	441625	465.70	558.02	30	30	-1	12.44	12.44
UserEvent	1	92	2156566705	# Message: UE-mouseclick left x=447 y=528
