[BeGaze]
Converted from:	C:\Program Files\SMI\Experiment Suite 360\Experiment Center 2\Results\RC-Attachment-Exp\P33-eye_data.idf
Date:	18.03.2012 20:29:15
Version:	BeGaze 3.0.181
Sample Rate:	500
Subject:	P33
Description:	Run38

Table Header for Fixations:
Event Type	Trial	Number	Start	End	Duration	Location X	Location Y	Dispersion X	Dispersion Y	Plane	Avg. Pupil Size X	Avg. Pupil Size Y

Table Header for Saccades:
Event Type	Trial	Number	Start	End	Duration	Start Loc.X	Start Loc.Y	End Loc.X	End Loc.Y	Amplitude	Peak Speed	Peak Speed At	Average Speed	Peak Accel.	Peak Decel.	Average Accel.

Table Header for Blinks:
Event Type	Trial	Number	Start	End	Duration

Table Header for User Events:
Event Type	Trial	Number	Start	Description

UserEvent	1	1	3442052135	# Message: Dist-orcop-6.jpg
Fixation L	1	1	3442052914	3442848872	795958	567.39	437.04	56	41	-1	12.46	12.46
Fixation R	1	1	3442052914	3442848872	795958	567.39	437.04	56	41	-1	12.91	12.91
Saccade L	1	1	3442848872	3442870869	21997	576.07	458.93	533.20	456.61	0.87	58.63	0.46	39.52	2313.72	-2299.18	1574.06
Saccade R	1	1	3442848872	3442870869	21997	576.07	458.93	533.20	456.61	0.87	58.63	0.46	39.52	2313.72	-2299.18	1574.06
Fixation L	1	2	3442870869	3443023393	152524	539.46	461.85	16	15	-1	12.76	12.76
Fixation R	1	2	3442870869	3443023393	152524	539.46	461.85	16	15	-1	13.13	13.13
Saccade L	1	2	3443023393	3443044990	21597	538.38	454.36	597.27	444.38	1.28	101.84	0.44	59.06	3745.35	-3734.07	2613.49
Saccade R	1	2	3443023393	3443044990	21597	538.38	454.36	597.27	444.38	1.28	101.84	0.44	59.06	3745.35	-3734.07	2613.49
Fixation L	1	3	3443044990	3443186982	141992	603.74	456.70	12	22	-1	12.45	12.45
Fixation R	1	3	3443044990	3443186982	141992	603.74	456.70	12	22	-1	12.86	12.86
Saccade L	1	3	3443186982	3443220988	34006	607.22	462.93	677.17	451.36	1.56	87.76	0.35	45.97	3734.94	-2894.87	2229.09
Saccade R	1	3	3443186982	3443220988	34006	607.22	462.93	677.17	451.36	1.56	87.76	0.35	45.97	3734.94	-2894.87	2229.09
Fixation L	1	4	3443220988	3443431101	210113	680.08	454.00	19	16	-1	12.13	12.13
Fixation R	1	4	3443220988	3443431101	210113	680.08	454.00	19	16	-1	12.56	12.56
Saccade L	1	4	3443431101	3443455102	24001	666.96	455.69	765.17	447.68	2.00	153.91	0.50	83.33	6247.12	-5968.56	4272.64
Saccade R	1	4	3443431101	3443455102	24001	666.96	455.69	765.17	447.68	2.00	153.91	0.50	83.33	6247.12	-5968.56	4272.64
Fixation L	1	5	3443455102	3443939326	484224	777.96	446.90	60	35	-1	11.90	11.90
Fixation R	1	5	3443455102	3443939326	484224	777.96	446.90	60	35	-1	12.45	12.45
Saccade L	1	5	3443939326	3443979335	40009	806.28	427.50	889.58	432.50	1.96	99.03	0.31	49.09	3450.74	-2961.34	2015.56
Saccade R	1	5	3443939326	3443979335	40009	806.28	427.50	889.58	432.50	1.96	99.03	0.31	49.09	3450.74	-2961.34	2015.56
Fixation L	1	6	3443979335	3444217446	238111	887.18	439.41	23	24	-1	11.80	11.80
Fixation R	1	6	3443979335	3444217446	238111	887.18	439.41	23	24	-1	12.38	12.38
Saccade L	1	6	3444217446	3444247456	30010	890.69	445.61	961.30	436.76	1.52	82.18	0.40	50.78	3569.32	-3152.13	2432.79
Saccade R	1	6	3444217446	3444247456	30010	890.69	445.61	961.30	436.76	1.52	82.18	0.40	50.78	3569.32	-3152.13	2432.79
Fixation L	1	7	3444247456	3444867670	620214	985.86	431.82	58	41	-1	11.74	11.74
Fixation R	1	7	3444247456	3444867670	620214	985.86	431.82	58	41	-1	12.22	12.22
Saccade L	1	7	3444867670	3444908616	40946	986.55	430.79	1069.57	425.68	1.91	78.31	0.34	46.60	3202.15	-2440.89	2025.48
Saccade R	1	7	3444867670	3444908616	40946	986.55	430.79	1069.57	425.68	1.91	78.31	0.34	46.60	3202.15	-2440.89	2025.48
Fixation L	1	8	3444908616	3445081077	172461	1085.55	432.97	37	31	-1	11.70	11.70
Fixation R	1	8	3444908616	3445081077	172461	1085.55	432.97	37	31	-1	12.18	12.18
Saccade L	1	8	3445081077	3445103785	22708	1105.87	434.06	1062.15	430.23	0.82	49.55	0.38	36.26	2076.09	-1722.36	1394.73
Saccade R	1	8	3445081077	3445103785	22708	1105.87	434.06	1062.15	430.23	0.82	49.55	0.38	36.26	2076.09	-1722.36	1394.73
Saccade L	1	9	3445116226	3445153403	37177	1065.15	427.93	1134.70	436.33	1.63	70.37	0.47	43.88	2674.67	-2650.19	1884.41
Saccade R	1	9	3445116226	3445153403	37177	1065.15	427.93	1134.70	436.33	1.63	70.37	0.47	43.88	2674.67	-2650.19	1884.41
Fixation L	1	9	3445153403	3445504018	350615	1154.64	430.55	44	28	-1	11.72	11.72
Fixation R	1	9	3445153403	3445504018	350615	1154.64	430.55	44	28	-1	12.15	12.15
Saccade L	1	10	3445504018	3445528281	24263	1130.92	428.17	1158.90	414.82	0.70	40.09	0.42	28.91	414.03	-882.90	468.70
Saccade R	1	10	3445504018	3445528281	24263	1130.92	428.17	1158.90	414.82	0.70	40.09	0.42	28.91	414.03	-882.90	468.70
Fixation L	1	10	3445528281	3446484360	956079	1153.91	429.49	47	32	-1	11.93	11.93
Fixation R	1	10	3445528281	3446484360	956079	1153.91	429.49	47	32	-1	12.32	12.32
Saccade L	1	11	3446484360	3446544492	60132	1162.83	427.62	633.97	453.76	13.10	432.73	0.52	217.90	18543.18	-13702.39	11225.61
Saccade R	1	11	3446484360	3446544492	60132	1162.83	427.62	633.97	453.76	13.10	432.73	0.52	217.90	18543.18	-13702.39	11225.61
Fixation L	1	11	3446544492	3446618500	74008	642.72	453.72	14	4	-1	12.54	12.54
Fixation R	1	11	3446544492	3446618500	74008	642.72	453.72	14	4	-1	12.73	12.73
Saccade L	1	12	3446618500	3446650481	31981	642.09	454.83	521.57	449.26	3.00	184.00	0.44	93.71	7741.22	-7711.84	5599.20
Saccade R	1	12	3446618500	3446650481	31981	642.09	454.83	521.57	449.26	3.00	184.00	0.44	93.71	7741.22	-7711.84	5599.20
Fixation L	1	12	3446650481	3446932623	282142	523.24	433.74	16	31	-1	12.55	12.55
Fixation R	1	12	3446650481	3446932623	282142	523.24	433.74	16	31	-1	12.91	12.91
Saccade L	1	13	3446932623	3446970592	37969	534.99	434.59	624.83	426.90	1.99	111.09	0.32	52.42	4183.83	-3449.51	2444.49
Saccade R	1	13	3446932623	3446970592	37969	534.99	434.59	624.83	426.90	1.99	111.09	0.32	52.42	4183.83	-3449.51	2444.49
Fixation L	1	13	3446970592	3447192714	222122	635.82	423.52	23	25	-1	12.26	12.26
Fixation R	1	13	3446970592	3447192714	222122	635.82	423.52	23	25	-1	12.78	12.78
Saccade L	1	14	3447192714	3447220712	27998	625.85	440.40	701.95	450.98	1.81	118.04	0.57	64.50	4201.81	-4425.62	3080.13
Saccade R	1	14	3447192714	3447220712	27998	625.85	440.40	701.95	450.98	1.81	118.04	0.57	64.50	4201.81	-4425.62	3080.13
Fixation L	1	14	3447220712	3447384827	164115	707.59	441.89	18	27	-1	12.05	12.05
Fixation R	1	14	3447220712	3447384827	164115	707.59	441.89	18	27	-1	12.62	12.62
Saccade L	1	15	3447384827	3447410827	26000	697.75	461.92	778.21	453.27	1.90	127.09	0.56	72.95	4855.92	-5038.85	3479.00
Saccade R	1	15	3447384827	3447410827	26000	697.75	461.92	778.21	453.27	1.90	127.09	0.56	72.95	4855.92	-5038.85	3479.00
Fixation L	1	15	3447410827	3447704941	294114	775.74	452.91	17	43	-1	12.05	12.05
Fixation R	1	15	3447410827	3447704941	294114	775.74	452.91	17	43	-1	12.56	12.56
Saccade L	1	16	3447704941	3447746941	42000	774.12	444.49	882.15	439.27	2.38	80.18	0.29	56.72	3369.06	-2992.62	2113.72
Saccade R	1	16	3447704941	3447746941	42000	774.12	444.49	882.15	439.27	2.38	80.18	0.29	56.72	3369.06	-2992.62	2113.72
Fixation L	1	16	3447746941	3447987053	240112	882.10	442.40	15	22	-1	12.13	12.13
Fixation R	1	16	3447746941	3447987053	240112	882.10	442.40	15	22	-1	12.50	12.50
Saccade L	1	17	3447987053	3448023054	36001	877.63	451.56	975.61	443.52	2.13	119.87	0.33	59.13	4701.32	-4020.36	2850.90
Saccade R	1	17	3447987053	3448023054	36001	877.63	451.56	975.61	443.52	2.13	119.87	0.33	59.13	4701.32	-4020.36	2850.90
Fixation L	1	17	3448023054	3448307168	284114	981.50	432.93	27	43	-1	12.05	12.05
Fixation R	1	17	3448023054	3448307168	284114	981.50	432.93	27	43	-1	12.56	12.56
Saccade L	1	18	3448307168	3448331184	24016	984.28	456.64	1049.85	448.56	1.41	103.01	0.50	58.67	3702.79	-3888.43	2710.85
Saccade R	1	18	3448307168	3448331184	24016	984.28	456.64	1049.85	448.56	1.41	103.01	0.50	58.67	3702.79	-3888.43	2710.85
Fixation L	1	18	3448331184	3448613289	282105	1058.25	440.04	22	23	-1	12.08	12.08
Fixation R	1	18	3448331184	3448613289	282105	1058.25	440.04	22	23	-1	12.56	12.56
Saccade L	1	19	3448613289	3448649298	36009	1046.72	434.61	1151.66	424.81	2.36	138.84	0.39	65.57	5529.89	-5138.25	3712.29
Saccade R	1	19	3448613289	3448649298	36009	1046.72	434.61	1151.66	424.81	2.36	138.84	0.39	65.57	5529.89	-5138.25	3712.29
Fixation L	1	19	3448649298	3448999522	350224	1144.74	441.11	38	34	-1	12.30	12.30
Fixation R	1	19	3448649298	3448999522	350224	1144.74	441.11	38	34	-1	12.68	12.68
Saccade L	1	20	3448999522	3449097700	98178	1122.47	442.77	997.43	882.47	11.90	259.41	0.53	121.19	10379.81	-7801.60	4336.04
Saccade R	1	20	3448999522	3449097700	98178	1122.47	442.77	997.43	882.47	11.90	259.41	0.53	121.19	10379.81	-7801.60	4336.04
Fixation L	1	20	3449097700	3449189645	91945	994.14	882.37	12	16	-1	12.66	12.66
Fixation R	1	20	3449097700	3449189645	91945	994.14	882.37	12	16	-1	13.04	13.04
Saccade L	1	21	3449189645	3449217507	27862	999.07	886.74	944.70	959.47	2.14	148.09	0.53	76.77	5905.26	-5851.75	4143.65
Saccade R	1	21	3449189645	3449217507	27862	999.07	886.74	944.70	959.47	2.14	148.09	0.53	76.77	5905.26	-5851.75	4143.65
Fixation L	1	21	3449217507	3449339639	122132	947.17	954.70	14	12	-1	12.68	12.68
Fixation R	1	21	3449217507	3449339639	122132	947.17	954.70	14	12	-1	12.91	12.91
Saccade L	1	22	3449339639	3449369630	29991	947.51	948.69	871.96	955.67	1.64	96.47	0.47	54.58	3802.75	-3894.54	2845.10
Saccade R	1	22	3449339639	3449369630	29991	947.51	948.69	871.96	955.67	1.64	96.47	0.47	54.58	3802.75	-3894.54	2845.10
Fixation L	1	22	3449369630	3449792115	422485	878.17	961.39	48	42	-1	12.20	12.20
Fixation R	1	22	3449369630	3449792115	422485	878.17	961.39	48	42	-1	12.77	12.77
