[BeGaze]
Converted from:	C:\Program Files\SMI\Experiment Suite 360\Experiment Center 2\Results\RC-Attachment-Exp\Denek04-eye_data.idf
Date:	18.03.2012 20:04:39
Version:	BeGaze 3.0.181
Sample Rate:	500
Subject:	Denek04
Description:	Run7

Table Header for Fixations:
Event Type	Trial	Number	Start	End	Duration	Location X	Location Y	Dispersion X	Dispersion Y	Plane	Avg. Pupil Size X	Avg. Pupil Size Y

Table Header for Saccades:
Event Type	Trial	Number	Start	End	Duration	Start Loc.X	Start Loc.Y	End Loc.X	End Loc.Y	Amplitude	Peak Speed	Peak Speed At	Average Speed	Peak Accel.	Peak Decel.	Average Accel.

Table Header for Blinks:
Event Type	Trial	Number	Start	End	Duration

Table Header for User Events:
Event Type	Trial	Number	Start	Description

UserEvent	1	1	6950642297	# Message: RC-nonforced-nonanim-6.jpg
Fixation L	1	1	6950643030	6951012937	369907	496.25	442.71	15	23	-1	11.32	11.32
Fixation R	1	1	6950643030	6951012937	369907	496.25	442.71	15	23	-1	11.80	11.80
Saccade L	1	1	6951012937	6951040928	27991	498.41	443.20	462.31	438.18	0.91	42.61	0.64	32.41	1572.20	-136.93	868.64
Saccade R	1	1	6951012937	6951040928	27991	498.41	443.20	462.31	438.18	0.91	42.61	0.64	32.41	1572.20	-136.93	868.64
Saccade L	1	2	6951044926	6951066920	21994	460.30	435.69	518.64	431.90	1.18	98.16	0.46	53.71	2193.66	-3658.64	2032.09
Saccade R	1	2	6951044926	6951066920	21994	460.30	435.69	518.64	431.90	1.18	98.16	0.46	53.71	2193.66	-3658.64	2032.09
Fixation L	1	2	6951066920	6951379037	312117	528.86	443.11	30	19	-1	11.47	11.47
Fixation R	1	2	6951066920	6951379037	312117	528.86	443.11	30	19	-1	11.96	11.96
Saccade L	1	3	6951379037	6951403913	24876	530.23	444.04	617.66	436.88	1.87	133.31	0.49	75.30	5148.52	-5114.36	3598.84
Saccade R	1	3	6951379037	6951403913	24876	530.23	444.04	617.66	436.88	1.87	133.31	0.49	75.30	5148.52	-5114.36	3598.84
Fixation L	1	3	6951403913	6951861268	457355	619.21	433.41	39	17	-1	11.38	11.38
Fixation R	1	3	6951403913	6951861268	457355	619.21	433.41	39	17	-1	11.86	11.86
Saccade L	1	4	6951861268	6951889265	27997	636.55	433.06	726.50	442.66	2.04	141.80	0.56	72.72	5730.91	-5827.42	4128.99
Saccade R	1	4	6951861268	6951889265	27997	636.55	433.06	726.50	442.66	2.04	141.80	0.56	72.72	5730.91	-5827.42	4128.99
Fixation L	1	4	6951889265	6952615612	726347	716.93	438.08	60	38	-1	11.24	11.24
Fixation R	1	4	6951889265	6952615612	726347	716.93	438.08	60	38	-1	11.65	11.65
Saccade L	1	5	6952615612	6952637608	21996	722.95	434.09	809.72	456.11	1.79	147.58	0.56	81.49	5650.06	-4168.11	3286.63
Saccade R	1	5	6952615612	6952637608	21996	722.95	434.09	809.72	456.11	1.79	147.58	0.56	81.49	5650.06	-4168.11	3286.63
Saccade L	1	6	6952637608	6952661621	24013	809.72	456.11	772.19	446.71	0.74	43.74	0.26	30.75	-615.23	-4168.11	1909.28
Saccade R	1	6	6952637608	6952661621	24013	809.72	456.11	772.19	446.71	0.74	43.74	0.26	30.75	-615.23	-4168.11	1909.28
Fixation L	1	5	6952661621	6952803726	142105	784.73	450.09	25	12	-1	11.05	11.05
Fixation R	1	5	6952661621	6952803726	142105	784.73	450.09	25	12	-1	11.62	11.62
Saccade L	1	7	6952803726	6952825732	22006	788.28	449.21	822.09	446.03	0.75	53.40	0.55	34.04	2036.85	-1972.54	1382.00
Saccade R	1	7	6952803726	6952825732	22006	788.28	449.21	822.09	446.03	0.75	53.40	0.55	34.04	2036.85	-1972.54	1382.00
Fixation L	1	6	6952825732	6953013721	187989	820.75	439.74	18	13	-1	11.03	11.03
Fixation R	1	6	6952825732	6953013721	187989	820.75	439.74	18	13	-1	11.67	11.67
Saccade L	1	8	6953013721	6953041721	28000	832.21	444.59	791.34	431.31	0.99	58.44	0.42	35.48	2453.81	-1813.35	1440.15
Saccade R	1	8	6953013721	6953041721	28000	832.21	444.59	791.34	431.31	0.99	58.44	0.42	35.48	2453.81	-1813.35	1440.15
Fixation L	1	7	6953041721	6953345969	304248	795.35	438.18	25	23	-1	11.02	11.02
Fixation R	1	7	6953041721	6953345969	304248	795.35	438.18	25	23	-1	11.64	11.64
Saccade L	1	9	6953345969	6953367972	22003	794.99	432.98	860.82	427.32	1.33	104.34	0.54	60.31	4063.52	-3763.90	2673.09
Saccade R	1	9	6953345969	6953367972	22003	794.99	432.98	860.82	427.32	1.33	104.34	0.54	60.31	4063.52	-3763.90	2673.09
Fixation L	1	8	6953367972	6953594925	226953	850.41	438.18	15	19	-1	11.11	11.11
Fixation R	1	8	6953367972	6953594925	226953	850.41	438.18	15	19	-1	11.77	11.77
Saccade L	1	10	6953594925	6953642358	47433	848.78	433.21	908.94	447.05	3.06	135.90	0.72	64.46	4981.24	-4505.79	3109.76
Saccade R	1	10	6953594925	6953642358	47433	848.78	433.21	908.94	447.05	3.06	135.90	0.72	64.46	4981.24	-4505.79	3109.76
Fixation L	1	9	6953642358	6953907523	265165	905.13	447.38	20	19	-1	11.21	11.21
Fixation R	1	9	6953642358	6953907523	265165	905.13	447.38	20	19	-1	11.90	11.90
Saccade L	1	11	6953907523	6953930188	22665	913.95	443.39	1009.79	446.78	1.81	140.78	0.47	79.90	5908.42	-5445.16	3999.92
Saccade R	1	11	6953907523	6953930188	22665	913.95	443.39	1009.79	446.78	1.81	140.78	0.47	79.90	5908.42	-5445.16	3999.92
Fixation L	1	10	6953930188	6954156298	226110	995.27	447.41	26	18	-1	11.09	11.09
Fixation R	1	10	6953930188	6954156298	226110	995.27	447.41	26	18	-1	11.64	11.64
Fixation L	1	11	6954176296	6954574406	398110	1038.93	439.78	24	27	-1	10.82	10.82
Fixation R	1	11	6954176296	6954574406	398110	1038.93	439.78	24	27	-1	11.38	11.38
Saccade L	1	12	6954574406	6954634414	60008	1043.06	444.15	1088.01	457.08	4.02	160.82	0.20	66.95	6427.95	-4470.36	2688.18
Saccade R	1	12	6954574406	6954634414	60008	1043.06	444.15	1088.01	457.08	4.02	160.82	0.20	66.95	6427.95	-4470.36	2688.18
Saccade L	1	13	6954673450	6954698540	25090	1091.40	450.26	1134.92	451.17	0.87	49.34	0.44	34.67	1593.28	-1898.88	1252.04
Saccade R	1	13	6954673450	6954698540	25090	1091.40	450.26	1134.92	451.17	0.87	49.34	0.44	34.67	1593.28	-1898.88	1252.04
Fixation L	1	12	6954698540	6954774524	75984	1130.63	451.75	17	6	-1	10.89	10.89
Fixation R	1	12	6954698540	6954774524	75984	1130.63	451.75	17	6	-1	11.39	11.39
Saccade L	1	14	6954840515	6954937345	96830	1139.70	455.79	839.18	951.99	16.05	305.28	0.29	165.73	13217.21	-9895.94	5940.41
Saccade R	1	14	6954840515	6954937345	96830	1139.70	455.79	839.18	951.99	16.05	305.28	0.29	165.73	13217.21	-9895.94	5940.41
Fixation L	1	13	6954937345	6955004640	67295	839.91	963.12	13	18	-1	11.59	11.59
Fixation R	1	13	6954937345	6955004640	67295	839.91	963.12	13	18	-1	12.17	12.17
Saccade L	1	15	6955004640	6955043152	38512	835.60	966.89	871.81	931.10	1.32	53.25	0.39	34.21	2015.40	-1667.44	1305.42
Saccade R	1	15	6955004640	6955043152	38512	835.60	966.89	871.81	931.10	1.32	53.25	0.39	34.21	2015.40	-1667.44	1305.42
Fixation L	1	14	6955043152	6955416744	373592	873.92	939.22	38	28	-1	11.55	11.55
Fixation R	1	14	6955043152	6955416744	373592	873.92	939.22	38	28	-1	12.13	12.13
