[BeGaze]
Converted from:	C:\Program Files\SMI\Experiment Suite 360\Experiment Center 2\Results\RC-Attachment-Exp\P16-eye_data.idf
Date:	18.03.2012 20:12:18
Version:	BeGaze 3.0.181
Sample Rate:	500
Subject:	P16
Description:	Run21

Table Header for Fixations:
Event Type	Trial	Number	Start	End	Duration	Location X	Location Y	Dispersion X	Dispersion Y	Plane	Avg. Pupil Size X	Avg. Pupil Size Y

Table Header for Saccades:
Event Type	Trial	Number	Start	End	Duration	Start Loc.X	Start Loc.Y	End Loc.X	End Loc.Y	Amplitude	Peak Speed	Peak Speed At	Average Speed	Peak Accel.	Peak Decel.	Average Accel.

Table Header for Blinks:
Event Type	Trial	Number	Start	End	Duration

Table Header for User Events:
Event Type	Trial	Number	Start	Description

UserEvent	1	1	1650276427	# Message: Questionnaire12.jpg
Fixation L	1	1	1650283995	1650697985	413990	922.77	922.21	25	32	-1	12.34	12.34
Fixation R	1	1	1650283995	1650697985	413990	922.77	922.21	25	32	-1	12.10	12.10
Fixation L	1	2	1650791979	1650873972	81993	697.30	577.25	9	35	-1	12.04	12.04
Fixation R	1	2	1650791979	1650873972	81993	697.30	577.25	9	35	-1	12.01	12.01
Saccade L	1	1	1650887961	1650936093	48132	741.34	610.23	448.27	388.41	7.10	294.92	0.25	147.53	11662.60	-8493.02	6975.50
Saccade R	1	1	1650887961	1650936093	48132	741.34	610.23	448.27	388.41	7.10	294.92	0.25	147.53	11662.60	-8493.02	6975.50
Fixation L	1	3	1650936093	1651048080	111987	460.18	389.17	18	18	-1	11.81	11.81
Fixation R	1	3	1650936093	1651048080	111987	460.18	389.17	18	18	-1	11.74	11.74
Saccade L	1	2	1651048080	1651078815	30735	462.47	397.42	399.85	365.24	1.50	80.65	0.46	48.66	3297.32	-3061.84	2232.17
Saccade R	1	2	1651048080	1651078815	30735	462.47	397.42	399.85	365.24	1.50	80.65	0.46	48.66	3297.32	-3061.84	2232.17
Fixation L	1	4	1651078815	1651400581	321766	414.85	382.19	23	32	-1	11.08	11.08
Fixation R	1	4	1651078815	1651400581	321766	414.85	382.19	23	32	-1	11.24	11.24
Saccade L	1	3	1651400581	1651443140	42559	421.35	390.36	535.61	392.58	2.83	143.39	0.46	66.53	5881.93	-5425.00	3957.53
Saccade R	1	3	1651400581	1651443140	42559	421.35	390.36	535.61	392.58	2.83	143.39	0.46	66.53	5881.93	-5425.00	3957.53
Fixation L	1	5	1651443140	1651578309	135169	532.25	387.97	11	15	-1	10.73	10.73
Fixation R	1	5	1651443140	1651578309	135169	532.25	387.97	11	15	-1	11.10	11.10
Saccade L	1	4	1651578309	1651610326	32017	527.45	382.85	490.65	373.35	1.19	68.69	0.49	37.32	2403.09	-2468.91	1692.66
Saccade R	1	4	1651578309	1651610326	32017	527.45	382.85	490.65	373.35	1.19	68.69	0.49	37.32	2403.09	-2468.91	1692.66
Fixation L	1	6	1651610326	1651696447	86121	485.94	376.08	8	15	-1	10.89	10.89
Fixation R	1	6	1651610326	1651696447	86121	485.94	376.08	8	15	-1	11.26	11.26
Saccade L	1	5	1651696447	1651726298	29851	484.63	384.58	408.10	369.97	2.02	137.76	0.47	67.72	4996.40	-4818.84	3442.68
Saccade R	1	5	1651696447	1651726298	29851	484.63	384.58	408.10	369.97	2.02	137.76	0.47	67.72	4996.40	-4818.84	3442.68
Fixation L	1	7	1651726298	1651786419	60121	417.74	364.50	23	30	-1	11.14	11.14
Fixation R	1	7	1651726298	1651786419	60121	417.74	364.50	23	30	-1	11.44	11.44
Saccade L	1	6	1651868425	1651909999	41574	419.55	369.89	570.92	394.78	3.79	219.59	0.31	91.07	9128.90	-8083.48	5383.70
Saccade R	1	6	1651868425	1651909999	41574	419.55	369.89	570.92	394.78	3.79	219.59	0.31	91.07	9128.90	-8083.48	5383.70
Fixation L	1	8	1651909999	1652092550	182551	574.80	379.94	17	26	-1	11.58	11.58
Fixation R	1	8	1651909999	1652092550	182551	574.80	379.94	17	26	-1	11.95	11.95
Saccade L	1	7	1652092550	1652122608	30058	571.38	389.07	687.22	378.39	2.66	168.09	0.47	88.37	6270.67	-6844.91	4847.84
Saccade R	1	7	1652092550	1652122608	30058	571.38	389.07	687.22	378.39	2.66	168.09	0.47	88.37	6270.67	-6844.91	4847.84
Fixation L	1	9	1652122608	1652364663	242055	692.99	376.30	32	20	-1	11.43	11.43
Fixation R	1	9	1652122608	1652364663	242055	692.99	376.30	32	20	-1	12.04	12.04
Saccade L	1	8	1652364663	1652400650	35987	691.13	375.30	831.55	367.75	3.14	156.42	0.44	87.13	6402.54	-6369.50	4833.29
Saccade R	1	8	1652364663	1652400650	35987	691.13	375.30	831.55	367.75	3.14	156.42	0.44	87.13	6402.54	-6369.50	4833.29
Fixation L	1	10	1652400650	1652547205	146555	828.75	365.08	16	21	-1	10.98	10.98
Fixation R	1	10	1652400650	1652547205	146555	828.75	365.08	16	21	-1	11.65	11.65
Saccade L	1	9	1652547205	1652578766	31561	836.28	368.12	826.11	375.99	7.41	307.94	0.45	234.64	14477.07	-14034.31	11327.34
Saccade R	1	9	1652547205	1652578766	31561	836.28	368.12	826.11	375.99	7.41	307.94	0.45	234.64	14477.07	-14034.31	11327.34
Fixation L	1	11	1652578766	1652736870	158104	829.77	366.38	12	18	-1	10.72	10.72
Fixation R	1	11	1652578766	1652736870	158104	829.77	366.38	12	18	-1	11.30	11.30
Saccade L	1	10	1652736870	1652762773	25903	827.66	367.64	865.84	381.72	0.79	44.00	0.54	30.42	1574.34	-1672.13	1183.40
Saccade R	1	10	1652736870	1652762773	25903	827.66	367.64	865.84	381.72	0.79	44.00	0.54	30.42	1574.34	-1672.13	1183.40
Fixation L	1	12	1652762773	1652947047	184274	861.22	367.87	10	26	-1	10.71	10.71
Fixation R	1	12	1652762773	1652947047	184274	861.22	367.87	10	26	-1	11.26	11.26
Saccade L	1	11	1652947047	1652968882	21835	856.58	370.45	898.57	372.39	0.81	57.74	0.45	37.24	2186.05	-1963.11	1381.74
Saccade R	1	11	1652947047	1652968882	21835	856.58	370.45	898.57	372.39	0.81	57.74	0.45	37.24	2186.05	-1963.11	1381.74
Fixation L	1	13	1652968882	1653022875	53993	894.73	369.14	12	9	-1	10.70	10.70
Fixation R	1	13	1652968882	1653022875	53993	894.73	369.14	12	9	-1	11.39	11.39
Saccade L	1	12	1653022875	1653054995	32120	893.19	367.74	892.17	348.45	8.56	315.08	0.28	266.40	15371.26	-15109.38	11924.22
Saccade R	1	12	1653022875	1653054995	32120	893.19	367.74	892.17	348.45	8.56	315.08	0.28	266.40	15371.26	-15109.38	11924.22
Fixation L	1	14	1653054995	1653107817	52822	894.32	357.21	4	15	-1	10.79	10.79
Fixation R	1	14	1653054995	1653107817	52822	894.32	357.21	4	15	-1	11.48	11.48
Saccade L	1	13	1653107817	1653131002	23185	896.09	357.26	942.65	361.05	0.93	66.50	0.48	40.24	2639.96	-2462.04	1769.69
Saccade R	1	13	1653107817	1653131002	23185	896.09	357.26	942.65	361.05	0.93	66.50	0.48	40.24	2639.96	-2462.04	1769.69
Fixation L	1	15	1653131002	1653359109	228107	941.76	366.45	39	42	-1	10.86	10.86
Fixation R	1	15	1653131002	1653359109	228107	941.76	366.45	39	42	-1	11.49	11.49
Saccade L	1	14	1653359109	1653417108	57999	960.48	349.89	954.01	329.66	6.13	188.39	0.21	105.71	6998.11	-5449.54	2792.74
Saccade R	1	14	1653359109	1653417108	57999	960.48	349.89	954.01	329.66	6.13	188.39	0.21	105.71	6998.11	-5449.54	2792.74
Saccade L	1	15	1653421109	1653505105	83996	953.93	330.10	392.31	532.40	14.37	412.86	0.26	171.10	17995.80	-12552.02	7606.13
Blink R	1	1	1653421109	1653531108	109999
Saccade L	1	16	1653505105	1653531108	26003	392.31	532.40	413.76	470.64	1.35	98.28	0.54	51.92	1836.23	-3228.16	1870.27
Fixation L	1	16	1653531108	1653819220	288112	410.62	477.55	40	50	-1	11.32	11.32
Fixation R	1	16	1653531108	1653819220	288112	410.62	477.55	40	50	-1	0.00	0.00
Saccade L	1	17	1653819220	1653851348	32128	404.44	461.01	388.69	482.44	1.02	51.30	0.75	31.81	1324.40	-550.19	623.94
Blink R	1	2	1653819220	1653873492	54272
Saccade L	1	18	1653879366	1653901338	21972	421.24	475.76	384.03	475.65	0.71	44.37	0.64	32.27	27716.35	-29.66	5908.70
Blink R	1	3	1653879366	1653931335	51969
Blink L	1	1	1653905564	1654529953	624389
Fixation R	1	17	1653931335	1654309456	378121	0.00	0.00	0	0	-1	0.00	0.00
Saccade R	1	15	1654309456	1654529953	220497	0.00	0.00	486.81	332.32	107.73	1130.92	0.94	488.59	43116.43	-42690.60	30468.44
Fixation L	1	17	1654529953	1654735682	205729	479.76	337.68	26	46	-1	11.73	11.73
Fixation R	1	18	1654529953	1654735682	205729	479.76	337.68	26	46	-1	12.20	12.20
Saccade L	1	19	1654735682	1654767699	32017	485.10	361.88	550.07	372.16	1.96	141.09	0.38	61.19	4908.42	-4896.68	3107.99
Saccade R	1	16	1654735682	1654767699	32017	485.10	361.88	550.07	372.16	1.96	141.09	0.38	61.19	4908.42	-4896.68	3107.99
Fixation L	1	18	1654767699	1654939679	171980	556.01	363.16	33	27	-1	11.55	11.55
Fixation R	1	19	1654767699	1654939679	171980	556.01	363.16	33	27	-1	12.01	12.01
Saccade L	1	20	1654939679	1654973671	33992	562.81	369.52	700.34	364.57	2.95	172.68	0.36	86.69	6927.54	-6817.53	4803.00
Saccade R	1	17	1654939679	1654973671	33992	562.81	369.52	700.34	364.57	2.95	172.68	0.36	86.69	6927.54	-6817.53	4803.00
Fixation L	1	19	1654973671	1655179790	206119	699.50	366.14	23	23	-1	11.23	11.23
Fixation R	1	20	1654973671	1655179790	206119	699.50	366.14	23	23	-1	11.68	11.68
Saccade L	1	21	1655179790	1655211806	32016	701.94	370.67	821.68	359.17	2.75	165.42	0.54	85.83	6933.20	-6842.87	5019.46
Saccade R	1	18	1655179790	1655211806	32016	701.94	370.67	821.68	359.17	2.75	165.42	0.54	85.83	6933.20	-6842.87	5019.46
Fixation L	1	20	1655211806	1655463901	252095	827.10	366.31	17	32	-1	10.98	10.98
Fixation R	1	21	1655211806	1655463901	252095	827.10	366.31	17	32	-1	11.26	11.26
Saccade L	1	22	1655463901	1655493900	29999	828.20	360.42	904.97	362.72	1.61	100.24	0.44	53.57	4260.14	-3847.27	2891.11
Saccade R	1	19	1655463901	1655493900	29999	828.20	360.42	904.97	362.72	1.61	100.24	0.44	53.57	4260.14	-3847.27	2891.11
Fixation L	1	21	1655493900	1655618159	124259	905.04	362.91	15	28	-1	10.76	10.76
Fixation R	1	22	1655493900	1655618159	124259	905.04	362.91	15	28	-1	11.06	11.06
Saccade L	1	23	1655618159	1655676018	57859	909.85	366.93	462.97	467.39	10.31	290.62	0.27	178.22	13222.14	-10105.28	7777.23
Saccade R	1	20	1655618159	1655676018	57859	909.85	366.93	462.97	467.39	10.31	290.62	0.27	178.22	13222.14	-10105.28	7777.23
Fixation L	1	22	1655676018	1655800188	124170	462.99	459.74	40	16	-1	10.85	10.85
Fixation R	1	23	1655676018	1655800188	124170	462.99	459.74	40	16	-1	10.87	10.87
Saccade L	1	24	1655800188	1655824153	23965	457.95	456.64	396.68	452.33	1.36	105.32	0.50	56.82	3927.27	-3661.46	2608.37
Saccade R	1	21	1655800188	1655824153	23965	457.95	456.64	396.68	452.33	1.36	105.32	0.50	56.82	3927.27	-3661.46	2608.37
Fixation L	1	23	1655824153	1655930141	105988	399.27	465.18	13	31	-1	10.82	10.82
Fixation R	1	24	1655824153	1655930141	105988	399.27	465.18	13	31	-1	10.88	10.88
Saccade L	1	25	1655930141	1655964760	34619	401.62	482.00	389.64	453.49	1.40	65.90	0.70	40.47	2364.50	-2071.86	1513.36
Saccade R	1	22	1655930141	1655964760	34619	401.62	482.00	389.64	453.49	1.40	65.90	0.70	40.47	2364.50	-2071.86	1513.36
Fixation L	1	24	1655964760	1657700940	1736180	365.25	488.14	53	57	-1	11.13	11.13
Fixation R	1	25	1655964760	1657700940	1736180	365.25	488.14	53	57	-1	11.23	11.23
UserEvent	1	177	1657250487	# Message: UE-mouseclick left x=365 y=468
Saccade L	1	26	1657700940	1657726936	25996	366.84	491.35	388.24	561.44	1.70	112.47	0.47	65.45	4238.82	-4612.15	3098.62
Saccade R	1	23	1657700940	1657726936	25996	366.84	491.35	388.24	561.44	1.70	112.47	0.47	65.45	4238.82	-4612.15	3098.62
Fixation L	1	25	1657726936	1658519960	793024	386.60	540.51	32	42	-1	11.49	11.49
Fixation R	1	26	1657726936	1658519960	793024	386.60	540.51	32	42	-1	11.61	11.61
UserEvent	1	207	1658401729	# Message: UE-mouseclick left x=393 y=527
