[BeGaze]
Converted from:	C:\Program Files\SMI\Experiment Suite 360\Experiment Center 2\Results\RC-Attachment-Exp\P25-eye_data.idf
Date:	18.03.2012 20:20:51
Version:	BeGaze 3.0.181
Sample Rate:	500
Subject:	P25
Description:	Run30

Table Header for Fixations:
Event Type	Trial	Number	Start	End	Duration	Location X	Location Y	Dispersion X	Dispersion Y	Plane	Avg. Pupil Size X	Avg. Pupil Size Y

Table Header for Saccades:
Event Type	Trial	Number	Start	End	Duration	Start Loc.X	Start Loc.Y	End Loc.X	End Loc.Y	Amplitude	Peak Speed	Peak Speed At	Average Speed	Peak Accel.	Peak Decel.	Average Accel.

Table Header for Blinks:
Event Type	Trial	Number	Start	End	Duration

Table Header for User Events:
Event Type	Trial	Number	Start	Description

UserEvent	1	1	11277253235	# Message: RC-N1forced-nonanim-6.jpg
Fixation L	1	1	11277356271	11277420132	63861	493.50	440.52	13	12	-1	13.52	13.52
Fixation R	1	1	11277356271	11277420132	63861	493.50	440.52	13	12	-1	13.83	13.83
Fixation L	1	2	11277453161	11277521030	67869	495.38	423.49	17	21	-1	13.38	13.38
Fixation R	1	2	11277453161	11277521030	67869	495.38	423.49	17	21	-1	13.83	13.83
Saccade L	1	1	11277521030	11277558127	37097	505.28	437.57	418.77	382.77	2.46	113.26	0.57	66.38	3803.09	-4425.03	3002.66
Saccade R	1	1	11277521030	11277558127	37097	505.28	437.57	418.77	382.77	2.46	113.26	0.57	66.38	3803.09	-4425.03	3002.66
Saccade L	1	2	11277572127	11277600120	27993	422.75	381.50	478.53	439.93	1.75	113.49	0.44	62.46	4351.39	-4292.98	3138.28
Saccade R	1	2	11277572127	11277600120	27993	422.75	381.50	478.53	439.93	1.75	113.49	0.44	62.46	4351.39	-4292.98	3138.28
Fixation L	1	3	11277600120	11277838257	238137	499.09	454.13	31	29	-1	13.44	13.44
Fixation R	1	3	11277600120	11277838257	238137	499.09	454.13	31	29	-1	13.91	13.91
Saccade L	1	3	11277838257	11277860224	21967	505.29	457.39	595.06	468.51	1.91	160.11	0.54	87.03	6294.02	-5751.10	4127.87
Saccade R	1	3	11277838257	11277860224	21967	505.29	457.39	595.06	468.51	1.91	160.11	0.54	87.03	6294.02	-5751.10	4127.87
Fixation L	1	4	11277860224	11277952361	92137	582.40	456.14	30	23	-1	13.59	13.59
Fixation R	1	4	11277860224	11277952361	92137	582.40	456.14	30	23	-1	14.10	14.10
Fixation L	1	5	11277972389	11278068339	95950	565.98	451.70	56	28	-1	13.65	13.65
Fixation R	1	5	11277972389	11278068339	95950	565.98	451.70	56	28	-1	14.38	14.38
Saccade L	1	4	11278068339	11278104402	36063	567.23	451.58	635.31	463.84	1.89	113.28	0.67	52.49	3813.48	-4284.63	2636.31
Saccade R	1	4	11278068339	11278104402	36063	567.23	451.58	635.31	463.84	1.89	113.28	0.67	52.49	3813.48	-4284.63	2636.31
Fixation L	1	6	11278104402	11278287499	183097	629.91	446.93	17	25	-1	13.70	13.70
Fixation R	1	6	11278104402	11278287499	183097	629.91	446.93	17	25	-1	14.28	14.28
Saccade L	1	5	11278287499	11278324466	36967	622.05	444.02	755.20	431.46	3.03	155.93	0.35	82.05	6687.61	-6107.25	4628.81
Saccade R	1	5	11278287499	11278324466	36967	622.05	444.02	755.20	431.46	3.03	155.93	0.35	82.05	6687.61	-6107.25	4628.81
Fixation L	1	7	11278324466	11278532574	208108	746.68	444.18	28	32	-1	13.39	13.39
Fixation R	1	7	11278324466	11278532574	208108	746.68	444.18	28	32	-1	13.97	13.97
Blink L	1	1	11278532574	11278728696	196122
Blink R	1	1	11278532574	11278728696	196122
Saccade L	1	6	11278728696	11278772690	43994	818.51	366.42	818.70	433.80	1.85	61.60	0.50	42.05	1331.55	-4577.14	1593.91
Saccade R	1	6	11278728696	11278772690	43994	818.51	366.42	818.70	433.80	1.85	61.60	0.50	42.05	1331.55	-4577.14	1593.91
Fixation L	1	8	11278772690	11279051530	278840	821.45	434.51	27	41	-1	12.68	12.68
Fixation R	1	8	11278772690	11279051530	278840	821.45	434.51	27	41	-1	13.35	13.35
Saccade L	1	7	11279051530	11279084806	33276	834.94	456.82	967.54	449.32	3.48	218.68	0.55	104.65	8379.94	-8630.93	6153.24
Saccade R	1	7	11279051530	11279084806	33276	834.94	456.82	967.54	449.32	3.48	218.68	0.55	104.65	8379.94	-8630.93	6153.24
Fixation L	1	9	11279084806	11279254918	170112	943.77	444.52	34	41	-1	12.37	12.37
Fixation R	1	9	11279084806	11279254918	170112	943.77	444.52	34	41	-1	13.19	13.19
Saccade L	1	8	11279254918	11279282925	28007	947.34	419.39	1049.53	434.10	2.40	158.46	0.57	85.82	6080.22	-6484.86	4517.62
Saccade R	1	8	11279254918	11279282925	28007	947.34	419.39	1049.53	434.10	2.40	158.46	0.57	85.82	6080.22	-6484.86	4517.62
Fixation L	1	10	11279282925	11279554441	271516	1038.42	444.19	40	31	-1	12.26	12.26
Fixation R	1	10	11279282925	11279554441	271516	1038.42	444.19	40	31	-1	12.90	12.90
Saccade L	1	9	11279554441	11279579131	24690	1014.44	450.67	1094.16	455.14	1.82	139.01	0.43	73.76	5172.30	-5438.45	3708.94
Saccade R	1	9	11279554441	11279579131	24690	1014.44	450.67	1094.16	455.14	1.82	139.01	0.43	73.76	5172.30	-5438.45	3708.94
Fixation L	1	11	11279579131	11279991153	412022	1115.03	449.56	42	30	-1	12.18	12.18
Fixation R	1	11	11279579131	11279991153	412022	1115.03	449.56	42	30	-1	12.76	12.76
Saccade L	1	10	11279991153	11280064201	73048	1120.27	442.17	916.94	954.81	15.44	351.84	0.33	211.37	14757.20	-13377.40	8795.80
Saccade R	1	10	11279991153	11280064201	73048	1120.27	442.17	916.94	954.81	15.44	351.84	0.33	211.37	14757.20	-13377.40	8795.80
Fixation L	1	12	11280064201	11280129486	65285	935.67	987.57	24	39	-1	12.75	12.75
Fixation R	1	12	11280064201	11280129486	65285	935.67	987.57	24	39	-1	13.14	13.14
Fixation L	1	13	11280205261	11280331397	126136	925.15	972.00	42	26	-1	12.91	12.91
Fixation R	1	13	11280205261	11280331397	126136	925.15	972.00	42	26	-1	13.32	13.32
Saccade L	1	11	11280331397	11280355129	23732	935.85	967.03	899.62	952.74	0.89	56.62	0.44	37.36	1650.37	-1885.13	1222.91
Saccade R	1	11	11280331397	11280355129	23732	935.85	967.03	899.62	952.74	0.89	56.62	0.44	37.36	1650.37	-1885.13	1222.91
Fixation L	1	14	11280355129	11280569378	214249	905.29	964.54	22	39	-1	12.67	12.67
Fixation R	1	14	11280355129	11280569378	214249	905.29	964.54	22	39	-1	13.37	13.37
