[BeGaze]
Converted from:	C:\Program Files\SMI\Experiment Suite 360\Experiment Center 2\Results\RC-Attachment-Exp\P31-eye_data.idf
Date:	18.03.2012 20:26:40
Version:	BeGaze 3.0.181
Sample Rate:	500
Subject:	P31
Description:	Run36

Table Header for Fixations:
Event Type	Trial	Number	Start	End	Duration	Location X	Location Y	Dispersion X	Dispersion Y	Plane	Avg. Pupil Size X	Avg. Pupil Size Y

Table Header for Saccades:
Event Type	Trial	Number	Start	End	Duration	Start Loc.X	Start Loc.Y	End Loc.X	End Loc.Y	Amplitude	Peak Speed	Peak Speed At	Average Speed	Peak Accel.	Peak Decel.	Average Accel.

Table Header for Blinks:
Event Type	Trial	Number	Start	End	Duration

Table Header for User Events:
Event Type	Trial	Number	Start	Description

UserEvent	1	1	4741540536	# Message: Questionnaire4.jpg
Saccade L	1	1	4741580049	4741622698	42649	903.69	887.23	919.00	872.05	1.16	44.07	0.22	27.11	562.66	-711.14	401.20
Saccade R	1	1	4741580049	4741622698	42649	903.69	887.23	919.00	872.05	1.16	44.07	0.22	27.11	562.66	-711.14	401.20
Saccade L	1	2	4741655791	4741709304	53513	898.01	854.08	912.00	888.19	1.45	47.40	0.20	27.14	1067.66	-1419.49	826.51
Saccade R	1	2	4741655791	4741709304	53513	898.01	854.08	912.00	888.19	1.45	47.40	0.20	27.14	1067.66	-1419.49	826.51
Fixation L	1	1	4741709304	4741911340	202036	919.57	874.09	32	49	-1	10.41	10.41
Fixation R	1	1	4741709304	4741911340	202036	919.57	874.09	32	49	-1	11.05	11.05
Saccade L	1	3	4741911340	4742019330	107990	925.31	898.54	410.22	513.65	16.40	563.26	0.39	151.86	24110.45	-17727.10	8479.01
Saccade R	1	3	4741911340	4742019330	107990	925.31	898.54	410.22	513.65	16.40	563.26	0.39	151.86	24110.45	-17727.10	8479.01
Saccade L	1	4	4742050319	4742073358	23039	411.66	517.78	400.92	444.55	1.47	124.41	0.56	63.70	4836.48	-4446.18	3214.43
Saccade R	1	4	4742050319	4742073358	23039	411.66	517.78	400.92	444.55	1.47	124.41	0.56	63.70	4836.48	-4446.18	3214.43
Fixation L	1	2	4742073358	4742235470	162112	407.30	458.26	41	35	-1	11.88	11.88
Fixation R	1	2	4742073358	4742235470	162112	407.30	458.26	41	35	-1	12.26	12.26
Saccade L	1	5	4742235470	4742271447	35977	431.22	481.09	562.44	452.56	2.94	201.47	0.33	81.72	8059.18	-7737.74	5165.08
Saccade R	1	5	4742235470	4742271447	35977	431.22	481.09	562.44	452.56	2.94	201.47	0.33	81.72	8059.18	-7737.74	5165.08
Fixation L	1	3	4742271447	4742385443	113996	574.62	445.69	24	17	-1	11.72	11.72
Fixation R	1	3	4742271447	4742385443	113996	574.62	445.69	24	17	-1	12.49	12.49
Saccade L	1	6	4742385443	4742457565	72122	586.16	444.93	700.87	410.10	3.36	188.28	0.67	46.61	7027.70	-7415.10	2994.86
Saccade R	1	6	4742385443	4742457565	72122	586.16	444.93	700.87	410.10	3.36	188.28	0.67	46.61	7027.70	-7415.10	2994.86
Fixation L	1	4	4742457565	4742773677	316112	749.53	414.65	122	22	-1	11.80	11.80
Fixation R	1	4	4742457565	4742773677	316112	749.53	414.65	122	22	-1	12.49	12.49
Saccade L	1	7	4742773677	4742799679	26002	816.12	409.51	908.01	406.69	1.96	149.84	0.54	75.56	5870.51	-5902.49	4243.97
Saccade R	1	7	4742773677	4742799679	26002	816.12	409.51	908.01	406.69	1.96	149.84	0.54	75.56	5870.51	-5902.49	4243.97
Fixation L	1	5	4742799679	4742951817	152138	898.85	426.55	21	36	-1	11.64	11.64
Fixation R	1	5	4742799679	4742951817	152138	898.85	426.55	21	36	-1	12.28	12.28
Saccade L	1	8	4742951817	4743043797	91980	902.58	441.67	1029.53	421.21	3.09	117.93	0.46	33.56	4728.12	-4235.58	1702.40
Saccade R	1	8	4742951817	4743043797	91980	902.58	441.67	1029.53	421.21	3.09	117.93	0.46	33.56	4728.12	-4235.58	1702.40
Fixation L	1	6	4743043797	4743377905	334108	1006.74	423.58	57	32	-1	11.65	11.65
Fixation R	1	6	4743043797	4743377905	334108	1006.74	423.58	57	32	-1	12.49	12.49
Saccade L	1	9	4743377905	4743436843	58938	987.29	428.32	455.09	554.73	12.89	409.04	0.34	218.72	18431.51	-13302.27	10868.82
Saccade R	1	9	4743377905	4743436843	58938	987.29	428.32	455.09	554.73	12.89	409.04	0.34	218.72	18431.51	-13302.27	10868.82
Fixation L	1	7	4743436843	4743578027	141184	442.87	551.59	25	17	-1	12.00	12.00
Fixation R	1	7	4743436843	4743578027	141184	442.87	551.59	25	17	-1	12.30	12.30
Saccade L	1	10	4743578027	4743608025	29998	448.86	547.46	402.27	560.50	1.04	68.19	0.53	34.75	2758.71	-2719.86	1980.81
Saccade R	1	10	4743578027	4743608025	29998	448.86	547.46	402.27	560.50	1.04	68.19	0.53	34.75	2758.71	-2719.86	1980.81
Fixation L	1	8	4743608025	4743816162	208137	404.94	556.88	15	18	-1	12.02	12.02
Fixation R	1	8	4743608025	4743816162	208137	404.94	556.88	15	18	-1	12.60	12.60
Saccade L	1	11	4743816162	4743842140	25978	409.12	561.01	375.77	568.62	0.69	43.67	0.46	26.40	1756.42	-1816.57	1299.11
Saccade R	1	11	4743816162	4743842140	25978	409.12	561.01	375.77	568.62	0.69	43.67	0.46	26.40	1756.42	-1816.57	1299.11
Fixation L	1	9	4743842140	4744374413	532273	380.69	571.28	30	27	-1	12.00	12.00
Fixation R	1	9	4743842140	4744374413	532273	380.69	571.28	30	27	-1	12.72	12.72
UserEvent	1	66	4744079227	# Message: UE-mouseclick left x=423 y=503
Saccade L	1	12	4744374413	4744418395	43982	389.80	586.92	451.74	610.91	1.54	93.61	0.32	35.07	3610.53	-3209.79	1908.43
Saccade R	1	12	4744374413	4744418395	43982	389.80	586.92	451.74	610.91	1.54	93.61	0.32	35.07	3610.53	-3209.79	1908.43
Fixation L	1	10	4744418395	4744718617	300222	439.04	619.12	40	16	-1	11.91	11.91
Fixation R	1	10	4744418395	4744718617	300222	439.04	619.12	40	16	-1	12.69	12.69
UserEvent	1	80	4744623222	# Message: UE-mouseclick left x=420 y=576
