[BeGaze]
Converted from:	C:\Program Files\SMI\Experiment Suite 360\Experiment Center 2\Results\RC-Attachment-Exp\P05-eye_data.idf
Date:	18.03.2012 20:05:43
Version:	BeGaze 3.0.181
Sample Rate:	500
Subject:	P05
Description:	Kibrisli

Table Header for Fixations:
Event Type	Trial	Number	Start	End	Duration	Location X	Location Y	Dispersion X	Dispersion Y	Plane	Avg. Pupil Size X	Avg. Pupil Size Y

Table Header for Saccades:
Event Type	Trial	Number	Start	End	Duration	Start Loc.X	Start Loc.Y	End Loc.X	End Loc.Y	Amplitude	Peak Speed	Peak Speed At	Average Speed	Peak Accel.	Peak Decel.	Average Accel.

Table Header for Blinks:
Event Type	Trial	Number	Start	End	Duration

Table Header for User Events:
Event Type	Trial	Number	Start	Description

UserEvent	1	1	6097647813	# Message: Questionnaire12.jpg
Fixation L	1	1	6097651239	6098084689	433450	875.73	924.26	35	17	-1	15.31	15.31
Fixation R	1	1	6097651239	6098084689	433450	875.73	924.26	35	17	-1	15.86	15.86
Saccade L	1	1	6098084689	6098150689	66000	886.42	928.62	457.37	472.36	22.45	766.69	0.55	340.16	19729.40	-28780.74	15204.31
Saccade R	1	1	6098084689	6098150689	66000	886.42	928.62	457.37	472.36	22.45	766.69	0.55	340.16	19729.40	-28780.74	15204.31
Saccade L	1	2	6098198668	6098226667	27999	472.07	481.78	380.13	472.60	1.20	69.39	0.36	42.72	2003.54	-2132.22	1354.31
Saccade R	1	2	6098198668	6098226667	27999	472.07	481.78	380.13	472.60	1.20	69.39	0.36	42.72	2003.54	-2132.22	1354.31
Saccade L	1	3	6098248794	6098280808	32014	356.13	459.53	410.57	289.45	3.97	240.97	0.70	123.91	8149.28	-7900.65	5604.23
Saccade R	1	3	6098248794	6098280808	32014	356.13	459.53	410.57	289.45	3.97	240.97	0.70	123.91	8149.28	-7900.65	5604.23
Fixation L	1	2	6098376789	6098534918	158129	404.09	348.73	24	24	-1	15.14	15.14
Fixation R	1	2	6098376789	6098534918	158129	404.09	348.73	24	24	-1	15.76	15.76
Saccade L	1	4	6098534918	6098559388	24470	413.61	355.81	490.43	365.49	1.86	152.46	0.57	75.88	5575.24	-4386.13	3351.76
Saccade R	1	4	6098534918	6098559388	24470	413.61	355.81	490.43	365.49	1.86	152.46	0.57	75.88	5575.24	-4386.13	3351.76
Saccade L	1	5	6098566911	6098593226	26315	479.61	367.25	454.18	316.50	1.14	70.44	0.46	43.20	1934.71	-2385.94	1368.01
Saccade R	1	5	6098566911	6098593226	26315	479.61	367.25	454.18	316.50	1.14	70.44	0.46	43.20	1934.71	-2385.94	1368.01
Fixation L	1	3	6098654904	6098730908	76004	493.62	367.47	9	15	-1	15.38	15.38
Fixation R	1	3	6098654904	6098730908	76004	493.62	367.47	9	15	-1	16.04	16.04
Saccade L	1	6	6098789032	6098837031	47999	495.62	362.81	422.59	374.67	3.08	157.32	0.42	64.08	6087.95	-4607.93	3045.42
Saccade R	1	6	6098789032	6098837031	47999	495.62	362.81	422.59	374.67	3.08	157.32	0.42	64.08	6087.95	-4607.93	3045.42
Fixation L	1	4	6098837031	6099187162	350131	402.75	372.39	458	406	-1	15.76	15.76
Fixation R	1	4	6098837031	6099187162	350131	402.75	372.39	458	406	-1	16.37	16.37
Saccade L	1	7	6099187162	6099211152	23990	416.93	401.02	504.82	386.66	1.82	142.72	0.58	75.92	5384.66	-5424.83	3683.62
Saccade R	1	7	6099187162	6099211152	23990	416.93	401.02	504.82	386.66	1.82	142.72	0.58	75.92	5384.66	-5424.83	3683.62
Fixation L	1	5	6099211152	6099335274	124122	501.21	378.03	15	18	-1	16.76	16.76
Fixation R	1	5	6099211152	6099335274	124122	501.21	378.03	15	18	-1	17.27	17.27
Blink L	1	1	6099341149	6099499323	158174
Blink R	1	1	6099341149	6099499323	158174
Fixation L	1	6	6099499323	6099675555	176232	582.86	386.93	18	27	-1	16.80	16.80
Fixation R	1	6	6099499323	6099675555	176232	582.86	386.93	18	27	-1	17.36	17.36
Fixation L	1	7	6099695399	6099935513	240114	644.45	377.74	30	16	-1	17.05	17.05
Fixation R	1	7	6099695399	6099935513	240114	644.45	377.74	30	16	-1	17.40	17.40
Saccade L	1	8	6099935513	6099957510	21997	651.27	373.45	722.10	370.59	1.42	117.49	0.56	64.47	4597.81	-4294.83	2935.63
Saccade R	1	8	6099935513	6099957510	21997	651.27	373.45	722.10	370.59	1.42	117.49	0.56	64.47	4597.81	-4294.83	2935.63
Fixation L	1	8	6099957510	6100175634	218124	714.99	371.03	14	22	-1	16.95	16.95
Fixation R	1	8	6099957510	6100175634	218124	714.99	371.03	14	22	-1	17.19	17.19
Saccade L	1	9	6100175634	6100201673	26039	716.50	378.56	825.98	370.24	2.35	175.77	0.55	90.07	7156.71	-6623.18	4824.93
Saccade R	1	9	6100175634	6100201673	26039	716.50	378.56	825.98	370.24	2.35	175.77	0.55	90.07	7156.71	-6623.18	4824.93
Fixation L	1	9	6100201673	6100398044	196371	820.79	382.38	18	30	-1	16.89	16.89
Fixation R	1	9	6100201673	6100398044	196371	820.79	382.38	18	30	-1	17.20	17.20
Saccade L	1	10	6100398044	6100425758	27714	822.48	392.90	827.96	400.01	7.03	302.31	0.78	253.72	14543.41	-14821.67	11447.90
Saccade R	1	10	6100398044	6100425758	27714	822.48	392.90	827.96	400.01	7.03	302.31	0.78	253.72	14543.41	-14821.67	11447.90
Fixation L	1	10	6100425758	6100529745	103987	826.69	398.94	12	16	-1	16.84	16.84
Fixation R	1	10	6100425758	6100529745	103987	826.69	398.94	12	16	-1	17.19	17.19
Blink L	1	2	6100529745	6100674465	144720
Blink R	1	2	6100529745	6100674465	144720
Saccade L	1	11	6100674465	6100703904	29439	820.93	362.38	844.20	406.89	1.26	75.80	0.52	42.93	1599.99	-2697.98	1461.96
Saccade R	1	11	6100674465	6100703904	29439	820.93	362.38	844.20	406.89	1.26	75.80	0.52	42.93	1599.99	-2697.98	1461.96
Saccade L	1	12	6100721876	6100752767	30891	858.07	408.88	848.50	405.63	8.09	318.72	0.39	261.86	14807.50	-12440.14	10836.10
Saccade R	1	12	6100721876	6100752767	30891	858.07	408.88	848.50	405.63	8.09	318.72	0.39	261.86	14807.50	-12440.14	10836.10
Saccade L	1	13	6100755876	6100783864	27988	851.47	404.56	910.33	418.04	1.77	119.43	0.52	63.27	313.59	-8371.03	3843.46
Saccade R	1	13	6100755876	6100783864	27988	851.47	404.56	910.33	418.04	1.77	119.43	0.52	63.27	313.59	-8371.03	3843.46
Fixation L	1	11	6100783864	6101068768	284904	920.73	417.39	19	22	-1	16.70	16.70
Fixation R	1	11	6100783864	6101068768	284904	920.73	417.39	19	22	-1	16.90	16.90
Saccade L	1	14	6101068768	6101093989	25221	925.66	401.19	838.22	380.13	1.76	128.13	0.44	69.68	4700.06	-5011.00	3505.00
Saccade R	1	14	6101068768	6101093989	25221	925.66	401.19	838.22	380.13	1.76	128.13	0.44	69.68	4700.06	-5011.00	3505.00
Fixation L	1	12	6101093989	6101235838	141849	849.70	382.92	20	27	-1	16.30	16.30
Fixation R	1	12	6101093989	6101235838	141849	849.70	382.92	20	27	-1	16.48	16.48
Saccade L	1	15	6101235838	6101284344	48506	851.29	370.15	471.46	431.97	8.83	344.05	0.34	181.95	15096.16	-11895.97	9702.39
Saccade R	1	15	6101235838	6101284344	48506	851.29	370.15	471.46	431.97	8.83	344.05	0.34	181.95	15096.16	-11895.97	9702.39
Fixation L	1	13	6101284344	6101582237	297893	442.46	449.24	55	35	-1	16.02	16.02
Fixation R	1	13	6101284344	6101582237	297893	442.46	449.24	55	35	-1	16.27	16.27
Blink L	1	3	6101582237	6101736361	154124
Blink R	1	3	6101582237	6101736361	154124
Saccade L	1	16	6101736361	6101820353	83992	473.83	427.14	449.58	477.88	7.42	208.91	0.67	88.32	4491.95	-7458.65	2961.52
Saccade R	1	16	6101736361	6101820353	83992	473.83	427.14	449.58	477.88	7.42	208.91	0.67	88.32	4491.95	-7458.65	2961.52
Fixation L	1	14	6101820353	6102088312	267959	429.81	473.75	45	22	-1	17.09	17.09
Fixation R	1	14	6101820353	6102088312	267959	429.81	473.75	45	22	-1	17.60	17.60
Saccade L	1	17	6102088312	6102116482	28170	411.97	482.01	461.93	446.83	1.19	67.90	0.82	42.07	2026.40	-295.12	890.33
Saccade R	1	17	6102088312	6102116482	28170	411.97	482.01	461.93	446.83	1.19	67.90	0.82	42.07	2026.40	-295.12	890.33
Saccade L	1	18	6102116482	6102147177	30695	461.93	446.83	413.00	486.97	1.21	59.61	0.27	39.42	380.13	-2158.56	877.11
Saccade R	1	18	6102116482	6102147177	30695	461.93	446.83	413.00	486.97	1.21	59.61	0.27	39.42	380.13	-2158.56	877.11
Fixation L	1	15	6102147177	6102592936	445759	420.43	484.99	25	31	-1	16.97	16.97
Fixation R	1	15	6102147177	6102592936	445759	420.43	484.99	25	31	-1	17.58	17.58
UserEvent	1	114	6102323832	# Message: UE-mouseclick left x=389 y=470
Saccade L	1	19	6102592936	6102614740	21804	427.56	479.82	423.11	540.10	1.25	93.89	0.45	57.45	3629.96	-2832.48	2187.25
Saccade R	1	19	6102592936	6102614740	21804	427.56	479.82	423.11	540.10	1.25	93.89	0.45	57.45	3629.96	-2832.48	2187.25
Fixation L	1	16	6102614740	6103002832	388092	435.77	530.03	30	46	-1	17.29	17.29
Fixation R	1	16	6102614740	6103002832	388092	435.77	530.03	30	46	-1	18.07	18.07
UserEvent	1	128	6102835587	# Message: UE-mouseclick left x=416 y=531
