[BeGaze]
Converted from:	C:\Program Files\SMI\Experiment Suite 360\Experiment Center 2\Results\RC-Attachment-Exp\Denek04-eye_data.idf
Date:	24.02.2012 09:58:05
Version:	BeGaze 3.0.181
Sample Rate:	500
Subject:	Denek04
Description:	Run7

Table Header for Fixations:
Event Type	Trial	Number	Start	End	Duration	Location X	Location Y	Dispersion X	Dispersion Y	Plane	Avg. Pupil Size X	Avg. Pupil Size Y

Table Header for Saccades:
Event Type	Trial	Number	Start	End	Duration	Start Loc.X	Start Loc.Y	End Loc.X	End Loc.Y	Amplitude	Peak Speed	Peak Speed At	Average Speed	Peak Accel.	Peak Decel.	Average Accel.

Table Header for Blinks:
Event Type	Trial	Number	Start	End	Duration

Table Header for User Events:
Event Type	Trial	Number	Start	Description

UserEvent	1	1	6277450080	# Message: Questionnaire4.jpg
Fixation L	1	1	6277452470	6277847889	395419	864.09	928.38	23	40	-1	12.02	12.02
Fixation R	1	1	6277452470	6277847889	395419	864.09	928.38	23	40	-1	12.81	12.81
Saccade L	1	1	6277847889	6277907868	59979	864.91	937.91	561.15	471.92	12.65	372.52	0.35	210.91	16395.81	-12150.77	8758.14
Saccade R	1	1	6277847889	6277907868	59979	864.91	937.91	561.15	471.92	12.65	372.52	0.35	210.91	16395.81	-12150.77	8758.14
Fixation L	1	2	6277907868	6277989979	82111	551.92	497.50	19	37	-1	11.61	11.61
Fixation R	1	2	6277907868	6277989979	82111	551.92	497.50	19	37	-1	12.02	12.02
Saccade L	1	2	6277989979	6278019990	30011	556.65	506.40	467.19	417.92	2.78	190.81	0.47	92.80	7969.77	-7899.93	5756.96
Saccade R	1	2	6277989979	6278019990	30011	556.65	506.40	467.19	417.92	2.78	190.81	0.47	92.80	7969.77	-7899.93	5756.96
Fixation L	1	3	6278019990	6278102016	82026	463.78	419.92	9	18	-1	11.49	11.49
Fixation R	1	3	6278019990	6278102016	82026	463.78	419.92	9	18	-1	11.88	11.88
Saccade L	1	3	6278102016	6278126030	24014	467.47	410.66	417.74	390.14	1.12	78.13	0.50	46.82	2774.47	-3002.91	2068.93
Saccade R	1	3	6278102016	6278126030	24014	467.47	410.66	417.74	390.14	1.12	78.13	0.50	46.82	2774.47	-3002.91	2068.93
Fixation L	1	4	6278126030	6278266541	140511	420.96	390.51	19	18	-1	11.40	11.40
Fixation R	1	4	6278126030	6278266541	140511	420.96	390.51	19	18	-1	11.75	11.75
Saccade L	1	4	6278266541	6278293327	26786	435.04	379.68	511.28	393.27	1.74	121.22	0.58	64.87	4426.06	-4124.88	3064.40
Saccade R	1	4	6278266541	6278293327	26786	435.04	379.68	511.28	393.27	1.74	121.22	0.58	64.87	4426.06	-4124.88	3064.40
Fixation L	1	5	6278293327	6278390087	96760	493.38	393.95	29	8	-1	11.46	11.46
Fixation R	1	5	6278293327	6278390087	96760	493.38	393.95	29	8	-1	11.96	11.96
Saccade L	1	5	6278390087	6278442569	52482	490.04	394.89	433.83	472.51	4.50	260.75	0.27	85.83	10594.62	-8120.80	4587.41
Saccade R	1	5	6278390087	6278442569	52482	490.04	394.89	433.83	472.51	4.50	260.75	0.27	85.83	10594.62	-8120.80	4587.41
Fixation L	1	6	6278442569	6278672232	229663	411.62	484.97	39	32	-1	11.87	11.87
Fixation R	1	6	6278442569	6278672232	229663	411.62	484.97	39	32	-1	12.45	12.45
Saccade L	1	6	6278672232	6278712200	39968	407.72	492.56	678.57	367.33	6.60	310.33	0.40	165.07	13384.83	-12107.01	9187.93
Saccade R	1	6	6278672232	6278712200	39968	407.72	492.56	678.57	367.33	6.60	310.33	0.40	165.07	13384.83	-12107.01	9187.93
Fixation L	1	7	6278712200	6278930323	218123	676.71	386.07	27	29	-1	12.28	12.28
Fixation R	1	7	6278712200	6278930323	218123	676.71	386.07	27	29	-1	13.21	13.21
Saccade L	1	7	6278930323	6278962313	31990	687.68	383.30	648.32	408.96	1.07	50.03	0.69	33.34	1394.22	-1682.94	1131.14
Saccade R	1	7	6278930323	6278962313	31990	687.68	383.30	648.32	408.96	1.07	50.03	0.69	33.34	1394.22	-1682.94	1131.14
Fixation L	1	8	6278962313	6279168429	206116	649.73	397.21	12	21	-1	12.55	12.55
Fixation R	1	8	6278962313	6279168429	206116	649.73	397.21	12	21	-1	13.26	13.26
Saccade L	1	8	6279168429	6279202426	33997	648.78	391.42	794.29	396.53	3.17	176.72	0.47	93.20	7357.21	-7291.32	5401.99
Saccade R	1	8	6279168429	6279202426	33997	648.78	391.42	794.29	396.53	3.17	176.72	0.47	93.20	7357.21	-7291.32	5401.99
Fixation L	1	9	6279202426	6279342549	140123	776.95	400.74	24	12	-1	12.45	12.45
Fixation R	1	9	6279202426	6279342549	140123	776.95	400.74	24	12	-1	13.29	13.29
Saccade L	1	9	6279342549	6279372549	30000	773.68	396.96	855.44	406.69	1.80	99.65	0.45	59.97	4122.88	-3770.58	2872.10
Saccade R	1	9	6279342549	6279372549	30000	773.68	396.96	855.44	406.69	1.80	99.65	0.45	59.97	4122.88	-3770.58	2872.10
Fixation L	1	10	6279372549	6279482644	110095	841.92	407.79	22	11	-1	12.38	12.38
Fixation R	1	10	6279372549	6279482644	110095	841.92	407.79	22	11	-1	13.18	13.18
Saccade L	1	10	6279482644	6279510537	27893	846.02	401.35	690.53	419.92	3.23	230.34	0.43	115.93	9193.72	-8671.39	6569.11
Saccade R	1	10	6279482644	6279510537	27893	846.02	401.35	690.53	419.92	3.23	230.34	0.43	115.93	9193.72	-8671.39	6569.11
Fixation L	1	11	6279510537	6279714663	204126	708.37	411.10	28	22	-1	12.43	12.43
Fixation R	1	11	6279510537	6279714663	204126	708.37	411.10	28	22	-1	13.13	13.13
Saccade L	1	11	6279714663	6279744660	29997	703.19	398.95	870.70	412.99	3.64	247.60	0.47	121.29	10520.15	-10114.37	7432.88
Saccade R	1	11	6279714663	6279744660	29997	703.19	398.95	870.70	412.99	3.64	247.60	0.47	121.29	10520.15	-10114.37	7432.88
Fixation L	1	12	6279744660	6279900783	156123	864.26	402.02	14	35	-1	12.35	12.35
Fixation R	1	12	6279744660	6279900783	156123	864.26	402.02	14	35	-1	13.38	13.38
Saccade L	1	12	6279900783	6279928771	27988	865.27	384.91	969.68	386.03	2.32	157.80	0.60	83.06	6309.35	-6406.51	4583.64
Saccade R	1	12	6279900783	6279928771	27988	865.27	384.91	969.68	386.03	2.32	157.80	0.60	83.06	6309.35	-6406.51	4583.64
Fixation L	1	13	6279928771	6280389008	460237	961.29	399.27	26	27	-1	12.66	12.66
Fixation R	1	13	6279928771	6280389008	460237	961.29	399.27	26	27	-1	13.59	13.59
Blink R	1	1	6280389008	6280534998	145990
Saccade L	1	13	6280495001	6280534998	39997	958.35	403.76	739.54	396.21	4.73	237.78	0.36	118.28	10488.26	-8840.12	6654.10
Fixation L	1	14	6280534998	6280727118	192120	747.01	405.99	15	24	-1	12.54	12.54
Fixation R	1	14	6280534998	6280727118	192120	747.01	405.99	15	24	-1	0.00	0.00
Saccade L	1	14	6280727118	6280757116	29998	739.36	416.33	879.56	405.01	2.98	189.56	0.47	99.37	7683.31	-7437.21	5637.57
Blink R	1	2	6280727118	6280859146	132028
Fixation L	1	15	6280757116	6280831300	74184	865.03	412.42	25	20	-1	12.37	12.37
Blink L	1	1	6280831300	6280895108	63808
Saccade R	1	13	6280871109	6280895108	23999	0.00	0.00	868.42	401.36	20.42	1838.21	0.50	850.71	70064.93	-69559.99	48488.10
Fixation L	1	16	6280895108	6281042873	147765	868.10	404.25	15	16	-1	12.50	12.50
Fixation R	1	15	6280895108	6281042873	147765	868.10	404.25	15	16	-1	13.18	13.18
Saccade L	1	15	6281042873	6281069236	26363	868.28	400.22	971.60	401.50	2.20	154.04	0.47	83.33	5797.07	-5138.77	4033.88
Saccade R	1	14	6281042873	6281069236	26363	868.28	400.22	971.60	401.50	2.20	154.04	0.47	83.33	5797.07	-5138.77	4033.88
Fixation L	1	17	6281069236	6281249346	180110	951.28	401.24	51	21	-1	12.70	12.70
Fixation R	1	16	6281069236	6281249346	180110	951.28	401.24	51	21	-1	13.48	13.48
Saccade L	1	16	6281249346	6281291352	42006	960.13	414.32	634.37	431.31	7.28	317.01	0.34	173.30	13413.17	-10732.36	8502.49
Saccade R	1	15	6281249346	6281291352	42006	960.13	414.32	634.37	431.31	7.28	317.01	0.34	173.30	13413.17	-10732.36	8502.49
Saccade L	1	17	6281345344	6281383345	38001	653.35	436.15	384.87	549.16	6.20	342.09	0.42	163.24	14667.42	-13007.47	9725.55
Saccade R	1	16	6281345344	6281383345	38001	653.35	436.15	384.87	549.16	6.20	342.09	0.42	163.24	14667.42	-13007.47	9725.55
Fixation L	1	18	6281402231	6281797598	395367	408.38	530.14	29	40	-1	13.26	13.26
Fixation R	1	17	6281402231	6281797598	395367	408.38	530.14	29	40	-1	13.71	13.71
Blink L	1	2	6281797598	6281961572	163974
Blink R	1	3	6281797598	6281961572	163974
Fixation L	1	19	6281961572	6282061696	100124	416.52	516.72	22	16	-1	13.26	13.26
Fixation R	1	18	6281961572	6282061696	100124	416.52	516.72	22	16	-1	13.26	13.26
Saccade L	1	18	6282061696	6282113745	52049	417.91	518.22	829.69	417.74	9.40	313.47	0.36	180.51	14077.58	-10389.92	8606.05
Saccade R	1	17	6282061696	6282113745	52049	417.91	518.22	829.69	417.74	9.40	313.47	0.36	180.51	14077.58	-10389.92	8606.05
Fixation L	1	20	6282113745	6282365805	252060	826.08	427.36	15	17	-1	13.13	13.13
Fixation R	1	19	6282113745	6282365805	252060	826.08	427.36	15	17	-1	13.52	13.52
Saccade L	1	19	6282365805	6282423829	58024	826.52	428.85	332.59	559.61	11.47	351.19	0.31	197.68	15602.49	-10868.41	8838.34
Saccade R	1	18	6282365805	6282423829	58024	826.52	428.85	332.59	559.61	11.47	351.19	0.31	197.68	15602.49	-10868.41	8838.34
Fixation L	1	21	6282423829	6282558166	134337	341.04	550.24	15	13	-1	13.27	13.27
Fixation R	1	20	6282423829	6282558166	134337	341.04	550.24	15	13	-1	13.44	13.44
Saccade L	1	20	6282558166	6282579937	21771	342.29	549.93	398.25	530.12	1.26	104.53	0.54	57.83	4167.80	-3444.62	2603.26
Saccade R	1	19	6282558166	6282579937	21771	342.29	549.93	398.25	530.12	1.26	104.53	0.54	57.83	4167.80	-3444.62	2603.26
Fixation L	1	22	6282579937	6283000063	420126	384.50	528.71	29	30	-1	13.31	13.31
Fixation R	1	21	6282579937	6283000063	420126	384.50	528.71	29	30	-1	13.53	13.53
Saccade L	1	21	6283000063	6283028032	27969	391.20	529.08	454.78	397.38	3.16	220.54	0.50	112.96	9411.73	-8682.94	6605.91
Saccade R	1	20	6283000063	6283028032	27969	391.20	529.08	454.78	397.38	3.16	220.54	0.50	112.96	9411.73	-8682.94	6605.91
Fixation L	1	23	6283028032	6283124202	96170	439.97	421.77	24	39	-1	13.13	13.13
Fixation R	1	22	6283028032	6283124202	96170	439.97	421.77	24	39	-1	13.58	13.58
Saccade L	1	22	6283124202	6283168199	43997	433.38	431.98	557.99	408.38	3.09	177.80	0.73	70.31	6493.99	-6534.17	3675.60
Saccade R	1	21	6283124202	6283168199	43997	433.38	431.98	557.99	408.38	3.09	177.80	0.73	70.31	6493.99	-6534.17	3675.60
Fixation L	1	24	6283168199	6283260143	91944	545.81	406.65	24	11	-1	12.99	12.99
Fixation R	1	23	6283168199	6283260143	91944	545.81	406.65	24	11	-1	13.51	13.51
Saccade L	1	23	6283260143	6283294193	34050	545.27	407.35	652.99	405.23	2.41	152.42	0.62	70.87	5834.71	-6219.07	4268.20
Saccade R	1	22	6283260143	6283294193	34050	545.27	407.35	652.99	405.23	2.41	152.42	0.62	70.87	5834.71	-6219.07	4268.20
Fixation L	1	25	6283294193	6283618377	324184	645.23	402.34	18	26	-1	12.90	12.90
Fixation R	1	24	6283294193	6283618377	324184	645.23	402.34	18	26	-1	13.48	13.48
Saccade L	1	24	6283618377	6283644385	26008	653.04	410.63	726.02	408.74	1.59	117.41	0.54	61.17	4180.34	-4466.72	3081.25
Saccade R	1	23	6283618377	6283644385	26008	653.04	410.63	726.02	408.74	1.59	117.41	0.54	61.17	4180.34	-4466.72	3081.25
Fixation L	1	26	6283644385	6283740358	95973	716.64	402.80	14	17	-1	12.98	12.98
Fixation R	1	25	6283644385	6283740358	95973	716.64	402.80	14	17	-1	13.58	13.58
Saccade L	1	25	6283740358	6283766444	26086	713.97	401.81	775.40	409.71	1.31	88.74	0.46	50.34	3432.80	-3433.04	2471.72
Saccade R	1	24	6283740358	6283766444	26086	713.97	401.81	775.40	409.71	1.31	88.74	0.46	50.34	3432.80	-3433.04	2471.72
Fixation L	1	27	6283766444	6283860387	93943	775.35	398.47	9	18	-1	13.05	13.05
Fixation R	1	26	6283766444	6283860387	93943	775.35	398.47	9	18	-1	13.67	13.67
Saccade L	1	26	6283860387	6283890517	30130	780.36	394.12	706.21	405.29	1.64	84.54	0.35	54.46	3368.06	-1682.81	1713.89
Saccade R	1	25	6283860387	6283890517	30130	780.36	394.12	706.21	405.29	1.64	84.54	0.35	54.46	3368.06	-1682.81	1713.89
Saccade L	1	27	6283922528	6283984485	61957	777.15	378.60	396.54	597.81	10.28	340.06	0.19	165.95	13395.63	-7670.34	6646.92
Blink R	1	4	6283922528	6284100592	178064
Fixation L	1	28	6283984485	6284076962	92477	397.34	603.75	26	26	-1	12.99	12.99
Saccade L	1	28	6284076962	6284100592	23630	389.18	593.74	320.80	582.08	1.47	132.19	0.40	62.31	3392.82	-3140.71	2232.51
Saccade L	1	29	6284126487	6284188411	61924	354.30	584.84	276.98	549.74	2.05	49.78	0.26	33.17	1270.56	-1057.91	601.37
Saccade R	1	26	6284126487	6284188411	61924	354.30	584.84	276.98	549.74	2.05	49.78	0.26	33.17	1270.56	-1057.91	601.37
Saccade L	1	30	6284202881	6284242666	39785	276.27	550.31	226.99	488.24	1.71	78.90	0.29	43.00	3006.22	-2231.31	1511.97
Saccade R	1	27	6284202881	6284242666	39785	276.27	550.31	226.99	488.24	1.71	78.90	0.29	43.00	3006.22	-2231.31	1511.97
Saccade L	1	31	6284348389	6284418767	70378	232.92	491.05	189.64	528.75	6.91	288.33	0.57	98.25	9878.04	-6270.07	3102.85
Saccade R	1	28	6284348389	6284418767	70378	232.92	491.05	189.64	528.75	6.91	288.33	0.57	98.25	9878.04	-6270.07	3102.85
Saccade L	1	32	6284418767	6284454741	35974	189.64	528.75	186.44	511.60	5.44	303.52	0.23	151.36	6748.60	-10821.51	5665.87
Saccade R	1	29	6284418767	6284454741	35974	189.64	528.75	186.44	511.60	5.44	303.52	0.23	151.36	6748.60	-10821.51	5665.87
Fixation L	1	29	6284454741	6284555126	100385	172.64	499.32	26	17	-1	12.20	12.20
Fixation R	1	27	6284454741	6284555126	100385	172.64	499.32	26	17	-1	12.60	12.60
Saccade L	1	33	6284555126	6284618719	63593	158.91	497.63	379.76	508.82	10.58	407.29	0.82	166.44	8542.42	-14623.35	5930.35
Blink R	1	5	6284555126	6285020942	465816
Fixation L	1	30	6284618719	6284996945	378226	382.63	529.43	29	40	-1	12.56	12.56
Blink L	1	3	6284996945	6285617176	620231
Fixation R	1	28	6285020942	6285399053	378111	0.00	0.00	0	0	-1	0.00	0.00
UserEvent	1	190	6285089309	# Message: UE-mouseclick left x=365 y=507
Saccade R	1	30	6285399053	6285617176	218123	0.00	0.00	277.60	442.16	101.60	1007.77	0.95	465.78	38388.67	-37704.02	26562.40
Fixation L	1	31	6285617176	6286031969	414793	326.38	513.63	89	122	-1	12.69	12.69
Fixation R	1	29	6285617176	6286031969	414793	326.38	513.63	89	122	-1	12.86	12.86
UserEvent	1	211	6285891419	# Message: UE-mouseclick left x=369 y=569
