[BeGaze]
Converted from:	C:\Program Files\SMI\Experiment Suite 360\Experiment Center 2\Results\RC-Attachment-Exp\P06-eye_data.idf
Date:	18.03.2012 20:06:04
Version:	BeGaze 3.0.181
Sample Rate:	500
Subject:	P06
Description:	kibrisli

Table Header for Fixations:
Event Type	Trial	Number	Start	End	Duration	Location X	Location Y	Dispersion X	Dispersion Y	Plane	Avg. Pupil Size X	Avg. Pupil Size Y

Table Header for Saccades:
Event Type	Trial	Number	Start	End	Duration	Start Loc.X	Start Loc.Y	End Loc.X	End Loc.Y	Amplitude	Peak Speed	Peak Speed At	Average Speed	Peak Accel.	Peak Decel.	Average Accel.

Table Header for Blinks:
Event Type	Trial	Number	Start	End	Duration

Table Header for User Events:
Event Type	Trial	Number	Start	Description

UserEvent	1	1	6828903856	# Message: Dist-orcop-6.jpg
Fixation L	1	1	6828907311	6829327181	419870	474.42	479.47	41	39	-1	13.13	13.13
Fixation R	1	1	6828907311	6829327181	419870	474.42	479.47	41	39	-1	13.33	13.33
Saccade L	1	1	6829327181	6829369175	41994	467.55	468.71	552.00	479.20	1.88	75.52	0.38	44.76	2821.26	-2367.03	1892.94
Saccade R	1	1	6829327181	6829369175	41994	467.55	468.71	552.00	479.20	1.88	75.52	0.38	44.76	2821.26	-2367.03	1892.94
Saccade L	1	2	6829409302	6829435185	25883	560.79	487.32	606.95	468.16	1.01	60.81	0.38	38.99	2146.08	-2377.87	1597.39
Saccade R	1	2	6829409302	6829435185	25883	560.79	487.32	606.95	468.16	1.01	60.81	0.38	38.99	2146.08	-2377.87	1597.39
Fixation L	1	2	6829435185	6829661420	226235	617.74	468.45	20	33	-1	12.86	12.86
Fixation R	1	2	6829435185	6829661420	226235	617.74	468.45	20	33	-1	13.20	13.20
Saccade L	1	3	6829661420	6829695512	34092	618.55	483.95	712.51	473.60	2.04	106.08	0.35	59.86	4184.11	-3777.62	2923.56
Saccade R	1	3	6829661420	6829695512	34092	618.55	483.95	712.51	473.60	2.04	106.08	0.35	59.86	4184.11	-3777.62	2923.56
Fixation L	1	3	6829695512	6829889419	193907	726.54	487.52	27	29	-1	13.10	13.10
Fixation R	1	3	6829695512	6829889419	193907	726.54	487.52	27	29	-1	13.43	13.43
Saccade L	1	4	6829889419	6829913416	23997	741.53	488.16	767.30	470.87	0.69	40.89	0.33	28.58	1419.48	-959.70	827.91
Saccade R	1	4	6829889419	6829913416	23997	741.53	488.16	767.30	470.87	0.69	40.89	0.33	28.58	1419.48	-959.70	827.91
Fixation L	1	4	6829913416	6830063544	150128	794.70	479.10	72	13	-1	13.32	13.32
Fixation R	1	4	6829913416	6830063544	150128	794.70	479.10	72	13	-1	13.65	13.65
Saccade L	1	5	6830063544	6830107661	44117	840.58	473.58	780.16	496.59	1.57	62.19	0.23	35.62	2134.97	-1313.82	924.07
Saccade R	1	5	6830063544	6830107661	44117	840.58	473.58	780.16	496.59	1.57	62.19	0.23	35.62	2134.97	-1313.82	924.07
Saccade L	1	6	6830113541	6830143539	29998	782.48	497.67	793.54	443.81	1.18	62.41	0.33	39.41	1905.80	-1620.83	1153.64
Saccade R	1	6	6830113541	6830143539	29998	782.48	497.67	793.54	443.81	1.18	62.41	0.33	39.41	1905.80	-1620.83	1153.64
Saccade L	1	7	6830143539	6830183931	40392	793.54	443.81	855.04	485.07	1.96	91.40	0.50	48.51	2929.26	-3203.20	2053.21
Saccade R	1	7	6830143539	6830183931	40392	793.54	443.81	855.04	485.07	1.96	91.40	0.50	48.51	2929.26	-3203.20	2053.21
Fixation L	1	5	6830183931	6830389653	205722	872.74	460.37	26	52	-1	13.36	13.36
Fixation R	1	5	6830183931	6830389653	205722	872.74	460.37	26	52	-1	13.69	13.69
Saccade L	1	8	6830389653	6830433658	44005	868.29	451.01	985.60	451.06	2.53	120.60	0.27	57.51	5076.72	-3959.23	2815.41
Saccade R	1	8	6830389653	6830433658	44005	868.29	451.01	985.60	451.06	2.53	120.60	0.27	57.51	5076.72	-3959.23	2815.41
Fixation L	1	6	6830433658	6830637773	204115	964.69	457.99	46	27	-1	13.52	13.52
Fixation R	1	6	6830433658	6830637773	204115	964.69	457.99	46	27	-1	13.67	13.67
Saccade L	1	9	6830637773	6830661778	24005	953.35	464.59	880.71	474.20	1.53	116.25	0.42	63.68	4470.35	-4079.89	2991.14
Saccade R	1	9	6830637773	6830661778	24005	953.35	464.59	880.71	474.20	1.53	116.25	0.42	63.68	4470.35	-4079.89	2991.14
Fixation L	1	7	6830661778	6830887897	226119	884.78	458.94	12	34	-1	13.67	13.67
Fixation R	1	7	6830661778	6830887897	226119	884.78	458.94	12	34	-1	13.64	13.64
Saccade L	1	10	6830887897	6830926320	38423	881.46	474.46	949.42	467.23	1.92	86.53	0.31	49.84	3307.75	-2448.72	1948.65
Saccade R	1	10	6830887897	6830926320	38423	881.46	474.46	949.42	467.23	1.92	86.53	0.31	49.84	3307.75	-2448.72	1948.65
Fixation L	1	8	6830926320	6831126337	200017	970.07	450.53	45	51	-1	13.64	13.64
Fixation R	1	8	6830926320	6831126337	200017	970.07	450.53	45	51	-1	13.72	13.72
Saccade L	1	11	6831126337	6831170019	43682	950.30	477.82	1056.90	457.02	2.63	131.57	0.31	60.25	4606.22	-4190.30	2932.11
Saccade R	1	11	6831126337	6831170019	43682	950.30	477.82	1056.90	457.02	2.63	131.57	0.31	60.25	4606.22	-4190.30	2932.11
Fixation L	1	9	6831170019	6831468203	298184	1052.50	446.06	44	30	-1	13.80	13.80
Fixation R	1	9	6831170019	6831468203	298184	1052.50	446.06	44	30	-1	13.80	13.80
Saccade L	1	12	6831468203	6831500141	31938	1054.22	459.32	1003.39	429.00	1.44	75.66	0.37	45.09	2859.63	-2454.63	1985.87
Saccade R	1	12	6831468203	6831500141	31938	1054.22	459.32	1003.39	429.00	1.44	75.66	0.37	45.09	2859.63	-2454.63	1985.87
Fixation L	1	10	6831500141	6831838384	338243	1007.82	446.47	39	50	-1	13.66	13.66
Fixation R	1	10	6831500141	6831838384	338243	1007.82	446.47	39	50	-1	13.61	13.61
Saccade L	1	13	6831838384	6831866378	27994	1008.88	444.45	1067.64	457.25	1.30	75.81	0.43	46.39	2537.49	-3009.59	2018.42
Saccade R	1	13	6831838384	6831866378	27994	1008.88	444.45	1067.64	457.25	1.30	75.81	0.43	46.39	2537.49	-3009.59	2018.42
Fixation L	1	11	6831866378	6832136502	270124	1072.01	468.36	71	23	-1	13.97	13.97
Fixation R	1	11	6831866378	6832136502	270124	1072.01	468.36	71	23	-1	13.86	13.86
Saccade L	1	14	6832136502	6832168504	32002	1120.66	460.83	1052.13	444.64	1.51	81.86	0.56	47.31	2931.52	-3245.54	2179.09
Saccade R	1	14	6832136502	6832168504	32002	1120.66	460.83	1052.13	444.64	1.51	81.86	0.56	47.31	2931.52	-3245.54	2179.09
Fixation L	1	12	6832168504	6832224499	55995	1053.77	456.38	11	28	-1	14.42	14.42
Fixation R	1	12	6832168504	6832224499	55995	1053.77	456.38	11	28	-1	14.24	14.24
Saccade L	1	15	6832224499	6832260500	36001	1060.58	471.85	1118.96	445.94	1.61	77.88	0.33	44.62	2835.31	-2382.60	1896.96
Saccade R	1	15	6832224499	6832260500	36001	1060.58	471.85	1118.96	445.94	1.61	77.88	0.33	44.62	2835.31	-2382.60	1896.96
Fixation L	1	13	6832260500	6832548641	288141	1130.33	432.83	36	42	-1	14.65	14.65
Fixation R	1	13	6832260500	6832548641	288141	1130.33	432.83	36	42	-1	14.53	14.53
Saccade L	1	16	6832548641	6832610874	62233	1146.42	423.31	758.17	413.48	9.89	291.52	0.36	158.90	12924.30	-11509.90	8081.86
Saccade R	1	16	6832548641	6832610874	62233	1146.42	423.31	758.17	413.48	9.89	291.52	0.36	158.90	12924.30	-11509.90	8081.86
Fixation L	1	14	6832610874	6832854738	243864	759.93	426.04	38	27	-1	14.86	14.86
Fixation R	1	14	6832610874	6832854738	243864	759.93	426.04	38	27	-1	14.40	14.40
Saccade L	1	17	6832854738	6832900870	46132	742.79	433.17	492.74	463.52	5.53	213.91	0.33	119.86	9850.27	-7680.22	6317.11
Saccade R	1	17	6832854738	6832900870	46132	742.79	433.17	492.74	463.52	5.53	213.91	0.33	119.86	9850.27	-7680.22	6317.11
Fixation L	1	15	6832900870	6833216985	316115	521.39	478.91	40	46	-1	14.81	14.81
Fixation R	1	15	6832900870	6833216985	316115	521.39	478.91	40	46	-1	14.54	14.54
Saccade L	1	18	6833216985	6833238979	21994	499.32	490.15	609.02	489.07	2.14	176.84	0.55	97.19	6873.60	-6505.77	4509.15
Saccade R	1	18	6833216985	6833238979	21994	499.32	490.15	609.02	489.07	2.14	176.84	0.55	97.19	6873.60	-6505.77	4509.15
Fixation L	1	16	6833238979	6833423064	184085	590.01	494.70	31	18	-1	14.48	14.48
Fixation R	1	16	6833238979	6833423064	184085	590.01	494.70	31	18	-1	14.47	14.47
Saccade L	1	19	6833423064	6833449103	26039	587.32	484.28	693.93	460.23	2.33	173.27	0.55	89.52	7030.40	-7036.37	5022.67
Saccade R	1	19	6833423064	6833449103	26039	587.32	484.28	693.93	460.23	2.33	173.27	0.55	89.52	7030.40	-7036.37	5022.67
Fixation L	1	17	6833449103	6833617101	167998	685.44	468.94	19	52	-1	14.18	14.18
Fixation R	1	17	6833449103	6833617101	167998	685.44	468.94	19	52	-1	14.11	14.11
Saccade L	1	20	6833617101	6833667392	50291	681.01	495.44	774.11	436.84	2.70	113.11	0.24	53.60	4108.46	-2988.49	2002.53
Saccade R	1	20	6833617101	6833667392	50291	681.01	495.44	774.11	436.84	2.70	113.11	0.24	53.60	4108.46	-2988.49	2002.53
Saccade L	1	21	6833673179	6833701225	28046	771.68	433.55	748.41	469.97	0.89	45.84	0.44	31.57	1138.26	-1615.49	1040.97
Saccade R	1	21	6833673179	6833701225	28046	771.68	433.55	748.41	469.97	0.89	45.84	0.44	31.57	1138.26	-1615.49	1040.97
Fixation L	1	18	6833701225	6833891216	189991	748.33	477.21	33	15	-1	14.04	14.04
Fixation R	1	18	6833701225	6833891216	189991	748.33	477.21	33	15	-1	14.23	14.23
Saccade L	1	22	6833891216	6833933226	42010	769.06	481.43	879.38	473.87	2.46	105.59	0.68	58.45	3088.38	-3956.32	2528.52
Saccade R	1	22	6833891216	6833933226	42010	769.06	481.43	879.38	473.87	2.46	105.59	0.68	58.45	3088.38	-3956.32	2528.52
Fixation L	1	19	6833933226	6834261461	328235	885.98	467.28	36	14	-1	14.18	14.18
Fixation R	1	19	6833933226	6834261461	328235	885.98	467.28	36	14	-1	14.45	14.45
Saccade L	1	23	6834261461	6834293464	32003	870.27	460.77	962.20	422.55	2.32	135.95	0.38	72.54	5529.48	-5132.11	3815.95
Saccade R	1	23	6834261461	6834293464	32003	870.27	460.77	962.20	422.55	2.32	135.95	0.38	72.54	5529.48	-5132.11	3815.95
Fixation L	1	20	6834293464	6834525659	232195	968.84	461.46	31	82	-1	14.52	14.52
Fixation R	1	20	6834293464	6834525659	232195	968.84	461.46	31	82	-1	14.62	14.62
Saccade L	1	24	6834525659	6834567583	41924	991.39	453.43	1063.26	454.98	2.31	130.70	0.75	55.10	4309.60	-4760.16	2837.16
Saccade R	1	24	6834525659	6834567583	41924	991.39	453.43	1063.26	454.98	2.31	130.70	0.75	55.10	4309.60	-4760.16	2837.16
Fixation L	1	21	6834567583	6834775707	208124	1056.70	455.82	38	27	-1	14.58	14.58
Fixation R	1	21	6834567583	6834775707	208124	1056.70	455.82	38	27	-1	14.65	14.65
Saccade L	1	25	6834775707	6834847976	72269	1049.99	448.51	915.83	893.62	10.71	342.10	0.47	148.13	13864.01	-9298.38	6655.15
Saccade R	1	25	6834775707	6834847976	72269	1049.99	448.51	915.83	893.62	10.71	342.10	0.47	148.13	13864.01	-9298.38	6655.15
Saccade L	1	26	6834875708	6834933528	57820	932.41	870.39	884.08	957.41	2.44	61.23	0.71	42.26	1597.29	-2364.87	1015.36
Saccade R	1	26	6834875708	6834933528	57820	932.41	870.39	884.08	957.41	2.44	61.23	0.71	42.26	1597.29	-2364.87	1015.36
Fixation L	1	22	6834933528	6835051826	118298	887.47	948.03	33	21	-1	14.94	14.94
Fixation R	1	22	6834933528	6835051826	118298	887.47	948.03	33	21	-1	14.81	14.81
Saccade L	1	27	6835051826	6835080499	28673	909.86	936.84	866.54	931.51	1.03	55.81	0.48	36.04	1549.12	-2102.05	1319.21
Saccade R	1	27	6835051826	6835080499	28673	909.86	936.84	866.54	931.51	1.03	55.81	0.48	36.04	1549.12	-2102.05	1319.21
Fixation L	1	23	6835080499	6835454066	373567	838.04	955.62	54	39	-1	14.93	14.93
Fixation R	1	23	6835080499	6835454066	373567	838.04	955.62	54	39	-1	14.86	14.86
