[BeGaze]
Converted from:	C:\Program Files\SMI\Experiment Suite 360\Experiment Center 2\Results\RC-Attachment-Exp\P09-eye_data.idf
Date:	18.03.2012 20:07:43
Version:	BeGaze 3.0.181
Sample Rate:	500
Subject:	P09
Description:	Run14

Table Header for Fixations:
Event Type	Trial	Number	Start	End	Duration	Location X	Location Y	Dispersion X	Dispersion Y	Plane	Avg. Pupil Size X	Avg. Pupil Size Y

Table Header for Saccades:
Event Type	Trial	Number	Start	End	Duration	Start Loc.X	Start Loc.Y	End Loc.X	End Loc.Y	Amplitude	Peak Speed	Peak Speed At	Average Speed	Peak Accel.	Peak Decel.	Average Accel.

Table Header for Blinks:
Event Type	Trial	Number	Start	End	Duration

Table Header for User Events:
Event Type	Trial	Number	Start	Description

UserEvent	1	1	7441034587	# Message: RC-N2forced-anim-3.jpg
Fixation L	1	1	7441035080	7441208973	173893	465.43	456.03	29	30	-1	12.25	12.25
Fixation R	1	1	7441035080	7441208973	173893	465.43	456.03	29	30	-1	12.97	12.97
Saccade L	1	1	7441208973	7441230979	22006	454.55	454.27	502.26	471.73	1.03	76.88	0.55	46.97	2198.59	-2598.91	1678.84
Saccade R	1	1	7441208973	7441230979	22006	454.55	454.27	502.26	471.73	1.03	76.88	0.55	46.97	2198.59	-2598.91	1678.84
Fixation L	1	2	7441230979	7441388862	157883	510.44	466.88	32	27	-1	12.29	12.29
Fixation R	1	2	7441230979	7441388862	157883	510.44	466.88	32	27	-1	13.08	13.08
Saccade L	1	2	7441388862	7441425305	36443	516.33	455.80	479.75	443.59	1.09	46.57	0.39	29.92	1818.16	-1108.37	983.08
Saccade R	1	2	7441388862	7441425305	36443	516.33	455.80	479.75	443.59	1.09	46.57	0.39	29.92	1818.16	-1108.37	983.08
Fixation L	1	3	7441425305	7441613085	187780	477.83	464.92	36	55	-1	12.51	12.51
Fixation R	1	3	7441425305	7441613085	187780	477.83	464.92	36	55	-1	13.29	13.29
Saccade L	1	3	7441613085	7441649249	36164	477.88	478.20	531.08	463.42	1.32	56.69	0.61	36.45	1883.86	-2006.87	1370.17
Saccade R	1	3	7441613085	7441649249	36164	477.88	478.20	531.08	463.42	1.32	56.69	0.61	36.45	1883.86	-2006.87	1370.17
Fixation L	1	4	7441649249	7442051323	402074	531.12	467.75	55	42	-1	12.32	12.32
Fixation R	1	4	7441649249	7442051323	402074	531.12	467.75	55	42	-1	13.12	13.12
Fixation L	1	5	7442107319	7442469520	362201	615.51	450.68	52	57	-1	12.16	12.16
Fixation R	1	5	7442107319	7442469520	362201	615.51	450.68	52	57	-1	13.16	13.16
Saccade L	1	4	7442469520	7442493572	24052	628.01	435.53	675.18	461.60	1.06	71.31	0.42	44.07	2112.02	-2850.73	1844.54
Saccade R	1	4	7442469520	7442493572	24052	628.01	435.53	675.18	461.60	1.06	71.31	0.42	44.07	2112.02	-2850.73	1844.54
Fixation L	1	6	7442493572	7442691691	198119	676.35	455.84	15	27	-1	12.25	12.25
Fixation R	1	6	7442493572	7442691691	198119	676.35	455.84	15	27	-1	13.11	13.11
Saccade L	1	5	7442691691	7442719683	27992	676.04	466.90	736.01	448.40	1.40	87.67	0.51	49.99	3455.15	-2924.89	2320.05
Saccade R	1	5	7442691691	7442719683	27992	676.04	466.90	736.01	448.40	1.40	87.67	0.51	49.99	3455.15	-2924.89	2320.05
Fixation L	1	7	7442719683	7442920165	200482	740.46	460.28	36	27	-1	12.24	12.24
Fixation R	1	7	7442719683	7442920165	200482	740.46	460.28	36	27	-1	13.21	13.21
Fixation L	1	8	7442940781	7443057798	117017	729.10	450.26	20	44	-1	12.18	12.18
Fixation R	1	8	7442940781	7443057798	117017	729.10	450.26	20	44	-1	13.08	13.08
Saccade L	1	6	7443071800	7443095805	24005	747.31	441.56	699.60	449.16	0.98	65.88	0.50	40.81	1151.07	-2293.53	1121.93
Saccade R	1	6	7443071800	7443095805	24005	747.31	441.56	699.60	449.16	0.98	65.88	0.50	40.81	1151.07	-2293.53	1121.93
Saccade L	1	7	7443108688	7443149802	41114	700.92	446.99	748.59	460.38	1.18	43.45	0.66	28.73	793.22	-1282.26	721.67
Saccade R	1	7	7443108688	7443149802	41114	700.92	446.99	748.59	460.38	1.18	43.45	0.66	28.73	793.22	-1282.26	721.67
Fixation L	1	9	7443149802	7443293916	144114	716.97	456.12	53	15	-1	12.16	12.16
Fixation R	1	9	7443149802	7443293916	144114	716.97	456.12	53	15	-1	13.09	13.09
Saccade L	1	8	7443293916	7443335919	42003	705.43	455.52	709.61	473.15	1.23	41.25	0.29	29.34	1259.49	-564.12	524.10
Saccade R	1	8	7443293916	7443335919	42003	705.43	455.52	709.61	473.15	1.23	41.25	0.29	29.34	1259.49	-564.12	524.10
Saccade L	1	9	7443345931	7443371920	25989	705.04	464.37	819.76	467.64	2.51	195.40	0.46	96.46	7040.11	-7659.54	5280.79
Saccade R	1	9	7443345931	7443371920	25989	705.04	464.37	819.76	467.64	2.51	195.40	0.46	96.46	7040.11	-7659.54	5280.79
Fixation L	1	10	7443371920	7443461918	89998	819.15	465.55	14	5	-1	12.26	12.26
Fixation R	1	10	7443371920	7443461918	89998	819.15	465.55	14	5	-1	13.08	13.08
Saccade L	1	10	7443461918	7443511511	49593	825.04	464.92	798.61	472.35	1.84	54.26	0.20	37.00	2004.44	-1117.32	646.93
Saccade R	1	10	7443461918	7443511511	49593	825.04	464.92	798.61	472.35	1.84	54.26	0.20	37.00	2004.44	-1117.32	646.93
Saccade L	1	11	7443514351	7443548039	33688	802.14	473.88	811.00	434.11	1.23	60.66	0.70	36.64	1412.58	-926.57	718.83
Saccade R	1	11	7443514351	7443548039	33688	802.14	473.88	811.00	434.11	1.23	60.66	0.70	36.64	1412.58	-926.57	718.83
Saccade L	1	12	7443590046	7443616036	25990	827.99	467.56	810.55	435.98	0.81	42.49	0.54	31.07	550.28	-599.68	404.14
Saccade R	1	12	7443590046	7443616036	25990	827.99	467.56	810.55	435.98	0.81	42.49	0.54	31.07	550.28	-599.68	404.14
Saccade L	1	13	7443662051	7443687026	24975	817.13	468.54	764.71	461.38	1.11	69.51	0.32	44.34	2493.11	-2455.04	1737.91
Saccade R	1	13	7443662051	7443687026	24975	817.13	468.54	764.71	461.38	1.11	69.51	0.32	44.34	2493.11	-2455.04	1737.91
Fixation L	1	11	7443687026	7443754310	67284	748.23	472.20	31	17	-1	12.32	12.32
Fixation R	1	11	7443687026	7443754310	67284	748.23	472.20	31	17	-1	13.07	13.07
Saccade L	1	14	7443754310	7443780028	25718	734.31	479.65	767.72	430.42	1.16	62.34	0.46	44.92	2661.46	-885.19	1398.85
Saccade R	1	14	7443754310	7443780028	25718	734.31	479.65	767.72	430.42	1.16	62.34	0.46	44.92	2661.46	-885.19	1398.85
Saccade L	1	15	7443780028	7443810164	30136	767.72	430.42	694.64	450.36	1.70	112.52	0.40	56.38	2465.63	-4261.27	2421.05
Saccade R	1	15	7443780028	7443810164	30136	767.72	430.42	694.64	450.36	1.70	112.52	0.40	56.38	2465.63	-4261.27	2421.05
Fixation L	1	12	7443810164	7444084280	274116	698.96	454.70	43	34	-1	12.40	12.40
Fixation R	1	12	7443810164	7444084280	274116	698.96	454.70	43	34	-1	12.96	12.96
Saccade L	1	16	7444084280	7444114947	30667	684.08	438.04	772.27	458.99	2.21	153.11	0.39	72.11	5396.22	-5717.43	3857.77
Saccade R	1	16	7444084280	7444114947	30667	684.08	438.04	772.27	458.99	2.21	153.11	0.39	72.11	5396.22	-5717.43	3857.77
Saccade L	1	17	7444126282	7444164276	37994	770.39	454.74	833.69	445.79	1.36	48.37	0.37	35.85	1867.78	-1435.18	1180.59
Saccade R	1	17	7444126282	7444164276	37994	770.39	454.74	833.69	445.79	1.36	48.37	0.37	35.85	1867.78	-1435.18	1180.59
Fixation L	1	13	7444164276	7444346281	182005	817.24	445.17	44	20	-1	12.43	12.43
Fixation R	1	13	7444164276	7444346281	182005	817.24	445.17	44	20	-1	12.99	12.99
Saccade L	1	18	7444346281	7444374738	28457	791.29	432.19	869.61	449.58	1.69	97.70	0.44	59.37	3673.28	-3677.81	2708.86
Saccade R	1	18	7444346281	7444374738	28457	791.29	432.19	869.61	449.58	1.69	97.70	0.44	59.37	3673.28	-3677.81	2708.86
Fixation L	1	14	7444374738	7444752513	377775	875.30	436.59	42	57	-1	12.14	12.14
Fixation R	1	14	7444374738	7444752513	377775	875.30	436.59	42	57	-1	12.61	12.61
Saccade L	1	19	7444752513	7444791615	39102	891.16	475.56	976.03	473.74	2.49	134.62	0.47	63.73	5112.25	-5189.04	3606.60
Saccade R	1	19	7444752513	7444791615	39102	891.16	475.56	976.03	473.74	2.49	134.62	0.47	63.73	5112.25	-5189.04	3606.60
Fixation L	1	15	7444791615	7445058631	267016	963.63	444.59	49	47	-1	12.04	12.04
Fixation R	1	15	7444791615	7445058631	267016	963.63	444.59	49	47	-1	12.56	12.56
Saccade L	1	20	7445058631	7445080636	22005	976.95	435.71	967.53	467.66	0.69	42.66	0.55	31.26	915.66	-1238.47	772.47
Saccade R	1	20	7445058631	7445080636	22005	976.95	435.71	967.53	467.66	0.69	42.66	0.55	31.26	915.66	-1238.47	772.47
Saccade L	1	21	7445118754	7445155750	36996	979.39	467.76	958.39	405.74	1.44	60.33	0.43	38.84	2383.11	-2071.05	1428.47
Saccade R	1	21	7445118754	7445155750	36996	979.39	467.76	958.39	405.74	1.44	60.33	0.43	38.84	2383.11	-2071.05	1428.47
Fixation L	1	16	7445202748	7445302751	100003	975.61	420.67	16	52	-1	12.00	12.00
Fixation R	1	16	7445202748	7445302751	100003	975.61	420.67	16	52	-1	12.61	12.61
Saccade L	1	22	7445302751	7445346779	44028	977.29	408.81	1087.39	448.38	2.94	181.50	0.73	66.80	6013.74	-6747.26	3342.58
Saccade R	1	22	7445302751	7445346779	44028	977.29	408.81	1087.39	448.38	2.94	181.50	0.73	66.80	6013.74	-6747.26	3342.58
Fixation L	1	17	7445346779	7445852989	506210	1100.02	434.80	42	53	-1	11.91	11.91
Fixation R	1	17	7445346779	7445852989	506210	1100.02	434.80	42	53	-1	12.50	12.50
Saccade L	1	23	7445852989	7445882982	29993	1112.38	457.31	1005.25	422.68	2.44	153.66	0.47	81.45	6430.19	-6098.12	4550.33
Saccade R	1	23	7445852989	7445882982	29993	1112.38	457.31	1005.25	422.68	2.44	153.66	0.47	81.45	6430.19	-6098.12	4550.33
Fixation L	1	18	7445882982	7446027124	144142	1007.51	432.79	38	30	-1	11.59	11.59
Fixation R	1	18	7445882982	7446027124	144142	1007.51	432.79	38	30	-1	12.35	12.35
Saccade L	1	24	7446027124	7446073112	45988	1013.14	425.33	1172.34	410.65	4.02	224.14	0.30	87.41	7983.00	-8398.22	4858.26
Saccade R	1	24	7446027124	7446073112	45988	1013.14	425.33	1172.34	410.65	4.02	224.14	0.30	87.41	7983.00	-8398.22	4858.26
Fixation L	1	19	7446073112	7446314709	241597	1167.57	413.77	21	43	-1	11.63	11.63
Fixation R	1	19	7446073112	7446314709	241597	1167.57	413.77	21	43	-1	12.36	12.36
Saccade L	1	25	7446314709	7446381244	66535	1160.58	396.36	1142.26	435.51	1.97	42.26	0.22	29.64	1570.89	-1153.49	676.11
Saccade R	1	25	7446314709	7446381244	66535	1160.58	396.36	1142.26	435.51	1.97	42.26	0.22	29.64	1570.89	-1153.49	676.11
Fixation L	1	20	7446381244	7446863467	482223	1161.39	418.91	52	39	-1	11.35	11.35
Fixation R	1	20	7446381244	7446863467	482223	1161.39	418.91	52	39	-1	12.21	12.21
Saccade L	1	26	7446863467	7446923466	59999	1150.20	407.69	589.66	440.93	13.94	487.67	0.37	232.36	21421.07	-16299.78	12866.42
Saccade R	1	26	7446863467	7446923466	59999	1150.20	407.69	589.66	440.93	13.94	487.67	0.37	232.36	21421.07	-16299.78	12866.42
Fixation L	1	21	7446923466	7447253591	330125	587.10	436.59	38	41	-1	11.80	11.80
Fixation R	1	21	7446923466	7447253591	330125	587.10	436.59	38	41	-1	12.33	12.33
Fixation L	1	22	7447465180	7447777859	312679	919.31	860.15	53	35	-1	11.26	11.26
Fixation R	1	22	7447465180	7447777859	312679	919.31	860.15	53	35	-1	12.33	12.33
Saccade L	1	27	7447777859	7447819942	42083	918.44	869.64	857.65	873.59	1.40	53.28	0.28	33.16	1841.53	-1033.08	958.62
Saccade R	1	27	7447777859	7447819942	42083	918.44	869.64	857.65	873.59	1.40	53.28	0.28	33.16	1841.53	-1033.08	958.62
Fixation L	1	23	7447819942	7447903946	84004	867.56	874.93	24	7	-1	10.76	10.76
Fixation R	1	23	7447819942	7447903946	84004	867.56	874.93	24	7	-1	11.81	11.81
Saccade L	1	28	7447903946	7447933769	29823	854.30	878.25	874.73	847.17	0.84	40.36	0.40	28.22	882.42	-1482.51	896.73
Saccade R	1	28	7447903946	7447933769	29823	854.30	878.25	874.73	847.17	0.84	40.36	0.40	28.22	882.42	-1482.51	896.73
Fixation L	1	24	7447933769	7448278060	344291	876.47	877.56	36	65	-1	11.36	11.36
Fixation R	1	24	7447933769	7448278060	344291	876.47	877.56	36	65	-1	12.13	12.13
Saccade L	1	29	7448278060	7448309474	31414	872.08	910.81	902.45	871.69	1.14	52.07	0.38	36.17	1475.58	-1766.40	1193.28
Saccade R	1	29	7448278060	7448309474	31414	872.08	910.81	902.45	871.69	1.14	52.07	0.38	36.17	1475.58	-1766.40	1193.28
Fixation L	1	25	7448309474	7448406184	96710	887.65	865.11	27	13	-1	11.20	11.20
Fixation R	1	25	7448309474	7448406184	96710	887.65	865.11	27	13	-1	12.09	12.09
Saccade L	1	30	7448406184	7448433139	26955	873.18	864.47	875.70	911.89	1.02	56.04	0.37	37.80	2012.48	-2143.02	1483.95
Saccade R	1	30	7448406184	7448433139	26955	873.18	864.47	875.70	911.89	1.02	56.04	0.37	37.80	2012.48	-2143.02	1483.95
Saccade L	1	31	7448444179	7448472182	28003	873.76	908.32	908.30	866.67	1.09	62.96	0.43	38.80	2306.35	-1865.80	1523.68
Saccade R	1	31	7448444179	7448472182	28003	873.76	908.32	908.30	866.67	1.09	62.96	0.43	38.80	2306.35	-1865.80	1523.68
Saccade L	1	32	7448512211	7448536178	23967	880.25	868.69	878.33	908.83	0.83	51.25	0.50	34.80	1769.21	-1917.44	1280.76
Saccade R	1	32	7448512211	7448536178	23967	880.25	868.69	878.33	908.83	0.83	51.25	0.50	34.80	1769.21	-1917.44	1280.76
Saccade L	1	33	7448550189	7448586187	35998	874.53	909.78	894.42	871.86	1.26	53.23	0.39	35.13	1955.70	-1448.02	1190.73
Saccade R	1	33	7448550189	7448586187	35998	874.53	909.78	894.42	871.86	1.26	53.23	0.39	35.13	1955.70	-1448.02	1190.73
Fixation L	1	26	7448636300	7448730579	94279	881.22	890.28	40	24	-1	11.44	11.44
Fixation R	1	26	7448636300	7448730579	94279	881.22	890.28	40	24	-1	12.32	12.32
Saccade L	1	34	7448730579	7448756297	25718	868.45	879.11	919.81	888.24	1.08	71.17	0.46	42.02	2713.68	-2567.19	1927.09
Saccade R	1	34	7448730579	7448756297	25718	868.45	879.11	919.81	888.24	1.08	71.17	0.46	42.02	2713.68	-2567.19	1927.09
Fixation L	1	27	7448756297	7449068425	312128	893.79	888.55	46	29	-1	11.66	11.66
Fixation R	1	27	7448756297	7449068425	312128	893.79	888.55	46	29	-1	12.36	12.36
Saccade L	1	35	7449068425	7449098419	29994	888.90	879.25	874.82	938.88	1.34	71.15	0.40	44.57	2891.00	-1963.04	1570.00
Saccade R	1	35	7449068425	7449098419	29994	888.90	879.25	874.82	938.88	1.34	71.15	0.40	44.57	2891.00	-1963.04	1570.00
Saccade L	1	36	7449098419	7449126411	27992	874.82	938.88	876.53	892.42	1.20	73.12	0.53	43.05	1528.92	-2722.09	1395.37
Saccade R	1	36	7449098419	7449126411	27992	874.82	938.88	876.53	892.42	1.20	73.12	0.53	43.05	1528.92	-2722.09	1395.37
Fixation L	1	28	7449126411	7449184546	58135	888.51	891.23	30	12	-1	11.91	11.91
Fixation R	1	28	7449126411	7449184546	58135	888.51	891.23	30	12	-1	12.74	12.74
Saccade L	1	37	7449184546	7449216835	32289	885.35	891.15	891.97	948.32	1.14	55.60	0.56	35.32	1622.23	-1295.54	1046.81
Saccade R	1	37	7449184546	7449216835	32289	885.35	891.15	891.97	948.32	1.14	55.60	0.56	35.32	1622.23	-1295.54	1046.81
Fixation L	1	29	7449216835	7449378892	162057	883.68	917.04	43	43	-1	12.00	12.00
Fixation R	1	29	7449216835	7449378892	162057	883.68	917.04	43	43	-1	13.15	13.15
Saccade L	1	38	7449378892	7449412538	33646	877.37	917.59	923.18	824.03	2.42	147.44	0.41	72.04	5484.11	-5597.40	3647.24
Saccade R	1	38	7449378892	7449412538	33646	877.37	917.59	923.18	824.03	2.42	147.44	0.41	72.04	5484.11	-5597.40	3647.24
Saccade L	1	39	7449416541	7449444662	28121	928.41	822.01	890.80	878.67	1.42	87.94	0.55	50.59	2513.10	-2493.49	1796.99
Saccade R	1	39	7449416541	7449444662	28121	928.41	822.01	890.80	878.67	1.42	87.94	0.55	50.59	2513.10	-2493.49	1796.99
Saccade L	1	40	7449448940	7449482665	33725	888.67	875.51	869.07	828.45	1.13	46.57	0.39	33.38	920.59	-1070.56	594.66
Saccade R	1	40	7449448940	7449482665	33725	888.67	875.51	869.07	828.45	1.13	46.57	0.39	33.38	920.59	-1070.56	594.66
Saccade L	1	41	7449482665	7449526661	43996	869.07	828.45	870.65	860.81	1.60	62.54	0.70	36.41	1218.37	-2130.22	883.42
Saccade R	1	41	7449482665	7449526661	43996	869.07	828.45	870.65	860.81	1.60	62.54	0.70	36.41	1218.37	-2130.22	883.42
Fixation L	1	30	7449526661	7449602662	76001	892.84	852.38	45	18	-1	12.18	12.18
Fixation R	1	30	7449526661	7449602662	76001	892.84	852.38	45	18	-1	12.57	12.57
Saccade L	1	42	7449602662	7449664654	61992	915.42	857.59	947.35	544.02	7.06	286.71	0.23	113.89	12209.83	-6849.16	5166.99
Saccade R	1	42	7449602662	7449664654	61992	915.42	857.59	947.35	544.02	7.06	286.71	0.23	113.89	12209.83	-6849.16	5166.99
Fixation L	1	31	7449664654	7449776780	112126	927.85	569.08	36	51	-1	11.76	11.76
Fixation R	1	31	7449664654	7449776780	112126	927.85	569.08	36	51	-1	12.41	12.41
Saccade L	1	43	7449776780	7449808824	32044	926.52	592.34	926.47	548.43	0.98	43.38	0.33	30.62	1692.16	-1079.52	944.33
Saccade R	1	43	7449776780	7449808824	32044	926.52	592.34	926.47	548.43	0.98	43.38	0.33	30.62	1692.16	-1079.52	944.33
Fixation L	1	32	7449808824	7449932781	123957	935.62	567.97	30	50	-1	11.58	11.58
Fixation R	1	32	7449808824	7449932781	123957	935.62	567.97	30	50	-1	12.09	12.09
Saccade L	1	44	7449932781	7450058900	126119	920.29	587.61	873.92	815.83	11.51	258.71	0.35	91.28	8968.23	-8811.36	3109.24
Saccade R	1	44	7449932781	7450058900	126119	920.29	587.61	873.92	815.83	11.51	258.71	0.35	91.28	8968.23	-8811.36	3109.24
Fixation L	1	33	7450058900	7450147293	88393	867.89	853.38	13	67	-1	11.07	11.07
Fixation R	1	33	7450058900	7450147293	88393	867.89	853.38	13	67	-1	11.64	11.64
Saccade L	1	45	7450147293	7450177034	29741	873.70	865.63	869.47	917.85	1.08	52.70	0.35	36.45	1602.64	-1952.55	1348.24
Saccade R	1	45	7450147293	7450177034	29741	873.70	865.63	869.47	917.85	1.08	52.70	0.35	36.45	1602.64	-1952.55	1348.24
Fixation L	1	34	7450177034	7451041379	864345	882.42	889.27	72	60	-1	11.69	11.69
Fixation R	1	34	7450177034	7451041379	864345	882.42	889.27	72	60	-1	12.54	12.54
Saccade L	1	46	7451041379	7451065542	24163	906.93	897.65	857.12	899.39	0.95	58.62	0.49	39.43	2517.39	-2409.58	1736.17
Saccade R	1	46	7451041379	7451065542	24163	906.93	897.65	857.12	899.39	0.95	58.62	0.49	39.43	2517.39	-2409.58	1736.17
Fixation L	1	35	7451065542	7451661609	596067	882.02	882.43	56	50	-1	11.69	11.69
Fixation R	1	35	7451065542	7451661609	596067	882.02	882.43	56	50	-1	12.55	12.55
Saccade L	1	47	7451661609	7451687614	26005	891.85	903.57	866.35	877.74	0.81	40.32	0.57	31.09	1666.41	-1126.83	985.37
Saccade R	1	47	7451661609	7451687614	26005	891.85	903.57	866.35	877.74	0.81	40.32	0.57	31.09	1666.41	-1126.83	985.37
Fixation L	1	36	7451687614	7451914702	227088	886.30	882.37	35	49	-1	11.54	11.54
Fixation R	1	36	7451687614	7451914702	227088	886.30	882.37	35	49	-1	12.45	12.45
Saccade L	1	48	7451914702	7451937751	23049	886.79	905.16	855.29	866.83	0.94	58.53	0.48	40.85	1872.18	-2085.31	1456.49
Saccade R	1	48	7451914702	7451937751	23049	886.79	905.16	855.29	866.83	0.94	58.53	0.48	40.85	1872.18	-2085.31	1456.49
Fixation L	1	37	7451937751	7452415984	478233	883.15	871.32	57	37	-1	11.30	11.30
Fixation R	1	37	7451937751	7452415984	478233	883.15	871.32	57	37	-1	12.16	12.16
Saccade L	1	49	7452415984	7452439993	24009	855.24	893.12	909.18	883.94	1.15	79.63	0.42	48.06	1783.08	-2733.00	1537.29
Saccade R	1	49	7452415984	7452439993	24009	855.24	893.12	909.18	883.94	1.15	79.63	0.42	48.06	1783.08	-2733.00	1537.29
Fixation L	1	38	7452439993	7452978607	538614	906.60	880.56	51	33	-1	11.30	11.30
Fixation R	1	38	7452439993	7452978607	538614	906.60	880.56	51	33	-1	12.38	12.38
Saccade L	1	50	7452978607	7453008210	29603	913.03	868.99	859.13	910.69	1.42	83.05	0.46	48.13	2894.15	-2921.39	2138.55
Saccade R	1	50	7452978607	7453008210	29603	913.03	868.99	859.13	910.69	1.42	83.05	0.46	48.13	2894.15	-2921.39	2138.55
Fixation L	1	39	7453008210	7453394329	386119	864.85	892.34	62	50	-1	11.77	11.77
Fixation R	1	39	7453008210	7453394329	386119	864.85	892.34	62	50	-1	12.60	12.60
Blink L	1	1	7453394329	7453656446	262117
Blink R	1	1	7453394329	7453656446	262117
Saccade L	1	51	7453668974	7453718437	49463	819.79	752.96	885.55	811.47	1.61	41.54	0.23	32.57	813.61	-1478.29	555.43
Saccade R	1	51	7453668974	7453718437	49463	819.79	752.96	885.55	811.47	1.61	41.54	0.23	32.57	813.61	-1478.29	555.43
Saccade L	1	52	7453752773	7453780739	27966	883.27	807.66	887.20	843.30	0.87	42.89	0.49	31.09	1440.24	-1240.98	977.08
Saccade R	1	52	7453752773	7453780739	27966	883.27	807.66	887.20	843.30	0.87	42.89	0.49	31.09	1440.24	-1240.98	977.08
Fixation L	1	40	7453780739	7454026289	245550	880.34	854.31	43	40	-1	12.15	12.15
Fixation R	1	40	7453780739	7454026289	245550	880.34	854.31	43	40	-1	13.23	13.23
Saccade L	1	53	7454026289	7454064688	38399	859.11	872.56	887.91	888.04	1.26	57.02	0.23	32.90	1891.16	-950.82	873.04
Saccade R	1	53	7454026289	7454064688	38399	859.11	872.56	887.91	888.04	1.26	57.02	0.23	32.90	1891.16	-950.82	873.04
Fixation L	1	41	7454064688	7454366808	302120	871.59	885.14	52	38	-1	11.86	11.86
Fixation R	1	41	7454064688	7454366808	302120	871.59	885.14	52	38	-1	13.08	13.08
Saccade L	1	54	7454366808	7454408812	42004	864.83	898.72	905.93	937.48	2.26	105.55	0.53	53.72	3291.02	-3871.32	2289.36
Saccade R	1	54	7454366808	7454408812	42004	864.83	898.72	905.93	937.48	2.26	105.55	0.53	53.72	3291.02	-3871.32	2289.36
Saccade L	1	55	7454423554	7454452813	29259	903.57	940.57	874.53	967.33	1.30	97.61	0.66	44.27	2930.88	-122.51	1212.02
Saccade R	1	55	7454423554	7454452813	29259	903.57	940.57	874.53	967.33	1.30	97.61	0.66	44.27	2930.88	-122.51	1212.02
Saccade L	1	56	7454452813	7454476797	23984	874.53	967.33	857.98	911.21	1.27	108.82	0.51	53.09	678.91	-3520.27	1353.88
Saccade R	1	56	7454452813	7454476797	23984	874.53	967.33	857.98	911.21	1.27	108.82	0.51	53.09	678.91	-3520.27	1353.88
Saccade L	1	57	7454490666	7454528924	38258	855.49	910.69	836.75	938.23	1.19	40.60	0.79	31.21	1077.02	-849.47	610.05
Saccade R	1	57	7454490666	7454528924	38258	855.49	910.69	836.75	938.23	1.19	40.60	0.79	31.21	1077.02	-849.47	610.05
Fixation L	1	42	7454528924	7454614928	86004	850.27	907.85	24	65	-1	12.22	12.22
Fixation R	1	42	7454528924	7454614928	86004	850.27	907.85	24	65	-1	13.16	13.16
Saccade L	1	58	7454614928	7454646920	31992	834.63	872.19	881.15	899.84	1.12	51.77	0.31	35.05	831.10	-1578.64	915.70
Saccade R	1	58	7454614928	7454646920	31992	834.63	872.19	881.15	899.84	1.12	51.77	0.31	35.05	831.10	-1578.64	915.70
Saccade L	1	59	7454664916	7454702924	38008	872.26	903.70	829.32	927.95	1.27	49.23	0.42	33.51	1529.10	-1598.12	1150.77
Saccade R	1	59	7454664916	7454702924	38008	872.26	903.70	829.32	927.95	1.27	49.23	0.42	33.51	1529.10	-1598.12	1150.77
Fixation L	1	43	7454702924	7454943043	240119	840.74	919.02	32	40	-1	12.54	12.54
Fixation R	1	43	7454702924	7454943043	240119	840.74	919.02	32	40	-1	13.53	13.53
