[BeGaze]
Converted from:	C:\Program Files\SMI\Experiment Suite 360\Experiment Center 2\Results\RC-Attachment-Exp\P10-eye_data.idf
Date:	18.03.2012 20:08:29
Version:	BeGaze 3.0.181
Sample Rate:	500
Subject:	P10
Description:	Run15

Table Header for Fixations:
Event Type	Trial	Number	Start	End	Duration	Location X	Location Y	Dispersion X	Dispersion Y	Plane	Avg. Pupil Size X	Avg. Pupil Size Y

Table Header for Saccades:
Event Type	Trial	Number	Start	End	Duration	Start Loc.X	Start Loc.Y	End Loc.X	End Loc.Y	Amplitude	Peak Speed	Peak Speed At	Average Speed	Peak Accel.	Peak Decel.	Average Accel.

Table Header for Blinks:
Event Type	Trial	Number	Start	End	Duration

Table Header for User Events:
Event Type	Trial	Number	Start	Description

UserEvent	1	1	8552678438	# Message: Questionnaire20.jpg
Saccade L	1	1	8552750893	8552779183	28290	875.13	917.24	896.95	955.14	0.88	49.71	0.50	31.13	1716.93	-1034.63	993.43
Saccade R	1	1	8552750893	8552779183	28290	875.13	917.24	896.95	955.14	0.88	49.71	0.50	31.13	1716.93	-1034.63	993.43
Saccade L	1	2	8552952995	8553023127	70132	886.87	912.18	471.10	334.42	16.92	683.05	0.34	241.24	30244.50	-25033.53	14961.66
Saccade R	1	2	8552952995	8553023127	70132	886.87	912.18	471.10	334.42	16.92	683.05	0.34	241.24	30244.50	-25033.53	14961.66
Fixation L	1	1	8553023127	8553119114	95987	487.49	343.93	25	18	-1	10.85	10.85
Fixation R	1	1	8553023127	8553119114	95987	487.49	343.93	25	18	-1	10.70	10.70
Saccade L	1	3	8553119114	8553221158	102044	493.50	347.74	441.43	336.53	2.60	89.36	0.76	25.48	2673.78	-3056.09	892.03
Saccade R	1	3	8553119114	8553221158	102044	493.50	347.74	441.43	336.53	2.60	89.36	0.76	25.48	2673.78	-3056.09	892.03
Fixation L	1	2	8553221158	8553301237	80079	451.97	341.96	20	27	-1	10.64	10.64
Fixation R	1	2	8553221158	8553301237	80079	451.97	341.96	20	27	-1	10.52	10.52
Saccade L	1	4	8553301237	8553347232	45995	444.07	333.21	595.55	351.24	3.55	195.75	0.57	77.23	8153.48	-8425.65	5051.53
Saccade R	1	4	8553301237	8553347232	45995	444.07	333.21	595.55	351.24	3.55	195.75	0.57	77.23	8153.48	-8425.65	5051.53
Fixation L	1	3	8553347232	8553573360	226128	601.23	349.15	25	30	-1	10.87	10.87
Fixation R	1	3	8553347232	8553573360	226128	601.23	349.15	25	30	-1	10.80	10.80
Saccade L	1	5	8553573360	8553629343	55983	607.17	346.97	719.27	342.88	3.01	183.11	0.21	53.74	7471.96	-7080.62	3172.54
Saccade R	1	5	8553573360	8553629343	55983	607.17	346.97	719.27	342.88	3.01	183.11	0.21	53.74	7471.96	-7080.62	3172.54
Fixation L	1	4	8553629343	8553757356	128013	706.07	345.65	27	21	-1	11.07	11.07
Fixation R	1	4	8553629343	8553757356	128013	706.07	345.65	27	21	-1	10.92	10.92
Saccade L	1	6	8553757356	8553819350	61994	693.63	351.69	437.52	419.64	6.94	382.93	0.42	111.98	16409.08	-15840.13	7968.01
Saccade R	1	6	8553757356	8553819350	61994	693.63	351.69	437.52	419.64	6.94	382.93	0.42	111.98	16409.08	-15840.13	7968.01
Fixation L	1	5	8553819350	8553915459	96109	425.22	430.29	36	31	-1	11.27	11.27
Fixation R	1	5	8553819350	8553915459	96109	425.22	430.29	36	31	-1	11.11	11.11
Saccade L	1	7	8554009466	8554045465	35999	427.26	408.86	500.93	389.18	1.68	95.25	0.43	46.70	3466.02	-3661.53	2381.20
Saccade R	1	7	8554009466	8554045465	35999	427.26	408.86	500.93	389.18	1.68	95.25	0.43	46.70	3466.02	-3661.53	2381.20
Fixation L	1	6	8554045465	8554445712	400247	497.11	368.91	33	32	-1	11.65	11.65
Fixation R	1	6	8554045465	8554445712	400247	497.11	368.91	33	32	-1	11.37	11.37
Saccade L	1	8	8554445712	8554497715	52003	510.57	368.09	404.04	458.42	3.75	229.49	0.34	72.20	8929.82	-8619.34	4263.34
Saccade R	1	8	8554445712	8554497715	52003	510.57	368.09	404.04	458.42	3.75	229.49	0.34	72.20	8929.82	-8619.34	4263.34
Saccade L	1	9	8554519699	8554575739	56040	394.27	474.06	405.46	468.51	2.88	148.26	0.32	51.45	4751.33	-3569.87	2630.13
Saccade R	1	9	8554519699	8554575739	56040	394.27	474.06	405.46	468.51	2.88	148.26	0.32	51.45	4751.33	-3569.87	2630.13
Fixation L	1	7	8554575739	8554667830	92091	402.67	473.02	26	21	-1	11.95	11.95
Fixation R	1	7	8554575739	8554667830	92091	402.67	473.02	26	21	-1	11.79	11.79
Saccade L	1	10	8554773842	8554841819	67977	402.35	475.62	408.75	464.54	2.45	73.27	0.35	36.02	2316.77	-2207.72	1076.59
Saccade R	1	10	8554773842	8554841819	67977	402.35	475.62	408.75	464.54	2.45	73.27	0.35	36.02	2316.77	-2207.72	1076.59
Fixation L	1	8	8554841819	8554905938	64119	398.97	459.94	17	14	-1	11.77	11.77
Fixation R	1	8	8554841819	8554905938	64119	398.97	459.94	17	14	-1	11.55	11.55
Saccade L	1	11	8554905938	8554958074	52136	402.70	464.68	403.07	479.15	6.43	433.07	0.42	123.42	9966.25	-13260.67	6222.09
Saccade R	1	11	8554905938	8554958074	52136	402.70	464.68	403.07	479.15	6.43	433.07	0.42	123.42	9966.25	-13260.67	6222.09
Fixation L	1	9	8554958074	8555130339	172265	393.60	466.58	16	28	-1	11.92	11.92
Fixation R	1	9	8554958074	8555130339	172265	393.60	466.58	16	28	-1	11.61	11.61
Blink L	1	1	8555130339	8555217808	87469
Blink R	1	1	8555130339	8555217808	87469
Fixation L	1	10	8555217808	8555568215	350407	405.35	476.43	50	53	-1	11.87	11.87
Fixation R	1	10	8555217808	8555568215	350407	405.35	476.43	50	53	-1	11.74	11.74
UserEvent	1	74	8555565802	# Message: UE-mouseclick left x=369 y=440
Saccade L	1	12	8555568215	8555608173	39958	418.13	480.36	377.99	483.71	1.07	43.87	0.70	26.81	1404.38	-1267.10	838.97
Saccade R	1	12	8555568215	8555608173	39958	418.13	480.36	377.99	483.71	1.07	43.87	0.70	26.81	1404.38	-1267.10	838.97
Fixation L	1	11	8555608173	8555823493	215320	404.26	474.53	49	21	-1	11.76	11.76
Fixation R	1	11	8555608173	8555823493	215320	404.26	474.53	49	21	-1	11.72	11.72
Saccade L	1	13	8555823493	8555896844	73351	408.42	473.77	415.57	541.34	2.93	159.80	0.34	39.98	6070.03	-5886.03	2279.23
Saccade R	1	13	8555823493	8555896844	73351	408.42	473.77	415.57	541.34	2.93	159.80	0.34	39.98	6070.03	-5886.03	2279.23
Fixation L	1	12	8555896844	8556579112	682268	410.13	559.48	26	45	-1	11.94	11.94
Fixation R	1	12	8555896844	8556579112	682268	410.13	559.48	26	45	-1	11.91	11.91
UserEvent	1	98	8556493282	# Message: UE-mouseclick left x=396 y=522
Saccade L	1	14	8556579112	8556610660	31548	413.16	539.35	501.60	422.25	3.07	182.19	0.62	97.40	7736.14	0.00	3196.37
Saccade R	1	14	8556579112	8556610660	31548	413.16	539.35	501.60	422.25	3.07	182.19	0.62	97.40	7736.14	0.00	3196.37
