[BeGaze]
Converted from:	C:\Program Files\SMI\Experiment Suite 360\Experiment Center 2\Results\RC-Attachment-Exp\P03-eye_data.idf
Date:	24.02.2012 09:58:23
Version:	BeGaze 3.0.181
Sample Rate:	500
Subject:	P03
Description:	Run8

Table Header for Fixations:
Event Type	Trial	Number	Start	End	Duration	Location X	Location Y	Dispersion X	Dispersion Y	Plane	Avg. Pupil Size X	Avg. Pupil Size Y

Table Header for Saccades:
Event Type	Trial	Number	Start	End	Duration	Start Loc.X	Start Loc.Y	End Loc.X	End Loc.Y	Amplitude	Peak Speed	Peak Speed At	Average Speed	Peak Accel.	Peak Decel.	Average Accel.

Table Header for Blinks:
Event Type	Trial	Number	Start	End	Duration

Table Header for User Events:
Event Type	Trial	Number	Start	Description

UserEvent	1	1	1473177328	# Message: Questionnaire22.jpg
Fixation L	1	1	1473188774	1473428421	239647	768.43	991.74	28	69	-1	9.61	9.61
Fixation R	1	1	1473188774	1473428421	239647	768.43	991.74	28	69	-1	8.95	8.95
Saccade L	1	1	1473428421	1473454495	26074	750.82	1020.72	784.33	978.44	1.10	70.81	0.39	42.36	2441.36	-2319.52	1674.76
Saccade R	1	1	1473428421	1473454495	26074	750.82	1020.72	784.33	978.44	1.10	70.81	0.39	42.36	2441.36	-2319.52	1674.76
Fixation L	1	2	1473454495	1473527733	73238	795.09	982.90	15	28	-1	9.73	9.73
Fixation R	1	2	1473454495	1473527733	73238	795.09	982.90	15	28	-1	9.14	9.14
Saccade L	1	2	1473527733	1473596485	68752	797.55	990.82	425.40	447.12	15.20	501.30	0.28	221.02	22007.70	-10462.03	10139.98
Saccade R	1	2	1473527733	1473596485	68752	797.55	990.82	425.40	447.12	15.20	501.30	0.28	221.02	22007.70	-10462.03	10139.98
Fixation L	1	3	1473596485	1473697177	100692	422.97	444.72	13	12	-1	9.09	9.09
Fixation R	1	3	1473596485	1473697177	100692	422.97	444.72	13	12	-1	8.33	8.33
Saccade L	1	3	1473697177	1473724609	27432	431.70	448.81	442.20	350.48	2.05	132.76	0.42	74.71	5496.21	-5634.41	4057.55
Saccade R	1	3	1473697177	1473724609	27432	431.70	448.81	442.20	350.48	2.05	132.76	0.42	74.71	5496.21	-5634.41	4057.55
Fixation L	1	4	1473724609	1473969170	244561	450.31	357.21	33	15	-1	8.96	8.96
Fixation R	1	4	1473724609	1473969170	244561	450.31	357.21	33	15	-1	8.18	8.18
Saccade L	1	4	1473969170	1474004590	35420	463.02	353.22	594.19	347.61	2.85	147.00	0.44	80.39	6206.30	-5706.40	4315.18
Saccade R	1	4	1473969170	1474004590	35420	463.02	353.22	594.19	347.61	2.85	147.00	0.44	80.39	6206.30	-5706.40	4315.18
Fixation L	1	5	1474004590	1474156766	152176	582.80	350.46	17	18	-1	9.02	9.02
Fixation R	1	5	1474004590	1474156766	152176	582.80	350.46	17	18	-1	8.41	8.41
Saccade L	1	5	1474156766	1474184707	27941	580.21	348.57	702.07	353.08	2.75	186.55	0.43	98.32	7792.76	-7549.84	5557.54
Saccade R	1	5	1474156766	1474184707	27941	580.21	348.57	702.07	353.08	2.75	186.55	0.43	98.32	7792.76	-7549.84	5557.54
Fixation L	1	6	1474184707	1474484824	300117	701.50	344.51	27	30	-1	9.22	9.22
Fixation R	1	6	1474184707	1474484824	300117	701.50	344.51	27	30	-1	8.48	8.48
Saccade L	1	6	1474484824	1474512942	28118	696.68	355.54	831.75	351.64	3.07	214.09	0.52	109.20	8626.97	-8065.36	6057.81
Saccade R	1	6	1474484824	1474512942	28118	696.68	355.54	831.75	351.64	3.07	214.09	0.52	109.20	8626.97	-8065.36	6057.81
Fixation L	1	7	1474512942	1474678935	165993	817.97	344.45	48	15	-1	9.43	9.43
Fixation R	1	7	1474512942	1474678935	165993	817.97	344.45	48	15	-1	8.61	8.61
Saccade L	1	7	1474678935	1474714938	36003	815.94	344.51	635.08	355.61	3.86	209.14	0.44	107.20	8454.91	-8360.81	6221.20
Saccade R	1	7	1474678935	1474714938	36003	815.94	344.51	635.08	355.61	3.86	209.14	0.44	107.20	8454.91	-8360.81	6221.20
Fixation L	1	8	1474714938	1474805066	90128	632.09	357.70	10	11	-1	9.65	9.65
Fixation R	1	8	1474714938	1474805066	90128	632.09	357.70	10	11	-1	8.78	8.78
Blink L	1	1	1474805066	1474835064	29998
Blink R	1	1	1474805066	1474835064	29998
Blink L	1	2	1474851804	1475125173	273369
Blink R	1	2	1474851804	1475125173	273369
Saccade L	1	8	1475139336	1475165172	25836	665.62	593.26	403.63	460.58	3.29	239.23	0.69	127.24	8588.81	406.21	4572.30
Saccade R	1	8	1475139336	1475165172	25836	665.62	593.26	403.63	460.58	3.29	239.23	0.69	127.24	8588.81	406.21	4572.30
Saccade L	1	9	1475189167	1475221856	32689	413.80	460.81	414.02	458.00	3.80	138.64	0.61	116.19	4097.68	-4829.99	2732.49
Saccade R	1	9	1475189167	1475221856	32689	413.80	460.81	414.02	458.00	3.80	138.64	0.61	116.19	4097.68	-4829.99	2732.49
Fixation L	1	9	1475300079	1475693402	393323	392.74	428.71	42	57	-1	9.41	9.41
Fixation R	1	9	1475300079	1475693402	393323	392.74	428.71	42	57	-1	8.55	8.55
Fixation L	1	10	1475738083	1475936562	198479	375.96	415.50	30	37	-1	9.19	9.19
Fixation R	1	10	1475738083	1475936562	198479	375.96	415.50	30	37	-1	8.53	8.53
Saccade L	1	10	1475936562	1475963597	27035	383.98	418.78	357.32	408.72	0.82	43.34	0.34	30.22	1276.45	-1157.51	769.26
Saccade R	1	10	1475936562	1475963597	27035	383.98	418.78	357.32	408.72	0.82	43.34	0.34	30.22	1276.45	-1157.51	769.26
Saccade L	1	11	1475972364	1476005509	33145	350.70	411.80	389.86	418.74	0.98	40.88	0.28	29.48	1065.25	-869.67	737.63
Saccade R	1	11	1475972364	1476005509	33145	350.70	411.80	389.86	418.74	0.98	40.88	0.28	29.48	1065.25	-869.67	737.63
Fixation L	1	11	1476005509	1476264868	259359	370.60	414.47	35	40	-1	9.09	9.09
Fixation R	1	11	1476005509	1476264868	259359	370.60	414.47	35	40	-1	8.42	8.42
Saccade L	1	12	1476264868	1476295627	30759	374.02	438.28	339.81	394.06	1.13	53.88	0.41	36.69	1785.85	-1529.20	1227.46
Saccade R	1	12	1476264868	1476295627	30759	374.02	438.28	339.81	394.06	1.13	53.88	0.41	36.69	1785.85	-1529.20	1227.46
Fixation L	1	12	1476295627	1476431805	136178	361.99	401.20	36	49	-1	9.11	9.11
Fixation R	1	12	1476295627	1476431805	136178	361.99	401.20	36	49	-1	8.55	8.55
Saccade L	1	13	1476457027	1476479748	22721	383.83	414.69	340.34	416.38	0.85	49.52	0.65	37.20	822.60	-407.12	391.38
Saccade R	1	13	1476457027	1476479748	22721	383.83	414.69	340.34	416.38	0.85	49.52	0.65	37.20	822.60	-407.12	391.38
Saccade L	1	14	1476483743	1476511757	28014	339.69	412.27	394.55	408.82	1.14	63.87	0.36	40.75	1042.28	-2269.38	1265.69
Saccade R	1	14	1476483743	1476511757	28014	339.69	412.27	394.55	408.82	1.14	63.87	0.36	40.75	1042.28	-2269.38	1265.69
Fixation L	1	13	1476511757	1476935845	424088	380.73	426.84	49	35	-1	9.41	9.41
Fixation R	1	13	1476511757	1476935845	424088	380.73	426.84	49	35	-1	8.76	8.76
UserEvent	1	90	1476745738	# Message: UE-mouseclick left x=363 y=443
Saccade L	1	15	1476935845	1476969990	34145	347.54	430.62	398.99	435.02	1.38	60.31	0.47	40.49	2028.92	-1861.63	1444.96
Saccade R	1	15	1476935845	1476969990	34145	347.54	430.62	398.99	435.02	1.38	60.31	0.47	40.49	2028.92	-1861.63	1444.96
Fixation L	1	14	1476969990	1477041978	71988	380.00	440.11	35	20	-1	9.64	9.64
Fixation R	1	14	1476969990	1477041978	71988	380.00	440.11	35	20	-1	9.05	9.05
Saccade L	1	16	1477041978	1477072088	30110	390.37	444.85	429.17	475.53	1.13	58.85	0.60	37.39	1498.53	-2385.79	1400.54
Saccade R	1	16	1477041978	1477072088	30110	390.37	444.85	429.17	475.53	1.13	58.85	0.60	37.39	1498.53	-2385.79	1400.54
Fixation L	1	15	1477072088	1477344289	272201	404.20	488.86	49	35	-1	9.66	9.66
Fixation R	1	15	1477072088	1477344289	272201	404.20	488.86	49	35	-1	8.91	8.91
Saccade L	1	17	1477438244	1477530236	91992	397.93	507.75	403.53	506.78	2.94	47.82	0.50	31.92	570.51	-863.31	432.69
Saccade R	1	17	1477438244	1477530236	91992	397.93	507.75	403.53	506.78	2.94	47.82	0.50	31.92	570.51	-863.31	432.69
Fixation L	1	16	1477530236	1477651323	121087	398.40	494.10	31	34	-1	9.34	9.34
Fixation R	1	16	1477530236	1477651323	121087	398.40	494.10	31	34	-1	8.76	8.76
UserEvent	1	112	1477577791	# Message: UE-mouseclick left x=398 y=528
Saccade L	1	18	1477651323	1477682524	31201	400.64	490.21	245.82	799.81	7.66	672.58	0.63	245.65	24696.84	-25148.74	16682.82
Saccade R	1	18	1477651323	1477682524	31201	400.64	490.21	245.82	799.81	7.66	672.58	0.63	245.65	24696.84	-25148.74	16682.82
