[BeGaze]
Converted from:	C:\Program Files\SMI\Experiment Suite 360\Experiment Center 2\Results\RC-Attachment-Exp\P21-eye_data.idf
Date:	18.03.2012 20:16:23
Version:	BeGaze 3.0.181
Sample Rate:	500
Subject:	P21
Description:	Run26

Table Header for Fixations:
Event Type	Trial	Number	Start	End	Duration	Location X	Location Y	Dispersion X	Dispersion Y	Plane	Avg. Pupil Size X	Avg. Pupil Size Y

Table Header for Saccades:
Event Type	Trial	Number	Start	End	Duration	Start Loc.X	Start Loc.Y	End Loc.X	End Loc.Y	Amplitude	Peak Speed	Peak Speed At	Average Speed	Peak Accel.	Peak Decel.	Average Accel.

Table Header for Blinks:
Event Type	Trial	Number	Start	End	Duration

Table Header for User Events:
Event Type	Trial	Number	Start	Description

UserEvent	1	1	19892841357	# Message: Questionnaire8.jpg
Fixation L	1	1	19892843295	19893264616	421321	852.14	928.27	36	33	-1	15.98	15.98
Fixation R	1	1	19892843295	19893264616	421321	852.14	928.27	36	33	-1	16.20	16.20
Saccade L	1	1	19893264616	19893334632	70016	839.30	921.26	483.64	325.24	16.03	422.69	0.29	229.01	18817.62	-14517.44	9578.06
Saccade R	1	1	19893264616	19893334632	70016	839.30	921.26	483.64	325.24	16.03	422.69	0.29	229.01	18817.62	-14517.44	9578.06
Saccade L	1	2	19893334632	19893386604	51972	483.64	325.24	534.93	379.47	1.64	54.18	0.23	31.64	1114.59	-1454.29	765.36
Saccade R	1	2	19893334632	19893386604	51972	483.64	325.24	534.93	379.47	1.64	54.18	0.23	31.64	1114.59	-1454.29	765.36
Fixation L	1	2	19893386604	19893714877	328273	527.92	375.80	30	54	-1	16.08	16.08
Fixation R	1	2	19893386604	19893714877	328273	527.92	375.80	30	54	-1	16.65	16.65
Saccade L	1	3	19893714877	19893756860	41983	524.92	379.13	401.18	366.68	2.73	126.10	0.48	65.09	5217.40	-4920.45	3651.44
Saccade R	1	3	19893714877	19893756860	41983	524.92	379.13	401.18	366.68	2.73	126.10	0.48	65.09	5217.40	-4920.45	3651.44
Fixation L	1	3	19893756860	19893922834	165974	411.94	367.83	23	44	-1	15.88	15.88
Fixation R	1	3	19893756860	19893922834	165974	411.94	367.83	23	44	-1	16.50	16.50
Saccade L	1	4	19893922834	19893974971	52137	419.78	369.96	555.65	367.26	3.09	125.32	0.39	59.30	5135.03	-4067.99	3026.53
Saccade R	1	4	19893922834	19893974971	52137	419.78	369.96	555.65	367.26	3.09	125.32	0.39	59.30	5135.03	-4067.99	3026.53
Fixation L	1	4	19893974971	19894160970	185999	540.77	375.45	28	17	-1	16.64	16.64
Fixation R	1	4	19893974971	19894160970	185999	540.77	375.45	28	17	-1	17.40	17.40
Saccade L	1	5	19894160970	19894218951	57981	530.41	381.49	686.83	381.97	3.45	124.66	0.42	59.50	4945.56	-4454.22	2849.62
Saccade R	1	5	19894160970	19894218951	57981	530.41	381.49	686.83	381.97	3.45	124.66	0.42	59.50	4945.56	-4454.22	2849.62
Fixation L	1	5	19894218951	19894383061	164110	676.64	387.62	21	23	-1	17.30	17.30
Fixation R	1	5	19894218951	19894383061	164110	676.64	387.62	21	23	-1	18.18	18.18
Saccade L	1	6	19894383061	19894441083	58022	666.47	386.17	878.28	393.16	4.66	178.79	0.31	80.40	7392.65	-5279.48	3941.01
Saccade R	1	6	19894383061	19894441083	58022	666.47	386.17	878.28	393.16	4.66	178.79	0.31	80.40	7392.65	-5279.48	3941.01
Fixation L	1	6	19894441083	19894621172	180089	848.52	378.75	49	28	-1	17.45	17.45
Fixation R	1	6	19894441083	19894621172	180089	848.52	378.75	49	28	-1	18.46	18.46
Saccade L	1	7	19894621172	19894675217	54045	840.27	377.24	982.72	369.39	3.20	107.77	0.30	59.14	4361.35	-2599.18	2390.39
Saccade R	1	7	19894621172	19894675217	54045	840.27	377.24	982.72	369.39	3.20	107.77	0.30	59.14	4361.35	-2599.18	2390.39
Fixation L	1	7	19894675217	19894965289	290072	967.80	369.58	35	22	-1	17.06	17.06
Fixation R	1	7	19894675217	19894965289	290072	967.80	369.58	35	22	-1	17.97	17.97
Saccade L	1	8	19894965289	19895043416	78127	973.21	368.58	466.37	470.47	11.82	328.93	0.36	151.30	13638.78	-9892.63	6904.44
Saccade R	1	8	19894965289	19895043416	78127	973.21	368.58	466.37	470.47	11.82	328.93	0.36	151.30	13638.78	-9892.63	6904.44
Fixation L	1	8	19895043416	19895159420	116004	506.63	462.21	62	20	-1	17.23	17.23
Fixation R	1	8	19895043416	19895159420	116004	506.63	462.21	62	20	-1	17.98	17.98
Saccade L	1	9	19895159420	19895205438	46018	530.66	449.27	420.29	485.12	2.53	117.29	0.35	55.06	4507.54	-3963.96	2656.06
Saccade R	1	9	19895159420	19895205438	46018	530.66	449.27	420.29	485.12	2.53	117.29	0.35	55.06	4507.54	-3963.96	2656.06
Fixation L	1	9	19895205438	19895679632	474194	435.92	490.33	33	29	-1	17.90	17.90
Fixation R	1	9	19895205438	19895679632	474194	435.92	490.33	33	29	-1	18.70	18.70
Blink L	1	1	19895679632	19895861660	182028
Blink R	1	1	19895679632	19895861660	182028
Fixation L	1	10	19895861660	19896767197	905537	437.67	482.87	35	48	-1	16.93	16.93
Fixation R	1	10	19895861660	19896767197	905537	437.67	482.87	35	48	-1	17.71	17.71
UserEvent	1	64	19896540876	# Message: UE-mouseclick left x=507 y=473
Saccade L	1	10	19896767197	19896826589	59392	430.34	488.56	460.47	545.91	1.72	44.59	0.66	28.95	890.73	-1542.22	766.48
Saccade R	1	10	19896767197	19896826589	59392	430.34	488.56	460.47	545.91	1.72	44.59	0.66	28.95	890.73	-1542.22	766.48
Fixation L	1	11	19896826589	19897596560	769971	473.68	543.86	42	37	-1	18.14	18.14
Fixation R	1	11	19896826589	19897596560	769971	473.68	543.86	42	37	-1	18.88	18.88
UserEvent	1	81	19897508741	# Message: UE-mouseclick left x=457 y=527
