[BeGaze]
Converted from:	C:\Program Files\SMI\Experiment Suite 360\Experiment Center 2\Results\RC-Attachment-Exp\P17-eye_data.idf
Date:	18.03.2012 20:12:53
Version:	BeGaze 3.0.181
Sample Rate:	500
Subject:	P17
Description:	Run22

Table Header for Fixations:
Event Type	Trial	Number	Start	End	Duration	Location X	Location Y	Dispersion X	Dispersion Y	Plane	Avg. Pupil Size X	Avg. Pupil Size Y

Table Header for Saccades:
Event Type	Trial	Number	Start	End	Duration	Start Loc.X	Start Loc.Y	End Loc.X	End Loc.Y	Amplitude	Peak Speed	Peak Speed At	Average Speed	Peak Accel.	Peak Decel.	Average Accel.

Table Header for Blinks:
Event Type	Trial	Number	Start	End	Duration

Table Header for User Events:
Event Type	Trial	Number	Start	Description

UserEvent	1	1	15999398464	# Message: Questionnaire6.jpg
Fixation L	1	1	15999401216	15999866646	465430	909.88	928.14	20	27	-1	13.30	13.30
Fixation R	1	1	15999401216	15999866646	465430	909.88	928.14	20	27	-1	13.02	13.02
Saccade L	1	1	15999866646	15999928652	62006	915.52	928.03	521.22	377.99	15.45	496.40	0.29	249.14	22322.37	-11672.45	11422.61
Saccade R	1	1	15999866646	15999928652	62006	915.52	928.03	521.22	377.99	15.45	496.40	0.29	249.14	22322.37	-11672.45	11422.61
Fixation L	1	2	15999928652	16000040622	111970	513.19	382.04	14	25	-1	13.30	13.30
Fixation R	1	2	15999928652	16000040622	111970	513.19	382.04	14	25	-1	12.79	12.79
Saccade L	1	2	16000040622	16000066588	25966	516.68	393.93	444.63	339.68	1.94	137.33	0.39	74.87	5585.81	-5512.74	3918.23
Saccade R	1	2	16000040622	16000066588	25966	516.68	393.93	444.63	339.68	1.94	137.33	0.39	74.87	5585.81	-5512.74	3918.23
Fixation L	1	3	16000066588	16000240703	174115	447.71	345.37	15	15	-1	13.20	13.20
Fixation R	1	3	16000066588	16000240703	174115	447.71	345.37	15	15	-1	12.74	12.74
Saccade L	1	3	16000240703	16000276727	36024	455.98	351.02	626.26	346.64	3.72	200.10	0.44	103.37	8592.89	-8500.72	6180.64
Saccade R	1	3	16000240703	16000276727	36024	455.98	351.02	626.26	346.64	3.72	200.10	0.44	103.37	8592.89	-8500.72	6180.64
Fixation L	1	4	16000276727	16000494815	218088	637.60	337.21	22	18	-1	12.55	12.55
Fixation R	1	4	16000276727	16000494815	218088	637.60	337.21	22	18	-1	12.35	12.35
Saccade L	1	4	16000494815	16000518820	24005	638.10	341.87	563.89	340.12	1.54	115.08	0.50	64.15	4541.64	-4363.35	3111.39
Saccade R	1	4	16000494815	16000518820	24005	638.10	341.87	563.89	340.12	1.54	115.08	0.50	64.15	4541.64	-4363.35	3111.39
Fixation L	1	5	16000518820	16000720943	202123	572.34	352.40	35	21	-1	12.41	12.41
Fixation R	1	5	16000518820	16000720943	202123	572.34	352.40	35	21	-1	12.24	12.24
Saccade L	1	5	16000720943	16000746982	26039	555.23	355.86	455.69	354.80	2.15	161.19	0.54	82.48	6473.62	-6498.15	4668.43
Saccade R	1	5	16000720943	16000746982	26039	555.23	355.86	455.69	354.80	2.15	161.19	0.54	82.48	6473.62	-6498.15	4668.43
Fixation L	1	6	16000746982	16000981080	234098	448.29	355.19	30	28	-1	12.95	12.95
Fixation R	1	6	16000746982	16000981080	234098	448.29	355.19	30	28	-1	12.78	12.78
Saccade L	1	6	16000981080	16001021047	39967	464.91	355.15	589.65	347.84	2.75	172.26	0.30	68.78	7159.28	-6251.23	3966.88
Saccade R	1	6	16000981080	16001021047	39967	464.91	355.15	589.65	347.84	2.75	172.26	0.30	68.78	7159.28	-6251.23	3966.88
Fixation L	1	7	16001021047	16001187169	166122	593.99	350.84	25	18	-1	13.76	13.76
Fixation R	1	7	16001021047	16001187169	166122	593.99	350.84	25	18	-1	13.48	13.48
Saccade L	1	7	16001187169	16001231648	44479	588.61	344.05	730.28	381.61	3.35	169.13	0.37	75.38	6992.27	-6368.26	4390.70
Saccade R	1	7	16001187169	16001231648	44479	588.61	344.05	730.28	381.61	3.35	169.13	0.37	75.38	6992.27	-6368.26	4390.70
Fixation L	1	8	16001231648	16001483321	251673	729.03	367.05	24	26	-1	13.75	13.75
Fixation R	1	8	16001231648	16001483321	251673	729.03	367.05	24	26	-1	13.54	13.54
Saccade L	1	8	16001483321	16001509277	25956	736.37	361.65	833.24	356.79	2.14	157.00	0.46	82.57	6416.31	-5689.20	4366.52
Saccade R	1	8	16001483321	16001509277	25956	736.37	361.65	833.24	356.79	2.14	157.00	0.46	82.57	6416.31	-5689.20	4366.52
Fixation L	1	9	16001509277	16001705440	196163	841.56	346.77	38	33	-1	13.64	13.64
Fixation R	1	9	16001509277	16001705440	196163	841.56	346.77	38	33	-1	13.50	13.50
Saccade L	1	9	16001705440	16001755501	50061	856.77	329.26	987.86	326.83	3.03	144.98	0.28	60.43	5762.06	-4832.65	2829.83
Saccade R	1	9	16001705440	16001755501	50061	856.77	329.26	987.86	326.83	3.03	144.98	0.28	60.43	5762.06	-4832.65	2829.83
Fixation L	1	10	16001755501	16001919419	163918	984.71	343.91	20	26	-1	13.19	13.19
Fixation R	1	10	16001755501	16001919419	163918	984.71	343.91	20	26	-1	13.17	13.17
Saccade L	1	10	16001919419	16001941508	22089	986.33	348.62	1044.30	344.34	1.19	95.04	0.45	53.73	3539.21	-3029.18	2164.25
Saccade R	1	10	16001919419	16001941508	22089	986.33	348.62	1044.30	344.34	1.19	95.04	0.45	53.73	3539.21	-3029.18	2164.25
Fixation L	1	11	16001941508	16002073499	131991	1046.64	339.59	21	20	-1	12.98	12.98
Fixation R	1	11	16001941508	16002073499	131991	1046.64	339.59	21	20	-1	12.85	12.85
Saccade L	1	11	16002073499	16002105811	32312	1060.87	338.51	1096.86	322.66	0.99	42.14	0.62	30.77	1326.14	-1658.90	1080.46
Saccade R	1	11	16002073499	16002105811	32312	1060.87	338.51	1096.86	322.66	0.99	42.14	0.62	30.77	1326.14	-1658.90	1080.46
Fixation L	1	12	16002105811	16002207642	101831	1097.91	321.17	18	3	-1	12.83	12.83
Fixation R	1	12	16002105811	16002207642	101831	1097.91	321.17	18	3	-1	12.53	12.53
Saccade L	1	12	16002207642	16002273721	66079	1107.79	318.82	365.36	434.33	17.11	449.53	0.27	258.96	20096.87	-16013.19	10837.55
Saccade R	1	12	16002207642	16002273721	66079	1107.79	318.82	365.36	434.33	17.11	449.53	0.27	258.96	20096.87	-16013.19	10837.55
Fixation L	1	13	16002273721	16002923844	650123	376.10	449.67	66	29	-1	13.32	13.32
Fixation R	1	13	16002273721	16002923844	650123	376.10	449.67	66	29	-1	12.85	12.85
Saccade L	1	13	16002923844	16002945845	22001	383.95	462.42	400.94	489.80	0.68	45.27	0.46	30.82	1640.90	-1919.23	1214.25
Saccade R	1	13	16002923844	16002945845	22001	383.95	462.42	400.94	489.80	0.68	45.27	0.46	30.82	1640.90	-1919.23	1214.25
Fixation L	1	14	16002945845	16003135967	190122	396.81	497.71	14	34	-1	14.17	14.17
Fixation R	1	14	16002945845	16003135967	190122	396.81	497.71	14	34	-1	13.91	13.91
Saccade L	1	14	16003135967	16003157983	22016	388.51	514.31	342.77	522.15	0.94	71.51	0.57	42.76	2851.48	-2627.57	1867.11
Saccade R	1	14	16003135967	16003157983	22016	388.51	514.31	342.77	522.15	0.94	71.51	0.57	42.76	2851.48	-2627.57	1867.11
Fixation L	1	15	16003157983	16003926368	768385	361.07	509.95	31	43	-1	14.37	14.37
Fixation R	1	15	16003157983	16003926368	768385	361.07	509.95	31	43	-1	14.25	14.25
UserEvent	1	105	16003545198	# Message: UE-mouseclick left x=366 y=471
Saccade L	1	15	16003926368	16003954318	27950	369.61	499.86	370.73	539.32	0.93	51.45	0.57	33.36	1445.79	-2008.05	1205.72
Saccade R	1	15	16003926368	16003954318	27950	369.61	499.86	370.73	539.32	0.93	51.45	0.57	33.36	1445.79	-2008.05	1205.72
Fixation L	1	16	16003954318	16004344718	390400	375.00	536.92	20	25	-1	14.10	14.10
Fixation R	1	16	16003954318	16004344718	390400	375.00	536.92	20	25	-1	14.00	14.00
UserEvent	1	124	16004257175	# Message: UE-mouseclick left x=361 y=519
