[BeGaze]
Converted from:	C:\Program Files\SMI\Experiment Suite 360\Experiment Center 2\Results\RC-Attachment-Exp\P33-eye_data.idf
Date:	18.03.2012 20:29:32
Version:	BeGaze 3.0.181
Sample Rate:	500
Subject:	P33
Description:	Run38

Table Header for Fixations:
Event Type	Trial	Number	Start	End	Duration	Location X	Location Y	Dispersion X	Dispersion Y	Plane	Avg. Pupil Size X	Avg. Pupil Size Y

Table Header for Saccades:
Event Type	Trial	Number	Start	End	Duration	Start Loc.X	Start Loc.Y	End Loc.X	End Loc.Y	Amplitude	Peak Speed	Peak Speed At	Average Speed	Peak Accel.	Peak Decel.	Average Accel.

Table Header for Blinks:
Event Type	Trial	Number	Start	End	Duration

Table Header for User Events:
Event Type	Trial	Number	Start	Description

UserEvent	1	1	3592310735	# Message: Dist-srcop-15.jpg
Fixation L	1	1	3592312113	3592843176	531063	519.87	442.21	27	44	-1	11.87	11.87
Fixation R	1	1	3592312113	3592843176	531063	519.87	442.21	27	44	-1	12.23	12.23
Saccade L	1	1	3592843176	3592869166	25990	523.05	416.35	572.90	425.30	1.09	67.55	0.38	41.83	2583.92	-2110.08	1660.17
Saccade R	1	1	3592843176	3592869166	25990	523.05	416.35	572.90	425.30	1.09	67.55	0.38	41.83	2583.92	-2110.08	1660.17
Fixation L	1	2	3592869166	3593293406	424240	558.94	444.37	34	30	-1	11.85	11.85
Fixation R	1	2	3592869166	3593293406	424240	558.94	444.37	34	30	-1	12.37	12.37
Saccade L	1	2	3593293406	3593318052	24646	563.93	454.84	620.26	452.22	1.19	80.79	0.41	48.34	3063.30	-3188.69	2175.65
Saccade R	1	2	3593293406	3593318052	24646	563.93	454.84	620.26	452.22	1.19	80.79	0.41	48.34	3063.30	-3188.69	2175.65
Fixation L	1	3	3593318052	3593477725	159673	616.39	444.84	15	17	-1	12.39	12.39
Fixation R	1	3	3593318052	3593477725	159673	616.39	444.84	15	17	-1	12.94	12.94
Saccade L	1	3	3593477725	3593499514	21789	621.98	435.02	668.81	438.83	0.95	68.92	0.45	43.64	2693.83	-2474.59	1740.96
Saccade R	1	3	3593477725	3593499514	21789	621.98	435.02	668.81	438.83	0.95	68.92	0.45	43.64	2693.83	-2474.59	1740.96
Fixation L	1	4	3593499514	3593715500	215986	668.87	441.24	17	19	-1	12.48	12.48
Fixation R	1	4	3593499514	3593715500	215986	668.87	441.24	17	19	-1	13.10	13.10
Saccade L	1	4	3593715500	3593741644	26144	666.05	441.31	749.14	450.83	1.76	121.02	0.50	67.37	4737.75	-4682.08	3312.04
Saccade R	1	4	3593715500	3593741644	26144	666.05	441.31	749.14	450.83	1.76	121.02	0.50	67.37	4737.75	-4682.08	3312.04
Fixation L	1	5	3593741644	3593945626	203982	741.87	439.23	33	20	-1	12.08	12.08
Fixation R	1	5	3593741644	3593945626	203982	741.87	439.23	33	20	-1	12.66	12.66
Saccade L	1	5	3593945626	3593971616	25990	745.43	441.73	786.02	437.81	0.88	47.98	0.54	33.84	1725.13	-1708.26	1208.56
Saccade R	1	5	3593945626	3593971616	25990	745.43	441.73	786.02	437.81	0.88	47.98	0.54	33.84	1725.13	-1708.26	1208.56
Fixation L	1	6	3593971616	3594339859	368243	810.84	445.27	48	21	-1	11.98	11.98
Fixation R	1	6	3593971616	3594339859	368243	810.84	445.27	48	21	-1	12.56	12.56
Saccade L	1	6	3594339859	3594373980	34121	833.87	453.35	919.88	450.89	1.90	105.35	0.35	55.60	4413.92	-3880.30	2984.29
Saccade R	1	6	3594339859	3594373980	34121	833.87	453.35	919.88	450.89	1.90	105.35	0.35	55.60	4413.92	-3880.30	2984.29
Fixation L	1	7	3594373980	3594635973	261993	920.12	443.44	24	20	-1	11.84	11.84
Fixation R	1	7	3594373980	3594635973	261993	920.12	443.44	24	20	-1	12.46	12.46
Saccade L	1	7	3594635973	3594657971	21998	911.09	452.14	976.76	435.79	1.40	110.88	0.46	63.80	3864.00	-4205.53	2753.02
Saccade R	1	7	3594635973	3594657971	21998	911.09	452.14	976.76	435.79	1.40	110.88	0.46	63.80	3864.00	-4205.53	2753.02
Fixation L	1	8	3594657971	3594814049	156078	984.21	442.65	14	19	-1	11.69	11.69
Fixation R	1	8	3594657971	3594814049	156078	984.21	442.65	14	19	-1	12.31	12.31
Saccade L	1	8	3594814049	3594842788	28739	991.28	448.76	1063.27	435.00	1.71	108.63	0.42	59.54	4437.69	-4115.52	3036.95
Saccade R	1	8	3594814049	3594842788	28739	991.28	448.76	1063.27	435.00	1.71	108.63	0.42	59.54	4437.69	-4115.52	3036.95
Fixation L	1	9	3594842788	3595010177	167389	1071.10	435.35	17	15	-1	11.80	11.80
Fixation R	1	9	3594842788	3595010177	167389	1071.10	435.35	17	15	-1	12.27	12.27
Saccade L	1	9	3595010177	3595036195	26018	1068.91	440.10	1139.99	438.30	1.57	104.95	0.46	60.39	4188.31	-3855.91	2777.67
Saccade R	1	9	3595010177	3595036195	26018	1068.91	440.10	1139.99	438.30	1.57	104.95	0.46	60.39	4188.31	-3855.91	2777.67
Fixation L	1	10	3595036195	3595244224	208029	1151.44	432.20	33	17	-1	11.61	11.61
Fixation R	1	10	3595036195	3595244224	208029	1151.44	432.20	33	17	-1	12.17	12.17
Saccade L	1	10	3595244224	3595284197	39973	1149.90	436.15	938.00	443.10	4.84	239.75	0.40	121.20	10413.89	-9655.03	7183.38
Saccade R	1	10	3595244224	3595284197	39973	1149.90	436.15	938.00	443.10	4.84	239.75	0.40	121.20	10413.89	-9655.03	7183.38
Fixation L	1	11	3595284197	3595442328	158131	940.26	439.38	12	15	-1	11.56	11.56
Fixation R	1	11	3595284197	3595442328	158131	940.26	439.38	12	15	-1	12.02	12.02
Saccade L	1	11	3595442328	3595481716	39388	939.79	434.24	716.88	443.95	5.19	257.75	0.51	131.77	11381.17	-11053.55	8234.80
Saccade R	1	11	3595442328	3595481716	39388	939.79	434.24	716.88	443.95	5.19	257.75	0.51	131.77	11381.17	-11053.55	8234.80
Fixation L	1	12	3595481716	3595647119	165403	702.98	443.30	29	26	-1	11.81	11.81
Fixation R	1	12	3595481716	3595647119	165403	702.98	443.30	29	26	-1	12.26	12.26
Saccade L	1	12	3595647119	3595676444	29325	710.37	442.35	598.32	417.16	2.57	180.92	0.41	87.49	7669.54	-7286.91	5288.96
Saccade R	1	12	3595647119	3595676444	29325	710.37	442.35	598.32	417.16	2.57	180.92	0.41	87.49	7669.54	-7286.91	5288.96
Fixation L	1	13	3595676444	3595960990	284546	594.64	419.00	32	26	-1	11.52	11.52
Fixation R	1	13	3595676444	3595960990	284546	594.64	419.00	32	26	-1	12.21	12.21
Saccade L	1	13	3595960990	3596002548	41558	593.95	433.84	697.27	434.84	2.19	114.11	0.25	52.64	4499.63	-3439.33	2428.48
Saccade R	1	13	3595960990	3596002548	41558	593.95	433.84	697.27	434.84	2.19	114.11	0.25	52.64	4499.63	-3439.33	2428.48
Fixation L	1	14	3596002548	3596222668	220120	700.72	441.60	26	13	-1	11.49	11.49
Fixation R	1	14	3596002548	3596222668	220120	700.72	441.60	26	13	-1	12.24	12.24
Saccade L	1	14	3596222668	3596246662	23994	703.74	447.61	787.42	439.25	1.90	142.11	0.54	79.30	5386.73	-5183.12	3610.79
Saccade R	1	14	3596222668	3596246662	23994	703.74	447.61	787.42	439.25	1.90	142.11	0.54	79.30	5386.73	-5183.12	3610.79
Fixation L	1	15	3596246662	3596434778	188116	785.64	441.58	20	27	-1	11.61	11.61
Fixation R	1	15	3596246662	3596434778	188116	785.64	441.58	20	27	-1	12.10	12.10
Saccade L	1	15	3596434778	3596508797	74019	774.34	447.19	914.16	429.95	3.56	126.68	0.57	48.13	3794.55	-3137.69	1741.26
Saccade R	1	15	3596434778	3596508797	74019	774.34	447.19	914.16	429.95	3.56	126.68	0.57	48.13	3794.55	-3137.69	1741.26
Fixation L	1	16	3596508797	3596676774	167977	916.40	428.71	20	18	-1	11.35	11.35
Fixation R	1	16	3596508797	3596676774	167977	916.40	428.71	20	18	-1	11.93	11.93
Saccade L	1	16	3596676774	3596703375	26601	911.57	427.53	996.26	416.13	2.05	141.06	0.53	77.08	5565.95	-5750.28	3946.19
Saccade R	1	16	3596676774	3596703375	26601	911.57	427.53	996.26	416.13	2.05	141.06	0.53	77.08	5565.95	-5750.28	3946.19
Fixation L	1	17	3596703375	3596928901	225526	1017.55	430.16	42	23	-1	11.54	11.54
Fixation R	1	17	3596703375	3596928901	225526	1017.55	430.16	42	23	-1	12.00	12.00
Saccade L	1	17	3596928901	3596965009	36108	1019.33	438.95	1097.71	436.61	1.72	96.61	0.28	47.62	3937.28	-2977.94	2102.89
Saccade R	1	17	3596928901	3596965009	36108	1019.33	438.95	1097.71	436.61	1.72	96.61	0.28	47.62	3937.28	-2977.94	2102.89
Fixation L	1	18	3596965009	3597247128	282119	1110.34	435.29	25	26	-1	11.53	11.53
Fixation R	1	18	3596965009	3597247128	282119	1110.34	435.29	25	26	-1	12.07	12.07
Saccade L	1	18	3597247128	3597339149	92021	1099.37	423.99	876.85	884.32	12.93	291.03	0.35	140.53	11827.64	-9524.68	5534.64
Saccade R	1	18	3597247128	3597339149	92021	1099.37	423.99	876.85	884.32	12.93	291.03	0.35	140.53	11827.64	-9524.68	5534.64
Fixation L	1	19	3597339149	3597459132	119983	873.82	894.82	38	31	-1	12.16	12.16
Fixation R	1	19	3597339149	3597459132	119983	873.82	894.82	38	31	-1	12.65	12.65
Saccade L	1	19	3597459132	3597493248	34116	902.79	912.90	907.06	976.43	1.50	67.78	0.47	44.04	2181.09	-2385.97	1673.14
Saccade R	1	19	3597459132	3597493248	34116	902.79	912.90	907.06	976.43	1.50	67.78	0.47	44.04	2181.09	-2385.97	1673.14
Fixation L	1	20	3597493248	3597595237	101989	905.66	971.06	14	21	-1	12.19	12.19
Fixation R	1	20	3597493248	3597595237	101989	905.66	971.06	14	21	-1	12.72	12.72
Saccade L	1	20	3597595237	3597649235	53998	911.37	957.86	0.00	0.00	31.44	2202.32	0.74	582.33	73222.33	-83330.68	37094.68
Blink R	1	1	3597595237	3597699232	103995
Blink L	1	1	3597669259	3597821371	152112
Fixation L	1	21	3597821371	3598061724	240353	905.28	943.81	31	37	-1	11.95	11.95
Fixation R	1	21	3597821371	3598061724	240353	905.28	943.81	31	37	-1	12.53	12.53
Saccade L	1	21	3598061724	3598087467	25743	907.38	962.00	908.34	922.47	0.83	45.74	0.49	32.15	1585.32	-1478.41	1043.14
Saccade R	1	20	3598061724	3598087467	25743	907.38	962.00	908.34	922.47	0.83	45.74	0.49	32.15	1585.32	-1478.41	1043.14
Saccade L	1	22	3598100046	3598129468	29422	903.49	918.00	866.60	961.41	1.15	60.19	0.46	39.19	2085.88	-2169.11	1563.34
Saccade R	1	21	3598100046	3598129468	29422	903.49	918.00	866.60	961.41	1.15	60.19	0.46	39.19	2085.88	-2169.11	1563.34
Fixation L	1	22	3598129468	3598385585	256117	883.23	969.86	39	55	-1	12.06	12.06
Fixation R	1	22	3598129468	3598385585	256117	883.23	969.86	39	55	-1	12.57	12.57
