[BeGaze]
Converted from:	C:\Program Files\SMI\Experiment Suite 360\Experiment Center 2\Results\RC-Attachment-Exp\P14-eye_data.idf
Date:	18.03.2012 20:10:56
Version:	BeGaze 3.0.181
Sample Rate:	500
Subject:	P14
Description:	Run19

Table Header for Fixations:
Event Type	Trial	Number	Start	End	Duration	Location X	Location Y	Dispersion X	Dispersion Y	Plane	Avg. Pupil Size X	Avg. Pupil Size Y

Table Header for Saccades:
Event Type	Trial	Number	Start	End	Duration	Start Loc.X	Start Loc.Y	End Loc.X	End Loc.Y	Amplitude	Peak Speed	Peak Speed At	Average Speed	Peak Accel.	Peak Decel.	Average Accel.

Table Header for Blinks:
Event Type	Trial	Number	Start	End	Duration

Table Header for User Events:
Event Type	Trial	Number	Start	Description

UserEvent	1	1	1463587326	# Message: RC-nonforced-anim-4.jpg
Fixation L	1	1	1463588781	1464194486	605705	496.45	473.61	27	43	-1	13.25	13.25
Fixation R	1	1	1463588781	1464194486	605705	496.45	473.61	27	43	-1	13.22	13.22
Saccade L	1	1	1464194486	1464216475	21989	496.51	485.89	549.46	486.06	1.16	90.35	0.55	52.71	3166.14	-3513.18	2207.96
Saccade R	1	1	1464194486	1464216475	21989	496.51	485.89	549.46	486.06	1.16	90.35	0.55	52.71	3166.14	-3513.18	2207.96
Fixation L	1	2	1464216475	1464357116	140641	551.92	481.44	10	24	-1	13.38	13.38
Fixation R	1	2	1464216475	1464357116	140641	551.92	481.44	10	24	-1	13.41	13.41
Saccade L	1	2	1464357116	1464382601	25485	554.11	468.71	629.44	467.74	1.59	111.80	0.45	62.32	4783.43	-4507.75	3314.70
Saccade R	1	2	1464357116	1464382601	25485	554.11	468.71	629.44	467.74	1.59	111.80	0.45	62.32	4783.43	-4507.75	3314.70
Fixation L	1	3	1464382601	1464552588	169987	640.56	466.54	19	16	-1	13.30	13.30
Fixation R	1	3	1464382601	1464552588	169987	640.56	466.54	19	16	-1	13.50	13.50
Saccade L	1	3	1464552588	1464574591	22003	634.82	463.83	706.52	467.87	1.45	123.70	0.55	66.02	4335.77	-4699.98	3003.84
Saccade R	1	3	1464552588	1464574591	22003	634.82	463.83	706.52	467.87	1.45	123.70	0.55	66.02	4335.77	-4699.98	3003.84
Fixation L	1	4	1464574591	1464742716	168125	695.66	470.45	22	15	-1	13.24	13.24
Fixation R	1	4	1464574591	1464742716	168125	695.66	470.45	22	15	-1	13.40	13.40
Saccade L	1	4	1464742716	1464772709	29993	699.52	463.40	775.19	476.43	1.70	100.35	0.60	56.81	3812.75	-3981.02	2802.40
Saccade R	1	4	1464742716	1464772709	29993	699.52	463.40	775.19	476.43	1.70	100.35	0.60	56.81	3812.75	-3981.02	2802.40
Fixation L	1	5	1464772709	1464926849	154140	777.40	462.66	23	25	-1	13.41	13.41
Fixation R	1	5	1464772709	1464926849	154140	777.40	462.66	23	25	-1	13.36	13.36
Fixation L	1	6	1464946849	1465290946	344097	849.97	461.72	39	19	-1	13.61	13.61
Fixation R	1	6	1464946849	1465290946	344097	849.97	461.72	39	19	-1	13.33	13.33
Saccade L	1	5	1465290946	1465314947	24001	840.83	464.54	897.40	481.48	1.36	105.02	0.50	56.59	3555.55	-3593.66	2433.27
Saccade R	1	5	1465290946	1465314947	24001	840.83	464.54	897.40	481.48	1.36	105.02	0.50	56.59	3555.55	-3593.66	2433.27
Fixation L	1	7	1465314947	1465446944	131997	898.06	476.05	26	27	-1	13.45	13.45
Fixation R	1	7	1465314947	1465446944	131997	898.06	476.05	26	27	-1	13.31	13.31
Saccade L	1	6	1465446944	1465480950	34006	891.66	466.25	992.43	452.26	2.25	142.78	0.71	66.07	5172.70	-5680.50	3526.69
Saccade R	1	6	1465446944	1465480950	34006	891.66	466.25	992.43	452.26	2.25	142.78	0.71	66.07	5172.70	-5680.50	3526.69
Fixation L	1	8	1465480950	1465635057	154107	993.29	459.41	26	17	-1	13.35	13.35
Fixation R	1	8	1465480950	1465635057	154107	993.29	459.41	26	17	-1	13.15	13.15
Saccade L	1	7	1465635057	1465657052	21995	989.73	454.37	1074.53	454.08	1.75	152.88	0.55	79.39	5787.44	-5480.97	3696.44
Saccade R	1	7	1465635057	1465657052	21995	989.73	454.37	1074.53	454.08	1.75	152.88	0.55	79.39	5787.44	-5480.97	3696.44
Fixation L	1	9	1465657052	1466143322	486270	1070.04	466.95	23	59	-1	13.41	13.41
Fixation R	1	9	1465657052	1466143322	486270	1070.04	466.95	23	59	-1	13.29	13.29
Saccade L	1	8	1466143322	1466165291	21969	1068.35	477.22	1129.83	468.24	1.28	100.79	0.54	58.08	3714.63	-3733.33	2609.72
Saccade R	1	8	1466143322	1466165291	21969	1068.35	477.22	1129.83	468.24	1.28	100.79	0.54	58.08	3714.63	-3733.33	2609.72
Fixation L	1	10	1466165291	1466473405	308114	1132.97	450.61	20	35	-1	13.28	13.28
Fixation R	1	10	1466165291	1466473405	308114	1132.97	450.61	20	35	-1	13.33	13.33
Saccade L	1	9	1466473405	1466503405	30000	1134.97	444.32	1198.37	431.69	1.59	114.36	0.44	52.89	4242.04	-3991.42	2716.51
Saccade R	1	9	1466473405	1466503405	30000	1134.97	444.32	1198.37	431.69	1.59	114.36	0.44	52.89	4242.04	-3991.42	2716.51
Fixation L	1	11	1466503405	1466678799	175394	1196.03	442.29	21	35	-1	13.60	13.60
Fixation R	1	11	1466503405	1466678799	175394	1196.03	442.29	21	35	-1	13.46	13.46
Blink L	1	1	1466678799	1466857639	178840
Blink R	1	1	1466678799	1466857639	178840
Fixation L	1	12	1466857639	1466935138	77499	886.26	1009.24	11	16	-1	14.17	14.17
Fixation R	1	12	1466857639	1466935138	77499	886.26	1009.24	11	16	-1	14.00	14.00
Saccade L	1	10	1466935138	1466960085	24947	880.48	1014.37	898.35	966.98	1.04	68.45	0.34	41.81	2682.67	-2286.15	1752.66
Saccade R	1	10	1466935138	1466960085	24947	880.48	1014.37	898.35	966.98	1.04	68.45	0.34	41.81	2682.67	-2286.15	1752.66
Fixation L	1	13	1466960085	1467307756	347671	894.16	961.96	36	26	-1	14.14	14.14
Fixation R	1	13	1466960085	1467307756	347671	894.16	961.96	36	26	-1	13.99	13.99
