[BeGaze]
Converted from:	C:\Program Files\SMI\Experiment Suite 360\Experiment Center 2\Results\RC-Attachment-Exp\Denek04-eye_data.idf
Date:	24.02.2012 09:58:13
Version:	BeGaze 3.0.181
Sample Rate:	500
Subject:	Denek04
Description:	Run7

Table Header for Fixations:
Event Type	Trial	Number	Start	End	Duration	Location X	Location Y	Dispersion X	Dispersion Y	Plane	Avg. Pupil Size X	Avg. Pupil Size Y

Table Header for Saccades:
Event Type	Trial	Number	Start	End	Duration	Start Loc.X	Start Loc.Y	End Loc.X	End Loc.Y	Amplitude	Peak Speed	Peak Speed At	Average Speed	Peak Accel.	Peak Decel.	Average Accel.

Table Header for Blinks:
Event Type	Trial	Number	Start	End	Duration

Table Header for User Events:
Event Type	Trial	Number	Start	Description

UserEvent	1	1	6975766743	# Message: RC-N1forced-nonanim-6.jpg
Fixation L	1	1	6975768030	6976345556	577526	503.64	447.07	23	29	-1	11.68	11.68
Fixation R	1	1	6975768030	6976345556	577526	503.64	447.07	23	29	-1	12.12	12.12
Saccade L	1	1	6976345556	6976367553	21997	498.26	461.74	533.21	446.00	0.77	51.54	0.45	34.95	1876.28	-1745.09	1287.03
Saccade R	1	1	6976345556	6976367553	21997	498.26	461.74	533.21	446.00	0.77	51.54	0.45	34.95	1876.28	-1745.09	1287.03
Fixation L	1	2	6976367553	6976485658	118105	527.54	452.89	14	26	-1	11.45	11.45
Fixation R	1	2	6976367553	6976485658	118105	527.54	452.89	14	26	-1	11.80	11.80
Saccade L	1	2	6976485658	6976507648	21990	526.08	455.98	558.00	444.43	0.75	54.58	0.55	34.32	1786.54	-1894.83	1234.53
Saccade R	1	2	6976485658	6976507648	21990	526.08	455.98	558.00	444.43	0.75	54.58	0.55	34.32	1786.54	-1894.83	1234.53
Fixation L	1	3	6976507648	6976706695	199047	549.71	453.64	17	21	-1	11.38	11.38
Fixation R	1	3	6976507648	6976706695	199047	549.71	453.64	17	21	-1	11.85	11.85
Saccade L	1	3	6976706695	6976733643	26948	546.73	453.55	642.29	451.66	1.99	134.60	0.48	73.68	5616.09	-5545.43	4062.10
Saccade R	1	3	6976706695	6976733643	26948	546.73	453.55	642.29	451.66	1.99	134.60	0.48	73.68	5616.09	-5545.43	4062.10
Fixation L	1	4	6976733643	6977027874	294231	630.79	451.81	27	19	-1	11.56	11.56
Fixation R	1	4	6976733643	6977027874	294231	630.79	451.81	27	19	-1	12.16	12.16
Saccade L	1	4	6977027874	6977053924	26050	629.30	460.09	656.58	403.09	1.27	73.93	0.38	48.76	2890.57	-2927.77	2103.58
Saccade R	1	4	6977027874	6977053924	26050	629.30	460.09	656.58	403.09	1.27	73.93	0.38	48.76	2890.57	-2927.77	2103.58
Fixation L	1	5	6977053924	6977107645	53721	649.67	403.49	17	9	-1	11.60	11.60
Fixation R	1	5	6977053924	6977107645	53721	649.67	403.49	17	9	-1	12.12	12.12
Saccade L	1	5	6977107645	6977141878	34233	638.49	409.86	748.51	441.85	3.04	185.81	0.59	88.94	6964.86	-7306.07	5001.29
Saccade R	1	5	6977107645	6977141878	34233	638.49	409.86	748.51	441.85	3.04	185.81	0.59	88.94	6964.86	-7306.07	5001.29
Fixation L	1	6	6977141878	6978039741	897863	724.71	443.14	45	38	-1	11.63	11.63
Fixation R	1	6	6977141878	6978039741	897863	724.71	443.14	45	38	-1	12.25	12.25
Saccade L	1	6	6978039741	6978060225	20484	707.43	438.74	779.76	438.82	1.43	123.26	0.51	69.76	4600.21	-4439.48	3028.02
Saccade R	1	6	6978039741	6978060225	20484	707.43	438.74	779.76	438.82	1.43	123.26	0.51	69.76	4600.21	-4439.48	3028.02
Fixation L	1	7	6978060225	6978234329	174104	771.13	446.03	20	20	-1	11.86	11.86
Fixation R	1	7	6978060225	6978234329	174104	771.13	446.03	20	20	-1	12.61	12.61
Saccade L	1	7	6978234329	6978258335	24006	772.79	447.02	720.86	449.45	1.11	80.87	0.50	46.05	3300.11	-3092.46	2234.38
Saccade R	1	7	6978234329	6978258335	24006	772.79	447.02	720.86	449.45	1.11	80.87	0.50	46.05	3300.11	-3092.46	2234.38
Fixation L	1	8	6978258335	6978566441	308106	728.46	448.44	19	20	-1	11.86	11.86
Fixation R	1	8	6978258335	6978566441	308106	728.46	448.44	19	20	-1	12.58	12.58
Saccade L	1	8	6978566441	6978593251	26810	722.79	447.17	826.39	445.40	2.32	162.78	0.45	86.53	6483.02	-5832.63	4253.97
Saccade R	1	8	6978566441	6978593251	26810	722.79	447.17	826.39	445.40	2.32	162.78	0.45	86.53	6483.02	-5832.63	4253.97
Fixation L	1	9	6978593251	6978820560	227309	806.55	452.66	26	22	-1	11.67	11.67
Fixation R	1	9	6978593251	6978820560	227309	806.55	452.66	26	22	-1	12.53	12.53
Saccade L	1	9	6978820560	6978844555	23995	804.67	461.28	897.85	459.80	1.94	149.22	0.54	80.98	6251.24	-5699.66	4226.28
Saccade R	1	9	6978820560	6978844555	23995	804.67	461.28	897.85	459.80	1.94	149.22	0.54	80.98	6251.24	-5699.66	4226.28
Fixation L	1	10	6978844555	6979314021	469466	889.06	453.53	23	27	-1	11.69	11.69
Fixation R	1	10	6978844555	6979314021	469466	889.06	453.53	23	27	-1	12.51	12.51
Saccade L	1	10	6979314021	6979338845	24824	890.58	446.59	975.34	448.76	1.84	136.01	0.51	74.23	5516.56	-5124.00	3691.03
Saccade R	1	10	6979314021	6979338845	24824	890.58	446.59	975.34	448.76	1.84	136.01	0.51	74.23	5516.56	-5124.00	3691.03
Fixation L	1	11	6979338845	6979516908	178063	954.08	447.75	33	18	-1	11.70	11.70
Fixation R	1	11	6979338845	6979516908	178063	954.08	447.75	33	18	-1	12.50	12.50
Saccade L	1	11	6979516908	6979538907	21999	943.50	448.36	874.42	462.50	1.42	112.00	0.46	64.39	4642.26	-4034.20	3011.61
Saccade R	1	11	6979516908	6979538907	21999	943.50	448.36	874.42	462.50	1.42	112.00	0.46	64.39	4642.26	-4034.20	3011.61
Fixation L	1	12	6979538907	6979795027	256120	889.30	452.33	26	19	-1	11.56	11.56
Fixation R	1	12	6979538907	6979795027	256120	889.30	452.33	26	19	-1	12.26	12.26
Saccade L	1	12	6979795027	6979821021	25994	892.85	451.11	970.37	447.10	1.71	121.40	0.46	65.76	4998.58	-4699.33	3477.57
Saccade R	1	12	6979795027	6979821021	25994	892.85	451.11	970.37	447.10	1.71	121.40	0.46	65.76	4998.58	-4699.33	3477.57
Fixation L	1	13	6979821021	6980007136	186115	963.24	443.76	15	11	-1	11.52	11.52
Fixation R	1	13	6979821021	6980007136	186115	963.24	443.76	15	11	-1	12.40	12.40
Saccade L	1	13	6980007136	6980029332	22196	968.13	435.90	1045.81	442.93	1.60	127.13	0.54	71.95	5077.23	-4469.32	3251.08
Saccade R	1	13	6980007136	6980029332	22196	968.13	435.90	1045.81	442.93	1.60	127.13	0.54	71.95	5077.23	-4469.32	3251.08
Fixation L	1	14	6980029332	6980167134	137802	1029.34	448.16	25	28	-1	11.72	11.72
Fixation R	1	14	6980029332	6980167134	137802	1029.34	448.16	25	28	-1	12.34	12.34
Saccade L	1	14	6980167134	6980189133	21999	1019.32	463.40	1085.02	453.71	1.32	110.54	0.55	60.01	4056.50	-4071.71	2685.79
Saccade R	1	14	6980167134	6980189133	21999	1019.32	463.40	1085.02	453.71	1.32	110.54	0.55	60.01	4056.50	-4071.71	2685.79
Fixation L	1	15	6980189133	6980672713	483580	1071.78	455.80	21	26	-1	11.67	11.67
Fixation R	1	15	6980189133	6980672713	483580	1071.78	455.80	21	26	-1	12.36	12.36
Fixation L	1	16	6980677459	6981179592	502133	1057.87	456.61	1473	1093	-1	11.40	11.40
Saccade R	1	15	6980677459	6980794943	117484	1063.19	462.91	1084.86	442.61	61.67	2384.31	0.37	524.96	72403.38	-69952.56	26743.57
Fixation R	1	16	6980794943	6981179592	384649	1067.09	455.93	36	22	-1	12.42	12.42
Saccade L	1	15	6981179592	6981203591	23999	1051.94	449.54	1118.36	450.28	1.49	106.97	0.58	62.17	4344.40	-3454.06	2655.92
Saccade R	1	16	6981179592	6981203591	23999	1051.94	449.54	1118.36	450.28	1.49	106.97	0.58	62.17	4344.40	-3454.06	2655.92
Fixation L	1	17	6981203591	6981467710	264119	1112.19	442.02	46	15	-1	11.53	11.53
Fixation R	1	17	6981203591	6981467710	264119	1112.19	442.02	46	15	-1	12.19	12.19
Saccade L	1	16	6981467710	6981525697	57987	1109.57	435.90	898.94	847.43	11.01	313.51	0.31	189.89	13924.32	-11463.81	8197.72
Saccade R	1	17	6981467710	6981525697	57987	1109.57	435.90	898.94	847.43	11.01	313.51	0.31	189.89	13924.32	-11463.81	8197.72
Fixation L	1	18	6981525697	6981625886	100189	905.46	840.28	14	30	-1	11.82	11.82
Fixation R	1	18	6981525697	6981625886	100189	905.46	840.28	14	30	-1	12.27	12.27
Fixation L	1	19	6981645932	6981771809	125877	909.12	905.52	6	24	-1	11.95	11.95
Fixation R	1	19	6981645932	6981771809	125877	909.12	905.52	6	24	-1	12.40	12.40
Saccade L	1	17	6981819810	6981845980	26170	934.38	934.39	863.86	956.85	2.01	153.12	0.61	76.96	5511.33	-5062.88	3435.72
Saccade R	1	18	6981819810	6981845980	26170	934.38	934.39	863.86	956.85	2.01	153.12	0.61	76.96	5511.33	-5062.88	3435.72
Saccade L	1	18	6981894128	6981925968	31840	869.55	970.85	878.07	867.98	2.53	160.06	0.43	79.47	5922.68	-5847.00	4283.53
Saccade R	1	19	6981894128	6981925968	31840	869.55	970.85	878.07	867.98	2.53	160.06	0.43	79.47	5922.68	-5847.00	4283.53
Saccade L	1	19	6981971933	6982002703	30770	874.76	845.37	877.02	943.13	2.36	166.18	0.59	76.73	6144.04	-6288.49	4419.23
Saccade R	1	20	6981971933	6982002703	30770	874.76	845.37	877.02	943.13	2.36	166.18	0.59	76.73	6144.04	-6288.49	4419.23
Fixation L	1	20	6982002703	6982646153	643450	878.64	945.07	35	38	-1	12.11	12.11
Fixation R	1	20	6982002703	6982646153	643450	878.64	945.07	35	38	-1	12.75	12.75
