[BeGaze]
Converted from:	C:\Program Files\SMI\Experiment Suite 360\Experiment Center 2\Results\RC-Attachment-Exp\P17-eye_data.idf
Date:	18.03.2012 20:13:13
Version:	BeGaze 3.0.181
Sample Rate:	500
Subject:	P17
Description:	Run22

Table Header for Fixations:
Event Type	Trial	Number	Start	End	Duration	Location X	Location Y	Dispersion X	Dispersion Y	Plane	Avg. Pupil Size X	Avg. Pupil Size Y

Table Header for Saccades:
Event Type	Trial	Number	Start	End	Duration	Start Loc.X	Start Loc.Y	End Loc.X	End Loc.Y	Amplitude	Peak Speed	Peak Speed At	Average Speed	Peak Accel.	Peak Decel.	Average Accel.

Table Header for Blinks:
Event Type	Trial	Number	Start	End	Duration

Table Header for User Events:
Event Type	Trial	Number	Start	Description

UserEvent	1	1	16302815029	# Message: RC-N1forced-nonanim-4.jpg
Fixation L	1	1	16302815328	16303499403	684075	496.43	452.93	32	27	-1	13.36	13.36
Fixation R	1	1	16302815328	16303499403	684075	496.43	452.93	32	27	-1	12.82	12.82
Saccade L	1	1	16303499403	16303521420	22017	479.97	461.52	578.02	456.45	1.99	167.43	0.55	90.37	5595.74	-5339.26	3587.97
Saccade R	1	1	16303499403	16303521420	22017	479.97	461.52	578.02	456.45	1.99	167.43	0.55	90.37	5595.74	-5339.26	3587.97
Fixation L	1	2	16303521420	16303773651	252231	574.38	448.41	34	20	-1	13.82	13.82
Fixation R	1	2	16303521420	16303773651	252231	574.38	448.41	34	20	-1	13.33	13.33
Blink L	1	1	16303773651	16303959638	185987
Blink R	1	1	16303773651	16303959638	185987
Fixation L	1	3	16303959638	16304073631	113993	623.11	435.31	22	22	-1	13.51	13.51
Fixation R	1	3	16303959638	16304073631	113993	623.11	435.31	22	22	-1	12.96	12.96
Saccade L	1	2	16304073631	16304103669	30038	626.46	437.55	733.39	454.34	2.26	136.13	0.40	75.12	5880.27	-5477.16	4104.28
Saccade R	1	2	16304073631	16304103669	30038	626.46	437.55	733.39	454.34	2.26	136.13	0.40	75.12	5880.27	-5477.16	4104.28
Fixation L	1	4	16304103669	16304441730	338061	748.34	472.91	29	31	-1	13.27	13.27
Fixation R	1	4	16304103669	16304441730	338061	748.34	472.91	29	31	-1	12.75	12.75
Fixation L	1	5	16304459857	16304553854	93997	763.59	477.50	36	62	-1	12.32	12.32
Fixation R	1	5	16304459857	16304553854	93997	763.59	477.50	36	62	-1	11.89	11.89
Saccade L	1	3	16304553854	16304609845	55991	765.75	471.08	830.34	471.06	3.84	168.58	0.29	68.62	6870.61	-4283.86	3091.71
Saccade R	1	3	16304553854	16304609845	55991	765.75	471.08	830.34	471.06	3.84	168.58	0.29	68.62	6870.61	-4283.86	3091.71
Fixation L	1	6	16304609845	16304905961	296116	836.65	437.31	16	48	-1	11.96	11.96
Fixation R	1	6	16304609845	16304905961	296116	836.65	437.31	16	48	-1	11.45	11.45
Saccade L	1	4	16304905961	16304929956	23995	834.83	432.68	876.76	427.23	0.85	51.49	0.42	35.49	2191.78	-1936.60	1437.36
Saccade R	1	4	16304905961	16304929956	23995	834.83	432.68	876.76	427.23	0.85	51.49	0.42	35.49	2191.78	-1936.60	1437.36
Fixation L	1	7	16304929956	16305358775	428819	897.20	437.49	35	20	-1	12.20	12.20
Fixation R	1	7	16304929956	16305358775	428819	897.20	437.49	35	20	-1	11.76	11.76
Saccade L	1	5	16305358775	16305406223	47448	912.57	440.33	1013.43	430.66	2.21	69.72	0.49	46.51	2502.10	-2313.32	1782.59
Saccade R	1	5	16305358775	16305406223	47448	912.57	440.33	1013.43	430.66	2.21	69.72	0.49	46.51	2502.10	-2313.32	1782.59
Fixation L	1	8	16305406223	16305656316	250093	1011.14	429.91	20	16	-1	12.18	12.18
Fixation R	1	8	16305406223	16305656316	250093	1011.14	429.91	20	16	-1	11.91	11.91
Saccade L	1	6	16305656316	16305683738	27422	1002.66	419.94	934.99	421.91	1.56	99.46	0.51	56.96	4074.97	-3847.11	2820.92
Saccade R	1	6	16305656316	16305683738	27422	1002.66	419.94	934.99	421.91	1.56	99.46	0.51	56.96	4074.97	-3847.11	2820.92
Fixation L	1	9	16305683738	16305862420	178682	928.96	429.09	29	17	-1	12.25	12.25
Fixation R	1	9	16305683738	16305862420	178682	928.96	429.09	29	17	-1	11.77	11.77
Saccade L	1	7	16305862420	16305894420	32000	933.11	441.23	1042.43	433.06	2.32	132.36	0.42	72.44	5085.50	-5176.25	3730.63
Saccade R	1	7	16305862420	16305894420	32000	933.11	441.23	1042.43	433.06	2.32	132.36	0.42	72.44	5085.50	-5176.25	3730.63
Fixation L	1	10	16305894420	16306166641	272221	1045.56	437.02	23	28	-1	12.24	12.24
Fixation R	1	10	16305894420	16306166641	272221	1045.56	437.02	23	28	-1	11.72	11.72
Saccade L	1	8	16306166641	16306190589	23948	1047.41	435.07	1116.98	434.49	1.54	119.66	0.50	64.35	4597.21	-4910.72	3317.12
Saccade R	1	8	16306166641	16306190589	23948	1047.41	435.07	1116.98	434.49	1.54	119.66	0.50	64.35	4597.21	-4910.72	3317.12
Fixation L	1	11	16306190589	16306408652	218063	1127.05	431.01	19	23	-1	12.47	12.47
Fixation R	1	11	16306190589	16306408652	218063	1127.05	431.01	19	23	-1	11.83	11.83
Blink L	1	2	16306408652	16306630803	222151
Blink R	1	2	16306408652	16306630803	222151
Fixation L	1	12	16306630803	16307010896	380093	571.52	459.45	39	48	-1	12.77	12.77
Fixation R	1	12	16306630803	16307010896	380093	571.52	459.45	39	48	-1	11.80	11.80
Saccade L	1	9	16307010896	16307079629	68733	570.32	452.70	879.67	909.65	27.31	847.81	0.73	397.30	21209.89	-38428.86	16145.04
Saccade R	1	9	16307010896	16307079629	68733	570.32	452.70	879.67	909.65	27.31	847.81	0.73	397.30	21209.89	-38428.86	16145.04
Fixation L	1	13	16307079629	16307243011	163382	880.64	914.66	38	28	-1	12.41	12.41
Fixation R	1	13	16307079629	16307243011	163382	880.64	914.66	38	28	-1	11.94	11.94
Saccade L	1	10	16307243011	16307279121	36110	887.26	921.45	690.03	914.59	4.26	222.97	0.44	118.07	9427.92	-9755.36	7075.85
Saccade R	1	10	16307243011	16307279121	36110	887.26	921.45	690.03	914.59	4.26	222.97	0.44	118.07	9427.92	-9755.36	7075.85
Fixation L	1	14	16307279121	16307476306	197185	682.26	917.82	31	13	-1	12.77	12.77
Fixation R	1	14	16307279121	16307476306	197185	682.26	917.82	31	13	-1	11.75	11.75
Saccade L	1	11	16307476306	16307513140	36834	680.95	924.14	909.82	932.63	4.97	313.17	0.40	135.02	13293.99	-12755.18	8980.54
Saccade R	1	11	16307476306	16307513140	36834	680.95	924.14	909.82	932.63	4.97	313.17	0.40	135.02	13293.99	-12755.18	8980.54
Fixation L	1	15	16307513140	16307573107	59967	921.19	939.69	22	14	-1	12.89	12.89
Fixation R	1	15	16307513140	16307573107	59967	921.19	939.69	22	14	-1	12.61	12.61
Saccade L	1	12	16307573107	16307605176	32069	921.40	933.34	915.53	927.49	10.39	447.78	0.46	323.89	19876.10	-19607.36	15668.08
Saccade R	1	12	16307573107	16307605176	32069	921.40	933.34	915.53	927.49	10.39	447.78	0.46	323.89	19876.10	-19607.36	15668.08
Fixation L	1	16	16307605176	16308021336	416160	916.32	933.55	29	21	-1	13.51	13.51
Fixation R	1	16	16307605176	16308021336	416160	916.32	933.55	29	21	-1	13.36	13.36
