[BeGaze]
Converted from:	C:\Program Files\SMI\Experiment Suite 360\Experiment Center 2\Results\RC-Attachment-Exp\P17-eye_data.idf
Date:	18.03.2012 20:13:24
Version:	BeGaze 3.0.181
Sample Rate:	500
Subject:	P17
Description:	Run22

Table Header for Fixations:
Event Type	Trial	Number	Start	End	Duration	Location X	Location Y	Dispersion X	Dispersion Y	Plane	Avg. Pupil Size X	Avg. Pupil Size Y

Table Header for Saccades:
Event Type	Trial	Number	Start	End	Duration	Start Loc.X	Start Loc.Y	End Loc.X	End Loc.Y	Amplitude	Peak Speed	Peak Speed At	Average Speed	Peak Accel.	Peak Decel.	Average Accel.

Table Header for Blinks:
Event Type	Trial	Number	Start	End	Duration

Table Header for User Events:
Event Type	Trial	Number	Start	Description

UserEvent	1	1	16479387077	# Message: RC-N1forced-anim-6.jpg
Fixation L	1	1	16479388096	16479669940	281844	499.91	442.62	21	35	-1	13.18	13.18
Fixation R	1	1	16479388096	16479669940	281844	499.91	442.62	21	35	-1	12.67	12.67
Saccade L	1	1	16479669940	16479703936	33996	494.03	454.51	573.64	449.27	1.69	93.44	0.41	49.73	3618.05	-3769.56	2720.96
Saccade R	1	1	16479669940	16479703936	33996	494.03	454.51	573.64	449.27	1.69	93.44	0.41	49.73	3618.05	-3769.56	2720.96
Fixation L	1	2	16479703936	16479882106	178170	578.75	451.50	12	29	-1	12.85	12.85
Fixation R	1	2	16479703936	16479882106	178170	578.75	451.50	12	29	-1	12.27	12.27
Saccade L	1	2	16479882106	16479928058	45952	574.88	456.87	660.17	438.14	2.12	121.61	0.31	46.06	4583.42	-3968.53	2342.89
Saccade R	1	2	16479882106	16479928058	45952	574.88	456.87	660.17	438.14	2.12	121.61	0.31	46.06	4583.42	-3968.53	2342.89
Fixation L	1	3	16479928058	16480138171	210113	667.93	445.71	28	19	-1	12.62	12.62
Fixation R	1	3	16479928058	16480138171	210113	667.93	445.71	28	19	-1	12.11	12.11
Saccade L	1	3	16480138171	16480170211	32040	665.04	454.75	742.36	455.88	1.66	106.12	0.44	51.82	4088.94	-4330.83	3066.65
Saccade R	1	3	16480138171	16480170211	32040	665.04	454.75	742.36	455.88	1.66	106.12	0.44	51.82	4088.94	-4330.83	3066.65
Fixation L	1	4	16480170211	16480498282	328071	754.01	444.56	23	30	-1	12.72	12.72
Fixation R	1	4	16480170211	16480498282	328071	754.01	444.56	23	30	-1	12.31	12.31
Saccade L	1	4	16480498282	16480540400	42118	741.23	450.50	831.50	454.95	1.97	98.28	0.33	46.76	3963.82	-3587.80	2539.75
Saccade R	1	4	16480498282	16480540400	42118	741.23	450.50	831.50	454.95	1.97	98.28	0.33	46.76	3963.82	-3587.80	2539.75
Fixation L	1	5	16480540400	16480808519	268119	819.48	460.24	29	21	-1	12.70	12.70
Fixation R	1	5	16480540400	16480808519	268119	819.48	460.24	29	21	-1	12.24	12.24
Fixation L	1	6	16480870671	16481124624	253953	880.50	449.26	23	28	-1	12.82	12.82
Fixation R	1	6	16480870671	16481124624	253953	880.50	449.26	23	28	-1	12.35	12.35
Saccade L	1	5	16481124624	16481180626	56002	882.05	448.33	954.11	455.07	1.83	69.39	0.65	32.63	2529.01	-2638.86	1496.90
Saccade R	1	5	16481124624	16481180626	56002	882.05	448.33	954.11	455.07	1.83	69.39	0.65	32.63	2529.01	-2638.86	1496.90
Fixation L	1	7	16481180626	16481612858	432232	976.63	439.04	52	30	-1	12.23	12.23
Fixation R	1	7	16481180626	16481612858	432232	976.63	439.04	52	30	-1	11.67	11.67
Saccade L	1	6	16481612858	16481644864	32006	991.24	425.65	945.41	422.70	0.97	54.51	0.37	30.31	1978.78	-2054.36	1488.98
Saccade R	1	6	16481612858	16481644864	32006	991.24	425.65	945.41	422.70	0.97	54.51	0.37	30.31	1978.78	-2054.36	1488.98
Saccade L	1	7	16481688868	16481730882	42014	929.66	426.08	888.46	423.44	1.32	71.49	0.48	31.48	2406.37	-2631.51	1579.07
Saccade R	1	7	16481688868	16481730882	42014	929.66	426.08	888.46	423.44	1.32	71.49	0.48	31.48	2406.37	-2631.51	1579.07
Fixation L	1	8	16481730882	16481920930	190048	889.65	434.35	18	17	-1	11.60	11.60
Fixation R	1	8	16481730882	16481920930	190048	889.65	434.35	18	17	-1	10.99	10.99
Saccade L	1	8	16481920930	16481984971	64041	883.91	438.76	998.09	449.33	2.56	115.79	0.22	39.99	4921.74	-3752.48	1865.41
Saccade R	1	8	16481920930	16481984971	64041	883.91	438.76	998.09	449.33	2.56	115.79	0.22	39.99	4921.74	-3752.48	1865.41
Fixation L	1	9	16481984971	16482112984	128013	990.96	446.52	17	10	-1	11.75	11.75
Fixation R	1	9	16481984971	16482112984	128013	990.96	446.52	17	10	-1	11.18	11.18
Saccade L	1	9	16482112984	16482151089	38105	989.81	449.11	1078.51	434.91	1.97	113.12	0.37	51.65	4512.74	-4201.12	2983.77
Saccade R	1	9	16482112984	16482151089	38105	989.81	449.11	1078.51	434.91	1.97	113.12	0.37	51.65	4512.74	-4201.12	2983.77
Fixation L	1	10	16482151089	16482359098	208009	1081.78	426.78	13	18	-1	11.74	11.74
Fixation R	1	10	16482151089	16482359098	208009	1081.78	426.78	13	18	-1	11.30	11.30
Saccade L	1	10	16482359098	16482589211	230113	1087.29	435.61	883.85	860.26	64.40	1602.82	0.30	279.84	30817.49	-43453.81	8539.84
Saccade R	1	10	16482359098	16482589211	230113	1087.29	435.61	883.85	860.26	64.40	1602.82	0.30	279.84	30817.49	-43453.81	8539.84
Fixation L	1	11	16482589211	16482683326	94115	875.20	861.05	25	6	-1	12.30	12.30
Fixation R	1	11	16482589211	16482683326	94115	875.20	861.05	25	6	-1	10.72	10.72
Saccade L	1	11	16482683326	16482715552	32226	859.37	862.38	924.05	890.43	1.56	103.24	0.43	48.53	3914.49	-3841.88	2735.78
Saccade R	1	11	16482683326	16482715552	32226	859.37	862.38	924.05	890.43	1.56	103.24	0.43	48.53	3914.49	-3841.88	2735.78
Fixation L	1	12	16482715552	16484043932	1328380	911.20	914.37	35	42	-1	13.48	13.48
Fixation R	1	12	16482715552	16484043932	1328380	911.20	914.37	35	42	-1	12.42	12.42
