[BeGaze]
Converted from:	C:\Program Files\SMI\Experiment Suite 360\Experiment Center 2\Results\RC-Attachment-Exp\P20-eye_data.idf
Date:	18.03.2012 20:16:04
Version:	BeGaze 3.0.181
Sample Rate:	500
Subject:	P20
Description:	Run25

Table Header for Fixations:
Event Type	Trial	Number	Start	End	Duration	Location X	Location Y	Dispersion X	Dispersion Y	Plane	Avg. Pupil Size X	Avg. Pupil Size Y

Table Header for Saccades:
Event Type	Trial	Number	Start	End	Duration	Start Loc.X	Start Loc.Y	End Loc.X	End Loc.Y	Amplitude	Peak Speed	Peak Speed At	Average Speed	Peak Accel.	Peak Decel.	Average Accel.

Table Header for Blinks:
Event Type	Trial	Number	Start	End	Duration

Table Header for User Events:
Event Type	Trial	Number	Start	Description

UserEvent	1	1	19530416051	# Message: Questionnaire25.jpg
Fixation L	1	1	19530418754	19530839465	420711	893.59	1010.13	31	52	-1	13.88	13.88
Fixation R	1	1	19530418754	19530839465	420711	893.59	1010.13	31	52	-1	14.13	14.13
Saccade L	1	1	19530839465	19530915549	76084	897.15	992.56	464.47	424.75	16.27	439.52	0.24	213.84	19211.91	-8781.29	8630.94
Saccade R	1	1	19530839465	19530915549	76084	897.15	992.56	464.47	424.75	16.27	439.52	0.24	213.84	19211.91	-8781.29	8630.94
Fixation L	1	2	19530915549	19530983704	68155	462.21	441.69	8	27	-1	13.75	13.75
Fixation R	1	2	19530915549	19530983704	68155	462.21	441.69	8	27	-1	13.48	13.48
Saccade L	1	2	19530983704	19531017550	33846	460.10	448.89	472.51	353.42	2.05	110.09	0.35	60.66	4769.24	-4202.01	3261.50
Saccade R	1	2	19530983704	19531017550	33846	460.10	448.89	472.51	353.42	2.05	110.09	0.35	60.66	4769.24	-4202.01	3261.50
Fixation L	1	3	19531017550	19531321659	304109	461.94	347.73	35	21	-1	13.50	13.50
Fixation R	1	3	19531017550	19531321659	304109	461.94	347.73	35	21	-1	13.24	13.24
Saccade L	1	3	19531321659	19531355648	33989	450.66	340.08	619.07	359.90	3.75	233.08	0.50	110.34	9750.65	-9629.46	7010.43
Saccade R	1	3	19531321659	19531355648	33989	450.66	340.08	619.07	359.90	3.75	233.08	0.50	110.34	9750.65	-9629.46	7010.43
Fixation L	1	4	19531355648	19531503766	148118	629.33	361.34	21	21	-1	13.26	13.26
Fixation R	1	4	19531355648	19531503766	148118	629.33	361.34	21	21	-1	13.11	13.11
Saccade L	1	4	19531503766	19531537767	34001	621.84	363.06	784.78	363.84	3.56	223.76	0.47	104.79	9042.02	-9277.06	6643.89
Saccade R	1	4	19531503766	19531537767	34001	621.84	363.06	784.78	363.84	3.56	223.76	0.47	104.79	9042.02	-9277.06	6643.89
Fixation L	1	5	19531537767	19531751947	214180	791.44	371.78	17	26	-1	13.22	13.22
Fixation R	1	5	19531537767	19531751947	214180	791.44	371.78	17	26	-1	13.09	13.09
Saccade L	1	5	19531751947	19531795884	43937	789.56	366.95	522.87	353.59	5.95	284.20	0.41	135.34	12247.27	-10236.70	7894.89
Saccade R	1	5	19531751947	19531795884	43937	789.56	366.95	522.87	353.59	5.95	284.20	0.41	135.34	12247.27	-10236.70	7894.89
Fixation L	1	6	19531795884	19532005999	210115	514.91	352.71	23	22	-1	13.52	13.52
Fixation R	1	6	19531795884	19532005999	210115	514.91	352.71	23	22	-1	13.23	13.23
Saccade L	1	6	19532005999	19532044023	38024	519.58	364.55	401.62	435.91	3.29	195.58	0.37	86.46	8248.27	-7656.66	5386.45
Saccade R	1	6	19532005999	19532044023	38024	519.58	364.55	401.62	435.91	3.29	195.58	0.37	86.46	8248.27	-7656.66	5386.45
Fixation L	1	7	19532044023	19532204161	160138	404.82	453.77	13	34	-1	13.93	13.93
Fixation R	1	7	19532044023	19532204161	160138	404.82	453.77	13	34	-1	13.71	13.71
Blink L	1	1	19532204161	19532234928	30767
Blink R	1	1	19532204161	19532234928	30767
Fixation L	1	8	19532234928	19533080462	845534	412.97	472.06	24	35	-1	14.45	14.45
Fixation R	1	8	19532234928	19533080462	845534	412.97	472.06	24	35	-1	14.30	14.30
UserEvent	1	41	19532755539	# Message: UE-mouseclick left x=378 y=465
Saccade L	1	7	19533080462	19533112458	31996	412.16	482.04	415.28	519.14	1.00	43.97	0.25	31.31	1840.38	-1224.57	1045.14
Saccade R	1	7	19533080462	19533112458	31996	412.16	482.04	415.28	519.14	1.00	43.97	0.25	31.31	1840.38	-1224.57	1045.14
Fixation L	1	9	19533112458	19533578774	466316	422.89	532.47	13	26	-1	14.37	14.37
Fixation R	1	9	19533112458	19533578774	466316	422.89	532.47	13	26	-1	14.10	14.10
UserEvent	1	54	19533467492	# Message: UE-mouseclick left x=413 y=524
