[BeGaze]
Converted from:	C:\Program Files\SMI\Experiment Suite 360\Experiment Center 2\Results\RC-Attachment-Exp\deneme-eye_data.idf
Date:	18.03.2012 20:03:18
Version:	BeGaze 3.0.181
Sample Rate:	500
Subject:	deneme
Description:	Run3

Table Header for Fixations:
Event Type	Trial	Number	Start	End	Duration	Location X	Location Y	Dispersion X	Dispersion Y	Plane	Avg. Pupil Size X	Avg. Pupil Size Y

Table Header for Saccades:
Event Type	Trial	Number	Start	End	Duration	Start Loc.X	Start Loc.Y	End Loc.X	End Loc.Y	Amplitude	Peak Speed	Peak Speed At	Average Speed	Peak Accel.	Peak Decel.	Average Accel.

Table Header for Blinks:
Event Type	Trial	Number	Start	End	Duration

Table Header for User Events:
Event Type	Trial	Number	Start	Description

UserEvent	1	1	8687940053	# Message: RC-N1forced-anim-3.jpg
Fixation L	1	1	8687942003	8688013985	71982	496.38	441.62	6	5	-1	10.65	10.65
Fixation R	1	1	8687942003	8688013985	71982	496.38	441.62	6	5	-1	10.14	10.14
Saccade L	1	1	8688013985	8688046117	32132	496.30	447.56	501.60	445.45	5.96	222.00	0.69	185.57	10664.71	-10680.16	8356.25
Saccade R	1	1	8688013985	8688046117	32132	496.30	447.56	501.60	445.45	5.96	222.00	0.69	185.57	10664.71	-10680.16	8356.25
Fixation L	1	2	8688046117	8688120097	73980	501.33	441.05	16	13	-1	10.65	10.65
Fixation R	1	2	8688046117	8688120097	73980	501.33	441.05	16	13	-1	10.15	10.15
Saccade L	1	2	8688136100	8688158183	22083	435.59	409.22	497.37	445.25	1.03	78.55	0.36	46.50	869.73	-1681.75	1018.91
Saccade R	1	2	8688136100	8688158183	22083	435.59	409.22	497.37	445.25	1.03	78.55	0.36	46.50	869.73	-1681.75	1018.91
Saccade L	1	3	8688178107	8688200101	21994	423.79	405.76	478.89	460.64	0.97	68.86	0.27	43.91	306.32	-1696.55	1168.89
Saccade R	1	3	8688178107	8688200101	21994	423.79	405.76	478.89	460.64	0.97	68.86	0.27	43.91	306.32	-1696.55	1168.89
Saccade L	1	4	8688200101	8688222102	22001	478.89	460.64	470.21	416.05	0.85	72.04	0.64	38.62	886.91	-773.15	494.23
Saccade R	1	4	8688200101	8688222102	22001	478.89	460.64	470.21	416.05	0.85	72.04	0.64	38.62	886.91	-773.15	494.23
Saccade L	1	5	8688222102	8688256120	34018	470.21	416.05	485.39	455.11	1.00	47.11	0.24	29.39	-62.02	-1059.44	665.97
Saccade R	1	5	8688222102	8688256120	34018	470.21	416.05	485.39	455.11	1.00	47.11	0.24	29.39	-62.02	-1059.44	665.97
Saccade L	1	6	8688334225	8688380207	45982	480.11	457.49	479.88	458.73	2.08	93.59	0.35	45.18	786.14	-2041.09	819.29
Saccade R	1	6	8688334225	8688380207	45982	480.11	457.49	479.88	458.73	2.08	93.59	0.35	45.18	786.14	-2041.09	819.29
Saccade L	1	7	8688500245	8688540217	39972	468.52	456.79	484.32	452.39	1.45	57.91	0.25	36.20	1603.08	-1315.77	746.52
Saccade R	1	7	8688500245	8688540217	39972	468.52	456.79	484.32	452.39	1.45	57.91	0.25	36.20	1603.08	-1315.77	746.52
Fixation L	1	3	8688578330	8688658320	79990	482.64	442.17	5	8	-1	10.67	10.67
Fixation R	1	3	8688578330	8688658320	79990	482.64	442.17	5	8	-1	10.17	10.17
Saccade L	1	8	8688658320	8688682357	24037	480.97	444.70	545.63	440.22	1.31	95.91	0.50	54.40	4012.88	-4041.45	2823.70
Saccade R	1	8	8688658320	8688682357	24037	480.97	444.70	545.63	440.22	1.31	95.91	0.50	54.40	4012.88	-4041.45	2823.70
Fixation L	1	4	8688682357	8688850330	167973	544.12	440.04	12	16	-1	10.81	10.81
Fixation R	1	4	8688682357	8688850330	167973	544.12	440.04	12	16	-1	10.23	10.23
Saccade L	1	9	8688850330	8688877183	26853	546.66	444.02	627.36	443.34	1.76	120.31	0.45	65.48	4769.73	-4239.86	3202.78
Saccade R	1	9	8688850330	8688877183	26853	546.66	444.02	627.36	443.34	1.76	120.31	0.45	65.48	4769.73	-4239.86	3202.78
Fixation L	1	5	8688877183	8689052471	175288	622.25	441.20	12	21	-1	11.05	11.05
Fixation R	1	5	8688877183	8689052471	175288	622.25	441.20	12	21	-1	10.43	10.43
Saccade L	1	10	8689052471	8689082467	29996	621.57	449.38	721.07	444.93	2.18	139.62	0.53	72.72	5590.67	-5898.49	4177.67
Saccade R	1	10	8689052471	8689082467	29996	621.57	449.38	721.07	444.93	2.18	139.62	0.53	72.72	5590.67	-5898.49	4177.67
Saccade L	1	11	8689126561	8689162729	36168	718.64	448.74	726.05	448.13	7.96	312.84	0.77	220.09	13732.30	-13490.12	10831.22
Saccade R	1	11	8689126561	8689162729	36168	718.64	448.74	726.05	448.13	7.96	312.84	0.77	220.09	13732.30	-13490.12	10831.22
Fixation L	1	6	8689212562	8689324561	111999	721.31	449.49	10	16	-1	10.89	10.89
Fixation R	1	6	8689212562	8689324561	111999	721.31	449.49	10	16	-1	10.30	10.30
Saccade L	1	12	8689324561	8689352565	28004	717.18	459.81	794.32	444.71	1.82	120.06	0.57	64.91	4586.49	-4631.81	3307.75
Saccade R	1	12	8689324561	8689352565	28004	717.18	459.81	794.32	444.71	1.82	120.06	0.57	64.91	4586.49	-4631.81	3307.75
Fixation L	1	7	8689352565	8689534668	182103	800.04	447.62	28	21	-1	10.73	10.73
Fixation R	1	7	8689352565	8689534668	182103	800.04	447.62	28	21	-1	10.21	10.21
Saccade L	1	13	8689534668	8689560927	26259	801.43	446.57	886.10	440.25	1.85	127.76	0.46	70.33	4824.04	-5098.27	3603.21
Saccade R	1	13	8689534668	8689560927	26259	801.43	446.57	886.10	440.25	1.85	127.76	0.46	70.33	4824.04	-5098.27	3603.21
Fixation L	1	8	8689560927	8689809708	248781	881.59	444.14	17	14	-1	10.53	10.53
Fixation R	1	8	8689560927	8689809708	248781	881.59	444.14	17	14	-1	10.01	10.01
Saccade L	1	14	8689809708	8689830794	21086	880.22	440.73	937.34	437.60	1.07	85.60	0.53	50.63	3309.16	-3086.26	2142.89
Saccade R	1	14	8689809708	8689830794	21086	880.22	440.73	937.34	437.60	1.07	85.60	0.53	50.63	3309.16	-3086.26	2142.89
Fixation L	1	9	8689830794	8689930914	100120	933.78	433.09	15	12	-1	10.43	10.43
Fixation R	1	9	8689830794	8689930914	100120	933.78	433.09	15	12	-1	9.98	9.98
Blink L	1	1	8689930914	8689986930	56016
Blink R	1	1	8689930914	8689986930	56016
Fixation L	1	10	8689986930	8690244694	257764	1020.04	402.69	19	37	-1	10.62	10.62
Fixation R	1	10	8689986930	8690244694	257764	1020.04	402.69	19	37	-1	10.21	10.21
Saccade L	1	15	8690244694	8690269025	24331	1025.54	386.55	1089.02	375.46	1.37	93.09	0.51	56.32	4081.35	-3954.00	2821.64
Saccade R	1	15	8690244694	8690269025	24331	1025.54	386.55	1089.02	375.46	1.37	93.09	0.51	56.32	4081.35	-3954.00	2821.64
Fixation L	1	11	8690269025	8690395704	126679	1091.55	371.83	16	7	-1	11.01	11.01
Fixation R	1	11	8690269025	8690395704	126679	1091.55	371.83	16	7	-1	10.66	10.66
Saccade L	1	16	8690395704	8690425026	29322	1086.76	374.40	1162.98	370.79	1.56	95.01	0.45	53.33	3777.21	-3798.67	2772.40
Saccade R	1	16	8690395704	8690425026	29322	1086.76	374.40	1162.98	370.79	1.56	95.01	0.45	53.33	3777.21	-3798.67	2772.40
Fixation L	1	12	8690425026	8690675142	250116	1153.82	399.61	29	58	-1	11.07	11.07
Fixation R	1	12	8690425026	8690675142	250116	1153.82	399.61	29	58	-1	10.74	10.74
Blink L	1	2	8690763904	8691527492	763588
Blink R	1	2	8690763904	8691527492	763588
Fixation L	1	13	8691527492	8691839673	312181	1122.72	486.30	67	145	-1	10.59	10.59
Fixation R	1	13	8691527492	8691839673	312181	1122.72	486.30	67	145	-1	10.33	10.33
Fixation L	1	14	8691857604	8692037724	180120	1183.36	396.34	24	27	-1	11.04	11.04
Fixation R	1	14	8691857604	8692037724	180120	1183.36	396.34	24	27	-1	10.87	10.87
Blink L	1	3	8692037724	8692247839	210115
Blink R	1	3	8692037724	8692247839	210115
Fixation L	1	15	8692247839	8692355841	108002	845.34	864.79	10	46	-1	11.70	11.70
Fixation R	1	15	8692247839	8692355841	108002	845.34	864.79	10	46	-1	11.06	11.06
Fixation L	1	16	8692377839	8692698184	320345	859.33	928.79	13	29	-1	11.88	11.88
Fixation R	1	16	8692377839	8692698184	320345	859.33	928.79	13	29	-1	11.30	11.30
