[BeGaze]
Converted from:	C:\Program Files\SMI\Experiment Suite 360\Experiment Center 2\Results\RC-Attachment-Exp\P16-eye_data.idf
Date:	18.03.2012 20:12:41
Version:	BeGaze 3.0.181
Sample Rate:	500
Subject:	P16
Description:	Run21

Table Header for Fixations:
Event Type	Trial	Number	Start	End	Duration	Location X	Location Y	Dispersion X	Dispersion Y	Plane	Avg. Pupil Size X	Avg. Pupil Size Y

Table Header for Saccades:
Event Type	Trial	Number	Start	End	Duration	Start Loc.X	Start Loc.Y	End Loc.X	End Loc.Y	Amplitude	Peak Speed	Peak Speed At	Average Speed	Peak Accel.	Peak Decel.	Average Accel.

Table Header for Blinks:
Event Type	Trial	Number	Start	End	Duration

Table Header for User Events:
Event Type	Trial	Number	Start	Description

UserEvent	1	1	2019363738	# Message: RC-N1forced-nonanim-6.jpg
Fixation L	1	1	2019364306	2019654415	290109	509.68	454.06	21	22	-1	10.01	10.01
Fixation R	1	1	2019364306	2019654415	290109	509.68	454.06	21	22	-1	10.41	10.41
Saccade L	1	1	2019654415	2019684708	30293	499.88	459.90	499.72	457.26	5.46	232.83	0.43	180.32	10295.63	-10290.03	7966.65
Saccade R	1	1	2019654415	2019684708	30293	499.88	459.90	499.72	457.26	5.46	232.83	0.43	180.32	10295.63	-10290.03	7966.65
Fixation L	1	2	2019684708	2019916505	231797	502.56	458.30	15	19	-1	10.07	10.07
Fixation R	1	2	2019684708	2019916505	231797	502.56	458.30	15	19	-1	10.46	10.46
Saccade L	1	2	2019916505	2019946647	30142	494.11	448.16	571.35	463.31	1.70	99.79	0.40	56.24	3609.18	-3873.74	2707.29
Saccade R	1	2	2019916505	2019946647	30142	494.11	448.16	571.35	463.31	1.70	99.79	0.40	56.24	3609.18	-3873.74	2707.29
Fixation L	1	3	2019946647	2020092615	145968	569.43	448.80	19	28	-1	9.96	9.96
Fixation R	1	3	2019946647	2020092615	145968	569.43	448.80	19	28	-1	10.32	10.32
Saccade L	1	3	2020092615	2020116648	24033	559.54	444.25	641.84	443.87	1.77	137.95	0.50	73.73	5053.85	-5068.00	3518.23
Saccade R	1	3	2020092615	2020116648	24033	559.54	444.25	641.84	443.87	1.77	137.95	0.50	73.73	5053.85	-5068.00	3518.23
Fixation L	1	4	2020116648	2020692891	576243	635.80	434.78	35	26	-1	9.88	9.88
Fixation R	1	4	2020116648	2020692891	576243	635.80	434.78	35	26	-1	10.17	10.17
Saccade L	1	4	2020692891	2020720842	27951	623.41	441.77	738.74	439.61	2.60	186.23	0.43	92.92	7073.93	-7441.53	5171.49
Saccade R	1	4	2020692891	2020720842	27951	623.41	441.77	738.74	439.61	2.60	186.23	0.43	92.92	7073.93	-7441.53	5171.49
Fixation L	1	5	2020720842	2020991512	270670	743.79	439.69	27	31	-1	10.25	10.25
Fixation R	1	5	2020720842	2020991512	270670	743.79	439.69	27	31	-1	10.63	10.63
Saccade L	1	5	2020991512	2021027564	36052	740.89	449.24	818.90	444.37	2.56	135.73	0.65	70.95	5041.33	-4939.47	3506.97
Saccade R	1	5	2020991512	2021027564	36052	740.89	449.24	818.90	444.37	2.56	135.73	0.65	70.95	5041.33	-4939.47	3506.97
Fixation L	1	6	2021027564	2021307200	279636	822.04	431.24	18	28	-1	10.23	10.23
Fixation R	1	6	2021027564	2021307200	279636	822.04	431.24	18	28	-1	10.67	10.67
Saccade L	1	6	2021307200	2021333203	26003	820.78	429.97	923.00	438.97	2.17	157.69	0.54	83.46	5931.59	-6399.71	4437.75
Saccade R	1	6	2021307200	2021333203	26003	820.78	429.97	923.00	438.97	2.17	157.69	0.54	83.46	5931.59	-6399.71	4437.75
Fixation L	1	7	2021386565	2021441189	54624	924.34	427.94	8	11	-1	9.98	9.98
Fixation R	1	7	2021386565	2021441189	54624	924.34	427.94	8	11	-1	10.28	10.28
Saccade L	1	7	2021554045	2021599307	45262	926.67	441.02	1031.19	420.06	2.68	135.25	0.25	59.19	5453.98	-4249.97	2701.05
Saccade R	1	7	2021554045	2021599307	45262	926.67	441.02	1031.19	420.06	2.68	135.25	0.25	59.19	5453.98	-4249.97	2701.05
Saccade L	1	8	2021609308	2021638282	28974	1028.68	420.26	1030.10	438.82	1.28	75.24	0.28	44.17	2005.13	-2465.83	1560.07
Saccade R	1	8	2021609308	2021638282	28974	1028.68	420.26	1030.10	438.82	1.28	75.24	0.28	44.17	2005.13	-2465.83	1560.07
Saccade L	1	9	2021767490	2021811303	43813	1029.84	430.09	1040.00	444.27	2.28	91.42	0.37	52.03	3636.55	-2698.26	2081.62
Saccade R	1	9	2021767490	2021811303	43813	1029.84	430.09	1040.00	444.27	2.28	91.42	0.37	52.03	3636.55	-2698.26	2081.62
Saccade L	1	10	2021877424	2021915989	38565	1074.05	449.12	1077.75	485.13	2.43	144.36	0.31	62.90	3197.34	-3700.10	2326.57
Saccade R	1	10	2021877424	2021915989	38565	1074.05	449.12	1077.75	485.13	2.43	144.36	0.31	62.90	3197.34	-3700.10	2326.57
Blink L	1	1	2021945435	2022121536	176101
Fixation R	1	8	2022031416	2022085539	54123	1105.86	429.52	19	19	-1	9.91	9.91
Saccade R	1	11	2022085539	2022121536	35997	1105.49	442.68	1102.28	415.84	1.07	44.80	0.72	29.78	863.55	-791.43	559.56
Blink L	1	2	2022150641	2022431653	281012
Saccade R	1	12	2022150641	2022205533	54892	1122.21	439.94	1153.29	422.91	2.16	87.43	0.74	39.27	2540.47	-2937.64	1183.32
Fixation R	1	9	2022205533	2022405650	200117	1155.64	434.69	35	42	-1	9.95	9.95
Blink R	1	1	2022405650	2023076000	670350
Fixation L	1	8	2022431653	2022809759	378106	0.00	0.00	0	0	-1	0.00	0.00
Saccade L	1	11	2022809759	2023076000	266241	0.00	0.00	921.72	823.43	291.54	2357.32	0.96	1095.01	89983.95	-86723.62	61940.45
Saccade L	1	12	2023076000	2023101869	25869	921.72	823.43	1049.24	767.42	1.63	102.79	0.62	63.16	1194.38	-85262.99	21609.79
Saccade R	1	13	2023076000	2023101869	25869	921.72	823.43	1049.24	767.42	1.63	102.79	0.62	63.16	1194.38	-85262.99	21609.79
Blink L	1	3	2023101869	2023231991	130122
Blink R	1	2	2023101869	2023231991	130122
Fixation L	1	9	2023231991	2023644098	412107	0.00	0.00	0	0	-1	0.00	0.00
Fixation R	1	10	2023231991	2023644098	412107	0.00	0.00	0	0	-1	0.10	0.10
Saccade L	1	13	2023644098	2023864677	220579	0.00	0.00	906.92	902.06	250.85	2458.96	0.94	1137.24	93687.11	-93108.59	65254.28
Saccade R	1	14	2023644098	2023864677	220579	0.00	0.00	906.92	902.06	250.85	2458.96	0.94	1137.24	93687.11	-93108.59	65254.28
Fixation L	1	10	2023864677	2023930217	65540	908.68	909.17	13	14	-1	10.16	10.16
Fixation R	1	11	2023864677	2023930217	65540	908.68	909.17	13	14	-1	10.89	10.89
Saccade L	1	14	2023930217	2023954214	23997	903.51	906.84	946.77	901.40	0.88	54.66	0.50	36.54	1978.79	-1988.65	1454.66
Saccade R	1	15	2023930217	2023954214	23997	903.51	906.84	946.77	901.40	0.88	54.66	0.50	36.54	1978.79	-1988.65	1454.66
Fixation L	1	11	2023954214	2024382448	428234	925.58	917.89	41	31	-1	10.51	10.51
Fixation R	1	12	2023954214	2024382448	428234	925.58	917.89	41	31	-1	11.10	11.10
