[BeGaze]
Converted from:	C:\Program Files\SMI\Experiment Suite 360\Experiment Center 2\Results\RC-Attachment-Exp\P30-eye_data.idf
Date:	18.03.2012 20:26:03
Version:	BeGaze 3.0.181
Sample Rate:	500
Subject:	P30
Description:	Run35

Table Header for Fixations:
Event Type	Trial	Number	Start	End	Duration	Location X	Location Y	Dispersion X	Dispersion Y	Plane	Avg. Pupil Size X	Avg. Pupil Size Y

Table Header for Saccades:
Event Type	Trial	Number	Start	End	Duration	Start Loc.X	Start Loc.Y	End Loc.X	End Loc.Y	Amplitude	Peak Speed	Peak Speed At	Average Speed	Peak Accel.	Peak Decel.	Average Accel.

Table Header for Blinks:
Event Type	Trial	Number	Start	End	Duration

Table Header for User Events:
Event Type	Trial	Number	Start	Description

UserEvent	1	1	4219414162	# Message: Questionnaire17.jpg
Fixation L	1	1	4219425313	4219875573	450260	932.06	941.50	17	30	-1	13.32	13.32
Fixation R	1	1	4219425313	4219875573	450260	932.06	941.50	17	30	-1	13.32	13.32
Saccade L	1	1	4219875573	4219953544	77971	935.54	942.89	435.78	471.14	15.89	432.91	0.28	203.80	19052.84	-10301.24	8915.27
Saccade R	1	1	4219875573	4219953544	77971	935.54	942.89	435.78	471.14	15.89	432.91	0.28	203.80	19052.84	-10301.24	8915.27
Saccade L	1	2	4219983540	4220055685	72145	428.96	477.79	452.45	351.93	3.63	186.40	0.64	50.35	7399.67	-7433.44	3176.15
Saccade R	1	2	4219983540	4220055685	72145	428.96	477.79	452.45	351.93	3.63	186.40	0.64	50.35	7399.67	-7433.44	3176.15
Fixation L	1	2	4220055685	4220233666	177981	448.30	366.72	26	31	-1	13.54	13.54
Fixation R	1	2	4220055685	4220233666	177981	448.30	366.72	26	31	-1	12.81	12.81
Saccade L	1	3	4220233666	4220265711	32045	457.20	381.87	636.59	363.67	3.93	253.33	0.50	122.58	10801.35	-10580.53	7835.50
Saccade R	1	3	4220233666	4220265711	32045	457.20	381.87	636.59	363.67	3.93	253.33	0.50	122.58	10801.35	-10580.53	7835.50
Fixation L	1	3	4220265711	4220455782	190071	650.29	359.15	21	23	-1	14.00	14.00
Fixation R	1	3	4220265711	4220455782	190071	650.29	359.15	21	23	-1	13.62	13.62
Saccade L	1	4	4220455782	4220501795	46013	653.02	349.20	845.66	334.37	5.20	297.69	0.36	113.01	13055.26	-11648.38	7332.55
Saccade R	1	4	4220455782	4220501795	46013	653.02	349.20	845.66	334.37	5.20	297.69	0.36	113.01	13055.26	-11648.38	7332.55
Fixation L	1	4	4220501795	4220703916	202121	865.84	344.47	28	20	-1	14.14	14.14
Fixation R	1	4	4220501795	4220703916	202121	865.84	344.47	28	20	-1	13.55	13.55
Saccade L	1	5	4220703916	4220737920	34004	862.21	334.66	755.63	331.16	2.44	176.77	0.41	71.88	6947.68	-6986.76	4841.18
Saccade R	1	5	4220703916	4220737920	34004	862.21	334.66	755.63	331.16	2.44	176.77	0.41	71.88	6947.68	-6986.76	4841.18
Fixation L	1	5	4220737920	4221192599	454679	756.30	345.44	17	32	-1	14.77	14.77
Fixation R	1	5	4220737920	4221192599	454679	756.30	345.44	17	32	-1	14.09	14.09
Blink L	1	1	4221192599	4221276747	84148
Blink R	1	1	4221192599	4221276747	84148
Fixation L	1	6	4221390268	4221514268	124000	589.16	353.07	17	22	-1	15.39	15.39
Fixation R	1	6	4221390268	4221514268	124000	589.16	353.07	17	22	-1	14.50	14.50
Fixation L	1	7	4221600261	4221711231	110970	384.71	431.36	8	22	-1	15.99	15.99
Fixation R	1	7	4221600261	4221711231	110970	384.71	431.36	8	22	-1	14.86	14.86
Fixation L	1	8	4221770811	4221932512	161701	400.78	468.22	19	21	-1	16.14	16.14
Fixation R	1	8	4221770811	4221932512	161701	400.78	468.22	19	21	-1	15.18	15.18
Saccade L	1	6	4221932512	4221974861	42349	407.10	468.16	380.08	448.87	1.44	79.82	0.29	34.11	2889.61	-2262.21	1485.22
Saccade R	1	6	4221932512	4221974861	42349	407.10	468.16	380.08	448.87	1.44	79.82	0.29	34.11	2889.61	-2262.21	1485.22
Fixation L	1	9	4221974861	4222912890	938029	376.15	456.20	26	35	-1	15.16	15.16
Fixation R	1	9	4221974861	4222912890	938029	376.15	456.20	26	35	-1	14.24	14.24
UserEvent	1	77	4222602281	# Message: UE-mouseclick left x=360 y=437
Saccade L	1	7	4222912890	4222957380	44490	367.76	454.58	411.13	529.63	2.48	136.10	0.31	55.74	5773.13	-5430.52	3390.06
Saccade R	1	7	4222912890	4222957380	44490	367.76	454.58	411.13	529.63	2.48	136.10	0.31	55.74	5773.13	-5430.52	3390.06
Fixation L	1	10	4222957380	4223111467	154087	417.50	534.36	20	23	-1	14.46	14.46
Fixation R	1	10	4222957380	4223111467	154087	417.50	534.36	20	23	-1	13.67	13.67
Saccade L	1	8	4223111467	4223140996	29529	418.35	523.60	410.64	449.71	1.57	108.17	0.46	53.22	4363.69	-4341.55	3188.83
Saccade R	1	8	4223111467	4223140996	29529	418.35	523.60	410.64	449.71	1.57	108.17	0.46	53.22	4363.69	-4341.55	3188.83
Fixation L	1	11	4223140996	4223443133	302137	409.16	458.91	13	27	-1	14.69	14.69
Fixation R	1	11	4223140996	4223443133	302137	409.16	458.91	13	27	-1	13.82	13.82
UserEvent	1	95	4223354626	# Message: UE-mouseclick left x=417 y=520
