[BeGaze]
Converted from:	C:\Program Files\SMI\Experiment Suite 360\Experiment Center 2\Results\RC-Attachment-Exp\P06-eye_data.idf
Date:	18.03.2012 20:06:12
Version:	BeGaze 3.0.181
Sample Rate:	500
Subject:	P06
Description:	kibrisli

Table Header for Fixations:
Event Type	Trial	Number	Start	End	Duration	Location X	Location Y	Dispersion X	Dispersion Y	Plane	Avg. Pupil Size X	Avg. Pupil Size Y

Table Header for Saccades:
Event Type	Trial	Number	Start	End	Duration	Start Loc.X	Start Loc.Y	End Loc.X	End Loc.Y	Amplitude	Peak Speed	Peak Speed At	Average Speed	Peak Accel.	Peak Decel.	Average Accel.

Table Header for Blinks:
Event Type	Trial	Number	Start	End	Duration

Table Header for User Events:
Event Type	Trial	Number	Start	Description

UserEvent	1	1	7017044534	# Message: RC-nonforced-nonanim-3.jpg
Blink L	1	1	7017046623	7017097092	50469
Blink R	1	1	7017046623	7017097092	50469
Fixation L	1	1	7017097092	7017151091	53999	476.57	468.48	3	2	-1	12.14	12.14
Fixation R	1	1	7017097092	7017151091	53999	476.57	468.48	3	2	-1	12.35	12.35
Blink L	1	2	7017151091	7017281245	130154
Blink R	1	2	7017151091	7017281245	130154
Fixation L	1	2	7017281245	7017343243	61998	0.00	0.04	0	0	-1	2.40	2.40
Fixation R	1	2	7017281245	7017343243	61998	0.00	0.04	0	0	-1	2.15	2.15
Blink L	1	3	7017409216	7017505344	96128
Blink R	1	3	7017409216	7017505344	96128
Fixation L	1	3	7017505344	7017595366	90022	489.48	457.85	24	34	-1	11.88	11.88
Fixation R	1	3	7017505344	7017595366	90022	489.48	457.85	24	34	-1	12.26	12.26
Saccade L	1	1	7017595366	7017643331	47965	481.83	447.77	487.62	447.72	3.09	137.70	0.25	64.38	5046.31	-4875.23	2918.94
Saccade R	1	1	7017595366	7017643331	47965	481.83	447.77	487.62	447.72	3.09	137.70	0.25	64.38	5046.31	-4875.23	2918.94
Saccade L	1	2	7017659332	7017689330	29998	482.11	443.79	528.06	473.66	1.05	61.07	0.47	35.00	2427.54	-2197.29	1703.77
Saccade R	1	2	7017659332	7017689330	29998	482.11	443.79	528.06	473.66	1.05	61.07	0.47	35.00	2427.54	-2197.29	1703.77
Fixation L	1	4	7017689330	7017785450	96120	517.90	477.37	28	17	-1	12.43	12.43
Fixation R	1	4	7017689330	7017785450	96120	517.90	477.37	28	17	-1	12.67	12.67
Saccade L	1	3	7017785450	7017839476	54026	503.35	474.70	593.04	460.78	2.05	90.67	0.37	37.91	3580.96	-3086.14	2022.61
Saccade R	1	3	7017785450	7017839476	54026	503.35	474.70	593.04	460.78	2.05	90.67	0.37	37.91	3580.96	-3086.14	2022.61
Fixation L	1	5	7017839476	7018063577	224101	543.91	415.54	597	548	-1	11.72	11.72
Fixation R	1	5	7017839476	7018063577	224101	543.91	415.54	597	548	-1	12.10	12.10
Saccade L	1	4	7018063577	7018087583	24006	510.62	389.81	0.00	0.00	13.86	1252.07	0.50	577.46	44572.63	-36443.32	29180.76
Saccade R	1	4	7018063577	7018087583	24006	510.62	389.81	0.00	0.00	13.86	1252.07	0.50	577.46	44572.63	-36443.32	29180.76
Saccade L	1	5	7018093575	7018123572	29997	0.00	0.00	547.06	365.15	14.31	1058.83	0.40	477.13	34405.06	-40231.09	25854.25
Saccade R	1	5	7018093575	7018123572	29997	0.00	0.00	547.06	365.15	14.31	1058.83	0.40	477.13	34405.06	-40231.09	25854.25
Saccade L	1	6	7018135627	7018177582	41955	546.79	366.89	620.00	459.31	2.95	215.99	0.69	70.20	7646.63	-7822.66	4667.55
Saccade R	1	6	7018135627	7018177582	41955	546.79	366.89	620.00	459.31	2.95	215.99	0.69	70.20	7646.63	-7822.66	4667.55
Fixation L	1	6	7018177582	7018268221	90639	629.04	467.60	15	18	-1	12.80	12.80
Fixation R	1	6	7018177582	7018268221	90639	629.04	467.60	15	18	-1	13.17	13.17
Saccade L	1	7	7018268221	7018309690	41469	628.81	477.31	710.62	460.41	2.00	124.18	0.42	48.25	4746.94	-4564.65	2825.48
Saccade R	1	7	7018268221	7018309690	41469	628.81	477.31	710.62	460.41	2.00	124.18	0.42	48.25	4746.94	-4564.65	2825.48
Saccade L	1	8	7018352795	7018427782	74987	703.41	469.03	680.04	450.32	3.11	141.15	0.52	41.44	3710.48	-3132.36	1543.69
Saccade R	1	8	7018352795	7018427782	74987	703.41	469.03	680.04	450.32	3.11	141.15	0.52	41.44	3710.48	-3132.36	1543.69
Fixation L	1	7	7018427782	7018701814	274032	710.85	452.56	44	32	-1	12.88	12.88
Fixation R	1	7	7018427782	7018701814	274032	710.85	452.56	44	32	-1	13.13	13.13
Saccade L	1	9	7018701814	7018739877	38063	706.35	445.75	773.23	453.66	20.83	1156.35	0.74	547.21	43413.07	-10502.57	22584.81
Saccade R	1	9	7018701814	7018739877	38063	706.35	445.75	773.23	453.66	20.83	1156.35	0.74	547.21	43413.07	-10502.57	22584.81
Blink L	1	4	7018739877	7018807930	68053
Blink R	1	4	7018739877	7018807930	68053
Fixation L	1	8	7018807930	7019038227	230297	788.15	458.11	33	14	-1	13.01	13.01
Fixation R	1	8	7018807930	7019038227	230297	788.15	458.11	33	14	-1	13.35	13.35
Saccade L	1	10	7019038227	7019075937	37710	798.50	459.81	858.19	422.19	3.38	184.27	0.63	89.60	6379.66	-7192.86	4687.67
Saccade R	1	10	7019038227	7019075937	37710	798.50	459.81	858.19	422.19	3.38	184.27	0.63	89.60	6379.66	-7192.86	4687.67
Fixation L	1	9	7019075937	7019318758	242821	859.48	460.27	28	60	-1	12.92	12.92
Fixation R	1	9	7019075937	7019318758	242821	859.48	460.27	28	60	-1	13.25	13.25
Saccade L	1	11	7019318758	7019398185	79427	872.17	462.77	949.25	422.59	3.41	125.11	0.37	42.95	4526.05	-3424.52	1625.53
Saccade R	1	11	7019318758	7019398185	79427	872.17	462.77	949.25	422.59	3.41	125.11	0.37	42.95	4526.05	-3424.52	1625.53
Saccade L	1	12	7019398185	7019444635	46450	949.25	422.59	900.72	476.70	1.74	74.47	0.43	37.45	2514.04	-2640.47	1668.08
Saccade R	1	12	7019398185	7019444635	46450	949.25	422.59	900.72	476.70	1.74	74.47	0.43	37.45	2514.04	-2640.47	1668.08
Fixation L	1	10	7019444635	7019602095	157460	900.89	471.93	27	10	-1	13.23	13.23
Fixation R	1	10	7019444635	7019602095	157460	900.89	471.93	27	10	-1	13.53	13.53
Saccade L	1	13	7019602095	7019648290	46195	919.07	468.72	1006.15	435.09	2.18	108.05	0.35	47.17	4520.39	-3922.60	2753.91
Saccade R	1	13	7019602095	7019648290	46195	919.07	468.72	1006.15	435.09	2.18	108.05	0.35	47.17	4520.39	-3922.60	2753.91
Fixation L	1	11	7019648290	7019932422	284132	1012.97	440.06	63	61	-1	13.50	13.50
Fixation R	1	11	7019648290	7019932422	284132	1012.97	440.06	63	61	-1	13.67	13.67
Saccade L	1	14	7019932422	7019998427	66005	973.20	478.22	1106.23	427.79	3.92	173.00	0.42	59.41	6991.34	-6637.56	3468.55
Saccade R	1	14	7019932422	7019998427	66005	973.20	478.22	1106.23	427.79	3.92	173.00	0.42	59.41	6991.34	-6637.56	3468.55
Fixation L	1	12	7019998427	7020130410	131983	1099.63	452.15	31	34	-1	13.52	13.52
Fixation R	1	12	7019998427	7020130410	131983	1099.63	452.15	31	34	-1	13.83	13.83
Saccade L	1	15	7020130410	7020158924	28514	1115.36	444.30	1085.46	476.96	0.90	51.07	0.42	31.51	1583.47	-1870.08	1316.66
Saccade R	1	15	7020130410	7020158924	28514	1115.36	444.30	1085.46	476.96	0.90	51.07	0.42	31.51	1583.47	-1870.08	1316.66
Saccade L	1	16	7020288541	7020310529	21988	1155.75	446.85	1121.75	462.27	0.59	46.02	0.39	26.91	46.66	-807.15	341.26
Saccade R	1	16	7020288541	7020310529	21988	1155.75	446.85	1121.75	462.27	0.59	46.02	0.39	26.91	46.66	-807.15	341.26
Saccade L	1	17	7020338542	7020379094	40552	1146.17	457.72	1121.95	466.35	0.94	46.17	0.64	23.16	1256.64	-561.38	542.50
Saccade R	1	17	7020338542	7020379094	40552	1146.17	457.72	1121.95	466.35	0.94	46.17	0.64	23.16	1256.64	-561.38	542.50
Fixation L	1	13	7020379094	7020436683	57589	1140.08	455.47	30	24	-1	13.75	13.75
Fixation R	1	13	7020379094	7020436683	57589	1140.08	455.47	30	24	-1	13.86	13.86
Saccade L	1	18	7020436683	7020470651	33968	1132.34	439.11	1130.22	465.07	1.00	46.55	0.58	29.31	736.57	-1222.74	580.01
Saccade R	1	18	7020436683	7020470651	33968	1132.34	439.11	1130.22	465.07	1.00	46.55	0.58	29.31	736.57	-1222.74	580.01
Saccade L	1	19	7020501014	7020528652	27638	1138.27	436.30	1126.75	471.13	0.84	51.28	0.44	30.52	825.44	-632.87	477.44
Saccade R	1	19	7020501014	7020528652	27638	1138.27	436.30	1126.75	471.13	0.84	51.28	0.44	30.52	825.44	-632.87	477.44
Saccade L	1	20	7020528652	7020560111	31459	1126.75	471.13	1133.32	439.55	0.95	41.76	0.25	30.18	562.31	-788.25	382.87
Saccade R	1	20	7020528652	7020560111	31459	1126.75	471.13	1133.32	439.55	0.95	41.76	0.25	30.18	562.31	-788.25	382.87
Fixation L	1	14	7020560111	7020620651	60540	1131.11	459.58	40	28	-1	13.98	13.98
Fixation R	1	14	7020560111	7020620651	60540	1131.11	459.58	40	28	-1	14.24	14.24
Saccade L	1	21	7020620651	7020644650	23999	1154.98	453.05	1126.77	462.04	0.60	40.91	0.59	24.99	285.10	-1134.70	507.13
Saccade R	1	21	7020620651	7020644650	23999	1154.98	453.05	1126.77	462.04	0.60	40.91	0.59	24.99	285.10	-1134.70	507.13
Fixation L	1	15	7020644650	7020694783	50133	1139.88	459.40	27	30	-1	14.09	14.09
Fixation R	1	15	7020644650	7020694783	50133	1139.88	459.40	27	30	-1	14.32	14.32
Saccade L	1	22	7020694783	7020719144	24361	1155.46	439.76	1120.56	470.70	0.86	60.07	0.32	35.28	946.62	-1910.82	1073.78
Saccade R	1	22	7020694783	7020719144	24361	1155.46	439.76	1120.56	470.70	0.86	60.07	0.32	35.28	946.62	-1910.82	1073.78
Saccade L	1	23	7020722833	7020821244	98411	1121.35	470.70	568.04	472.05	14.37	372.11	0.43	146.04	16161.73	-13680.80	6690.35
Saccade R	1	23	7020722833	7020821244	98411	1121.35	470.70	568.04	472.05	14.37	372.11	0.43	146.04	16161.73	-13680.80	6690.35
Fixation L	1	16	7020821244	7020966960	145716	551.95	486.21	56	58	-1	14.27	14.27
Fixation R	1	16	7020821244	7020966960	145716	551.95	486.21	56	58	-1	14.10	14.10
Saccade L	1	24	7020966960	7021009583	42623	581.95	506.51	510.15	500.25	2.04	135.21	0.28	47.90	5027.70	-4973.10	2780.81
Saccade R	1	24	7020966960	7021009583	42623	581.95	506.51	510.15	500.25	2.04	135.21	0.28	47.90	5027.70	-4973.10	2780.81
Fixation L	1	17	7021009583	7021198899	189316	518.08	508.34	28	48	-1	14.14	14.14
Fixation R	1	17	7021009583	7021198899	189316	518.08	508.34	28	48	-1	14.02	14.02
Saccade L	1	25	7021198899	7021297020	98121	534.29	477.71	802.44	960.93	13.08	380.16	0.47	133.33	15769.80	-10200.37	5957.61
Saccade R	1	25	7021198899	7021297020	98121	534.29	477.71	802.44	960.93	13.08	380.16	0.47	133.33	15769.80	-10200.37	5957.61
Saccade L	1	26	7021315033	7021345387	30354	807.89	936.51	777.12	966.10	0.86	44.81	0.59	28.23	1101.51	-907.72	654.36
Saccade R	1	26	7021315033	7021345387	30354	807.89	936.51	777.12	966.10	0.86	44.81	0.59	28.23	1101.51	-907.72	654.36
Fixation L	1	18	7021345387	7021487139	141752	805.08	954.55	43	33	-1	14.54	14.54
Fixation R	1	18	7021345387	7021487139	141752	805.08	954.55	43	33	-1	14.50	14.50
Saccade L	1	27	7021487139	7021533138	45999	778.14	965.52	847.69	939.32	1.94	98.87	0.27	42.22	2675.80	-2456.18	1575.10
Saccade R	1	27	7021487139	7021533138	45999	778.14	965.52	847.69	939.32	1.94	98.87	0.27	42.22	2675.80	-2456.18	1575.10
Fixation L	1	19	7021533138	7022301497	768359	852.82	946.28	54	45	-1	13.91	13.91
Fixation R	1	19	7021533138	7022301497	768359	852.82	946.28	54	45	-1	14.06	14.06
Saccade L	1	28	7022301497	7022376888	75391	864.36	937.36	968.79	934.90	2.40	63.97	0.25	31.78	2692.22	-1827.06	1211.72
Saccade R	1	28	7022301497	7022376888	75391	864.36	937.36	968.79	934.90	2.40	63.97	0.25	31.78	2692.22	-1827.06	1211.72
Fixation L	1	20	7022376888	7022534041	157153	950.34	939.72	42	24	-1	12.87	12.87
Fixation R	1	20	7022376888	7022534041	157153	950.34	939.72	42	24	-1	13.72	13.72
Saccade L	1	29	7022534041	7022561544	27503	929.37	941.15	874.55	911.05	1.29	96.19	0.35	46.92	3538.97	-3922.30	2619.07
Saccade R	1	29	7022534041	7022561544	27503	929.37	941.15	874.55	911.05	1.29	96.19	0.35	46.92	3538.97	-3922.30	2619.07
Fixation L	1	21	7022561544	7022832403	270859	875.70	940.60	40	57	-1	13.52	13.52
Fixation R	1	21	7022561544	7022832403	270859	875.70	940.60	40	57	-1	13.74	13.74
