[BeGaze]
Converted from:	C:\Program Files\SMI\Experiment Suite 360\Experiment Center 2\Results\RC-Attachment-Exp\P14-eye_data.idf
Date:	18.03.2012 20:11:13
Version:	BeGaze 3.0.181
Sample Rate:	500
Subject:	P14
Description:	Run19

Table Header for Fixations:
Event Type	Trial	Number	Start	End	Duration	Location X	Location Y	Dispersion X	Dispersion Y	Plane	Avg. Pupil Size X	Avg. Pupil Size Y

Table Header for Saccades:
Event Type	Trial	Number	Start	End	Duration	Start Loc.X	Start Loc.Y	End Loc.X	End Loc.Y	Amplitude	Peak Speed	Peak Speed At	Average Speed	Peak Accel.	Peak Decel.	Average Accel.

Table Header for Blinks:
Event Type	Trial	Number	Start	End	Duration

Table Header for User Events:
Event Type	Trial	Number	Start	Description

UserEvent	1	1	1687756269	# Message: RC-N2forced-nonanim-6.jpg
Fixation L	1	1	1687759543	1688045325	285782	479.42	457.44	33	17	-1	12.88	12.88
Fixation R	1	1	1687759543	1688045325	285782	479.42	457.44	33	17	-1	12.83	12.83
Fixation L	1	2	1688065342	1688223452	158110	532.05	459.67	22	17	-1	12.77	12.77
Fixation R	1	2	1688065342	1688223452	158110	532.05	459.67	22	17	-1	12.63	12.63
Saccade L	1	1	1688223452	1688251366	27914	539.60	454.29	610.71	459.75	1.54	99.75	0.50	55.12	4231.78	-3447.06	2772.09
Saccade R	1	1	1688223452	1688251366	27914	539.60	454.29	610.71	459.75	1.54	99.75	0.50	55.12	4231.78	-3447.06	2772.09
Fixation L	1	3	1688251366	1688507544	256178	613.57	471.61	25	42	-1	12.94	12.94
Fixation R	1	3	1688251366	1688507544	256178	613.57	471.61	25	42	-1	12.78	12.78
Fixation L	1	4	1688527426	1688637542	110116	659.02	471.06	20	28	-1	12.73	12.73
Fixation R	1	4	1688527426	1688637542	110116	659.02	471.06	20	28	-1	12.59	12.59
Saccade L	1	2	1688637542	1688661546	24004	674.29	452.03	739.37	457.85	1.56	121.44	0.58	65.01	4098.42	-4904.87	3071.27
Saccade R	1	2	1688637542	1688661546	24004	674.29	452.03	739.37	457.85	1.56	121.44	0.58	65.01	4098.42	-4904.87	3071.27
Fixation L	1	5	1688661546	1688851655	190109	738.83	463.43	35	25	-1	12.87	12.87
Fixation R	1	5	1688661546	1688851655	190109	738.83	463.43	35	25	-1	12.71	12.71
Fixation L	1	6	1688871661	1689045779	174118	782.96	451.10	20	30	-1	13.05	13.05
Fixation R	1	6	1688871661	1689045779	174118	782.96	451.10	20	30	-1	12.90	12.90
Fixation L	1	7	1689065786	1689119769	53983	831.44	473.22	41	23	-1	13.11	13.11
Fixation R	1	7	1689065786	1689119769	53983	831.44	473.22	41	23	-1	12.99	12.99
Saccade L	1	3	1689119769	1689153024	33255	817.92	483.60	864.37	488.20	1.06	44.30	0.37	31.73	1422.27	-1396.57	1061.11
Saccade R	1	3	1689119769	1689153024	33255	817.92	483.60	864.37	488.20	1.06	44.30	0.37	31.73	1422.27	-1396.57	1061.11
Fixation L	1	8	1689153024	1689225776	72752	855.11	491.48	22	7	-1	13.09	13.09
Fixation R	1	8	1689153024	1689225776	72752	855.11	491.48	22	7	-1	12.85	12.85
Saccade L	1	4	1689225776	1689249786	24010	839.64	488.88	912.04	483.36	1.56	123.82	0.42	65.04	4768.02	-4475.75	3183.68
Saccade R	1	4	1689225776	1689249786	24010	839.64	488.88	912.04	483.36	1.56	123.82	0.42	65.04	4768.02	-4475.75	3183.68
Fixation L	1	9	1689249786	1689586005	336219	920.46	456.77	41	46	-1	12.96	12.96
Fixation R	1	9	1689249786	1689586005	336219	920.46	456.77	41	46	-1	12.88	12.88
Saccade L	1	5	1689586005	1689620222	34217	929.03	456.37	1007.32	447.03	1.84	100.97	0.41	53.85	3857.32	-3559.83	2691.65
Saccade R	1	5	1689586005	1689620222	34217	929.03	456.37	1007.32	447.03	1.84	100.97	0.41	53.85	3857.32	-3559.83	2691.65
Fixation L	1	10	1689620222	1689888411	268189	1017.48	434.59	22	27	-1	12.82	12.82
Fixation R	1	10	1689620222	1689888411	268189	1017.48	434.59	22	27	-1	12.67	12.67
Saccade L	1	6	1689888411	1689914135	25724	1005.10	438.02	1100.83	416.80	2.05	147.53	0.46	79.73	5927.12	-5943.71	4225.36
Saccade R	1	6	1689888411	1689914135	25724	1005.10	438.02	1100.83	416.80	2.05	147.53	0.46	79.73	5927.12	-5943.71	4225.36
Fixation L	1	11	1689914135	1690163942	249807	1107.53	427.41	16	28	-1	12.62	12.62
Fixation R	1	11	1689914135	1690163942	249807	1107.53	427.41	16	28	-1	12.76	12.76
Saccade L	1	7	1690163942	1690190247	26305	1107.29	431.19	1196.83	421.34	1.83	127.67	0.48	69.73	5170.01	-5147.19	3760.25
Saccade R	1	7	1690163942	1690190247	26305	1107.29	431.19	1196.83	421.34	1.83	127.67	0.48	69.73	5170.01	-5147.19	3760.25
Fixation L	1	12	1690190247	1690466352	276105	1198.72	431.56	25	38	-1	12.98	12.98
Fixation R	1	12	1690190247	1690466352	276105	1198.72	431.56	25	38	-1	12.75	12.75
Saccade L	1	8	1690466352	1690534348	67996	1198.32	449.67	914.84	937.77	13.37	442.39	0.29	196.67	19567.32	-9835.94	9094.03
Saccade R	1	8	1690466352	1690534348	67996	1198.32	449.67	914.84	937.77	13.37	442.39	0.29	196.67	19567.32	-9835.94	9094.03
Fixation L	1	13	1690534348	1690902467	368119	915.97	959.16	31	46	-1	13.67	13.67
Fixation R	1	13	1690534348	1690902467	368119	915.97	959.16	31	46	-1	13.57	13.57
Saccade L	1	9	1690902467	1690928713	26246	923.36	957.89	875.57	986.66	1.29	88.59	0.46	49.07	3036.82	-2836.39	2154.54
Saccade R	1	9	1690902467	1690928713	26246	923.36	957.89	875.57	986.66	1.29	88.59	0.46	49.07	3036.82	-2836.39	2154.54
Fixation L	1	14	1690928713	1691024592	95879	882.57	968.01	36	32	-1	13.83	13.83
Fixation R	1	14	1690928713	1691024592	95879	882.57	968.01	36	32	-1	13.81	13.81
