[BeGaze]
Converted from:	C:\Program Files\SMI\Experiment Suite 360\Experiment Center 2\Results\RC-Attachment-Exp\P11-eye_data.idf
Date:	18.03.2012 20:08:49
Version:	BeGaze 3.0.181
Sample Rate:	500
Subject:	P11
Description:	Run16

Table Header for Fixations:
Event Type	Trial	Number	Start	End	Duration	Location X	Location Y	Dispersion X	Dispersion Y	Plane	Avg. Pupil Size X	Avg. Pupil Size Y

Table Header for Saccades:
Event Type	Trial	Number	Start	End	Duration	Start Loc.X	Start Loc.Y	End Loc.X	End Loc.Y	Amplitude	Peak Speed	Peak Speed At	Average Speed	Peak Accel.	Peak Decel.	Average Accel.

Table Header for Blinks:
Event Type	Trial	Number	Start	End	Duration

Table Header for User Events:
Event Type	Trial	Number	Start	Description

UserEvent	1	1	10317408252	# Message: RC-N1forced-nonanim-2.jpg
Fixation L	1	1	10317408964	10317699201	290237	514.62	429.23	31	22	-1	14.13	14.13
Fixation R	1	1	10317408964	10317699201	290237	514.62	429.23	31	22	-1	13.50	13.50
Saccade L	1	1	10317699201	10317735100	35899	511.46	425.77	566.36	426.75	1.19	47.97	0.33	33.20	1330.88	-1079.48	886.62
Saccade R	1	1	10317699201	10317735100	35899	511.46	425.77	566.36	426.75	1.19	47.97	0.33	33.20	1330.88	-1079.48	886.62
Fixation L	1	2	10317735100	10317875046	139946	577.99	431.72	26	20	-1	14.32	14.32
Fixation R	1	2	10317735100	10317875046	139946	577.99	431.72	26	20	-1	13.71	13.71
Saccade L	1	2	10317875046	10317917047	42001	563.48	424.25	611.45	433.60	1.30	57.08	0.24	31.03	1738.26	-1463.31	974.76
Saccade R	1	2	10317875046	10317917047	42001	563.48	424.25	611.45	433.60	1.30	57.08	0.24	31.03	1738.26	-1463.31	974.76
Fixation L	1	3	10317917047	10318105222	188175	616.41	438.02	14	42	-1	14.33	14.33
Fixation R	1	3	10317917047	10318105222	188175	616.41	438.02	14	42	-1	13.76	13.76
Saccade L	1	3	10318105222	10318139185	33963	617.04	438.66	676.89	447.63	1.39	73.40	0.53	40.80	2598.42	-2413.86	1811.22
Saccade R	1	3	10318105222	10318139185	33963	617.04	438.66	676.89	447.63	1.39	73.40	0.53	40.80	2598.42	-2413.86	1811.22
Fixation L	1	4	10318139185	10318301165	161980	687.12	450.16	21	19	-1	14.40	14.40
Fixation R	1	4	10318139185	10318301165	161980	687.12	450.16	21	19	-1	13.79	13.79
Saccade L	1	4	10318301165	10318349287	48122	687.45	456.21	799.23	451.83	2.63	84.28	0.54	54.71	2841.63	-2973.74	2107.35
Saccade R	1	4	10318301165	10318349287	48122	687.45	456.21	799.23	451.83	2.63	84.28	0.54	54.71	2841.63	-2973.74	2107.35
Fixation L	1	5	10318349287	10318613401	264114	786.66	452.59	23	19	-1	14.59	14.59
Fixation R	1	5	10318349287	10318613401	264114	786.66	452.59	23	19	-1	13.79	13.79
Saccade L	1	5	10318613401	10318645404	32003	785.43	451.09	846.68	454.79	1.30	62.32	0.38	40.67	2376.40	-1985.90	1535.73
Saccade R	1	5	10318613401	10318645404	32003	785.43	451.09	846.68	454.79	1.30	62.32	0.38	40.67	2376.40	-1985.90	1535.73
Fixation L	1	6	10318645404	10318949537	304133	844.42	453.53	24	29	-1	14.57	14.57
Fixation R	1	6	10318645404	10318949537	304133	844.42	453.53	24	29	-1	13.88	13.88
Saccade L	1	6	10318949537	10318979199	29662	848.62	454.56	923.05	444.38	1.64	92.83	0.40	55.16	3816.81	-3626.57	2688.75
Saccade R	1	6	10318949537	10318979199	29662	848.62	454.56	923.05	444.38	1.64	92.83	0.40	55.16	3816.81	-3626.57	2688.75
Fixation L	1	7	10318979199	10319631774	652575	945.22	451.52	58	44	-1	14.30	14.30
Fixation R	1	7	10318979199	10319631774	652575	945.22	451.52	58	44	-1	13.72	13.72
Blink L	1	1	10319631774	10319709881	78107
Blink R	1	1	10319631774	10319709881	78107
Fixation L	1	8	10319709881	10320043993	334112	800.80	452.43	35	33	-1	14.01	14.01
Fixation R	1	8	10319709881	10320043993	334112	800.80	452.43	35	33	-1	13.43	13.43
Saccade L	1	7	10320043993	10320081993	38000	792.35	461.39	865.93	445.40	1.75	73.30	0.42	46.05	2747.74	-2414.27	1886.86
Saccade R	1	7	10320043993	10320081993	38000	792.35	461.39	865.93	445.40	1.75	73.30	0.42	46.05	2747.74	-2414.27	1886.86
Fixation L	1	9	10320081993	10320234120	152127	870.41	444.82	25	30	-1	13.95	13.95
Fixation R	1	9	10320081993	10320234120	152127	870.41	444.82	25	30	-1	13.37	13.37
Saccade L	1	8	10320234120	10320272122	38002	854.32	462.56	962.90	454.71	2.47	106.92	0.47	65.02	4440.01	-4401.51	3326.01
Saccade R	1	8	10320234120	10320272122	38002	854.32	462.56	962.90	454.71	2.47	106.92	0.47	65.02	4440.01	-4401.51	3326.01
Fixation L	1	10	10320272122	10320484242	212120	972.40	440.08	16	31	-1	13.75	13.75
Fixation R	1	10	10320272122	10320484242	212120	972.40	440.08	16	31	-1	13.25	13.25
Saccade L	1	9	10320484242	10320508661	24419	975.98	438.02	1041.58	447.59	1.42	92.91	0.42	58.15	4021.42	-3570.64	2681.85
Saccade R	1	9	10320484242	10320508661	24419	975.98	438.02	1041.58	447.59	1.42	92.91	0.42	58.15	4021.42	-3570.64	2681.85
Fixation L	1	11	10320508661	10320702398	193737	1045.72	452.71	22	14	-1	13.59	13.59
Fixation R	1	11	10320508661	10320702398	193737	1045.72	452.71	22	14	-1	13.01	13.01
Saccade L	1	10	10320702398	10320737318	34920	1048.31	451.06	1143.11	432.26	2.13	104.09	0.40	61.04	4443.78	-3901.29	3098.18
Saccade R	1	10	10320702398	10320737318	34920	1048.31	451.06	1143.11	432.26	2.13	104.09	0.40	61.04	4443.78	-3901.29	3098.18
Fixation L	1	12	10320737318	10320886353	149035	1150.22	433.83	13	18	-1	13.22	13.22
Fixation R	1	12	10320737318	10320886353	149035	1150.22	433.83	13	18	-1	12.74	12.74
Blink L	1	2	10320886353	10321098477	212124
Blink R	1	2	10320886353	10321098477	212124
Blink L	1	3	10321098477	10321176478	78001
Saccade R	1	11	10321098477	10321142482	44005	1122.82	859.10	1189.03	642.98	5.85	270.28	0.50	133.02	9453.21	-6532.86	4551.00
Saccade R	1	12	10321142482	10321176478	33996	1189.03	642.98	946.01	834.05	3.38	205.15	0.24	99.49	1301.02	-6813.32	3445.05
Fixation L	1	13	10321212477	10321350590	138113	937.44	863.91	42	70	-1	13.04	13.04
Fixation R	1	13	10321212477	10321350590	138113	937.44	863.91	42	70	-1	12.86	12.86
Saccade L	1	11	10321350590	10321414242	63652	941.93	898.85	918.53	933.68	2.28	51.75	0.19	35.83	1778.61	-1239.65	647.29
Saccade R	1	13	10321350590	10321414242	63652	941.93	898.85	918.53	933.68	2.28	51.75	0.19	35.83	1778.61	-1239.65	647.29
Fixation L	1	14	10321414242	10321824840	410598	900.10	948.54	35	42	-1	13.73	13.73
Fixation R	1	14	10321414242	10321824840	410598	900.10	948.54	35	42	-1	13.71	13.71
