[BeGaze]
Converted from:	C:\Program Files\SMI\Experiment Suite 360\Experiment Center 2\Results\RC-Attachment-Exp\P24-eye_data.idf
Date:	18.03.2012 20:19:34
Version:	BeGaze 3.0.181
Sample Rate:	500
Subject:	P24
Description:	Run29

Table Header for Fixations:
Event Type	Trial	Number	Start	End	Duration	Location X	Location Y	Dispersion X	Dispersion Y	Plane	Avg. Pupil Size X	Avg. Pupil Size Y

Table Header for Saccades:
Event Type	Trial	Number	Start	End	Duration	Start Loc.X	Start Loc.Y	End Loc.X	End Loc.Y	Amplitude	Peak Speed	Peak Speed At	Average Speed	Peak Accel.	Peak Decel.	Average Accel.

Table Header for Blinks:
Event Type	Trial	Number	Start	End	Duration

Table Header for User Events:
Event Type	Trial	Number	Start	Description

UserEvent	1	1	10294077222	# Message: Questionnaire18.jpg
Fixation L	1	1	10294077509	10294257495	179986	895.89	1029.96	57	16	-1	14.93	14.93
Fixation R	1	1	10294077509	10294257495	179986	895.89	1029.96	57	16	-1	14.21	14.21
Saccade L	1	1	10294257495	10294283402	25907	913.70	1025.86	905.45	979.32	0.99	62.27	0.38	38.13	2206.87	-2312.13	1602.01
Saccade R	1	1	10294257495	10294283402	25907	913.70	1025.86	905.45	979.32	0.99	62.27	0.38	38.13	2206.87	-2312.13	1602.01
Fixation L	1	2	10294283402	10294428017	144615	898.06	980.43	26	19	-1	15.10	15.10
Fixation R	1	2	10294283402	10294428017	144615	898.06	980.43	26	19	-1	14.26	14.26
Saccade L	1	2	10294428017	10294465607	37590	896.06	982.05	927.32	1014.34	1.31	47.28	0.63	34.87	7046.51	-746.59	1817.40
Saccade R	1	2	10294428017	10294465607	37590	896.06	982.05	927.32	1014.34	1.31	47.28	0.63	34.87	7046.51	-746.59	1817.40
Blink L	1	1	10294469571	10294615516	145945
Blink R	1	1	10294469571	10294615516	145945
Saccade L	1	3	10294625575	10294665549	39974	325.95	340.73	398.46	356.57	2.72	229.04	0.55	67.95	7489.71	-6787.36	4203.89
Saccade R	1	3	10294625575	10294665549	39974	325.95	340.73	398.46	356.57	2.72	229.04	0.55	67.95	7489.71	-6787.36	4203.89
Fixation L	1	3	10294673553	10294807643	134090	412.43	369.43	103	31	-1	15.02	15.02
Fixation R	1	3	10294673553	10294807643	134090	412.43	369.43	103	31	-1	13.84	13.84
Saccade L	1	4	10294807643	10294845634	37991	414.42	369.19	537.69	378.08	2.68	156.08	0.37	70.64	6608.13	-5632.56	3984.82
Saccade R	1	4	10294807643	10294845634	37991	414.42	369.19	537.69	378.08	2.68	156.08	0.37	70.64	6608.13	-5632.56	3984.82
Fixation L	1	4	10294845634	10294941671	96037	552.73	380.66	20	10	-1	14.82	14.82
Fixation R	1	4	10294845634	10294941671	96037	552.73	380.66	20	10	-1	13.92	13.92
Blink L	1	2	10294941671	10295117747	176076
Blink R	1	2	10294941671	10295117747	176076
Fixation L	1	5	10295117747	10295261797	144050	680.87	394.40	11	14	-1	15.08	15.08
Fixation R	1	5	10295117747	10295261797	144050	680.87	394.40	11	14	-1	14.04	14.04
Saccade L	1	5	10295261797	10295295828	34031	677.09	388.24	770.75	405.67	2.10	108.53	0.53	61.59	4678.51	-4284.64	3314.96
Saccade R	1	5	10295261797	10295295828	34031	677.09	388.24	770.75	405.67	2.10	108.53	0.53	61.59	4678.51	-4284.64	3314.96
Fixation L	1	6	10295295828	10295525884	230056	770.26	416.50	25	25	-1	15.53	15.53
Fixation R	1	6	10295295828	10295525884	230056	770.26	416.50	25	25	-1	3.94	3.94
Saccade L	1	6	10295525884	10295561863	35979	762.56	419.04	901.62	404.80	3.19	156.15	0.44	88.75	6642.26	-6247.70	4750.97
Blink R	1	3	10295525884	10295723975	198091
Fixation L	1	7	10295561863	10295659978	98115	911.93	413.99	19	18	-1	15.49	15.49
Saccade L	1	7	10295659978	10295723975	63997	912.47	410.46	427.28	559.10	11.41	338.88	0.32	178.22	14792.89	-10166.40	8342.63
Blink L	1	3	10295747981	10296376014	628033
Blink R	1	4	10295747981	10296376014	628033
Fixation L	1	8	10296376014	10297369068	993054	382.25	466.85	32	25	-1	15.94	15.94
Fixation R	1	7	10296376014	10297369068	993054	382.25	466.85	32	25	-1	14.53	14.53
UserEvent	1	68	10296998538	# Message: UE-mouseclick left x=363 y=432
Saccade L	1	8	10297369068	10297416677	47609	388.07	464.46	420.76	540.89	2.50	105.13	0.33	52.41	4147.51	-3623.83	2685.66
Saccade R	1	6	10297369068	10297416677	47609	388.07	464.46	420.76	540.89	2.50	105.13	0.33	52.41	4147.51	-3623.83	2685.66
Fixation L	1	9	10297416677	10297742800	326123	420.72	550.61	17	25	-1	15.97	15.97
Fixation R	1	8	10297416677	10297742800	326123	420.72	550.61	17	25	-1	14.89	14.89
UserEvent	1	85	10297646513	# Message: UE-mouseclick left x=394 y=528
