[BeGaze]
Converted from:	C:\Program Files\SMI\Experiment Suite 360\Experiment Center 2\Results\RC-Attachment-Exp\P15-eye_data.idf
Date:	18.03.2012 20:11:37
Version:	BeGaze 3.0.181
Sample Rate:	500
Subject:	P15
Description:	Run20

Table Header for Fixations:
Event Type	Trial	Number	Start	End	Duration	Location X	Location Y	Dispersion X	Dispersion Y	Plane	Avg. Pupil Size X	Avg. Pupil Size Y

Table Header for Saccades:
Event Type	Trial	Number	Start	End	Duration	Start Loc.X	Start Loc.Y	End Loc.X	End Loc.Y	Amplitude	Peak Speed	Peak Speed At	Average Speed	Peak Accel.	Peak Decel.	Average Accel.

Table Header for Blinks:
Event Type	Trial	Number	Start	End	Duration

Table Header for User Events:
Event Type	Trial	Number	Start	Description

UserEvent	1	1	2655659170	# Message: RC-nonforced-anim-4.jpg
Fixation L	1	1	2655660177	2656153963	493786	501.83	460.18	30	32	-1	11.83	11.83
Fixation R	1	1	2655660177	2656153963	493786	501.83	460.18	30	32	-1	11.57	11.57
Saccade L	1	1	2656153963	2656195977	42014	501.61	455.93	553.33	436.65	1.25	41.01	0.53	29.68	959.11	-1102.72	784.19
Saccade R	1	1	2656153963	2656195977	42014	501.61	455.93	553.33	436.65	1.25	41.01	0.53	29.68	959.11	-1102.72	784.19
Fixation L	1	2	2656195977	2656626174	430197	561.28	434.72	17	18	-1	11.66	11.66
Fixation R	1	2	2656195977	2656626174	430197	561.28	434.72	17	18	-1	11.32	11.32
Saccade L	1	2	2656626174	2656650186	24012	564.03	438.63	616.59	421.22	1.19	79.51	0.50	49.56	3073.98	-2878.99	2061.29
Saccade R	1	2	2656626174	2656650186	24012	564.03	438.63	616.59	421.22	1.19	79.51	0.50	49.56	3073.98	-2878.99	2061.29
Fixation L	1	3	2656650186	2657022305	372119	642.31	423.23	50	38	-1	11.21	11.21
Fixation R	1	3	2656650186	2657022305	372119	642.31	423.23	50	38	-1	10.94	10.94
Saccade L	1	3	2657022305	2657072304	49999	654.79	442.95	719.16	408.84	1.76	51.41	0.24	35.22	2051.90	-1164.84	964.22
Saccade R	1	3	2657022305	2657072304	49999	654.79	442.95	719.16	408.84	1.76	51.41	0.24	35.22	2051.90	-1164.84	964.22
Fixation L	1	4	2657072304	2657180299	107995	719.61	413.08	8	8	-1	11.26	11.26
Fixation R	1	4	2657072304	2657180299	107995	719.61	413.08	8	8	-1	10.87	10.87
Saccade L	1	4	2657180299	2657220454	40155	721.04	411.12	625.21	415.78	2.10	88.33	0.40	52.25	3585.03	-2980.76	2369.17
Saccade R	1	4	2657180299	2657220454	40155	721.04	411.12	625.21	415.78	2.10	88.33	0.40	52.25	3585.03	-2980.76	2369.17
Fixation L	1	5	2657220454	2657322445	101991	606.71	428.60	31	26	-1	11.26	11.26
Fixation R	1	5	2657220454	2657322445	101991	606.71	428.60	31	26	-1	10.81	10.81
Saccade L	1	5	2657322445	2657347232	24787	602.40	435.00	549.00	435.88	1.22	90.97	0.48	49.31	3488.46	-3302.91	2301.29
Saccade R	1	5	2657322445	2657347232	24787	602.40	435.00	549.00	435.88	1.22	90.97	0.48	49.31	3488.46	-3302.91	2301.29
Fixation L	1	6	2657347232	2657694531	347299	549.03	429.18	43	25	-1	11.56	11.56
Fixation R	1	6	2657347232	2657694531	347299	549.03	429.18	43	25	-1	11.13	11.13
Saccade L	1	6	2657694531	2657716534	22003	567.64	419.09	632.89	426.58	1.38	113.50	0.55	62.53	4550.34	-4593.96	3041.09
Saccade R	1	6	2657694531	2657716534	22003	567.64	419.09	632.89	426.58	1.38	113.50	0.55	62.53	4550.34	-4593.96	3041.09
Fixation L	1	7	2657716534	2657898655	182121	648.45	433.88	28	19	-1	11.96	11.96
Fixation R	1	7	2657716534	2657898655	182121	648.45	433.88	28	19	-1	11.54	11.54
Saccade L	1	7	2657898655	2657937793	39138	661.23	424.06	759.86	400.18	2.40	125.41	0.41	61.29	4987.50	-4588.53	3336.02
Saccade R	1	7	2657898655	2657937793	39138	661.23	424.06	759.86	400.18	2.40	125.41	0.41	61.29	4987.50	-4588.53	3336.02
Fixation L	1	8	2657937793	2658162774	224981	743.81	421.87	33	47	-1	11.85	11.85
Fixation R	1	8	2657937793	2658162774	224981	743.81	421.87	33	47	-1	11.48	11.48
Saccade L	1	8	2658162774	2658192983	30209	735.91	440.43	794.07	439.97	1.21	60.63	0.40	40.05	2608.87	-2282.24	1794.61
Saccade R	1	8	2658162774	2658192983	30209	735.91	440.43	794.07	439.97	1.21	60.63	0.40	40.05	2608.87	-2282.24	1794.61
Fixation L	1	9	2658192983	2658470887	277904	799.10	430.99	28	24	-1	11.68	11.68
Fixation R	1	9	2658192983	2658470887	277904	799.10	430.99	28	24	-1	11.36	11.36
Saccade L	1	9	2658470887	2658505615	34728	813.99	418.69	858.31	435.35	1.19	51.71	0.52	34.32	1626.84	-1981.32	1277.95
Saccade R	1	9	2658470887	2658505615	34728	813.99	418.69	858.31	435.35	1.19	51.71	0.52	34.32	1626.84	-1981.32	1277.95
Fixation L	1	10	2658505615	2658949128	443513	884.14	435.51	53	29	-1	11.94	11.94
Fixation R	1	10	2658505615	2658949128	443513	884.14	435.51	53	29	-1	11.57	11.57
Saccade L	1	10	2658949128	2658980233	31105	907.41	425.17	970.03	425.60	1.37	70.17	0.39	44.18	2792.84	-2569.52	1940.13
Saccade R	1	10	2658949128	2658980233	31105	907.41	425.17	970.03	425.60	1.37	70.17	0.39	44.18	2792.84	-2569.52	1940.13
Fixation L	1	11	2658980233	2659808042	827809	1035.18	419.47	147	32	-1	11.80	11.80
Fixation R	1	11	2658980233	2659808042	827809	1035.18	419.47	147	32	-1	11.49	11.49
Saccade L	1	11	2659808042	2659843490	35448	1099.97	420.68	1162.27	411.31	1.35	59.27	0.44	38.08	2466.08	-1873.64	1573.03
Saccade R	1	11	2659808042	2659843490	35448	1099.97	420.68	1162.27	411.31	1.35	59.27	0.44	38.08	2466.08	-1873.64	1573.03
Fixation L	1	12	2659843490	2660123589	280099	1160.00	414.77	27	22	-1	11.87	11.87
Fixation R	1	12	2659843490	2660123589	280099	1160.00	414.77	27	22	-1	11.68	11.68
Saccade L	1	12	2660123589	2660237707	114118	1162.11	406.78	814.29	960.46	15.48	247.97	0.30	135.66	9234.46	-8645.35	3623.30
Saccade R	1	12	2660123589	2660237707	114118	1162.11	406.78	814.29	960.46	15.48	247.97	0.30	135.66	9234.46	-8645.35	3623.30
Fixation L	1	13	2660237707	2660403827	166120	824.75	958.06	22	25	-1	12.23	12.23
Fixation R	1	13	2660237707	2660403827	166120	824.75	958.06	22	25	-1	11.36	11.36
Saccade L	1	13	2660403827	2660435234	31407	815.39	949.07	865.97	958.64	1.30	62.11	0.57	41.28	2580.08	-1494.10	1531.00
Saccade R	1	13	2660403827	2660435234	31407	815.39	949.07	865.97	958.64	1.30	62.11	0.57	41.28	2580.08	-1494.10	1531.00
Saccade L	1	14	2660437759	2660459833	22074	875.24	960.49	866.16	924.47	0.71	46.23	0.46	32.29	266.03	-1645.62	673.26
Saccade R	1	14	2660437759	2660459833	22074	875.24	960.49	866.16	924.47	0.71	46.23	0.46	32.29	266.03	-1645.62	673.26
Fixation L	1	14	2660459833	2661104060	644227	874.34	938.15	55	55	-1	12.08	12.08
Fixation R	1	14	2660459833	2661104060	644227	874.34	938.15	55	55	-1	11.33	11.33
