[BeGaze]
Converted from:	C:\Program Files\SMI\Experiment Suite 360\Experiment Center 2\Results\RC-Attachment-Exp\deneme-eye_data.idf
Date:	24.02.2012 09:57:38
Version:	BeGaze 3.0.181
Sample Rate:	500
Subject:	deneme
Description:	Run3

Table Header for Fixations:
Event Type	Trial	Number	Start	End	Duration	Location X	Location Y	Dispersion X	Dispersion Y	Plane	Avg. Pupil Size X	Avg. Pupil Size Y

Table Header for Saccades:
Event Type	Trial	Number	Start	End	Duration	Start Loc.X	Start Loc.Y	End Loc.X	End Loc.Y	Amplitude	Peak Speed	Peak Speed At	Average Speed	Peak Accel.	Peak Decel.	Average Accel.

Table Header for Blinks:
Event Type	Trial	Number	Start	End	Duration

Table Header for User Events:
Event Type	Trial	Number	Start	Description

UserEvent	1	1	9031467450	# Message: Questionnaire25.jpg
Fixation L	1	1	9031481624	9031823860	342236	847.61	974.77	26	66	-1	9.80	9.80
Fixation R	1	1	9031481624	9031823860	342236	847.61	974.77	26	66	-1	9.68	9.68
Saccade L	1	1	9031823860	9031865824	41964	844.04	953.88	833.40	1006.39	1.24	47.54	0.77	29.48	1505.84	-738.58	786.02
Saccade R	1	1	9031823860	9031865824	41964	844.04	953.88	833.40	1006.39	1.24	47.54	0.77	29.48	1505.84	-738.58	786.02
Saccade L	1	2	9031865824	9031893836	28012	833.40	1006.39	851.48	960.56	0.99	52.82	0.43	35.44	2734.13	-1367.70	837.24
Saccade R	1	2	9031865824	9031893836	28012	833.40	1006.39	851.48	960.56	0.99	52.82	0.43	35.44	2734.13	-1367.70	837.24
Fixation L	1	2	9032003205	9032111946	108741	428.86	504.43	31	14	-1	9.55	9.55
Fixation R	1	2	9032003205	9032111946	108741	428.86	504.43	31	14	-1	9.03	9.03
Saccade L	1	3	9032111946	9032162335	50389	438.67	504.36	381.48	452.62	1.97	99.47	0.24	39.06	3850.58	-3393.38	1821.56
Saccade R	1	3	9032111946	9032162335	50389	438.67	504.36	381.48	452.62	1.97	99.47	0.24	39.06	3850.58	-3393.38	1821.56
Fixation L	1	3	9032162335	9032424067	261732	390.40	441.48	18	25	-1	9.46	9.46
Fixation R	1	3	9032162335	9032424067	261732	390.40	441.48	18	25	-1	8.98	8.98
Saccade L	1	4	9032424067	9032464051	39984	385.75	445.41	429.93	365.02	2.06	105.70	0.40	51.40	4246.41	-3866.22	2734.48
Saccade R	1	4	9032424067	9032464051	39984	385.75	445.41	429.93	365.02	2.06	105.70	0.40	51.40	4246.41	-3866.22	2734.48
Fixation L	1	4	9032464051	9032632168	168117	415.72	366.70	22	23	-1	9.73	9.73
Fixation R	1	4	9032464051	9032632168	168117	415.72	366.70	22	23	-1	9.16	9.16
Saccade L	1	5	9032632168	9032668171	36003	419.57	381.57	542.08	364.05	2.76	174.74	0.56	76.69	7279.68	-7401.87	5069.12
Saccade R	1	5	9032632168	9032668171	36003	419.57	381.57	542.08	364.05	2.76	174.74	0.56	76.69	7279.68	-7401.87	5069.12
Fixation L	1	5	9032668171	9032798168	129997	540.45	368.22	20	12	-1	9.79	9.79
Fixation R	1	5	9032668171	9032798168	129997	540.45	368.22	20	12	-1	9.28	9.28
Saccade L	1	6	9032798168	9032848310	50142	529.42	374.10	642.31	367.58	2.46	133.38	0.73	49.11	4866.45	-5443.23	2658.20
Saccade R	1	6	9032798168	9032848310	50142	529.42	374.10	642.31	367.58	2.46	133.38	0.73	49.11	4866.45	-5443.23	2658.20
Fixation L	1	6	9032848310	9033040315	192005	638.71	373.48	19	17	-1	9.94	9.94
Fixation R	1	6	9032848310	9033040315	192005	638.71	373.48	19	17	-1	9.38	9.38
Saccade L	1	7	9033040315	9033070283	29968	639.34	372.56	720.29	363.66	1.86	113.47	0.53	62.14	4682.10	-4827.71	3552.25
Saccade R	1	7	9033040315	9033070283	29968	639.34	372.56	720.29	363.66	1.86	113.47	0.53	62.14	4682.10	-4827.71	3552.25
Saccade L	1	8	9033114283	9033148441	34158	726.33	358.56	855.71	356.83	2.87	185.20	0.53	83.91	7741.18	-7820.45	5640.71
Saccade R	1	8	9033114283	9033148441	34158	726.33	358.56	855.71	356.83	2.87	185.20	0.53	83.91	7741.18	-7820.45	5640.71
Fixation L	1	7	9033148441	9033272403	123962	852.62	353.69	13	18	-1	9.96	9.96
Fixation R	1	7	9033148441	9033272403	123962	852.62	353.69	13	18	-1	9.59	9.59
Saccade L	1	9	9033272403	9033338431	66028	859.96	363.17	424.40	457.71	10.22	434.75	0.42	154.76	17879.89	-16699.32	9633.05
Saccade R	1	9	9033272403	9033338431	66028	859.96	363.17	424.40	457.71	10.22	434.75	0.42	154.76	17879.89	-16699.32	9633.05
Fixation L	1	8	9033338431	9033464555	126124	423.97	453.11	16	24	-1	10.13	10.13
Fixation R	1	8	9033338431	9033464555	126124	423.97	453.11	16	24	-1	9.52	9.52
Saccade L	1	10	9033464555	9033506562	42007	413.83	466.79	377.34	443.93	1.07	41.92	0.48	25.41	924.81	-1408.81	698.64
Saccade R	1	10	9033464555	9033506562	42007	413.83	466.79	377.34	443.93	1.07	41.92	0.48	25.41	924.81	-1408.81	698.64
Fixation L	1	9	9033506562	9034859199	1352637	383.99	463.66	21	37	-1	10.14	10.14
Fixation R	1	9	9033506562	9034859199	1352637	383.99	463.66	21	37	-1	9.57	9.57
UserEvent	1	60	9034154212	# Message: UE-mouseclick left x=361 y=462
UserEvent	1	78	9034778212	# Message: UE-mouseclick left x=382 y=515
