[BeGaze]
Converted from:	C:\Program Files\SMI\Experiment Suite 360\Experiment Center 2\Results\RC-Attachment-Exp\P32-eye_data.idf
Date:	18.03.2012 20:28:38
Version:	BeGaze 3.0.181
Sample Rate:	500
Subject:	P32
Description:	Run37

Table Header for Fixations:
Event Type	Trial	Number	Start	End	Duration	Location X	Location Y	Dispersion X	Dispersion Y	Plane	Avg. Pupil Size X	Avg. Pupil Size Y

Table Header for Saccades:
Event Type	Trial	Number	Start	End	Duration	Start Loc.X	Start Loc.Y	End Loc.X	End Loc.Y	Amplitude	Peak Speed	Peak Speed At	Average Speed	Peak Accel.	Peak Decel.	Average Accel.

Table Header for Blinks:
Event Type	Trial	Number	Start	End	Duration

Table Header for User Events:
Event Type	Trial	Number	Start	Description

UserEvent	1	1	6162306418	# Message: Dist-srthm-27.jpg
Fixation L	1	1	6162308945	6163214663	905718	502.71	439.20	59	52	-1	13.47	13.47
Fixation R	1	1	6162308945	6163214663	905718	502.71	439.20	59	52	-1	14.34	14.34
Saccade L	1	1	6163214663	6163252633	37970	529.33	444.96	592.71	442.54	1.38	63.40	0.32	36.38	2367.58	-1829.53	1423.47
Saccade R	1	1	6163214663	6163252633	37970	529.33	444.96	592.71	442.54	1.38	63.40	0.32	36.38	2367.58	-1829.53	1423.47
Fixation L	1	2	6163252633	6163388752	136119	595.06	448.66	19	11	-1	13.93	13.93
Fixation R	1	2	6163252633	6163388752	136119	595.06	448.66	19	11	-1	14.74	14.74
Saccade L	1	2	6163388752	6163410754	22002	582.33	449.08	544.32	461.11	0.88	61.15	0.45	40.14	2211.82	-2240.52	1489.11
Saccade R	1	2	6163388752	6163410754	22002	582.33	449.08	544.32	461.11	0.88	61.15	0.45	40.14	2211.82	-2240.52	1489.11
Fixation L	1	3	6163410754	6163516748	105994	528.56	453.15	23	18	-1	13.92	13.92
Fixation R	1	3	6163410754	6163516748	105994	528.56	453.15	23	18	-1	14.77	14.77
Saccade L	1	3	6163516748	6163544750	28002	521.05	440.90	572.72	433.53	1.07	59.41	0.36	38.35	2401.24	-2044.58	1572.22
Saccade R	1	3	6163516748	6163544750	28002	521.05	440.90	572.72	433.53	1.07	59.41	0.36	38.35	2401.24	-2044.58	1572.22
Fixation L	1	4	6163544750	6163648869	104119	574.97	452.46	6	35	-1	13.81	13.81
Fixation R	1	4	6163544750	6163648869	104119	574.97	452.46	6	35	-1	14.72	14.72
Saccade L	1	4	6163648869	6163686874	38005	579.21	469.08	682.75	443.10	2.31	110.39	0.42	60.75	4747.22	-4266.72	3247.79
Saccade R	1	4	6163648869	6163686874	38005	579.21	469.08	682.75	443.10	2.31	110.39	0.42	60.75	4747.22	-4266.72	3247.79
Fixation L	1	5	6163686874	6164209115	522241	690.64	444.16	71	41	-1	14.11	14.11
Fixation R	1	5	6163686874	6164209115	522241	690.64	444.16	71	41	-1	14.98	14.98
Saccade L	1	5	6164209115	6164235101	25986	728.49	445.41	794.18	439.75	1.39	88.70	0.46	53.61	3310.04	-3532.40	2470.81
Saccade R	1	5	6164209115	6164235101	25986	728.49	445.41	794.18	439.75	1.39	88.70	0.46	53.61	3310.04	-3532.40	2470.81
Fixation L	1	6	6164235101	6164449452	214351	785.32	431.91	29	25	-1	14.24	14.24
Fixation R	1	6	6164235101	6164449452	214351	785.32	431.91	29	25	-1	15.07	15.07
Saccade L	1	6	6164449452	6164475235	25783	792.18	436.12	838.69	429.95	0.93	50.67	0.38	35.91	1452.75	-1877.48	1218.91
Saccade R	1	6	6164449452	6164475235	25783	792.18	436.12	838.69	429.95	0.93	50.67	0.38	35.91	1452.75	-1877.48	1218.91
Fixation L	1	7	6164475235	6164939469	464234	834.51	426.46	39	34	-1	14.36	14.36
Fixation R	1	7	6164475235	6164939469	464234	834.51	426.46	39	34	-1	15.09	15.09
Saccade L	1	7	6164939469	6164967454	27985	851.32	415.44	821.26	440.83	0.86	43.69	0.64	30.78	2803.02	-90.32	1031.68
Saccade R	1	7	6164939469	6164967454	27985	851.32	415.44	821.26	440.83	0.86	43.69	0.64	30.78	2803.02	-90.32	1031.68
Saccade L	1	8	6164967454	6164993575	26121	821.26	440.83	897.56	443.40	1.63	120.96	0.46	62.56	3207.14	-4097.32	2622.35
Saccade R	1	8	6164967454	6164993575	26121	821.26	440.83	897.56	443.40	1.63	120.96	0.46	62.56	3207.14	-4097.32	2622.35
Fixation L	1	8	6164993575	6165139447	145872	893.88	431.43	24	28	-1	14.43	14.43
Fixation R	1	8	6164993575	6165139447	145872	893.88	431.43	24	28	-1	15.04	15.04
Blink L	1	1	6165149445	6165299628	150183
Blink R	1	1	6165149445	6165299628	150183
Fixation L	1	9	6165299628	6165524610	224982	940.48	443.31	42	41	-1	14.41	14.41
Fixation R	1	9	6165299628	6165524610	224982	940.48	443.31	42	41	-1	14.85	14.85
Saccade L	1	9	6165524610	6165559835	35225	958.43	441.76	1037.31	451.87	1.72	85.18	0.54	48.69	3103.29	-3494.30	2363.89
Saccade R	1	9	6165524610	6165559835	35225	958.43	441.76	1037.31	451.87	1.72	85.18	0.54	48.69	3103.29	-3494.30	2363.89
Fixation L	1	10	6165559835	6165811795	251960	1044.63	447.07	27	32	-1	14.51	14.51
Fixation R	1	10	6165559835	6165811795	251960	1044.63	447.07	27	32	-1	15.12	15.12
Saccade L	1	10	6165811795	6165839878	28083	1035.70	449.19	1062.56	414.27	0.98	51.23	0.57	34.85	1613.76	-1437.23	1094.70
Saccade R	1	10	6165811795	6165839878	28083	1035.70	449.19	1062.56	414.27	0.98	51.23	0.57	34.85	1613.76	-1437.23	1094.70
Saccade L	1	11	6165851798	6165889793	37995	1067.09	408.36	1057.76	437.87	3.07	132.45	0.32	80.85	6724.54	-1892.18	2667.52
Saccade R	1	11	6165851798	6165889793	37995	1067.09	408.36	1057.76	437.87	3.07	132.45	0.32	80.85	6724.54	-1892.18	2667.52
Blink L	1	2	6165889793	6166292896	403103
Blink R	1	2	6165889793	6166292896	403103
Saccade L	1	12	6166311128	6166391404	80276	893.42	963.79	863.75	937.10	3.02	80.06	0.51	37.64	2001.28	-1759.42	870.37
Saccade R	1	12	6166311128	6166391404	80276	893.42	963.79	863.75	937.10	3.02	80.06	0.51	37.64	2001.28	-1759.42	870.37
Fixation L	1	11	6166391404	6166574644	183240	889.19	949.90	53	55	-1	15.42	15.42
Fixation R	1	11	6166391404	6166574644	183240	889.19	949.90	53	55	-1	15.36	15.36
Saccade L	1	13	6166636146	6166666417	30271	904.85	961.09	914.31	950.54	1.24	62.06	0.35	40.99	2111.40	-1689.41	1249.62
Saccade R	1	13	6166636146	6166666417	30271	904.85	961.09	914.31	950.54	1.24	62.06	0.35	40.99	2111.40	-1689.41	1249.62
Fixation L	1	12	6166666417	6166788272	121855	917.53	961.06	20	44	-1	15.47	15.47
Fixation R	1	12	6166666417	6166788272	121855	917.53	961.06	20	44	-1	16.10	16.10
