[BeGaze]
Converted from:	C:\Program Files\SMI\Experiment Suite 360\Experiment Center 2\Results\RC-Attachment-Exp\P25-eye_data.idf
Date:	18.03.2012 20:20:47
Version:	BeGaze 3.0.181
Sample Rate:	500
Subject:	P25
Description:	Run30

Table Header for Fixations:
Event Type	Trial	Number	Start	End	Duration	Location X	Location Y	Dispersion X	Dispersion Y	Plane	Avg. Pupil Size X	Avg. Pupil Size Y

Table Header for Saccades:
Event Type	Trial	Number	Start	End	Duration	Start Loc.X	Start Loc.Y	End Loc.X	End Loc.Y	Amplitude	Peak Speed	Peak Speed At	Average Speed	Peak Accel.	Peak Decel.	Average Accel.

Table Header for Blinks:
Event Type	Trial	Number	Start	End	Duration

Table Header for User Events:
Event Type	Trial	Number	Start	Description

UserEvent	1	1	11234077144	# Message: RC-N1forced-anim-6.jpg
Fixation L	1	1	11234087287	11234720645	633358	499.40	454.92	28	33	-1	13.15	13.15
Fixation R	1	1	11234087287	11234720645	633358	499.40	454.92	28	33	-1	13.15	13.15
Saccade L	1	1	11234720645	11234741627	20982	508.15	460.75	579.51	453.20	1.41	119.62	0.52	66.97	4580.79	-4440.95	3112.33
Saccade R	1	1	11234720645	11234741627	20982	508.15	460.75	579.51	453.20	1.41	119.62	0.52	66.97	4580.79	-4440.95	3112.33
Fixation L	1	2	11234741627	11234883624	141997	566.59	451.85	21	6	-1	13.19	13.19
Fixation R	1	2	11234741627	11234883624	141997	566.59	451.85	21	6	-1	13.25	13.25
Saccade L	1	2	11234883624	11234909682	26058	562.69	449.84	631.08	466.62	1.54	103.86	0.54	59.05	4163.73	-4023.53	2899.77
Saccade R	1	2	11234883624	11234909682	26058	562.69	449.84	631.08	466.62	1.54	103.86	0.54	59.05	4163.73	-4023.53	2899.77
Fixation L	1	3	11234909682	11235077758	168076	648.88	462.95	33	18	-1	13.22	13.22
Fixation R	1	3	11234909682	11235077758	168076	648.88	462.95	33	18	-1	13.39	13.39
Saccade L	1	3	11235077758	11235101791	24033	641.57	467.49	746.25	467.14	2.26	168.57	0.52	94.10	6596.44	-6838.10	4760.88
Saccade R	1	3	11235077758	11235101791	24033	641.57	467.49	746.25	467.14	2.26	168.57	0.52	94.10	6596.44	-6838.10	4760.88
Fixation L	1	4	11235101791	11235281855	180064	746.41	463.68	27	22	-1	12.98	12.98
Fixation R	1	4	11235101791	11235281855	180064	746.41	463.68	27	22	-1	13.26	13.26
Saccade L	1	4	11235281855	11235303856	22001	762.14	463.54	839.54	460.86	1.55	120.45	0.45	70.64	4523.66	-4644.91	3212.31
Saccade R	1	4	11235281855	11235303856	22001	762.14	463.54	839.54	460.86	1.55	120.45	0.45	70.64	4523.66	-4644.91	3212.31
Fixation L	1	5	11235303856	11235610018	306162	830.52	448.10	26	31	-1	12.70	12.70
Fixation R	1	5	11235303856	11235610018	306162	830.52	448.10	26	31	-1	13.02	13.02
Saccade L	1	5	11235610018	11235634503	24485	825.92	440.98	907.85	441.74	1.72	130.28	0.49	70.24	5185.81	-5043.76	3613.47
Saccade R	1	5	11235610018	11235634503	24485	825.92	440.98	907.85	441.74	1.72	130.28	0.49	70.24	5185.81	-5043.76	3613.47
Fixation L	1	6	11235634503	11235768110	133607	894.67	445.45	22	28	-1	12.46	12.46
Fixation R	1	6	11235634503	11235768110	133607	894.67	445.45	22	28	-1	13.04	13.04
Blink L	1	1	11235768110	11235927325	159215
Blink R	1	1	11235768110	11235927325	159215
Fixation L	1	7	11235927325	11236112686	185361	963.18	428.50	31	65	-1	12.48	12.48
Fixation R	1	7	11235927325	11236112686	185361	963.18	428.50	31	65	-1	12.79	12.79
Saccade L	1	6	11236112686	11236142540	29854	968.38	439.00	1000.24	423.03	1.01	49.80	0.59	33.69	1533.68	-1720.24	1146.89
Saccade R	1	6	11236112686	11236142540	29854	968.38	439.00	1000.24	423.03	1.01	49.80	0.59	33.69	1533.68	-1720.24	1146.89
Fixation L	1	8	11236142540	11236282318	139778	1012.77	435.65	20	23	-1	12.44	12.44
Fixation R	1	8	11236142540	11236282318	139778	1012.77	435.65	20	23	-1	13.00	13.00
Saccade L	1	7	11236282318	11236314334	32016	1012.26	421.19	1113.66	444.82	2.50	154.39	0.57	78.19	5900.77	-6123.72	4360.80
Saccade R	1	7	11236282318	11236314334	32016	1012.26	421.19	1113.66	444.82	2.50	154.39	0.57	78.19	5900.77	-6123.72	4360.80
Fixation L	1	9	11236314334	11236517669	203335	1098.76	433.48	39	25	-1	12.40	12.40
Fixation R	1	9	11236314334	11236517669	203335	1098.76	433.48	39	25	-1	12.89	12.89
Saccade L	1	8	11236517669	11236542443	24774	1104.09	443.45	1009.20	438.15	1.93	145.57	0.52	77.86	5619.94	-5520.30	4019.94
Saccade R	1	8	11236517669	11236542443	24774	1104.09	443.45	1009.20	438.15	1.93	145.57	0.52	77.86	5619.94	-5520.30	4019.94
Fixation L	1	10	11236542443	11236786518	244075	1009.69	448.92	26	44	-1	12.57	12.57
Fixation R	1	10	11236542443	11236786518	244075	1009.69	448.92	26	44	-1	12.85	12.85
Saccade L	1	9	11236786518	11236812570	26052	1001.69	464.14	1075.60	459.85	1.76	128.57	0.54	67.43	5202.53	-4990.01	3530.84
Saccade R	1	9	11236786518	11236812570	26052	1001.69	464.14	1075.60	459.85	1.76	128.57	0.54	67.43	5202.53	-4990.01	3530.84
Fixation L	1	11	11236812570	11236998553	185983	1086.77	454.09	28	20	-1	12.78	12.78
Fixation R	1	11	11236812570	11236998553	185983	1086.77	454.09	28	20	-1	13.11	13.11
Blink L	1	2	11236998553	11237261501	262948
Blink R	1	2	11236998553	11237261501	262948
Fixation L	1	12	11237261501	11237330928	69427	907.82	866.78	23	14	-1	13.30	13.30
Fixation R	1	12	11237261501	11237330928	69427	907.82	866.78	23	14	-1	13.88	13.88
Saccade L	1	10	11237330928	11237383555	52627	908.31	875.69	900.13	928.27	2.95	136.60	0.30	56.08	5075.44	-3800.16	2598.12
Saccade R	1	10	11237330928	11237383555	52627	908.31	875.69	900.13	928.27	2.95	136.60	0.30	56.08	5075.44	-3800.16	2598.12
Fixation L	1	13	11237383555	11237871024	487469	899.83	945.31	35	46	-1	13.19	13.19
Fixation R	1	13	11237383555	11237871024	487469	899.83	945.31	35	46	-1	13.78	13.78
