[BeGaze]
Converted from:	C:\Program Files\SMI\Experiment Suite 360\Experiment Center 2\Results\RC-Attachment-Exp\P35-eye_data.idf
Date:	18.03.2012 20:32:24
Version:	BeGaze 3.0.181
Sample Rate:	500
Subject:	P35
Description:	Run40

Table Header for Fixations:
Event Type	Trial	Number	Start	End	Duration	Location X	Location Y	Dispersion X	Dispersion Y	Plane	Avg. Pupil Size X	Avg. Pupil Size Y

Table Header for Saccades:
Event Type	Trial	Number	Start	End	Duration	Start Loc.X	Start Loc.Y	End Loc.X	End Loc.Y	Amplitude	Peak Speed	Peak Speed At	Average Speed	Peak Accel.	Peak Decel.	Average Accel.

Table Header for Blinks:
Event Type	Trial	Number	Start	End	Duration

Table Header for User Events:
Event Type	Trial	Number	Start	Description

UserEvent	1	1	2220255419	# Message: RC-N1forced-nonanim-4.jpg
Fixation L	1	1	2220259160	2220788390	529230	507.67	439.83	24	24	-1	11.43	11.43
Fixation R	1	1	2220259160	2220788390	529230	507.67	439.83	24	24	-1	11.66	11.66
Saccade L	1	1	2220788390	2220826391	38001	499.37	444.49	576.15	437.23	1.68	90.15	0.37	44.26	3395.56	-3076.74	2217.84
Saccade R	1	1	2220788390	2220826391	38001	499.37	444.49	576.15	437.23	1.68	90.15	0.37	44.26	3395.56	-3076.74	2217.84
Fixation L	1	2	2220826391	2220968520	142129	571.96	443.26	14	15	-1	11.47	11.47
Fixation R	1	2	2220826391	2220968520	142129	571.96	443.26	14	15	-1	11.66	11.66
Saccade L	1	2	2220968520	2220996516	27996	570.64	447.43	626.74	436.00	1.23	75.93	0.43	43.82	2945.66	-2874.60	2100.41
Saccade R	1	2	2220968520	2220996516	27996	570.64	447.43	626.74	436.00	1.23	75.93	0.43	43.82	2945.66	-2874.60	2100.41
Fixation L	1	3	2220996516	2221252674	256158	626.14	442.25	22	24	-1	11.42	11.42
Fixation R	1	3	2220996516	2221252674	256158	626.14	442.25	22	24	-1	11.77	11.77
Saccade L	1	3	2221252674	2221284657	31983	637.31	455.63	581.98	464.76	1.21	67.98	0.37	37.72	2747.71	-2223.66	1705.83
Saccade R	1	3	2221252674	2221284657	31983	637.31	455.63	581.98	464.76	1.21	67.98	0.37	37.72	2747.71	-2223.66	1705.83
Fixation L	1	4	2221284657	2221398627	113970	575.23	448.57	11	27	-1	11.34	11.34
Fixation R	1	4	2221284657	2221398627	113970	575.23	448.57	11	27	-1	11.69	11.69
Saccade L	1	4	2221398627	2221442751	44124	578.41	445.43	694.96	454.45	2.57	124.71	0.33	58.25	5396.30	-4460.30	3101.91
Saccade R	1	4	2221398627	2221442751	44124	578.41	445.43	694.96	454.45	2.57	124.71	0.33	58.25	5396.30	-4460.30	3101.91
Fixation L	1	5	2221442751	2221646768	204017	701.98	458.41	17	20	-1	11.42	11.42
Fixation R	1	5	2221442751	2221646768	204017	701.98	458.41	17	20	-1	11.80	11.80
Saccade L	1	5	2221646768	2221682872	36104	699.92	463.82	778.59	449.07	1.75	91.85	0.39	48.39	3876.94	-3346.46	2537.89
Saccade R	1	5	2221646768	2221682872	36104	699.92	463.82	778.59	449.07	1.75	91.85	0.39	48.39	3876.94	-3346.46	2537.89
Fixation L	1	6	2221682872	2221819771	136899	778.98	450.75	14	21	-1	11.48	11.48
Fixation R	1	6	2221682872	2221819771	136899	778.98	450.75	14	21	-1	11.84	11.84
Saccade L	1	6	2221819771	2221850865	31094	774.92	454.10	855.10	456.37	1.68	101.15	0.49	54.04	3929.86	-3981.78	2901.30
Saccade R	1	6	2221819771	2221850865	31094	774.92	454.10	855.10	456.37	1.68	101.15	0.49	54.04	3929.86	-3981.78	2901.30
Fixation L	1	7	2221850865	2222046993	196128	862.78	455.58	13	15	-1	11.38	11.38
Fixation R	1	7	2221850865	2222046993	196128	862.78	455.58	13	15	-1	11.90	11.90
Saccade L	1	7	2222046993	2222078990	31997	858.12	450.74	920.00	431.36	1.39	79.20	0.37	43.31	3097.61	-2869.26	2132.81
Saccade R	1	7	2222046993	2222078990	31997	858.12	450.74	920.00	431.36	1.39	79.20	0.37	43.31	3097.61	-2869.26	2132.81
Fixation L	1	8	2222078990	2222373893	294903	922.53	441.87	23	21	-1	11.53	11.53
Fixation R	1	8	2222078990	2222373893	294903	922.53	441.87	23	21	-1	11.70	11.70
Saccade L	1	8	2222373893	2222403160	29267	931.11	440.88	1016.52	435.37	1.82	121.01	0.45	62.24	4941.89	-4887.78	3554.91
Saccade R	1	8	2222373893	2222403160	29267	931.11	440.88	1016.52	435.37	1.82	121.01	0.45	62.24	4941.89	-4887.78	3554.91
Fixation L	1	9	2222403160	2222611325	208165	1014.95	445.08	14	23	-1	11.39	11.39
Fixation R	1	9	2222403160	2222611325	208165	1014.95	445.08	14	23	-1	11.76	11.76
Saccade L	1	9	2222611325	2222645229	33904	1008.89	454.78	1137.91	445.52	2.84	151.81	0.47	83.68	6696.11	-6366.77	4859.03
Saccade R	1	9	2222611325	2222645229	33904	1008.89	454.78	1137.91	445.52	2.84	151.81	0.47	83.68	6696.11	-6366.77	4859.03
Fixation L	1	10	2222645229	2223235465	590236	1143.69	441.70	30	23	-1	11.30	11.30
Fixation R	1	10	2222645229	2223235465	590236	1143.69	441.70	30	23	-1	11.74	11.74
Fixation L	1	11	2223327593	2223549595	222002	828.65	978.58	33	28	-1	11.58	11.58
Fixation R	1	11	2223327593	2223549595	222002	828.65	978.58	33	28	-1	12.00	12.00
Saccade L	1	10	2223549595	2223579719	30124	819.84	979.41	865.41	965.14	1.00	53.23	0.47	33.13	2098.82	-2090.23	1505.99
Saccade R	1	10	2223549595	2223579719	30124	819.84	979.41	865.41	965.14	1.00	53.23	0.47	33.13	2098.82	-2090.23	1505.99
Fixation L	1	12	2223579719	2223797714	217995	860.30	983.00	18	46	-1	11.53	11.53
Fixation R	1	12	2223579719	2223797714	217995	860.30	983.00	18	46	-1	12.02	12.02
