[BeGaze]
Converted from:	C:\Program Files\SMI\Experiment Suite 360\Experiment Center 2\Results\RC-Attachment-Exp\P29-eye_data.idf
Date:	18.03.2012 20:24:58
Version:	BeGaze 3.0.181
Sample Rate:	500
Subject:	P29
Description:	Run34

Table Header for Fixations:
Event Type	Trial	Number	Start	End	Duration	Location X	Location Y	Dispersion X	Dispersion Y	Plane	Avg. Pupil Size X	Avg. Pupil Size Y

Table Header for Saccades:
Event Type	Trial	Number	Start	End	Duration	Start Loc.X	Start Loc.Y	End Loc.X	End Loc.Y	Amplitude	Peak Speed	Peak Speed At	Average Speed	Peak Accel.	Peak Decel.	Average Accel.

Table Header for Blinks:
Event Type	Trial	Number	Start	End	Duration

Table Header for User Events:
Event Type	Trial	Number	Start	Description

UserEvent	1	1	3544558362	# Message: Questionnaire19.jpg
Fixation L	1	1	3544566306	3544953662	387356	904.49	942.50	35	30	-1	10.89	10.89
Fixation R	1	1	3544566306	3544953662	387356	904.49	942.50	35	30	-1	11.08	11.08
Saccade L	1	1	3544953662	3545021658	67996	900.75	955.17	549.16	382.87	15.70	559.69	0.27	230.93	24825.84	-15976.70	12301.64
Saccade R	1	1	3544953662	3545021658	67996	900.75	955.17	549.16	382.87	15.70	559.69	0.27	230.93	24825.84	-15976.70	12301.64
Fixation L	1	2	3545021658	3545201825	180167	559.67	387.15	28	20	-1	11.18	11.18
Fixation R	1	2	3545021658	3545201825	180167	559.67	387.15	28	20	-1	11.31	11.31
Saccade L	1	2	3545201825	3545229799	27974	572.25	399.84	491.11	361.86	1.90	123.95	0.57	67.89	4773.10	-5077.48	3573.97
Saccade R	1	2	3545201825	3545229799	27974	572.25	399.84	491.11	361.86	1.90	123.95	0.57	67.89	4773.10	-5077.48	3573.97
Fixation L	1	3	3545229799	3545387770	157971	492.15	370.21	30	27	-1	11.15	11.15
Fixation R	1	3	3545229799	3545387770	157971	492.15	370.21	30	27	-1	11.36	11.36
Saccade L	1	3	3545387770	3545415771	28001	506.61	364.30	698.03	360.47	4.03	268.63	0.51	143.81	11315.53	-11447.54	8277.36
Saccade R	1	3	3545387770	3545415771	28001	506.61	364.30	698.03	360.47	4.03	268.63	0.51	143.81	11315.53	-11447.54	8277.36
Fixation L	1	4	3545415771	3545604195	188424	691.68	359.00	27	23	-1	11.22	11.22
Fixation R	1	4	3545415771	3545604195	188424	691.68	359.00	27	23	-1	11.53	11.53
Saccade L	1	4	3545604195	3545629890	25695	710.05	368.63	842.37	365.73	2.86	231.26	0.53	111.49	9037.78	-8871.12	6401.54
Saccade R	1	4	3545604195	3545629890	25695	710.05	368.63	842.37	365.73	2.86	231.26	0.53	111.49	9037.78	-8871.12	6401.54
Fixation L	1	5	3545629890	3545814017	184127	855.08	361.58	45	26	-1	11.14	11.14
Fixation R	1	5	3545629890	3545814017	184127	855.08	361.58	45	26	-1	11.51	11.51
Saccade L	1	5	3545814017	3545838012	23995	861.52	349.62	987.35	359.88	2.60	201.87	0.50	108.46	8467.39	-7936.39	5676.36
Saccade R	1	5	3545814017	3545838012	23995	861.52	349.62	987.35	359.88	2.60	201.87	0.50	108.46	8467.39	-7936.39	5676.36
Fixation L	1	6	3545838012	3546064145	226133	978.12	361.68	31	20	-1	11.27	11.27
Fixation R	1	6	3545838012	3546064145	226133	978.12	361.68	31	20	-1	11.59	11.59
Saccade L	1	6	3546064145	3546100136	35991	978.35	355.86	1138.26	360.55	3.51	188.98	0.39	97.56	7887.89	-7553.01	5582.05
Saccade R	1	6	3546064145	3546100136	35991	978.35	355.86	1138.26	360.55	3.51	188.98	0.39	97.56	7887.89	-7553.01	5582.05
Fixation L	1	7	3546100136	3546249664	149528	1154.80	366.14	24	11	-1	11.36	11.36
Fixation R	1	7	3546100136	3546249664	149528	1154.80	366.14	24	11	-1	11.72	11.72
Saccade L	1	7	3546249664	3546276929	27265	1162.04	360.01	934.43	349.83	4.73	333.45	0.46	173.44	14713.03	-13837.37	10339.91
Saccade R	1	7	3546249664	3546276929	27265	1162.04	360.01	934.43	349.83	4.73	333.45	0.46	173.44	14713.03	-13837.37	10339.91
Fixation L	1	8	3546276929	3546700377	423448	928.03	358.79	42	24	-1	11.55	11.55
Fixation R	1	8	3546276929	3546700377	423448	928.03	358.79	42	24	-1	11.85	11.85
Saccade L	1	8	3546700377	3546729311	28934	916.65	370.80	1018.45	372.16	2.25	149.84	0.48	77.71	6247.02	-6336.62	4595.10
Saccade R	1	8	3546700377	3546729311	28934	916.65	370.80	1018.45	372.16	2.25	149.84	0.48	77.71	6247.02	-6336.62	4595.10
Fixation L	1	9	3546729311	3546908499	179188	1021.23	371.69	21	13	-1	11.95	11.95
Fixation R	1	9	3546729311	3546908499	179188	1021.23	371.69	21	13	-1	12.20	12.20
Saccade L	1	9	3546908499	3546985383	76884	1026.45	366.26	350.48	489.97	17.50	465.27	0.23	227.61	20721.55	-14631.69	10625.04
Saccade R	1	9	3546908499	3546985383	76884	1026.45	366.26	350.48	489.97	17.50	465.27	0.23	227.61	20721.55	-14631.69	10625.04
Fixation L	1	10	3546985383	3548217137	1231754	336.90	494.45	42	41	-1	11.86	11.86
Fixation R	1	10	3546985383	3548217137	1231754	336.90	494.45	42	41	-1	12.05	12.05
UserEvent	1	87	3547942147	# Message: UE-mouseclick left x=358 y=476
Saccade L	1	10	3548217137	3548251100	33963	338.43	495.45	339.71	548.66	1.22	53.10	0.53	35.81	1994.44	-1336.49	1187.27
Saccade R	1	10	3548217137	3548251100	33963	338.43	495.45	339.71	548.66	1.22	53.10	0.53	35.81	1994.44	-1336.49	1187.27
Fixation L	1	11	3548251100	3548692033	440933	361.68	547.49	44	46	-1	11.68	11.68
Fixation R	1	11	3548251100	3548692033	440933	361.68	547.49	44	46	-1	11.83	11.83
UserEvent	1	105	3548606210	# Message: UE-mouseclick left x=382 y=523
