[BeGaze]
Converted from:	C:\Program Files\SMI\Experiment Suite 360\Experiment Center 2\Results\RC-Attachment-Exp\P24-eye_data.idf
Date:	18.03.2012 20:19:45
Version:	BeGaze 3.0.181
Sample Rate:	500
Subject:	P24
Description:	Run29

Table Header for Fixations:
Event Type	Trial	Number	Start	End	Duration	Location X	Location Y	Dispersion X	Dispersion Y	Plane	Avg. Pupil Size X	Avg. Pupil Size Y

Table Header for Saccades:
Event Type	Trial	Number	Start	End	Duration	Start Loc.X	Start Loc.Y	End Loc.X	End Loc.Y	Amplitude	Peak Speed	Peak Speed At	Average Speed	Peak Accel.	Peak Decel.	Average Accel.

Table Header for Blinks:
Event Type	Trial	Number	Start	End	Duration

Table Header for User Events:
Event Type	Trial	Number	Start	Description

UserEvent	1	1	10409000726	# Message: RC-N1forced-anim-6.jpg
Fixation L	1	1	10409040947	10409303032	262085	487.14	439.05	16	23	-1	13.98	13.98
Fixation R	1	1	10409040947	10409303032	262085	487.14	439.05	16	23	-1	13.07	13.07
Saccade L	1	1	10409303032	10409335020	31988	488.31	439.16	567.81	433.63	1.65	96.63	0.38	51.59	3901.21	-3579.46	2619.47
Saccade R	1	1	10409303032	10409335020	31988	488.31	439.16	567.81	433.63	1.65	96.63	0.38	51.59	3901.21	-3579.46	2619.47
Fixation L	1	2	10409335020	10409495049	160029	565.48	437.56	15	21	-1	13.93	13.93
Fixation R	1	2	10409335020	10409495049	160029	565.48	437.56	15	21	-1	13.12	13.12
Saccade L	1	2	10409495049	10409527047	31998	556.75	435.75	668.90	439.98	2.27	138.64	0.38	71.09	5539.97	-5252.12	3666.21
Saccade R	1	2	10409495049	10409527047	31998	556.75	435.75	668.90	439.98	2.27	138.64	0.38	71.09	5539.97	-5252.12	3666.21
Fixation L	1	3	10409527047	10409697173	170126	657.07	419.60	678	442	-1	13.69	13.69
Fixation R	1	3	10409527047	10409697173	170126	657.07	419.60	678	442	-1	13.07	13.07
Saccade L	1	3	10409697173	10409731136	33963	672.13	433.07	747.64	438.87	1.65	90.14	0.35	48.53	3723.27	-3177.18	2397.95
Saccade R	1	3	10409697173	10409731136	33963	672.13	433.07	747.64	438.87	1.65	90.14	0.35	48.53	3723.27	-3177.18	2397.95
Fixation L	1	4	10409731136	10409859265	128129	751.16	436.45	12	13	-1	14.03	14.03
Fixation R	1	4	10409731136	10409859265	128129	751.16	436.45	12	13	-1	13.51	13.51
Fixation L	1	5	10409883251	10409981461	98210	699.41	425.80	11	16	-1	14.22	14.22
Fixation R	1	5	10409883251	10409981461	98210	699.41	425.80	11	16	-1	13.63	13.63
Saccade L	1	4	10409981461	10410011253	29792	700.48	418.34	807.57	418.41	2.27	135.72	0.40	76.15	5830.75	-5369.75	4080.27
Saccade R	1	4	10409981461	10410011253	29792	700.48	418.34	807.57	418.41	2.27	135.72	0.40	76.15	5830.75	-5369.75	4080.27
Fixation L	1	6	10410011253	10410431814	420561	804.31	421.05	16	47	-1	14.46	14.46
Fixation R	1	6	10410011253	10410431814	420561	804.31	421.05	16	47	-1	13.97	13.97
Saccade L	1	5	10410431814	10410461486	29672	808.28	439.05	885.25	435.48	1.70	106.91	0.48	57.16	4551.15	-3756.46	2954.75
Saccade R	1	5	10410431814	10410461486	29672	808.28	439.05	885.25	435.48	1.70	106.91	0.48	57.16	4551.15	-3756.46	2954.75
Fixation L	1	7	10410461486	10410647605	186119	890.56	431.16	14	14	-1	14.39	14.39
Fixation R	1	7	10410461486	10410647605	186119	890.56	431.16	14	14	-1	14.10	14.10
Saccade L	1	6	10410647605	10410675618	28013	884.79	427.35	990.28	436.21	2.25	152.96	0.50	80.33	6288.55	-6140.67	4492.08
Saccade R	1	6	10410647605	10410675618	28013	884.79	427.35	990.28	436.21	2.25	152.96	0.50	80.33	6288.55	-6140.67	4492.08
Fixation L	1	8	10410675618	10410973841	298223	984.32	438.31	29	22	-1	14.31	14.31
Fixation R	1	8	10410675618	10410973841	298223	984.32	438.31	29	22	-1	14.12	14.12
Saccade L	1	7	10410973841	10411005732	31891	985.42	442.84	1094.39	433.18	2.60	160.61	0.50	81.57	6629.03	-6260.51	4699.79
Saccade R	1	7	10410973841	10411005732	31891	985.42	442.84	1094.39	433.18	2.60	160.61	0.50	81.57	6629.03	-6260.51	4699.79
Fixation L	1	9	10411005732	10411113844	108112	1094.95	433.68	13	18	-1	14.29	14.29
Fixation R	1	9	10411005732	10411113844	108112	1094.95	433.68	13	18	-1	13.93	13.93
Blink L	1	1	10411113844	10411231839	117995
Blink R	1	1	10411169843	10411834069	664226
Fixation L	1	10	10411231839	10411609956	378117	0.00	0.00	0	0	-1	0.00	0.00
Saccade L	1	8	10411609956	10411834069	224113	0.00	0.00	895.59	977.86	216.79	2564.16	0.92	967.31	97720.52	-96869.68	67334.70
Saccade L	1	9	10411852073	10411886770	34697	902.40	974.40	859.09	969.67	1.06	42.55	0.23	30.68	1273.35	-1293.12	976.97
Saccade R	1	8	10411852073	10411886770	34697	902.40	974.40	859.09	969.67	1.06	42.55	0.23	30.68	1273.35	-1293.12	976.97
Fixation L	1	11	10411886770	10412346317	459547	873.58	977.91	54	24	-1	14.42	14.42
Fixation R	1	10	10411886770	10412346317	459547	873.58	977.91	54	24	-1	13.63	13.63
