[BeGaze]
Converted from:	C:\Program Files\SMI\Experiment Suite 360\Experiment Center 2\Results\RC-Attachment-Exp\P24-eye_data.idf
Date:	18.03.2012 20:19:16
Version:	BeGaze 3.0.181
Sample Rate:	500
Subject:	P24
Description:	Run29

Table Header for Fixations:
Event Type	Trial	Number	Start	End	Duration	Location X	Location Y	Dispersion X	Dispersion Y	Plane	Avg. Pupil Size X	Avg. Pupil Size Y

Table Header for Saccades:
Event Type	Trial	Number	Start	End	Duration	Start Loc.X	Start Loc.Y	End Loc.X	End Loc.Y	Amplitude	Peak Speed	Peak Speed At	Average Speed	Peak Accel.	Peak Decel.	Average Accel.

Table Header for Blinks:
Event Type	Trial	Number	Start	End	Duration

Table Header for User Events:
Event Type	Trial	Number	Start	Description

UserEvent	1	1	10103204072	# Message: Questionnaire10.jpg
Fixation L	1	1	10103205907	10103599414	393507	864.41	973.34	56	40	-1	14.09	14.09
Fixation R	1	1	10103205907	10103599414	393507	864.41	973.34	56	40	-1	13.59	13.59
Saccade L	1	1	10103599414	10103675419	76005	860.60	978.57	525.69	412.95	15.31	370.59	0.26	201.37	16188.98	-8487.41	7572.07
Saccade R	1	1	10103599414	10103675419	76005	860.60	978.57	525.69	412.95	15.31	370.59	0.26	201.37	16188.98	-8487.41	7572.07
Fixation L	1	2	10103675419	10103763403	87984	520.18	418.64	13	13	-1	14.52	14.52
Fixation R	1	2	10103675419	10103763403	87984	520.18	418.64	13	13	-1	13.19	13.19
Saccade L	1	2	10103763403	10103799454	36051	530.48	417.62	450.60	346.63	2.50	157.53	0.33	69.45	6174.08	-5564.79	3667.89
Saccade R	1	2	10103763403	10103799454	36051	530.48	417.62	450.60	346.63	2.50	157.53	0.33	69.45	6174.08	-5564.79	3667.89
Fixation L	1	3	10103799454	10104037472	238018	443.55	348.02	19	10	-1	13.98	13.98
Fixation R	1	3	10103799454	10104037472	238018	443.55	348.02	19	10	-1	13.01	13.01
Saccade L	1	3	10104037472	10104081601	44129	447.08	349.77	575.88	356.57	2.87	141.77	0.32	65.07	6085.23	-4987.51	3527.66
Saccade R	1	3	10104037472	10104081601	44129	447.08	349.77	575.88	356.57	2.87	141.77	0.32	65.07	6085.23	-4987.51	3527.66
Fixation L	1	4	10104081601	10104255599	173998	566.61	364.62	21	20	-1	14.10	14.10
Fixation R	1	4	10104081601	10104255599	173998	566.61	364.62	21	20	-1	13.34	13.34
Saccade L	1	4	10104255599	10104284090	28491	568.61	374.82	457.12	372.44	2.51	167.50	0.56	88.00	6909.42	-6793.63	5003.66
Saccade R	1	4	10104255599	10104284090	28491	568.61	374.82	457.12	372.44	2.51	167.50	0.56	88.00	6909.42	-6793.63	5003.66
Fixation L	1	5	10104284090	10104421724	137634	446.70	370.33	37	9	-1	14.77	14.77
Fixation R	1	5	10104284090	10104421724	137634	446.70	370.33	37	9	-1	13.73	13.73
Blink L	1	1	10104421724	10104568341	146617
Blink R	1	1	10104421724	10104568341	146617
Saccade L	1	5	10104587715	10104617902	30187	458.73	384.49	578.15	398.57	2.74	181.61	0.41	90.69	6387.13	-7428.05	5016.01
Saccade R	1	5	10104587715	10104617902	30187	458.73	384.49	578.15	398.57	2.74	181.61	0.41	90.69	6387.13	-7428.05	5016.01
Fixation L	1	6	10104617902	10104788099	170197	572.43	391.38	13	12	-1	15.68	15.68
Fixation R	1	6	10104617902	10104788099	170197	572.43	391.38	13	12	-1	14.61	14.61
Saccade L	1	6	10104788099	10104814246	26147	573.20	388.48	612.80	391.13	0.88	47.79	0.45	33.81	1998.04	-1909.06	1330.60
Saccade R	1	6	10104788099	10104814246	26147	573.20	388.48	612.80	391.13	0.88	47.79	0.45	33.81	1998.04	-1909.06	1330.60
Fixation L	1	7	10104814246	10105073954	259708	618.37	398.05	15	15	-1	15.97	15.97
Fixation R	1	7	10104814246	10105073954	259708	618.37	398.05	15	15	-1	14.88	14.88
Fixation L	1	8	10105093944	10105256086	162142	642.24	400.89	21	14	-1	15.69	15.69
Fixation R	1	8	10105093944	10105256086	162142	642.24	400.89	21	14	-1	14.74	14.74
Saccade L	1	7	10105256086	10105296074	39988	644.80	401.57	748.98	404.43	2.29	107.22	0.40	57.26	4503.05	-3661.97	2895.43
Saccade R	1	7	10105256086	10105296074	39988	644.80	401.57	748.98	404.43	2.29	107.22	0.40	57.26	4503.05	-3661.97	2895.43
Fixation L	1	9	10105296074	10105416078	120004	752.16	402.07	9	7	-1	15.76	15.76
Fixation R	1	9	10105296074	10105416078	120004	752.16	402.07	9	7	-1	14.80	14.80
Saccade L	1	8	10105416078	10105480458	64380	749.97	398.49	445.46	488.26	15.88	465.16	0.62	246.68	11797.08	-16758.42	8523.77
Saccade R	1	8	10105416078	10105480458	64380	749.97	398.49	445.46	488.26	15.88	465.16	0.62	246.68	11797.08	-16758.42	8523.77
Fixation L	1	10	10105480458	10106014419	533961	430.32	490.78	49	28	-1	15.76	15.76
Fixation R	1	10	10105480458	10106014419	533961	430.32	490.78	49	28	-1	14.53	14.53
Saccade L	1	9	10106014419	10106049077	34658	410.38	480.37	403.07	479.26	9.50	428.42	0.50	274.04	18388.54	-16035.82	13127.75
Saccade R	1	9	10106014419	10106049077	34658	410.38	480.37	403.07	479.26	9.50	428.42	0.50	274.04	18388.54	-16035.82	13127.75
Fixation L	1	11	10106049077	10107303013	1253936	393.21	491.59	71	32	-1	15.88	15.88
Fixation R	1	11	10106049077	10107303013	1253936	393.21	491.59	71	32	-1	14.68	14.68
UserEvent	1	87	10106972867	# Message: UE-mouseclick left x=369 y=470
Saccade L	1	10	10107303013	10107332993	29980	368.60	493.44	428.27	550.52	1.78	101.93	0.47	59.30	4271.33	-4031.02	3023.68
Saccade R	1	10	10107303013	10107332993	29980	368.60	493.44	428.27	550.52	1.78	101.93	0.47	59.30	4271.33	-4031.02	3023.68
Fixation L	1	12	10107332993	10107781145	448152	421.55	555.14	25	20	-1	16.11	16.11
Fixation R	1	12	10107332993	10107781145	448152	421.55	555.14	25	20	-1	15.10	15.10
UserEvent	1	97	10107396731	# Message: UE-mouseclick left x=392 y=508
UserEvent	1	105	10107708709	# Message: UE-mouseclick left x=412 y=529
