[BeGaze]
Converted from:	C:\Program Files\SMI\Experiment Suite 360\Experiment Center 2\Results\RC-Attachment-Exp\P09-eye_data.idf
Date:	18.03.2012 20:07:57
Version:	BeGaze 3.0.181
Sample Rate:	500
Subject:	P09
Description:	Run14

Table Header for Fixations:
Event Type	Trial	Number	Start	End	Duration	Location X	Location Y	Dispersion X	Dispersion Y	Plane	Avg. Pupil Size X	Avg. Pupil Size Y

Table Header for Saccades:
Event Type	Trial	Number	Start	End	Duration	Start Loc.X	Start Loc.Y	End Loc.X	End Loc.Y	Amplitude	Peak Speed	Peak Speed At	Average Speed	Peak Accel.	Peak Decel.	Average Accel.

Table Header for Blinks:
Event Type	Trial	Number	Start	End	Duration

Table Header for User Events:
Event Type	Trial	Number	Start	Description

UserEvent	1	1	7765073881	# Message: Dist-orthm-30.jpg
Fixation L	1	1	7765078466	7765722748	644282	481.68	426.22	52	40	-1	12.27	12.27
Fixation R	1	1	7765078466	7765722748	644282	481.68	426.22	52	40	-1	12.71	12.71
Saccade L	1	1	7765722748	7765748718	25970	513.31	432.20	568.27	438.98	1.25	82.89	0.54	48.21	3391.78	-3499.05	2478.03
Saccade R	1	1	7765722748	7765748718	25970	513.31	432.20	568.27	438.98	1.25	82.89	0.54	48.21	3391.78	-3499.05	2478.03
Fixation L	1	2	7765748718	7765950851	202133	571.21	441.16	10	13	-1	12.36	12.36
Fixation R	1	2	7765748718	7765950851	202133	571.21	441.16	10	13	-1	12.90	12.90
Saccade L	1	2	7765950851	7765982837	31986	571.69	448.92	634.85	446.03	1.36	64.86	0.46	42.52	2610.49	-2364.61	1833.31
Saccade R	1	2	7765950851	7765982837	31986	571.69	448.92	634.85	446.03	1.36	64.86	0.46	42.52	2610.49	-2364.61	1833.31
Fixation L	1	3	7765982837	7766146957	164120	632.06	443.17	37	41	-1	12.39	12.39
Fixation R	1	3	7765982837	7766146957	164120	632.06	443.17	37	41	-1	13.00	13.00
Saccade L	1	3	7766146957	7766168955	21998	629.87	419.56	676.79	433.07	1.02	82.62	0.49	46.53	2571.90	-2914.48	1863.31
Saccade R	1	3	7766146957	7766168955	21998	629.87	419.56	676.79	433.07	1.02	82.62	0.49	46.53	2571.90	-2914.48	1863.31
Fixation L	1	4	7766168955	7766369112	200157	686.41	443.05	27	25	-1	12.46	12.46
Fixation R	1	4	7766168955	7766369112	200157	686.41	443.05	27	25	-1	13.06	13.06
Saccade L	1	4	7766369112	7766393099	23987	691.64	456.01	776.38	456.58	1.78	143.03	0.58	74.38	5280.63	-5001.94	3569.24
Saccade R	1	4	7766369112	7766393099	23987	691.64	456.01	776.38	456.58	1.78	143.03	0.58	74.38	5280.63	-5001.94	3569.24
Fixation L	1	5	7766393099	7766629201	236102	770.53	438.48	29	35	-1	12.45	12.45
Fixation R	1	5	7766393099	7766629201	236102	770.53	438.48	29	35	-1	13.15	13.15
Fixation L	1	6	7766647236	7766951315	304079	823.15	443.58	65	20	-1	12.34	12.34
Fixation R	1	6	7766647236	7766951315	304079	823.15	443.58	65	20	-1	13.10	13.10
Saccade L	1	5	7766951315	7766975312	23997	863.17	446.08	830.84	432.09	0.70	40.52	0.42	29.28	1349.38	-1606.71	985.39
Saccade R	1	5	7766951315	7766975312	23997	863.17	446.08	830.84	432.09	0.70	40.52	0.42	29.28	1349.38	-1606.71	985.39
Fixation L	1	7	7766975312	7767043312	68000	836.46	435.48	20	8	-1	12.36	12.36
Fixation R	1	7	7766975312	7767043312	68000	836.46	435.48	20	8	-1	13.15	13.15
Saccade L	1	6	7767043312	7767081313	38001	850.02	440.67	945.52	426.22	2.15	102.98	0.42	56.48	4058.02	-3714.31	2787.38
Saccade R	1	6	7767043312	7767081313	38001	850.02	440.67	945.52	426.22	2.15	102.98	0.42	56.48	4058.02	-3714.31	2787.38
Fixation L	1	8	7767081313	7767277840	196527	936.37	427.00	20	28	-1	12.44	12.44
Fixation R	1	8	7767081313	7767277840	196527	936.37	427.00	20	28	-1	13.12	13.12
Saccade L	1	7	7767277840	7767301442	23602	935.91	410.62	977.22	425.69	0.98	68.40	0.49	41.70	2328.58	-2352.34	1614.86
Saccade R	1	7	7767277840	7767301442	23602	935.91	410.62	977.22	425.69	0.98	68.40	0.49	41.70	2328.58	-2352.34	1614.86
Fixation L	1	9	7767301442	7767553560	252118	976.55	425.46	24	40	-1	12.27	12.27
Fixation R	1	9	7767301442	7767553560	252118	976.55	425.46	24	40	-1	12.92	12.92
Saccade L	1	8	7767553560	7767583547	29987	974.57	434.25	918.91	425.93	1.24	75.01	0.40	41.29	2603.96	-2176.52	1703.44
Saccade R	1	8	7767553560	7767583547	29987	974.57	434.25	918.91	425.93	1.24	75.01	0.40	41.29	2603.96	-2176.52	1703.44
Fixation L	1	10	7767583547	7767823678	240131	922.16	433.72	35	26	-1	12.32	12.32
Fixation R	1	10	7767583547	7767823678	240131	922.16	433.72	35	26	-1	12.97	12.97
Saccade L	1	9	7767823678	7767849670	25992	941.58	429.82	1014.60	443.34	1.61	109.70	0.49	61.86	4325.18	-4476.14	3173.35
Saccade R	1	9	7767823678	7767849670	25992	941.58	429.82	1014.60	443.34	1.61	109.70	0.49	61.86	4325.18	-4476.14	3173.35
Fixation L	1	11	7767849670	7768007788	158118	1015.00	437.07	10	21	-1	12.51	12.51
Fixation R	1	11	7767849670	7768007788	158118	1015.00	437.07	10	21	-1	13.05	13.05
Saccade L	1	10	7768007788	7768035790	28002	1010.84	438.29	1085.82	440.59	1.62	103.35	0.43	57.84	4216.26	-3977.09	2993.28
Saccade R	1	10	7768007788	7768035790	28002	1010.84	438.29	1085.82	440.59	1.62	103.35	0.43	57.84	4216.26	-3977.09	2993.28
Fixation L	1	12	7768035790	7768355912	320122	1084.22	436.89	21	29	-1	12.49	12.49
Fixation R	1	12	7768035790	7768355912	320122	1084.22	436.89	21	29	-1	13.06	13.06
Saccade L	1	11	7768355912	7768379903	23991	1090.03	437.07	1136.50	440.85	0.99	64.26	0.50	41.28	2342.28	-2279.04	1589.72
Saccade R	1	11	7768355912	7768379903	23991	1090.03	437.07	1136.50	440.85	0.99	64.26	0.50	41.28	2342.28	-2279.04	1589.72
Fixation L	1	13	7768379903	7768878004	498101	1142.33	437.32	30	25	-1	12.25	12.25
Fixation R	1	13	7768379903	7768878004	498101	1142.33	437.32	30	25	-1	12.91	12.91
Saccade L	1	12	7768878004	7768944890	66886	1152.51	433.11	877.07	971.60	13.68	323.31	0.54	204.54	12370.49	-11904.82	7785.05
Saccade R	1	12	7768878004	7768944890	66886	1152.51	433.11	877.07	971.60	13.68	323.31	0.54	204.54	12370.49	-11904.82	7785.05
Fixation L	1	14	7768944890	7769450392	505502	858.69	941.29	45	66	-1	12.76	12.76
Fixation R	1	14	7768944890	7769450392	505502	858.69	941.29	45	66	-1	13.47	13.47
