[BeGaze]
Converted from:	C:\Program Files\SMI\Experiment Suite 360\Experiment Center 2\Results\RC-Attachment-Exp\P12-eye_data.idf
Date:	18.03.2012 20:09:39
Version:	BeGaze 3.0.181
Sample Rate:	500
Subject:	P12
Description:	Run17

Table Header for Fixations:
Event Type	Trial	Number	Start	End	Duration	Location X	Location Y	Dispersion X	Dispersion Y	Plane	Avg. Pupil Size X	Avg. Pupil Size Y

Table Header for Saccades:
Event Type	Trial	Number	Start	End	Duration	Start Loc.X	Start Loc.Y	End Loc.X	End Loc.Y	Amplitude	Peak Speed	Peak Speed At	Average Speed	Peak Accel.	Peak Decel.	Average Accel.

Table Header for Blinks:
Event Type	Trial	Number	Start	End	Duration

Table Header for User Events:
Event Type	Trial	Number	Start	Description

UserEvent	1	1	11596707654	# Message: RC-N2forced-nonanim-4.jpg
Fixation L	1	1	11596709007	11596987204	278197	472.03	426.34	45	45	-1	12.39	12.39
Fixation R	1	1	11596709007	11596987204	278197	472.03	426.34	45	45	-1	12.07	12.07
Fixation L	1	2	11597007207	11597151230	144023	556.86	428.52	38	8	-1	12.35	12.35
Fixation R	1	2	11597007207	11597151230	144023	556.86	428.52	38	8	-1	12.15	12.15
Saccade L	1	1	11597151230	11597173205	21975	571.34	432.56	625.52	426.83	1.07	82.44	0.54	48.61	3176.13	-3215.74	2144.00
Saccade R	1	1	11597151230	11597173205	21975	571.34	432.56	625.52	426.83	1.07	82.44	0.54	48.61	3176.13	-3215.74	2144.00
Fixation L	1	3	11597173205	11597361335	188130	626.32	417.99	34	29	-1	12.23	12.23
Fixation R	1	3	11597173205	11597361335	188130	626.32	417.99	34	29	-1	12.11	12.11
Saccade L	1	2	11597409316	11597433338	24022	678.48	428.99	587.65	437.25	2.07	179.73	0.50	86.15	6113.88	-5867.65	4161.75
Saccade R	1	2	11597409316	11597433338	24022	678.48	428.99	587.65	437.25	2.07	179.73	0.50	86.15	6113.88	-5867.65	4161.75
Saccade L	1	3	11597441318	11597483327	42009	588.43	432.07	646.63	412.54	1.39	50.48	0.33	33.06	1641.97	-1120.69	773.24
Saccade R	1	3	11597441318	11597483327	42009	588.43	432.07	646.63	412.54	1.39	50.48	0.33	33.06	1641.97	-1120.69	773.24
Saccade L	1	4	11597491319	11597513328	22009	652.05	407.62	705.58	400.60	1.12	88.58	0.55	50.80	2756.82	-1989.36	1571.51
Saccade R	1	4	11597491319	11597513328	22009	652.05	407.62	705.58	400.60	1.12	88.58	0.55	50.80	2756.82	-1989.36	1571.51
Saccade L	1	5	11597517321	11597541627	24306	704.32	400.44	658.37	392.64	0.76	41.31	0.25	31.24	193.17	-1517.39	906.02
Saccade R	1	5	11597517321	11597541627	24306	704.32	400.44	658.37	392.64	0.76	41.31	0.25	31.24	193.17	-1517.39	906.02
Fixation L	1	4	11597541627	11597811561	269934	676.34	404.43	37	47	-1	11.97	11.97
Fixation R	1	4	11597541627	11597811561	269934	676.34	404.43	37	47	-1	11.77	11.77
Saccade L	1	6	11597811561	11597837566	26005	683.68	418.98	761.09	423.08	1.78	132.76	0.54	68.45	5275.96	-5542.92	3879.05
Saccade R	1	6	11597811561	11597837566	26005	683.68	418.98	761.09	423.08	1.78	132.76	0.54	68.45	5275.96	-5542.92	3879.05
Fixation L	1	5	11597837566	11598117681	280115	769.88	430.40	16	28	-1	11.99	11.99
Fixation R	1	5	11597837566	11598117681	280115	769.88	430.40	16	28	-1	11.83	11.83
Saccade L	1	7	11598117681	11598161682	44001	765.48	436.67	641.28	444.32	2.99	159.36	0.27	67.90	6688.02	-5820.43	3813.78
Saccade R	1	7	11598117681	11598161682	44001	765.48	436.67	641.28	444.32	2.99	159.36	0.27	67.90	6688.02	-5820.43	3813.78
Fixation L	1	6	11598161682	11598453968	292286	628.54	419.63	25	49	-1	11.85	11.85
Fixation R	1	6	11598161682	11598453968	292286	628.54	419.63	25	49	-1	11.71	11.71
Saccade L	1	8	11598453968	11598485801	31833	626.56	394.66	760.85	400.66	3.11	195.77	0.56	97.61	7842.55	-8328.48	5908.38
Saccade R	1	8	11598453968	11598485801	31833	626.56	394.66	760.85	400.66	3.11	195.77	0.56	97.61	7842.55	-8328.48	5908.38
Fixation L	1	7	11598485801	11598700795	214994	762.82	405.39	31	25	-1	11.83	11.83
Fixation R	1	7	11598485801	11598700795	214994	762.82	405.39	31	25	-1	11.57	11.57
Saccade L	1	9	11598700795	11598725918	25123	776.20	398.92	835.57	406.27	1.25	88.84	0.44	49.94	3548.17	-3091.69	2377.52
Saccade R	1	9	11598700795	11598725918	25123	776.20	398.92	835.57	406.27	1.25	88.84	0.44	49.94	3548.17	-3091.69	2377.52
Fixation L	1	8	11598725918	11598910040	184122	844.22	415.36	16	18	-1	11.72	11.72
Fixation R	1	8	11598725918	11598910040	184122	844.22	415.36	16	18	-1	11.56	11.56
Saccade L	1	10	11598910040	11598948040	38000	841.98	414.47	902.26	437.57	1.54	90.15	0.26	40.47	3051.63	-2560.13	1563.95
Saccade R	1	10	11598910040	11598948040	38000	841.98	414.47	902.26	437.57	1.54	90.15	0.26	40.47	3051.63	-2560.13	1563.95
Fixation L	1	9	11598948040	11599024046	76006	891.15	426.47	18	25	-1	11.48	11.48
Fixation R	1	9	11598948040	11599024046	76006	891.15	426.47	18	25	-1	11.50	11.50
Saccade L	1	11	11599024046	11599050042	25996	887.90	416.39	979.22	431.80	2.12	145.36	0.54	81.60	6075.59	-5926.79	4217.29
Saccade R	1	11	11599024046	11599050042	25996	887.90	416.39	979.22	431.80	2.12	145.36	0.54	81.60	6075.59	-5926.79	4217.29
Fixation L	1	10	11599050042	11599248155	198113	981.17	429.33	14	18	-1	11.50	11.50
Fixation R	1	10	11599050042	11599248155	198113	981.17	429.33	14	18	-1	11.42	11.42
Saccade L	1	12	11599248155	11599276157	28002	986.19	424.50	1040.73	428.42	1.34	77.62	0.52	47.71	3035.50	-2811.81	2060.55
Saccade R	1	12	11599248155	11599276157	28002	986.19	424.50	1040.73	428.42	1.34	77.62	0.52	47.71	3035.50	-2811.81	2060.55
Fixation L	1	11	11599276157	11599422282	146125	1045.86	421.06	9	13	-1	11.40	11.40
Fixation R	1	11	11599276157	11599422282	146125	1045.86	421.06	9	13	-1	11.37	11.37
Saccade L	1	13	11599422282	11599448296	26014	1047.10	415.62	1118.12	426.93	1.50	101.37	0.46	57.75	4097.14	-3783.02	2821.79
Saccade R	1	13	11599422282	11599448296	26014	1047.10	415.62	1118.12	426.93	1.50	101.37	0.46	57.75	4097.14	-3783.02	2821.79
Fixation L	1	12	11599448296	11599606274	157978	1122.20	439.97	8	20	-1	11.49	11.49
Fixation R	1	12	11599448296	11599606274	157978	1122.20	439.97	8	20	-1	11.39	11.39
Saccade L	1	14	11599606274	11599630276	24002	1124.72	433.64	1171.25	421.46	1.04	71.68	0.50	43.45	2738.69	-2927.25	1990.16
Saccade R	1	14	11599606274	11599630276	24002	1124.72	433.64	1171.25	421.46	1.04	71.68	0.50	43.45	2738.69	-2927.25	1990.16
Fixation L	1	13	11599630276	11599934400	304124	1180.68	417.19	19	14	-1	11.59	11.59
Fixation R	1	13	11599630276	11599934400	304124	1180.68	417.19	19	14	-1	11.58	11.58
Saccade L	1	15	11599934400	11600000519	66119	1179.02	412.30	919.14	930.49	13.09	338.73	0.33	197.97	14920.64	-8832.83	8124.05
Saccade R	1	15	11599934400	11600000519	66119	1179.02	412.30	919.14	930.49	13.09	338.73	0.33	197.97	14920.64	-8832.83	8124.05
Fixation L	1	14	11600000519	11600508755	508236	902.48	967.07	44	63	-1	11.87	11.87
Fixation R	1	14	11600000519	11600508755	508236	902.48	967.07	44	63	-1	11.90	11.90
