[BeGaze]
Converted from:	C:\Program Files\SMI\Experiment Suite 360\Experiment Center 2\Results\RC-Attachment-Exp\P27-eye_data.idf
Date:	18.03.2012 20:22:07
Version:	BeGaze 3.0.181
Sample Rate:	500
Subject:	P27
Description:	Run32

Table Header for Fixations:
Event Type	Trial	Number	Start	End	Duration	Location X	Location Y	Dispersion X	Dispersion Y	Plane	Avg. Pupil Size X	Avg. Pupil Size Y

Table Header for Saccades:
Event Type	Trial	Number	Start	End	Duration	Start Loc.X	Start Loc.Y	End Loc.X	End Loc.Y	Amplitude	Peak Speed	Peak Speed At	Average Speed	Peak Accel.	Peak Decel.	Average Accel.

Table Header for Blinks:
Event Type	Trial	Number	Start	End	Duration

Table Header for User Events:
Event Type	Trial	Number	Start	Description

UserEvent	1	1	13362873832	# Message: RC-N2forced-nonanim-1.jpg
Fixation L	1	1	13362875156	13363615490	740334	488.65	444.20	37	32	-1	12.46	12.46
Fixation R	1	1	13362875156	13363615490	740334	488.65	444.20	37	32	-1	13.20	13.20
Saccade L	1	1	13363615490	13363655484	39994	474.81	446.22	550.88	459.28	1.86	103.73	0.30	46.42	4287.65	-3367.14	2175.92
Saccade R	1	1	13363615490	13363655484	39994	474.81	446.22	550.88	459.28	1.86	103.73	0.30	46.42	4287.65	-3367.14	2175.92
Fixation L	1	2	13363655484	13363839648	184164	561.34	459.52	27	28	-1	12.53	12.53
Fixation R	1	2	13363655484	13363839648	184164	561.34	459.52	27	28	-1	13.44	13.44
Saccade L	1	2	13363839648	13363869605	29957	565.97	441.90	646.14	436.84	1.69	105.15	0.40	56.41	3753.40	-3987.36	2830.55
Saccade R	1	2	13363839648	13363869605	29957	565.97	441.90	646.14	436.84	1.69	105.15	0.40	56.41	3753.40	-3987.36	2830.55
Fixation L	1	3	13363869605	13364075747	206142	650.28	446.92	19	30	-1	12.60	12.60
Fixation R	1	3	13363869605	13364075747	206142	650.28	446.92	19	30	-1	13.42	13.42
Saccade L	1	3	13364075747	13364118152	42405	655.61	433.68	773.08	435.96	2.60	117.77	0.33	61.42	4956.77	-3767.75	2980.46
Saccade R	1	3	13364075747	13364118152	42405	655.61	433.68	773.08	435.96	2.60	117.77	0.33	61.42	4956.77	-3767.75	2980.46
Fixation L	1	4	13364118152	13364386608	268456	768.97	441.21	17	21	-1	12.54	12.54
Fixation R	1	4	13364118152	13364386608	268456	768.97	441.21	17	21	-1	13.30	13.30
Saccade L	1	4	13364386608	13364417887	31279	767.45	451.80	878.17	448.10	2.33	148.66	0.36	74.43	6127.50	-5575.63	4086.71
Saccade R	1	4	13364386608	13364417887	31279	767.45	451.80	878.17	448.10	2.33	148.66	0.36	74.43	6127.50	-5575.63	4086.71
Fixation L	1	5	13364417887	13364592008	174121	887.78	426.78	23	31	-1	12.46	12.46
Fixation R	1	5	13364417887	13364592008	174121	887.78	426.78	23	31	-1	13.45	13.45
Saccade L	1	5	13364592008	13364617955	25947	884.63	426.78	842.66	436.29	0.94	51.19	0.46	36.04	1974.05	-1917.77	1334.88
Saccade R	1	5	13364592008	13364617955	25947	884.63	426.78	842.66	436.29	0.94	51.19	0.46	36.04	1974.05	-1917.77	1334.88
Fixation L	1	6	13364617955	13364823947	205992	842.17	436.58	12	8	-1	12.43	12.43
Fixation R	1	6	13364617955	13364823947	205992	842.17	436.58	12	8	-1	13.16	13.16
Saccade L	1	6	13364823947	13364868115	44168	850.76	440.94	954.02	452.89	2.31	111.15	0.32	52.34	4253.63	-3563.66	2498.16
Saccade R	1	6	13364823947	13364868115	44168	850.76	440.94	954.02	452.89	2.31	111.15	0.32	52.34	4253.63	-3563.66	2498.16
Fixation L	1	7	13364868115	13365002087	133972	962.39	442.57	11	15	-1	12.61	12.61
Fixation R	1	7	13364868115	13365002087	133972	962.39	442.57	11	15	-1	13.47	13.47
Saccade L	1	7	13365002087	13365028543	26456	962.46	438.50	1000.79	456.06	0.88	49.34	0.45	33.43	2125.06	-1887.90	1433.74
Saccade R	1	7	13365002087	13365028543	26456	962.46	438.50	1000.79	456.06	0.88	49.34	0.45	33.43	2125.06	-1887.90	1433.74
Fixation L	1	8	13365028543	13365284193	255650	1007.49	437.43	11	29	-1	12.76	12.76
Fixation R	1	8	13365028543	13365284193	255650	1007.49	437.43	11	29	-1	13.63	13.63
Saccade L	1	8	13365284193	13365324219	40026	1007.15	430.69	1170.12	420.56	3.60	167.08	0.40	90.01	7193.79	-6396.64	4997.77
Saccade R	1	8	13365284193	13365324219	40026	1007.15	430.69	1170.12	420.56	3.60	167.08	0.40	90.01	7193.79	-6396.64	4997.77
Fixation L	1	9	13365324219	13365430351	106132	1165.31	421.79	26	10	-1	12.83	12.83
Fixation R	1	9	13365324219	13365430351	106132	1165.31	421.79	26	10	-1	13.57	13.57
Blink L	1	1	13365430351	13365486313	55962
Blink R	1	1	13365430351	13365486313	55962
Fixation L	1	10	13365486313	13365610296	123983	1155.56	453.70	9	24	-1	12.90	12.90
Fixation R	1	10	13365486313	13365610296	123983	1155.56	453.70	9	24	-1	13.75	13.75
Saccade L	1	9	13365610296	13365692417	82121	1161.10	463.64	914.38	848.07	23.82	845.17	0.61	290.10	24727.44	-37473.07	15474.13
Saccade R	1	9	13365610296	13365692417	82121	1161.10	463.64	914.38	848.07	23.82	845.17	0.61	290.10	24727.44	-37473.07	15474.13
Fixation L	1	11	13365692417	13365778419	86002	906.16	854.40	20	8	-1	12.86	12.86
Fixation R	1	11	13365692417	13365778419	86002	906.16	854.40	20	8	-1	13.66	13.66
Saccade L	1	10	13365778419	13365812449	34030	905.67	856.30	861.65	914.53	1.64	82.32	0.35	48.31	3281.25	-2774.30	2144.41
Saccade R	1	10	13365778419	13365812449	34030	905.67	856.30	861.65	914.53	1.64	82.32	0.35	48.31	3281.25	-2774.30	2144.41
Fixation L	1	12	13365812449	13367529236	1716787	877.43	914.90	45	41	-1	13.06	13.06
Fixation R	1	12	13365812449	13367529236	1716787	877.43	914.90	45	41	-1	14.00	14.00
