[BeGaze]
Converted from:	C:\Program Files\SMI\Experiment Suite 360\Experiment Center 2\Results\RC-Attachment-Exp\P02-eye_data.idf
Date:	18.03.2012 20:03:08
Version:	BeGaze 3.0.181
Sample Rate:	500
Subject:	P02
Description:	Run2

Table Header for Fixations:
Event Type	Trial	Number	Start	End	Duration	Location X	Location Y	Dispersion X	Dispersion Y	Plane	Avg. Pupil Size X	Avg. Pupil Size Y

Table Header for Saccades:
Event Type	Trial	Number	Start	End	Duration	Start Loc.X	Start Loc.Y	End Loc.X	End Loc.Y	Amplitude	Peak Speed	Peak Speed At	Average Speed	Peak Accel.	Peak Decel.	Average Accel.

Table Header for Blinks:
Event Type	Trial	Number	Start	End	Duration

Table Header for User Events:
Event Type	Trial	Number	Start	Description

UserEvent	1	1	3661449572	# Message: Dist-srthm-24.jpg
Fixation L	1	1	3661463675	3661726316	262641	488.66	441.41	36	29	-1	13.34	13.34
Fixation R	1	1	3661463675	3661726316	262641	488.66	441.41	36	29	-1	13.60	13.60
Saccade L	1	1	3661726316	3661756315	29999	485.42	432.88	549.98	421.14	1.43	94.74	0.67	47.61	3330.27	-3472.69	2191.50
Saccade R	1	1	3661726316	3661756315	29999	485.42	432.88	549.98	421.14	1.43	94.74	0.67	47.61	3330.27	-3472.69	2191.50
Fixation L	1	2	3661756315	3661988969	232654	550.06	440.82	21	34	-1	12.86	12.86
Fixation R	1	2	3661756315	3661988969	232654	550.06	440.82	21	34	-1	13.19	13.19
Saccade L	1	2	3661988969	3662014500	25531	550.54	441.23	604.75	449.60	1.31	93.51	0.54	51.47	3053.35	-3569.51	2357.54
Saccade R	1	2	3661988969	3662014500	25531	550.54	441.23	604.75	449.60	1.31	93.51	0.54	51.47	3053.35	-3569.51	2357.54
Fixation L	1	3	3662014500	3662196543	182043	614.42	445.01	26	37	-1	13.05	13.05
Fixation R	1	3	3662014500	3662196543	182043	614.42	445.01	26	37	-1	13.27	13.27
Saccade L	1	3	3662196543	3662220603	24060	617.60	466.37	669.11	451.99	1.09	68.72	0.50	45.13	2847.32	-2486.60	1910.51
Saccade R	1	3	3662196543	3662220603	24060	617.60	466.37	669.11	451.99	1.09	68.72	0.50	45.13	2847.32	-2486.60	1910.51
Fixation L	1	4	3662220603	3662502712	282109	665.03	455.32	15	21	-1	13.22	13.22
Fixation R	1	4	3662220603	3662502712	282109	665.03	455.32	15	21	-1	13.37	13.37
Fixation L	1	5	3662522645	3663131693	609048	626.76	449.29	666	477	-1	13.40	13.40
Fixation R	1	5	3662522645	3663131693	609048	626.76	449.29	666	477	-1	13.77	13.77
Saccade L	1	4	3663131693	3663159015	27322	640.53	441.10	718.02	448.89	1.94	141.19	0.56	71.01	5534.54	-4808.55	3597.28
Saccade R	1	4	3663131693	3663159015	27322	640.53	441.10	718.02	448.89	1.94	141.19	0.56	71.01	5534.54	-4808.55	3597.28
Saccade L	1	5	3663201017	3663233445	32428	693.53	454.95	791.92	442.42	2.75	165.95	0.44	84.84	6352.63	-6445.72	4489.65
Saccade R	1	5	3663201017	3663233445	32428	693.53	454.95	791.92	442.42	2.75	165.95	0.44	84.84	6352.63	-6445.72	4489.65
Fixation L	1	6	3663233445	3663304581	71136	789.01	435.23	13	14	-1	13.39	13.39
Fixation R	1	6	3663233445	3663304581	71136	789.01	435.23	13	14	-1	13.93	13.93
Fixation L	1	7	3663321033	3663485120	164087	742.50	443.95	19	14	-1	13.35	13.35
Fixation R	1	7	3663321033	3663485120	164087	742.50	443.95	19	14	-1	13.75	13.75
Saccade L	1	6	3663485120	3663509222	24102	745.42	447.83	799.50	440.63	1.18	81.03	0.41	48.89	3088.43	-2527.80	1980.67
Saccade R	1	6	3663485120	3663509222	24102	745.42	447.83	799.50	440.63	1.18	81.03	0.41	48.89	3088.43	-2527.80	1980.67
Fixation L	1	8	3663509222	3663737228	228006	800.27	440.41	20	28	-1	13.38	13.38
Fixation R	1	8	3663509222	3663737228	228006	800.27	440.41	20	28	-1	13.80	13.80
Saccade L	1	7	3663737228	3663763261	26033	800.01	449.87	893.44	448.45	2.02	147.28	0.54	77.48	5895.89	-5590.25	4049.62
Saccade R	1	7	3663737228	3663763261	26033	800.01	449.87	893.44	448.45	2.02	147.28	0.54	77.48	5895.89	-5590.25	4049.62
Fixation L	1	9	3663763261	3663931387	168126	890.25	449.79	44	60	-1	13.39	13.39
Fixation R	1	9	3663763261	3663931387	168126	890.25	449.79	44	60	-1	13.87	13.87
Saccade L	1	8	3663931387	3663965343	33956	897.24	429.89	870.67	463.33	1.29	62.47	0.53	38.05	1337.92	-2032.31	1235.52
Saccade R	1	8	3663931387	3663965343	33956	897.24	429.89	870.67	463.33	1.29	62.47	0.53	38.05	1337.92	-2032.31	1235.52
Fixation L	1	10	3663965343	3664029342	63999	870.86	450.22	9	33	-1	13.38	13.38
Fixation R	1	10	3663965343	3664029342	63999	870.86	450.22	9	33	-1	13.61	13.61
Saccade L	1	9	3664029342	3664065349	36007	868.94	441.09	957.40	472.04	2.64	178.24	0.39	73.20	6646.50	-6281.59	4139.01
Saccade R	1	9	3664029342	3664065349	36007	868.94	441.09	957.40	472.04	2.64	178.24	0.39	73.20	6646.50	-6281.59	4139.01
Fixation L	1	11	3664065349	3664209514	144165	850.53	415.92	1071	521	-1	11.75	11.75
Fixation R	1	11	3664065349	3664209514	144165	850.53	415.92	1071	521	-1	12.08	12.08
Saccade L	1	10	3664209514	3664237464	27950	1018.13	477.51	948.37	449.82	1.69	121.70	0.36	60.41	4626.20	-4313.19	3103.36
Saccade R	1	10	3664209514	3664237464	27950	1018.13	477.51	948.37	449.82	1.69	121.70	0.36	60.41	4626.20	-4313.19	3103.36
Saccade L	1	11	3664249500	3664297489	47989	954.64	448.95	940.77	469.04	22.21	1103.32	0.58	462.74	44837.00	-42057.19	27748.56
Saccade R	1	11	3664249500	3664297489	47989	954.64	448.95	940.77	469.04	22.21	1103.32	0.58	462.74	44837.00	-42057.19	27748.56
Fixation L	1	12	3664297489	3664481643	184154	981.91	448.13	62	28	-1	13.09	13.09
Fixation R	1	12	3664297489	3664481643	184154	981.91	448.13	62	28	-1	13.44	13.44
Saccade L	1	12	3664481643	3664511644	30001	1000.25	448.10	1071.60	439.16	1.63	110.23	0.40	54.20	4157.70	-3742.36	2651.18
Saccade R	1	12	3664481643	3664511644	30001	1000.25	448.10	1071.60	439.16	1.63	110.23	0.40	54.20	4157.70	-3742.36	2651.18
Fixation L	1	13	3664511644	3664845698	334054	1071.99	439.43	24	55	-1	13.17	13.17
Fixation R	1	13	3664511644	3664845698	334054	1071.99	439.43	24	55	-1	13.44	13.44
Saccade L	1	13	3664845698	3664899775	54077	1068.44	477.67	1149.74	427.55	2.24	64.97	0.63	41.48	1440.31	-2182.48	1300.64
Saccade R	1	13	3664845698	3664899775	54077	1068.44	477.67	1149.74	427.55	2.24	64.97	0.63	41.48	1440.31	-2182.48	1300.64
Fixation L	1	14	3664899775	3666090264	1190489	1166.62	443.85	47	54	-1	13.38	13.38
Fixation R	1	14	3664899775	3666090264	1190489	1166.62	443.85	47	54	-1	13.70	13.70
Saccade L	1	14	3666090264	3666130269	40005	1175.87	442.67	882.76	453.50	6.35	284.30	0.42	158.63	12770.97	-11406.12	8829.81
Saccade R	1	14	3666090264	3666130269	40005	1175.87	442.67	882.76	453.50	6.35	284.30	0.42	158.63	12770.97	-11406.12	8829.81
Fixation L	1	15	3666130269	3666272278	142009	873.62	453.18	30	18	-1	13.58	13.58
Fixation R	1	15	3666130269	3666272278	142009	873.62	453.18	30	18	-1	13.85	13.85
Saccade L	1	15	3666272278	3666314291	42013	865.59	455.25	546.49	444.12	6.95	320.54	0.48	165.52	13965.17	-12704.50	9562.65
Saccade R	1	15	3666272278	3666314291	42013	865.59	455.25	546.49	444.12	6.95	320.54	0.48	165.52	13965.17	-12704.50	9562.65
Fixation L	1	16	3666314291	3666553565	239274	555.38	445.92	28	48	-1	13.58	13.58
Fixation R	1	16	3666314291	3666553565	239274	555.38	445.92	28	48	-1	13.92	13.92
Saccade L	1	16	3666553565	3666580759	27194	554.68	461.57	637.49	467.03	1.68	114.03	0.47	61.66	4418.26	-3842.83	3020.50
Saccade R	1	16	3666553565	3666580759	27194	554.68	461.57	637.49	467.03	1.68	114.03	0.47	61.66	4418.26	-3842.83	3020.50
Fixation L	1	17	3666580759	3666738591	157832	631.18	448.80	42	31	-1	13.59	13.59
Fixation R	1	17	3666580759	3666738591	157832	631.18	448.80	42	31	-1	13.93	13.93
Saccade L	1	17	3666738591	3666760594	22003	635.99	441.00	689.09	449.42	1.07	83.80	0.36	48.68	2850.93	-2898.91	1829.58
Saccade R	1	17	3666738591	3666760594	22003	635.99	441.00	689.09	449.42	1.07	83.80	0.36	48.68	2850.93	-2898.91	1829.58
Fixation L	1	18	3666760594	3666814489	53895	688.36	449.91	29	23	-1	13.52	13.52
Fixation R	1	18	3666760594	3666814489	53895	688.36	449.91	29	23	-1	13.81	13.81
Saccade L	1	18	3666814489	3666836607	22118	670.27	438.19	694.79	463.96	0.69	42.42	0.41	31.01	739.78	-1258.49	748.06
Saccade R	1	18	3666814489	3666836607	22118	670.27	438.19	694.79	463.96	0.69	42.42	0.41	31.01	739.78	-1258.49	748.06
Saccade L	1	19	3666844518	3666868694	24176	694.73	462.08	671.71	429.69	0.81	46.40	0.41	33.66	1450.11	-1422.63	1081.56
Saccade R	1	19	3666844518	3666868694	24176	694.73	462.08	671.71	429.69	0.81	46.40	0.41	33.66	1450.11	-1422.63	1081.56
Saccade L	1	20	3666916608	3666942607	25999	674.31	458.08	753.94	459.43	1.74	119.23	0.54	66.82	4252.01	-4323.81	3103.19
Saccade R	1	20	3666916608	3666942607	25999	674.31	458.08	753.94	459.43	1.74	119.23	0.54	66.82	4252.01	-4323.81	3103.19
Fixation L	1	19	3666942607	3667092619	150012	755.50	440.56	15	31	-1	13.28	13.28
Fixation R	1	19	3666942607	3667092619	150012	755.50	440.56	15	31	-1	13.58	13.58
Saccade L	1	21	3667092619	3667120784	28165	751.02	448.22	805.80	450.75	1.30	81.72	0.50	46.10	2674.20	-2943.66	2000.12
Saccade R	1	21	3667092619	3667120784	28165	751.02	448.22	805.80	450.75	1.30	81.72	0.50	46.10	2674.20	-2943.66	2000.12
Fixation L	1	20	3667120784	3667362719	241935	822.64	444.42	32	20	-1	13.17	13.17
Fixation R	1	20	3667120784	3667362719	241935	822.64	444.42	32	20	-1	13.44	13.44
Saccade L	1	22	3667362719	3667386844	24125	826.41	428.79	870.48	431.31	0.84	50.19	0.50	34.99	1518.95	-1920.52	1199.15
Saccade R	1	22	3667362719	3667386844	24125	826.41	428.79	870.48	431.31	0.84	50.19	0.50	34.99	1518.95	-1920.52	1199.15
Fixation L	1	21	3667386844	3667632832	245988	875.98	436.66	30	23	-1	13.04	13.04
Fixation R	1	21	3667386844	3667632832	245988	875.98	436.66	30	23	-1	13.34	13.34
Saccade L	1	23	3667632832	3667662975	30143	874.85	439.41	948.94	462.22	1.75	109.51	0.60	58.05	4093.18	-3295.65	2689.04
Saccade R	1	23	3667632832	3667662975	30143	874.85	439.41	948.94	462.22	1.75	109.51	0.60	58.05	4093.18	-3295.65	2689.04
Fixation L	1	22	3667662975	3667808950	145975	941.68	452.36	23	27	-1	12.95	12.95
Fixation R	1	22	3667662975	3667808950	145975	941.68	452.36	23	27	-1	13.32	13.32
Saccade L	1	24	3667808950	3667860980	52030	938.91	445.01	988.24	432.14	1.87	68.64	0.50	36.02	1923.88	-1544.91	1065.41
Saccade R	1	24	3667808950	3667860980	52030	938.91	445.01	988.24	432.14	1.87	68.64	0.50	36.02	1923.88	-1544.91	1065.41
Fixation L	1	23	3667887556	3668263286	375730	982.98	456.87	22	40	-1	12.91	12.91
Fixation R	1	23	3667887556	3668263286	375730	982.98	456.87	22	40	-1	13.38	13.38
Saccade L	1	25	3668263286	3668291184	27898	972.68	455.91	1057.55	461.57	1.79	109.00	0.43	64.18	4633.07	-4123.83	3228.55
Saccade R	1	25	3668263286	3668291184	27898	972.68	455.91	1057.55	461.57	1.79	109.00	0.43	64.18	4633.07	-4123.83	3228.55
Fixation L	1	24	3668291184	3668527300	236116	1062.34	452.08	36	30	-1	12.67	12.67
Fixation R	1	24	3668291184	3668527300	236116	1062.34	452.08	36	30	-1	13.35	13.35
Saccade L	1	26	3668527300	3668559299	31999	1078.05	431.10	962.82	432.94	2.40	160.59	0.71	75.01	6037.14	-5590.65	3788.46
Saccade R	1	26	3668527300	3668559299	31999	1078.05	431.10	962.82	432.94	2.40	160.59	0.71	75.01	6037.14	-5590.65	3788.46
Fixation L	1	25	3668559299	3668863414	304115	976.19	430.03	37	29	-1	12.87	12.87
Fixation R	1	25	3668559299	3668863414	304115	976.19	430.03	37	29	-1	13.37	13.37
Saccade L	1	27	3668863414	3668889508	26094	967.05	420.70	1087.90	426.30	2.37	164.19	0.54	90.84	5944.59	-5846.62	4329.02
Saccade R	1	27	3668863414	3668889508	26094	967.05	420.70	1087.90	426.30	2.37	164.19	0.54	90.84	5944.59	-5846.62	4329.02
Fixation L	1	26	3668889508	3669113528	224020	1071.38	439.95	31	31	-1	13.09	13.09
Fixation R	1	26	3668889508	3669113528	224020	1071.38	439.95	31	31	-1	13.58	13.58
Saccade L	1	28	3669113528	3669142720	29192	1068.15	432.02	1205.71	449.83	2.96	185.25	0.48	101.56	7796.77	-5864.46	5076.25
Saccade R	1	28	3669113528	3669142720	29192	1068.15	432.02	1205.71	449.83	2.96	185.25	0.48	101.56	7796.77	-5864.46	5076.25
Fixation L	1	27	3669159527	3669453639	294112	1170.40	458.75	27	42	-1	12.98	12.98
Fixation R	1	27	3669159527	3669453639	294112	1170.40	458.75	27	42	-1	13.40	13.40
Saccade L	1	29	3669453639	3669481645	28006	1166.95	470.72	1175.85	430.54	0.87	43.60	0.50	31.06	1346.90	-1417.51	989.42
Saccade R	1	29	3669453639	3669481645	28006	1166.95	470.72	1175.85	430.54	0.87	43.60	0.50	31.06	1346.90	-1417.51	989.42
Fixation L	1	28	3669481645	3669567651	86006	1176.51	447.11	18	33	-1	12.91	12.91
Fixation R	1	28	3669481645	3669567651	86006	1176.51	447.11	18	33	-1	13.39	13.39
Saccade L	1	30	3669567651	3669641760	74109	1177.87	460.52	546.14	455.60	14.25	381.02	0.49	192.24	15914.49	-12658.92	8098.05
Saccade R	1	30	3669567651	3669641760	74109	1177.87	460.52	546.14	455.60	14.25	381.02	0.49	192.24	15914.49	-12658.92	8098.05
Fixation L	1	29	3669641760	3669828104	186344	559.71	443.76	23	26	-1	13.01	13.01
Fixation R	1	29	3669641760	3669828104	186344	559.71	443.76	23	26	-1	13.33	13.33
Saccade L	1	31	3669828104	3669851896	23792	567.82	438.65	515.51	468.95	1.24	86.04	0.41	52.25	2864.80	-3199.53	2143.03
Saccade R	1	31	3669828104	3669851896	23792	567.82	438.65	515.51	468.95	1.24	86.04	0.41	52.25	2864.80	-3199.53	2143.03
Fixation L	1	30	3669851896	3670001868	149972	525.32	456.13	21	23	-1	12.94	12.94
Fixation R	1	30	3669851896	3670001868	149972	525.32	456.13	21	23	-1	13.43	13.43
Saccade L	1	32	3670001868	3670095891	94023	526.88	453.65	892.79	906.92	14.26	404.04	0.21	151.70	18274.23	-11591.87	6828.27
Saccade R	1	32	3670001868	3670095891	94023	526.88	453.65	892.79	906.92	14.26	404.04	0.21	151.70	18274.23	-11591.87	6828.27
Fixation L	1	31	3670095891	3670184143	88252	896.96	892.09	22	30	-1	13.37	13.37
Fixation R	1	31	3670095891	3670184143	88252	896.96	892.09	22	30	-1	13.81	13.81
Saccade L	1	33	3670184143	3670209991	25848	911.91	885.31	920.79	1006.64	2.53	191.38	0.54	97.75	7052.45	-6915.15	5002.09
Saccade R	1	33	3670184143	3670209991	25848	911.91	885.31	920.79	1006.64	2.53	191.38	0.54	97.75	7052.45	-6915.15	5002.09
Fixation L	1	32	3670209991	3670736225	526234	924.90	970.99	30	60	-1	13.11	13.11
Fixation R	1	32	3670209991	3670736225	526234	924.90	970.99	30	60	-1	13.75	13.75
