[BeGaze]
Converted from:	C:\Program Files\SMI\Experiment Suite 360\Experiment Center 2\Results\RC-Attachment-Exp\P35-eye_data.idf
Date:	18.03.2012 20:32:46
Version:	BeGaze 3.0.181
Sample Rate:	500
Subject:	P35
Description:	Run40

Table Header for Fixations:
Event Type	Trial	Number	Start	End	Duration	Location X	Location Y	Dispersion X	Dispersion Y	Plane	Avg. Pupil Size X	Avg. Pupil Size Y

Table Header for Saccades:
Event Type	Trial	Number	Start	End	Duration	Start Loc.X	Start Loc.Y	End Loc.X	End Loc.Y	Amplitude	Peak Speed	Peak Speed At	Average Speed	Peak Accel.	Peak Decel.	Average Accel.

Table Header for Blinks:
Event Type	Trial	Number	Start	End	Duration

Table Header for User Events:
Event Type	Trial	Number	Start	Description

UserEvent	1	1	2372588593	# Message: RC-nonforced-nonanim-6.jpg
Fixation L	1	1	2372588879	2373068837	479958	509.32	462.50	20	30	-1	11.34	11.34
Fixation R	1	1	2372588879	2373068837	479958	509.32	462.50	20	30	-1	11.52	11.52
Saccade L	1	1	2373068837	2373100807	31970	500.44	473.25	550.11	449.29	1.20	65.62	0.31	37.69	2395.38	-1986.94	1529.10
Saccade R	1	1	2373068837	2373100807	31970	500.44	473.25	550.11	449.29	1.20	65.62	0.31	37.69	2395.38	-1986.94	1529.10
Fixation L	1	2	2373100807	2373232801	131994	556.12	451.90	17	22	-1	11.15	11.15
Fixation R	1	2	2373100807	2373232801	131994	556.12	451.90	17	22	-1	11.42	11.42
Saccade L	1	2	2373232801	2373264822	32021	559.27	466.38	623.10	451.45	1.35	75.00	0.37	42.23	2733.88	-2643.43	1897.33
Saccade R	1	2	2373232801	2373264822	32021	559.27	466.38	623.10	451.45	1.35	75.00	0.37	42.23	2733.88	-2643.43	1897.33
Fixation L	1	3	2373264822	2373459412	194590	625.66	446.09	17	14	-1	11.20	11.20
Fixation R	1	3	2373264822	2373459412	194590	625.66	446.09	17	14	-1	11.52	11.52
Saccade L	1	3	2373459412	2373488975	29563	628.35	441.18	718.84	445.82	1.89	116.91	0.39	63.86	4847.94	-4397.53	3270.80
Saccade R	1	3	2373459412	2373488975	29563	628.35	441.18	718.84	445.82	1.89	116.91	0.39	63.86	4847.94	-4397.53	3270.80
Fixation L	1	4	2373488975	2373725043	236068	729.97	449.18	18	36	-1	11.10	11.10
Fixation R	1	4	2373488975	2373725043	236068	729.97	449.18	18	36	-1	11.50	11.50
Saccade L	1	4	2373725043	2373749336	24293	723.97	457.10	757.68	446.39	0.73	41.47	0.41	29.85	1454.50	-1605.19	1063.44
Saccade R	1	4	2373725043	2373749336	24293	723.97	457.10	757.68	446.39	0.73	41.47	0.41	29.85	1454.50	-1605.19	1063.44
Fixation L	1	5	2373749336	2373985194	235858	758.04	451.06	23	20	-1	11.25	11.25
Fixation R	1	5	2373749336	2373985194	235858	758.04	451.06	23	20	-1	11.53	11.53
Saccade L	1	5	2373985194	2374009169	23975	765.48	452.31	821.98	448.36	1.20	82.68	0.42	50.16	3086.67	-3391.26	2279.62
Saccade R	1	5	2373985194	2374009169	23975	765.48	452.31	821.98	448.36	1.20	82.68	0.42	50.16	3086.67	-3391.26	2279.62
Fixation L	1	6	2374009169	2374223298	214129	832.75	452.94	24	16	-1	11.27	11.27
Fixation R	1	6	2374009169	2374223298	214129	832.75	452.94	24	16	-1	11.63	11.63
Saccade L	1	6	2374223298	2374247269	23971	835.57	462.56	879.50	451.80	0.87	60.89	0.45	36.26	2186.03	-2252.06	1502.27
Saccade R	1	6	2374223298	2374247269	23971	835.57	462.56	879.50	451.80	0.87	60.89	0.45	36.26	2186.03	-2252.06	1502.27
Fixation L	1	7	2374247269	2374433412	186143	885.79	449.19	15	20	-1	11.53	11.53
Fixation R	1	7	2374247269	2374433412	186143	885.79	449.19	15	20	-1	11.73	11.73
Saccade L	1	7	2374433412	2374457408	23996	888.84	458.54	940.24	448.08	1.12	81.95	0.42	46.65	3291.75	-2935.77	2163.54
Saccade R	1	7	2374433412	2374457408	23996	888.84	458.54	940.24	448.08	1.12	81.95	0.42	46.65	3291.75	-2935.77	2163.54
Fixation L	1	8	2374457408	2374623532	166124	949.40	449.34	17	9	-1	11.66	11.66
Fixation R	1	8	2374457408	2374623532	166124	949.40	449.34	17	9	-1	11.74	11.74
Saccade L	1	8	2374623532	2374649525	25993	957.57	449.80	1026.08	456.99	1.58	108.33	0.53	60.80	4494.40	-4071.41	3021.92
Saccade R	1	8	2374623532	2374649525	25993	957.57	449.80	1026.08	456.99	1.58	108.33	0.53	60.80	4494.40	-4071.41	3021.92
Fixation L	1	9	2374649525	2374909537	260012	1039.80	454.33	24	19	-1	11.46	11.46
Fixation R	1	9	2374649525	2374909537	260012	1039.80	454.33	24	19	-1	11.84	11.84
Saccade L	1	9	2374909537	2374931689	22152	1038.26	452.31	1075.01	455.78	0.75	48.53	0.46	33.83	1766.16	-1749.64	1231.20
Saccade R	1	9	2374909537	2374931689	22152	1038.26	452.31	1075.01	455.78	0.75	48.53	0.46	33.83	1766.16	-1749.64	1231.20
Fixation L	1	10	2374931689	2375251769	320080	1063.72	449.04	46	19	-1	11.67	11.67
Fixation R	1	10	2374931689	2375251769	320080	1063.72	449.04	46	19	-1	11.94	11.94
Saccade L	1	10	2375251769	2375287783	36014	1041.52	440.79	1144.79	436.86	2.24	127.31	0.40	62.12	5285.02	-4712.42	3369.74
Saccade R	1	10	2375251769	2375287783	36014	1041.52	440.79	1144.79	436.86	2.24	127.31	0.40	62.12	5285.02	-4712.42	3369.74
Fixation L	1	11	2375287783	2375503889	216106	1145.66	448.75	12	23	-1	11.65	11.65
Fixation R	1	11	2375287783	2375503889	216106	1145.66	448.75	12	23	-1	11.99	11.99
Saccade L	1	11	2375503889	2375569886	65997	1141.53	451.99	906.20	975.23	13.07	342.07	0.45	197.99	14950.57	-10267.24	8618.11
Saccade R	1	11	2375503889	2375569886	65997	1141.53	451.99	906.20	975.23	13.07	342.07	0.45	197.99	14950.57	-10267.24	8618.11
Fixation L	1	12	2375569886	2375701248	131362	903.01	990.23	22	28	-1	11.83	11.83
Fixation R	1	12	2375569886	2375701248	131362	903.01	990.23	22	28	-1	12.24	12.24
Saccade L	1	12	2375701248	2375726135	24887	911.31	993.68	933.94	956.64	0.82	45.26	0.43	33.00	1841.95	-1553.20	1249.99
Saccade R	1	12	2375701248	2375726135	24887	911.31	993.68	933.94	956.64	0.82	45.26	0.43	33.00	1841.95	-1553.20	1249.99
Fixation L	1	13	2375726135	2376070813	344678	889.99	971.12	67	44	-1	11.67	11.67
Fixation R	1	13	2375726135	2376070813	344678	889.99	971.12	67	44	-1	12.19	12.19
