[BeGaze]
Converted from:	C:\Program Files\SMI\Experiment Suite 360\Experiment Center 2\Results\RC-Attachment-Exp\P09-eye_data.idf
Date:	18.03.2012 20:08:00
Version:	BeGaze 3.0.181
Sample Rate:	500
Subject:	P09
Description:	Run14

Table Header for Fixations:
Event Type	Trial	Number	Start	End	Duration	Location X	Location Y	Dispersion X	Dispersion Y	Plane	Avg. Pupil Size X	Avg. Pupil Size Y

Table Header for Saccades:
Event Type	Trial	Number	Start	End	Duration	Start Loc.X	Start Loc.Y	End Loc.X	End Loc.Y	Amplitude	Peak Speed	Peak Speed At	Average Speed	Peak Accel.	Peak Decel.	Average Accel.

Table Header for Blinks:
Event Type	Trial	Number	Start	End	Duration

Table Header for User Events:
Event Type	Trial	Number	Start	Description

UserEvent	1	1	7847266543	# Message: RC-N2forced-anim-6.jpg
Fixation L	1	1	7847266869	7847897123	630254	500.62	459.02	18	33	-1	12.85	12.85
Fixation R	1	1	7847266869	7847897123	630254	500.62	459.02	18	33	-1	13.56	13.56
Saccade L	1	1	7847897123	7847919190	22067	502.36	481.43	531.42	486.97	0.60	41.12	0.36	27.04	1647.84	-1490.27	1059.07
Saccade R	1	1	7847897123	7847919190	22067	502.36	481.43	531.42	486.97	0.60	41.12	0.36	27.04	1647.84	-1490.27	1059.07
Fixation L	1	2	7847919190	7848227334	308144	538.35	455.49	46	55	-1	12.56	12.56
Fixation R	1	2	7847919190	7848227334	308144	538.35	455.49	46	55	-1	13.38	13.38
Saccade L	1	2	7848227334	7848251761	24427	567.53	457.52	603.65	439.40	0.88	61.68	0.49	36.08	2036.31	-1826.70	1376.28
Saccade R	1	2	7848227334	7848251761	24427	567.53	457.52	603.65	439.40	0.88	61.68	0.49	36.08	2036.31	-1826.70	1376.28
Fixation L	1	3	7848251761	7848547426	295665	611.04	445.42	13	17	-1	12.42	12.42
Fixation R	1	3	7848251761	7848547426	295665	611.04	445.42	13	17	-1	13.32	13.32
Saccade L	1	3	7848547426	7848587434	40008	609.53	447.60	676.96	438.61	1.59	76.17	0.40	39.75	3140.07	-2607.51	1979.39
Saccade R	1	3	7848547426	7848587434	40008	609.53	447.60	676.96	438.61	1.59	76.17	0.40	39.75	3140.07	-2607.51	1979.39
Fixation L	1	4	7848587434	7848953543	366109	705.10	440.73	61	14	-1	12.63	12.63
Fixation R	1	4	7848587434	7848953543	366109	705.10	440.73	61	14	-1	13.44	13.44
Saccade L	1	4	7848953543	7848979218	25675	724.72	433.45	773.37	441.10	1.08	72.61	0.47	41.91	2794.05	-2511.05	1902.66
Saccade R	1	4	7848953543	7848979218	25675	724.72	433.45	773.37	441.10	1.08	72.61	0.47	41.91	2794.05	-2511.05	1902.66
Fixation L	1	5	7848979218	7849121669	142451	766.52	447.67	21	21	-1	12.59	12.59
Fixation R	1	5	7848979218	7849121669	142451	766.52	447.67	21	21	-1	13.34	13.34
Saccade L	1	5	7849121669	7849145671	24002	763.68	444.04	734.03	443.21	0.67	41.29	0.58	27.93	1726.03	-1276.51	1052.58
Saccade R	1	5	7849121669	7849145671	24002	763.68	444.04	734.03	443.21	0.67	41.29	0.58	27.93	1726.03	-1276.51	1052.58
Fixation L	1	6	7849145671	7849299656	153985	732.84	435.92	15	16	-1	12.50	12.50
Fixation R	1	6	7849145671	7849299656	153985	732.84	435.92	15	16	-1	13.15	13.15
Saccade L	1	6	7849299656	7849331780	32124	725.83	443.69	831.03	450.20	2.29	143.67	0.50	71.37	5728.64	-5708.27	4176.77
Saccade R	1	6	7849299656	7849331780	32124	725.83	443.69	831.03	450.20	2.29	143.67	0.50	71.37	5728.64	-5708.27	4176.77
Fixation L	1	7	7849331780	7849629901	298121	834.08	442.81	21	35	-1	12.50	12.50
Fixation R	1	7	7849331780	7849629901	298121	834.08	442.81	21	35	-1	13.29	13.29
Saccade L	1	7	7849629901	7849653905	24004	825.66	430.81	872.78	435.40	1.02	79.44	0.57	42.62	2898.82	-2933.53	1995.30
Saccade R	1	7	7849629901	7849653905	24004	825.66	430.81	872.78	435.40	1.02	79.44	0.57	42.62	2898.82	-2933.53	1995.30
Fixation L	1	8	7849653905	7849928025	274120	870.47	427.58	23	32	-1	12.38	12.38
Fixation R	1	8	7849653905	7849928025	274120	870.47	427.58	23	32	-1	13.14	13.14
Saccade L	1	8	7849928025	7849956030	28005	863.60	445.99	921.87	438.45	1.24	78.07	0.43	44.30	2925.13	-3033.71	2214.69
Saccade R	1	8	7849928025	7849956030	28005	863.60	445.99	921.87	438.45	1.24	78.07	0.43	44.30	2925.13	-3033.71	2214.69
Fixation L	1	9	7849956030	7850124146	168116	930.89	449.22	24	16	-1	12.47	12.47
Fixation R	1	9	7849956030	7850124146	168116	930.89	449.22	24	16	-1	13.19	13.19
Saccade L	1	9	7850124146	7850160146	36000	930.77	449.59	997.66	447.48	1.45	79.45	0.42	40.27	3290.91	-2811.59	2121.45
Saccade R	1	9	7850124146	7850160146	36000	930.77	449.59	997.66	447.48	1.45	79.45	0.42	40.27	3290.91	-2811.59	2121.45
Fixation L	1	10	7850160146	7850406259	246113	991.13	449.91	18	14	-1	12.48	12.48
Fixation R	1	10	7850160146	7850406259	246113	991.13	449.91	18	14	-1	13.16	13.16
Saccade L	1	10	7850406259	7850430261	24002	982.24	453.68	1023.68	452.11	0.83	52.64	0.42	34.48	1571.04	-1863.15	1293.81
Saccade R	1	10	7850406259	7850430261	24002	982.24	453.68	1023.68	452.11	0.83	52.64	0.42	34.48	1571.04	-1863.15	1293.81
Fixation L	1	11	7850430261	7850672379	242118	1024.61	448.80	26	18	-1	12.46	12.46
Fixation R	1	11	7850430261	7850672379	242118	1024.61	448.80	26	18	-1	13.03	13.03
Saccade L	1	11	7850672379	7850705384	33005	1018.95	457.38	1103.69	447.42	2.04	107.20	0.48	61.68	4681.79	-4300.42	3256.58
Saccade R	1	11	7850672379	7850705384	33005	1018.95	457.38	1103.69	447.42	2.04	107.20	0.48	61.68	4681.79	-4300.42	3256.58
Fixation L	1	12	7850705384	7851066643	361259	1109.55	443.20	33	20	-1	12.42	12.42
Fixation R	1	12	7850705384	7851066643	361259	1109.55	443.20	33	20	-1	13.03	13.03
Saccade L	1	12	7851066643	7851166499	99856	1094.08	438.06	808.79	893.06	13.39	296.64	0.48	134.10	6673.39	-8951.50	4626.71
Saccade R	1	12	7851066643	7851166499	99856	1094.08	438.06	808.79	893.06	13.39	296.64	0.48	134.10	6673.39	-8951.50	4626.71
Fixation L	1	13	7851206627	7851598743	392116	899.21	868.58	48	84	-1	12.41	12.41
Fixation R	1	13	7851206627	7851598743	392116	899.21	868.58	48	84	-1	13.03	13.03
Saccade L	1	13	7851598743	7851644741	45998	903.00	891.95	866.37	872.01	1.12	40.79	0.74	24.27	719.27	-1581.04	647.27
Saccade R	1	13	7851598743	7851644741	45998	903.00	891.95	866.37	872.01	1.12	40.79	0.74	24.27	719.27	-1581.04	647.27
Fixation L	1	14	7851644741	7852451280	806539	887.67	886.53	64	37	-1	12.00	12.00
Fixation R	1	14	7851644741	7852451280	806539	887.67	886.53	64	37	-1	12.92	12.92
Saccade L	1	14	7852451280	7852483108	31828	913.40	888.25	866.15	881.70	1.03	61.44	0.37	32.48	2345.32	-2118.66	1530.88
Saccade R	1	14	7852451280	7852483108	31828	913.40	888.25	866.15	881.70	1.03	61.44	0.37	32.48	2345.32	-2118.66	1530.88
Fixation L	1	15	7852483108	7853658969	1175861	891.39	884.69	65	32	-1	11.61	11.61
Fixation R	1	15	7852483108	7853658969	1175861	891.39	884.69	65	32	-1	12.71	12.71
Saccade L	1	15	7853658969	7853683700	24731	922.02	875.52	879.89	877.50	0.87	56.95	0.43	35.21	2333.23	-1905.50	1473.31
Saccade R	1	15	7853658969	7853683700	24731	922.02	875.52	879.89	877.50	0.87	56.95	0.43	35.21	2333.23	-1905.50	1473.31
Fixation L	1	16	7853683700	7854289943	606243	863.38	895.62	55	45	-1	11.78	11.78
Fixation R	1	16	7853683700	7854289943	606243	863.38	895.62	55	45	-1	12.85	12.85
Saccade L	1	16	7854289943	7854319931	29988	852.86	889.83	888.67	915.04	0.92	47.62	0.40	30.70	1976.91	-1798.25	1345.99
Saccade R	1	16	7854289943	7854319931	29988	852.86	889.83	888.67	915.04	0.92	47.62	0.40	30.70	1976.91	-1798.25	1345.99
Fixation L	1	17	7854319931	7854420157	100226	892.90	905.33	14	21	-1	12.32	12.32
Fixation R	1	17	7854319931	7854420157	100226	892.90	905.33	14	21	-1	13.20	13.20
Blink L	1	1	7854444054	7854706176	262122
Blink R	1	1	7854444054	7854706176	262122
Fixation L	1	18	7854706176	7855266414	560238	882.35	862.36	84	117	-1	12.07	12.07
Fixation R	1	18	7854706176	7855266414	560238	882.35	862.36	84	117	-1	13.06	13.06
Saccade L	1	17	7855266414	7855295471	29057	916.09	890.60	974.56	881.70	1.53	97.66	0.41	52.71	3737.48	-3488.84	2550.55
Saccade R	1	17	7855266414	7855295471	29057	916.09	890.60	974.56	881.70	1.53	97.66	0.41	52.71	3737.48	-3488.84	2550.55
Fixation L	1	19	7855295471	7855466531	171060	975.74	894.74	13	26	-1	12.10	12.10
Fixation R	1	19	7855295471	7855466531	171060	975.74	894.74	13	26	-1	13.31	13.31
Saccade L	1	18	7855466531	7855492530	25999	983.37	882.43	931.39	873.59	1.05	71.81	0.46	40.36	2674.44	-2219.59	1794.39
Saccade R	1	18	7855466531	7855492530	25999	983.37	882.43	931.39	873.59	1.05	71.81	0.46	40.36	2674.44	-2219.59	1794.39
Fixation L	1	20	7855492530	7855924645	432115	938.81	893.20	36	40	-1	12.41	12.41
Fixation R	1	20	7855492530	7855924645	432115	938.81	893.20	36	40	-1	13.44	13.44
Saccade L	1	19	7855924645	7855960642	35997	951.88	906.37	889.90	894.13	1.43	74.77	0.39	39.59	2660.58	-2621.49	1825.42
Saccade R	1	19	7855924645	7855960642	35997	951.88	906.37	889.90	894.13	1.43	74.77	0.39	39.59	2660.58	-2621.49	1825.42
Fixation L	1	21	7855960642	7856398889	438247	871.97	899.17	45	22	-1	12.68	12.68
Fixation R	1	21	7855960642	7856398889	438247	871.97	899.17	45	22	-1	13.68	13.68
Fixation L	1	22	7856418889	7856881118	462229	892.59	891.78	28	34	-1	12.77	12.77
Fixation R	1	22	7856418889	7856881118	462229	892.59	891.78	28	34	-1	13.75	13.75
Saccade L	1	20	7856881118	7856909132	28014	881.61	887.41	923.95	884.27	0.89	48.18	0.51	31.85	1680.72	-1844.03	1272.30
Saccade R	1	20	7856881118	7856909132	28014	881.61	887.41	923.95	884.27	0.89	48.18	0.51	31.85	1680.72	-1844.03	1272.30
Fixation L	1	23	7856909132	7857671792	762660	928.14	897.00	35	35	-1	12.93	12.93
Fixation R	1	23	7856909132	7857671792	762660	928.14	897.00	35	35	-1	13.87	13.87
Saccade L	1	21	7857671792	7857697647	25855	935.19	890.51	864.59	882.64	1.63	117.21	0.53	63.09	4769.70	-4622.36	3298.53
Saccade R	1	21	7857671792	7857697647	25855	935.19	890.51	864.59	882.64	1.63	117.21	0.53	63.09	4769.70	-4622.36	3298.53
Fixation L	1	24	7857697647	7857749478	51831	871.28	884.84	16	9	-1	13.16	13.16
Fixation R	1	24	7857697647	7857749478	51831	871.28	884.84	16	9	-1	14.23	14.23
