[BeGaze]
Converted from:	C:\Program Files\SMI\Experiment Suite 360\Experiment Center 2\Results\RC-Attachment-Exp\Denek03-eye_data.idf
Date:	18.03.2012 20:04:09
Version:	BeGaze 3.0.181
Sample Rate:	500
Subject:	Denek03
Description:	Run6

Table Header for Fixations:
Event Type	Trial	Number	Start	End	Duration	Location X	Location Y	Dispersion X	Dispersion Y	Plane	Avg. Pupil Size X	Avg. Pupil Size Y

Table Header for Saccades:
Event Type	Trial	Number	Start	End	Duration	Start Loc.X	Start Loc.Y	End Loc.X	End Loc.Y	Amplitude	Peak Speed	Peak Speed At	Average Speed	Peak Accel.	Peak Decel.	Average Accel.

Table Header for Blinks:
Event Type	Trial	Number	Start	End	Duration

Table Header for User Events:
Event Type	Trial	Number	Start	Description

UserEvent	1	1	5138393738	# Message: RC-N1forced-anim-4.jpg
Fixation L	1	1	5138395540	5138919780	524240	507.96	472.91	28	34	-1	17.76	17.76
Fixation R	1	1	5138395540	5138919780	524240	507.96	472.91	28	34	-1	17.88	17.88
Saccade L	1	1	5138919780	5138951761	31981	513.39	464.38	570.65	494.68	1.38	68.45	0.44	43.11	2708.41	-2119.71	1754.60
Saccade R	1	1	5138919780	5138951761	31981	513.39	464.38	570.65	494.68	1.38	68.45	0.44	43.11	2708.41	-2119.71	1754.60
Fixation L	1	2	5138951761	5139099757	147996	565.24	472.25	24	37	-1	17.74	17.74
Fixation R	1	2	5138951761	5139099757	147996	565.24	472.25	24	37	-1	17.87	17.87
Saccade L	1	2	5139099757	5139133827	34070	572.74	461.02	643.26	477.09	1.63	82.93	0.41	47.73	3119.99	-2753.34	2109.58
Saccade R	1	2	5139099757	5139133827	34070	572.74	461.02	643.26	477.09	1.63	82.93	0.41	47.73	3119.99	-2753.34	2109.58
Fixation L	1	3	5139133827	5139235887	102060	638.61	473.85	25	19	-1	17.53	17.53
Fixation R	1	3	5139133827	5139235887	102060	638.61	473.85	25	19	-1	17.61	17.61
Saccade L	1	3	5139235887	5139265867	29980	645.57	470.43	514.74	477.04	2.76	176.32	0.47	92.07	6987.76	-7055.38	5173.73
Saccade R	1	3	5139235887	5139265867	29980	645.57	470.43	514.74	477.04	2.76	176.32	0.47	92.07	6987.76	-7055.38	5173.73
Fixation L	1	4	5139265867	5139429862	163995	524.54	469.12	21	36	-1	17.58	17.58
Fixation R	1	4	5139265867	5139429862	163995	524.54	469.12	21	36	-1	17.29	17.29
Saccade L	1	4	5139429862	5139459992	30130	534.89	470.88	679.38	462.04	3.28	216.61	0.47	108.71	8662.42	-8549.46	6232.39
Saccade R	1	4	5139429862	5139459992	30130	534.89	470.88	679.38	462.04	3.28	216.61	0.47	108.71	8662.42	-8549.46	6232.39
Fixation L	1	5	5139459992	5139841659	381667	642.31	466.79	53	27	-1	17.28	17.28
Fixation R	1	5	5139459992	5139841659	381667	642.31	466.79	53	27	-1	17.05	17.05
Saccade L	1	5	5139841659	5139868747	27088	639.12	452.88	763.65	451.30	2.50	168.74	0.53	92.37	6900.41	-6676.80	4947.91
Saccade R	1	5	5139841659	5139868747	27088	639.12	452.88	763.65	451.30	2.50	168.74	0.53	92.37	6900.41	-6676.80	4947.91
Fixation L	1	6	5139868747	5140098242	229495	748.67	445.49	25	19	-1	16.77	16.77
Fixation R	1	6	5139868747	5140098242	229495	748.67	445.49	25	19	-1	16.65	16.65
Saccade L	1	6	5140098242	5140138214	39972	751.20	439.71	849.53	457.01	2.37	124.49	0.48	59.39	4856.78	-4654.03	3262.13
Saccade R	1	6	5140098242	5140138214	39972	751.20	439.71	849.53	457.01	2.37	124.49	0.48	59.39	4856.78	-4654.03	3262.13
Fixation L	1	7	5140138214	5140416337	278123	858.47	454.33	37	26	-1	16.29	16.29
Fixation R	1	7	5140138214	5140416337	278123	858.47	454.33	37	26	-1	16.34	16.34
Saccade L	1	7	5140416337	5140446339	30002	862.49	462.42	940.16	448.74	1.85	116.86	0.53	61.81	4286.79	-4655.03	3224.73
Saccade R	1	7	5140416337	5140446339	30002	862.49	462.42	940.16	448.74	1.85	116.86	0.53	61.81	4286.79	-4655.03	3224.73
Fixation L	1	8	5140446339	5140712443	266104	934.35	449.16	34	22	-1	15.89	15.89
Fixation R	1	8	5140446339	5140712443	266104	934.35	449.16	34	22	-1	15.77	15.77
Saccade L	1	8	5140712443	5140768454	56011	919.56	454.64	1042.92	456.46	2.76	99.41	0.21	49.31	3897.24	-2598.82	1823.38
Saccade R	1	8	5140712443	5140768454	56011	919.56	454.64	1042.92	456.46	2.76	99.41	0.21	49.31	3897.24	-2598.82	1823.38
Fixation L	1	9	5140768454	5140902563	134109	1025.84	452.57	36	13	-1	15.58	15.58
Fixation R	1	9	5140768454	5140902563	134109	1025.84	452.57	36	13	-1	15.38	15.38
Saccade L	1	9	5140902563	5140926558	23995	1008.31	453.37	1071.32	441.77	1.36	114.46	0.54	56.71	3729.71	-4161.41	2806.65
Saccade R	1	9	5140902563	5140926558	23995	1008.31	453.37	1071.32	441.77	1.36	114.46	0.54	56.71	3729.71	-4161.41	2806.65
Fixation L	1	10	5140926558	5141330664	404106	1071.91	462.62	40	34	-1	15.66	15.66
Fixation R	1	10	5140926558	5141330664	404106	1071.91	462.62	40	34	-1	15.44	15.44
Saccade L	1	10	5141330664	5141372864	42200	1070.11	455.55	1115.84	441.18	1.32	50.46	0.34	31.30	1816.60	-1038.24	951.04
Saccade R	1	10	5141330664	5141372864	42200	1070.11	455.55	1115.84	441.18	1.32	50.46	0.34	31.30	1816.60	-1038.24	951.04
Fixation L	1	11	5141372864	5141492878	120014	1111.33	458.69	13	53	-1	15.83	15.83
Fixation R	1	11	5141372864	5141492878	120014	1111.33	458.69	13	53	-1	15.65	15.65
Saccade L	1	11	5141492878	5141523576	30698	1112.77	486.87	1161.78	458.90	1.22	62.41	0.45	39.67	2543.18	-2248.41	1763.28
Saccade R	1	11	5141492878	5141523576	30698	1112.77	486.87	1161.78	458.90	1.22	62.41	0.45	39.67	2543.18	-2248.41	1763.28
Fixation L	1	12	5141523576	5141687255	163679	1171.35	462.28	24	16	-1	15.85	15.85
Fixation R	1	12	5141523576	5141687255	163679	1171.35	462.28	24	16	-1	15.76	15.76
Saccade L	1	12	5141687255	5141742903	55648	1178.16	471.46	576.39	483.65	13.30	421.79	0.39	238.94	18195.74	-16379.58	11939.68
Saccade R	1	12	5141687255	5141742903	55648	1178.16	471.46	576.39	483.65	13.30	421.79	0.39	238.94	18195.74	-16379.58	11939.68
Fixation L	1	13	5141742903	5141975015	232112	591.01	458.75	36	34	-1	16.17	16.17
Fixation R	1	13	5141742903	5141975015	232112	591.01	458.75	36	34	-1	16.10	16.10
Saccade L	1	13	5141975015	5142007036	32021	605.41	454.07	522.91	446.56	1.77	112.47	0.38	55.17	4596.86	-4031.24	2974.84
Saccade R	1	13	5141975015	5142007036	32021	605.41	454.07	522.91	446.56	1.77	112.47	0.38	55.17	4596.86	-4031.24	2974.84
Fixation L	1	14	5142007036	5142153136	146100	532.24	445.84	25	8	-1	16.01	16.01
Fixation R	1	14	5142007036	5142153136	146100	532.24	445.84	25	8	-1	16.04	16.04
Saccade L	1	14	5142153136	5142185188	32052	541.04	447.50	704.77	441.17	3.62	243.54	0.50	112.85	10254.02	-9477.03	7158.25
Saccade R	1	14	5142153136	5142185188	32052	541.04	447.50	704.77	441.17	3.62	243.54	0.50	112.85	10254.02	-9477.03	7158.25
Fixation L	1	15	5142185188	5142365748	180560	701.26	443.30	31	23	-1	15.93	15.93
Fixation R	1	15	5142185188	5142365748	180560	701.26	443.30	31	23	-1	16.07	16.07
Saccade L	1	15	5142365748	5142397306	31558	693.55	442.04	834.56	437.14	3.07	198.60	0.55	97.20	8310.43	-7919.94	5912.22
Saccade R	1	15	5142365748	5142397306	31558	693.55	442.04	834.56	437.14	3.07	198.60	0.55	97.20	8310.43	-7919.94	5912.22
Fixation L	1	16	5142397306	5142573240	175934	826.00	440.85	23	19	-1	15.77	15.77
Fixation R	1	16	5142397306	5142573240	175934	826.00	440.85	23	19	-1	15.95	15.95
Saccade L	1	16	5142573240	5142607268	34028	824.66	447.51	926.62	446.34	2.21	134.02	0.35	64.92	5586.19	-4851.13	3467.72
Saccade R	1	16	5142573240	5142607268	34028	824.66	447.51	926.62	446.34	2.21	134.02	0.35	64.92	5586.19	-4851.13	3467.72
Fixation L	1	17	5142607268	5142873354	266086	930.64	437.35	14	18	-1	15.40	15.40
Fixation R	1	17	5142607268	5142873354	266086	930.64	437.35	14	18	-1	15.52	15.52
Saccade L	1	17	5142873354	5142907396	34042	934.05	437.19	1059.68	433.69	2.74	172.60	0.47	80.55	7387.36	-6517.01	4881.59
Saccade R	1	17	5142873354	5142907396	34042	934.05	437.19	1059.68	433.69	2.74	172.60	0.47	80.55	7387.36	-6517.01	4881.59
Fixation L	1	18	5142907396	5143067469	160073	1058.48	436.92	29	12	-1	15.14	15.14
Fixation R	1	18	5142907396	5143067469	160073	1058.48	436.92	29	12	-1	15.42	15.42
Saccade L	1	18	5143067469	5143101480	34011	1050.33	430.64	1171.51	411.12	2.68	138.56	0.42	78.88	6111.67	-5654.10	4293.93
Saccade R	1	18	5143067469	5143101480	34011	1050.33	430.64	1171.51	411.12	2.68	138.56	0.42	78.88	6111.67	-5654.10	4293.93
Fixation L	1	19	5143101480	5143293700	192220	1161.51	428.77	29	31	-1	15.03	15.03
Fixation R	1	19	5143101480	5143293700	192220	1161.51	428.77	29	31	-1	15.31	15.31
Saccade L	1	19	5143293700	5143368973	75273	1145.78	425.10	931.89	965.17	15.68	422.60	0.40	208.26	14244.67	-10125.33	8747.88
Saccade R	1	19	5143293700	5143368973	75273	1145.78	425.10	931.89	965.17	15.68	422.60	0.40	208.26	14244.67	-10125.33	8747.88
Fixation L	1	20	5143399591	5143491596	92005	895.28	1012.25	28	37	-1	15.46	15.46
Fixation R	1	20	5143399591	5143491596	92005	895.28	1012.25	28	37	-1	15.70	15.70
Saccade L	1	20	5143491596	5143521440	29844	905.15	1006.53	896.32	958.13	1.06	50.83	0.43	35.47	1769.18	-1756.44	1324.51
Saccade R	1	20	5143491596	5143521440	29844	905.15	1006.53	896.32	958.13	1.06	50.83	0.43	35.47	1769.18	-1756.44	1324.51
Fixation L	1	21	5143521440	5143869827	348387	887.51	958.04	26	27	-1	15.28	15.28
Fixation R	1	21	5143521440	5143869827	348387	887.51	958.04	26	27	-1	15.49	15.49
