[BeGaze]
Converted from:	C:\Program Files\SMI\Experiment Suite 360\Experiment Center 2\Results\RC-Attachment-Exp\P02-eye_data.idf
Date:	18.03.2012 20:03:11
Version:	BeGaze 3.0.181
Sample Rate:	500
Subject:	P02
Description:	Run2

Table Header for Fixations:
Event Type	Trial	Number	Start	End	Duration	Location X	Location Y	Dispersion X	Dispersion Y	Plane	Avg. Pupil Size X	Avg. Pupil Size Y

Table Header for Saccades:
Event Type	Trial	Number	Start	End	Duration	Start Loc.X	Start Loc.Y	End Loc.X	End Loc.Y	Amplitude	Peak Speed	Peak Speed At	Average Speed	Peak Accel.	Peak Decel.	Average Accel.

Table Header for Blinks:
Event Type	Trial	Number	Start	End	Duration

Table Header for User Events:
Event Type	Trial	Number	Start	Description

UserEvent	1	1	3845794400	# Message: RC-N1forced-anim-6.jpg
Fixation L	1	1	3845805245	3845992620	187375	499.77	429.60	12	36	-1	12.31	12.31
Fixation R	1	1	3845805245	3845992620	187375	499.77	429.60	12	36	-1	12.78	12.78
Saccade L	1	1	3845992620	3846033645	41025	498.88	428.95	650.22	429.56	5.27	258.77	0.57	128.47	10501.03	-10592.91	7566.01
Saccade R	1	1	3845992620	3846033645	41025	498.88	428.95	650.22	429.56	5.27	258.77	0.57	128.47	10501.03	-10592.91	7566.01
Saccade L	1	2	3846069397	3846099356	29959	656.92	430.07	661.97	413.61	1.00	43.34	0.40	33.35	1582.46	-1666.17	1279.42
Saccade R	1	2	3846069397	3846099356	29959	656.92	430.07	661.97	413.61	1.00	43.34	0.40	33.35	1582.46	-1666.17	1279.42
Saccade L	1	3	3846149353	3846179338	29985	662.93	419.67	523.10	442.61	2.91	170.47	0.53	97.14	6665.77	-6775.96	5023.73
Saccade R	1	3	3846149353	3846179338	29985	662.93	419.67	523.10	442.61	2.91	170.47	0.53	97.14	6665.77	-6775.96	5023.73
Fixation L	1	2	3846179338	3846239334	59996	535.83	452.13	21	23	-1	12.56	12.56
Fixation R	1	2	3846179338	3846239334	59996	535.83	452.13	21	23	-1	12.67	12.67
Saccade L	1	4	3846239334	3846313383	74049	531.09	464.09	540.90	432.36	12.31	503.22	0.35	166.29	21553.04	-18416.80	10423.46
Saccade R	1	4	3846239334	3846313383	74049	531.09	464.09	540.90	432.36	12.31	503.22	0.35	166.29	21553.04	-18416.80	10423.46
Saccade L	1	5	3846323459	3846353493	30034	536.44	429.85	535.99	429.16	4.90	225.03	0.47	163.00	10074.00	-9816.55	7943.47
Saccade R	1	5	3846323459	3846353493	30034	536.44	429.85	535.99	429.16	4.90	225.03	0.47	163.00	10074.00	-9816.55	7943.47
Fixation L	1	3	3846391458	3846445596	54138	536.00	440.23	66	25	-1	12.51	12.51
Fixation R	1	3	3846391458	3846445596	54138	536.00	440.23	66	25	-1	12.73	12.73
Saccade L	1	6	3846445596	3846481480	35884	532.12	441.81	596.88	444.72	2.77	179.64	0.39	77.17	5992.39	-5068.29	3297.62
Saccade R	1	6	3846445596	3846481480	35884	532.12	441.81	596.88	444.72	2.77	179.64	0.39	77.17	5992.39	-5068.29	3297.62
Saccade L	1	7	3846599989	3846624077	24088	587.53	437.66	649.35	443.35	1.36	100.34	0.48	56.46	3599.58	-3799.01	2646.18
Saccade R	1	7	3846599989	3846624077	24088	587.53	437.66	649.35	443.35	1.36	100.34	0.48	56.46	3599.58	-3799.01	2646.18
Fixation L	1	4	3846624077	3846793560	169483	645.23	445.42	12	26	-1	12.74	12.74
Fixation R	1	4	3846624077	3846793560	169483	645.23	445.42	12	26	-1	13.09	13.09
Saccade L	1	8	3846793560	3846825559	31999	649.42	448.77	706.41	459.64	1.58	100.03	0.63	49.27	3546.18	-3714.63	2421.30
Saccade R	1	8	3846793560	3846825559	31999	649.42	448.77	706.41	459.64	1.58	100.03	0.63	49.27	3546.18	-3714.63	2421.30
Fixation L	1	5	3846825559	3846972608	147049	713.19	442.73	22	31	-1	12.87	12.87
Fixation R	1	5	3846825559	3846972608	147049	713.19	442.73	22	31	-1	13.28	13.28
Saccade L	1	9	3846972608	3846993732	21124	716.47	443.49	753.80	449.98	0.82	62.97	0.52	38.82	2444.65	-2262.37	1585.36
Saccade R	1	9	3846972608	3846993732	21124	716.47	443.49	753.80	449.98	0.82	62.97	0.52	38.82	2444.65	-2262.37	1585.36
Fixation L	1	6	3846993732	3847147986	154254	759.61	440.07	9	27	-1	12.73	12.73
Fixation R	1	6	3846993732	3847147986	154254	759.61	440.07	9	27	-1	13.13	13.13
Saccade L	1	10	3847147986	3847175796	27810	753.80	424.63	830.05	433.30	1.61	103.97	0.42	57.81	3253.52	-3953.83	2706.23
Saccade R	1	10	3847147986	3847175796	27810	753.80	424.63	830.05	433.30	1.61	103.97	0.42	57.81	3253.52	-3953.83	2706.23
Fixation L	1	7	3847175796	3847666055	490259	824.12	425.33	26	36	-1	12.66	12.66
Fixation R	1	7	3847175796	3847666055	490259	824.12	425.33	26	36	-1	13.21	13.21
Blink L	1	1	3847666055	3847730041	63986
Blink R	1	1	3847666055	3847730041	63986
Blink L	1	2	3847744580	3847768029	23449
Blink R	1	2	3847744580	3847768029	23449
Saccade L	1	11	3847854151	3847876040	21889	885.14	400.01	885.70	404.36	5.76	318.15	0.73	263.03	-6635.05	-22834.98	14768.31
Saccade R	1	11	3847854151	3847876040	21889	885.14	400.01	885.70	404.36	5.76	318.15	0.73	263.03	-6635.05	-22834.98	14768.31
Fixation L	1	8	3847876040	3847948148	72108	884.65	400.79	8	23	-1	12.51	12.51
Fixation R	1	8	3847876040	3847948148	72108	884.65	400.79	8	23	-1	13.21	13.21
Saccade L	1	12	3847948148	3847972160	24012	879.84	390.23	943.99	412.28	1.39	100.44	0.58	57.80	3436.35	-3664.18	2561.47
Saccade R	1	12	3847948148	3847972160	24012	879.84	390.23	943.99	412.28	1.39	100.44	0.58	57.80	3436.35	-3664.18	2561.47
Fixation L	1	9	3847972160	3848144164	172004	941.73	407.36	11	35	-1	12.55	12.55
Fixation R	1	9	3847972160	3848144164	172004	941.73	407.36	11	35	-1	13.30	13.30
Saccade L	1	13	3848144164	3848166143	21979	940.00	415.52	977.91	419.68	0.75	52.03	0.45	34.00	1659.42	-1585.90	1116.48
Saccade R	1	13	3848144164	3848166143	21979	940.00	415.52	977.91	419.68	0.75	52.03	0.45	34.00	1659.42	-1585.90	1116.48
Fixation L	1	10	3848166143	3848570369	404226	981.57	420.67	19	19	-1	12.76	12.76
Fixation R	1	10	3848166143	3848570369	404226	981.57	420.67	19	19	-1	13.43	13.43
Saccade L	1	14	3848570369	3848600372	30003	979.32	417.49	1058.33	404.32	1.71	99.44	0.47	57.00	4174.79	-3946.88	2956.54
Saccade R	1	14	3848570369	3848600372	30003	979.32	417.49	1058.33	404.32	1.71	99.44	0.47	57.00	4174.79	-3946.88	2956.54
Fixation L	1	11	3848600372	3848834558	234186	1056.02	421.56	15	35	-1	12.69	12.69
Fixation R	1	11	3848600372	3848834558	234186	1056.02	421.56	15	35	-1	13.51	13.51
Saccade L	1	15	3848834558	3848866487	31929	1058.35	418.01	1101.58	413.72	16.60	782.27	0.62	520.01	29621.37	-36060.39	24801.62
Saccade R	1	15	3848834558	3848866487	31929	1058.35	418.01	1101.58	413.72	16.60	782.27	0.62	520.01	29621.37	-36060.39	24801.62
Fixation L	1	12	3848866487	3849112622	246135	1102.91	412.47	33	17	-1	12.67	12.67
Fixation R	1	12	3848866487	3849112622	246135	1102.91	412.47	33	17	-1	13.58	13.58
Saccade L	1	16	3849112622	3849136634	24012	1098.54	414.24	1132.22	414.72	0.72	41.31	0.42	29.81	1576.46	-1180.50	969.20
Saccade R	1	16	3849112622	3849136634	24012	1098.54	414.24	1132.22	414.72	0.72	41.31	0.42	29.81	1576.46	-1180.50	969.20
Fixation L	1	13	3849136634	3849484865	348231	1137.73	417.35	26	25	-1	12.83	12.83
Fixation R	1	13	3849136634	3849484865	348231	1137.73	417.35	26	25	-1	13.49	13.49
Saccade L	1	17	3849484865	3849510714	25849	1137.13	415.53	1188.22	437.37	1.22	82.36	0.54	47.28	2924.79	-2677.87	2061.99
Saccade R	1	17	3849484865	3849510714	25849	1137.13	415.53	1188.22	437.37	1.22	82.36	0.54	47.28	2924.79	-2677.87	2061.99
Fixation L	1	14	3849510714	3849642853	132139	1179.02	446.86	26	32	-1	12.80	12.80
Fixation R	1	14	3849510714	3849642853	132139	1179.02	446.86	26	32	-1	13.53	13.53
Saccade L	1	18	3849642853	3849698837	55984	1171.70	467.46	917.93	908.93	11.87	405.75	0.32	212.00	17914.39	-9346.01	9476.07
Saccade R	1	18	3849642853	3849698837	55984	1171.70	467.46	917.93	908.93	11.87	405.75	0.32	212.00	17914.39	-9346.01	9476.07
Fixation L	1	15	3849712894	3849916960	204066	918.61	896.91	17	40	-1	13.33	13.33
Fixation R	1	15	3849712894	3849916960	204066	918.61	896.91	17	40	-1	14.04	14.04
Saccade L	1	19	3849916960	3849939218	22258	925.76	914.13	926.80	1002.04	1.78	143.39	0.54	79.86	5376.84	-4594.44	3316.72
Saccade R	1	19	3849916960	3849939218	22258	925.76	914.13	926.80	1002.04	1.78	143.39	0.54	79.86	5376.84	-4594.44	3316.72
Fixation L	1	16	3849939218	3850205083	265865	919.93	982.48	21	39	-1	13.14	13.14
Fixation R	1	16	3849939218	3850205083	265865	919.93	982.48	21	39	-1	13.95	13.95
