[BeGaze]
Converted from:	C:\Program Files\SMI\Experiment Suite 360\Experiment Center 2\Results\RC-Attachment-Exp\deneme-eye_data.idf
Date:	24.02.2012 09:57:33
Version:	BeGaze 3.0.181
Sample Rate:	500
Subject:	deneme
Description:	Run3

Table Header for Fixations:
Event Type	Trial	Number	Start	End	Duration	Location X	Location Y	Dispersion X	Dispersion Y	Plane	Avg. Pupil Size X	Avg. Pupil Size Y

Table Header for Saccades:
Event Type	Trial	Number	Start	End	Duration	Start Loc.X	Start Loc.Y	End Loc.X	End Loc.Y	Amplitude	Peak Speed	Peak Speed At	Average Speed	Peak Accel.	Peak Decel.	Average Accel.

Table Header for Blinks:
Event Type	Trial	Number	Start	End	Duration

Table Header for User Events:
Event Type	Trial	Number	Start	Description

UserEvent	1	1	8561757939	# Message: Questionnaire6.jpg
Fixation L	1	1	8561767253	8562177215	409962	875.83	955.78	42	19	-1	10.22	10.22
Fixation R	1	1	8561767253	8562177215	409962	875.83	955.78	42	19	-1	10.07	10.07
Saccade L	1	1	8562177215	8562251212	73997	867.03	954.45	453.33	476.59	14.74	382.08	0.22	199.25	16849.10	-8522.21	7738.27
Saccade R	1	1	8562177215	8562251212	73997	867.03	954.45	453.33	476.59	14.74	382.08	0.22	199.25	16849.10	-8522.21	7738.27
Fixation L	1	2	8562251212	8562397362	146150	454.45	468.35	19	21	-1	10.00	10.00
Fixation R	1	2	8562251212	8562397362	146150	454.45	468.35	19	21	-1	9.58	9.58
Saccade L	1	2	8562397362	8562419345	21983	459.37	458.31	407.42	462.54	1.07	82.31	0.45	48.56	3182.02	-3140.00	2143.15
Saccade R	1	2	8562397362	8562419345	21983	459.37	458.31	407.42	462.54	1.07	82.31	0.45	48.56	3182.02	-3140.00	2143.15
Fixation L	1	3	8562419345	8562685356	266011	404.08	459.47	12	23	-1	10.04	10.04
Fixation R	1	3	8562419345	8562685356	266011	404.08	459.47	12	23	-1	9.55	9.55
Saccade L	1	3	8562685356	8562713522	28166	411.35	450.98	429.49	378.89	1.68	110.25	0.43	59.56	4621.69	-4009.10	3085.49
Saccade R	1	3	8562685356	8562713522	28166	411.35	450.98	429.49	378.89	1.68	110.25	0.43	59.56	4621.69	-4009.10	3085.49
Fixation L	1	4	8562713522	8562879651	166129	446.82	376.70	35	29	-1	10.07	10.07
Fixation R	1	4	8562713522	8562879651	166129	446.82	376.70	35	29	-1	9.56	9.56
Saccade L	1	4	8562879651	8562915577	35926	445.66	385.17	599.98	377.05	3.30	178.44	0.38	91.81	7458.14	-7080.81	5217.38
Saccade R	1	4	8562879651	8562915577	35926	445.66	385.17	599.98	377.05	3.30	178.44	0.38	91.81	7458.14	-7080.81	5217.38
Fixation L	1	5	8562915577	8563055654	140077	604.24	371.85	11	21	-1	10.08	10.08
Fixation R	1	5	8562915577	8563055654	140077	604.24	371.85	11	21	-1	9.65	9.65
Saccade L	1	5	8563055654	8563085560	29906	609.72	375.22	720.76	377.06	2.44	153.75	0.47	81.49	6314.25	-6206.71	4578.94
Saccade R	1	5	8563055654	8563085560	29906	609.72	375.22	720.76	377.06	2.44	153.75	0.47	81.49	6314.25	-6206.71	4578.94
Fixation L	1	6	8563085560	8563225020	139460	725.11	373.98	8	23	-1	10.13	10.13
Fixation R	1	6	8563085560	8563225020	139460	725.11	373.98	8	23	-1	9.75	9.75
Saccade L	1	6	8563225020	8563279680	54660	724.96	382.98	849.46	353.78	3.86	160.59	0.56	70.57	6583.19	-6071.98	4236.36
Saccade R	1	6	8563225020	8563279680	54660	724.96	382.98	849.46	353.78	3.86	160.59	0.56	70.57	6583.19	-6071.98	4236.36
Fixation L	1	7	8563279680	8563403679	123999	844.87	368.49	18	27	-1	10.24	10.24
Fixation R	1	7	8563279680	8563403679	123999	844.87	368.49	18	27	-1	9.86	9.86
Saccade L	1	7	8563403679	8563436335	32656	847.35	377.84	996.83	362.42	3.33	186.29	0.43	102.03	7901.41	-7994.26	5899.15
Saccade R	1	7	8563403679	8563436335	32656	847.35	377.84	996.83	362.42	3.33	186.29	0.43	102.03	7901.41	-7994.26	5899.15
Fixation L	1	8	8563436335	8563547801	111466	992.68	370.82	10	14	-1	10.29	10.29
Fixation R	1	8	8563436335	8563547801	111466	992.68	370.82	10	14	-1	9.97	9.97
Saccade L	1	8	8563547801	8563593798	45997	995.23	373.25	1059.45	338.84	3.09	155.61	0.30	67.19	6401.08	-5622.05	3828.94
Saccade R	1	8	8563547801	8563593798	45997	995.23	373.25	1059.45	338.84	3.09	155.61	0.30	67.19	6401.08	-5622.05	3828.94
Saccade L	1	9	8563617802	8563655800	37998	1079.83	348.87	1061.60	285.08	1.88	89.53	0.22	49.47	3258.75	-2860.33	1833.60
Saccade R	1	9	8563617802	8563655800	37998	1079.83	348.87	1061.60	285.08	1.88	89.53	0.22	49.47	3258.75	-2860.33	1833.60
Saccade L	1	10	8563688297	8563728383	40086	1076.12	281.95	915.93	363.35	4.45	225.66	0.49	110.89	7929.20	-9387.57	5928.99
Saccade R	1	10	8563688297	8563728383	40086	1076.12	281.95	915.93	363.35	4.45	225.66	0.49	110.89	7929.20	-9387.57	5928.99
Fixation L	1	9	8563728383	8564044181	315798	914.24	381.07	10	37	-1	10.35	10.35
Fixation R	1	9	8563728383	8564044181	315798	914.24	381.07	10	37	-1	10.02	10.02
Saccade L	1	11	8564044181	8564076037	31856	912.59	390.55	991.15	381.24	1.81	98.39	0.44	56.74	4146.53	-3691.98	2825.93
Saccade R	1	11	8564044181	8564076037	31856	912.59	390.55	991.15	381.24	1.81	98.39	0.44	56.74	4146.53	-3691.98	2825.93
Fixation L	1	10	8564076037	8564318669	242632	990.02	370.28	17	18	-1	10.29	10.29
Fixation R	1	10	8564076037	8564318669	242632	990.02	370.28	17	18	-1	9.90	9.90
Saccade L	1	12	8564318669	8564356157	37488	989.88	368.66	1060.19	314.08	2.22	97.61	0.31	59.14	4135.83	-3386.13	2662.42
Saccade R	1	12	8564318669	8564356157	37488	989.88	368.66	1060.19	314.08	2.22	97.61	0.31	59.14	4135.83	-3386.13	2662.42
Saccade L	1	13	8564382247	8564404169	21922	1082.83	299.36	1089.63	348.77	0.99	75.93	0.36	45.35	1883.53	-2556.06	1505.45
Saccade R	1	13	8564382247	8564404169	21922	1082.83	299.36	1089.63	348.77	0.99	75.93	0.36	45.35	1883.53	-2556.06	1505.45
Saccade L	1	14	8564416170	8564450168	33998	1095.38	344.33	1153.04	282.21	1.77	108.65	0.71	52.10	3771.72	-465.23	1662.89
Saccade R	1	14	8564416170	8564450168	33998	1095.38	344.33	1153.04	282.21	1.77	108.65	0.71	52.10	3771.72	-465.23	1662.89
Saccade L	1	15	8564450168	8564486285	36117	1153.04	282.21	1083.40	289.14	2.54	163.90	0.39	70.37	2029.44	-4405.13	2312.49
Saccade R	1	15	8564450168	8564486285	36117	1153.04	282.21	1083.40	289.14	2.54	163.90	0.39	70.37	2029.44	-4405.13	2312.49
Saccade L	1	16	8564500276	8564524272	23996	1095.23	284.66	1107.13	341.81	1.26	93.93	0.42	52.62	2868.08	-3280.61	2137.72
Saccade R	1	16	8564500276	8564524272	23996	1095.23	284.66	1107.13	341.81	1.26	93.93	0.42	52.62	2868.08	-3280.61	2137.72
Saccade L	1	17	8564542331	8564574281	31950	1114.40	335.45	996.55	330.99	2.56	152.35	0.44	80.19	6082.58	-6097.00	4480.79
Saccade R	1	17	8564542331	8564574281	31950	1114.40	335.45	996.55	330.99	2.56	152.35	0.44	80.19	6082.58	-6097.00	4480.79
Fixation L	1	11	8564574281	8565008395	434114	996.61	358.26	36	49	-1	10.10	10.10
Fixation R	1	11	8564574281	8565008395	434114	996.61	358.26	36	49	-1	9.90	9.90
Saccade L	1	18	8565008395	8565042512	34117	1007.46	379.09	1113.97	369.67	2.65	154.37	0.55	77.63	6382.71	-6427.69	4698.40
Saccade R	1	18	8565008395	8565042512	34117	1007.46	379.09	1113.97	369.67	2.65	154.37	0.55	77.63	6382.71	-6427.69	4698.40
Fixation L	1	12	8565042512	8565250496	207984	1113.52	373.20	16	14	-1	10.01	10.01
Fixation R	1	12	8565042512	8565250496	207984	1113.52	373.20	16	14	-1	9.72	9.72
Saccade L	1	19	8565250496	8565322636	72140	1120.56	372.02	538.50	378.10	13.49	324.95	0.25	186.99	14287.47	-8616.59	6676.20
Saccade R	1	19	8565250496	8565322636	72140	1120.56	372.02	538.50	378.10	13.49	324.95	0.25	186.99	14287.47	-8616.59	6676.20
Fixation L	1	13	8565322636	8565660756	338120	521.11	364.08	25	32	-1	9.94	9.94
Fixation R	1	13	8565322636	8565660756	338120	521.11	364.08	25	32	-1	9.36	9.36
Saccade L	1	20	8565660756	8565702734	41978	515.45	346.21	369.37	492.70	4.80	230.74	0.48	114.33	10013.32	-9433.33	6943.58
Saccade R	1	20	8565660756	8565702734	41978	515.45	346.21	369.37	492.70	4.80	230.74	0.48	114.33	10013.32	-9433.33	6943.58
Fixation L	1	14	8565702734	8566473786	771052	382.89	492.95	41	37	-1	9.80	9.80
Fixation R	1	14	8565702734	8566605198	902464	340.44	440.79	400	640	-1	8.50	8.50
Blink L	1	1	8566473786	8566651208	177422
Saccade R	1	21	8566605198	8566651208	46010	0.00	0.00	283.49	458.89	17.08	1219.37	0.26	371.23	44722.41	-34260.25	20162.20
Saccade L	1	21	8566667209	8566711467	44258	287.33	458.52	366.00	451.32	1.81	61.21	0.50	40.81	2308.60	-2268.98	1563.06
Saccade R	1	22	8566667209	8566711467	44258	287.33	458.52	366.00	451.32	1.81	61.21	0.50	40.81	2308.60	-2268.98	1563.06
Fixation L	1	15	8566711467	8567993863	1282396	370.39	466.02	35	40	-1	9.93	9.93
Fixation R	1	15	8566711467	8567993863	1282396	370.39	466.02	35	40	-1	9.52	9.52
UserEvent	1	109	8567087921	# Message: UE-mouseclick left x=366 y=438
UserEvent	1	128	8567807731	# Message: UE-mouseclick left x=367 y=471
Saccade L	1	22	8567993863	8568025816	31953	351.22	469.98	393.42	515.53	1.50	78.89	0.57	47.07	3186.57	-3192.28	2311.90
Saccade R	1	23	8567993863	8568025816	31953	351.22	469.98	393.42	515.53	1.50	78.89	0.57	47.07	3186.57	-3192.28	2311.90
Fixation L	1	16	8568025816	8568201794	175978	395.41	517.48	23	18	-1	10.20	10.20
Fixation R	1	16	8568025816	8568201794	175978	395.41	517.48	23	18	-1	9.82	9.82
Fixation L	1	17	8568221842	8568523927	302085	410.55	492.26	13	16	-1	10.19	10.19
Fixation R	1	17	8568221842	8568523927	302085	410.55	492.26	13	16	-1	9.85	9.85
UserEvent	1	140	8568415617	# Message: UE-mouseclick left x=391 y=521
