[BeGaze]
Converted from:	C:\Program Files\SMI\Experiment Suite 360\Experiment Center 2\Results\RC-Attachment-Exp\P29-eye_data.idf
Date:	18.03.2012 20:24:35
Version:	BeGaze 3.0.181
Sample Rate:	500
Subject:	P29
Description:	Run34

Table Header for Fixations:
Event Type	Trial	Number	Start	End	Duration	Location X	Location Y	Dispersion X	Dispersion Y	Plane	Avg. Pupil Size X	Avg. Pupil Size Y

Table Header for Saccades:
Event Type	Trial	Number	Start	End	Duration	Start Loc.X	Start Loc.Y	End Loc.X	End Loc.Y	Amplitude	Peak Speed	Peak Speed At	Average Speed	Peak Accel.	Peak Decel.	Average Accel.

Table Header for Blinks:
Event Type	Trial	Number	Start	End	Duration

Table Header for User Events:
Event Type	Trial	Number	Start	Description

UserEvent	1	1	3357992750	# Message: RC-nonforced-anim-3.jpg
Fixation L	1	1	3357994851	3358614563	619712	480.97	439.13	45	32	-1	10.51	10.51
Fixation R	1	1	3357994851	3358614563	619712	480.97	439.13	45	32	-1	10.67	10.67
Saccade L	1	1	3358614563	3358642344	27781	471.99	443.44	614.08	444.22	3.00	206.78	0.56	107.91	8688.99	-8460.17	6265.20
Saccade R	1	1	3358614563	3358642344	27781	471.99	443.44	614.08	444.22	3.00	206.78	0.56	107.91	8688.99	-8460.17	6265.20
Fixation L	1	2	3358642344	3359076490	434146	624.10	440.60	28	33	-1	10.55	10.55
Fixation R	1	2	3358642344	3359076490	434146	624.10	440.60	28	33	-1	10.75	10.75
Saccade L	1	2	3359076490	3359108455	31965	617.61	455.57	722.28	430.68	2.31	142.55	0.37	72.27	5586.42	-5519.73	3980.70
Saccade R	1	2	3359076490	3359108455	31965	617.61	455.57	722.28	430.68	2.31	142.55	0.37	72.27	5586.42	-5519.73	3980.70
Fixation L	1	3	3359108455	3359278590	170135	727.09	426.69	29	32	-1	10.43	10.43
Fixation R	1	3	3359108455	3359278590	170135	727.09	426.69	29	32	-1	10.83	10.83
Saccade L	1	3	3359278590	3359304587	25997	733.04	433.51	800.69	426.62	1.46	93.48	0.46	56.30	3817.23	-3675.83	2664.08
Saccade R	1	3	3359278590	3359304587	25997	733.04	433.51	800.69	426.62	1.46	93.48	0.46	56.30	3817.23	-3675.83	2664.08
Fixation L	1	4	3359304587	3359930825	626238	813.52	446.88	31	34	-1	10.55	10.55
Fixation R	1	4	3359304587	3359930825	626238	813.52	446.88	31	34	-1	10.86	10.86
Saccade L	1	4	3359930825	3359956844	26019	819.60	464.14	921.46	435.61	2.30	163.52	0.54	88.44	6006.18	-6824.11	4650.58
Saccade R	1	4	3359930825	3359956844	26019	819.60	464.14	921.46	435.61	2.30	163.52	0.54	88.44	6006.18	-6824.11	4650.58
Fixation L	1	5	3359956844	3360156940	200096	922.56	434.89	22	20	-1	10.73	10.73
Fixation R	1	5	3359956844	3360156940	200096	922.56	434.89	22	20	-1	10.98	10.98
Saccade L	1	5	3360156940	3360182960	26020	936.94	446.17	988.92	433.22	1.22	78.71	0.49	46.99	2955.00	-3004.29	2122.60
Saccade R	1	5	3360156940	3360182960	26020	936.94	446.17	988.92	433.22	1.22	78.71	0.49	46.99	2955.00	-3004.29	2122.60
Fixation L	1	6	3360182960	3360635198	452238	1021.15	435.87	64	48	-1	10.56	10.56
Fixation R	1	6	3360182960	3360635198	452238	1021.15	435.87	64	48	-1	10.91	10.91
Saccade L	1	6	3360635198	3360663186	27988	1035.80	434.46	865.20	438.69	3.66	254.12	0.60	130.77	10719.34	-10521.25	7732.18
Saccade R	1	6	3360635198	3360663186	27988	1035.80	434.46	865.20	438.69	3.66	254.12	0.60	130.77	10719.34	-10521.25	7732.18
Fixation L	1	7	3360663186	3360891291	228105	855.65	445.46	37	17	-1	10.56	10.56
Fixation R	1	7	3360663186	3360891291	228105	855.65	445.46	37	17	-1	10.66	10.66
Saccade L	1	7	3360891291	3360953376	62085	835.86	448.64	1028.76	454.83	4.56	244.16	0.58	73.42	9283.97	-9618.27	4517.06
Saccade R	1	7	3360891291	3360953376	62085	835.86	448.64	1028.76	454.83	4.56	244.16	0.58	73.42	9283.97	-9618.27	4517.06
Fixation L	1	8	3360953376	3361267441	314065	1048.23	434.01	40	55	-1	10.58	10.58
Fixation R	1	8	3360953376	3361267441	314065	1048.23	434.01	40	55	-1	10.81	10.81
Saccade L	1	8	3361267441	3361291426	23985	1061.87	410.14	1037.17	439.82	0.79	44.93	0.42	32.83	1385.42	-1212.96	894.06
Saccade R	1	8	3361267441	3361291426	23985	1061.87	410.14	1037.17	439.82	0.79	44.93	0.42	32.83	1385.42	-1212.96	894.06
Saccade L	1	9	3361299420	3361336017	36597	1033.14	441.08	929.98	431.47	3.06	226.50	0.33	83.53	7939.63	-7657.48	4698.58
Saccade R	1	9	3361299420	3361336017	36597	1033.14	441.08	929.98	431.47	3.06	226.50	0.33	83.53	7939.63	-7657.48	4698.58
Fixation L	1	9	3361336017	3361506152	170135	929.27	429.39	13	37	-1	10.58	10.58
Fixation R	1	9	3361336017	3361506152	170135	929.27	429.39	13	37	-1	10.78	10.78
Saccade L	1	10	3361506152	3361537543	31391	921.36	402.08	1026.01	437.76	2.69	181.97	0.43	85.63	6396.77	-7203.42	4911.07
Saccade R	1	10	3361506152	3361537543	31391	921.36	402.08	1026.01	437.76	2.69	181.97	0.43	85.63	6396.77	-7203.42	4911.07
Fixation L	1	10	3361537543	3361871662	334119	1036.34	447.58	25	37	-1	10.46	10.46
Fixation R	1	10	3361537543	3361871662	334119	1036.34	447.58	25	37	-1	10.85	10.85
Saccade L	1	11	3361871662	3361893950	22288	1024.95	444.13	1173.07	450.66	2.75	241.09	0.54	123.18	9577.16	-7916.79	5705.85
Saccade R	1	11	3361871662	3361893950	22288	1024.95	444.13	1173.07	450.66	2.75	241.09	0.54	123.18	9577.16	-7916.79	5705.85
Fixation L	1	11	3361903784	3362095778	191994	1124.87	454.38	46	24	-1	10.69	10.69
Fixation R	1	11	3361903784	3362095778	191994	1124.87	454.38	46	24	-1	10.87	10.87
Saccade L	1	12	3362095778	3362201014	105236	1115.19	443.84	933.09	929.24	12.26	248.29	0.38	116.53	8866.58	-4480.87	3674.35
Saccade R	1	12	3362095778	3362201014	105236	1115.19	443.84	933.09	929.24	12.26	248.29	0.38	116.53	8866.58	-4480.87	3674.35
Fixation L	1	12	3362221904	3362446033	224129	941.21	930.46	33	28	-1	10.41	10.41
Fixation R	1	12	3362221904	3362446033	224129	941.21	930.46	33	28	-1	11.03	11.03
Saccade L	1	13	3362446033	3362469941	23908	952.01	930.35	919.71	889.21	1.10	70.41	0.50	46.11	2872.02	-2930.71	2057.40
Saccade R	1	13	3362446033	3362469941	23908	952.01	930.35	919.71	889.21	1.10	70.41	0.50	46.11	2872.02	-2930.71	2057.40
Fixation L	1	13	3362469941	3362542023	72082	916.87	883.71	9	11	-1	10.66	10.66
Fixation R	1	13	3362469941	3362542023	72082	916.87	883.71	9	11	-1	10.89	10.89
Fixation L	1	14	3362562026	3362762141	200115	922.93	919.97	18	26	-1	10.47	10.47
Fixation R	1	14	3362562026	3362762141	200115	922.93	919.97	18	26	-1	10.76	10.76
