[BeGaze]
Converted from:	C:\Program Files\SMI\Experiment Suite 360\Experiment Center 2\Results\RC-Attachment-Exp\P23-eye_data.idf
Date:	18.03.2012 20:18:17
Version:	BeGaze 3.0.181
Sample Rate:	500
Subject:	P23
Description:	Run28

Table Header for Fixations:
Event Type	Trial	Number	Start	End	Duration	Location X	Location Y	Dispersion X	Dispersion Y	Plane	Avg. Pupil Size X	Avg. Pupil Size Y

Table Header for Saccades:
Event Type	Trial	Number	Start	End	Duration	Start Loc.X	Start Loc.Y	End Loc.X	End Loc.Y	Amplitude	Peak Speed	Peak Speed At	Average Speed	Peak Accel.	Peak Decel.	Average Accel.

Table Header for Blinks:
Event Type	Trial	Number	Start	End	Duration

Table Header for User Events:
Event Type	Trial	Number	Start	Description

UserEvent	1	1	4791460560	# Message: Questionnaire11.jpg
Fixation L	1	1	4791462755	4791948866	486111	918.85	924.79	31	22	-1	13.27	13.27
Fixation R	1	1	4791462755	4791948866	486111	918.85	924.79	31	22	-1	13.44	13.44
Saccade L	1	1	4791948866	4792026846	77980	902.71	924.71	440.57	365.27	16.34	537.05	0.23	209.50	23968.81	-12431.84	9830.27
Saccade R	1	1	4791948866	4792026846	77980	902.71	924.71	440.57	365.27	16.34	537.05	0.23	209.50	23968.81	-12431.84	9830.27
Fixation L	1	2	4792026846	4792137390	110544	466.96	391.71	35	44	-1	13.65	13.65
Fixation R	1	2	4792026846	4792137390	110544	466.96	391.71	35	44	-1	13.81	13.81
Saccade L	1	2	4792137390	4792163013	25623	475.48	403.21	467.57	359.99	0.89	52.52	0.37	34.57	2052.74	-1798.57	1340.33
Saccade R	1	2	4792137390	4792163013	25623	475.48	403.21	467.57	359.99	0.89	52.52	0.37	34.57	2052.74	-1798.57	1340.33
Fixation L	1	3	4792163013	4792297218	134205	461.20	365.98	17	33	-1	13.73	13.73
Fixation R	1	3	4792163013	4792297218	134205	461.20	365.98	17	33	-1	13.79	13.79
Saccade L	1	3	4792297218	4792330541	33323	450.83	386.11	601.31	375.25	3.36	200.20	0.41	100.80	8685.48	-8039.73	6080.42
Saccade R	1	3	4792297218	4792330541	33323	450.83	386.11	601.31	375.25	3.36	200.20	0.41	100.80	8685.48	-8039.73	6080.42
Fixation L	1	4	4792330541	4792537948	207407	598.38	371.56	18	19	-1	13.60	13.60
Fixation R	1	4	4792330541	4792537948	207407	598.38	371.56	18	19	-1	13.96	13.96
Saccade L	1	4	4792537948	4792577137	39189	599.57	370.19	736.35	367.66	2.98	175.02	0.39	75.97	6927.64	-6566.55	4573.07
Saccade R	1	4	4792537948	4792577137	39189	599.57	370.19	736.35	367.66	2.98	175.02	0.39	75.97	6927.64	-6566.55	4573.07
Fixation L	1	5	4792577137	4792745216	168079	734.01	365.64	17	5	-1	13.63	13.63
Fixation R	1	5	4792577137	4792745216	168079	734.01	365.64	17	5	-1	14.29	14.29
Saccade L	1	5	4792745216	4792781735	36519	740.12	367.34	900.50	386.19	3.58	198.76	0.33	98.09	8495.02	-7622.99	5561.05
Saccade R	1	5	4792745216	4792781735	36519	740.12	367.34	900.50	386.19	3.58	198.76	0.33	98.09	8495.02	-7622.99	5561.05
Fixation L	1	6	4792781735	4792959363	177628	900.70	384.04	25	14	-1	13.60	13.60
Fixation R	1	6	4792781735	4792959363	177628	900.70	384.04	25	14	-1	14.51	14.51
Saccade L	1	6	4792959363	4792989314	29951	904.15	391.33	1005.68	387.94	2.31	153.88	0.47	77.19	6252.46	-5787.08	4293.48
Saccade R	1	6	4792959363	4792989314	29951	904.15	391.33	1005.68	387.94	2.31	153.88	0.47	77.19	6252.46	-5787.08	4293.48
Fixation L	1	7	4792989314	4793263443	274129	993.41	387.52	37	28	-1	13.61	13.61
Fixation R	1	7	4792989314	4793263443	274129	993.41	387.52	37	28	-1	14.27	14.27
Saccade L	1	7	4793263443	4793301452	38009	977.19	395.84	1128.27	398.11	3.36	167.87	0.53	88.52	7138.04	-6921.49	5151.21
Saccade R	1	7	4793263443	4793301452	38009	977.19	395.84	1128.27	398.11	3.36	167.87	0.53	88.52	7138.04	-6921.49	5151.21
Fixation L	1	8	4793301452	4793477444	175992	1116.82	397.35	33	24	-1	13.54	13.54
Fixation R	1	8	4793301452	4793477444	175992	1116.82	397.35	33	24	-1	14.09	14.09
Saccade L	1	8	4793477444	4793563554	86110	1117.30	393.47	446.47	499.36	16.00	359.46	0.22	185.82	15856.07	-10122.95	6924.35
Saccade R	1	8	4793477444	4793563554	86110	1117.30	393.47	446.47	499.36	16.00	359.46	0.22	185.82	15856.07	-10122.95	6924.35
Fixation L	1	9	4793563554	4793822030	258476	447.89	502.30	21	20	-1	13.82	13.82
Fixation R	1	9	4793563554	4793822030	258476	447.89	502.30	21	20	-1	14.21	14.21
Saccade L	1	9	4793822030	4793877666	55636	450.93	494.19	374.87	410.86	3.43	99.09	0.28	61.73	3874.19	-2642.19	2098.97
Saccade R	1	9	4793822030	4793877666	55636	450.93	494.19	374.87	410.86	3.43	99.09	0.28	61.73	3874.19	-2642.19	2098.97
Saccade L	1	10	4793877666	4793921661	43995	374.87	410.86	435.12	462.35	1.60	53.17	0.41	36.36	723.87	-1466.98	750.53
Saccade R	1	10	4793877666	4793921661	43995	374.87	410.86	435.12	462.35	1.60	53.17	0.41	36.36	723.87	-1466.98	750.53
Fixation L	1	10	4793921661	4795046218	1124557	432.32	485.85	32	49	-1	13.94	13.94
Fixation R	1	10	4793921661	4795046218	1124557	432.32	485.85	32	49	-1	14.30	14.30
UserEvent	1	83	4794745871	# Message: UE-mouseclick left x=411 y=449
Saccade L	1	11	4795046218	4795100902	54684	434.21	483.86	440.39	542.93	2.28	87.54	0.35	41.68	3557.33	-2530.54	1685.62
Saccade R	1	11	4795046218	4795100902	54684	434.21	483.86	440.39	542.93	2.28	87.54	0.35	41.68	3557.33	-2530.54	1685.62
Fixation L	1	11	4795100902	4795330596	229694	431.86	544.48	18	28	-1	14.03	14.03
Fixation R	1	11	4795100902	4795330596	229694	431.86	544.48	18	28	-1	14.41	14.41
UserEvent	1	95	4795282671	# Message: UE-mouseclick left x=435 y=536
