[BeGaze]
Converted from:	C:\Program Files\SMI\Experiment Suite 360\Experiment Center 2\Results\RC-Attachment-Exp\Denek01-eye_data.idf
Date:	24.02.2012 09:57:46
Version:	BeGaze 3.0.181
Sample Rate:	500
Subject:	Denek01
Description:	Run4

Table Header for Fixations:
Event Type	Trial	Number	Start	End	Duration	Location X	Location Y	Dispersion X	Dispersion Y	Plane	Avg. Pupil Size X	Avg. Pupil Size Y

Table Header for Saccades:
Event Type	Trial	Number	Start	End	Duration	Start Loc.X	Start Loc.Y	End Loc.X	End Loc.Y	Amplitude	Peak Speed	Peak Speed At	Average Speed	Peak Accel.	Peak Decel.	Average Accel.

Table Header for Blinks:
Event Type	Trial	Number	Start	End	Duration

Table Header for User Events:
Event Type	Trial	Number	Start	Description

UserEvent	1	1	2149093213	# Message: Questionnaire24.jpg
Fixation L	1	1	2149096601	2149265738	169137	917.85	925.82	18	15	-1	13.36	13.36
Fixation R	1	1	2149096601	2149265738	169137	917.85	925.82	18	15	-1	14.87	14.87
Saccade L	1	1	2149265738	2149286607	20869	923.97	927.53	877.06	921.59	0.90	67.21	0.41	42.93	2229.67	-2397.06	1572.86
Saccade R	1	1	2149265738	2149286607	20869	923.97	927.53	877.06	921.59	0.90	67.21	0.41	42.93	2229.67	-2397.06	1572.86
Fixation L	1	2	2149286607	2149470981	184374	890.05	903.58	26	32	-1	13.72	13.72
Fixation R	1	2	2149286607	2149470981	184374	890.05	903.58	26	32	-1	14.69	14.69
Saccade L	1	2	2149470981	2149562316	91335	884.83	891.48	424.31	365.20	17.59	409.54	0.28	192.55	17348.85	-9577.58	7864.74
Saccade R	1	2	2149470981	2149562316	91335	884.83	891.48	424.31	365.20	17.59	409.54	0.28	192.55	17348.85	-9577.58	7864.74
Fixation L	1	3	2149562316	2149646428	84112	431.00	363.38	11	13	-1	13.87	13.87
Fixation R	1	3	2149562316	2149646428	84112	431.00	363.38	11	13	-1	14.70	14.70
Saccade L	1	3	2149646428	2149672414	25986	433.90	359.22	445.66	308.16	1.11	68.37	0.46	42.64	2859.44	-2830.49	2035.65
Saccade R	1	3	2149646428	2149672414	25986	433.90	359.22	445.66	308.16	1.11	68.37	0.46	42.64	2859.44	-2830.49	2035.65
Fixation L	1	4	2149672414	2149794443	122029	449.56	311.33	10	18	-1	13.98	13.98
Fixation R	1	4	2149672414	2149794443	122029	449.56	311.33	10	18	-1	14.78	14.78
Saccade L	1	4	2149794443	2149826404	31961	452.35	325.72	581.81	333.24	2.84	183.12	0.37	88.93	7364.90	-7037.33	5079.35
Saccade R	1	4	2149794443	2149826404	31961	452.35	325.72	581.81	333.24	2.84	183.12	0.37	88.93	7364.90	-7037.33	5079.35
Fixation L	1	5	2149826404	2150113650	287246	593.48	333.82	33	14	-1	14.63	14.63
Fixation R	1	5	2149826404	2150113650	287246	593.48	333.82	33	14	-1	15.40	15.40
Blink L	1	1	2150113650	2150142672	29022
Blink R	1	1	2150113650	2150142672	29022
Fixation L	1	6	2150142672	2150228638	85966	568.34	335.33	18	11	-1	15.38	15.38
Fixation R	1	6	2150142672	2150228638	85966	568.34	335.33	18	11	-1	16.20	16.20
Saccade L	1	5	2150228638	2150262652	34014	566.34	333.13	434.57	344.37	2.92	176.73	0.41	85.88	7357.57	-7141.36	5187.14
Saccade R	1	5	2150228638	2150262652	34014	566.34	333.13	434.57	344.37	2.92	176.73	0.41	85.88	7357.57	-7141.36	5187.14
Fixation L	1	7	2150262652	2150429836	167184	445.24	340.13	24	19	-1	15.82	15.82
Fixation R	1	7	2150262652	2150429836	167184	445.24	340.13	24	19	-1	16.55	16.55
Saccade L	1	6	2150429836	2150454840	25004	451.53	351.30	530.57	351.99	1.68	125.41	0.52	67.10	4904.09	-5137.17	3622.94
Saccade R	1	6	2150429836	2150454840	25004	451.53	351.30	530.57	351.99	1.68	125.41	0.52	67.10	4904.09	-5137.17	3622.94
Fixation L	1	8	2150454840	2150684748	229908	543.15	351.71	24	33	-1	15.98	15.98
Fixation R	1	8	2150454840	2150684748	229908	543.15	351.71	24	33	-1	16.86	16.86
Saccade L	1	7	2150684748	2150718869	34121	534.84	347.53	691.45	344.65	3.46	208.37	0.49	101.45	7914.70	-8637.12	6044.16
Saccade R	1	7	2150684748	2150718869	34121	534.84	347.53	691.45	344.65	3.46	208.37	0.49	101.45	7914.70	-8637.12	6044.16
Fixation L	1	9	2150718869	2150888862	169993	691.87	338.41	15	22	-1	15.67	15.67
Fixation R	1	9	2150718869	2150888862	169993	691.87	338.41	15	22	-1	16.91	16.91
Saccade L	1	8	2150888862	2150939652	50790	696.67	338.52	804.41	341.45	8.98	331.41	0.55	176.74	12183.14	-10338.20	7801.71
Saccade R	1	8	2150888862	2150939652	50790	696.67	338.52	804.41	341.45	8.98	331.41	0.55	176.74	12183.14	-10338.20	7801.71
Saccade L	1	9	2150957016	2150984984	27968	806.39	334.92	763.55	409.24	2.04	136.05	0.72	73.11	5293.44	1717.44	3249.55
Saccade R	1	9	2150957016	2150984984	27968	806.39	334.92	763.55	409.24	2.04	136.05	0.72	73.11	5293.44	1717.44	3249.55
Saccade L	1	10	2150984984	2151010983	25999	763.55	409.24	819.05	300.90	2.54	204.35	0.31	97.51	2425.83	-7608.48	3742.48
Saccade R	1	10	2150984984	2151010983	25999	763.55	409.24	819.05	300.90	2.54	204.35	0.31	97.51	2425.83	-7608.48	3742.48
Fixation L	1	10	2151010983	2151076975	65992	819.16	306.90	8	28	-1	15.41	15.41
Fixation R	1	10	2151010983	2151076975	65992	819.16	306.90	8	28	-1	16.65	16.65
Saccade L	1	11	2151076975	2151132981	56006	822.55	320.45	412.56	383.79	9.34	348.56	0.40	166.79	14747.45	-12070.24	9180.39
Saccade R	1	11	2151076975	2151132981	56006	822.55	320.45	412.56	383.79	9.34	348.56	0.40	166.79	14747.45	-12070.24	9180.39
Fixation L	1	11	2151132981	2151347758	214777	416.88	391.76	14	28	-1	15.71	15.71
Fixation R	1	11	2151132981	2151347758	214777	416.88	391.76	14	28	-1	16.76	16.76
Saccade L	1	12	2151347758	2151369094	21336	418.17	402.09	387.71	422.61	0.85	62.93	0.44	39.61	2469.25	-2125.54	1543.24
Saccade R	1	12	2151347758	2151369094	21336	418.17	402.09	387.71	422.61	0.85	62.93	0.44	39.61	2469.25	-2125.54	1543.24
Fixation L	1	12	2151369094	2152525575	1156481	390.96	431.08	26	29	-1	16.21	16.21
Fixation R	1	12	2151369094	2152525575	1156481	390.96	431.08	26	29	-1	17.23	17.23
UserEvent	1	73	2151951481	# Message: UE-mouseclick left x=403 y=438
UserEvent	1	86	2152439403	# Message: UE-mouseclick left x=391 y=518
