[BeGaze]
Converted from:	C:\Program Files\SMI\Experiment Suite 360\Experiment Center 2\Results\RC-Attachment-Exp\P33-eye_data.idf
Date:	18.03.2012 20:30:05
Version:	BeGaze 3.0.181
Sample Rate:	500
Subject:	P33
Description:	Run38

Table Header for Fixations:
Event Type	Trial	Number	Start	End	Duration	Location X	Location Y	Dispersion X	Dispersion Y	Plane	Avg. Pupil Size X	Avg. Pupil Size Y

Table Header for Saccades:
Event Type	Trial	Number	Start	End	Duration	Start Loc.X	Start Loc.Y	End Loc.X	End Loc.Y	Amplitude	Peak Speed	Peak Speed At	Average Speed	Peak Accel.	Peak Decel.	Average Accel.

Table Header for Blinks:
Event Type	Trial	Number	Start	End	Duration

Table Header for User Events:
Event Type	Trial	Number	Start	Description

UserEvent	1	1	3831559220	# Message: RC-nonforced-anim-6.jpg
Fixation L	1	1	3831573605	3832353844	780239	519.67	448.16	65	32	-1	11.49	11.49
Fixation R	1	1	3831573605	3832353844	780239	519.67	448.16	65	32	-1	11.99	11.99
Saccade L	1	1	3832353844	3832389983	36139	536.80	443.48	647.09	449.51	2.43	136.19	0.47	67.29	5764.98	-5761.03	4147.11
Saccade R	1	1	3832353844	3832389983	36139	536.80	443.48	647.09	449.51	2.43	136.19	0.47	67.29	5764.98	-5761.03	4147.11
Fixation L	1	2	3832389983	3832632059	242076	654.18	447.73	36	25	-1	11.68	11.68
Fixation R	1	2	3832389983	3832632059	242076	654.18	447.73	36	25	-1	12.11	12.11
Saccade L	1	2	3832632059	3832660055	27996	653.03	442.39	735.58	454.77	1.76	124.00	0.50	63.01	4504.06	-5060.57	3495.52
Saccade R	1	2	3832632059	3832660055	27996	653.03	442.39	735.58	454.77	1.76	124.00	0.50	63.01	4504.06	-5060.57	3495.52
Fixation L	1	3	3832660055	3832946173	286118	750.02	453.71	29	17	-1	11.40	11.40
Fixation R	1	3	3832660055	3832946173	286118	750.02	453.71	29	17	-1	12.04	12.04
Saccade L	1	3	3832946173	3832988172	41999	754.76	450.68	826.07	460.73	1.75	110.98	0.57	41.74	4132.61	-4381.99	2715.52
Saccade R	1	3	3832946173	3832988172	41999	754.76	450.68	826.07	460.73	1.75	110.98	0.57	41.74	4132.61	-4381.99	2715.52
Fixation L	1	4	3832988172	3833226304	238132	829.45	456.75	20	18	-1	11.47	11.47
Fixation R	1	4	3832988172	3833226304	238132	829.45	456.75	20	18	-1	12.05	12.05
Saccade L	1	4	3833226304	3833260297	33993	830.67	453.29	902.79	446.54	1.55	95.00	0.41	45.74	3977.34	-3744.03	2722.58
Saccade R	1	4	3833226304	3833260297	33993	830.67	453.29	902.79	446.54	1.55	95.00	0.41	45.74	3977.34	-3744.03	2722.58
Fixation L	1	5	3833260297	3833326285	65988	902.27	443.00	6	12	-1	11.32	11.32
Fixation R	1	5	3833260297	3833326285	65988	902.27	443.00	6	12	-1	11.86	11.86
Saccade L	1	5	3833326285	3833354289	28004	906.31	435.46	882.46	463.08	0.73	40.50	0.50	26.20	1553.17	-1176.87	1036.66
Saccade R	1	5	3833326285	3833354289	28004	906.31	435.46	882.46	463.08	0.73	40.50	0.50	26.20	1553.17	-1176.87	1036.66
Fixation L	1	6	3833354289	3833450407	96118	896.24	453.60	23	22	-1	11.51	11.51
Fixation R	1	6	3833354289	3833450407	96118	896.24	453.60	23	22	-1	12.01	12.01
Saccade L	1	6	3833450407	3833520379	69972	902.77	441.97	993.23	450.12	2.17	85.92	0.23	31.04	3321.41	-2819.98	1376.80
Saccade R	1	6	3833450407	3833520379	69972	902.77	441.97	993.23	450.12	2.17	85.92	0.23	31.04	3321.41	-2819.98	1376.80
Fixation L	1	7	3833520379	3833640398	120019	987.77	447.59	10	13	-1	11.43	11.43
Fixation R	1	7	3833520379	3833640398	120019	987.77	447.59	10	13	-1	12.06	12.06
Saccade L	1	7	3833640398	3833669366	28968	986.56	451.56	950.18	437.53	0.85	49.35	0.48	29.28	1841.30	-1623.50	1305.83
Saccade R	1	7	3833640398	3833669366	28968	986.56	451.56	950.18	437.53	0.85	49.35	0.48	29.28	1841.30	-1623.50	1305.83
Fixation L	1	8	3833669366	3833870520	201154	953.02	440.16	16	15	-1	11.39	11.39
Fixation R	1	8	3833669366	3833870520	201154	953.02	440.16	16	15	-1	12.08	12.08
Saccade L	1	8	3833870520	3833906343	35823	942.96	432.16	1038.68	424.65	2.33	142.55	0.39	65.17	5692.82	-5885.91	4125.24
Saccade R	1	8	3833870520	3833906343	35823	942.96	432.16	1038.68	424.65	2.33	142.55	0.39	65.17	5692.82	-5885.91	4125.24
Fixation L	1	9	3833906343	3834196625	290282	1045.71	423.08	36	17	-1	11.38	11.38
Fixation R	1	9	3833906343	3834196625	290282	1045.71	423.08	36	17	-1	11.98	11.98
Saccade L	1	9	3834196625	3834230769	34144	1029.40	426.46	1094.39	417.48	1.43	82.67	0.47	41.86	3342.22	-3403.39	2394.72
Saccade R	1	9	3834196625	3834230769	34144	1029.40	426.46	1094.39	417.48	1.43	82.67	0.47	41.86	3342.22	-3403.39	2394.72
Fixation L	1	10	3834230769	3834340698	109929	1089.98	424.08	16	11	-1	11.53	11.53
Fixation R	1	10	3834230769	3834340698	109929	1089.98	424.08	16	11	-1	12.12	12.12
Saccade L	1	10	3834340698	3834372744	32046	1100.62	422.31	1135.32	434.45	0.78	42.81	0.63	24.49	1546.19	-1177.38	1032.84
Saccade R	1	10	3834340698	3834372744	32046	1100.62	422.31	1135.32	434.45	0.78	42.81	0.63	24.49	1546.19	-1177.38	1032.84
Fixation L	1	11	3834372744	3834501022	128278	1135.58	429.54	12	23	-1	11.63	11.63
Fixation R	1	11	3834372744	3834501022	128278	1135.58	429.54	12	23	-1	12.25	12.25
Saccade L	1	11	3834501022	3834570862	69840	1137.29	443.39	908.58	931.45	12.23	302.52	0.28	175.11	13247.35	-9267.24	6945.97
Saccade R	1	11	3834501022	3834570862	69840	1137.29	443.39	908.58	931.45	12.23	302.52	0.28	175.11	13247.35	-9267.24	6945.97
Fixation L	1	12	3834570862	3834735069	164207	917.90	928.49	18	26	-1	12.12	12.12
Fixation R	1	12	3834570862	3834735069	164207	917.90	928.49	18	26	-1	12.59	12.59
Saccade L	1	12	3834735069	3834771005	35936	918.78	938.88	877.81	979.04	1.33	69.59	0.51	36.90	2736.02	-2769.94	1961.38
Saccade R	1	12	3834735069	3834771005	35936	918.78	938.88	877.81	979.04	1.33	69.59	0.51	36.90	2736.02	-2769.94	1961.38
Fixation L	1	13	3834771005	3835069109	298104	882.08	952.16	27	41	-1	12.05	12.05
Fixation R	1	13	3834771005	3835069109	298104	882.08	952.16	27	41	-1	12.66	12.66
