[BeGaze]
Converted from:	C:\Program Files\SMI\Experiment Suite 360\Experiment Center 2\Results\RC-Attachment-Exp\P01-eye_data.idf
Date:	18.03.2012 20:02:52
Version:	BeGaze 3.0.181
Sample Rate:	500
Subject:	P01
Description:	Run1

Table Header for Fixations:
Event Type	Trial	Number	Start	End	Duration	Location X	Location Y	Dispersion X	Dispersion Y	Plane	Avg. Pupil Size X	Avg. Pupil Size Y

Table Header for Saccades:
Event Type	Trial	Number	Start	End	Duration	Start Loc.X	Start Loc.Y	End Loc.X	End Loc.Y	Amplitude	Peak Speed	Peak Speed At	Average Speed	Peak Accel.	Peak Decel.	Average Accel.

Table Header for Blinks:
Event Type	Trial	Number	Start	End	Duration

Table Header for User Events:
Event Type	Trial	Number	Start	Description

UserEvent	1	1	2138873753	# Message: Questionnaire11.jpg
Fixation L	1	1	2138902868	2138991614	88746	912.70	915.02	20	32	-1	12.17	12.17
Fixation R	1	1	2138902868	2138991614	88746	912.70	915.02	20	32	-1	11.63	11.63
Blink L	1	1	2138991614	2139193709	202095
Blink R	1	1	2138991614	2139193709	202095
Fixation L	1	2	2139261545	2139395824	134279	915.54	905.79	21	37	-1	11.79	11.79
Fixation R	1	2	2139261545	2139395824	134279	915.54	905.79	21	37	-1	11.49	11.49
Saccade L	1	1	2139395824	2139463872	68048	907.87	922.52	398.75	508.14	15.04	473.63	0.29	221.06	21347.65	-10798.84	10278.81
Saccade R	1	1	2139395824	2139463872	68048	907.87	922.52	398.75	508.14	15.04	473.63	0.29	221.06	21347.65	-10798.84	10278.81
Fixation L	1	3	2139463872	2139621955	158083	428.41	536.01	53	40	-1	12.21	12.21
Fixation R	1	3	2139463872	2139621955	158083	428.41	536.01	53	40	-1	11.78	11.78
Saccade L	1	2	2139621955	2139649940	27985	431.42	549.97	417.92	411.24	3.31	302.93	0.65	118.32	10609.14	-4492.42	5589.34
Saccade R	1	2	2139621955	2139649940	27985	431.42	549.97	417.92	411.24	3.31	302.93	0.65	118.32	10609.14	-4492.42	5589.34
Saccade L	1	3	2139649940	2139672003	22063	417.92	411.24	459.07	527.40	2.34	221.81	0.64	105.90	1880.40	-3448.29	1227.59
Saccade R	1	3	2139649940	2139672003	22063	417.92	411.24	459.07	527.40	2.34	221.81	0.64	105.90	1880.40	-3448.29	1227.59
Saccade L	1	4	2139672003	2139695986	23983	459.07	527.40	395.28	430.51	2.08	172.46	0.25	86.91	-1378.55	-6393.43	3565.21
Saccade R	1	4	2139672003	2139695986	23983	459.07	527.40	395.28	430.51	2.08	172.46	0.25	86.91	-1378.55	-6393.43	3565.21
Fixation L	1	4	2139695986	2139803964	107978	414.54	447.99	42	92	-1	11.87	11.87
Fixation R	1	4	2139695986	2139803964	107978	414.54	447.99	42	92	-1	11.76	11.76
Saccade L	1	5	2139803964	2139832004	28040	409.92	454.86	417.28	451.97	1.39	110.61	0.61	49.43	3321.76	-905.46	1484.95
Saccade R	1	5	2139803964	2139832004	28040	409.92	454.86	417.28	451.97	1.39	110.61	0.61	49.43	3321.76	-905.46	1484.95
Fixation L	1	5	2139848146	2140118172	270026	484.18	505.72	26	58	-1	12.15	12.15
Fixation R	1	5	2139848146	2140118172	270026	484.18	505.72	26	58	-1	12.15	12.15
Saccade L	1	6	2140118172	2140144231	26059	472.00	525.01	503.85	484.42	1.13	64.15	0.54	43.55	2223.56	-2365.72	1760.04
Saccade R	1	6	2140118172	2140144231	26059	472.00	525.01	503.85	484.42	1.13	64.15	0.54	43.55	2223.56	-2365.72	1760.04
Fixation L	1	6	2140144231	2140310389	166158	488.85	516.30	33	60	-1	12.76	12.76
Fixation R	1	6	2140144231	2140310389	166158	488.85	516.30	33	60	-1	12.71	12.71
Saccade L	1	7	2140310389	2140346167	35778	484.44	542.23	431.32	514.13	3.62	242.26	0.33	101.07	9158.30	-7098.09	4937.00
Saccade R	1	7	2140310389	2140346167	35778	484.44	542.23	431.32	514.13	3.62	242.26	0.33	101.07	9158.30	-7098.09	4937.00
Fixation L	1	7	2140346167	2140412545	66378	437.73	525.76	47	79	-1	13.00	13.00
Fixation R	1	7	2140346167	2140412545	66378	437.73	525.76	47	79	-1	13.08	13.08
Saccade L	1	8	2140428288	2140452241	23953	443.85	512.34	409.16	518.13	0.83	52.62	0.42	34.69	-88.00	-1484.26	665.39
Saccade R	1	8	2140428288	2140452241	23953	443.85	512.34	409.16	518.13	0.83	52.62	0.42	34.69	-88.00	-1484.26	665.39
Blink L	1	2	2140500304	2140636279	135975
Blink R	1	2	2140500304	2140636279	135975
Saccade L	1	9	2140668515	2140694405	25890	448.77	444.50	468.87	503.60	2.41	157.15	0.69	92.90	5698.90	598.64	2989.63
Saccade R	1	9	2140668515	2140694405	25890	448.77	444.50	468.87	503.60	2.41	157.15	0.69	92.90	5698.90	598.64	2989.63
Saccade L	1	10	2140694405	2140724403	29998	468.87	503.60	401.48	381.57	2.94	192.12	0.27	98.06	1754.32	-7630.15	3470.46
Saccade R	1	10	2140694405	2140724403	29998	468.87	503.60	401.48	381.57	2.94	192.12	0.27	98.06	1754.32	-7630.15	3470.46
Saccade L	1	11	2140744398	2140772398	28000	408.26	390.12	342.09	413.21	1.04	64.64	0.50	37.31	2014.62	-1473.88	1148.11
Saccade R	1	11	2140744398	2140772398	28000	408.26	390.12	342.09	413.21	1.04	64.64	0.50	37.31	2014.62	-1473.88	1148.11
Fixation L	1	8	2140772398	2140986519	214121	420.57	420.79	109	36	-1	12.89	12.89
Fixation R	1	8	2140772398	2140986519	214121	420.57	420.79	109	36	-1	12.72	12.72
Saccade L	1	12	2140986519	2141010613	24094	448.13	443.55	533.10	465.26	1.88	146.90	0.50	77.97	5682.48	-5961.34	4071.07
Saccade R	1	12	2140986519	2141010613	24094	448.13	443.55	533.10	465.26	1.88	146.90	0.50	77.97	5682.48	-5961.34	4071.07
Fixation L	1	9	2141010613	2141140521	129908	548.74	458.88	28	20	-1	12.75	12.75
Fixation R	1	9	2141010613	2141140521	129908	548.74	458.88	28	20	-1	12.60	12.60
Blink L	1	3	2141140521	2141286629	146108
Blink R	1	3	2141140521	2141286629	146108
Fixation L	1	10	2141286629	2141650742	364113	520.48	466.18	55	74	-1	13.05	13.05
Fixation R	1	10	2141286629	2141650742	364113	520.48	466.18	55	74	-1	12.69	12.69
Fixation L	1	11	2141674925	2141889046	214121	475.13	495.49	29	31	-1	13.36	13.36
Fixation R	1	11	2141674925	2141889046	214121	475.13	495.49	29	31	-1	12.94	12.94
Blink L	1	4	2141889046	2142031041	141995
Blink R	1	4	2141889046	2142031041	141995
Fixation L	1	12	2142031041	2142141207	110166	462.76	554.50	28	42	-1	13.39	13.39
Fixation R	1	12	2142031041	2142141207	110166	462.76	554.50	28	42	-1	13.11	13.11
Saccade L	1	13	2142141207	2142164999	23792	464.96	566.80	508.28	589.43	0.91	57.84	0.33	38.26	2023.76	-1793.55	1356.35
Saccade R	1	13	2142141207	2142164999	23792	464.96	566.80	508.28	589.43	0.91	57.84	0.33	38.26	2023.76	-1793.55	1356.35
Saccade L	1	14	2142209146	2142238971	29825	474.63	573.81	463.40	530.85	0.90	41.93	0.40	30.24	1450.46	-1489.89	1061.68
Saccade R	1	14	2142209146	2142238971	29825	474.63	573.81	463.40	530.85	0.90	41.93	0.40	30.24	1450.46	-1489.89	1061.68
Fixation L	1	13	2142238971	2142385087	146116	479.91	542.36	44	37	-1	13.64	13.64
Fixation R	1	13	2142238971	2142385087	146116	479.91	542.36	44	37	-1	13.30	13.30
Saccade L	1	15	2142385087	2142413076	27989	489.49	561.37	458.44	533.47	0.94	46.53	0.50	33.73	1471.95	-1779.60	1211.34
Saccade R	1	15	2142385087	2142413076	27989	489.49	561.37	458.44	533.47	0.94	46.53	0.50	33.73	1471.95	-1779.60	1211.34
Saccade L	1	16	2142451082	2142479087	28005	461.87	527.92	498.15	558.27	1.06	56.32	0.57	37.86	2099.90	-1147.44	1046.96
Saccade R	1	16	2142451082	2142479087	28005	461.87	527.92	498.15	558.27	1.06	56.32	0.57	37.86	2099.90	-1147.44	1046.96
Saccade L	1	17	2142479087	2142515087	36000	498.15	558.27	576.09	613.19	2.53	157.32	0.67	70.27	4889.75	-5131.44	3247.15
Saccade R	1	17	2142479087	2142515087	36000	498.15	558.27	576.09	613.19	2.53	157.32	0.67	70.27	4889.75	-5131.44	3247.15
Saccade L	1	18	2142523083	2142551736	28653	575.01	613.73	533.99	537.36	1.98	140.47	0.58	69.20	5103.65	-4161.81	3164.00
Saccade R	1	18	2142523083	2142551736	28653	575.01	613.73	533.99	537.36	1.98	140.47	0.58	69.20	5103.65	-4161.81	3164.00
Saccade L	1	19	2142557206	2142597223	40017	532.81	537.76	571.70	582.84	2.11	122.17	0.35	52.66	3347.52	-3787.14	2060.50
Saccade R	1	19	2142557206	2142597223	40017	532.81	537.76	571.70	582.84	2.11	122.17	0.35	52.66	3347.52	-3787.14	2060.50
Saccade L	1	20	2142597223	2142623246	26023	571.70	582.84	549.12	555.17	0.80	45.02	0.69	30.64	650.99	-836.87	519.59
Saccade R	1	20	2142597223	2142623246	26023	571.70	582.84	549.12	555.17	0.80	45.02	0.69	30.64	650.99	-836.87	519.59
Saccade L	1	21	2142647213	2142676815	29602	559.79	587.87	561.37	548.07	0.94	50.67	0.54	31.83	823.01	-756.91	568.74
Saccade R	1	21	2142647213	2142676815	29602	559.79	587.87	561.37	548.07	0.94	50.67	0.54	31.83	823.01	-756.91	568.74
Fixation L	1	14	2142691204	2142759383	68179	542.79	547.32	26	26	-1	13.15	13.15
Fixation R	1	14	2142691204	2142759383	68179	542.79	547.32	26	26	-1	13.00	13.00
Saccade L	1	22	2142759383	2142813621	54238	528.04	543.46	487.92	561.36	3.18	110.05	0.55	58.68	3524.63	-4211.70	2557.05
Saccade R	1	22	2142759383	2142813621	54238	528.04	543.46	487.92	561.36	3.18	110.05	0.55	58.68	3524.63	-4211.70	2557.05
Saccade L	1	23	2142860035	2142905652	45617	485.19	541.77	333.76	480.99	3.84	227.59	0.34	84.22	2796.17	-5325.74	2254.53
Saccade R	1	23	2142860035	2142905652	45617	485.19	541.77	333.76	480.99	3.84	227.59	0.34	84.22	2796.17	-5325.74	2254.53
Saccade L	1	24	2142991333	2143022374	31041	430.60	477.65	396.30	448.28	1.06	46.71	0.45	34.11	1417.51	-1028.99	888.32
Saccade R	1	24	2142991333	2143022374	31041	430.60	477.65	396.30	448.28	1.06	46.71	0.45	34.11	1417.51	-1028.99	888.32
Saccade L	1	25	2143123348	2143167437	44089	375.69	451.28	454.74	524.05	2.69	125.56	0.28	61.02	2943.89	-3155.98	1962.25
Saccade R	1	25	2143123348	2143167437	44089	375.69	451.28	454.74	524.05	2.69	125.56	0.28	61.02	2943.89	-3155.98	1962.25
Saccade L	1	26	2143203433	2143225872	22439	425.12	529.94	458.77	516.24	0.73	44.17	0.39	32.49	548.50	-1486.79	762.49
Saccade R	1	26	2143203433	2143225872	22439	425.12	529.94	458.77	516.24	0.73	44.17	0.39	32.49	548.50	-1486.79	762.49
Saccade L	1	27	2143249432	2143273436	24004	456.35	526.21	422.48	520.99	0.74	41.44	0.58	30.98	1274.51	-848.91	799.41
Saccade R	1	27	2143249432	2143273436	24004	456.35	526.21	422.48	520.99	0.74	41.44	0.58	30.98	1274.51	-848.91	799.41
Fixation L	1	15	2143273436	2143377552	104116	421.91	527.60	20	38	-1	13.21	13.21
Fixation R	1	15	2143273436	2143377552	104116	421.91	527.60	20	38	-1	13.00	13.00
Saccade L	1	28	2143377552	2143409556	32004	415.99	508.27	509.30	498.67	3.74	263.48	0.63	117.00	8597.43	-9909.25	5669.18
Saccade R	1	28	2143377552	2143409556	32004	415.99	508.27	509.30	498.67	3.74	263.48	0.63	117.00	8597.43	-9909.25	5669.18
Fixation L	1	16	2143409556	2143679677	270121	404.67	415.80	509	560	-1	12.07	12.07
Fixation R	1	16	2143409556	2143679677	270121	404.67	415.80	509	560	-1	11.78	11.78
Saccade L	1	29	2143679677	2143717663	37986	384.71	407.94	433.29	433.39	1.34	58.91	0.39	35.19	2337.03	-1604.00	1280.25
Saccade R	1	29	2143679677	2143717663	37986	384.71	407.94	433.29	433.39	1.34	58.91	0.39	35.19	2337.03	-1604.00	1280.25
Saccade L	1	30	2143725670	2143753775	28105	432.78	437.18	362.69	439.00	1.70	108.28	0.70	60.49	3716.27	-3624.36	2622.20
Saccade R	1	30	2143725670	2143753775	28105	432.78	437.18	362.69	439.00	1.70	108.28	0.70	60.49	3716.27	-3624.36	2622.20
Saccade L	1	31	2143761668	2143793804	32136	369.43	439.25	413.32	447.01	1.04	51.73	0.48	32.33	1315.95	-1555.32	871.14
Saccade R	1	31	2143761668	2143793804	32136	369.43	439.25	413.32	447.01	1.04	51.73	0.48	32.33	1315.95	-1555.32	871.14
Blink L	1	5	2143869783	2143909792	40009
Blink R	1	5	2143869783	2143909792	40009
Saccade L	1	32	2143913783	2143935785	22002	0.00	0.00	391.06	488.41	7.81	793.06	0.45	354.97	18821.32	-31966.82	15692.13
Saccade R	1	32	2143913783	2143935785	22002	0.00	0.00	391.06	488.41	7.81	793.06	0.45	354.97	18821.32	-31966.82	15692.13
Fixation L	1	17	2143935785	2144039934	104149	383.74	497.11	27	20	-1	12.79	12.79
Fixation R	1	17	2143935785	2144039934	104149	383.74	497.11	27	20	-1	12.59	12.59
UserEvent	1	131	2144021402	# Message: UE-mouseclick left x=366 y=443
Saccade L	1	33	2144115813	2144147913	32100	358.43	509.84	352.49	511.34	5.84	407.55	0.43	181.78	12271.26	-3442.93	6395.45
Saccade R	1	33	2144115813	2144147913	32100	358.43	509.84	352.49	511.34	5.84	407.55	0.43	181.78	12271.26	-3442.93	6395.45
Blink L	1	6	2144147913	2144200219	52306
Blink R	1	6	2144147913	2144200219	52306
Fixation L	1	18	2144200219	2144420056	219837	408.10	531.96	22	36	-1	12.55	12.55
Fixation R	1	18	2144200219	2144420056	219837	408.10	531.96	22	36	-1	12.36	12.36
Blink L	1	7	2144420056	2144618181	198125
Blink R	1	7	2144420056	2144618181	198125
Fixation L	1	19	2144618181	2144694133	75952	466.34	554.41	31	36	-1	12.32	12.32
Fixation R	1	19	2144618181	2144694133	75952	466.34	554.41	31	36	-1	12.11	12.11
Saccade L	1	34	2144694133	2144726158	32025	471.36	544.57	495.39	542.41	1.84	89.25	0.32	57.45	3107.43	-2697.18	2020.22
Saccade R	1	34	2144694133	2144726158	32025	471.36	544.57	495.39	542.41	1.84	89.25	0.32	57.45	3107.43	-2697.18	2020.22
Saccade L	1	35	2144762130	2144784138	22008	475.35	524.35	500.16	589.34	1.41	112.99	0.36	64.24	3526.73	-3176.76	2214.38
Saccade R	1	35	2144762130	2144784138	22008	475.35	524.35	500.16	589.34	1.41	112.99	0.36	64.24	3526.73	-3176.76	2214.38
Fixation L	1	20	2144824127	2145006247	182120	459.55	524.21	30	20	-1	12.44	12.44
Fixation R	1	20	2144824127	2145006247	182120	459.55	524.21	30	20	-1	12.20	12.20
Saccade L	1	36	2145006247	2145032245	25998	477.57	524.17	508.30	607.01	2.01	160.20	0.54	77.50	5758.78	-5779.30	4046.85
Saccade R	1	36	2145006247	2145032245	25998	477.57	524.17	508.30	607.01	2.01	160.20	0.54	77.50	5758.78	-5779.30	4046.85
Saccade L	1	37	2145074243	2145114262	40019	505.95	586.74	522.39	618.11	4.37	216.36	0.67	109.11	6104.29	-8423.65	5106.15
Saccade R	1	37	2145074243	2145114262	40019	505.95	586.74	522.39	618.11	4.37	216.36	0.67	109.11	6104.29	-8423.65	5106.15
Fixation L	1	21	2145114262	2145218238	103976	512.52	579.37	29	61	-1	12.16	12.16
Fixation R	1	21	2145114262	2145218238	103976	512.52	579.37	29	61	-1	12.22	12.22
Blink L	1	8	2145218238	2145424160	205922
Blink R	1	8	2145218238	2145424160	205922
Saccade L	1	38	2145488372	2145516476	28104	495.04	524.16	469.81	443.83	1.96	161.83	0.43	69.59	5421.14	-5785.63	3952.39
Saccade R	1	38	2145488372	2145516476	28104	495.04	524.16	469.81	443.83	1.96	161.83	0.43	69.59	5421.14	-5785.63	3952.39
Fixation L	1	22	2145516476	2145832588	316112	489.35	465.12	38	49	-1	12.23	12.23
Fixation R	1	22	2145516476	2145832588	316112	489.35	465.12	38	49	-1	11.97	11.97
Saccade L	1	39	2145832588	2145886618	54030	490.34	494.14	464.69	410.74	5.34	322.45	0.44	98.89	12425.11	-8767.41	5424.93
Saccade R	1	39	2145832588	2145886618	54030	490.34	494.14	464.69	410.74	5.34	322.45	0.44	98.89	12425.11	-8767.41	5424.93
Saccade L	1	40	2145886618	2145908607	21989	464.69	410.74	397.67	400.80	1.44	123.95	0.45	65.68	2568.63	-3021.17	1888.43
Saccade R	1	40	2145886618	2145908607	21989	464.69	410.74	397.67	400.80	1.44	123.95	0.45	65.68	2568.63	-3021.17	1888.43
Saccade L	1	41	2145912586	2145938585	25999	399.87	402.04	436.54	416.43	0.87	49.16	0.31	33.41	450.50	-1782.76	971.71
Saccade R	1	41	2145912586	2145938585	25999	399.87	402.04	436.54	416.43	0.87	49.16	0.31	33.41	450.50	-1782.76	971.71
Fixation L	1	23	2145938585	2145998586	60001	442.96	424.17	13	19	-1	12.34	12.34
Fixation R	1	23	2145938585	2145998586	60001	442.96	424.17	13	19	-1	12.06	12.06
Saccade L	1	42	2145998586	2146036728	38142	448.05	433.15	356.80	433.59	2.06	114.24	0.69	53.97	2818.25	-3038.62	2064.58
Saccade R	1	42	2145998586	2146036728	38142	448.05	433.15	356.80	433.59	2.06	114.24	0.69	53.97	2818.25	-3038.62	2064.58
Saccade L	1	43	2146044708	2146072752	28044	358.79	430.72	480.67	438.22	2.83	208.45	0.59	100.74	7465.94	-7607.96	5313.94
Saccade R	1	43	2146044708	2146072752	28044	358.79	430.72	480.67	438.22	2.83	208.45	0.59	100.74	7465.94	-7607.96	5313.94
Saccade L	1	44	2146088801	2146112702	23901	471.75	443.80	567.33	457.75	2.21	174.62	0.59	92.42	6788.79	-6378.37	4289.64
Saccade R	1	44	2146088801	2146112702	23901	471.75	443.80	567.33	457.75	2.21	174.62	0.59	92.42	6788.79	-6378.37	4289.64
Fixation L	1	24	2146112702	2146242700	129998	556.52	457.50	17	11	-1	12.38	12.38
Fixation R	1	24	2146112702	2146242700	129998	556.52	457.50	17	11	-1	12.17	12.17
Saccade L	1	45	2146242700	2146266701	24001	559.62	458.36	573.62	503.95	1.05	69.57	0.63	43.66	2769.33	-2093.27	1734.51
Saccade R	1	45	2146242700	2146266701	24001	559.62	458.36	573.62	503.95	1.05	69.57	0.63	43.66	2769.33	-2093.27	1734.51
Blink L	1	9	2146286826	2146444833	158007
Blink R	1	9	2146286826	2146444833	158007
Fixation L	1	25	2146482826	2146638937	156111	461.80	556.56	26	31	-1	12.57	12.57
Fixation R	1	25	2146482826	2146638937	156111	461.80	556.56	26	31	-1	12.40	12.40
Saccade L	1	46	2146638937	2146660931	21994	476.78	540.96	436.27	541.69	0.75	46.30	0.36	34.00	1146.41	-1738.35	1027.22
Saccade R	1	46	2146638937	2146660931	21994	476.78	540.96	436.27	541.69	0.75	46.30	0.36	34.00	1146.41	-1738.35	1027.22
Fixation L	1	26	2146660931	2146739759	78828	438.19	533.56	9	17	-1	12.66	12.66
Fixation R	1	26	2146660931	2146739759	78828	438.19	533.56	9	17	-1	12.46	12.46
Saccade L	1	47	2146739759	2146761380	21621	440.68	530.39	391.93	521.28	1.05	79.01	0.43	48.71	3126.80	-3081.66	2114.39
Saccade R	1	47	2146739759	2146761380	21621	440.68	530.39	391.93	521.28	1.05	79.01	0.43	48.71	3126.80	-3081.66	2114.39
Saccade L	1	48	2146777952	2146829186	51234	391.62	520.67	463.52	553.33	2.54	102.55	0.53	49.62	2843.02	-3679.69	2197.39
Saccade R	1	48	2146777952	2146829186	51234	391.62	520.67	463.52	553.33	2.54	102.55	0.53	49.62	2843.02	-3679.69	2197.39
Fixation L	1	27	2146829186	2146972340	143154	463.85	549.66	17	22	-1	12.54	12.54
Fixation R	1	27	2146829186	2146972340	143154	463.85	549.66	17	22	-1	12.14	12.14
Saccade L	1	49	2146972340	2146999048	26708	456.68	567.26	490.96	505.96	1.48	94.09	0.63	55.53	2882.92	-2304.07	1912.96
Saccade R	1	49	2146972340	2146999048	26708	456.68	567.26	490.96	505.96	1.48	94.09	0.63	55.53	2882.92	-2304.07	1912.96
Fixation L	1	28	2147013053	2147069045	55992	490.63	536.53	12	15	-1	12.32	12.32
Fixation R	1	28	2147013053	2147069045	55992	490.63	536.53	12	15	-1	12.14	12.14
Saccade L	1	50	2147069045	2147091040	21995	487.34	528.14	472.79	494.37	0.75	48.98	0.47	34.25	1817.61	-2015.48	1332.43
Saccade R	1	50	2147069045	2147091040	21995	487.34	528.14	472.79	494.37	0.75	48.98	0.47	34.25	1817.61	-2015.48	1332.43
Fixation L	1	29	2147091040	2147279268	188228	485.67	504.55	26	22	-1	12.21	12.21
Fixation R	1	29	2147091040	2147279268	188228	485.67	504.55	26	22	-1	12.00	12.00
UserEvent	1	213	2147262780	# Message: UE-mouseclick left x=400 y=533
Saccade L	1	51	2147279268	2147331460	52192	485.11	515.99	427.77	503.11	2.22	104.50	0.35	42.51	3070.61	-2226.32	1568.99
Saccade R	1	51	2147279268	2147331460	52192	485.11	515.99	427.77	503.11	2.22	104.50	0.35	42.51	3070.61	-2226.32	1568.99
Fixation L	1	30	2147331460	2147411288	79828	437.61	514.69	21	22	-1	12.20	12.20
Fixation R	1	30	2147331460	2147411288	79828	437.61	514.69	21	22	-1	11.95	11.95
