[BeGaze]
Converted from:	C:\Program Files\SMI\Experiment Suite 360\Experiment Center 2\Results\RC-Attachment-Exp\P24-eye_data.idf
Date:	18.03.2012 20:19:26
Version:	BeGaze 3.0.181
Sample Rate:	500
Subject:	P24
Description:	Run29

Table Header for Fixations:
Event Type	Trial	Number	Start	End	Duration	Location X	Location Y	Dispersion X	Dispersion Y	Plane	Avg. Pupil Size X	Avg. Pupil Size Y

Table Header for Saccades:
Event Type	Trial	Number	Start	End	Duration	Start Loc.X	Start Loc.Y	End Loc.X	End Loc.Y	Amplitude	Peak Speed	Peak Speed At	Average Speed	Peak Accel.	Peak Decel.	Average Accel.

Table Header for Blinks:
Event Type	Trial	Number	Start	End	Duration

Table Header for User Events:
Event Type	Trial	Number	Start	Description

UserEvent	1	1	10222417378	# Message: Questionnaire15.jpg
Fixation L	1	1	10222432257	10222730701	298444	886.27	978.04	46	40	-1	14.40	14.40
Fixation R	1	1	10222432257	10222730701	298444	886.27	978.04	46	40	-1	13.54	13.54
Saccade L	1	1	10222730701	10222758479	27778	908.70	962.70	893.70	997.10	0.86	41.54	0.51	30.80	1425.05	-1633.84	1101.74
Saccade R	1	1	10222730701	10222758479	27778	908.70	962.70	893.70	997.10	0.86	41.54	0.51	30.80	1425.05	-1633.84	1101.74
Fixation L	1	2	10222758479	10222844502	86023	900.28	987.52	26	27	-1	14.89	14.89
Fixation R	1	2	10222758479	10222844502	86023	900.28	987.52	26	27	-1	13.98	13.98
Saccade L	1	2	10222844502	10222918480	73978	915.93	976.23	554.44	411.02	15.71	391.67	0.22	212.40	17197.44	-10924.58	8154.68
Saccade R	1	2	10222844502	10222918480	73978	915.93	976.23	554.44	411.02	15.71	391.67	0.22	212.40	17197.44	-10924.58	8154.68
Fixation L	1	3	10222918480	10222988475	69995	556.59	421.49	13	28	-1	15.09	15.09
Fixation R	1	3	10222918480	10222988475	69995	556.59	421.49	13	28	-1	13.78	13.78
Saccade L	1	3	10222988475	10223020507	32032	559.41	422.40	455.27	377.41	2.59	152.07	0.38	80.89	5920.84	-6188.51	4422.62
Saccade R	1	3	10222988475	10223020507	32032	559.41	422.40	455.27	377.41	2.59	152.07	0.38	80.89	5920.84	-6188.51	4422.62
Fixation L	1	4	10223020507	10223194603	174096	447.93	375.51	16	12	-1	15.02	15.02
Fixation R	1	4	10223020507	10223194603	174096	447.93	375.51	16	12	-1	13.47	13.47
Saccade L	1	4	10223194603	10223236606	42003	446.82	381.96	616.76	381.47	3.75	199.09	0.38	89.36	8655.66	-7696.39	5336.59
Saccade R	1	4	10223194603	10223236606	42003	446.82	381.96	616.76	381.47	3.75	199.09	0.38	89.36	8655.66	-7696.39	5336.59
Fixation L	1	5	10223236606	10223466710	230104	622.27	376.59	18	15	-1	14.80	14.80
Fixation R	1	5	10223236606	10223466710	230104	622.27	376.59	18	15	-1	13.82	13.82
Saccade L	1	5	10223466710	10223496426	29716	612.92	374.33	697.39	377.24	1.90	114.56	0.47	63.99	4611.31	-4842.25	3430.48
Saccade R	1	5	10223466710	10223496426	29716	612.92	374.33	697.39	377.24	1.90	114.56	0.47	63.99	4611.31	-4842.25	3430.48
Fixation L	1	6	10223496426	10223794825	298399	701.51	376.34	17	28	-1	14.99	14.99
Fixation R	1	6	10223496426	10223794825	298399	701.51	376.34	17	28	-1	14.03	14.03
Saccade L	1	6	10223794825	10223818855	24030	708.02	378.91	747.15	390.67	0.97	62.45	0.50	40.31	2343.48	-1666.53	1384.79
Saccade R	1	6	10223794825	10223818855	24030	708.02	378.91	747.15	390.67	0.97	62.45	0.50	40.31	2343.48	-1666.53	1384.79
Saccade L	1	7	10223842822	10223890992	48170	742.49	404.33	416.16	475.77	7.36	264.61	0.42	152.76	11563.86	-9901.95	7321.43
Saccade R	1	7	10223842822	10223890992	48170	742.49	404.33	416.16	475.77	7.36	264.61	0.42	152.76	11563.86	-9901.95	7321.43
Blink L	1	1	10223899006	10223930949	31943
Blink R	1	1	10223899006	10223930949	31943
Fixation L	1	7	10223930949	10224207090	276141	416.35	493.26	12	47	-1	15.54	15.54
Fixation R	1	7	10223930949	10224207090	276141	416.35	493.26	12	47	-1	14.10	14.10
Fixation L	1	8	10224239061	10225159939	920878	390.54	490.74	54	48	-1	15.78	15.78
Fixation R	1	8	10224239061	10225159939	920878	390.54	490.74	54	48	-1	14.38	14.38
Saccade L	1	8	10225159939	10225199402	39463	387.72	476.85	402.02	536.76	1.83	74.24	0.32	46.46	2946.22	-2788.77	2042.46
Saccade R	1	8	10225159939	10225199402	39463	387.72	476.85	402.02	536.76	1.83	74.24	0.32	46.46	2946.22	-2788.77	2042.46
UserEvent	1	71	10225161389	# Message: UE-mouseclick left x=369 y=469
Fixation L	1	9	10225199402	10225666755	467353	404.34	548.40	22	23	-1	15.73	15.73
Fixation R	1	9	10225199402	10225666755	467353	404.34	548.40	22	23	-1	14.77	14.77
UserEvent	1	84	10225625157	# Message: UE-mouseclick left x=396 y=525
Saccade L	1	9	10225666755	10225696506	29751	398.86	543.42	451.76	534.36	1.27	71.81	0.37	42.76	2650.03	0.00	938.30
Saccade R	1	9	10225666755	10225696506	29751	398.86	543.42	451.76	534.36	1.27	71.81	0.37	42.76	2650.03	0.00	938.30
