[BeGaze]
Converted from:	C:\Program Files\SMI\Experiment Suite 360\Experiment Center 2\Results\RC-Attachment-Exp\P18-eye_data.idf
Date:	18.03.2012 20:13:38
Version:	BeGaze 3.0.181
Sample Rate:	500
Subject:	P18
Description:	Run23

Table Header for Fixations:
Event Type	Trial	Number	Start	End	Duration	Location X	Location Y	Dispersion X	Dispersion Y	Plane	Avg. Pupil Size X	Avg. Pupil Size Y

Table Header for Saccades:
Event Type	Trial	Number	Start	End	Duration	Start Loc.X	Start Loc.Y	End Loc.X	End Loc.Y	Amplitude	Peak Speed	Peak Speed At	Average Speed	Peak Accel.	Peak Decel.	Average Accel.

Table Header for Blinks:
Event Type	Trial	Number	Start	End	Duration

Table Header for User Events:
Event Type	Trial	Number	Start	Description

UserEvent	1	1	16903930121	# Message: RC-nonforced-nonanim-1.jpg
Fixation L	1	1	16903934101	16904557982	623881	490.65	411.40	35	55	-1	9.47	9.47
Fixation R	1	1	16903934101	16904557982	623881	490.65	411.40	35	55	-1	9.93	9.93
Saccade L	1	1	16904557982	16904606107	48125	497.57	417.03	542.15	394.52	1.54	69.16	0.38	32.07	2630.89	-2358.50	1613.82
Saccade R	1	1	16904557982	16904606107	48125	497.57	417.03	542.15	394.52	1.54	69.16	0.38	32.07	2630.89	-2358.50	1613.82
Fixation L	1	2	16904606107	16904730171	124064	550.26	411.16	23	41	-1	9.62	9.62
Fixation R	1	2	16904606107	16904730171	124064	550.26	411.16	23	41	-1	9.99	9.99
Saccade L	1	2	16904730171	16904768101	37930	562.21	431.73	579.33	393.38	1.00	45.57	0.42	26.46	1943.03	-1265.86	1036.56
Saccade R	1	2	16904730171	16904768101	37930	562.21	431.73	579.33	393.38	1.00	45.57	0.42	26.46	1943.03	-1265.86	1036.56
Fixation L	1	3	16904768101	16905144336	376235	619.39	403.61	73	40	-1	9.58	9.58
Fixation R	1	3	16904768101	16905144336	376235	619.39	403.61	73	40	-1	10.03	10.03
Saccade L	1	3	16905144336	16905238330	93994	622.45	392.42	784.22	435.60	4.43	127.13	0.68	47.08	3724.85	-4378.10	2109.47
Saccade R	1	3	16905144336	16905238330	93994	622.45	392.42	784.22	435.60	4.43	127.13	0.68	47.08	3724.85	-4378.10	2109.47
Fixation L	1	4	16905238330	16905634441	396111	801.28	418.31	90	47	-1	9.51	9.51
Fixation R	1	4	16905238330	16905634441	396111	801.28	418.31	90	47	-1	10.02	10.02
Saccade L	1	4	16905634441	16905682563	48122	841.55	396.66	904.72	424.24	1.56	53.85	0.29	32.41	2167.93	-1507.18	1252.05
Saccade R	1	4	16905634441	16905682563	48122	841.55	396.66	904.72	424.24	1.56	53.85	0.29	32.41	2167.93	-1507.18	1252.05
Fixation L	1	5	16905682563	16905860554	177991	933.57	430.63	77	29	-1	9.73	9.73
Fixation R	1	5	16905682563	16905860554	177991	933.57	430.63	77	29	-1	10.13	10.13
Saccade L	1	5	16905860554	16905908553	47999	966.12	446.65	917.97	439.86	1.18	43.68	0.50	24.54	1421.05	-1228.02	866.03
Saccade R	1	5	16905860554	16905908553	47999	966.12	446.65	917.97	439.86	1.18	43.68	0.50	24.54	1421.05	-1228.02	866.03
Saccade L	1	6	16905948675	16905982682	34007	890.11	445.17	836.82	474.88	1.34	76.33	0.47	39.51	2903.00	-3162.11	2185.21
Saccade R	1	6	16905948675	16905982682	34007	890.11	445.17	836.82	474.88	1.34	76.33	0.47	39.51	2903.00	-3162.11	2185.21
Fixation L	1	6	16905982682	16906162671	179989	855.14	448.82	35	49	-1	9.85	9.85
Fixation R	1	6	16905982682	16906162671	179989	855.14	448.82	35	49	-1	10.06	10.06
Saccade L	1	7	16906162671	16906208853	46182	868.43	437.79	1002.00	461.91	3.08	173.58	0.43	66.78	7162.36	-6913.76	4492.07
Saccade R	1	7	16906162671	16906208853	46182	868.43	437.79	1002.00	461.91	3.08	173.58	0.43	66.78	7162.36	-6913.76	4492.07
Fixation L	1	7	16906208853	16906342781	133928	997.06	456.83	42	28	-1	9.93	9.93
Fixation R	1	7	16906208853	16906342781	133928	997.06	456.83	42	28	-1	10.36	10.36
Saccade L	1	8	16906342781	16906380823	38042	961.12	436.45	1072.64	436.16	2.42	168.00	0.32	63.62	5796.83	-6628.42	3906.21
Saccade R	1	8	16906342781	16906380823	38042	961.12	436.45	1072.64	436.16	2.42	168.00	0.32	63.62	5796.83	-6628.42	3906.21
Fixation L	1	8	16906380823	16906466921	86098	1074.18	438.53	11	4	-1	9.95	9.95
Fixation R	1	8	16906380823	16906466921	86098	1074.18	438.53	11	4	-1	10.44	10.44
Saccade L	1	9	16906466921	16906518905	51984	1083.46	437.43	1025.87	437.57	1.35	46.73	0.73	25.94	841.65	-1469.62	802.60
Saccade R	1	9	16906466921	16906518905	51984	1083.46	437.43	1025.87	437.57	1.35	46.73	0.73	25.94	841.65	-1469.62	802.60
Fixation L	1	9	16906518905	16906621248	102343	1061.54	437.39	59	14	-1	10.13	10.13
Fixation R	1	9	16906518905	16906621248	102343	1061.54	437.39	59	14	-1	10.60	10.60
Saccade L	1	10	16906621248	16906674924	53676	1050.32	448.11	1124.33	431.32	1.84	59.92	0.52	34.20	1696.40	-2054.75	1200.53
Saccade R	1	10	16906621248	16906674924	53676	1050.32	448.11	1124.33	431.32	1.84	59.92	0.52	34.20	1696.40	-2054.75	1200.53
Fixation L	1	10	16906674924	16906742960	68036	1122.06	436.59	6	13	-1	10.03	10.03
Fixation R	1	10	16906674924	16906742960	68036	1122.06	436.59	6	13	-1	10.57	10.57
Saccade L	1	11	16906742960	16906791024	48064	1120.09	445.07	1068.72	414.56	1.28	43.76	0.42	26.64	1558.11	-1434.87	1080.13
Saccade R	1	11	16906742960	16906791024	48064	1120.09	445.07	1068.72	414.56	1.28	43.76	0.42	26.64	1558.11	-1434.87	1080.13
Fixation L	1	11	16906791024	16906841038	50014	1065.66	416.26	10	3	-1	9.99	9.99
Fixation R	1	11	16906791024	16906841038	50014	1065.66	416.26	10	3	-1	10.44	10.44
Saccade L	1	12	16906841038	16906887012	45974	1058.84	416.80	1190.90	406.28	3.37	212.65	0.26	73.40	8938.46	-8613.48	4660.84
Saccade R	1	12	16906841038	16906887012	45974	1058.84	416.80	1190.90	406.28	3.37	212.65	0.26	73.40	8938.46	-8613.48	4660.84
Fixation L	1	12	16906887012	16907049177	162165	1193.73	423.62	44	26	-1	9.79	9.79
Fixation R	1	12	16906887012	16907049177	162165	1193.73	423.62	44	26	-1	10.29	10.29
Saccade L	1	13	16907049177	16907125128	75951	1222.51	414.74	579.47	420.67	14.53	336.63	0.29	191.31	14991.63	-8634.99	6741.76
Saccade R	1	13	16907049177	16907125128	75951	1222.51	414.74	579.47	420.67	14.53	336.63	0.29	191.31	14991.63	-8634.99	6741.76
Fixation L	1	13	16907125128	16907483236	358108	571.35	440.04	78	47	-1	9.79	9.79
Fixation R	1	13	16907125128	16907483236	358108	571.35	440.04	78	47	-1	10.14	10.14
Saccade L	1	14	16907483236	16907523252	40016	550.35	430.48	648.59	438.92	2.41	155.02	0.40	60.33	6471.09	-6085.10	4092.52
Saccade R	1	14	16907483236	16907523252	40016	550.35	430.48	648.59	438.92	2.41	155.02	0.40	60.33	6471.09	-6085.10	4092.52
Fixation L	1	14	16907523252	16907761352	238100	629.18	414.05	30	40	-1	9.90	9.90
Fixation R	1	14	16907523252	16907761352	238100	629.18	414.05	30	40	-1	10.20	10.20
Saccade L	1	15	16907761352	16907785381	24029	620.17	411.69	707.46	414.24	1.90	152.87	0.52	79.04	6074.55	-6112.91	4276.69
Saccade R	1	15	16907761352	16907785381	24029	620.17	411.69	707.46	414.24	1.90	152.87	0.52	79.04	6074.55	-6112.91	4276.69
Blink L	1	1	16907811516	16908071469	259953
Blink R	1	1	16907811516	16908071469	259953
Saccade L	1	16	16908071469	16908105761	34292	665.65	393.49	704.53	422.96	1.12	42.26	0.43	32.73	1129.91	-1122.77	674.66
Saccade R	1	16	16908071469	16908105761	34292	665.65	393.49	704.53	422.96	1.12	42.26	0.43	32.73	1129.91	-1122.77	674.66
Saccade L	1	17	16908105761	16908179390	73629	704.53	422.96	750.62	433.49	4.35	187.59	0.52	59.14	4465.22	-6487.61	2765.89
Saccade R	1	17	16908105761	16908179390	73629	704.53	422.96	750.62	433.49	4.35	187.59	0.52	59.14	4465.22	-6487.61	2765.89
Saccade L	1	18	16908215589	16908251262	35673	751.82	444.83	724.06	380.87	1.66	96.72	0.57	46.42	3771.21	-3638.53	2651.96
Saccade R	1	18	16908215589	16908251262	35673	751.82	444.83	724.06	380.87	1.66	96.72	0.57	46.42	3771.21	-3638.53	2651.96
Saccade L	1	19	16908289582	16908363706	74124	700.63	388.34	849.19	442.19	4.99	248.80	0.61	67.31	9642.44	-10112.67	4324.01
Saccade R	1	19	16908289582	16908363706	74124	700.63	388.34	849.19	442.19	4.99	248.80	0.61	67.31	9642.44	-10112.67	4324.01
Fixation L	1	15	16908363706	16908573710	210004	861.00	443.68	20	15	-1	9.93	9.93
Fixation R	1	15	16908363706	16908573710	210004	861.00	443.68	20	15	-1	10.21	10.21
Saccade L	1	20	16908573710	16908607773	34063	863.01	452.81	917.36	440.59	1.22	66.12	0.47	35.79	2655.56	-2409.31	1659.96
Saccade R	1	20	16908573710	16908607773	34063	863.01	452.81	917.36	440.59	1.22	66.12	0.47	35.79	2655.56	-2409.31	1659.96
Saccade L	1	21	16908627824	16908649989	22165	910.12	384.80	936.32	436.14	0.77	58.48	0.45	34.73	811.95	-2242.27	1324.53
Saccade R	1	21	16908627824	16908649989	22165	910.12	384.80	936.32	436.14	0.77	58.48	0.45	34.73	811.95	-2242.27	1324.53
Fixation L	1	16	16908649989	16908797022	147033	941.84	448.13	34	23	-1	9.58	9.58
Fixation R	1	16	16908649989	16908797022	147033	941.84	448.13	34	23	-1	10.07	10.07
Saccade L	1	22	16908797022	16908867968	70946	953.43	445.81	1068.98	432.90	2.88	112.91	0.30	40.58	4817.63	-4231.69	2060.77
Saccade R	1	22	16908797022	16908867968	70946	953.43	445.81	1068.98	432.90	2.88	112.91	0.30	40.58	4817.63	-4231.69	2060.77
Fixation L	1	17	16908867968	16908991926	123958	1063.36	442.83	13	15	-1	9.49	9.49
Fixation R	1	17	16908867968	16908991926	123958	1063.36	442.83	13	15	-1	9.98	9.98
Saccade L	1	23	16908991926	16909043933	52007	1055.54	435.72	1172.85	427.64	2.72	131.21	0.27	52.34	5130.51	-4059.14	2670.38
Saccade R	1	23	16908991926	16909043933	52007	1055.54	435.72	1172.85	427.64	2.72	131.21	0.27	52.34	5130.51	-4059.14	2670.38
Fixation L	1	18	16909043933	16909232056	188123	1162.31	413.97	32	27	-1	9.80	9.80
Fixation R	1	18	16909043933	16909232056	188123	1162.31	413.97	32	27	-1	9.98	9.98
Saccade L	1	24	16909232056	16909300296	68240	1149.43	421.69	933.81	952.92	26.77	915.11	0.79	392.29	30516.80	-40692.81	22069.59
Saccade R	1	24	16909232056	16909300296	68240	1149.43	421.69	933.81	952.92	26.77	915.11	0.79	392.29	30516.80	-40692.81	22069.59
Saccade L	1	25	16909310039	16909338070	28031	936.20	956.45	930.94	982.95	0.68	41.73	0.21	24.33	672.85	-993.52	495.34
Saccade R	1	25	16909310039	16909338070	28031	936.20	956.45	930.94	982.95	0.68	41.73	0.21	24.33	672.85	-993.52	495.34
Saccade L	1	26	16909362035	16909438171	76136	951.48	981.35	942.84	961.68	33.03	1788.54	0.50	433.82	63440.52	-63086.20	26831.50
Saccade R	1	26	16909362035	16909438171	76136	951.48	981.35	942.84	961.68	33.03	1788.54	0.50	433.82	63440.52	-63086.20	26831.50
Saccade L	1	27	16909460159	16909490168	30009	944.65	961.95	868.44	980.13	1.61	110.56	0.53	53.52	4240.00	-3413.23	2869.74
Saccade R	1	27	16909460159	16909490168	30009	944.65	961.95	868.44	980.13	1.61	110.56	0.53	53.52	4240.00	-3413.23	2869.74
Saccade L	1	28	16909496176	16909558241	62065	866.38	984.87	790.53	919.23	51.08	2541.41	0.48	823.05	88637.11	-78954.84	45607.66
Saccade R	1	28	16909496176	16909558241	62065	866.38	984.87	790.53	919.23	51.08	2541.41	0.48	823.05	88637.11	-78954.84	45607.66
Blink L	1	2	16909570150	16909702277	132127
Blink R	1	2	16909570150	16909702277	132127
Blink L	1	3	16909722273	16909848276	126003
Blink R	1	3	16909722273	16909848276	126003
Fixation L	1	19	16909848276	16909908262	59986	0.00	0.00	0	0	-1	0.00	0.00
Fixation R	1	19	16909848276	16909908262	59986	0.00	0.00	0	0	-1	0.00	0.00
Saccade L	1	29	16909908262	16909934752	26490	0.00	0.00	767.98	911.25	24.98	1916.32	0.45	942.93	71790.85	-56304.95	44291.57
Saccade R	1	29	16909908262	16909934752	26490	0.00	0.00	767.98	911.25	24.98	1916.32	0.45	942.93	71790.85	-56304.95	44291.57
Blink L	1	4	16909934752	16909964521	29769
Blink R	1	4	16909934752	16909964521	29769
Blink L	1	5	16909964521	16910014163	49642
Blink R	1	5	16909964521	16910014163	49642
Blink L	1	6	16910019343	16910148395	129052
Blink R	1	6	16910019343	16910148395	129052
Fixation L	1	20	16910148395	16910221974	73579	776.21	938.60	18	35	-1	10.66	10.66
Fixation R	1	20	16910148395	16910221974	73579	776.21	938.60	18	35	-1	10.99	10.99
Saccade L	1	30	16910221974	16910258880	36906	770.22	920.76	850.74	980.54	2.17	139.13	0.44	58.90	5246.91	-5585.88	3678.84
Saccade R	1	30	16910221974	16910258880	36906	770.22	920.76	850.74	980.54	2.17	139.13	0.44	58.90	5246.91	-5585.88	3678.84
Fixation L	1	21	16910258880	16910390415	131535	846.37	948.89	47	48	-1	10.67	10.67
Fixation R	1	21	16910258880	16910390415	131535	846.37	948.89	47	48	-1	10.84	10.84
Saccade L	1	31	16910390415	16910438500	48085	840.15	940.20	778.57	918.59	2.10	115.24	0.58	43.62	3926.07	-4744.35	2445.69
Saccade R	1	31	16910390415	16910438500	48085	840.15	940.20	778.57	918.59	2.10	115.24	0.58	43.62	3926.07	-4744.35	2445.69
Saccade L	1	32	16910472548	16910516925	44377	772.20	920.31	845.38	971.75	2.94	130.40	0.27	66.18	5172.22	-4797.09	3498.05
Saccade R	1	32	16910472548	16910516925	44377	772.20	920.31	845.38	971.75	2.94	130.40	0.27	66.18	5172.22	-4797.09	3498.05
Saccade L	1	33	16910520618	16910552614	31996	843.03	971.95	879.80	969.75	0.83	45.29	0.31	25.91	899.04	-1056.24	549.73
Saccade R	1	33	16910520618	16910552614	31996	843.03	971.95	879.80	969.75	0.83	45.29	0.31	25.91	899.04	-1056.24	549.73
Saccade L	1	34	16910568615	16910618860	50245	873.04	985.87	876.09	901.79	1.70	73.80	0.64	33.85	1763.90	-2454.42	1178.73
Saccade R	1	34	16910568615	16910618860	50245	873.04	985.87	876.09	901.79	1.70	73.80	0.64	33.85	1763.90	-2454.42	1178.73
Saccade L	1	35	16910623917	16910672610	48693	876.53	912.30	872.50	971.81	1.30	40.88	0.55	26.77	1150.20	-1242.42	783.93
Saccade R	1	35	16910623917	16910672610	48693	876.53	912.30	872.50	971.81	1.30	40.88	0.55	26.77	1150.20	-1242.42	783.93
Fixation L	1	22	16910672610	16911184836	512226	854.59	958.63	54	57	-1	10.70	10.70
Fixation R	1	22	16910672610	16911184836	512226	854.59	958.63	54	57	-1	11.18	11.18
Saccade L	1	36	16911184836	16911224840	40004	833.55	949.00	738.04	946.51	2.09	140.77	0.79	52.34	5210.10	7.33	2134.92
Saccade R	1	36	16911184836	16911224840	40004	833.55	949.00	738.04	946.51	2.09	140.77	0.79	52.34	5210.10	7.33	2134.92
Fixation L	1	23	16911279366	16911492969	213603	866.66	906.12	41	40	-1	10.22	10.22
Fixation R	1	23	16911279366	16911492969	213603	866.66	906.12	41	40	-1	10.75	10.75
Blink L	1	7	16911492969	16911685111	192142
Blink R	1	7	16911492969	16911685111	192142
Saccade L	1	37	16911685111	16911727089	41978	848.44	910.14	880.99	892.28	1.53	63.50	0.67	36.43	1470.35	-3872.94	1283.19
Saccade R	1	37	16911685111	16911727089	41978	848.44	910.14	880.99	892.28	1.53	63.50	0.67	36.43	1470.35	-3872.94	1283.19
Saccade L	1	38	16911731087	16911761071	29984	881.66	897.32	890.71	926.53	0.76	43.16	0.37	25.48	625.96	-1358.22	699.01
Saccade R	1	38	16911731087	16911761071	29984	881.66	897.32	890.71	926.53	0.76	43.16	0.37	25.48	625.96	-1358.22	699.01
Saccade L	1	39	16911765069	16911821500	56431	892.39	922.52	852.81	944.85	1.61	75.18	0.60	28.58	2426.63	-2522.13	1321.42
Saccade R	1	39	16911765069	16911821500	56431	892.39	922.52	852.81	944.85	1.61	75.18	0.60	28.58	2426.63	-2522.13	1321.42
Fixation L	1	24	16911821500	16911881655	60155	850.55	944.45	4	9	-1	11.04	11.04
Fixation R	1	24	16911821500	16911881655	60155	850.55	944.45	4	9	-1	11.45	11.45
Saccade L	1	40	16911881655	16911929251	47596	848.47	945.47	851.40	927.38	1.11	40.34	0.66	23.37	888.46	-1578.44	798.32
Saccade R	1	40	16911881655	16911929251	47596	848.47	945.47	851.40	927.38	1.11	40.34	0.66	23.37	888.46	-1578.44	798.32
Fixation L	1	25	16911929251	16911987184	57933	852.15	927.73	9	19	-1	10.66	10.66
Fixation R	1	25	16911929251	16911987184	57933	852.15	927.73	9	19	-1	11.37	11.37
Saccade L	1	41	16911987184	16912043194	56010	853.51	934.24	843.48	924.10	5.37	249.70	0.21	95.93	9107.10	-8237.37	4459.08
Saccade R	1	41	16911987184	16912043194	56010	853.51	934.24	843.48	924.10	5.37	249.70	0.21	95.93	9107.10	-8237.37	4459.08
Fixation L	1	26	16912043194	16912198481	155287	856.66	936.47	37	30	-1	10.61	10.61
Fixation R	1	26	16912043194	16912198481	155287	856.66	936.47	37	30	-1	10.89	10.89
Saccade L	1	42	16912198481	16912275294	76813	879.50	944.33	729.35	309.72	15.55	395.61	0.32	202.50	16097.44	-8539.54	7595.34
Saccade R	1	42	16912198481	16912275294	76813	879.50	944.33	729.35	309.72	15.55	395.61	0.32	202.50	16097.44	-8539.54	7595.34
Fixation L	1	27	16912469437	16912551423	81986	732.26	330.95	5	8	-1	10.13	10.13
Fixation R	1	27	16912469437	16912551423	81986	732.26	330.95	5	8	-1	10.50	10.50
Saccade L	1	43	16912551423	16912603409	51986	733.44	329.48	764.25	426.83	2.96	183.88	0.58	56.96	6220.67	-6911.89	3460.46
Saccade R	1	43	16912551423	16912603409	51986	733.44	329.48	764.25	426.83	2.96	183.88	0.58	56.96	6220.67	-6911.89	3460.46
Saccade L	1	44	16912603409	16912669532	66123	764.25	426.83	570.04	402.23	9.71	402.98	0.70	146.84	16919.39	-15749.59	7249.92
Saccade R	1	44	16912603409	16912669532	66123	764.25	426.83	570.04	402.23	9.71	402.98	0.70	146.84	16919.39	-15749.59	7249.92
Fixation L	1	28	16912669532	16912787537	118005	581.72	383.23	40	42	-1	10.02	10.02
Fixation R	1	28	16912669532	16912787537	118005	581.72	383.23	40	42	-1	10.33	10.33
Saccade L	1	45	16912787537	16912909642	122105	572.66	360.65	755.67	1021.86	19.40	398.77	0.26	158.84	15580.72	-13216.90	5549.40
Saccade R	1	45	16912787537	16912909642	122105	572.66	360.65	755.67	1021.86	19.40	398.77	0.26	158.84	15580.72	-13216.90	5549.40
Saccade L	1	46	16912909642	16912948303	38661	755.67	1021.86	826.92	938.22	2.53	166.47	0.57	65.51	6154.39	-6712.29	4175.77
Saccade R	1	46	16912909642	16912948303	38661	755.67	1021.86	826.92	938.22	2.53	166.47	0.57	65.51	6154.39	-6712.29	4175.77
Saccade L	1	47	16912997650	16913045650	48000	827.11	930.47	835.32	988.00	1.67	95.03	0.71	34.86	3179.57	-3593.57	1955.06
Saccade R	1	47	16912997650	16913045650	48000	827.11	930.47	835.32	988.00	1.67	95.03	0.71	34.86	3179.57	-3593.57	1955.06
Saccade L	1	48	16913061655	16913123636	61981	839.10	994.98	840.68	958.57	1.48	43.27	0.69	23.92	1146.10	-1528.90	743.25
Saccade R	1	48	16913061655	16913123636	61981	839.10	994.98	840.68	958.57	1.48	43.27	0.69	23.92	1146.10	-1528.90	743.25
Saccade L	1	49	16913127648	16913201761	74113	841.52	958.86	847.96	963.64	2.59	71.04	0.29	34.93	2516.88	-1864.76	982.73
Saccade R	1	49	16913127648	16913201761	74113	841.52	958.86	847.96	963.64	2.59	71.04	0.29	34.93	2516.88	-1864.76	982.73
Saccade L	1	50	16913239753	16913271760	32007	850.91	948.18	868.89	1003.54	1.20	68.08	0.38	37.37	2598.22	-2411.65	1591.58
Saccade R	1	50	16913239753	16913271760	32007	850.91	948.18	868.89	1003.54	1.20	68.08	0.38	37.37	2598.22	-2411.65	1591.58
Saccade L	1	51	16913277767	16913303753	25986	869.22	1007.10	886.21	957.49	1.24	94.09	0.46	47.68	2838.09	-2849.34	2046.53
Saccade R	1	51	16913277767	16913303753	25986	869.22	1007.10	886.21	957.49	1.24	94.09	0.46	47.68	2838.09	-2849.34	2046.53
Fixation L	1	29	16913303753	16913803999	500246	867.93	952.94	41	44	-1	11.22	11.22
Fixation R	1	29	16913303753	16913803999	500246	867.93	952.94	41	44	-1	11.54	11.54
