[BeGaze]
Converted from:	C:\Program Files\SMI\Experiment Suite 360\Experiment Center 2\Results\RC-Attachment-Exp\deneme-eye_data.idf
Date:	24.02.2012 09:57:38
Version:	BeGaze 3.0.181
Sample Rate:	500
Subject:	deneme
Description:	Run3

Table Header for Fixations:
Event Type	Trial	Number	Start	End	Duration	Location X	Location Y	Dispersion X	Dispersion Y	Plane	Avg. Pupil Size X	Avg. Pupil Size Y

Table Header for Saccades:
Event Type	Trial	Number	Start	End	Duration	Start Loc.X	Start Loc.Y	End Loc.X	End Loc.Y	Amplitude	Peak Speed	Peak Speed At	Average Speed	Peak Accel.	Peak Decel.	Average Accel.

Table Header for Blinks:
Event Type	Trial	Number	Start	End	Duration

Table Header for User Events:
Event Type	Trial	Number	Start	Description

UserEvent	1	1	8966520271	# Message: Questionnaire22.jpg
Saccade L	1	1	8966632485	8966667478	34993	860.64	947.13	885.78	936.94	0.89	47.78	0.50	25.37	1109.06	-1212.48	744.33
Saccade R	1	1	8966632485	8966667478	34993	860.64	947.13	885.78	936.94	0.89	47.78	0.50	25.37	1109.06	-1212.48	744.33
Saccade L	1	2	8966702362	8966777582	75220	867.38	943.30	886.08	934.38	1.73	40.58	0.68	23.04	980.29	-1082.44	498.70
Saccade R	1	2	8966702362	8966777582	75220	867.38	943.30	886.08	934.38	1.73	40.58	0.68	23.04	980.29	-1082.44	498.70
Saccade L	1	3	8966777582	8966833444	55862	886.08	934.38	861.07	982.09	1.65	47.68	0.55	29.48	1393.44	-1684.12	1030.00
Saccade R	1	3	8966777582	8966833444	55862	886.08	934.38	861.07	982.09	1.65	47.68	0.55	29.48	1393.44	-1684.12	1030.00
Saccade L	1	4	8966841446	8966873465	32019	858.86	982.74	894.06	943.23	1.07	57.32	0.50	33.40	2242.34	-1736.89	1410.99
Saccade R	1	4	8966841446	8966873465	32019	858.86	982.74	894.06	943.23	1.07	57.32	0.50	33.40	2242.34	-1736.89	1410.99
Saccade L	1	5	8966873465	8966985591	112126	894.06	943.23	411.13	531.69	15.63	493.96	0.39	139.40	21146.40	-14493.78	6595.34
Saccade R	1	5	8966873465	8966985591	112126	894.06	943.23	411.13	531.69	15.63	493.96	0.39	139.40	21146.40	-14493.78	6595.34
Fixation L	1	1	8966985591	8967103558	117967	411.90	530.06	11	16	-1	10.25	10.25
Fixation R	1	1	8966985591	8967103558	117967	411.90	530.06	11	16	-1	9.40	9.40
Saccade L	1	6	8967103558	8967175736	72178	412.98	531.91	398.87	477.60	3.78	176.44	0.28	52.30	6965.73	-4933.20	2837.83
Saccade R	1	6	8967103558	8967175736	72178	412.98	531.91	398.87	477.60	3.78	176.44	0.28	52.30	6965.73	-4933.20	2837.83
Saccade L	1	7	8967235689	8967271732	36043	390.92	450.64	433.55	425.71	1.11	45.72	0.61	30.68	1672.69	-1241.77	1128.85
Saccade R	1	7	8967235689	8967271732	36043	390.92	450.64	433.55	425.71	1.11	45.72	0.61	30.68	1672.69	-1241.77	1128.85
Fixation L	1	2	8967271732	8967379942	108210	433.42	427.50	38	13	-1	10.08	10.08
Fixation R	1	2	8967271732	8967379942	108210	433.42	427.50	38	13	-1	9.31	9.31
Saccade L	1	8	8967379942	8967459855	79913	438.42	432.53	420.08	356.98	20.77	892.52	0.47	259.97	27318.71	-22501.56	10437.52
Saccade R	1	8	8967379942	8967459855	79913	438.42	432.53	420.08	356.98	20.77	892.52	0.47	259.97	27318.71	-22501.56	10437.52
Saccade L	1	9	8967465933	8967509795	43862	417.36	351.94	411.62	369.27	7.69	383.38	0.36	175.25	14061.65	-16510.09	9923.03
Saccade R	1	9	8967465933	8967509795	43862	417.36	351.94	411.62	369.27	7.69	383.38	0.36	175.25	14061.65	-16510.09	9923.03
Saccade L	1	10	8967543821	8967569766	25945	384.31	334.95	363.50	329.86	0.96	87.85	0.70	36.97	1639.50	92.20	1126.23
Saccade R	1	10	8967543821	8967569766	25945	384.31	334.95	363.50	329.86	0.96	87.85	0.70	36.97	1639.50	92.20	1126.23
Saccade L	1	11	8967569766	8967597828	28062	363.50	329.86	418.78	349.92	1.24	96.93	0.22	44.18	591.76	-3196.50	1435.47
Saccade R	1	11	8967569766	8967597828	28062	363.50	329.86	418.78	349.92	1.24	96.93	0.22	44.18	591.76	-3196.50	1435.47
Saccade L	1	12	8967603793	8967643839	40046	418.16	348.83	537.66	358.12	2.67	158.97	0.42	66.57	6239.80	-6152.01	4182.03
Saccade R	1	12	8967603793	8967643839	40046	418.16	348.83	537.66	358.12	2.67	158.97	0.42	66.57	6239.80	-6152.01	4182.03
Fixation L	1	3	8967643839	8967829911	186072	547.65	364.33	25	25	-1	10.11	10.11
Fixation R	1	3	8967643839	8967829911	186072	547.65	364.33	25	25	-1	9.45	9.45
Saccade L	1	13	8967829911	8967869909	39998	545.29	369.37	631.95	379.47	1.97	132.06	0.31	49.17	5060.93	-4884.97	2779.93
Saccade R	1	13	8967829911	8967869909	39998	545.29	369.37	631.95	379.47	1.97	132.06	0.31	49.17	5060.93	-4884.97	2779.93
Fixation L	1	4	8967869909	8967984050	114141	634.78	377.31	14	13	-1	10.23	10.23
Fixation R	1	4	8967869909	8967984050	114141	634.78	377.31	14	13	-1	9.57	9.57
Saccade L	1	14	8967984050	8968026350	42300	626.66	369.86	736.23	371.70	2.41	139.50	0.47	56.87	5717.64	-5512.54	3657.38
Saccade R	1	14	8967984050	8968026350	42300	626.66	369.86	736.23	371.70	2.41	139.50	0.47	56.87	5717.64	-5512.54	3657.38
Fixation L	1	5	8968026350	8968134166	107816	732.46	373.68	16	25	-1	10.36	10.36
Fixation R	1	5	8968026350	8968134166	107816	732.46	373.68	16	25	-1	9.77	9.77
Fixation L	1	6	8968176033	8968286147	110114	723.14	371.74	32	17	-1	10.33	10.33
Fixation R	1	6	8968176033	8968286147	110114	723.14	371.74	32	17	-1	9.73	9.73
Saccade L	1	15	8968286147	8968332146	45999	731.30	363.29	656.72	364.58	2.54	162.87	0.30	55.20	6517.92	-5800.91	3057.35
Saccade R	1	15	8968286147	8968332146	45999	731.30	363.29	656.72	364.58	2.54	162.87	0.30	55.20	6517.92	-5800.91	3057.35
Fixation L	1	7	8968332146	8968566269	234123	636.74	364.61	33	20	-1	10.53	10.53
Fixation R	1	7	8968332146	8968566269	234123	636.74	364.61	33	20	-1	9.90	9.90
Saccade L	1	16	8968566269	8968656748	90479	636.67	367.91	406.79	447.04	7.80	271.96	0.27	86.21	10018.10	-6411.42	3938.94
Saccade R	1	16	8968566269	8968656748	90479	636.67	367.91	406.79	447.04	7.80	271.96	0.27	86.21	10018.10	-6411.42	3938.94
Fixation L	1	8	8968656748	8969381847	725099	391.98	455.23	33	42	-1	10.34	10.34
Fixation R	1	8	8968656748	8969381847	725099	391.98	455.23	33	42	-1	9.64	9.64
UserEvent	1	55	8969140176	# Message: UE-mouseclick left x=400 y=435
Saccade L	1	17	8969381847	8969454627	72780	401.76	450.73	414.01	524.18	2.51	118.27	0.46	34.51	4425.12	-4285.71	1888.14
Saccade R	1	17	8969381847	8969454627	72780	401.76	450.73	414.01	524.18	2.51	118.27	0.46	34.51	4425.12	-4285.71	1888.14
Fixation L	1	9	8969454627	8969802736	348109	413.08	530.40	36	35	-1	10.27	10.27
Fixation R	1	9	8969454627	8969802736	348109	413.08	530.40	36	35	-1	9.58	9.58
UserEvent	1	69	8969708100	# Message: UE-mouseclick left x=421 y=527
