[BeGaze]
Converted from:	C:\Program Files\SMI\Experiment Suite 360\Experiment Center 2\Results\RC-Attachment-Exp\P10-eye_data.idf
Date:	18.03.2012 20:08:07
Version:	BeGaze 3.0.181
Sample Rate:	500
Subject:	P10
Description:	Run15

Table Header for Fixations:
Event Type	Trial	Number	Start	End	Duration	Location X	Location Y	Dispersion X	Dispersion Y	Plane	Avg. Pupil Size X	Avg. Pupil Size Y

Table Header for Saccades:
Event Type	Trial	Number	Start	End	Duration	Start Loc.X	Start Loc.Y	End Loc.X	End Loc.Y	Amplitude	Peak Speed	Peak Speed At	Average Speed	Peak Accel.	Peak Decel.	Average Accel.

Table Header for Blinks:
Event Type	Trial	Number	Start	End	Duration

Table Header for User Events:
Event Type	Trial	Number	Start	Description

UserEvent	1	1	8160959603	# Message: Validation.jpg
Fixation L	1	1	8160960753	8161171430	210677	173.91	801.55	62	33	-1	12.45	12.45
Fixation R	1	1	8160960753	8161171430	210677	173.91	801.55	62	33	-1	12.17	12.17
Saccade L	1	1	8161171430	8161203433	32003	180.19	802.39	184.45	752.48	1.19	57.04	0.44	37.20	2110.32	-1863.76	1409.89
Saccade R	1	1	8161171430	8161203433	32003	180.19	802.39	184.45	752.48	1.19	57.04	0.44	37.20	2110.32	-1863.76	1409.89
Saccade L	1	2	8161225436	8161267739	42303	177.94	736.62	171.41	781.09	1.69	86.36	0.61	40.00	2424.13	-3131.39	1616.88
Saccade R	1	2	8161225436	8161267739	42303	177.94	736.62	171.41	781.09	1.69	86.36	0.61	40.00	2424.13	-3131.39	1616.88
Saccade L	1	3	8161311556	8161335553	23997	188.44	774.09	228.96	778.85	0.70	48.49	0.58	29.02	1451.58	-992.68	862.20
Saccade R	1	3	8161311556	8161335553	23997	188.44	774.09	228.96	778.85	0.70	48.49	0.58	29.02	1451.58	-992.68	862.20
Saccade L	1	4	8161345555	8161426321	80766	210.04	778.95	191.64	688.90	16.27	756.65	0.54	201.49	30586.03	-26027.55	12722.27
Saccade R	1	4	8161345555	8161426321	80766	210.04	778.95	191.64	688.90	16.27	756.65	0.54	201.49	30586.03	-26027.55	12722.27
Fixation L	1	2	8161426321	8161585676	159355	234.72	704.81	95	31	-1	12.14	12.14
Fixation R	1	2	8161426321	8161585676	159355	234.72	704.81	95	31	-1	11.84	11.84
Blink L	1	1	8161585676	8161729674	143998
Blink R	1	1	8161585676	8161729674	143998
Fixation L	1	3	8161770407	8161837799	67392	391.24	394.17	34	39	-1	12.29	12.29
Fixation R	1	3	8161770407	8161837799	67392	391.24	394.17	34	39	-1	12.09	12.09
Saccade L	1	5	8161837799	8161899811	62012	407.21	376.00	467.61	289.05	2.47	70.58	0.65	39.87	1910.95	-2484.75	1329.46
Saccade R	1	5	8161837799	8161899811	62012	407.21	376.00	467.61	289.05	2.47	70.58	0.65	39.87	1910.95	-2484.75	1329.46
Saccade L	1	6	8161921798	8161961787	39989	470.05	281.17	467.81	215.43	1.63	71.58	0.61	40.86	2453.25	-2316.97	1733.93
Saccade R	1	6	8161921798	8161961787	39989	470.05	281.17	467.81	215.43	1.63	71.58	0.61	40.86	2453.25	-2316.97	1733.93
Saccade L	1	7	8161992881	8162017836	24955	449.94	221.78	451.26	256.21	0.72	43.13	0.61	28.67	649.12	-1203.92	506.68
Saccade R	1	7	8161992881	8162017836	24955	449.94	221.78	451.26	256.21	0.72	43.13	0.61	28.67	649.12	-1203.92	506.68
Fixation L	1	4	8162017836	8162265274	247438	467.07	271.94	31	31	-1	12.43	12.43
Fixation R	1	4	8162017836	8162265274	247438	467.07	271.94	31	31	-1	12.12	12.12
Saccade L	1	8	8162289907	8162314116	24209	532.89	293.63	473.65	273.23	1.02	80.97	0.41	42.25	1066.91	-2706.91	1429.02
Saccade R	1	8	8162289907	8162314116	24209	532.89	293.63	473.65	273.23	1.02	80.97	0.41	42.25	1066.91	-2706.91	1429.02
Fixation L	1	5	8162314116	8162444032	129916	478.20	287.05	21	33	-1	12.54	12.54
Fixation R	1	5	8162314116	8162444032	129916	478.20	287.05	21	33	-1	12.38	12.38
Saccade L	1	9	8162464040	8162488028	23988	417.25	245.20	482.59	290.11	1.29	97.36	0.50	53.85	620.40	-3221.24	1474.51
Saccade R	1	9	8162464040	8162488028	23988	417.25	245.20	482.59	290.11	1.29	97.36	0.50	53.85	620.40	-3221.24	1474.51
Fixation L	1	6	8162488028	8162644157	156129	482.75	281.12	40	15	-1	12.63	12.63
Fixation R	1	6	8162488028	8162644157	156129	482.75	281.12	40	15	-1	12.37	12.37
Fixation L	1	7	8162672153	8162964282	292129	534.13	287.02	66	32	-1	12.43	12.43
Fixation R	1	7	8162672153	8162964282	292129	534.13	287.02	66	32	-1	12.41	12.41
Saccade L	1	10	8162964282	8163022281	57999	560.57	277.98	778.06	453.01	6.29	263.08	0.28	108.38	11538.41	-9673.71	5886.81
Saccade R	1	10	8162964282	8163022281	57999	560.57	277.98	778.06	453.01	6.29	263.08	0.28	108.38	11538.41	-9673.71	5886.81
Saccade L	1	11	8163042271	8163100266	57995	779.77	456.28	979.24	637.85	7.20	324.13	0.62	124.15	12488.95	-12159.83	7048.23
Saccade R	1	11	8163042271	8163100266	57995	779.77	456.28	979.24	637.85	7.20	324.13	0.62	124.15	12488.95	-12159.83	7048.23
Saccade L	1	12	8163100266	8163128363	28097	979.24	637.85	1013.71	666.04	2.06	140.83	0.21	73.28	1524.05	-4541.18	2145.09
Saccade R	1	12	8163100266	8163128363	28097	979.24	637.85	1013.71	666.04	2.06	140.83	0.21	73.28	1524.05	-4541.18	2145.09
Fixation L	1	8	8163194399	8163348404	154005	1141.27	738.19	123	59	-1	12.69	12.69
Fixation R	1	8	8163194399	8163348404	154005	1141.27	738.19	123	59	-1	12.99	12.99
Saccade L	1	13	8163348404	8163380417	32013	1191.08	757.59	1291.65	844.79	3.10	198.57	0.50	96.99	8085.59	-7698.24	5830.10
Saccade R	1	13	8163348404	8163380417	32013	1191.08	757.59	1291.65	844.79	3.10	198.57	0.50	96.99	8085.59	-7698.24	5830.10
Fixation L	1	9	8163380417	8163452519	72102	1310.30	838.52	29	11	-1	12.76	12.76
Fixation R	1	9	8163380417	8163452519	72102	1310.30	838.52	29	11	-1	13.06	13.06
Saccade L	1	14	8163452519	8163484532	32013	1304.87	843.90	1300.45	771.72	2.02	122.49	0.39	63.02	3991.49	-4203.01	2737.15
Saccade R	1	14	8163452519	8163484532	32013	1304.87	843.90	1300.45	771.72	2.02	122.49	0.39	63.02	3991.49	-4203.01	2737.15
Saccade L	1	15	8163494510	8163526521	32011	1301.20	768.88	1266.68	817.67	1.37	74.69	0.31	42.69	2590.19	-2338.24	1744.54
Saccade R	1	15	8163494510	8163526521	32011	1301.20	768.88	1266.68	817.67	1.37	74.69	0.31	42.69	2590.19	-2338.24	1744.54
Fixation L	1	10	8163526521	8163920629	394108	1243.67	816.32	29	31	-1	12.58	12.58
Fixation R	1	10	8163526521	8163920629	394108	1243.67	816.32	29	31	-1	12.67	12.67
Saccade L	1	16	8163920629	8163944626	23997	1244.51	831.89	1245.23	792.81	0.80	49.63	0.45	33.49	1851.01	-1754.32	1296.28
Saccade R	1	16	8163920629	8163944626	23997	1244.51	831.89	1245.23	792.81	0.80	49.63	0.45	33.49	1851.01	-1754.32	1296.28
Fixation L	1	11	8163944626	8164336876	392250	1234.96	787.52	41	86	-1	11.81	11.81
Fixation R	1	11	8163944626	8164336876	392250	1234.96	787.52	41	86	-1	11.77	11.77
Saccade L	1	17	8164336876	8164376862	39986	1218.05	733.43	1146.34	653.78	2.48	113.33	0.33	61.95	4532.61	-3585.28	2611.27
Saccade R	1	17	8164336876	8164376862	39986	1218.05	733.43	1146.34	653.78	2.48	113.33	0.33	61.95	4532.61	-3585.28	2611.27
Saccade L	1	18	8164382884	8164418865	35981	1141.42	643.11	1261.43	521.16	5.44	287.93	0.61	151.32	11865.56	-11812.18	8663.49
Saccade R	1	18	8164382884	8164418865	35981	1141.42	643.11	1261.43	521.16	5.44	287.93	0.61	151.32	11865.56	-11812.18	8663.49
Fixation L	1	12	8164418865	8164544997	126132	1255.97	471.35	10	93	-1	11.29	11.29
Fixation R	1	12	8164418865	8164544997	126132	1255.97	471.35	10	93	-1	11.31	11.31
Saccade L	1	19	8164544997	8164592987	47990	1254.08	426.59	1236.04	319.60	2.39	107.05	0.72	49.84	3136.11	-3341.30	1848.87
Saccade R	1	19	8164544997	8164592987	47990	1254.08	426.59	1236.04	319.60	2.39	107.05	0.72	49.84	3136.11	-3341.30	1848.87
Fixation L	1	13	8164592987	8164785103	192116	1255.47	305.16	31	91	-1	11.32	11.32
Fixation R	1	13	8164592987	8164785103	192116	1255.47	305.16	31	91	-1	11.29	11.29
Saccade L	1	20	8164785103	8164835111	50008	1263.51	256.98	1225.74	220.36	12.08	458.56	0.44	241.60	20457.58	-17461.24	13415.86
Saccade R	1	20	8164785103	8164835111	50008	1263.51	256.98	1225.74	220.36	12.08	458.56	0.44	241.60	20457.58	-17461.24	13415.86
Saccade L	1	21	8164835111	8164861104	25993	1225.74	220.36	1287.82	228.60	1.27	75.49	0.38	48.81	-1456.84	-16612.99	7652.41
Saccade R	1	21	8164835111	8164861104	25993	1225.74	220.36	1287.82	228.60	1.27	75.49	0.38	48.81	-1456.84	-16612.99	7652.41
Fixation L	1	14	8164861104	8164952332	91228	1265.76	227.91	37	8	-1	11.30	11.30
Fixation R	1	14	8164861104	8164952332	91228	1265.76	227.91	37	8	-1	11.51	11.51
Fixation L	1	15	8164971102	8165171227	200125	1268.78	265.45	51	38	-1	11.53	11.53
Fixation R	1	15	8164971102	8165171227	200125	1268.78	265.45	51	38	-1	11.65	11.65
Saccade L	1	22	8165171227	8165207222	35995	1268.38	287.20	1249.75	271.49	1.17	53.76	0.56	32.64	1248.45	-1622.81	1005.01
Saccade R	1	22	8165171227	8165207222	35995	1268.38	287.20	1249.75	271.49	1.17	53.76	0.56	32.64	1248.45	-1622.81	1005.01
Fixation L	1	16	8165245243	8165431463	186220	1251.65	267.00	27	19	-1	12.04	12.04
Fixation R	1	16	8165245243	8165431463	186220	1251.65	267.00	27	19	-1	12.06	12.06
Fixation L	1	17	8165451338	8165533338	82000	1239.94	290.57	34	27	-1	12.23	12.23
Fixation R	1	17	8165451338	8165533338	82000	1239.94	290.57	34	27	-1	12.32	12.32
Saccade L	1	23	8165533338	8165557342	24004	1221.20	297.67	1204.22	314.83	1.06	87.46	0.75	44.02	2756.74	-2410.06	1650.45
Saccade R	1	23	8165533338	8165557342	24004	1221.20	297.67	1204.22	314.83	1.06	87.46	0.75	44.02	2756.74	-2410.06	1650.45
Saccade L	1	24	8165583463	8165634903	51440	1184.00	313.23	1148.19	332.91	12.86	479.68	0.35	250.05	19998.45	-18802.29	13309.92
Saccade R	1	24	8165583463	8165634903	51440	1184.00	313.23	1148.19	332.91	12.86	479.68	0.35	250.05	19998.45	-18802.29	13309.92
Saccade L	1	25	8165673050	8165719458	46408	1157.87	341.62	1101.07	370.57	1.96	73.81	0.40	42.30	2300.65	-1990.43	1308.76
Saccade R	1	25	8165673050	8165719458	46408	1157.87	341.62	1101.07	370.57	1.96	73.81	0.40	42.30	2300.65	-1990.43	1308.76
Fixation L	1	18	8165719458	8165796079	76621	1120.22	364.31	35	27	-1	12.63	12.63
Fixation R	1	18	8165719458	8165796079	76621	1120.22	364.31	35	27	-1	12.70	12.70
Saccade L	1	26	8165796079	8165941723	145644	1106.89	372.07	766.77	604.25	10.39	349.56	0.30	71.34	14017.23	-13817.56	3493.65
Saccade R	1	26	8165796079	8165941723	145644	1106.89	372.07	766.77	604.25	10.39	349.56	0.30	71.34	14017.23	-13817.56	3493.65
Saccade L	1	27	8165979580	8166024686	45106	723.33	625.34	667.99	646.86	1.38	41.34	0.44	30.48	513.52	-636.33	317.47
Saccade R	1	27	8165979580	8166024686	45106	723.33	625.34	667.99	646.86	1.38	41.34	0.44	30.48	513.52	-636.33	317.47
Saccade L	1	28	8166049948	8166115857	65909	638.59	642.46	491.88	756.45	11.38	434.17	0.51	172.61	18359.19	-16754.53	11021.94
Saccade R	1	28	8166049948	8166115857	65909	638.59	642.46	491.88	756.45	11.38	434.17	0.51	172.61	18359.19	-16754.53	11021.94
Fixation L	1	19	8166163703	8166247711	84008	453.32	787.44	26	48	-1	14.04	14.04
Fixation R	1	19	8166163703	8166247711	84008	453.32	787.44	26	48	-1	13.47	13.47
Saccade L	1	29	8166247711	8166273699	25988	437.45	791.72	427.94	827.43	0.80	42.62	0.39	30.70	1559.16	-1569.89	1106.42
Saccade R	1	29	8166247711	8166273699	25988	437.45	791.72	427.94	827.43	0.80	42.62	0.39	30.70	1559.16	-1569.89	1106.42
Fixation L	1	20	8166273699	8166391860	118161	416.14	822.10	23	13	-1	14.19	14.19
Fixation R	1	20	8166273699	8166391860	118161	416.14	822.10	23	13	-1	13.59	13.59
Saccade L	1	30	8166391860	8166438950	47090	403.72	819.56	388.03	820.83	2.43	98.01	0.65	51.65	1936.07	-2369.81	1422.94
Saccade R	1	30	8166391860	8166438950	47090	403.72	819.56	388.03	820.83	2.43	98.01	0.65	51.65	1936.07	-2369.81	1422.94
Saccade L	1	31	8166438950	8166469882	30932	388.03	820.83	415.41	774.68	0.94	41.08	0.35	30.30	395.35	-2261.65	756.46
Saccade R	1	31	8166438950	8166469882	30932	388.03	820.83	415.41	774.68	0.94	41.08	0.35	30.30	395.35	-2261.65	756.46
Saccade L	1	32	8166525819	8166573823	48004	378.39	808.55	426.30	820.37	2.30	79.94	0.60	47.83	1239.60	-3208.87	1262.70
Saccade R	1	32	8166525819	8166573823	48004	378.39	808.55	426.30	820.37	2.30	79.94	0.60	47.83	1239.60	-3208.87	1262.70
Saccade L	1	33	8166589991	8166614046	24055	426.15	820.62	410.66	763.72	1.17	76.02	0.49	48.57	2946.21	-3014.17	2099.97
Saccade R	1	33	8166589991	8166614046	24055	426.15	820.62	410.66	763.72	1.17	76.02	0.49	48.57	2946.21	-3014.17	2099.97
Saccade L	1	34	8166637960	8166662854	24894	412.05	765.65	418.54	806.98	0.86	50.10	0.40	34.65	1958.79	-1986.87	1414.79
Saccade R	1	34	8166637960	8166662854	24894	412.05	765.65	418.54	806.98	0.86	50.10	0.40	34.65	1958.79	-1986.87	1414.79
Fixation L	1	21	8166662854	8166755991	93137	426.34	806.77	15	12	-1	13.56	13.56
Fixation R	1	21	8166662854	8166755991	93137	426.34	806.77	15	12	-1	13.10	13.10
