[BeGaze]
Converted from:	C:\Program Files\SMI\Experiment Suite 360\Experiment Center 2\Results\RC-Attachment-Exp\P33-eye_data.idf
Date:	18.03.2012 20:29:02
Version:	BeGaze 3.0.181
Sample Rate:	500
Subject:	P33
Description:	Run38

Table Header for Fixations:
Event Type	Trial	Number	Start	End	Duration	Location X	Location Y	Dispersion X	Dispersion Y	Plane	Avg. Pupil Size X	Avg. Pupil Size Y

Table Header for Saccades:
Event Type	Trial	Number	Start	End	Duration	Start Loc.X	Start Loc.Y	End Loc.X	End Loc.Y	Amplitude	Peak Speed	Peak Speed At	Average Speed	Peak Accel.	Peak Decel.	Average Accel.

Table Header for Blinks:
Event Type	Trial	Number	Start	End	Duration

Table Header for User Events:
Event Type	Trial	Number	Start	Description

UserEvent	1	1	3239853374	# Message: int-4.jpg
Fixation L	1	1	3239854404	3240456148	601744	394.41	448.13	27	35	-1	14.33	14.33
Fixation R	1	1	3239854404	3240456148	601744	394.41	448.13	27	35	-1	15.07	15.07
Saccade L	1	1	3240456148	3240492122	35974	387.77	444.03	497.14	452.02	2.33	151.26	0.33	64.71	6094.38	-5535.32	3754.36
Saccade R	1	1	3240456148	3240492122	35974	387.77	444.03	497.14	452.02	2.33	151.26	0.33	64.71	6094.38	-5535.32	3754.36
Fixation L	1	2	3240492122	3240708731	216609	492.88	446.95	11	12	-1	14.26	14.26
Fixation R	1	2	3240492122	3240708731	216609	492.88	446.95	11	12	-1	15.21	15.21
Saccade L	1	2	3240708731	3240744219	35488	492.38	444.50	597.07	445.52	2.24	128.55	0.46	63.22	5563.05	-5106.78	3835.15
Saccade R	1	2	3240708731	3240744219	35488	492.38	444.50	597.07	445.52	2.24	128.55	0.46	63.22	5563.05	-5106.78	3835.15
Fixation L	1	3	3240744219	3240874236	130017	598.85	444.87	12	4	-1	13.86	13.86
Fixation R	1	3	3240744219	3240874236	130017	598.85	444.87	12	4	-1	14.43	14.43
Saccade L	1	3	3240874236	3240922645	48409	604.59	443.09	741.26	439.73	3.03	155.31	0.29	62.65	6636.76	-5518.29	3515.79
Saccade R	1	3	3240874236	3240922645	48409	604.59	443.09	741.26	439.73	3.03	155.31	0.29	62.65	6636.76	-5518.29	3515.79
Fixation L	1	4	3240922645	3241094341	171696	741.88	436.51	8	20	-1	13.26	13.26
Fixation R	1	4	3240922645	3241094341	171696	741.88	436.51	8	20	-1	14.03	14.03
Saccade L	1	4	3241094341	3241122373	28032	738.58	425.65	840.12	428.50	2.18	157.76	0.50	77.83	6596.66	-6357.05	4692.37
Saccade R	1	4	3241094341	3241122373	28032	738.58	425.65	840.12	428.50	2.18	157.76	0.50	77.83	6596.66	-6357.05	4692.37
Fixation L	1	5	3241122373	3241298519	176146	850.64	425.70	18	15	-1	12.90	12.90
Fixation R	1	5	3241122373	3241298519	176146	850.64	425.70	18	15	-1	13.59	13.59
Saccade L	1	5	3241298519	3241340479	41960	855.15	426.29	1021.38	422.80	3.91	160.97	0.38	93.27	6625.43	-5558.64	4603.73
Saccade R	1	5	3241298519	3241340479	41960	855.15	426.29	1021.38	422.80	3.91	160.97	0.38	93.27	6625.43	-5558.64	4603.73
Fixation L	1	6	3241340479	3241430457	89978	1028.77	418.29	22	12	-1	12.87	12.87
Fixation R	1	6	3241340479	3241430457	89978	1028.77	418.29	22	12	-1	13.49	13.49
Saccade L	1	6	3241430457	3241474552	44095	1015.14	412.08	1181.42	391.64	3.75	198.80	0.64	84.94	8226.35	-8539.37	5252.12
Saccade R	1	6	3241430457	3241474552	44095	1015.14	412.08	1181.42	391.64	3.75	198.80	0.64	84.94	8226.35	-8539.37	5252.12
Fixation L	1	7	3241474552	3241650568	176016	1188.37	397.47	23	13	-1	12.73	12.73
Fixation R	1	7	3241474552	3241650568	176016	1188.37	397.47	23	13	-1	13.39	13.39
Saccade L	1	7	3241650568	3241760712	110144	1185.40	392.85	861.49	906.57	14.02	225.96	0.27	127.27	8706.67	-5518.60	3182.08
Saccade R	1	7	3241650568	3241760712	110144	1185.40	392.85	861.49	906.57	14.02	225.96	0.27	127.27	8706.67	-5518.60	3182.08
Fixation L	1	8	3241760712	3242266792	506080	837.63	931.62	43	43	-1	13.17	13.17
Fixation R	1	8	3241760712	3242266792	506080	837.63	931.62	43	43	-1	13.75	13.75
