[BeGaze]
Converted from:	C:\Program Files\SMI\Experiment Suite 360\Experiment Center 2\Results\RC-Attachment-Exp\P03-eye_data.idf
Date:	24.02.2012 09:58:24
Version:	BeGaze 3.0.181
Sample Rate:	500
Subject:	P03
Description:	Run8

Table Header for Fixations:
Event Type	Trial	Number	Start	End	Duration	Location X	Location Y	Dispersion X	Dispersion Y	Plane	Avg. Pupil Size X	Avg. Pupil Size Y

Table Header for Saccades:
Event Type	Trial	Number	Start	End	Duration	Start Loc.X	Start Loc.Y	End Loc.X	End Loc.Y	Amplitude	Peak Speed	Peak Speed At	Average Speed	Peak Accel.	Peak Decel.	Average Accel.

Table Header for Blinks:
Event Type	Trial	Number	Start	End	Duration

Table Header for User Events:
Event Type	Trial	Number	Start	Description

UserEvent	1	1	1589984041	# Message: RC-nonforced-nonanim-6.jpg
Fixation L	1	1	1589984146	1590266219	282073	504.50	443.08	11	7	-1	9.81	9.81
Fixation R	1	1	1589984146	1590266219	282073	504.50	443.08	11	7	-1	9.03	9.03
Saccade L	1	1	1590266219	1590304175	37956	510.07	441.15	602.59	446.36	1.99	104.21	0.42	52.39	4564.93	-4211.79	3128.88
Saccade R	1	1	1590266219	1590304175	37956	510.07	441.15	602.59	446.36	1.99	104.21	0.42	52.39	4564.93	-4211.79	3128.88
Fixation L	1	2	1590304175	1590701359	397184	592.90	440.39	27	14	-1	9.79	9.79
Fixation R	1	2	1590304175	1590701359	397184	592.90	440.39	27	14	-1	9.00	9.00
Saccade L	1	2	1590701359	1590734413	33054	587.94	441.50	675.95	440.42	1.82	116.38	0.39	55.04	4890.95	-4771.54	3325.88
Saccade R	1	2	1590701359	1590734413	33054	587.94	441.50	675.95	440.42	1.82	116.38	0.39	55.04	4890.95	-4771.54	3325.88
Fixation L	1	3	1590734413	1591236505	502092	663.25	434.37	25	19	-1	9.73	9.73
Fixation R	1	3	1590734413	1591236505	502092	663.25	434.37	25	19	-1	9.03	9.03
Saccade L	1	3	1591236505	1591282629	46124	654.30	444.78	745.68	438.91	2.02	92.81	0.35	43.74	3913.30	-3050.56	2330.19
Saccade R	1	3	1591236505	1591282629	46124	654.30	444.78	745.68	438.91	2.02	92.81	0.35	43.74	3913.30	-3050.56	2330.19
Fixation L	1	4	1591282629	1591752896	470267	748.63	441.76	10	18	-1	9.82	9.82
Fixation R	1	4	1591282629	1591752896	470267	748.63	441.76	10	18	-1	9.03	9.03
Saccade L	1	4	1591752896	1591791130	38234	754.07	441.42	831.45	437.91	1.70	81.87	0.42	44.56	3516.76	-3204.94	2433.98
Saccade R	1	4	1591752896	1591791130	38234	754.07	441.42	831.45	437.91	1.70	81.87	0.42	44.56	3516.76	-3204.94	2433.98
Fixation L	1	5	1591791130	1592002876	211746	831.16	432.29	7	8	-1	9.65	9.65
Fixation R	1	5	1591791130	1592002876	211746	831.16	432.29	7	8	-1	9.00	9.00
Saccade L	1	5	1592002876	1592036874	33998	828.04	433.43	891.54	436.73	1.35	74.78	0.47	39.65	3111.04	-2996.56	2238.35
Saccade R	1	5	1592002876	1592036874	33998	828.04	433.43	891.54	436.73	1.35	74.78	0.47	39.65	3111.04	-2996.56	2238.35
Fixation L	1	6	1592036874	1592350260	313386	892.51	430.80	14	15	-1	9.66	9.66
Fixation R	1	6	1592036874	1592350260	313386	892.51	430.80	14	15	-1	8.86	8.86
Saccade L	1	6	1592350260	1592387180	36920	893.62	427.67	973.60	424.48	1.67	86.95	0.46	45.22	3674.09	-3453.68	2608.17
Saccade R	1	6	1592350260	1592387180	36920	893.62	427.67	973.60	424.48	1.67	86.95	0.46	45.22	3674.09	-3453.68	2608.17
Fixation L	1	7	1592387180	1592559081	171901	973.32	429.12	9	11	-1	9.70	9.70
Fixation R	1	7	1592387180	1592559081	171901	973.32	429.12	9	11	-1	8.75	8.75
Saccade L	1	7	1592559081	1592595491	36410	969.38	434.96	1041.30	434.97	1.56	75.17	0.39	42.85	3272.45	-2972.20	2212.33
Saccade R	1	7	1592559081	1592595491	36410	969.38	434.96	1041.30	434.97	1.56	75.17	0.39	42.85	3272.45	-2972.20	2212.33
Fixation L	1	8	1592595491	1592957314	361823	1034.21	439.94	15	14	-1	9.58	9.58
Fixation R	1	8	1592595491	1592957314	361823	1034.21	439.94	15	14	-1	8.80	8.80
Saccade L	1	8	1592957314	1592993350	36036	1030.63	444.49	1077.87	439.28	1.02	47.87	0.56	28.28	1903.71	-2061.35	1413.19
Saccade R	1	8	1592957314	1592993350	36036	1030.63	444.49	1077.87	439.28	1.02	47.87	0.56	28.28	1903.71	-2061.35	1413.19
Fixation L	1	9	1592993350	1593713651	720301	1066.94	442.39	48	26	-1	9.60	9.60
Fixation R	1	9	1592993350	1593713651	720301	1066.94	442.39	48	26	-1	8.90	8.90
Saccade L	1	9	1593713651	1593761653	48002	1046.27	451.55	1131.45	443.90	1.90	90.59	0.63	39.64	3385.00	-3736.67	2196.97
Saccade R	1	9	1593713651	1593761653	48002	1046.27	451.55	1131.45	443.90	1.90	90.59	0.63	39.64	3385.00	-3736.67	2196.97
Fixation L	1	10	1593761653	1594019784	258131	1127.34	440.57	13	17	-1	9.65	9.65
Fixation R	1	10	1593761653	1594019784	258131	1127.34	440.57	13	17	-1	9.08	9.08
Saccade L	1	10	1594019784	1594095791	76007	1125.82	449.43	944.69	911.35	11.21	290.89	0.34	147.53	12593.91	-8019.23	6418.50
Saccade R	1	10	1594019784	1594095791	76007	1125.82	449.43	944.69	911.35	11.21	290.89	0.34	147.53	12593.91	-8019.23	6418.50
Fixation L	1	11	1594095791	1594277934	182143	946.57	914.13	5	13	-1	10.12	10.12
Fixation R	1	11	1594095791	1594277934	182143	946.57	914.13	5	13	-1	9.50	9.50
Saccade L	1	11	1594277934	1594325900	47966	946.05	915.70	896.30	966.80	1.81	100.17	0.33	37.76	4080.60	-3419.07	2091.98
Saccade R	1	11	1594277934	1594325900	47966	946.05	915.70	896.30	966.80	1.81	100.17	0.33	37.76	4080.60	-3419.07	2091.98
Fixation L	1	12	1594325900	1594586157	260257	887.15	964.80	45	24	-1	10.36	10.36
Fixation R	1	12	1594325900	1594586157	260257	887.15	964.80	45	24	-1	9.88	9.88
