[BeGaze]
Converted from:	C:\Program Files\SMI\Experiment Suite 360\Experiment Center 2\Results\RC-Attachment-Exp\P35-eye_data.idf
Date:	18.03.2012 20:31:59
Version:	BeGaze 3.0.181
Sample Rate:	500
Subject:	P35
Description:	Run40

Table Header for Fixations:
Event Type	Trial	Number	Start	End	Duration	Location X	Location Y	Dispersion X	Dispersion Y	Plane	Avg. Pupil Size X	Avg. Pupil Size Y

Table Header for Saccades:
Event Type	Trial	Number	Start	End	Duration	Start Loc.X	Start Loc.Y	End Loc.X	End Loc.Y	Amplitude	Peak Speed	Peak Speed At	Average Speed	Peak Accel.	Peak Decel.	Average Accel.

Table Header for Blinks:
Event Type	Trial	Number	Start	End	Duration

Table Header for User Events:
Event Type	Trial	Number	Start	Description

UserEvent	1	1	2045311405	# Message: Questionnaire9.jpg
Fixation L	1	1	2045317784	2045711752	393968	816.65	979.35	15	48	-1	11.60	11.60
Fixation R	1	1	2045317784	2045711752	393968	816.65	979.35	15	48	-1	11.77	11.77
Fixation L	1	2	2045823873	2045875903	52030	584.94	428.35	13	6	-1	11.58	11.58
Fixation R	1	2	2045823873	2045875903	52030	584.94	428.35	13	6	-1	11.65	11.65
Saccade L	1	1	2045875903	2045928045	52142	579.55	423.89	586.21	376.70	1.38	59.59	0.57	26.42	2034.66	-2246.90	1226.22
Saccade R	1	1	2045875903	2045928045	52142	579.55	423.89	586.21	376.70	1.38	59.59	0.57	26.42	2034.66	-2246.90	1226.22
Fixation L	1	3	2045928045	2046051998	123953	603.56	379.80	24	12	-1	11.67	11.67
Fixation R	1	3	2045928045	2046051998	123953	603.56	379.80	24	12	-1	11.80	11.80
Saccade L	1	2	2046051998	2046106894	54896	608.48	381.18	397.60	293.79	5.70	232.49	0.47	103.89	9688.91	-9368.31	6394.21
Saccade R	1	2	2046051998	2046106894	54896	608.48	381.18	397.60	293.79	5.70	232.49	0.47	103.89	9688.91	-9368.31	6394.21
Saccade L	1	3	2046123996	2046175987	51991	397.68	295.97	444.37	352.48	1.86	86.91	0.31	35.82	3493.66	-2279.88	1470.63
Saccade R	1	3	2046123996	2046175987	51991	397.68	295.97	444.37	352.48	1.86	86.91	0.31	35.82	3493.66	-2279.88	1470.63
Saccade L	1	4	2046175987	2046221993	46006	444.37	352.48	441.16	356.23	1.35	54.82	0.78	29.29	1009.14	-707.35	498.54
Saccade R	1	4	2046175987	2046221993	46006	444.37	352.48	441.16	356.23	1.35	54.82	0.78	29.29	1009.14	-707.35	498.54
Saccade L	1	5	2046225996	2046258394	32398	446.83	357.49	421.87	336.74	1.68	85.64	0.25	51.94	3480.21	-1301.20	1457.97
Saccade R	1	5	2046225996	2046258394	32398	446.83	357.49	421.87	336.74	1.68	85.64	0.25	51.94	3480.21	-1301.20	1457.97
Saccade L	1	6	2046258394	2046282122	23728	421.87	336.74	415.94	253.49	1.81	152.25	0.40	76.38	3741.96	-2997.13	2055.83
Saccade R	1	6	2046258394	2046282122	23728	421.87	336.74	415.94	253.49	1.81	152.25	0.40	76.38	3741.96	-2997.13	2055.83
Saccade L	1	7	2046282122	2046360087	77965	415.94	253.49	569.85	341.68	4.59	249.70	0.23	58.88	8129.07	-9453.05	3126.23
Saccade R	1	7	2046282122	2046360087	77965	415.94	253.49	569.85	341.68	4.59	249.70	0.23	58.88	8129.07	-9453.05	3126.23
Fixation L	1	4	2046360087	2046543355	183268	566.12	356.13	16	28	-1	12.01	12.01
Fixation R	1	4	2046360087	2046543355	183268	566.12	356.13	16	28	-1	12.40	12.40
Saccade L	1	8	2046543355	2046572235	28880	571.26	367.20	706.99	357.51	2.87	193.45	0.52	99.48	8343.28	-7754.69	5952.44
Saccade R	1	8	2046543355	2046572235	28880	571.26	367.20	706.99	357.51	2.87	193.45	0.52	99.48	8343.28	-7754.69	5952.44
Fixation L	1	5	2046572235	2046814227	241992	726.00	367.60	28	35	-1	12.23	12.23
Fixation R	1	5	2046572235	2046814227	241992	726.00	367.60	28	35	-1	12.53	12.53
Saccade L	1	9	2046814227	2046854357	40130	726.76	386.01	798.17	368.61	1.73	103.17	0.35	43.12	4046.94	-3585.26	2358.03
Saccade R	1	9	2046814227	2046854357	40130	726.76	386.01	798.17	368.61	1.73	103.17	0.35	43.12	4046.94	-3585.26	2358.03
Saccade L	1	10	2046898349	2046937278	38929	790.89	373.95	879.19	362.28	2.15	143.46	0.31	55.21	5774.10	-5366.61	3343.66
Saccade R	1	10	2046898349	2046937278	38929	790.89	373.95	879.19	362.28	2.15	143.46	0.31	55.21	5774.10	-5366.61	3343.66
Fixation L	1	6	2046937278	2047056353	119075	874.57	371.34	17	16	-1	12.50	12.50
Fixation R	1	6	2046937278	2047056353	119075	874.57	371.34	17	16	-1	12.77	12.77
Saccade L	1	11	2047056353	2047126434	70081	877.99	376.93	457.44	480.53	9.83	319.11	0.31	140.30	14079.60	-12722.16	7489.63
Saccade R	1	11	2047056353	2047126434	70081	877.99	376.93	457.44	480.53	9.83	319.11	0.31	140.30	14079.60	-12722.16	7489.63
Fixation L	1	7	2047126434	2047300470	174036	456.15	486.65	15	19	-1	12.65	12.65
Fixation R	1	7	2047126434	2047300470	174036	456.15	486.65	15	19	-1	12.84	12.84
Saccade L	1	12	2047300470	2047330481	30011	448.72	481.61	417.93	504.57	0.81	44.81	0.47	26.99	1635.72	-1767.32	1248.76
Saccade R	1	12	2047300470	2047330481	30011	448.72	481.61	417.93	504.57	0.81	44.81	0.47	26.99	1635.72	-1767.32	1248.76
Fixation L	1	8	2047330481	2048374964	1044483	435.83	519.48	57	59	-1	12.49	12.49
Fixation R	1	8	2047330481	2048374964	1044483	435.83	519.48	57	59	-1	12.67	12.67
UserEvent	1	61	2047736892	# Message: UE-mouseclick left x=420 y=471
Saccade L	1	13	2048374964	2048415782	40818	445.83	524.99	469.38	566.13	1.15	47.95	0.34	28.27	1930.61	-1683.21	1317.96
Saccade R	1	13	2048374964	2048415782	40818	445.83	524.99	469.38	566.13	1.15	47.95	0.34	28.27	1930.61	-1683.21	1317.96
UserEvent	1	79	2048408622	# Message: UE-mouseclick left x=434 y=524
Fixation L	1	9	2048415782	2048511086	95304	472.17	562.97	10	19	-1	12.11	12.11
Fixation R	1	9	2048415782	2048511086	95304	472.17	562.97	10	19	-1	12.30	12.30
