[BeGaze]
Converted from:	C:\Program Files\SMI\Experiment Suite 360\Experiment Center 2\Results\RC-Attachment-Exp\P17-eye_data.idf
Date:	18.03.2012 20:13:14
Version:	BeGaze 3.0.181
Sample Rate:	500
Subject:	P17
Description:	Run22

Table Header for Fixations:
Event Type	Trial	Number	Start	End	Duration	Location X	Location Y	Dispersion X	Dispersion Y	Plane	Avg. Pupil Size X	Avg. Pupil Size Y

Table Header for Saccades:
Event Type	Trial	Number	Start	End	Duration	Start Loc.X	Start Loc.Y	End Loc.X	End Loc.Y	Amplitude	Peak Speed	Peak Speed At	Average Speed	Peak Accel.	Peak Decel.	Average Accel.

Table Header for Blinks:
Event Type	Trial	Number	Start	End	Duration

Table Header for User Events:
Event Type	Trial	Number	Start	Description

UserEvent	1	1	16316468941	# Message: RC-N2forced-nonanim-4.jpg
Fixation L	1	1	16316471573	16316779002	307429	473.16	442.47	25	20	-1	12.22	12.22
Fixation R	1	1	16316471573	16316779002	307429	473.16	442.47	25	20	-1	11.96	11.96
Saccade L	1	1	16316779002	16316803444	24442	469.86	435.14	516.62	439.99	0.96	57.56	0.49	39.36	2139.69	-2227.69	1557.09
Saccade R	1	1	16316779002	16316803444	24442	469.86	435.14	516.62	439.99	0.96	57.56	0.49	39.36	2139.69	-2227.69	1557.09
Fixation L	1	2	16316803444	16316995139	191695	528.26	431.50	38	23	-1	11.99	11.99
Fixation R	1	2	16316803444	16316995139	191695	528.26	431.50	38	23	-1	11.69	11.69
Saccade L	1	2	16316995139	16317023111	27972	510.83	434.87	579.09	429.48	1.47	95.81	0.50	52.42	3906.25	-3612.30	2719.06
Saccade R	1	2	16316995139	16317023111	27972	510.83	434.87	579.09	429.48	1.47	95.81	0.50	52.42	3906.25	-3612.30	2719.06
Fixation L	1	3	16317023111	16317257218	234107	590.72	439.33	30	25	-1	12.43	12.43
Fixation R	1	3	16317023111	16317257218	234107	590.72	439.33	30	25	-1	12.15	12.15
Fixation L	1	4	16317297213	16317431333	134120	646.99	442.65	13	23	-1	12.77	12.77
Fixation R	1	4	16317297213	16317431333	134120	646.99	442.65	13	23	-1	12.42	12.42
Blink L	1	1	16317431333	16317607481	176148
Blink R	1	1	16317431333	16317607481	176148
Fixation L	1	5	16317607481	16317749442	141961	758.96	433.59	31	23	-1	12.69	12.69
Fixation R	1	5	16317607481	16317749442	141961	758.96	433.59	31	23	-1	12.24	12.24
Saccade L	1	3	16317749442	16317775486	26044	749.00	438.92	842.72	442.66	2.51	196.34	0.47	96.20	7422.79	-6143.04	4576.08
Saccade R	1	3	16317749442	16317775486	26044	749.00	438.92	842.72	442.66	2.51	196.34	0.47	96.20	7422.79	-6143.04	4576.08
Saccade L	1	4	16317817470	16317842249	24779	847.20	452.84	860.91	495.30	0.93	60.34	0.40	37.64	1938.67	-1901.42	1267.53
Saccade R	1	4	16317817470	16317842249	24779	847.20	452.84	860.91	495.30	0.93	60.34	0.40	37.64	1938.67	-1901.42	1267.53
Fixation L	1	6	16317842249	16317907441	65192	868.03	484.86	10	18	-1	13.31	13.31
Fixation R	1	6	16317842249	16317907441	65192	868.03	484.86	10	18	-1	12.98	12.98
Saccade L	1	5	16317907441	16317937561	30120	864.61	481.45	875.44	437.39	1.27	57.96	0.34	42.22	2251.31	-1756.65	1525.18
Saccade R	1	5	16317907441	16317937561	30120	864.61	481.45	875.44	437.39	1.27	57.96	0.34	42.22	2251.31	-1756.65	1525.18
Fixation L	1	7	16317937561	16318121560	183999	888.64	429.57	25	20	-1	13.02	13.02
Fixation R	1	7	16317937561	16318121560	183999	888.64	429.57	25	20	-1	12.63	12.63
Saccade L	1	6	16318121560	16318153546	31986	877.52	437.19	948.38	436.41	1.45	66.25	0.44	45.20	2334.83	-2346.39	1789.30
Saccade R	1	6	16318121560	16318153546	31986	877.52	437.19	948.38	436.41	1.45	66.25	0.44	45.20	2334.83	-2346.39	1789.30
Fixation L	1	8	16318153546	16318297672	144126	944.32	441.35	33	18	-1	12.95	12.95
Fixation R	1	8	16318153546	16318297672	144126	944.32	441.35	33	18	-1	12.47	12.47
Saccade L	1	7	16318297672	16318319699	22027	928.13	445.02	969.88	430.53	0.97	69.99	0.54	44.20	2474.18	-2753.53	1737.35
Saccade R	1	7	16318297672	16318319699	22027	928.13	445.02	969.88	430.53	0.97	69.99	0.54	44.20	2474.18	-2753.53	1737.35
Fixation L	1	9	16318319699	16318619807	300108	1007.67	440.59	58	21	-1	12.82	12.82
Fixation R	1	9	16318319699	16318619807	300108	1007.67	440.59	58	21	-1	12.36	12.36
Saccade L	1	8	16318619807	16318657809	38002	1024.81	437.66	1096.63	427.02	1.67	82.37	0.37	43.83	3430.89	-2693.66	1995.11
Saccade R	1	8	16318619807	16318657809	38002	1024.81	437.66	1096.63	427.02	1.67	82.37	0.37	43.83	3430.89	-2693.66	1995.11
Fixation L	1	10	16318657809	16318971895	314086	1102.63	432.15	24	29	-1	12.70	12.70
Fixation R	1	10	16318657809	16318971895	314086	1102.63	432.15	24	29	-1	12.15	12.15
Saccade L	1	9	16318971895	16319010014	38119	1099.79	434.71	927.99	425.13	3.78	182.23	0.42	99.09	8242.33	-7251.47	5635.45
Saccade R	1	9	16318971895	16319010014	38119	1099.79	434.71	927.99	425.13	3.78	182.23	0.42	99.09	8242.33	-7251.47	5635.45
Fixation L	1	11	16319010014	16319266142	256128	917.41	426.44	37	25	-1	12.83	12.83
Fixation R	1	11	16319010014	16319266142	256128	917.41	426.44	37	25	-1	12.01	12.01
Saccade L	1	10	16319266142	16319308134	41992	931.37	437.17	912.07	480.42	2.37	101.65	0.24	56.34	3629.35	-2944.14	2209.77
Saccade R	1	10	16319266142	16319308134	41992	931.37	437.17	912.07	480.42	2.37	101.65	0.24	56.34	3629.35	-2944.14	2209.77
Saccade L	1	11	16319324132	16319352165	28033	909.20	484.91	903.02	544.22	1.28	76.90	0.43	45.80	2939.71	-2931.27	2071.02
Saccade R	1	11	16319324132	16319352165	28033	909.20	484.91	903.02	544.22	1.28	76.90	0.43	45.80	2939.71	-2931.27	2071.02
Fixation L	1	12	16319384183	16319438413	54230	902.35	518.50	16	21	-1	13.40	13.40
Fixation R	1	12	16319384183	16319438413	54230	902.35	518.50	16	21	-1	12.67	12.67
Saccade L	1	12	16319438413	16319476122	37709	894.54	528.47	623.50	463.13	6.31	360.18	0.52	167.32	15038.65	-15107.55	10869.37
Saccade R	1	12	16319438413	16319476122	37709	894.54	528.47	623.50	463.13	6.31	360.18	0.52	167.32	15038.65	-15107.55	10869.37
Fixation L	1	13	16319476122	16319793069	316947	609.51	450.30	39	28	-1	13.79	13.79
Fixation R	1	13	16319476122	16319793069	316947	609.51	450.30	39	28	-1	13.03	13.03
Fixation L	1	14	16319812244	16320014382	202138	581.32	456.49	14	26	-1	13.78	13.78
Fixation R	1	14	16319812244	16320014382	202138	581.32	456.49	14	26	-1	12.91	12.91
Saccade L	1	13	16320014382	16320066529	52147	581.26	471.78	864.32	874.38	11.62	400.62	0.50	222.81	17317.75	-17508.76	12476.61
Saccade R	1	13	16320014382	16320066529	52147	581.26	471.78	864.32	874.38	11.62	400.62	0.50	222.81	17317.75	-17508.76	12476.61
Saccade L	1	14	16320072354	16320096483	24129	868.19	876.90	887.11	907.32	0.74	42.35	0.58	30.81	1053.92	-1312.30	849.39
Saccade R	1	14	16320072354	16320096483	24129	868.19	876.90	887.11	907.32	0.74	42.35	0.58	30.81	1053.92	-1312.30	849.39
Fixation L	1	15	16320096483	16321026814	930331	910.15	925.31	84	62	-1	13.82	13.82
Fixation R	1	15	16320096483	16321026814	930331	910.15	925.31	84	62	-1	13.32	13.32
