[BeGaze]
Converted from:	C:\Program Files\SMI\Experiment Suite 360\Experiment Center 2\Results\RC-Attachment-Exp\P22-eye_data.idf
Date:	18.03.2012 20:17:05
Version:	BeGaze 3.0.181
Sample Rate:	500
Subject:	P22
Description:	Run27

Table Header for Fixations:
Event Type	Trial	Number	Start	End	Duration	Location X	Location Y	Dispersion X	Dispersion Y	Plane	Avg. Pupil Size X	Avg. Pupil Size Y

Table Header for Saccades:
Event Type	Trial	Number	Start	End	Duration	Start Loc.X	Start Loc.Y	End Loc.X	End Loc.Y	Amplitude	Peak Speed	Peak Speed At	Average Speed	Peak Accel.	Peak Decel.	Average Accel.

Table Header for Blinks:
Event Type	Trial	Number	Start	End	Duration

Table Header for User Events:
Event Type	Trial	Number	Start	Description

UserEvent	1	1	2112565369	# Message: RC-nonforced-anim-1.jpg
Fixation L	1	1	2112567495	2112699527	132032	505.84	471.09	22	14	-1	8.58	8.58
Fixation R	1	1	2112567495	2112699527	132032	505.84	471.09	22	14	-1	8.74	8.74
Blink L	1	1	2112699527	2112853158	153631
Blink R	1	1	2112699527	2112853158	153631
Fixation L	1	2	2112853158	2113031300	178142	512.55	466.08	12	12	-1	8.40	8.40
Fixation R	1	2	2112853158	2113031300	178142	512.55	466.08	12	12	-1	8.40	8.40
Saccade L	1	1	2113031300	2113053294	21994	518.75	469.62	573.33	467.04	1.17	91.38	0.55	53.01	3380.37	-3502.27	2331.90
Saccade R	1	1	2113031300	2113053294	21994	518.75	469.62	573.33	467.04	1.17	91.38	0.55	53.01	3380.37	-3502.27	2331.90
Saccade L	1	2	2113099277	2113123294	24017	580.62	467.71	652.68	461.32	1.58	119.10	0.58	65.63	4570.13	-4632.40	3090.37
Saccade R	1	2	2113099277	2113123294	24017	580.62	467.71	652.68	461.32	1.58	119.10	0.58	65.63	4570.13	-4632.40	3090.37
Fixation L	1	3	2113123294	2113293430	170136	647.14	458.22	18	18	-1	8.45	8.45
Fixation R	1	3	2113123294	2113293430	170136	647.14	458.22	18	18	-1	8.60	8.60
Saccade L	1	3	2113293430	2113321393	27963	644.40	453.87	723.05	459.71	1.81	116.79	0.43	64.57	4860.59	-4582.42	3408.83
Saccade R	1	3	2113293430	2113321393	27963	644.40	453.87	723.05	459.71	1.81	116.79	0.43	64.57	4860.59	-4582.42	3408.83
Fixation L	1	4	2113321393	2113643505	322112	757.40	457.42	60	41	-1	8.50	8.50
Fixation R	1	4	2113321393	2113643505	322112	757.40	457.42	60	41	-1	8.63	8.63
Saccade L	1	4	2113643505	2113667559	24054	779.07	460.21	843.71	466.61	1.35	98.03	0.42	56.08	3874.20	-3837.40	2651.50
Saccade R	1	4	2113643505	2113667559	24054	779.07	460.21	843.71	466.61	1.35	98.03	0.42	56.08	3874.20	-3837.40	2651.50
Fixation L	1	5	2113667559	2114127746	460187	855.42	461.08	54	30	-1	8.41	8.41
Fixation R	1	5	2113667559	2114127746	460187	855.42	461.08	54	30	-1	8.62	8.62
Fixation L	1	6	2114147742	2114361876	214134	919.81	442.26	17	38	-1	8.48	8.48
Fixation R	1	6	2114147742	2114361876	214134	919.81	442.26	17	38	-1	8.74	8.74
Saccade L	1	5	2114361876	2114397854	35978	919.32	469.12	1015.47	460.97	2.27	118.19	0.39	63.14	4072.15	-4465.79	3119.75
Saccade R	1	5	2114361876	2114397854	35978	919.32	469.12	1015.47	460.97	2.27	118.19	0.39	63.14	4072.15	-4465.79	3119.75
Fixation L	1	7	2114397854	2114581976	184122	1011.46	470.69	28	39	-1	8.57	8.57
Fixation R	1	7	2114397854	2114581976	184122	1011.46	470.69	28	39	-1	8.68	8.68
Saccade L	1	6	2114631975	2114655935	23960	989.78	481.81	924.02	483.92	1.62	124.55	0.50	67.52	4153.42	-4325.75	2750.27
Saccade R	1	6	2114631975	2114655935	23960	989.78	481.81	924.02	483.92	1.62	124.55	0.50	67.52	4153.42	-4325.75	2750.27
Fixation L	1	8	2114655935	2114808097	152162	914.16	478.84	29	31	-1	8.68	8.68
Fixation R	1	8	2114655935	2114808097	152162	914.16	478.84	29	31	-1	8.86	8.86
Saccade L	1	7	2114808097	2114838092	29995	902.52	472.43	1006.95	474.41	2.39	161.47	0.40	79.80	6485.78	-6184.31	4583.92
Saccade R	1	7	2114808097	2114838092	29995	902.52	472.43	1006.95	474.41	2.39	161.47	0.40	79.80	6485.78	-6184.31	4583.92
Fixation L	1	9	2114838092	2115008084	169992	1014.61	474.29	18	31	-1	8.61	8.61
Fixation R	1	9	2114838092	2115008084	169992	1014.61	474.29	18	31	-1	8.85	8.85
Saccade L	1	8	2115008084	2115044222	36138	1023.31	476.91	1079.98	439.41	1.58	83.20	0.63	43.69	2767.60	-3017.55	2020.72
Saccade R	1	8	2115008084	2115044222	36138	1023.31	476.91	1079.98	439.41	1.58	83.20	0.63	43.69	2767.60	-3017.55	2020.72
Fixation L	1	10	2115044222	2115252527	208305	1077.97	458.91	23	54	-1	8.74	8.74
Fixation R	1	10	2115044222	2115252527	208305	1077.97	458.91	23	54	-1	8.89	8.89
Saccade L	1	9	2115252527	2115302197	49670	1068.51	437.41	726.14	460.35	8.35	325.08	0.32	168.13	13734.72	-10157.17	8589.87
Saccade R	1	9	2115252527	2115302197	49670	1068.51	437.41	726.14	460.35	8.35	325.08	0.32	168.13	13734.72	-10157.17	8589.87
Fixation L	1	11	2115302197	2115442323	140126	714.30	459.36	22	27	-1	9.08	9.08
Fixation R	1	11	2115302197	2115442323	140126	714.30	459.36	22	27	-1	9.12	9.12
Saccade L	1	10	2115442323	2115464316	21993	721.59	467.26	689.60	463.93	0.67	42.19	0.45	30.67	1751.61	-1772.08	1164.38
Saccade R	1	10	2115442323	2115464316	21993	721.59	467.26	689.60	463.93	0.67	42.19	0.45	30.67	1751.61	-1772.08	1164.38
Fixation L	1	12	2115464316	2115718617	254301	684.69	457.31	12	18	-1	9.27	9.27
Fixation R	1	12	2115464316	2115718617	254301	684.69	457.31	12	18	-1	9.22	9.22
Saccade L	1	11	2115718617	2115768588	49971	680.68	451.32	755.87	450.60	3.07	144.87	0.40	61.44	5061.80	-4744.93	3312.32
Saccade R	1	11	2115718617	2115768588	49971	680.68	451.32	755.87	450.60	3.07	144.87	0.40	61.44	5061.80	-4744.93	3312.32
Fixation L	1	13	2115768588	2115826434	57846	768.54	449.54	21	10	-1	9.39	9.39
Fixation R	1	13	2115768588	2115826434	57846	768.54	449.54	21	10	-1	9.57	9.57
Saccade L	1	12	2115826434	2115848559	22125	776.47	447.51	773.60	485.86	0.77	52.62	0.46	34.77	1816.02	-1947.28	1298.10
Saccade R	1	12	2115826434	2115848559	22125	776.47	447.51	773.60	485.86	0.77	52.62	0.46	34.77	1816.02	-1947.28	1298.10
Saccade L	1	13	2115894561	2115930557	35996	771.60	481.43	866.30	450.94	2.53	156.34	0.50	70.27	6301.91	-5900.80	4195.78
Saccade R	1	13	2115894561	2115930557	35996	771.60	481.43	866.30	450.94	2.53	156.34	0.50	70.27	6301.91	-5900.80	4195.78
Fixation L	1	14	2115930557	2116200687	270130	873.74	463.87	30	33	-1	9.14	9.14
Fixation R	1	14	2115930557	2116200687	270130	873.74	463.87	30	33	-1	9.32	9.32
Saccade L	1	14	2116200687	2116224687	24000	880.19	472.40	956.61	456.80	1.61	121.89	0.60	67.20	4684.59	-4304.74	3193.41
Saccade R	1	14	2116200687	2116224687	24000	880.19	472.40	956.61	456.80	1.61	121.89	0.60	67.20	4684.59	-4304.74	3193.41
Fixation L	1	15	2116224687	2116404809	180122	953.91	471.94	33	39	-1	9.07	9.07
Fixation R	1	15	2116224687	2116404809	180122	953.91	471.94	33	39	-1	9.21	9.21
Saccade L	1	15	2116404809	2116452795	47986	959.60	472.46	880.01	871.80	9.03	302.03	0.58	188.15	13349.37	-12911.28	9415.07
Saccade R	1	15	2116404809	2116452795	47986	959.60	472.46	880.01	871.80	9.03	302.03	0.58	188.15	13349.37	-12911.28	9415.07
Fixation L	1	16	2116452795	2116544376	91581	870.65	868.15	15	20	-1	8.99	8.99
Fixation R	1	16	2116452795	2116544376	91581	870.65	868.15	15	20	-1	9.22	9.22
Saccade L	1	16	2116544376	2116580905	36529	870.63	865.72	901.67	987.68	3.23	196.62	0.39	88.38	8245.52	-7981.40	5501.36
Saccade R	1	16	2116544376	2116580905	36529	870.63	865.72	901.67	987.68	3.23	196.62	0.39	88.38	8245.52	-7981.40	5501.36
Fixation L	1	17	2116580905	2116696931	116026	883.60	971.68	36	38	-1	9.39	9.39
Fixation R	1	17	2116580905	2116696931	116026	883.60	971.68	36	38	-1	9.42	9.42
Saccade L	1	17	2116696931	2116722907	25976	888.15	991.43	889.95	949.66	0.83	48.03	0.31	31.93	779.47	-1610.49	933.66
Saccade R	1	17	2116696931	2116722907	25976	888.15	991.43	889.95	949.66	0.83	48.03	0.31	31.93	779.47	-1610.49	933.66
Saccade L	1	18	2116748904	2116770905	22001	893.21	947.16	897.18	982.56	0.75	49.95	0.55	33.92	1762.39	-1391.29	1078.75
Saccade R	1	18	2116748904	2116770905	22001	893.21	947.16	897.18	982.56	0.75	49.95	0.55	33.92	1762.39	-1391.29	1078.75
Fixation L	1	18	2116770905	2116885025	114120	905.51	962.16	25	44	-1	9.49	9.49
Fixation R	1	18	2116770905	2116885025	114120	905.51	962.16	25	44	-1	9.69	9.69
Saccade L	1	19	2116885025	2116908909	23884	916.28	942.40	905.92	975.74	0.73	40.03	0.54	30.37	1430.35	-1271.74	991.31
Saccade R	1	19	2116885025	2116908909	23884	916.28	942.40	905.92	975.74	0.73	40.03	0.54	30.37	1430.35	-1271.74	991.31
Fixation L	1	19	2116908909	2117077019	168110	901.42	966.55	16	31	-1	9.40	9.40
Fixation R	1	19	2116908909	2117077019	168110	901.42	966.55	16	31	-1	9.49	9.49
