[BeGaze]
Converted from:	C:\Program Files\SMI\Experiment Suite 360\Experiment Center 2\Results\RC-Attachment-Exp\P21-eye_data.idf
Date:	18.03.2012 20:16:49
Version:	BeGaze 3.0.181
Sample Rate:	500
Subject:	P21
Description:	Run26

Table Header for Fixations:
Event Type	Trial	Number	Start	End	Duration	Location X	Location Y	Dispersion X	Dispersion Y	Plane	Avg. Pupil Size X	Avg. Pupil Size Y

Table Header for Saccades:
Event Type	Trial	Number	Start	End	Duration	Start Loc.X	Start Loc.Y	End Loc.X	End Loc.Y	Amplitude	Peak Speed	Peak Speed At	Average Speed	Peak Accel.	Peak Decel.	Average Accel.

Table Header for Blinks:
Event Type	Trial	Number	Start	End	Duration

Table Header for User Events:
Event Type	Trial	Number	Start	Description

UserEvent	1	1	20158003631	# Message: RC-nonforced-nonanim-5.jpg
Fixation L	1	1	20158004468	20158309094	304626	500.53	445.44	25	20	-1	14.59	14.59
Fixation R	1	1	20158004468	20158309094	304626	500.53	445.44	25	20	-1	15.28	15.28
Saccade L	1	1	20158309094	20158345095	36001	494.85	450.81	565.91	429.54	1.57	81.99	0.33	43.73	2976.06	-2592.76	1955.67
Saccade R	1	1	20158309094	20158345095	36001	494.85	450.81	565.91	429.54	1.57	81.99	0.33	43.73	2976.06	-2592.76	1955.67
Fixation L	1	2	20158345095	20158480080	134985	561.48	431.62	20	23	-1	14.40	14.40
Fixation R	1	2	20158345095	20158480080	134985	561.48	431.62	20	23	-1	15.11	15.11
Saccade L	1	2	20158480080	20158521219	41139	555.16	430.05	632.86	437.15	1.65	73.44	0.32	40.12	2899.87	-2201.23	1672.93
Saccade R	1	2	20158480080	20158521219	41139	555.16	430.05	632.86	437.15	1.65	73.44	0.32	40.12	2899.87	-2201.23	1672.93
Fixation L	1	3	20158521219	20158721311	200092	632.64	440.12	22	15	-1	14.57	14.57
Fixation R	1	3	20158521219	20158721311	200092	632.64	440.12	22	15	-1	15.26	15.26
Saccade L	1	3	20158721311	20158777334	56023	641.18	449.80	799.40	443.47	3.52	154.35	0.25	62.90	6401.03	-4599.66	2914.94
Saccade R	1	3	20158721311	20158777334	56023	641.18	449.80	799.40	443.47	3.52	154.35	0.25	62.90	6401.03	-4599.66	2914.94
Fixation L	1	4	20158777334	20158943433	166099	797.30	441.59	18	5	-1	14.66	14.66
Fixation R	1	4	20158777334	20158943433	166099	797.30	441.59	18	5	-1	15.27	15.27
Saccade L	1	4	20158943433	20158975422	31989	795.36	439.37	843.05	430.31	0.98	40.69	0.31	30.69	1769.80	-1070.32	980.33
Saccade R	1	4	20158943433	20158975422	31989	795.36	439.37	843.05	430.31	0.98	40.69	0.31	30.69	1769.80	-1070.32	980.33
Fixation L	1	5	20158975422	20159171540	196118	849.15	434.70	19	17	-1	14.06	14.06
Fixation R	1	5	20158975422	20159171540	196118	849.15	434.70	19	17	-1	14.62	14.62
Saccade L	1	5	20159171540	20159213549	42009	849.15	432.64	939.37	428.52	1.96	84.85	0.28	46.60	3363.51	-2442.99	1925.99
Saccade R	1	5	20159171540	20159213549	42009	849.15	432.64	939.37	428.52	1.96	84.85	0.28	46.60	3363.51	-2442.99	1925.99
Fixation L	1	6	20159213549	20159383532	169983	938.22	436.26	21	16	-1	13.67	13.67
Fixation R	1	6	20159213549	20159383532	169983	938.22	436.26	21	16	-1	14.13	14.13
Saccade L	1	6	20159383532	20159437963	54431	929.82	445.29	1090.16	450.82	3.62	146.87	0.33	66.42	5858.21	-4343.91	3226.39
Saccade R	1	6	20159383532	20159437963	54431	929.82	445.29	1090.16	450.82	3.62	146.87	0.33	66.42	5858.21	-4343.91	3226.39
Fixation L	1	7	20159437963	20159751767	313804	1072.63	450.77	29	24	-1	13.44	13.44
Fixation R	1	7	20159437963	20159751767	313804	1072.63	450.77	29	24	-1	13.87	13.87
Saccade L	1	7	20159751767	20159806295	54528	1065.32	453.57	874.46	443.18	4.30	159.25	0.37	78.79	6628.70	-5447.14	3887.06
Saccade R	1	7	20159751767	20159806295	54528	1065.32	453.57	874.46	443.18	4.30	159.25	0.37	78.79	6628.70	-5447.14	3887.06
Fixation L	1	8	20159806295	20159982469	176174	885.81	440.08	21	10	-1	13.49	13.49
Fixation R	1	8	20159806295	20159982469	176174	885.81	440.08	21	10	-1	13.92	13.92
Saccade L	1	8	20159982469	20160055888	73419	892.06	442.67	863.12	921.35	11.27	299.99	0.32	153.57	13049.76	-9083.28	6616.92
Saccade R	1	8	20159982469	20160055888	73419	892.06	442.67	863.12	921.35	11.27	299.99	0.32	153.57	13049.76	-9083.28	6616.92
Fixation L	1	9	20160055888	20160183873	127985	879.89	894.54	38	41	-1	14.12	14.12
Fixation R	1	9	20160055888	20160183873	127985	879.89	894.54	38	41	-1	14.47	14.47
Saccade L	1	9	20160183873	20160229870	45997	897.68	881.10	883.82	943.01	1.47	47.79	0.22	32.03	1876.17	-940.40	989.95
Saccade R	1	9	20160183873	20160229870	45997	897.68	881.10	883.82	943.01	1.47	47.79	0.22	32.03	1876.17	-940.40	989.95
Fixation L	1	10	20160229870	20160512140	282270	877.46	941.86	26	13	-1	15.06	15.06
Fixation R	1	10	20160229870	20160512140	282270	877.46	941.86	26	13	-1	15.40	15.40
Saccade L	1	10	20160512140	20160536019	23879	877.66	934.83	836.20	937.79	0.86	52.69	0.50	36.13	1905.33	-299.38	744.80
Saccade R	1	10	20160512140	20160536019	23879	877.66	934.83	836.20	937.79	0.86	52.69	0.50	36.13	1905.33	-299.38	744.80
