[BeGaze]
Converted from:	C:\Program Files\SMI\Experiment Suite 360\Experiment Center 2\Results\RC-Attachment-Exp\P05-eye_data.idf
Date:	18.03.2012 20:05:37
Version:	BeGaze 3.0.181
Sample Rate:	500
Subject:	P05
Description:	Kibrisli

Table Header for Fixations:
Event Type	Trial	Number	Start	End	Duration	Location X	Location Y	Dispersion X	Dispersion Y	Plane	Avg. Pupil Size X	Avg. Pupil Size Y

Table Header for Saccades:
Event Type	Trial	Number	Start	End	Duration	Start Loc.X	Start Loc.Y	End Loc.X	End Loc.Y	Amplitude	Peak Speed	Peak Speed At	Average Speed	Peak Accel.	Peak Decel.	Average Accel.

Table Header for Blinks:
Event Type	Trial	Number	Start	End	Duration

Table Header for User Events:
Event Type	Trial	Number	Start	Description

UserEvent	1	1	5925755074	# Message: Questionnaire6.jpg
Fixation L	1	1	5925765349	5925969743	204394	899.58	919.18	9	13	-1	14.65	14.65
Fixation R	1	1	5925765349	5925969743	204394	899.58	919.18	9	13	-1	16.04	16.04
Saccade L	1	1	5925969743	5926046788	77045	896.49	923.15	500.49	397.47	15.79	445.60	0.24	204.95	19840.19	-11545.97	8788.48
Saccade R	1	1	5925969743	5926046788	77045	896.49	923.15	500.49	397.47	15.79	445.60	0.24	204.95	19840.19	-11545.97	8788.48
Fixation L	1	2	5926046788	5926133870	87082	502.66	382.04	17	42	-1	14.50	14.50
Fixation R	1	2	5926046788	5926133870	87082	502.66	382.04	17	42	-1	15.21	15.21
Saccade L	1	2	5926133870	5926165886	32016	500.36	371.43	424.34	325.54	2.09	115.79	0.43	65.21	4638.13	-4642.07	3353.07
Saccade R	1	2	5926133870	5926165886	32016	500.36	371.43	424.34	325.54	2.09	115.79	0.43	65.21	4638.13	-4642.07	3353.07
Fixation L	1	3	5926165886	5926363887	198001	427.54	337.16	20	27	-1	14.33	14.33
Fixation R	1	3	5926165886	5926363887	198001	427.54	337.16	20	27	-1	15.21	15.21
Saccade L	1	3	5926363887	5926389390	25503	427.85	341.96	523.34	349.09	2.20	157.18	0.40	86.38	6321.99	-5323.16	4054.34
Saccade R	1	3	5926363887	5926389390	25503	427.85	341.96	523.34	349.09	2.20	157.18	0.40	86.38	6321.99	-5323.16	4054.34
Fixation L	1	4	5926389390	5926556006	166616	562.10	355.40	49	29	-1	14.48	14.48
Fixation R	1	4	5926389390	5926556006	166616	562.10	355.40	49	29	-1	15.43	15.43
Saccade L	1	4	5926556006	5926600006	44000	571.80	360.77	718.48	382.69	3.36	186.71	0.41	76.37	6954.74	-6605.84	4493.80
Saccade R	1	4	5926556006	5926600006	44000	571.80	360.77	718.48	382.69	3.36	186.71	0.41	76.37	6954.74	-6605.84	4493.80
Fixation L	1	5	5926600006	5926756108	156102	718.57	371.47	11	25	-1	15.10	15.10
Fixation R	1	5	5926600006	5926756108	156102	718.57	371.47	11	25	-1	16.22	16.22
Saccade L	1	5	5926756108	5926784465	28357	722.32	373.67	833.19	360.51	2.40	156.23	0.44	84.71	6268.73	-6458.44	4695.04
Saccade R	1	5	5926756108	5926784465	28357	722.32	373.67	833.19	360.51	2.40	156.23	0.44	84.71	6268.73	-6458.44	4695.04
Fixation L	1	6	5926784465	5927470781	686316	811.49	379.10	64	41	-1	16.03	16.03
Fixation R	1	6	5926784465	5927470781	686316	811.49	379.10	64	41	-1	16.83	16.83
Blink L	1	1	5927470781	5927500458	29677
Blink R	1	1	5927470781	5927500458	29677
Saccade L	1	6	5927528451	5927552912	24461	793.90	385.36	662.29	398.09	2.61	193.43	0.57	106.68	8083.89	-6323.03	5055.66
Saccade R	1	6	5927528451	5927552912	24461	793.90	385.36	662.29	398.09	2.61	193.43	0.57	106.68	8083.89	-6323.03	5055.66
Fixation L	1	7	5927570659	5927762584	191925	688.38	395.14	26	15	-1	17.12	17.12
Fixation R	1	7	5927570659	5927762584	191925	688.38	395.14	26	15	-1	17.73	17.73
Blink L	1	2	5927762584	5927909541	146957
Blink R	1	2	5927762584	5927909541	146957
Saccade L	1	7	5927909541	5927938569	29028	882.71	370.29	920.47	385.43	0.78	43.46	0.24	27.01	-3.30	-957.89	515.79
Saccade R	1	7	5927909541	5927938569	29028	882.71	370.29	920.47	385.43	0.78	43.46	0.24	27.01	-3.30	-957.89	515.79
Fixation L	1	8	5927938569	5928328811	390242	925.41	390.07	15	21	-1	17.37	17.37
Fixation R	1	8	5927938569	5928328811	390242	925.41	390.07	15	21	-1	18.02	18.02
Saccade L	1	8	5928328811	5928392807	63996	926.44	387.18	483.31	515.84	10.94	387.34	0.28	170.98	17099.30	-12814.27	9154.33
Saccade R	1	8	5928328811	5928392807	63996	926.44	387.18	483.31	515.84	10.94	387.34	0.28	170.98	17099.30	-12814.27	9154.33
Fixation L	1	9	5928440095	5928586935	146840	472.05	499.58	19	42	-1	17.16	17.16
Fixation R	1	9	5928440095	5928586935	146840	472.05	499.58	19	42	-1	17.54	17.54
Saccade L	1	9	5928586935	5928612927	25992	461.70	480.01	449.26	557.53	1.55	102.15	0.54	59.75	3997.93	-3563.96	2794.57
Saccade R	1	9	5928586935	5928612927	25992	461.70	480.01	449.26	557.53	1.55	102.15	0.54	59.75	3997.93	-3563.96	2794.57
Fixation L	1	10	5928612927	5928824917	211990	436.32	542.11	32	25	-1	16.96	16.96
Fixation R	1	10	5928612927	5928824917	211990	436.32	542.11	32	25	-1	17.46	17.46
Blink L	1	3	5928824917	5928939046	114129
Blink R	1	3	5928824917	5928939046	114129
Fixation L	1	11	5929043054	5929133257	90203	462.50	499.41	21	12	-1	16.26	16.26
Fixation R	1	11	5929043054	5929133257	90203	462.50	499.41	21	12	-1	16.81	16.81
Saccade L	1	10	5929133257	5929157401	24144	474.34	495.77	444.75	472.96	0.71	40.38	0.41	29.58	1299.44	-1449.45	1036.43
Saccade R	1	10	5929133257	5929157401	24144	474.34	495.77	444.75	472.96	0.71	40.38	0.41	29.58	1299.44	-1449.45	1036.43
Fixation L	1	12	5929157401	5929375296	217895	408.84	431.47	457	529	-1	15.09	15.09
Fixation R	1	12	5929157401	5929375296	217895	408.84	431.47	457	529	-1	15.58	15.58
Blink L	1	4	5929396275	5929445291	49016
Blink R	1	4	5929396275	5929445291	49016
Fixation L	1	13	5929445291	5929547350	102059	452.31	543.07	15	17	-1	16.58	16.58
Fixation R	1	13	5929445291	5929547350	102059	452.31	543.07	15	17	-1	17.10	17.10
Blink L	1	5	5929559660	5929733427	173767
Blink R	1	5	5929559660	5929733427	173767
Fixation L	1	14	5929733427	5929839403	105976	824.83	370.37	10	17	-1	16.17	16.17
Fixation R	1	14	5929733427	5929839403	105976	824.83	370.37	10	17	-1	16.78	16.78
Saccade L	1	11	5929839403	5929885565	46162	822.43	376.92	524.02	418.54	7.29	280.21	0.35	157.94	12369.05	-10310.19	8343.35
Saccade R	1	11	5929839403	5929885565	46162	822.43	376.92	524.02	418.54	7.29	280.21	0.35	157.94	12369.05	-10310.19	8343.35
Saccade L	1	12	5929925555	5929991536	65981	505.67	422.14	520.44	418.84	22.26	643.19	0.45	337.43	24398.20	-17469.27	12141.08
Saccade R	1	12	5929925555	5929991536	65981	505.67	422.14	520.44	418.84	22.26	643.19	0.45	337.43	24398.20	-17469.27	12141.08
Saccade L	1	13	5929997761	5930034035	36274	505.87	367.93	481.78	366.70	9.33	428.07	0.32	257.34	13574.48	-16245.44	11329.79
Saccade R	1	13	5929997761	5930034035	36274	505.87	367.93	481.78	366.70	9.33	428.07	0.32	257.34	13574.48	-16245.44	11329.79
Saccade L	1	14	5930055550	5930115556	60006	462.63	419.10	397.48	362.10	15.48	639.84	0.23	257.91	23387.63	-22814.89	12770.97
Saccade R	1	14	5930055550	5930115556	60006	462.63	419.10	397.48	362.10	15.48	639.84	0.23	257.91	23387.63	-22814.89	12770.97
Fixation L	1	15	5930135561	5930357832	222271	423.35	390.80	478	496	-1	15.14	15.14
Fixation R	1	15	5930135561	5930357832	222271	423.35	390.80	478	496	-1	15.63	15.63
Saccade L	1	15	5930357832	5930389647	31815	434.35	388.04	551.91	382.92	2.72	171.46	0.37	85.36	6578.97	-6897.76	4825.25
Saccade R	1	15	5930357832	5930389647	31815	434.35	388.04	551.91	382.92	2.72	171.46	0.37	85.36	6578.97	-6897.76	4825.25
Fixation L	1	16	5930389647	5930551765	162118	550.56	378.71	17	12	-1	16.00	16.00
Fixation R	1	16	5930389647	5930551765	162118	550.56	378.71	17	12	-1	16.72	16.72
Blink L	1	6	5930563773	5930708954	145181
Blink R	1	6	5930563773	5930708954	145181
Saccade L	1	16	5930708954	5930771890	62936	773.18	238.81	689.91	356.72	8.88	378.22	0.33	141.10	13082.52	-10120.27	6874.53
Saccade R	1	16	5930708954	5930771890	62936	773.18	238.81	689.91	356.72	8.88	378.22	0.33	141.10	13082.52	-10120.27	6874.53
Saccade L	1	17	5930785702	5930810093	24391	702.80	359.96	615.31	293.04	2.30	191.14	0.42	94.48	7013.66	-6907.46	4886.39
Saccade R	1	17	5930785702	5930810093	24391	702.80	359.96	615.31	293.04	2.30	191.14	0.42	94.48	7013.66	-6907.46	4886.39
Saccade L	1	18	5930823887	5930883902	60015	608.38	294.86	791.51	374.64	18.46	858.33	0.43	307.65	27546.01	-31134.12	17854.23
Saccade R	1	18	5930823887	5930883902	60015	608.38	294.86	791.51	374.64	18.46	858.33	0.43	307.65	27546.01	-31134.12	17854.23
Fixation L	1	17	5930883902	5931108086	224184	795.02	378.55	41	26	-1	16.85	16.85
Fixation R	1	17	5930883902	5931108086	224184	795.02	378.55	41	26	-1	17.44	17.44
Saccade L	1	19	5931108086	5931138008	29922	793.35	376.47	941.38	374.43	3.12	213.81	0.47	104.23	9009.09	-8032.93	6253.92
Saccade R	1	19	5931108086	5931138008	29922	793.35	376.47	941.38	374.43	3.12	213.81	0.47	104.23	9009.09	-8032.93	6253.92
Fixation L	1	18	5931138008	5931366198	228190	943.75	365.79	27	27	-1	16.39	16.39
Fixation R	1	18	5931138008	5931366198	228190	943.75	365.79	27	27	-1	16.69	16.69
Saccade L	1	20	5931366198	5931390486	24288	944.77	378.07	1020.39	375.24	1.59	119.59	0.49	65.30	4584.46	-4645.92	3225.96
Saccade R	1	20	5931366198	5931390486	24288	944.77	378.07	1020.39	375.24	1.59	119.59	0.49	65.30	4584.46	-4645.92	3225.96
Fixation L	1	19	5931466203	5931637027	170824	1019.08	378.65	15	14	-1	15.82	15.82
Fixation R	1	19	5931466203	5931637027	170824	1019.08	378.65	15	14	-1	16.14	16.14
Blink L	1	7	5931637027	5931669957	32930
Blink R	1	7	5931637027	5931669957	32930
Fixation L	1	20	5931669957	5931828375	158418	998.01	371.26	13	10	-1	16.20	16.20
Fixation R	1	20	5931669957	5931828375	158418	998.01	371.26	13	10	-1	16.50	16.50
Saccade L	1	21	5931828375	5931857657	29282	994.10	373.36	1090.91	373.81	2.33	154.17	0.55	79.40	6166.31	-6112.86	4438.37
Saccade R	1	21	5931828375	5931857657	29282	994.10	373.36	1090.91	373.81	2.33	154.17	0.55	79.40	6166.31	-6112.86	4438.37
Fixation L	1	21	5931857657	5931992373	134716	1097.78	368.87	23	14	-1	16.80	16.80
Fixation R	1	21	5931857657	5931992373	134716	1097.78	368.87	23	14	-1	17.19	17.19
Fixation L	1	22	5932054495	5932145348	90853	608.88	261.26	1485	1142	-1	7.80	7.80
Fixation R	1	22	5932054495	5932145348	90853	608.88	261.26	1485	1142	-1	9.68	9.68
Saccade L	1	22	5932145348	5932195915	50567	915.57	277.46	883.98	365.94	2.42	81.56	0.26	47.78	1652.46	-5426.01	1536.35
Saccade R	1	22	5932145348	5932195915	50567	915.57	277.46	883.98	365.94	2.42	81.56	0.26	47.78	1652.46	-5426.01	1536.35
Fixation L	1	23	5932195915	5932285528	89613	890.58	371.20	43	32	-1	17.37	17.37
Fixation R	1	23	5932195915	5932285528	89613	890.58	371.20	43	32	-1	17.87	17.87
Saccade L	1	23	5932285528	5932324485	38957	898.37	394.27	902.07	375.96	7.48	327.46	0.37	192.13	14561.66	-14039.61	10584.26
Saccade R	1	23	5932285528	5932324485	38957	898.37	394.27	902.07	375.96	7.48	327.46	0.37	192.13	14561.66	-14039.61	10584.26
Saccade L	1	24	5932353859	5932383547	29688	889.32	382.91	898.66	378.90	8.02	321.56	0.63	270.21	14743.21	-13866.16	11430.87
Saccade R	1	24	5932353859	5932383547	29688	889.32	382.91	898.66	378.90	8.02	321.56	0.63	270.21	14743.21	-13866.16	11430.87
Saccade L	1	25	5932390611	5932416615	26004	903.03	373.34	1029.89	396.04	2.89	205.72	0.54	111.21	6779.51	-6836.74	3899.81
Saccade R	1	25	5932390611	5932416615	26004	903.03	373.34	1029.89	396.04	2.89	205.72	0.54	111.21	6779.51	-6836.74	3899.81
Saccade L	1	26	5932452615	5932482612	29997	1001.30	376.60	1059.08	395.68	21.33	1137.15	0.60	711.09	40151.76	-41912.71	32194.54
Saccade R	1	26	5932452615	5932482612	29997	1001.30	376.60	1059.08	395.68	21.33	1137.15	0.60	711.09	40151.76	-41912.71	32194.54
Saccade L	1	27	5932487413	5932512897	25484	1061.37	398.81	1008.57	382.92	1.19	72.48	0.36	46.83	127.43	-39966.91	9578.48
Saccade R	1	27	5932487413	5932512897	25484	1061.37	398.81	1008.57	382.92	1.19	72.48	0.36	46.83	127.43	-39966.91	9578.48
Fixation L	1	24	5932512897	5932566734	53837	1009.73	390.34	9	14	-1	17.73	17.73
Fixation R	1	24	5932512897	5932566734	53837	1009.73	390.34	9	14	-1	18.43	18.43
Saccade L	1	28	5932566734	5932593513	26779	1011.69	392.21	1097.22	399.36	1.90	128.19	0.44	70.86	5267.13	-5054.78	3688.87
Saccade R	1	28	5932566734	5932593513	26779	1011.69	392.21	1097.22	399.36	1.90	128.19	0.44	70.86	5267.13	-5054.78	3688.87
Fixation L	1	25	5932593513	5932662727	69214	1098.90	399.11	14	10	-1	17.61	17.61
Fixation R	1	25	5932593513	5932662727	69214	1098.90	399.11	14	10	-1	18.37	18.37
Saccade L	1	29	5932662727	5932704210	41483	1103.37	401.87	1181.13	353.17	2.64	149.60	0.36	63.74	13494.71	-4225.30	3746.12
Saccade R	1	29	5932662727	5932704210	41483	1103.37	401.87	1181.13	353.17	2.64	149.60	0.36	63.74	13494.71	-4225.30	3746.12
Saccade L	1	30	5932704210	5932774732	70522	1181.13	353.17	421.48	478.81	20.28	844.43	0.29	287.50	38325.05	-23564.61	15771.04
Saccade R	1	30	5932704210	5932774732	70522	1181.13	353.17	421.48	478.81	20.28	844.43	0.29	287.50	38325.05	-23564.61	15771.04
Fixation L	1	26	5932774732	5933274984	500252	416.77	482.66	39	35	-1	17.93	17.93
Fixation R	1	26	5932774732	5933274984	500252	416.77	482.66	39	35	-1	18.32	18.32
Blink L	1	8	5933274984	5933413096	138112
Blink R	1	8	5933274984	5933413096	138112
Saccade L	1	31	5933413096	5933451094	37998	435.32	508.48	438.29	415.14	3.12	203.41	0.43	82.23	1428.45	-7710.30	3333.27
Saccade R	1	31	5933413096	5933451094	37998	435.32	508.48	438.29	415.14	3.12	203.41	0.43	82.23	1428.45	-7710.30	3333.27
Saccade L	1	32	5933455094	5933483125	28031	454.81	419.00	432.06	469.45	1.04	57.17	0.43	37.05	1284.73	-1894.45	1195.63
Saccade R	1	32	5933455094	5933483125	28031	454.81	419.00	432.06	469.45	1.04	57.17	0.43	37.05	1284.73	-1894.45	1195.63
Fixation L	1	27	5933483125	5933965334	482209	426.35	495.80	22	50	-1	17.51	17.51
Fixation R	1	27	5933483125	5933965334	482209	426.35	495.80	22	50	-1	18.32	18.32
Fixation L	1	28	5933985547	5934315907	330360	406.99	481.83	25	29	-1	17.18	17.18
Fixation R	1	28	5933985547	5934315907	330360	406.99	481.83	25	29	-1	18.16	18.16
Blink L	1	9	5934315907	5934491577	175670
Blink R	1	9	5934315907	5934491577	175670
Saccade L	1	33	5934495598	5934525577	29979	438.72	415.75	433.75	477.30	1.23	68.51	0.33	41.06	1101.75	-2197.41	1262.90
Saccade R	1	33	5934495598	5934525577	29979	438.72	415.75	433.75	477.30	1.23	68.51	0.33	41.06	1101.75	-2197.41	1262.90
Fixation L	1	29	5934525577	5934651624	126047	431.14	483.86	17	15	-1	17.51	17.51
Fixation R	1	29	5934525577	5934651624	126047	431.14	483.86	17	15	-1	18.43	18.43
Fixation L	1	30	5934675481	5935027288	351807	420.19	522.87	31	21	-1	18.18	18.18
Fixation R	1	30	5934675481	5935027288	351807	420.19	522.87	31	21	-1	18.82	18.82
Saccade L	1	34	5935027288	5935051822	24534	407.86	523.19	417.73	489.06	0.74	42.62	0.59	30.03	1269.41	-1534.03	1018.28
Saccade R	1	34	5935027288	5935051822	24534	407.86	523.19	417.73	489.06	0.74	42.62	0.59	30.03	1269.41	-1534.03	1018.28
Fixation L	1	31	5935051822	5935165834	114012	425.12	493.94	18	12	-1	17.91	17.91
Fixation R	1	31	5935051822	5935165834	114012	425.12	493.94	18	12	-1	18.65	18.65
Saccade L	1	35	5935165834	5935222010	56176	432.47	494.89	967.93	413.78	12.06	320.80	0.37	214.71	14397.12	-13251.21	9056.33
Saccade R	1	35	5935165834	5935222010	56176	432.47	494.89	967.93	413.78	12.06	320.80	0.37	214.71	14397.12	-13251.21	9056.33
Fixation L	1	32	5935222010	5935379936	157926	954.70	409.92	38	14	-1	17.43	17.43
Fixation R	1	32	5935222010	5935379936	157926	954.70	409.92	38	14	-1	18.37	18.37
Saccade L	1	36	5935379936	5935403928	23992	976.36	419.36	1077.93	417.76	2.18	168.61	0.53	90.85	6254.34	-6126.14	4335.91
Saccade R	1	36	5935379936	5935403928	23992	976.36	419.36	1077.93	417.76	2.18	168.61	0.53	90.85	6254.34	-6126.14	4335.91
Fixation L	1	33	5935403928	5935586158	182230	1080.23	409.44	26	14	-1	17.36	17.36
Fixation R	1	33	5935403928	5935586158	182230	1080.23	409.44	26	14	-1	18.13	18.13
Saccade L	1	37	5935586158	5935658058	71900	1080.79	415.04	429.72	561.54	16.44	475.75	0.31	228.64	20464.09	-13239.51	10483.66
Saccade R	1	37	5935586158	5935658058	71900	1080.79	415.04	429.72	561.54	16.44	475.75	0.31	228.64	20464.09	-13239.51	10483.66
Fixation L	1	34	5935658058	5936469942	811884	403.64	525.43	54	59	-1	17.31	17.31
Fixation R	1	34	5935658058	5936469942	811884	403.64	525.43	54	59	-1	17.84	17.84
UserEvent	1	260	5936118538	# Message: UE-mouseclick left x=366 y=464
Saccade L	1	38	5936469942	5936496422	26480	400.17	519.53	428.33	584.76	1.44	91.10	0.40	54.56	3804.41	-3721.24	2737.06
Saccade R	1	38	5936469942	5936496422	26480	400.17	519.53	428.33	584.76	1.44	91.10	0.40	54.56	3804.41	-3721.24	2737.06
Fixation L	1	35	5936496422	5936836638	340216	424.00	570.84	25	26	-1	16.96	16.96
Fixation R	1	35	5936496422	5936836638	340216	424.00	570.84	25	26	-1	17.50	17.50
UserEvent	1	276	5936702619	# Message: UE-mouseclick left x=389 y=527
