[BeGaze]
Converted from:	C:\Program Files\SMI\Experiment Suite 360\Experiment Center 2\Results\RC-Attachment-Exp\P16-eye_data.idf
Date:	18.03.2012 20:12:30
Version:	BeGaze 3.0.181
Sample Rate:	500
Subject:	P16
Description:	Run21

Table Header for Fixations:
Event Type	Trial	Number	Start	End	Duration	Location X	Location Y	Dispersion X	Dispersion Y	Plane	Avg. Pupil Size X	Avg. Pupil Size Y

Table Header for Saccades:
Event Type	Trial	Number	Start	End	Duration	Start Loc.X	Start Loc.Y	End Loc.X	End Loc.Y	Amplitude	Peak Speed	Peak Speed At	Average Speed	Peak Accel.	Peak Decel.	Average Accel.

Table Header for Blinks:
Event Type	Trial	Number	Start	End	Duration

Table Header for User Events:
Event Type	Trial	Number	Start	Description

UserEvent	1	1	1838790030	# Message: RC-nonforced-anim-5.jpg
Fixation L	1	1	1838792189	1839327548	535359	513.67	453.67	24	33	-1	9.91	9.91
Fixation R	1	1	1838792189	1839327548	535359	513.67	453.67	24	33	-1	10.20	10.20
Saccade L	1	1	1839327548	1839373509	45961	513.30	461.15	576.23	464.46	1.62	61.78	0.35	35.27	2312.47	-1584.03	1397.91
Saccade R	1	1	1839327548	1839373509	45961	513.30	461.15	576.23	464.46	1.62	61.78	0.35	35.27	2312.47	-1584.03	1397.91
Fixation L	1	2	1839373509	1839555646	182137	572.02	453.98	34	27	-1	9.84	9.84
Fixation R	1	2	1839373509	1839555646	182137	572.02	453.98	34	27	-1	9.99	9.99
Saccade L	1	2	1839555646	1839589627	33981	589.91	450.19	642.79	446.77	1.22	60.00	0.41	35.94	2463.83	-2116.76	1668.68
Saccade R	1	2	1839555646	1839589627	33981	589.91	450.19	642.79	446.77	1.22	60.00	0.41	35.94	2463.83	-2116.76	1668.68
Fixation L	1	3	1839589627	1839801744	212117	639.65	452.43	20	26	-1	9.84	9.84
Fixation R	1	3	1839589627	1839801744	212117	639.65	452.43	20	26	-1	9.84	9.84
Saccade L	1	3	1839801744	1839845741	43997	645.37	452.69	757.24	449.47	2.59	135.26	0.68	58.76	4924.67	-4862.14	3102.39
Saccade R	1	3	1839801744	1839845741	43997	645.37	452.69	757.24	449.47	2.59	135.26	0.68	58.76	4924.67	-4862.14	3102.39
Fixation L	1	4	1839845741	1840101860	256119	746.76	448.02	25	12	-1	9.77	9.77
Fixation R	1	4	1839845741	1840101860	256119	746.76	448.02	25	12	-1	10.10	10.10
Saccade L	1	4	1840101860	1840125854	23994	747.05	445.02	796.85	445.00	1.31	102.56	0.58	54.63	3828.24	-3021.48	2371.58
Saccade R	1	4	1840101860	1840125854	23994	747.05	445.02	796.85	445.00	1.31	102.56	0.58	54.63	3828.24	-3021.48	2371.58
Fixation L	1	5	1840125854	1840283977	158123	811.80	440.13	39	20	-1	9.74	9.74
Fixation R	1	5	1840125854	1840283977	158123	811.80	440.13	39	20	-1	10.02	10.02
Saccade L	1	5	1840283977	1840309969	25992	814.83	450.03	843.27	455.22	0.69	41.92	0.46	26.44	1153.95	-1533.27	945.95
Saccade R	1	5	1840283977	1840309969	25992	814.83	450.03	843.27	455.22	0.69	41.92	0.46	26.44	1153.95	-1533.27	945.95
Fixation L	1	6	1840309969	1840497966	187997	846.11	439.89	11	33	-1	9.64	9.64
Fixation R	1	6	1840309969	1840497966	187997	846.11	439.89	11	33	-1	10.01	10.01
Fixation L	1	7	1840517968	1840674084	156116	849.71	433.57	13	19	-1	9.52	9.52
Fixation R	1	7	1840517968	1840674084	156116	849.71	433.57	13	19	-1	9.96	9.96
Saccade L	1	6	1840674084	1840702421	28337	853.63	437.56	920.30	453.67	1.46	87.05	0.42	51.38	3375.02	-3372.59	2479.02
Saccade R	1	6	1840674084	1840702421	28337	853.63	437.56	920.30	453.67	1.46	87.05	0.42	51.38	3375.02	-3372.59	2479.02
Fixation L	1	8	1840702421	1840814210	111789	917.23	439.82	11	28	-1	9.51	9.51
Fixation R	1	8	1840702421	1840814210	111789	917.23	439.82	11	28	-1	9.95	9.95
Saccade L	1	7	1840814210	1840852195	37985	911.08	432.11	918.92	432.45	8.39	327.21	0.68	220.98	15526.40	-15628.35	12253.94
Saccade R	1	7	1840814210	1840852195	37985	911.08	432.11	918.92	432.45	8.39	327.21	0.68	220.98	15526.40	-15628.35	12253.94
Fixation L	1	9	1840852195	1840941256	89061	917.97	436.00	12	12	-1	9.58	9.58
Fixation R	1	9	1840852195	1840941256	89061	917.97	436.00	12	12	-1	9.98	9.98
Saccade L	1	8	1840941256	1840976200	34944	914.74	427.78	1011.29	446.83	2.08	100.57	0.43	59.43	4105.69	-3840.04	2905.53
Saccade R	1	8	1840941256	1840976200	34944	914.74	427.78	1011.29	446.83	2.08	100.57	0.43	59.43	4105.69	-3840.04	2905.53
Fixation L	1	10	1840976200	1841054319	78119	1007.79	436.35	21	18	-1	9.62	9.62
Fixation R	1	10	1840976200	1841054319	78119	1007.79	436.35	21	18	-1	10.10	10.10
Fixation L	1	11	1841071105	1841232856	161751	1018.81	422.61	18	12	-1	9.54	9.54
Fixation R	1	11	1841071105	1841232856	161751	1018.81	422.61	18	12	-1	10.03	10.03
Saccade L	1	9	1841232856	1841264324	31468	1016.54	419.43	1118.83	434.70	2.19	134.98	0.43	69.52	5647.09	-4680.44	3597.17
Saccade R	1	9	1841232856	1841264324	31468	1016.54	419.43	1118.83	434.70	2.19	134.98	0.43	69.52	5647.09	-4680.44	3597.17
Fixation L	1	12	1841264324	1841566422	302098	1119.24	430.63	19	107	-1	9.40	9.40
Fixation R	1	12	1841264324	1841566422	302098	1119.24	430.63	19	107	-1	9.82	9.82
Fixation L	1	13	1841598881	1841784541	185660	1131.28	431.70	32	31	-1	9.36	9.36
Fixation R	1	13	1841598881	1841784541	185660	1131.28	431.70	32	31	-1	9.72	9.72
Saccade L	1	10	1841784541	1841816663	32122	1138.12	452.47	1140.07	421.86	0.98	52.19	0.68	30.53	1551.62	-1822.17	1144.84
Saccade R	1	10	1841784541	1841816663	32122	1138.12	452.47	1140.07	421.86	0.98	52.19	0.68	30.53	1551.62	-1822.17	1144.84
Fixation L	1	14	1841816663	1842030417	213754	1141.54	435.64	36	30	-1	9.60	9.60
Fixation R	1	14	1841816663	1842030417	213754	1141.54	435.64	36	30	-1	9.94	9.94
Saccade L	1	11	1842030417	1842145405	114988	1152.28	435.64	957.52	824.98	10.86	212.91	0.37	94.47	7766.22	-4219.67	2747.04
Saccade R	1	11	1842030417	1842145405	114988	1152.28	435.64	957.52	824.98	10.86	212.91	0.37	94.47	7766.22	-4219.67	2747.04
Fixation L	1	15	1842145405	1842314808	169403	951.16	857.19	21	49	-1	10.25	10.25
Fixation R	1	15	1842145405	1842314808	169403	951.16	857.19	21	49	-1	10.46	10.46
Saccade L	1	12	1842314808	1842342757	27949	953.02	861.85	891.81	945.79	2.16	136.18	0.43	77.45	5655.19	-5498.45	4135.45
Saccade R	1	12	1842314808	1842342757	27949	953.02	861.85	891.81	945.79	2.16	136.18	0.43	77.45	5655.19	-5498.45	4135.45
Fixation L	1	16	1842342757	1842436923	94166	893.63	937.17	23	35	-1	10.31	10.31
Fixation R	1	16	1842342757	1842436923	94166	893.63	937.17	23	35	-1	10.90	10.90
Fixation L	1	17	1842451775	1842560899	109124	893.35	937.82	89	13	-1	10.81	10.81
Fixation R	1	17	1842451775	1842560899	109124	893.35	937.82	89	13	-1	11.03	11.03
Saccade L	1	13	1842560899	1842589291	28392	888.00	931.71	905.28	940.40	0.91	61.00	0.42	31.97	1768.96	-1646.95	1156.93
Saccade R	1	13	1842560899	1842589291	28392	888.00	931.71	905.28	940.40	0.91	61.00	0.42	31.97	1768.96	-1646.95	1156.93
Fixation L	1	18	1842589291	1842819000	229709	919.52	931.26	74	21	-1	10.69	10.69
Fixation R	1	18	1842589291	1842819000	229709	919.52	931.26	74	21	-1	11.01	11.01
