[BeGaze]
Converted from:	C:\Program Files\SMI\Experiment Suite 360\Experiment Center 2\Results\RC-Attachment-Exp\P18-eye_data.idf
Date:	18.03.2012 20:14:00
Version:	BeGaze 3.0.181
Sample Rate:	500
Subject:	P18
Description:	Run23

Table Header for Fixations:
Event Type	Trial	Number	Start	End	Duration	Location X	Location Y	Dispersion X	Dispersion Y	Plane	Avg. Pupil Size X	Avg. Pupil Size Y

Table Header for Saccades:
Event Type	Trial	Number	Start	End	Duration	Start Loc.X	Start Loc.Y	End Loc.X	End Loc.Y	Amplitude	Peak Speed	Peak Speed At	Average Speed	Peak Accel.	Peak Decel.	Average Accel.

Table Header for Blinks:
Event Type	Trial	Number	Start	End	Duration

Table Header for User Events:
Event Type	Trial	Number	Start	Description

UserEvent	1	1	17228349328	# Message: Questionnaire16.jpg
Fixation L	1	1	17228467612	17228623409	155797	844.49	923.49	14	48	-1	9.82	9.82
Fixation R	1	1	17228467612	17228623409	155797	844.49	923.49	14	48	-1	10.13	10.13
Saccade L	1	1	17228623409	17228667577	44168	840.54	948.03	864.42	921.24	1.40	44.65	0.65	31.69	1338.84	-1329.46	1031.55
Saccade R	1	1	17228623409	17228667577	44168	840.54	948.03	864.42	921.24	1.40	44.65	0.65	31.69	1338.84	-1329.46	1031.55
Fixation L	1	2	17228667577	17228811694	144117	851.87	926.46	48	33	-1	10.03	10.03
Fixation R	1	2	17228667577	17228811694	144117	851.87	926.46	48	33	-1	10.41	10.41
Saccade L	1	2	17228811694	17228887694	76000	825.30	940.14	422.78	415.81	15.06	383.70	0.29	198.11	15983.74	-9466.46	7511.48
Saccade R	1	2	17228811694	17228887694	76000	825.30	940.14	422.78	415.81	15.06	383.70	0.29	198.11	15983.74	-9466.46	7511.48
Fixation L	1	3	17228887694	17229011816	124122	415.00	403.39	16	22	-1	10.11	10.11
Fixation R	1	3	17228887694	17229011816	124122	415.00	403.39	16	22	-1	10.33	10.33
Saccade L	1	3	17229011816	17229039834	28018	420.47	404.08	424.72	381.87	0.83	43.15	0.64	29.75	1246.81	-1240.49	942.21
Saccade R	1	3	17229011816	17229039834	28018	420.47	404.08	424.72	381.87	0.83	43.15	0.64	29.75	1246.81	-1240.49	942.21
Saccade L	1	4	17229085859	17229111824	25965	430.92	387.19	413.71	308.58	1.78	123.69	0.46	68.62	4702.11	-4649.86	3299.48
Saccade R	1	4	17229085859	17229111824	25965	430.92	387.19	413.71	308.58	1.78	123.69	0.46	68.62	4702.11	-4649.86	3299.48
Fixation L	1	4	17229111824	17229241815	129991	406.31	294.66	27	19	-1	9.98	9.98
Fixation R	1	4	17229111824	17229241815	129991	406.31	294.66	27	19	-1	10.32	10.32
Saccade L	1	5	17229241815	17229269932	28117	423.10	292.76	487.03	317.67	1.51	94.76	0.50	53.66	3695.39	-3616.86	2666.51
Saccade R	1	5	17229241815	17229269932	28117	423.10	292.76	487.03	317.67	1.51	94.76	0.50	53.66	3695.39	-3616.86	2666.51
Fixation L	1	5	17229269932	17229379932	110000	505.83	322.15	42	39	-1	10.27	10.27
Fixation R	1	5	17229269932	17229379932	110000	505.83	322.15	42	39	-1	10.29	10.29
Saccade L	1	6	17229379932	17229413924	33992	528.13	349.18	443.91	335.32	1.82	96.62	0.41	53.40	3694.73	-3420.95	2590.24
Saccade R	1	6	17229379932	17229413924	33992	528.13	349.18	443.91	335.32	1.82	96.62	0.41	53.40	3694.73	-3420.95	2590.24
Fixation L	1	6	17229413924	17229522085	108161	453.94	334.54	37	22	-1	10.31	10.31
Fixation R	1	6	17229413924	17229522085	108161	453.94	334.54	37	22	-1	10.44	10.44
Saccade L	1	7	17229522085	17229545917	23832	462.18	320.91	402.19	316.79	1.36	98.85	0.42	57.12	3648.10	-3772.70	2594.50
Saccade R	1	7	17229522085	17229545917	23832	462.18	320.91	402.19	316.79	1.36	98.85	0.42	57.12	3648.10	-3772.70	2594.50
Fixation L	1	7	17229545917	17229718038	172121	398.23	329.43	26	39	-1	10.24	10.24
Fixation R	1	7	17229545917	17229718038	172121	398.23	329.43	26	39	-1	10.32	10.32
Saccade L	1	8	17229718038	17229762055	44017	389.72	327.34	511.01	330.86	2.82	122.74	0.36	63.96	4685.94	-3948.17	3078.44
Saccade R	1	8	17229718038	17229762055	44017	389.72	327.34	511.01	330.86	2.82	122.74	0.36	63.96	4685.94	-3948.17	3078.44
Saccade L	1	9	17229822483	17229844158	21675	544.69	340.88	539.48	341.24	1.23	103.44	0.54	56.64	761.10	-2343.36	877.73
Saccade R	1	9	17229822483	17229844158	21675	544.69	340.88	539.48	341.24	1.23	103.44	0.54	56.64	761.10	-2343.36	877.73
Saccade L	1	10	17229934426	17229974149	39723	542.50	331.78	522.75	343.30	3.27	164.56	0.35	82.28	3497.43	-2510.81	1693.50
Saccade R	1	10	17229934426	17229974149	39723	542.50	331.78	522.75	343.30	3.27	164.56	0.35	82.28	3497.43	-2510.81	1693.50
Saccade L	1	11	17229974149	17230014480	40331	522.75	343.30	503.21	316.32	3.03	132.11	0.69	75.07	1410.36	-3508.24	1593.61
Saccade R	1	11	17229974149	17230014480	40331	522.75	343.30	503.21	316.32	3.03	132.11	0.69	75.07	1410.36	-3508.24	1593.61
Saccade L	1	12	17230022154	17230063261	41107	503.08	311.14	534.14	216.24	2.72	150.91	0.64	66.11	4251.46	-5362.09	2860.08
Saccade R	1	12	17230022154	17230063261	41107	503.08	311.14	534.14	216.24	2.72	150.91	0.64	66.11	4251.46	-5362.09	2860.08
Fixation L	1	8	17230063261	17230228302	165041	535.37	239.76	15	33	-1	10.32	10.32
Fixation R	1	8	17230063261	17230228302	165041	535.37	239.76	15	33	-1	10.63	10.63
Saccade L	1	13	17230228302	17230262322	34020	542.74	247.35	423.72	336.16	3.44	219.81	0.41	101.11	8888.19	-8521.76	6100.96
Saccade R	1	13	17230228302	17230262322	34020	542.74	247.35	423.72	336.16	3.44	219.81	0.41	101.11	8888.19	-8521.76	6100.96
Fixation L	1	9	17230262322	17230326444	64122	404.97	325.43	31	33	-1	10.26	10.26
Fixation R	1	9	17230262322	17230326444	64122	404.97	325.43	31	33	-1	10.43	10.43
Fixation L	1	10	17230344413	17230588502	244089	401.59	317.82	26	36	-1	10.28	10.28
Fixation R	1	10	17230344413	17230588502	244089	401.59	317.82	26	36	-1	10.47	10.47
Saccade L	1	14	17230588502	17230620526	32024	413.99	310.05	501.25	317.07	2.87	165.40	0.38	89.71	6218.59	-2800.54	2916.45
Saccade R	1	14	17230588502	17230620526	32024	413.99	310.05	501.25	317.07	2.87	165.40	0.38	89.71	6218.59	-2800.54	2916.45
Fixation L	1	11	17230680504	17230730504	50000	491.70	293.37	8	28	-1	10.30	10.30
Fixation R	1	11	17230680504	17230730504	50000	491.70	293.37	8	28	-1	10.49	10.49
Saccade L	1	15	17230730504	17230756496	25992	491.24	293.23	517.06	235.24	1.50	102.95	0.38	57.70	3554.44	-3465.30	2325.28
Saccade R	1	15	17230730504	17230756496	25992	491.24	293.23	517.06	235.24	1.50	102.95	0.38	57.70	3554.44	-3465.30	2325.28
Saccade L	1	16	17230768549	17230813142	44593	521.68	236.34	488.09	295.47	2.34	141.57	0.22	52.40	4392.07	-3813.96	2196.10
Saccade R	1	16	17230768549	17230813142	44593	521.68	236.34	488.09	295.47	2.34	141.57	0.22	52.40	4392.07	-3813.96	2196.10
Fixation L	1	12	17230813142	17230922617	109475	489.58	306.20	24	36	-1	10.16	10.16
Fixation R	1	12	17230813142	17230922617	109475	489.58	306.20	24	36	-1	10.42	10.42
Saccade L	1	17	17230922617	17230954620	32003	502.76	322.80	549.55	313.40	1.06	51.13	0.37	33.17	1493.66	-1436.27	1064.48
Saccade R	1	17	17230922617	17230954620	32003	502.76	322.80	549.55	313.40	1.06	51.13	0.37	33.17	1493.66	-1436.27	1064.48
Fixation L	1	13	17230954620	17231544835	590215	521.26	339.65	61	60	-1	10.04	10.04
Fixation R	1	13	17230954620	17231544835	590215	521.26	339.65	61	60	-1	10.27	10.27
Saccade L	1	18	17231544835	17231582904	38069	488.33	356.71	492.95	327.91	1.07	41.23	0.26	28.06	1288.58	-846.28	741.40
Saccade R	1	18	17231544835	17231582904	38069	488.33	356.71	492.95	327.91	1.07	41.23	0.26	28.06	1288.58	-846.28	741.40
Fixation L	1	14	17231582904	17231808124	225220	493.07	337.46	35	24	-1	10.02	10.02
Fixation R	1	14	17231582904	17231808124	225220	493.07	337.46	35	24	-1	10.41	10.41
Saccade L	1	19	17231808124	17231836950	28826	475.98	329.18	411.48	332.59	1.30	76.89	0.31	44.93	3243.31	-2597.94	2073.49
Saccade R	1	19	17231808124	17231836950	28826	475.98	329.18	411.48	332.59	1.30	76.89	0.31	44.93	3243.31	-2597.94	2073.49
Fixation L	1	15	17231836950	17232139064	302114	415.19	338.53	23	27	-1	9.91	9.91
Fixation R	1	15	17231836950	17232139064	302114	415.19	338.53	23	27	-1	10.40	10.40
Blink L	1	1	17232139064	17232299204	160140
Blink R	1	1	17232139064	17232299204	160140
Fixation L	1	16	17232299204	17232355210	56006	369.66	345.79	10	12	-1	10.37	10.37
Fixation R	1	16	17232299204	17232355210	56006	369.66	345.79	10	12	-1	10.17	10.17
Saccade L	1	20	17232355210	17232379219	24009	365.06	337.19	492.91	347.38	2.53	197.98	0.50	105.51	7639.93	-7817.37	5345.97
Saccade R	1	20	17232355210	17232379219	24009	365.06	337.19	492.91	347.38	2.53	197.98	0.50	105.51	7639.93	-7817.37	5345.97
Fixation L	1	17	17232379219	17232505305	126086	495.06	362.57	37	32	-1	10.31	10.31
Fixation R	1	17	17232379219	17232505305	126086	495.06	362.57	37	32	-1	10.49	10.49
Saccade L	1	21	17232505305	17232527299	21994	493.46	367.49	599.99	376.72	2.20	187.43	0.55	100.07	7598.13	-6699.89	4753.02
Saccade R	1	21	17232505305	17232527299	21994	493.46	367.49	599.99	376.72	2.20	187.43	0.55	100.07	7598.13	-6699.89	4753.02
Fixation L	1	18	17232527299	17232965407	438108	604.32	357.88	51	44	-1	10.23	10.23
Fixation R	1	18	17232527299	17232965407	438108	604.32	357.88	51	44	-1	10.56	10.56
Saccade L	1	22	17232965407	17232997402	31995	617.69	344.78	664.76	319.35	1.22	62.32	0.31	37.99	2125.87	-1779.34	1409.43
Saccade R	1	22	17232965407	17232997402	31995	617.69	344.78	664.76	319.35	1.22	62.32	0.31	37.99	2125.87	-1779.34	1409.43
Fixation L	1	19	17232997402	17233111567	114165	677.03	331.24	20	28	-1	10.05	10.05
Fixation R	1	19	17232997402	17233111567	114165	677.03	331.24	20	28	-1	10.22	10.22
Saccade L	1	23	17233111567	17233151527	39960	679.99	343.65	504.17	323.99	3.90	181.08	0.30	97.51	7596.37	-5675.66	4683.73
Saccade R	1	23	17233111567	17233151527	39960	679.99	343.65	504.17	323.99	3.90	181.08	0.30	97.51	7596.37	-5675.66	4683.73
Fixation L	1	20	17233151527	17233389660	238133	478.40	313.98	36	40	-1	10.06	10.06
Fixation R	1	20	17233151527	17233389660	238133	478.40	313.98	36	40	-1	10.30	10.30
Saccade L	1	24	17233389660	17233427667	38007	470.15	338.56	407.01	309.47	1.52	65.33	0.37	40.03	2314.63	-1931.06	1508.74
Saccade R	1	24	17233389660	17233427667	38007	470.15	338.56	407.01	309.47	1.52	65.33	0.37	40.03	2314.63	-1931.06	1508.74
Fixation L	1	21	17233427667	17233825880	398213	400.44	320.15	45	22	-1	10.24	10.24
Fixation R	1	21	17233427667	17233825880	398213	400.44	320.15	45	22	-1	10.43	10.43
Saccade L	1	25	17233825880	17233851874	25994	414.19	321.02	509.90	355.00	2.18	154.24	0.54	83.96	6379.99	-6206.70	4536.85
Saccade R	1	25	17233825880	17233851874	25994	414.19	321.02	509.90	355.00	2.18	154.24	0.54	83.96	6379.99	-6206.70	4536.85
Fixation L	1	22	17233851874	17233995878	144004	514.72	346.54	35	18	-1	10.31	10.31
Fixation R	1	22	17233851874	17233995878	144004	514.72	346.54	35	18	-1	10.65	10.65
Saccade L	1	26	17233995878	17234027920	32042	503.91	345.39	611.30	361.33	2.38	146.45	0.56	74.39	5661.30	-6070.26	4188.54
Saccade R	1	26	17233995878	17234027920	32042	503.91	345.39	611.30	361.33	2.38	146.45	0.56	74.39	5661.30	-6070.26	4188.54
Fixation L	1	23	17234027920	17234092001	64081	592.72	358.36	39	5	-1	10.30	10.30
Fixation R	1	23	17234027920	17234092001	64081	592.72	358.36	39	5	-1	10.66	10.66
Saccade L	1	27	17234092001	17234115869	23868	574.18	359.38	621.37	355.10	0.98	64.83	0.50	41.00	2376.40	-2593.61	1749.40
Saccade R	1	27	17234092001	17234115869	23868	574.18	359.38	621.37	355.10	0.98	64.83	0.50	41.00	2376.40	-2593.61	1749.40
Fixation L	1	24	17234115869	17234408111	292242	610.71	355.08	75	23	-1	10.35	10.35
Fixation R	1	24	17234115869	17234408111	292242	610.71	355.08	75	23	-1	10.63	10.63
Saccade L	1	28	17234408111	17234465792	57681	603.25	361.93	783.40	341.57	4.42	164.54	0.52	76.69	6057.40	-6508.70	4121.82
Saccade R	1	28	17234408111	17234465792	57681	603.25	361.93	783.40	341.57	4.42	164.54	0.52	76.69	6057.40	-6508.70	4121.82
Fixation L	1	25	17234465792	17235390435	924643	786.27	349.65	57	55	-1	10.50	10.50
Fixation R	1	25	17234465792	17235390435	924643	786.27	349.65	57	55	-1	10.66	10.66
Saccade L	1	29	17235390435	17235436559	46124	789.02	337.04	647.84	359.32	3.39	196.63	0.30	73.42	7826.27	-7228.43	4291.19
Saccade R	1	29	17235390435	17235436559	46124	789.02	337.04	647.84	359.32	3.39	196.63	0.30	73.42	7826.27	-7228.43	4291.19
Fixation L	1	26	17235436559	17235632600	196041	649.14	355.50	31	18	-1	10.97	10.97
Fixation R	1	26	17235436559	17235632600	196041	649.14	355.50	31	18	-1	11.00	11.00
Saccade L	1	30	17235632600	17235672564	39964	641.32	361.16	673.35	358.35	1.17	41.24	0.76	29.30	1402.04	-456.58	473.72
Saccade R	1	30	17235632600	17235672564	39964	641.32	361.16	673.35	358.35	1.17	41.24	0.76	29.30	1402.04	-456.58	473.72
Saccade L	1	31	17235678581	17235730670	52089	672.35	362.03	466.20	329.16	4.84	188.72	0.27	92.84	7056.32	-4357.25	3757.20
Saccade R	1	31	17235678581	17235730670	52089	672.35	362.03	466.20	329.16	4.84	188.72	0.27	92.84	7056.32	-4357.25	3757.20
Fixation L	1	27	17235730670	17236024782	294112	465.28	354.37	53	48	-1	10.98	10.98
Fixation R	1	27	17235730670	17236529045	798375	425.11	353.59	886	1049	-1	10.78	10.78
Saccade L	1	32	17236024782	17236186797	162015	470.45	341.86	424.17	355.47	35.32	1086.80	0.32	218.02	27782.24	-28753.83	8599.99
Fixation L	1	28	17236186797	17236529045	342248	459.10	361.08	100	36	-1	10.92	10.92
Saccade L	1	33	17236529045	17236559046	30001	483.77	362.67	425.96	425.10	2.16	142.92	0.60	71.96	5519.34	-5394.25	3918.93
Saccade R	1	32	17236529045	17236559046	30001	483.77	362.67	425.96	425.10	2.16	142.92	0.60	71.96	5519.34	-5394.25	3918.93
Fixation L	1	29	17236559046	17236873157	314111	421.51	430.37	29	20	-1	10.56	10.56
Fixation R	1	28	17236559046	17236873157	314111	421.51	430.37	29	20	-1	10.72	10.72
Fixation L	1	30	17236891141	17236947479	56338	414.80	433.46	38	34	-1	10.82	10.82
Fixation R	1	29	17236891141	17236947479	56338	414.80	433.46	38	34	-1	10.76	10.76
Saccade L	1	34	17236989176	17237017120	27944	392.17	421.17	404.24	462.10	0.90	44.30	0.50	32.04	1041.46	-1739.65	921.45
Saccade R	1	33	17236989176	17237017120	27944	392.17	421.17	404.24	462.10	0.90	44.30	0.50	32.04	1041.46	-1739.65	921.45
Fixation L	1	31	17237017120	17237355580	338460	391.96	451.95	21	58	-1	10.98	10.98
Fixation R	1	30	17237017120	17237355580	338460	391.96	451.95	21	58	-1	10.95	10.95
UserEvent	1	225	17237327539	# Message: UE-mouseclick left x=382 y=437
Fixation L	1	32	17237373591	17237536898	163307	383.45	429.21	20	34	-1	10.92	10.92
Fixation R	1	31	17237373591	17237536898	163307	383.45	429.21	20	34	-1	10.90	10.90
Saccade L	1	35	17237536898	17237567485	30587	381.91	434.62	413.04	513.95	2.08	127.66	0.41	67.85	4996.82	-4962.93	3613.68
Saccade R	1	34	17237536898	17237567485	30587	381.91	434.62	413.04	513.95	2.08	127.66	0.41	67.85	4996.82	-4962.93	3613.68
Fixation L	1	33	17237567485	17238298534	731049	412.22	521.80	35	26	-1	10.88	10.88
Fixation R	1	32	17237567485	17238298534	731049	412.22	521.80	35	26	-1	11.00	11.00
UserEvent	1	249	17238207615	# Message: UE-mouseclick left x=405 y=516
