[BeGaze]
Converted from:	C:\Program Files\SMI\Experiment Suite 360\Experiment Center 2\Results\RC-Attachment-Exp\P16-eye_data.idf
Date:	18.03.2012 20:12:12
Version:	BeGaze 3.0.181
Sample Rate:	500
Subject:	P16
Description:	Run21

Table Header for Fixations:
Event Type	Trial	Number	Start	End	Duration	Location X	Location Y	Dispersion X	Dispersion Y	Plane	Avg. Pupil Size X	Avg. Pupil Size Y

Table Header for Saccades:
Event Type	Trial	Number	Start	End	Duration	Start Loc.X	Start Loc.Y	End Loc.X	End Loc.Y	Amplitude	Peak Speed	Peak Speed At	Average Speed	Peak Accel.	Peak Decel.	Average Accel.

Table Header for Blinks:
Event Type	Trial	Number	Start	End	Duration

Table Header for User Events:
Event Type	Trial	Number	Start	Description

UserEvent	1	1	1558405291	# Message: Questionnaire9.jpg
Fixation L	1	1	1558408460	1558877037	468577	889.32	927.70	18	32	-1	11.84	11.84
Fixation R	1	1	1558408460	1558877037	468577	889.32	927.70	18	32	-1	11.78	11.78
Saccade L	1	1	1558877037	1558940063	63026	885.78	928.14	561.17	408.90	14.54	421.52	0.32	230.72	18309.18	-9686.26	9688.29
Saccade R	1	1	1558877037	1558940063	63026	885.78	928.14	561.17	408.90	14.54	421.52	0.32	230.72	18309.18	-9686.26	9688.29
Fixation L	1	2	1558940063	1559023516	83453	564.46	433.11	22	35	-1	11.67	11.67
Fixation R	1	2	1558940063	1559023516	83453	564.46	433.11	22	35	-1	11.51	11.51
Saccade L	1	2	1559023516	1559061355	37839	571.34	436.30	421.28	356.37	3.65	178.27	0.47	96.55	7560.54	-7277.65	5282.69
Saccade R	1	2	1559023516	1559061355	37839	571.34	436.30	421.28	356.37	3.65	178.27	0.47	96.55	7560.54	-7277.65	5282.69
Fixation L	1	3	1559061355	1559345264	283909	440.23	375.65	30	33	-1	11.38	11.38
Fixation R	1	3	1559061355	1559345264	283909	440.23	375.65	30	33	-1	11.57	11.57
Saccade L	1	3	1559345264	1559371293	26029	446.51	386.59	526.85	391.26	1.70	112.13	0.46	65.26	4587.27	-4271.61	3171.34
Saccade R	1	3	1559345264	1559371293	26029	446.51	386.59	526.85	391.26	1.70	112.13	0.46	65.26	4587.27	-4271.61	3171.34
Fixation L	1	4	1559371293	1559437265	65972	533.29	388.02	10	15	-1	10.89	10.89
Fixation R	1	4	1559371293	1559437265	65972	533.29	388.02	10	15	-1	11.35	11.35
Blink L	1	1	1559437265	1559467387	30122
Blink R	1	1	1559437265	1559467387	30122
Fixation L	1	5	1559467387	1559647377	179990	530.76	386.83	12	16	-1	10.71	10.71
Fixation R	1	5	1559467387	1559647377	179990	530.76	386.83	12	16	-1	11.14	11.14
Saccade L	1	4	1559647377	1559683372	35995	529.78	379.07	689.91	396.70	3.45	188.71	0.50	95.94	7753.41	-7844.56	5688.41
Saccade R	1	4	1559647377	1559683372	35995	529.78	379.07	689.91	396.70	3.45	188.71	0.50	95.94	7753.41	-7844.56	5688.41
Fixation L	1	6	1559683372	1559883509	200137	690.59	385.41	13	28	-1	10.82	10.82
Fixation R	1	6	1559683372	1559883509	200137	690.59	385.41	13	28	-1	11.34	11.34
Saccade L	1	5	1559883509	1559925571	42062	686.49	377.95	782.29	364.46	2.59	150.74	0.24	61.65	6092.61	-5103.57	3050.97
Saccade R	1	5	1559883509	1559925571	42062	686.49	377.95	782.29	364.46	2.59	150.74	0.24	61.65	6092.61	-5103.57	3050.97
Fixation L	1	7	1559925571	1560035612	110041	782.54	366.16	9	21	-1	10.96	10.96
Fixation R	1	7	1559925571	1560035612	110041	782.54	366.16	9	21	-1	11.42	11.42
Fixation L	1	8	1560057761	1560232374	174613	833.17	360.16	75	30	-1	10.85	10.85
Fixation R	1	8	1560057761	1560232374	174613	833.17	360.16	75	30	-1	11.25	11.25
Blink L	1	2	1560279728	1560335730	56002
Blink R	1	2	1560279728	1560335730	56002
Fixation L	1	9	1560335730	1560488253	152523	890.42	355.53	11	18	-1	10.91	10.91
Fixation R	1	9	1560335730	1560488253	152523	890.42	355.53	11	18	-1	11.26	11.26
Saccade L	1	6	1560488253	1560523771	35518	895.30	361.58	731.61	371.10	3.55	206.69	0.44	99.94	8626.40	-8557.45	6158.19
Saccade R	1	6	1560488253	1560523771	35518	895.30	361.58	731.61	371.10	3.55	206.69	0.44	99.94	8626.40	-8557.45	6158.19
Fixation L	1	10	1560523771	1560778568	254797	725.14	361.58	30	27	-1	11.09	11.09
Fixation R	1	10	1560523771	1560778568	254797	725.14	361.58	30	27	-1	11.31	11.31
Saccade L	1	7	1560778568	1560823960	45392	729.30	365.42	400.80	438.01	7.92	353.54	0.38	174.58	15579.84	-14379.42	10730.28
Saccade R	1	7	1560778568	1560823960	45392	729.30	365.42	400.80	438.01	7.92	353.54	0.38	174.58	15579.84	-14379.42	10730.28
Fixation L	1	11	1560823960	1561032415	208455	410.09	439.68	27	32	-1	11.51	11.51
Fixation R	1	11	1560823960	1561032415	208455	410.09	439.68	27	32	-1	11.55	11.55
Saccade L	1	8	1561032415	1561056722	24307	415.52	451.11	383.17	483.71	1.00	63.97	0.40	41.16	2143.60	-2352.83	1597.85
Saccade R	1	8	1561032415	1561056722	24307	415.52	451.11	383.17	483.71	1.00	63.97	0.40	41.16	2143.60	-2352.83	1597.85
Fixation L	1	12	1561056722	1562852749	1796027	363.05	477.93	390	494	-1	11.64	11.64
Fixation R	1	12	1561056722	1562852749	1796027	363.05	477.93	390	494	-1	11.74	11.74
UserEvent	1	101	1562445639	# Message: UE-mouseclick left x=359 y=473
Saccade L	1	9	1562852749	1562880765	28016	360.88	484.21	404.34	542.77	1.51	91.48	0.50	53.86	3780.73	-2666.53	2335.58
Saccade R	1	9	1562852749	1562880765	28016	360.88	484.21	404.34	542.77	1.51	91.48	0.50	53.86	3780.73	-2666.53	2335.58
Fixation L	1	13	1562904825	1563398320	493495	381.65	527.69	50	32	-1	11.61	11.61
Fixation R	1	13	1562904825	1563398320	493495	381.65	527.69	50	32	-1	11.68	11.68
UserEvent	1	122	1563262290	# Message: UE-mouseclick left x=390 y=529
