[BeGaze]
Converted from:	C:\Program Files\SMI\Experiment Suite 360\Experiment Center 2\Results\RC-Attachment-Exp\P19-eye_data.idf
Date:	18.03.2012 20:14:52
Version:	BeGaze 3.0.181
Sample Rate:	500
Subject:	P19
Description:	Run24

Table Header for Fixations:
Event Type	Trial	Number	Start	End	Duration	Location X	Location Y	Dispersion X	Dispersion Y	Plane	Avg. Pupil Size X	Avg. Pupil Size Y

Table Header for Saccades:
Event Type	Trial	Number	Start	End	Duration	Start Loc.X	Start Loc.Y	End Loc.X	End Loc.Y	Amplitude	Peak Speed	Peak Speed At	Average Speed	Peak Accel.	Peak Decel.	Average Accel.

Table Header for Blinks:
Event Type	Trial	Number	Start	End	Duration

Table Header for User Events:
Event Type	Trial	Number	Start	Description

UserEvent	1	1	18282870336	# Message: RC-N1forced-anim-4.jpg
Saccade L	1	1	18282870622	18282904863	34241	495.43	430.75	478.25	440.01	0.89	42.16	0.18	26.01	0.00	-554.22	274.06
Saccade R	1	1	18282870622	18282904863	34241	495.43	430.75	478.25	440.01	0.89	42.16	0.18	26.01	0.00	-554.22	274.06
Fixation L	1	1	18282904863	18283599182	694319	494.77	433.15	38	39	-1	13.12	13.12
Fixation R	1	1	18282904863	18283599182	694319	494.77	433.15	38	39	-1	12.99	12.99
Saccade L	1	2	18283599182	18283623185	24003	510.67	445.93	576.88	447.40	1.44	112.32	0.50	60.02	4333.26	-4189.69	2947.39
Saccade R	1	2	18283599182	18283623185	24003	510.67	445.93	576.88	447.40	1.44	112.32	0.50	60.02	4333.26	-4189.69	2947.39
Fixation L	1	2	18283623185	18283841186	218001	585.69	453.05	29	36	-1	12.91	12.91
Fixation R	1	2	18283623185	18283841186	218001	585.69	453.05	29	36	-1	12.86	12.86
Saccade L	1	3	18283841186	18283867319	26133	587.09	442.40	617.95	464.19	0.81	40.28	0.38	31.03	1040.55	-1405.00	897.96
Saccade R	1	3	18283841186	18283867319	26133	587.09	442.40	617.95	464.19	0.81	40.28	0.38	31.03	1040.55	-1405.00	897.96
Saccade L	1	4	18283917296	18283940208	22912	614.65	453.68	577.33	453.35	0.81	53.80	0.52	35.54	1583.42	-2005.51	1247.10
Saccade R	1	4	18283917296	18283940208	22912	614.65	453.68	577.33	453.35	0.81	53.80	0.52	35.54	1583.42	-2005.51	1247.10
Fixation L	1	3	18283940208	18284013288	73080	569.89	458.46	24	12	-1	13.12	13.12
Fixation R	1	3	18283940208	18284013288	73080	569.89	458.46	24	12	-1	12.99	12.99
Saccade L	1	5	18284013288	18284041416	28128	555.02	457.10	653.28	457.59	2.25	146.92	0.50	79.87	5951.39	-6140.29	4364.21
Saccade R	1	5	18284013288	18284041416	28128	555.02	457.10	653.28	457.59	2.25	146.92	0.50	79.87	5951.39	-6140.29	4364.21
Fixation L	1	4	18284041416	18284293491	252075	654.76	464.23	19	24	-1	13.02	13.02
Fixation R	1	4	18284041416	18284293491	252075	654.76	464.23	19	24	-1	12.87	12.87
Saccade L	1	6	18284293491	18284331448	37957	653.29	449.30	773.86	469.08	2.58	143.34	0.32	67.94	5864.77	-4869.70	3437.45
Saccade R	1	6	18284293491	18284331448	37957	653.29	449.30	773.86	469.08	2.58	143.34	0.32	67.94	5864.77	-4869.70	3437.45
Fixation L	1	5	18284331448	18284559586	228138	768.19	449.86	51	32	-1	13.05	13.05
Fixation R	1	5	18284331448	18284559586	228138	768.19	449.86	51	32	-1	12.95	12.95
Saccade L	1	7	18284559586	18284587526	27940	750.31	448.36	836.15	444.65	1.80	109.81	0.50	64.51	4549.54	-4467.11	3300.86
Saccade R	1	7	18284559586	18284587526	27940	750.31	448.36	836.15	444.65	1.80	109.81	0.50	64.51	4549.54	-4467.11	3300.86
Fixation L	1	6	18284587526	18284751646	164120	844.59	444.22	38	37	-1	12.90	12.90
Fixation R	1	6	18284587526	18284751646	164120	844.59	444.22	38	37	-1	12.80	12.80
Saccade L	1	8	18284751646	18284785714	34068	859.45	465.65	950.75	477.43	1.99	111.41	0.35	58.34	4161.91	-4029.94	2875.70
Saccade R	1	8	18284751646	18284785714	34068	859.45	465.65	950.75	477.43	1.99	111.41	0.35	58.34	4161.91	-4029.94	2875.70
Fixation L	1	7	18284785714	18285085750	300036	948.49	453.75	34	39	-1	12.96	12.96
Fixation R	1	7	18284785714	18285085750	300036	948.49	453.75	34	39	-1	12.78	12.78
Saccade L	1	9	18285085750	18285125737	39987	942.42	458.44	1016.98	455.50	1.98	114.44	0.30	49.56	3966.21	-3696.47	2389.15
Saccade R	1	9	18285085750	18285125737	39987	942.42	458.44	1016.98	455.50	1.98	114.44	0.30	49.56	3966.21	-3696.47	2389.15
Fixation L	1	8	18285125737	18285655972	530235	1047.46	457.05	90	38	-1	13.12	13.12
Fixation R	1	8	18285125737	18285655972	530235	1047.46	457.05	90	38	-1	12.93	12.93
Saccade L	1	10	18285655972	18285683985	28013	1079.45	436.50	1118.89	446.62	0.94	49.88	0.50	33.38	1581.98	-1550.62	1155.22
Saccade R	1	10	18285655972	18285683985	28013	1079.45	436.50	1118.89	446.62	0.94	49.88	0.50	33.38	1581.98	-1550.62	1155.22
Fixation L	1	9	18285683985	18285988213	304228	1105.60	454.55	45	24	-1	13.05	13.05
Fixation R	1	9	18285683985	18285988213	304228	1105.60	454.55	45	24	-1	12.86	12.86
Saccade L	1	11	18285988213	18286014209	25996	1085.28	456.41	1176.99	444.25	1.97	142.62	0.53	75.69	5967.51	-5934.99	4182.94
Saccade R	1	11	18285988213	18286014209	25996	1085.28	456.41	1176.99	444.25	1.97	142.62	0.53	75.69	5967.51	-5934.99	4182.94
Fixation L	1	10	18286014209	18286309204	294995	1182.31	463.62	28	43	-1	13.26	13.26
Fixation R	1	10	18286014209	18286309204	294995	1182.31	463.62	28	43	-1	13.09	13.09
Saccade L	1	12	18286309204	18286419172	109968	1164.10	453.81	534.80	439.72	15.97	369.84	0.36	145.21	15567.21	-13365.80	5883.31
Saccade R	1	12	18286309204	18286419172	109968	1164.10	453.81	534.80	439.72	15.97	369.84	0.36	145.21	15567.21	-13365.80	5883.31
Fixation L	1	11	18286419172	18286631605	212433	547.26	444.96	30	32	-1	13.65	13.65
Fixation R	1	11	18286419172	18286631605	212433	547.26	444.96	30	32	-1	13.38	13.38
Saccade L	1	13	18286631605	18286709743	78138	564.05	461.89	741.42	1053.07	14.24	294.64	0.27	182.19	12195.29	-7998.94	5885.25
Saccade R	1	13	18286631605	18286709743	78138	564.05	461.89	741.42	1053.07	14.24	294.64	0.27	182.19	12195.29	-7998.94	5885.25
Fixation L	1	12	18286709743	18286792576	82833	753.41	1053.39	21	16	-1	14.14	14.14
Fixation R	1	12	18286709743	18286792576	82833	753.41	1053.39	21	16	-1	14.06	14.06
Saccade L	1	14	18286792576	18286826738	34162	755.18	1060.52	816.58	975.41	2.45	122.95	0.41	71.74	5296.88	-4682.89	3649.83
Saccade R	1	14	18286792576	18286826738	34162	755.18	1060.52	816.58	975.41	2.45	122.95	0.41	71.74	5296.88	-4682.89	3649.83
Fixation L	1	13	18286826738	18287029156	202418	815.02	959.05	24	41	-1	14.08	14.08
Fixation R	1	13	18286826738	18287029156	202418	815.02	959.05	24	41	-1	13.95	13.95
Saccade L	1	15	18287029156	18287054542	25386	818.13	934.82	857.37	929.41	0.83	49.05	0.61	32.67	1394.41	-1833.92	1135.03
Saccade R	1	15	18287029156	18287054542	25386	818.13	934.82	857.37	929.41	0.83	49.05	0.61	32.67	1394.41	-1833.92	1135.03
Saccade L	1	16	18287102686	18287154661	51975	860.74	952.62	908.80	908.61	1.67	40.88	0.46	32.11	1202.55	-1250.89	683.54
Saccade R	1	16	18287102686	18287154661	51975	860.74	952.62	908.80	908.61	1.67	40.88	0.46	32.11	1202.55	-1250.89	683.54
Fixation L	1	14	18287154661	18287208688	54027	907.10	913.87	12	17	-1	13.79	13.79
Fixation R	1	14	18287154661	18287208688	54027	907.10	913.87	12	17	-1	13.68	13.68
Saccade L	1	17	18287208688	18287234664	25976	905.42	923.47	891.34	957.58	0.86	43.78	0.65	33.15	1627.18	-476.52	757.24
Saccade R	1	17	18287208688	18287234664	25976	905.42	923.47	891.34	957.58	0.86	43.78	0.65	33.15	1627.18	-476.52	757.24
Fixation L	1	15	18287260675	18287358808	98133	870.22	930.36	61	19	-1	13.66	13.66
Fixation R	1	15	18287260675	18287358808	98133	870.22	930.36	61	19	-1	13.54	13.54
Saccade L	1	18	18287358808	18287383240	24432	868.88	929.74	907.53	931.61	0.89	53.62	0.48	36.41	1484.45	-2102.79	1255.04
Saccade R	1	18	18287358808	18287383240	24432	868.88	929.74	907.53	931.61	0.89	53.62	0.48	36.41	1484.45	-2102.79	1255.04
Saccade L	1	19	18287430784	18287456879	26095	884.92	934.79	917.78	907.53	0.88	43.76	0.46	33.54	1493.37	-311.15	693.55
Saccade R	1	19	18287430784	18287456879	26095	884.92	934.79	917.78	907.53	0.88	43.76	0.46	33.54	1493.37	-311.15	693.55
Saccade L	1	20	18287456879	18287482794	25915	917.78	907.53	917.10	950.06	0.96	51.15	0.54	37.24	584.67	-1278.47	692.16
Saccade R	1	20	18287456879	18287482794	25915	917.78	907.53	917.10	950.06	0.96	51.15	0.54	37.24	584.67	-1278.47	692.16
Saccade L	1	21	18287522784	18287556782	33998	910.99	909.12	887.46	954.58	1.14	46.75	0.29	33.57	1067.24	-1396.02	901.42
Saccade R	1	21	18287522784	18287556782	33998	910.99	909.12	887.46	954.58	1.14	46.75	0.29	33.57	1067.24	-1396.02	901.42
Fixation L	1	16	18287556782	18287667594	110812	903.39	941.45	40	23	-1	13.68	13.68
Fixation R	1	16	18287556782	18287667594	110812	903.39	941.45	40	23	-1	13.61	13.61
