[BeGaze]
Converted from:	C:\Program Files\SMI\Experiment Suite 360\Experiment Center 2\Results\RC-Attachment-Exp\P03-eye_data.idf
Date:	18.03.2012 20:05:01
Version:	BeGaze 3.0.181
Sample Rate:	500
Subject:	P03
Description:	Run8

Table Header for Fixations:
Event Type	Trial	Number	Start	End	Duration	Location X	Location Y	Dispersion X	Dispersion Y	Plane	Avg. Pupil Size X	Avg. Pupil Size Y

Table Header for Saccades:
Event Type	Trial	Number	Start	End	Duration	Start Loc.X	Start Loc.Y	End Loc.X	End Loc.Y	Amplitude	Peak Speed	Peak Speed At	Average Speed	Peak Accel.	Peak Decel.	Average Accel.

Table Header for Blinks:
Event Type	Trial	Number	Start	End	Duration

Table Header for User Events:
Event Type	Trial	Number	Start	Description

UserEvent	1	1	1417775424	# Message: RC-nonforced-nonanim-5.jpg
Fixation L	1	1	1417777532	1418370958	593426	522.48	455.42	25	18	-1	10.02	10.02
Fixation R	1	1	1417777532	1418370958	593426	522.48	455.42	25	18	-1	9.06	9.06
Saccade L	1	1	1418370958	1418418957	47999	528.86	458.80	638.65	459.01	2.41	92.17	0.34	50.22	4074.28	-2667.75	2397.85
Saccade R	1	1	1418370958	1418418957	47999	528.86	458.80	638.65	459.01	2.41	92.17	0.34	50.22	4074.28	-2667.75	2397.85
Fixation L	1	2	1418418957	1418571093	152136	639.23	461.00	11	3	-1	10.12	10.12
Fixation R	1	2	1418418957	1418571093	152136	639.23	461.00	11	3	-1	9.33	9.33
Saccade L	1	2	1418571093	1418611071	39978	645.62	460.53	743.02	455.58	2.15	97.19	0.40	53.75	4114.42	-3565.22	2757.49
Saccade R	1	2	1418571093	1418611071	39978	645.62	460.53	743.02	455.58	2.15	97.19	0.40	53.75	4114.42	-3565.22	2757.49
Fixation L	1	3	1418611071	1418911205	300134	743.58	447.37	11	14	-1	10.07	10.07
Fixation R	1	3	1418611071	1418911205	300134	743.58	447.37	11	14	-1	9.26	9.26
Saccade L	1	3	1418911205	1418943183	31978	749.34	441.71	695.25	445.93	1.14	58.20	0.37	35.74	2461.79	-2300.58	1695.73
Saccade R	1	3	1418911205	1418943183	31978	749.34	441.71	695.25	445.93	1.14	58.20	0.37	35.74	2461.79	-2300.58	1695.73
Fixation L	1	4	1418943183	1419125297	182114	696.57	447.11	7	6	-1	9.81	9.81
Fixation R	1	4	1418943183	1419125297	182114	696.57	447.11	7	6	-1	9.11	9.11
Saccade L	1	4	1419125297	1419163447	38150	698.42	444.51	787.93	440.63	1.94	94.00	0.48	50.84	4020.94	-3660.58	2776.14
Saccade R	1	4	1419125297	1419163447	38150	698.42	444.51	787.93	440.63	1.94	94.00	0.48	50.84	4020.94	-3660.58	2776.14
Fixation L	1	5	1419163447	1419243430	79983	787.63	443.33	5	6	-1	9.67	9.67
Fixation R	1	5	1419163447	1419243430	79983	787.63	443.33	5	6	-1	9.05	9.05
Saccade L	1	5	1419243430	1419275421	31991	787.09	448.07	881.37	445.28	2.01	113.66	0.50	62.79	4710.31	-4689.85	3481.68
Saccade R	1	5	1419243430	1419275421	31991	787.09	448.07	881.37	445.28	2.01	113.66	0.50	62.79	4710.31	-4689.85	3481.68
Fixation L	1	6	1419275421	1419449409	173988	875.57	442.06	14	7	-1	9.68	9.68
Fixation R	1	6	1419275421	1419449409	173988	875.57	442.06	14	7	-1	9.02	9.02
Saccade L	1	6	1419449409	1419489499	40090	876.47	441.56	967.93	443.54	2.01	99.56	0.40	50.24	4143.34	-3600.84	2731.47
Saccade R	1	6	1419449409	1419489499	40090	876.47	441.56	967.93	443.54	2.01	99.56	0.40	50.24	4143.34	-3600.84	2731.47
Fixation L	1	7	1419489499	1419701604	212105	964.61	450.12	10	13	-1	9.75	9.75
Fixation R	1	7	1419489499	1419701604	212105	964.61	450.12	10	13	-1	8.99	8.99
Saccade L	1	7	1419701604	1419747991	46387	964.23	450.07	1062.78	440.67	2.21	89.14	0.39	47.54	3662.10	-2847.32	2293.35
Saccade R	1	7	1419701604	1419747991	46387	964.23	450.07	1062.78	440.67	2.21	89.14	0.39	47.54	3662.10	-2847.32	2293.35
Fixation L	1	8	1419747991	1419977636	229645	1060.57	445.13	12	12	-1	9.76	9.76
Fixation R	1	8	1419747991	1419977636	229645	1060.57	445.13	12	12	-1	9.11	9.11
Saccade L	1	8	1419977636	1420011687	34051	1064.29	452.28	1129.93	435.92	1.46	74.56	0.48	42.80	2965.45	-2996.60	2190.11
Saccade R	1	8	1419977636	1420011687	34051	1064.29	452.28	1129.93	435.92	1.46	74.56	0.48	42.80	2965.45	-2996.60	2190.11
Fixation L	1	9	1420011687	1420111759	100072	1127.90	440.57	8	10	-1	9.77	9.77
Fixation R	1	9	1420011687	1420111759	100072	1127.90	440.57	8	10	-1	9.07	9.07
Saccade L	1	9	1420111759	1420153757	41998	1123.88	443.80	959.12	456.53	3.65	182.89	0.38	86.93	7730.01	-6756.40	5120.65
Saccade R	1	9	1420111759	1420153757	41998	1123.88	443.80	959.12	456.53	3.65	182.89	0.38	86.93	7730.01	-6756.40	5120.65
Fixation L	1	10	1420153757	1420418116	264359	958.23	453.54	13	7	-1	9.93	9.93
Fixation R	1	10	1420153757	1420418116	264359	958.23	453.54	13	7	-1	9.16	9.16
Saccade L	1	10	1420418116	1420461886	43770	956.66	455.14	1078.45	439.97	2.70	124.15	0.41	61.67	5047.42	-4458.74	3361.04
Saccade R	1	10	1420418116	1420461886	43770	956.66	455.14	1078.45	439.97	2.70	124.15	0.41	61.67	5047.42	-4458.74	3361.04
Fixation L	1	11	1420461886	1420757993	296107	1077.30	444.06	13	14	-1	10.02	10.02
Fixation R	1	11	1420461886	1420757993	296107	1077.30	444.06	13	14	-1	9.42	9.42
Saccade L	1	11	1420757993	1420793977	35984	1083.26	442.85	1135.16	441.68	1.12	51.48	0.44	31.24	2018.73	-1833.05	1419.54
Saccade R	1	11	1420757993	1420793977	35984	1083.26	442.85	1135.16	441.68	1.12	51.48	0.44	31.24	2018.73	-1833.05	1419.54
Fixation L	1	12	1420793977	1420968116	174139	1135.33	442.62	8	5	-1	10.06	10.06
Fixation R	1	12	1420793977	1420968116	174139	1135.33	442.62	8	5	-1	9.31	9.31
Saccade L	1	12	1420968116	1421002096	33980	1133.50	444.47	1033.55	449.98	2.18	121.08	0.53	64.25	5270.67	-5133.58	3804.57
Saccade R	1	12	1420968116	1421002096	33980	1133.50	444.47	1033.55	449.98	2.18	121.08	0.53	64.25	5270.67	-5133.58	3804.57
Fixation L	1	13	1421002096	1421238395	236299	1038.06	444.15	13	12	-1	10.11	10.11
Fixation R	1	13	1421002096	1421238395	236299	1038.06	444.15	13	12	-1	9.34	9.34
Saccade L	1	13	1421238395	1421272220	33825	1041.27	448.83	1138.28	441.16	2.09	116.42	0.47	61.82	4853.37	-4742.28	3471.05
Saccade R	1	13	1421238395	1421272220	33825	1041.27	448.83	1138.28	441.16	2.09	116.42	0.47	61.82	4853.37	-4742.28	3471.05
Fixation L	1	14	1421272220	1421784449	512229	1132.28	442.43	37	17	-1	10.25	10.25
Fixation R	1	14	1421272220	1421784449	512229	1132.28	442.43	37	17	-1	9.52	9.52
Saccade L	1	14	1421784449	1421818441	33992	1157.24	434.69	1041.64	439.14	2.49	138.05	0.41	73.39	5946.79	-5689.86	4186.88
Saccade R	1	14	1421784449	1421818441	33992	1157.24	434.69	1041.64	439.14	2.49	138.05	0.41	73.39	5946.79	-5689.86	4186.88
Fixation L	1	15	1421818441	1422064561	246120	1045.41	441.72	11	10	-1	10.24	10.24
Fixation R	1	15	1421818441	1422064561	246120	1045.41	441.72	11	10	-1	9.45	9.45
Saccade L	1	15	1422064561	1422101868	37307	1044.32	436.20	937.24	431.66	2.43	130.34	0.43	65.13	5541.04	-5080.75	3750.40
Saccade R	1	15	1422064561	1422101868	37307	1044.32	436.20	937.24	431.66	2.43	130.34	0.43	65.13	5541.04	-5080.75	3750.40
Fixation L	1	16	1422101868	1422442789	340921	940.06	441.01	15	20	-1	10.22	10.22
Fixation R	1	16	1422101868	1422442789	340921	940.06	441.01	15	20	-1	9.45	9.45
Saccade L	1	16	1422442789	1422492785	49996	941.66	444.81	1121.33	438.49	3.95	152.54	0.36	79.06	6680.93	-4695.44	4018.11
Saccade R	1	16	1422442789	1422492785	49996	941.66	444.81	1121.33	438.49	3.95	152.54	0.36	79.06	6680.93	-4695.44	4018.11
Fixation L	1	17	1422492785	1422886915	394130	1121.91	442.35	10	10	-1	10.00	10.00
Fixation R	1	17	1422492785	1422886915	394130	1121.91	442.35	10	10	-1	9.41	9.41
Saccade L	1	17	1422886915	1422936903	49988	1119.21	447.71	1152.57	442.57	10.81	407.53	0.60	216.17	19116.82	-17970.29	12347.82
Saccade R	1	17	1422886915	1422936903	49988	1119.21	447.71	1152.57	442.57	10.81	407.53	0.60	216.17	19116.82	-17970.29	12347.82
Fixation L	1	18	1422936903	1423117014	180111	1151.89	443.25	14	7	-1	9.97	9.97
Fixation R	1	18	1422936903	1423117014	180111	1151.89	443.25	14	7	-1	9.34	9.34
Saccade L	1	18	1423117014	1423183008	65994	1154.22	447.12	981.00	916.51	12.14	289.97	0.52	184.03	12022.70	-10397.23	6997.71
Saccade R	1	18	1423117014	1423183008	65994	1154.22	447.12	981.00	916.51	12.14	289.97	0.52	184.03	12022.70	-10397.23	6997.71
Fixation L	1	19	1423183008	1423377169	194161	974.19	925.69	10	19	-1	10.39	10.39
Fixation R	1	19	1423183008	1423377169	194161	974.19	925.69	10	19	-1	10.15	10.15
Saccade L	1	19	1423377169	1423409126	31957	975.45	929.06	898.22	948.65	1.68	94.41	0.44	52.58	3926.53	-3682.12	2801.42
Saccade R	1	19	1423377169	1423409126	31957	975.45	929.06	898.22	948.65	1.68	94.41	0.44	52.58	3926.53	-3682.12	2801.42
Fixation L	1	20	1423409126	1423645248	236122	898.76	956.10	8	38	-1	10.47	10.47
Fixation R	1	20	1423409126	1423645248	236122	898.76	956.10	8	38	-1	10.21	10.21
Blink L	1	1	1423645248	1423829419	184171
Blink R	1	1	1423645248	1423829419	184171
Fixation L	1	21	1423829419	1423983352	153933	700.26	952.52	5	33	-1	10.65	10.65
Fixation R	1	21	1423829419	1423983352	153933	700.26	952.52	5	33	-1	9.84	9.84
Saccade L	1	20	1423983352	1424013352	30000	702.48	955.26	649.00	950.89	1.11	61.30	0.47	37.03	2271.12	-2184.79	1662.61
Saccade R	1	20	1423983352	1424013352	30000	702.48	955.26	649.00	950.89	1.11	61.30	0.47	37.03	2271.12	-2184.79	1662.61
Fixation L	1	22	1424013352	1424217472	204120	652.94	958.24	19	20	-1	10.73	10.73
Fixation R	1	22	1424013352	1424217472	204120	652.94	958.24	19	20	-1	9.65	9.65
Saccade L	1	21	1424217472	1424275465	57993	660.78	953.04	856.19	964.55	4.92	225.81	0.35	84.83	9483.62	-8436.21	5172.65
Saccade R	1	21	1424217472	1424275465	57993	660.78	953.04	856.19	964.55	4.92	225.81	0.35	84.83	9483.62	-8436.21	5172.65
Blink L	1	2	1424311175	1424485587	174412
Blink R	1	2	1424311175	1424485587	174412
Fixation L	1	23	1424485587	1424639702	154115	874.13	926.39	43	34	-1	10.42	10.42
Fixation R	1	23	1424485587	1424639702	154115	874.13	926.39	43	34	-1	9.74	9.74
Saccade L	1	22	1424639702	1424713701	73999	870.62	935.73	602.39	468.83	12.21	359.60	0.28	164.95	15830.36	-7635.68	7381.04
Saccade R	1	22	1424639702	1424713701	73999	870.62	935.73	602.39	468.83	12.21	359.60	0.28	164.95	15830.36	-7635.68	7381.04
Fixation L	1	24	1424713701	1425023824	310123	606.27	463.02	16	24	-1	9.76	9.76
Fixation R	1	24	1424713701	1425023824	310123	606.27	463.02	16	24	-1	9.07	9.07
Saccade L	1	23	1425023824	1425123814	99990	612.64	458.09	878.45	1032.83	15.59	312.41	0.30	155.88	13194.20	-7116.75	5377.48
Saccade R	1	23	1425023824	1425123814	99990	612.64	458.09	878.45	1032.83	15.59	312.41	0.30	155.88	13194.20	-7116.75	5377.48
Fixation L	1	25	1425123814	1425227929	104115	877.63	1029.71	9	45	-1	10.50	10.50
Fixation R	1	25	1425123814	1425227929	104115	877.63	1029.71	9	45	-1	10.14	10.14
Saccade L	1	24	1425227929	1425263930	36001	879.91	1020.08	874.04	949.89	1.69	92.31	0.44	47.03	3799.67	-3797.96	2659.80
Saccade R	1	24	1425227929	1425263930	36001	879.91	1020.08	874.04	949.89	1.69	92.31	0.44	47.03	3799.67	-3797.96	2659.80
Fixation L	1	26	1425263930	1425606049	342119	877.98	949.57	27	49	-1	10.21	10.21
Fixation R	1	26	1425263930	1425606049	342119	877.98	949.57	27	49	-1	9.98	9.98
