[BeGaze]
Converted from:	C:\Program Files\SMI\Experiment Suite 360\Experiment Center 2\Results\RC-Attachment-Exp\P03-eye_data.idf
Date:	24.02.2012 09:58:14
Version:	BeGaze 3.0.181
Sample Rate:	500
Subject:	P03
Description:	Run8

Table Header for Fixations:
Event Type	Trial	Number	Start	End	Duration	Location X	Location Y	Dispersion X	Dispersion Y	Plane	Avg. Pupil Size X	Avg. Pupil Size Y

Table Header for Saccades:
Event Type	Trial	Number	Start	End	Duration	Start Loc.X	Start Loc.Y	End Loc.X	End Loc.Y	Amplitude	Peak Speed	Peak Speed At	Average Speed	Peak Accel.	Peak Decel.	Average Accel.

Table Header for Blinks:
Event Type	Trial	Number	Start	End	Duration

Table Header for User Events:
Event Type	Trial	Number	Start	Description

UserEvent	1	1	588963375	# Message: int-4.jpg
Fixation L	1	1	588967701	589100501	132800	381.27	435.87	18	27	-1	9.40	9.40
Fixation R	1	1	588967701	589100501	132800	381.27	435.87	18	27	-1	8.59	8.59
Blink L	1	1	589100501	589300667	200166
Blink R	1	1	589100501	589300667	200166
Fixation L	1	2	589300667	589545889	245222	412.46	476.16	14	29	-1	9.48	9.48
Fixation R	1	2	589300667	589545889	245222	412.46	476.16	14	29	-1	8.64	8.64
Saccade L	1	1	589545889	589580017	34128	411.19	467.01	533.40	445.32	2.71	147.47	0.47	79.28	6292.65	-6185.91	4551.38
Saccade R	1	1	589545889	589580017	34128	411.19	467.01	533.40	445.32	2.71	147.47	0.47	79.28	6292.65	-6185.91	4551.38
Fixation L	1	3	589580017	589824004	243987	522.35	437.98	24	31	-1	9.21	9.21
Fixation R	1	3	589580017	589824004	243987	522.35	437.98	24	31	-1	8.57	8.57
Saccade L	1	2	589824004	589863045	39041	530.07	449.86	669.10	461.16	3.34	184.74	0.61	85.59	7003.53	-7586.06	5074.18
Saccade R	1	2	589824004	589863045	39041	530.07	449.86	669.10	461.16	3.34	184.74	0.61	85.59	7003.53	-7586.06	5074.18
Fixation L	1	4	589863045	590042127	179082	644.14	447.49	36	39	-1	9.26	9.26
Fixation R	1	4	589863045	590042127	179082	644.14	447.49	36	39	-1	8.63	8.63
Saccade L	1	3	590042127	590078135	36008	638.70	448.44	754.57	442.47	2.58	143.80	0.56	71.75	5772.62	-5762.86	4118.74
Saccade R	1	3	590042127	590078135	36008	638.70	448.44	754.57	442.47	2.58	143.80	0.56	71.75	5772.62	-5762.86	4118.74
Fixation L	1	5	590078135	590263681	185546	755.72	448.51	26	19	-1	9.40	9.40
Fixation R	1	5	590078135	590263681	185546	755.72	448.51	26	19	-1	8.79	8.79
Saccade L	1	4	590263681	590294247	30566	769.14	452.07	911.43	444.82	2.86	179.41	0.54	93.46	7418.99	-6910.26	5280.63
Saccade R	1	4	590263681	590294247	30566	769.14	452.07	911.43	444.82	2.86	179.41	0.54	93.46	7418.99	-6910.26	5280.63
Fixation L	1	6	590294247	590620349	326102	885.10	450.16	46	38	-1	9.56	9.56
Fixation R	1	6	590294247	590620349	326102	885.10	450.16	46	38	-1	8.71	8.71
Saccade L	1	5	590620349	590660923	40574	877.15	455.22	1045.28	440.23	3.89	175.48	0.39	95.86	7822.36	-7107.48	5333.51
Saccade R	1	5	590620349	590660923	40574	877.15	455.22	1045.28	440.23	3.89	175.48	0.39	95.86	7822.36	-7107.48	5333.51
Fixation L	1	7	590660923	590938582	277659	1037.97	441.96	18	14	-1	9.46	9.46
Fixation R	1	7	590660923	590938582	277659	1037.97	441.96	18	14	-1	8.81	8.81
Saccade L	1	6	590938582	590976596	38014	1039.82	446.53	1184.62	439.23	3.15	152.67	0.46	82.82	6392.36	-5964.50	4463.62
Saccade R	1	6	590938582	590976596	38014	1039.82	446.53	1184.62	439.23	3.15	152.67	0.46	82.82	6392.36	-5964.50	4463.62
Fixation L	1	8	590976596	591258700	282104	1185.03	430.74	36	41	-1	9.35	9.35
Fixation R	1	8	590976596	591258700	282104	1185.03	430.74	36	41	-1	8.73	8.73
Saccade L	1	7	591258700	591318696	59996	1173.81	446.04	787.25	963.17	14.66	511.58	0.34	244.34	22519.40	-15981.44	12773.00
Saccade R	1	7	591258700	591318696	59996	1173.81	446.04	787.25	963.17	14.66	511.58	0.34	244.34	22519.40	-15981.44	12773.00
Fixation L	1	9	591318696	591480927	162231	776.26	983.30	23	43	-1	10.33	10.33
Fixation R	1	9	591318696	591480927	162231	776.26	983.30	23	43	-1	9.42	9.42
Saccade L	1	8	591480927	591512813	31886	765.27	979.72	619.98	1005.47	3.22	199.45	0.43	100.92	7687.12	-8352.20	5842.72
Saccade R	1	8	591480927	591512813	31886	765.27	979.72	619.98	1005.47	3.22	199.45	0.43	100.92	7687.12	-8352.20	5842.72
Fixation L	1	10	591512813	591708799	195986	634.21	1017.42	31	48	-1	10.68	10.68
Fixation R	1	10	591512813	591708799	195986	634.21	1017.42	31	48	-1	9.59	9.59
Saccade L	1	9	591708799	591760928	52129	634.79	1025.62	934.96	997.05	6.67	266.48	0.46	128.04	11122.01	-9639.59	6938.68
Saccade R	1	9	591708799	591760928	52129	634.79	1025.62	934.96	997.05	6.67	266.48	0.46	128.04	11122.01	-9639.59	6938.68
Fixation L	1	11	591866922	591930917	63995	924.41	1021.51	11	9	-1	10.19	10.19
Fixation R	1	11	591866922	591930917	63995	924.41	1021.51	11	9	-1	10.14	10.14
Blink L	1	2	591930917	592159046	228129
Blink R	1	2	591930917	592159046	228129
Saccade L	1	10	592203036	592225588	22552	993.06	990.10	982.46	1017.18	0.85	55.25	0.79	37.51	1678.72	-1193.13	990.51
Saccade R	1	10	592203036	592225588	22552	993.06	990.10	982.46	1017.18	0.85	55.25	0.79	37.51	1678.72	-1193.13	990.51
Saccade L	1	11	592289170	592311941	22771	979.68	1031.04	949.97	1005.01	0.69	40.37	0.35	30.49	369.94	-1399.25	634.69
Saccade R	1	11	592289170	592311941	22771	979.68	1031.04	949.97	1005.01	0.69	40.37	0.35	30.49	369.94	-1399.25	634.69
Fixation L	1	12	592347150	592417158	70008	955.44	1031.02	11	22	-1	10.24	10.24
Fixation R	1	12	592347150	592417158	70008	955.44	1031.02	11	22	-1	10.15	10.15
Saccade L	1	12	592417158	592447154	29996	956.40	1016.23	914.63	1029.63	1.12	54.26	0.47	37.46	2014.20	-2114.08	1514.42
Saccade R	1	12	592417158	592447154	29996	956.40	1016.23	914.63	1029.63	1.12	54.26	0.47	37.46	2014.20	-2114.08	1514.42
Fixation L	1	13	592447154	592535144	87990	927.52	1013.18	29	58	-1	10.29	10.29
Fixation R	1	13	592447154	592535144	87990	927.52	1013.18	29	58	-1	9.46	9.46
Saccade L	1	13	592535144	592561270	26126	937.22	973.88	902.99	994.91	0.82	41.76	0.47	31.33	774.20	-1165.86	718.32
Saccade R	1	13	592535144	592561270	26126	937.22	973.88	902.99	994.91	0.82	41.76	0.47	31.33	774.20	-1165.86	718.32
Saccade L	1	14	592569163	592603267	34104	903.36	998.57	918.15	1041.11	1.06	44.18	0.31	31.05	1130.77	-1073.55	734.28
Saccade R	1	14	592569163	592603267	34104	903.36	998.57	918.15	1041.11	1.06	44.18	0.31	31.05	1130.77	-1073.55	734.28
Saccade L	1	15	592607292	592639267	31975	917.14	1039.55	1038.96	1000.02	2.72	160.42	0.71	85.21	6330.79	0.00	2469.07
Saccade R	1	15	592607292	592639267	31975	917.14	1039.55	1038.96	1000.02	2.72	160.42	0.71	85.21	6330.79	0.00	2469.07
