[BeGaze]
Converted from:	C:\Program Files\SMI\Experiment Suite 360\Experiment Center 2\Results\RC-Attachment-Exp\P02-eye_data.idf
Date:	18.03.2012 20:03:05
Version:	BeGaze 3.0.181
Sample Rate:	500
Subject:	P02
Description:	Run2

Table Header for Fixations:
Event Type	Trial	Number	Start	End	Duration	Location X	Location Y	Dispersion X	Dispersion Y	Plane	Avg. Pupil Size X	Avg. Pupil Size Y

Table Header for Saccades:
Event Type	Trial	Number	Start	End	Duration	Start Loc.X	Start Loc.Y	End Loc.X	End Loc.Y	Amplitude	Peak Speed	Peak Speed At	Average Speed	Peak Accel.	Peak Decel.	Average Accel.

Table Header for Blinks:
Event Type	Trial	Number	Start	End	Duration

Table Header for User Events:
Event Type	Trial	Number	Start	Description

UserEvent	1	1	3456463636	# Message: RC-N1forced-anim-3.jpg
Fixation L	1	1	3456505651	3456618538	112887	718.06	429.88	14	8	-1	13.57	13.57
Fixation R	1	1	3456505651	3456618538	112887	718.06	429.88	14	8	-1	13.93	13.93
Saccade L	1	1	3456618538	3456684512	65974	722.60	427.31	719.88	433.60	1.82	49.91	0.27	27.61	1699.05	-1392.25	1030.39
Saccade R	1	1	3456618538	3456684512	65974	722.60	427.31	719.88	433.60	1.82	49.91	0.27	27.61	1699.05	-1392.25	1030.39
Fixation L	1	2	3456684512	3456736508	51996	716.02	429.29	11	13	-1	13.22	13.22
Fixation R	1	2	3456684512	3456736508	51996	716.02	429.29	11	13	-1	13.54	13.54
Saccade L	1	2	3456736508	3456792505	55997	713.47	433.67	602.58	433.44	2.83	147.98	0.29	50.52	5875.94	-5284.94	2552.48
Saccade R	1	2	3456736508	3456792505	55997	713.47	433.67	602.58	433.44	2.83	147.98	0.29	50.52	5875.94	-5284.94	2552.48
Saccade L	1	3	3456792505	3456854636	62131	602.58	433.44	528.29	470.58	3.07	157.65	0.48	49.35	5450.20	-5293.55	2449.39
Saccade R	1	3	3456792505	3456854636	62131	602.58	433.44	528.29	470.58	3.07	157.65	0.48	49.35	5450.20	-5293.55	2449.39
Fixation L	1	3	3456854636	3456976629	121993	526.03	454.30	23	32	-1	13.16	13.16
Fixation R	1	3	3456854636	3456976629	121993	526.03	454.30	23	32	-1	13.48	13.48
Saccade L	1	4	3456976629	3457027487	50858	532.79	448.94	591.68	436.19	1.63	81.08	0.24	32.03	2724.54	-2802.83	1407.18
Saccade R	1	4	3456976629	3457027487	50858	532.79	448.94	591.68	436.19	1.63	81.08	0.24	32.03	2724.54	-2802.83	1407.18
Fixation L	1	4	3457027487	3457280028	252541	582.70	451.74	18	54	-1	13.40	13.40
Fixation R	1	4	3457027487	3457280028	252541	582.70	451.74	18	54	-1	13.84	13.84
Saccade L	1	5	3457280028	3457322737	42709	578.90	464.39	649.21	444.50	1.58	86.90	0.44	37.01	3311.27	-3174.73	1974.50
Saccade R	1	5	3457280028	3457322737	42709	578.90	464.39	649.21	444.50	1.58	86.90	0.44	37.01	3311.27	-3174.73	1974.50
Fixation L	1	5	3457322737	3457592972	270235	655.85	449.40	38	38	-1	13.85	13.85
Fixation R	1	5	3457322737	3457592972	270235	655.85	449.40	38	38	-1	14.30	14.30
Saccade L	1	6	3457592972	3457659135	66163	645.80	428.80	719.58	458.05	2.15	92.61	0.67	32.50	3226.10	-3531.22	1639.93
Saccade R	1	6	3457592972	3457659135	66163	645.80	428.80	719.58	458.05	2.15	92.61	0.67	32.50	3226.10	-3531.22	1639.93
Fixation L	1	6	3457659135	3457800965	141830	716.98	455.75	21	33	-1	13.84	13.84
Fixation R	1	6	3457659135	3457800965	141830	716.98	455.75	21	33	-1	14.26	14.26
Saccade L	1	7	3457800965	3457839386	38421	728.92	438.60	762.45	456.43	0.89	44.42	0.68	23.16	1329.08	-1640.32	906.34
Saccade R	1	7	3457800965	3457839386	38421	728.92	438.60	762.45	456.43	0.89	44.42	0.68	23.16	1329.08	-1640.32	906.34
Fixation L	1	7	3457839386	3457933104	93718	774.59	449.97	25	18	-1	13.89	13.89
Fixation R	1	7	3457839386	3457933104	93718	774.59	449.97	25	18	-1	14.21	14.21
Saccade L	1	8	3458007118	3458037086	29968	819.20	451.46	864.24	445.29	0.90	48.95	0.53	29.90	1773.67	-1428.13	1170.25
Saccade R	1	8	3458007118	3458037086	29968	819.20	451.46	864.24	445.29	0.90	48.95	0.53	29.90	1773.67	-1428.13	1170.25
Saccade L	1	9	3458037086	3458073082	35996	864.24	445.29	818.51	445.95	0.94	41.91	0.50	26.15	1256.10	-1570.22	856.55
Saccade R	1	9	3458037086	3458073082	35996	864.24	445.29	818.51	445.95	0.94	41.91	0.50	26.15	1256.10	-1570.22	856.55
Fixation L	1	8	3458073082	3458389324	316242	838.34	445.81	32	24	-1	13.95	13.95
Fixation R	1	8	3458073082	3458389324	316242	838.34	445.81	32	24	-1	14.21	14.21
Saccade L	1	10	3458389324	3458419355	30031	840.43	449.59	917.66	438.83	1.67	114.95	0.47	55.56	4318.17	-4563.38	3213.85
Saccade R	1	10	3458389324	3458419355	30031	840.43	449.59	917.66	438.83	1.67	114.95	0.47	55.56	4318.17	-4563.38	3213.85
Saccade L	1	11	3458439336	3458481332	41996	909.76	442.33	910.32	452.43	8.03	328.83	0.63	191.27	15754.41	-15711.01	11305.19
Saccade R	1	11	3458439336	3458481332	41996	909.76	442.33	910.32	452.43	8.03	328.83	0.63	191.27	15754.41	-15711.01	11305.19
Fixation L	1	9	3458481332	3458807441	326109	912.20	447.23	11	24	-1	13.52	13.52
Fixation R	1	9	3458481332	3458807441	326109	912.20	447.23	11	24	-1	13.90	13.90
Saccade L	1	12	3458807441	3458843435	35994	907.87	448.62	1057.51	454.77	3.22	183.68	0.50	89.43	7905.38	-7463.80	5580.94
Saccade R	1	12	3458807441	3458843435	35994	907.87	448.62	1057.51	454.77	3.22	183.68	0.50	89.43	7905.38	-7463.80	5580.94
Fixation L	1	10	3458843435	3458995548	152113	1047.98	445.02	14	17	-1	13.44	13.44
Fixation R	1	10	3458843435	3458995548	152113	1047.98	445.02	14	17	-1	13.87	13.87
Saccade L	1	13	3458995548	3459025583	30035	1048.38	445.87	1011.48	444.39	0.78	44.55	0.47	26.08	1839.68	-1636.55	1292.08
Saccade R	1	13	3458995548	3459025583	30035	1048.38	445.87	1011.48	444.39	0.78	44.55	0.47	26.08	1839.68	-1636.55	1292.08
Fixation L	1	11	3459025583	3459145566	119983	1014.63	442.50	9	21	-1	13.37	13.37
Fixation R	1	11	3459025583	3459145566	119983	1014.63	442.50	9	21	-1	13.86	13.86
Saccade L	1	14	3459145566	3459175596	30030	1017.77	440.49	1017.43	441.89	9.14	359.65	0.60	304.47	17611.40	-17495.03	13729.60
Saccade R	1	14	3459145566	3459175596	30030	1017.77	440.49	1017.43	441.89	9.14	359.65	0.60	304.47	17611.40	-17495.03	13729.60
Fixation L	1	12	3459175596	3459299663	124067	1017.65	441.12	13	21	-1	13.40	13.40
Fixation R	1	12	3459175596	3459299663	124067	1017.65	441.12	13	21	-1	14.05	14.05
Saccade L	1	15	3459299663	3459327687	28024	1017.70	451.34	1065.54	441.80	1.00	66.15	0.50	35.72	2508.75	-2257.91	1746.29
Saccade R	1	15	3459299663	3459327687	28024	1017.70	451.34	1065.54	441.80	1.00	66.15	0.50	35.72	2508.75	-2257.91	1746.29
Fixation L	1	13	3459327687	3459493792	166105	1057.57	442.36	18	24	-1	13.30	13.30
Fixation R	1	13	3459327687	3459493792	166105	1057.57	442.36	18	24	-1	14.09	14.09
Saccade L	1	16	3459493792	3459609777	115985	1067.71	444.47	925.08	461.45	4.73	200.41	0.28	40.80	7954.87	-7711.73	2087.67
Saccade R	1	16	3459493792	3459609777	115985	1067.71	444.47	925.08	461.45	4.73	200.41	0.28	40.80	7954.87	-7711.73	2087.67
Fixation L	1	14	3459609777	3459747898	138121	928.07	456.99	28	22	-1	13.41	13.41
Fixation R	1	14	3459609777	3459747898	138121	928.07	456.99	28	22	-1	14.04	14.04
Saccade L	1	17	3459747898	3459802043	54145	913.71	452.91	960.65	440.23	1.16	44.77	0.70	21.50	1357.77	-1494.00	753.46
Saccade R	1	17	3459747898	3459802043	54145	913.71	452.91	960.65	440.23	1.16	44.77	0.70	21.50	1357.77	-1494.00	753.46
Fixation L	1	15	3459802043	3459937894	135851	954.91	441.55	14	12	-1	13.52	13.52
Fixation R	1	15	3459802043	3459937894	135851	954.91	441.55	14	12	-1	14.23	14.23
Saccade L	1	18	3459937894	3459979895	42001	953.31	438.36	1032.61	438.53	1.72	89.31	0.59	40.96	3358.23	-3310.38	2222.01
Saccade R	1	18	3459937894	3459979895	42001	953.31	438.36	1032.61	438.53	1.72	89.31	0.59	40.96	3358.23	-3310.38	2222.01
Fixation L	1	16	3459979895	3460192022	212127	1020.67	442.99	29	17	-1	13.45	13.45
Fixation R	1	16	3459979895	3460192022	212127	1020.67	442.99	29	17	-1	14.10	14.10
Saccade L	1	19	3460192022	3460218032	26010	1021.60	449.04	1077.17	449.04	1.24	90.91	0.61	47.51	3595.80	-3433.08	2538.50
Saccade R	1	19	3460192022	3460218032	26010	1021.60	449.04	1077.17	449.04	1.24	90.91	0.61	47.51	3595.80	-3433.08	2538.50
Fixation L	1	17	3460218032	3460458988	240956	1068.65	448.20	19	14	-1	13.35	13.35
Fixation R	1	17	3460218032	3460458988	240956	1068.65	448.20	19	14	-1	14.03	14.03
Saccade L	1	20	3460458988	3460500124	41136	1060.03	439.78	1160.13	445.97	2.31	144.89	0.66	56.13	5685.03	-5592.81	3389.72
Saccade R	1	20	3460458988	3460500124	41136	1060.03	439.78	1160.13	445.97	2.31	144.89	0.66	56.13	5685.03	-5592.81	3389.72
Fixation L	1	18	3460500124	3460766236	266112	1146.80	444.62	29	44	-1	13.36	13.36
Fixation R	1	18	3460500124	3460766236	266112	1146.80	444.62	29	44	-1	14.02	14.02
Saccade L	1	21	3460766236	3460792356	26120	1147.52	448.71	1181.97	443.37	0.76	51.65	0.54	28.96	2063.49	-1772.65	1402.45
Saccade R	1	21	3460766236	3460792356	26120	1147.52	448.71	1181.97	443.37	0.76	51.65	0.54	28.96	2063.49	-1772.65	1402.45
Fixation L	1	19	3460792356	3460988753	196397	1177.29	445.50	19	21	-1	13.46	13.46
Fixation R	1	19	3460792356	3460988753	196397	1177.29	445.50	19	21	-1	14.13	14.13
Saccade L	1	22	3460988753	3461046487	57734	1178.65	445.58	677.76	442.54	11.26	398.68	0.34	194.98	17556.50	-12906.25	10304.74
Saccade R	1	22	3460988753	3461046487	57734	1178.65	445.58	677.76	442.54	11.26	398.68	0.34	194.98	17556.50	-12906.25	10304.74
Fixation L	1	20	3461046487	3461256514	210027	673.75	442.05	28	25	-1	13.46	13.46
Fixation R	1	20	3461046487	3461256514	210027	673.75	442.05	28	25	-1	14.08	14.08
Saccade L	1	23	3461277518	3461306508	28990	683.97	449.40	653.16	427.62	0.79	45.68	0.52	27.29	1116.15	-431.17	472.83
Saccade R	1	23	3461277518	3461306508	28990	683.97	449.40	653.16	427.62	0.79	45.68	0.52	27.29	1116.15	-431.17	472.83
Saccade L	1	24	3461306508	3461332497	25989	653.16	427.62	686.05	444.97	0.79	41.81	0.38	30.37	367.20	-721.17	330.23
Saccade R	1	24	3461306508	3461332497	25989	653.16	427.62	686.05	444.97	0.79	41.81	0.38	30.37	367.20	-721.17	330.23
Saccade L	1	25	3461332497	3461364599	32102	686.05	444.97	642.54	440.69	0.98	46.34	0.50	30.42	1025.10	-1684.39	982.35
Saccade R	1	25	3461332497	3461364599	32102	686.05	444.97	642.54	440.69	0.98	46.34	0.50	30.42	1025.10	-1684.39	982.35
Fixation L	1	21	3461364599	3461648702	284103	640.73	437.99	30	32	-1	13.35	13.35
Fixation R	1	21	3461364599	3461648702	284103	640.73	437.99	30	32	-1	13.88	13.88
Saccade L	1	26	3461648702	3461690708	42006	643.23	448.03	493.65	463.41	3.26	215.09	0.67	77.61	8828.53	-7407.49	4772.67
Saccade R	1	26	3461648702	3461690708	42006	643.23	448.03	493.65	463.41	3.26	215.09	0.67	77.61	8828.53	-7407.49	4772.67
Saccade L	1	27	3461690708	3461732703	41995	493.65	463.41	520.99	442.64	1.04	49.28	0.24	24.75	-383.95	-6547.34	1479.02
Saccade R	1	27	3461690708	3461732703	41995	493.65	463.41	520.99	442.64	1.04	49.28	0.24	24.75	-383.95	-6547.34	1479.02
Fixation L	1	22	3461732703	3461922817	190114	522.61	452.20	13	25	-1	13.41	13.41
Fixation R	1	22	3461732703	3461922817	190114	522.61	452.20	13	25	-1	13.91	13.91
Saccade L	1	28	3461922817	3461956847	34030	530.69	457.57	746.92	454.55	4.59	276.01	0.53	135.01	12080.42	-10702.99	8470.27
Saccade R	1	28	3461922817	3461956847	34030	530.69	457.57	746.92	454.55	4.59	276.01	0.53	135.01	12080.42	-10702.99	8470.27
Fixation L	1	23	3461990817	3462132816	141999	730.56	460.73	13	38	-1	13.53	13.53
Fixation R	1	23	3461990817	3462132816	141999	730.56	460.73	13	38	-1	13.92	13.92
Saccade L	1	29	3462132816	3462167005	34189	728.29	482.64	760.28	458.20	0.85	42.90	0.36	24.79	1350.66	-1365.45	922.44
Saccade R	1	29	3462132816	3462167005	34189	728.29	482.64	760.28	458.20	0.85	42.90	0.36	24.79	1350.66	-1365.45	922.44
Fixation L	1	24	3462167005	3462250948	83943	750.18	438.94	19	31	-1	13.60	13.60
Fixation R	1	24	3462167005	3462250948	83943	750.18	438.94	19	31	-1	14.02	14.02
Saccade L	1	30	3462250948	3462366931	115983	740.77	427.58	902.94	1018.98	16.89	347.14	0.33	145.64	14492.98	-10656.32	5001.89
Saccade R	1	30	3462250948	3462366931	115983	740.77	427.58	902.94	1018.98	16.89	347.14	0.33	145.64	14492.98	-10656.32	5001.89
Fixation L	1	25	3462366931	3462434923	67992	897.65	1025.77	24	14	-1	13.84	13.84
Fixation R	1	25	3462366931	3462434923	67992	897.65	1025.77	24	14	-1	14.58	14.58
Saccade L	1	31	3462434923	3462479667	44744	880.52	1025.99	872.51	958.87	1.57	89.17	0.63	35.06	3284.83	-3316.60	1874.87
Saccade R	1	31	3462434923	3462479667	44744	880.52	1025.99	872.51	958.87	1.57	89.17	0.63	35.06	3284.83	-3316.60	1874.87
Fixation L	1	26	3462479667	3462593092	113425	874.62	955.16	24	23	-1	13.87	13.87
Fixation R	1	26	3462479667	3462593092	113425	874.62	955.16	24	23	-1	14.34	14.34
Saccade L	1	32	3462593092	3462625059	31967	858.91	955.79	909.74	963.67	1.12	58.11	0.50	34.92	2181.37	-2240.19	1602.09
Saccade R	1	32	3462593092	3462625059	31967	858.91	955.79	909.74	963.67	1.12	58.11	0.50	34.92	2181.37	-2240.19	1602.09
Fixation L	1	27	3462625059	3462683168	58109	903.72	962.14	13	6	-1	13.56	13.56
Fixation R	1	27	3462625059	3462683168	58109	903.72	962.14	13	6	-1	14.09	14.09
Saccade L	1	33	3462683168	3462763207	80039	900.43	964.77	964.26	916.70	13.04	502.45	0.38	162.88	21608.58	-20768.58	10899.50
Saccade R	1	33	3462683168	3462763207	80039	900.43	964.77	964.26	916.70	13.04	502.45	0.38	162.88	21608.58	-20768.58	10899.50
