[BeGaze]
Converted from:	C:\Program Files\SMI\Experiment Suite 360\Experiment Center 2\Results\RC-Attachment-Exp\P33-eye_data.idf
Date:	18.03.2012 20:29:23
Version:	BeGaze 3.0.181
Sample Rate:	500
Subject:	P33
Description:	Run38

Table Header for Fixations:
Event Type	Trial	Number	Start	End	Duration	Location X	Location Y	Dispersion X	Dispersion Y	Plane	Avg. Pupil Size X	Avg. Pupil Size Y

Table Header for Saccades:
Event Type	Trial	Number	Start	End	Duration	Start Loc.X	Start Loc.Y	End Loc.X	End Loc.Y	Amplitude	Peak Speed	Peak Speed At	Average Speed	Peak Accel.	Peak Decel.	Average Accel.

Table Header for Blinks:
Event Type	Trial	Number	Start	End	Duration

Table Header for User Events:
Event Type	Trial	Number	Start	Description

UserEvent	1	1	3514329368	# Message: RC-nonforced-nonanim-2.jpg
Fixation L	1	1	3514332370	3515193863	861493	512.90	431.46	82	37	-1	11.98	11.98
Fixation R	1	1	3514332370	3515193863	861493	512.90	431.46	82	37	-1	12.41	12.41
Saccade L	1	1	3515193863	3515215911	22048	544.28	433.46	508.69	448.16	0.74	46.96	0.45	33.63	1455.89	-1493.63	1098.68
Saccade R	1	1	3515193863	3515215911	22048	544.28	433.46	508.69	448.16	0.74	46.96	0.45	33.63	1455.89	-1493.63	1098.68
Saccade L	1	2	3515247862	3515276000	28138	520.95	432.58	634.78	446.12	2.58	176.25	0.54	91.62	7102.55	-7332.49	5242.85
Saccade R	1	2	3515247862	3515276000	28138	520.95	432.58	634.78	446.12	2.58	176.25	0.54	91.62	7102.55	-7332.49	5242.85
Fixation L	1	2	3515276000	3515505974	229974	629.48	441.53	20	25	-1	11.95	11.95
Fixation R	1	2	3515276000	3515505974	229974	629.48	441.53	20	25	-1	12.42	12.42
Saccade L	1	3	3515505974	3515534014	28040	636.26	439.28	738.24	454.28	2.26	159.70	0.50	80.45	6482.40	-6663.05	4750.60
Saccade R	1	3	3515505974	3515534014	28040	636.26	439.28	738.24	454.28	2.26	159.70	0.50	80.45	6482.40	-6663.05	4750.60
Fixation L	1	3	3515534014	3515806139	272125	746.12	446.70	26	26	-1	12.00	12.00
Fixation R	1	3	3515534014	3515806139	272125	746.12	446.70	26	26	-1	12.41	12.41
Saccade L	1	4	3515806139	3515834217	28078	740.66	457.77	802.30	443.23	1.35	94.15	0.44	47.94	3450.16	-3344.48	2420.60
Saccade R	1	4	3515806139	3515834217	28078	740.66	457.77	802.30	443.23	1.35	94.15	0.44	47.94	3450.16	-3344.48	2420.60
Fixation L	1	4	3515834217	3516088367	254150	809.73	436.83	23	36	-1	12.10	12.10
Fixation R	1	4	3515834217	3516088367	254150	809.73	436.83	23	36	-1	12.53	12.53
Saccade L	1	5	3516088367	3516122342	33975	810.96	444.72	888.16	442.06	1.64	91.01	0.35	48.19	3657.00	-2994.55	2209.43
Saccade R	1	5	3516088367	3516122342	33975	810.96	444.72	888.16	442.06	1.64	91.01	0.35	48.19	3657.00	-2994.55	2209.43
Fixation L	1	5	3516122342	3516264327	141985	892.50	437.86	20	13	-1	12.27	12.27
Fixation R	1	5	3516122342	3516264327	141985	892.50	437.86	20	13	-1	12.61	12.61
Saccade L	1	6	3516276322	3516302324	26002	879.65	449.75	978.23	445.37	1.95	142.22	0.54	75.19	4501.66	-5444.73	3521.52
Saccade R	1	6	3516276322	3516302324	26002	879.65	449.75	978.23	445.37	1.95	142.22	0.54	75.19	4501.66	-5444.73	3521.52
Fixation L	1	6	3516302324	3516528442	226118	980.03	449.14	34	49	-1	12.22	12.22
Fixation R	1	6	3516302324	3516528442	226118	980.03	449.14	34	49	-1	12.81	12.81
Saccade L	1	7	3516528442	3516562437	33995	959.42	461.16	1068.95	446.84	2.32	139.86	0.35	68.35	5756.18	-5263.33	3834.49
Saccade R	1	7	3516528442	3516562437	33995	959.42	461.16	1068.95	446.84	2.32	139.86	0.35	68.35	5756.18	-5263.33	3834.49
Fixation L	1	7	3516562437	3516733136	170699	1050.62	449.15	36	30	-1	12.17	12.17
Fixation R	1	7	3516562437	3516733136	170699	1050.62	449.15	36	30	-1	12.73	12.73
Saccade L	1	8	3516733136	3516760904	27768	1053.33	435.74	1119.83	441.14	1.35	89.39	0.41	48.59	3448.98	-3345.72	2458.00
Saccade R	1	8	3516733136	3516760904	27768	1053.33	435.74	1119.83	441.14	1.35	89.39	0.41	48.59	3448.98	-3345.72	2458.00
Fixation L	1	8	3516760904	3517222783	461879	1138.15	445.40	58	40	-1	12.16	12.16
Fixation R	1	8	3516760904	3517222783	461879	1138.15	445.40	58	40	-1	12.57	12.57
Saccade L	1	9	3517222783	3517296780	73997	1159.26	446.28	995.87	834.75	9.87	241.11	0.43	133.35	9588.42	-5580.69	4635.81
Saccade R	1	9	3517222783	3517296780	73997	1159.26	446.28	995.87	834.75	9.87	241.11	0.43	133.35	9588.42	-5580.69	4635.81
Fixation L	1	9	3517296780	3517373840	77060	999.00	841.76	14	20	-1	12.55	12.55
Fixation R	1	9	3517296780	3517373840	77060	999.00	841.76	14	20	-1	12.85	12.85
Saccade L	1	10	3517373840	3517409602	35762	1008.88	852.55	939.17	974.76	3.10	176.33	0.37	86.74	7199.40	-7086.20	5017.98
Saccade R	1	10	3517373840	3517409602	35762	1008.88	852.55	939.17	974.76	3.10	176.33	0.37	86.74	7199.40	-7086.20	5017.98
Fixation L	1	10	3517409602	3517544874	135272	918.15	957.21	51	33	-1	12.44	12.44
Fixation R	1	10	3517409602	3517544874	135272	918.15	957.21	51	33	-1	12.82	12.82
Saccade L	1	11	3517544874	3517568899	24025	922.62	966.33	886.27	955.81	0.78	49.95	0.51	32.54	1293.09	-1749.89	1073.52
Saccade R	1	11	3517544874	3517568899	24025	922.62	966.33	886.27	955.81	0.78	49.95	0.51	32.54	1293.09	-1749.89	1073.52
Fixation L	1	11	3517568899	3517801020	232121	876.15	948.80	29	47	-1	12.26	12.26
Fixation R	1	11	3517568899	3517801020	232121	876.15	948.80	29	47	-1	12.83	12.83
Saccade L	1	12	3517801020	3517823016	21996	877.83	931.06	905.30	943.67	0.64	42.62	0.36	29.01	1283.82	-1280.37	818.97
Saccade R	1	12	3517801020	3517823016	21996	877.83	931.06	905.30	943.67	0.64	42.62	0.36	29.01	1283.82	-1280.37	818.97
Fixation L	1	12	3517823016	3517915017	92001	903.43	953.56	16	17	-1	12.21	12.21
Fixation R	1	12	3517823016	3517915017	92001	903.43	953.56	16	17	-1	12.43	12.43
