[BeGaze]
Converted from:	C:\Program Files\SMI\Experiment Suite 360\Experiment Center 2\Results\RC-Attachment-Exp\P02-eye_data.idf
Date:	24.02.2012 09:57:29
Version:	BeGaze 3.0.181
Sample Rate:	500
Subject:	P02
Description:	Run2

Table Header for Fixations:
Event Type	Trial	Number	Start	End	Duration	Location X	Location Y	Dispersion X	Dispersion Y	Plane	Avg. Pupil Size X	Avg. Pupil Size Y

Table Header for Saccades:
Event Type	Trial	Number	Start	End	Duration	Start Loc.X	Start Loc.Y	End Loc.X	End Loc.Y	Amplitude	Peak Speed	Peak Speed At	Average Speed	Peak Accel.	Peak Decel.	Average Accel.

Table Header for Blinks:
Event Type	Trial	Number	Start	End	Duration

Table Header for User Events:
Event Type	Trial	Number	Start	Description

UserEvent	1	1	3728594584	# Message: RC-N2forced-anim-5.jpg
Fixation L	1	1	3728599034	3729241225	642191	505.59	435.57	70	33	-1	12.44	12.44
Fixation R	1	1	3728599034	3729241225	642191	505.59	435.57	70	33	-1	12.75	12.75
Saccade L	1	1	3729241225	3729277383	36158	523.65	432.99	599.67	439.99	1.65	92.74	0.39	45.65	3836.99	-3613.96	2630.08
Saccade R	1	1	3729241225	3729277383	36158	523.65	432.99	599.67	439.99	1.65	92.74	0.39	45.65	3836.99	-3613.96	2630.08
Fixation L	1	2	3729277383	3729409562	132179	592.91	447.24	14	24	-1	12.62	12.62
Fixation R	1	2	3729277383	3729409562	132179	592.91	447.24	14	24	-1	12.88	12.88
Saccade L	1	2	3729409562	3729503327	93765	585.98	452.81	597.26	406.38	15.54	739.91	0.42	165.75	19674.82	-24164.85	8873.28
Saccade R	1	2	3729409562	3729503327	93765	585.98	452.81	597.26	406.38	15.54	739.91	0.42	165.75	19674.82	-24164.85	8873.28
Saccade L	1	3	3729543455	3729573591	30136	647.60	396.91	637.77	442.27	1.01	55.09	0.26	33.62	328.18	-2109.82	1082.40
Saccade R	1	3	3729543455	3729573591	30136	647.60	396.91	637.77	442.27	1.01	55.09	0.26	33.62	328.18	-2109.82	1082.40
Fixation L	1	3	3729573591	3729727448	153857	631.71	450.39	34	27	-1	12.60	12.60
Fixation R	1	3	3729573591	3729727448	153857	631.71	450.39	34	27	-1	13.01	13.01
Saccade L	1	4	3729727448	3729767449	40001	628.73	465.20	628.78	462.98	1.02	57.30	0.25	25.59	1285.69	-1136.77	762.26
Saccade R	1	4	3729727448	3729767449	40001	628.73	465.20	628.78	462.98	1.02	57.30	0.25	25.59	1285.69	-1136.77	762.26
Saccade L	1	5	3729801466	3729845910	44444	618.13	471.42	708.93	457.33	2.14	86.94	0.59	48.12	3453.83	-3656.04	2565.16
Saccade R	1	5	3729801466	3729845910	44444	618.13	471.42	708.93	457.33	2.14	86.94	0.59	48.12	3453.83	-3656.04	2565.16
Fixation L	1	4	3729845910	3730208294	362384	720.52	445.73	24	36	-1	12.71	12.71
Fixation R	1	4	3729845910	3730208294	362384	720.52	445.73	24	36	-1	13.12	13.12
Saccade L	1	6	3730208294	3730271697	63403	730.69	428.74	802.65	456.85	2.45	87.47	0.27	38.68	3625.26	-3013.42	1788.81
Saccade R	1	6	3730208294	3730271697	63403	730.69	428.74	802.65	456.85	2.45	87.47	0.27	38.68	3625.26	-3013.42	1788.81
Fixation L	1	5	3730271697	3730553793	282096	801.50	439.60	28	25	-1	12.84	12.84
Fixation R	1	5	3730271697	3730553793	282096	801.50	439.60	28	25	-1	13.30	13.30
Saccade L	1	7	3730553793	3730589821	36028	796.76	435.80	832.72	435.54	0.91	40.13	0.61	25.13	1441.75	-1281.83	998.79
Saccade R	1	7	3730553793	3730589821	36028	796.76	435.80	832.72	435.54	0.91	40.13	0.61	25.13	1441.75	-1281.83	998.79
Fixation L	1	6	3730589821	3730926029	336208	833.97	441.63	23	34	-1	12.84	12.84
Fixation R	1	6	3730589821	3730926029	336208	833.97	441.63	23	34	-1	13.34	13.34
Saccade L	1	8	3730926029	3730950023	23994	817.25	454.51	837.66	432.24	0.57	42.79	0.42	23.92	1092.48	-1233.72	785.20
Saccade R	1	8	3730926029	3730950023	23994	817.25	454.51	837.66	432.24	0.57	42.79	0.42	23.92	1092.48	-1233.72	785.20
Fixation L	1	7	3730950023	3731192144	242121	833.94	442.47	24	47	-1	12.99	12.99
Fixation R	1	7	3730950023	3731192144	242121	833.94	442.47	24	47	-1	13.49	13.49
Saccade L	1	9	3731192144	3731240145	48001	828.04	429.78	895.94	423.77	2.42	98.27	0.34	50.31	3786.06	-3058.90	2086.77
Saccade R	1	9	3731192144	3731240145	48001	828.04	429.78	895.94	423.77	2.42	98.27	0.34	50.31	3786.06	-3058.90	2086.77
Fixation L	1	8	3731240145	3731558255	318110	900.73	435.27	38	40	-1	13.00	13.00
Fixation R	1	8	3731240145	3731558255	318110	900.73	435.27	38	40	-1	13.36	13.36
Saccade L	1	10	3731558255	3731598276	40021	904.79	414.18	947.02	440.72	1.29	79.45	0.35	32.30	3146.37	-2650.23	1759.68
Saccade R	1	10	3731558255	3731598276	40021	904.79	414.18	947.02	440.72	1.29	79.45	0.35	32.30	3146.37	-2650.23	1759.68
Fixation L	1	9	3731598276	3731975776	377500	952.01	449.15	41	27	-1	12.82	12.82
Fixation R	1	9	3731598276	3731975776	377500	952.01	449.15	41	27	-1	13.10	13.10
Saccade L	1	11	3731975776	3732022486	46710	945.09	435.98	1030.85	435.75	2.03	89.94	0.53	43.46	3023.87	-3696.24	2195.50
Saccade R	1	11	3731975776	3732022486	46710	945.09	435.98	1030.85	435.75	2.03	89.94	0.53	43.46	3023.87	-3696.24	2195.50
Fixation L	1	10	3732022486	3732234607	212121	1023.56	447.65	26	45	-1	12.57	12.57
Fixation R	1	10	3732022486	3732234607	212121	1023.56	447.65	26	45	-1	12.98	12.98
Saccade L	1	12	3732234607	3732266605	31998	1025.14	466.23	1087.94	447.26	1.48	107.07	0.43	46.34	4346.12	-3979.09	2867.56
Saccade R	1	12	3732234607	3732266605	31998	1025.14	466.23	1087.94	447.26	1.48	107.07	0.43	46.34	4346.12	-3979.09	2867.56
Fixation L	1	11	3732266605	3732610838	344233	1096.25	440.87	38	35	-1	12.43	12.43
Fixation R	1	11	3732266605	3732610838	344233	1096.25	440.87	38	35	-1	12.90	12.90
Saccade L	1	13	3732610838	3732640762	29924	1115.81	439.47	1186.05	453.02	1.55	106.98	0.40	51.85	4106.68	-3774.17	2797.67
Saccade R	1	13	3732610838	3732640762	29924	1115.81	439.47	1186.05	453.02	1.55	106.98	0.40	51.85	4106.68	-3774.17	2797.67
Fixation L	1	12	3732640762	3732948827	308065	1181.43	441.71	38	34	-1	12.33	12.33
Fixation R	1	12	3732640762	3732948827	308065	1181.43	441.71	38	34	-1	12.69	12.69
Saccade L	1	14	3732948827	3733004828	56001	1189.06	429.40	1183.25	443.41	1.26	46.38	0.36	22.56	1510.93	-1228.97	716.93
Saccade R	1	14	3732948827	3733004828	56001	1189.06	429.40	1183.25	443.41	1.26	46.38	0.36	22.56	1510.93	-1228.97	716.93
Fixation L	1	13	3733004828	3733182954	178126	1190.93	441.88	20	37	-1	12.42	12.42
Fixation R	1	13	3733004828	3733182954	178126	1190.93	441.88	20	37	-1	12.73	12.73
Fixation L	1	14	3733228947	3733379143	150196	1188.24	443.33	30	37	-1	12.51	12.51
Fixation R	1	14	3733228947	3733379143	150196	1188.24	443.33	30	37	-1	13.00	13.00
Fixation L	1	15	3733492202	3733625547	133345	908.14	963.35	14	20	-1	13.10	13.10
Fixation R	1	15	3733492202	3733625547	133345	908.14	963.35	14	20	-1	13.69	13.69
Saccade L	1	15	3733625547	3733655931	30384	901.77	968.25	944.21	976.46	1.05	64.61	0.45	34.60	2343.19	-2476.05	1749.33
Saccade R	1	15	3733625547	3733655931	30384	901.77	968.25	944.21	976.46	1.05	64.61	0.45	34.60	2343.19	-2476.05	1749.33
Fixation L	1	16	3733655931	3733941302	285371	941.55	968.75	28	38	-1	12.84	12.84
Fixation R	1	16	3733655931	3733941302	285371	941.55	968.75	28	38	-1	13.49	13.49
Saccade L	1	16	3733941302	3733967296	25994	939.13	990.23	878.20	978.08	1.28	102.75	0.69	49.22	4117.58	0.00	1388.87
Saccade R	1	16	3733941302	3733967296	25994	939.13	990.23	878.20	978.08	1.28	102.75	0.69	49.22	4117.58	0.00	1388.87
