[BeGaze]
Converted from:	C:\Program Files\SMI\Experiment Suite 360\Experiment Center 2\Results\RC-Attachment-Exp\P12-eye_data.idf
Date:	18.03.2012 20:09:31
Version:	BeGaze 3.0.181
Sample Rate:	500
Subject:	P12
Description:	Run17

Table Header for Fixations:
Event Type	Trial	Number	Start	End	Duration	Location X	Location Y	Dispersion X	Dispersion Y	Plane	Avg. Pupil Size X	Avg. Pupil Size Y

Table Header for Saccades:
Event Type	Trial	Number	Start	End	Duration	Start Loc.X	Start Loc.Y	End Loc.X	End Loc.Y	Amplitude	Peak Speed	Peak Speed At	Average Speed	Peak Accel.	Peak Decel.	Average Accel.

Table Header for Blinks:
Event Type	Trial	Number	Start	End	Duration

Table Header for User Events:
Event Type	Trial	Number	Start	Description

UserEvent	1	1	11450155277	# Message: RC-nonforced-nonanim-3.jpg
Fixation L	1	1	11450156051	11450452130	296079	508.80	449.61	27	23	-1	12.16	12.16
Fixation R	1	1	11450156051	11450452130	296079	508.80	449.61	27	23	-1	12.00	12.00
Saccade L	1	1	11450452130	11450476271	24141	519.23	445.37	578.69	450.58	1.34	108.14	0.50	55.68	4302.88	-4244.70	2968.63
Saccade R	1	1	11450452130	11450476271	24141	519.23	445.37	578.69	450.58	1.34	108.14	0.50	55.68	4302.88	-4244.70	2968.63
Fixation L	1	2	11450476271	11450654281	178010	578.30	453.28	13	14	-1	12.06	12.06
Fixation R	1	2	11450476271	11450654281	178010	578.30	453.28	13	14	-1	12.10	12.10
Saccade L	1	2	11450654281	11450678237	23956	571.91	445.59	638.15	456.57	1.47	111.28	0.50	61.45	4345.45	-4514.50	3064.82
Saccade R	1	2	11450654281	11450678237	23956	571.91	445.59	638.15	456.57	1.47	111.28	0.50	61.45	4345.45	-4514.50	3064.82
Fixation L	1	3	11450678237	11450778363	100126	639.70	454.31	8	12	-1	12.04	12.04
Fixation R	1	3	11450678237	11450778363	100126	639.70	454.31	8	12	-1	12.06	12.06
Saccade L	1	3	11450778363	11450818393	40030	634.65	454.02	555.37	431.38	1.90	101.55	0.40	47.41	4021.81	-3662.49	2586.23
Saccade R	1	3	11450778363	11450818393	40030	634.65	454.02	555.37	431.38	1.90	101.55	0.40	47.41	4021.81	-3662.49	2586.23
Fixation L	1	4	11450818393	11451062601	244208	560.01	448.76	21	35	-1	11.94	11.94
Fixation R	1	4	11450818393	11451062601	244208	560.01	448.76	21	35	-1	11.59	11.59
Saccade L	1	4	11451062601	11451088505	25904	550.45	461.84	646.05	455.10	2.04	153.44	0.54	78.69	6209.10	-5781.04	4343.19
Saccade R	1	4	11451062601	11451088505	25904	550.45	461.84	646.05	455.10	2.04	153.44	0.54	78.69	6209.10	-5781.04	4343.19
Fixation L	1	5	11451088505	11451318629	230124	656.85	443.71	24	18	-1	12.03	12.03
Fixation R	1	5	11451088505	11451318629	230124	656.85	443.71	24	18	-1	11.90	11.90
Saccade L	1	5	11451318629	11451348592	29963	657.13	437.90	743.15	423.39	1.97	138.07	0.53	65.71	5335.55	-5092.77	3768.93
Saccade R	1	5	11451318629	11451348592	29963	657.13	437.90	743.15	423.39	1.97	138.07	0.53	65.71	5335.55	-5092.77	3768.93
Fixation L	1	6	11451348592	11451776714	428122	754.68	431.42	42	33	-1	11.97	11.97
Fixation R	1	6	11451348592	11451776714	428122	754.68	431.42	42	33	-1	11.81	11.81
Saccade L	1	6	11451776714	11451798834	22120	747.86	427.43	823.93	424.86	1.65	138.26	0.47	74.70	5493.57	-5317.82	3561.52
Saccade R	1	6	11451776714	11451798834	22120	747.86	427.43	823.93	424.86	1.65	138.26	0.47	74.70	5493.57	-5317.82	3561.52
Fixation L	1	7	11451798834	11452214951	416117	834.92	420.41	38	30	-1	11.80	11.80
Fixation R	1	7	11451798834	11452214951	416117	834.92	420.41	38	30	-1	11.74	11.74
Saccade L	1	7	11452214951	11452240954	26003	825.95	402.44	916.92	411.21	2.01	160.33	0.62	77.47	6213.17	-6020.88	4246.04
Saccade R	1	7	11452214951	11452240954	26003	825.95	402.44	916.92	411.21	2.01	160.33	0.62	77.47	6213.17	-6020.88	4246.04
Fixation L	1	8	11452240954	11452473073	232119	912.97	426.33	24	30	-1	11.86	11.86
Fixation R	1	8	11452240954	11452473073	232119	912.97	426.33	24	30	-1	11.66	11.66
Saccade L	1	8	11452473073	11452507068	33995	903.23	435.68	986.03	441.99	1.86	119.20	0.41	54.73	4971.54	-4501.86	3250.87
Saccade R	1	8	11452473073	11452507068	33995	903.23	435.68	986.03	441.99	1.86	119.20	0.41	54.73	4971.54	-4501.86	3250.87
Fixation L	1	9	11452507068	11452679196	172128	997.32	447.20	15	8	-1	12.11	12.11
Fixation R	1	9	11452507068	11452679196	172128	997.32	447.20	15	8	-1	11.83	11.83
Saccade L	1	9	11452679196	11452711194	31998	1000.75	449.44	1067.24	422.13	1.64	99.15	0.50	51.22	4160.27	-4019.09	2919.72
Saccade R	1	9	11452679196	11452711194	31998	1000.75	449.44	1067.24	422.13	1.64	99.15	0.50	51.22	4160.27	-4019.09	2919.72
Fixation L	1	10	11452711194	11453013319	302125	1063.28	431.63	22	32	-1	12.00	12.00
Fixation R	1	10	11452711194	11453013319	302125	1063.28	431.63	22	32	-1	11.92	11.92
Saccade L	1	10	11453013319	11453041316	27997	1066.85	423.06	1132.87	416.65	1.51	104.91	0.50	54.03	4322.54	-4234.03	3077.36
Saccade R	1	10	11453013319	11453041316	27997	1066.85	423.06	1132.87	416.65	1.51	104.91	0.50	54.03	4322.54	-4234.03	3077.36
Fixation L	1	11	11453041316	11453303430	262114	1139.51	412.60	15	19	-1	12.01	12.01
Fixation R	1	11	11453041316	11453303430	262114	1139.51	412.60	15	19	-1	11.93	11.93
Saccade L	1	11	11453303430	11453332010	28580	1137.76	416.76	1185.33	396.38	1.23	82.28	0.49	42.89	3253.24	-3054.85	2265.23
Saccade R	1	11	11453303430	11453332010	28580	1137.76	416.76	1185.33	396.38	1.23	82.28	0.49	42.89	3253.24	-3054.85	2265.23
Fixation L	1	12	11453332010	11453737671	405661	1173.87	410.03	34	41	-1	12.11	12.11
Fixation R	1	12	11453332010	11453737671	405661	1173.87	410.03	34	41	-1	12.13	12.13
Saccade L	1	12	11453737671	11453801756	64085	1168.91	431.49	921.06	469.28	5.61	178.04	0.25	87.51	7649.46	-4967.45	3420.21
Saccade R	1	12	11453737671	11453801756	64085	1168.91	431.49	921.06	469.28	5.61	178.04	0.25	87.51	7649.46	-4967.45	3420.21
Fixation L	1	13	11453801756	11453929680	127924	917.40	464.93	28	35	-1	12.54	12.54
Fixation R	1	13	11453801756	11453929680	127924	917.40	464.93	28	35	-1	12.35	12.35
Saccade L	1	13	11453929680	11453995795	66115	931.09	462.01	656.74	417.94	6.47	235.16	0.24	97.92	9862.31	-6875.92	4694.71
Saccade R	1	13	11453929680	11453995795	66115	931.09	462.01	656.74	417.94	6.47	235.16	0.24	97.92	9862.31	-6875.92	4694.71
Fixation L	1	14	11453995795	11454245927	250132	631.73	434.58	68	33	-1	12.45	12.45
Fixation R	1	14	11453995795	11454245927	250132	631.73	434.58	68	33	-1	12.13	12.13
Saccade L	1	14	11454245927	11454269905	23978	610.54	441.36	541.36	440.56	1.53	115.28	0.58	63.82	4010.65	-4027.69	2690.90
Saccade R	1	14	11454245927	11454269905	23978	610.54	441.36	541.36	440.56	1.53	115.28	0.58	63.82	4010.65	-4027.69	2690.90
Fixation L	1	15	11454269905	11454468687	198782	561.78	440.73	35	20	-1	12.33	12.33
Fixation R	1	15	11454269905	11454468687	198782	561.78	440.73	35	20	-1	12.08	12.08
Saccade L	1	15	11454468687	11454495959	27272	572.98	434.46	650.19	435.15	1.75	124.99	0.49	64.27	5075.54	-4587.24	3464.45
Saccade R	1	15	11454468687	11454495959	27272	572.98	434.46	650.19	435.15	1.75	124.99	0.49	64.27	5075.54	-4587.24	3464.45
Fixation L	1	16	11454495959	11454616028	120069	658.24	429.73	19	11	-1	12.33	12.33
Fixation R	1	16	11454495959	11454616028	120069	658.24	429.73	19	11	-1	12.15	12.15
Saccade L	1	16	11454616028	11454644026	27998	656.08	433.79	763.66	440.92	2.34	170.38	0.50	83.69	7175.29	-6868.92	5058.61
Saccade R	1	16	11454616028	11454644026	27998	656.08	433.79	763.66	440.92	2.34	170.38	0.50	83.69	7175.29	-6868.92	5058.61
Fixation L	1	17	11454644026	11454884166	240140	784.70	440.68	36	30	-1	12.38	12.38
Fixation R	1	17	11454644026	11454884166	240140	784.70	440.68	36	30	-1	12.09	12.09
Saccade L	1	17	11454884166	11454964149	79983	783.34	426.87	893.76	933.98	12.56	351.54	0.27	157.04	15303.33	-14822.03	8087.91
Saccade R	1	17	11454884166	11454964149	79983	783.34	426.87	893.76	933.98	12.56	351.54	0.27	157.04	15303.33	-14822.03	8087.91
Fixation L	1	18	11454964149	11455454439	490290	901.86	945.39	66	47	-1	12.56	12.56
Fixation R	1	18	11454964149	11455454439	490290	901.86	945.39	66	47	-1	12.02	12.02
