[BeGaze]
Converted from:	C:\Program Files\SMI\Experiment Suite 360\Experiment Center 2\Results\RC-Attachment-Exp\P19-eye_data.idf
Date:	18.03.2012 20:14:52
Version:	BeGaze 3.0.181
Sample Rate:	500
Subject:	P19
Description:	Run24

Table Header for Fixations:
Event Type	Trial	Number	Start	End	Duration	Location X	Location Y	Dispersion X	Dispersion Y	Plane	Avg. Pupil Size X	Avg. Pupil Size Y

Table Header for Saccades:
Event Type	Trial	Number	Start	End	Duration	Start Loc.X	Start Loc.Y	End Loc.X	End Loc.Y	Amplitude	Peak Speed	Peak Speed At	Average Speed	Peak Accel.	Peak Decel.	Average Accel.

Table Header for Blinks:
Event Type	Trial	Number	Start	End	Duration

Table Header for User Events:
Event Type	Trial	Number	Start	Description

UserEvent	1	1	18289890910	# Message: Dist-srthm-21.jpg
Saccade L	1	1	18289921844	18289947812	25968	574.31	484.32	533.52	464.14	1.07	71.37	0.38	41.40	2329.10	-2630.76	1688.72
Saccade R	1	1	18289921844	18289947812	25968	574.31	484.32	533.52	464.14	1.07	71.37	0.38	41.40	2329.10	-2630.76	1688.72
Fixation L	1	1	18289947812	18290629377	681565	524.77	459.99	46	40	-1	13.38	13.38
Fixation R	1	1	18289947812	18290629377	681565	524.77	459.99	46	40	-1	13.27	13.27
Saccade L	1	2	18290629377	18290652146	22769	507.23	442.90	576.48	457.68	1.46	111.73	0.47	64.27	4566.59	-4566.90	3172.70
Saccade R	1	2	18290629377	18290652146	22769	507.23	442.90	576.48	457.68	1.46	111.73	0.47	64.27	4566.59	-4566.90	3172.70
Saccade L	1	3	18290702142	18290724145	22003	581.52	436.37	575.07	470.07	0.68	43.53	0.46	31.12	1431.44	-892.60	848.73
Saccade R	1	3	18290702142	18290724145	22003	581.52	436.37	575.07	470.07	0.68	43.53	0.46	31.12	1431.44	-892.60	848.73
Fixation L	1	2	18290724145	18290782160	58015	573.92	451.89	21	29	-1	13.07	13.07
Fixation R	1	2	18290724145	18290782160	58015	573.92	451.89	21	29	-1	12.91	12.91
Saccade L	1	4	18290782160	18290810141	27981	585.06	449.87	626.91	457.73	1.08	65.51	0.64	38.42	2168.57	-2252.74	1507.95
Saccade R	1	4	18290782160	18290810141	27981	585.06	449.87	626.91	457.73	1.08	65.51	0.64	38.42	2168.57	-2252.74	1507.95
Fixation L	1	3	18290810141	18290970259	160118	644.23	462.81	27	26	-1	13.01	13.01
Fixation R	1	3	18290810141	18290970259	160118	644.23	462.81	27	26	-1	12.89	12.89
Saccade L	1	5	18290970259	18291000255	29996	639.57	462.90	725.90	473.37	1.84	108.71	0.40	61.44	4633.93	-3855.76	3007.64
Saccade R	1	5	18290970259	18291000255	29996	639.57	462.90	725.90	473.37	1.84	108.71	0.40	61.44	4633.93	-3855.76	3007.64
Saccade L	1	6	18291035395	18291058510	23115	762.43	463.39	715.71	467.38	0.88	56.29	0.38	38.17	1406.75	-1591.18	1125.50
Saccade R	1	6	18291035395	18291058510	23115	762.43	463.39	715.71	467.38	0.88	56.29	0.38	38.17	1406.75	-1591.18	1125.50
Saccade L	1	7	18291066253	18291094288	28035	715.24	463.22	762.07	453.56	1.02	47.29	0.50	36.25	1381.10	-1624.46	1087.74
Saccade R	1	7	18291066253	18291094288	28035	715.24	463.22	762.07	453.56	1.02	47.29	0.50	36.25	1381.10	-1624.46	1087.74
Saccade L	1	8	18291104272	18291132434	28162	764.05	450.58	716.58	453.22	1.00	49.26	0.57	35.59	1661.27	-1822.95	1283.52
Saccade R	1	8	18291104272	18291132434	28162	764.05	450.58	716.58	453.22	1.00	49.26	0.57	35.59	1661.27	-1822.95	1283.52
Fixation L	1	4	18291132434	18291202374	69940	729.69	451.38	25	6	-1	13.25	13.25
Fixation R	1	4	18291132434	18291202374	69940	729.69	451.38	25	6	-1	13.13	13.13
Saccade L	1	9	18291202374	18291226374	24000	739.31	449.29	816.60	450.03	1.68	129.70	0.59	69.98	5250.49	-5079.75	3601.98
Saccade R	1	9	18291202374	18291226374	24000	739.31	449.29	816.60	450.03	1.68	129.70	0.59	69.98	5250.49	-5079.75	3601.98
Fixation L	1	5	18291226374	18291376407	150033	814.27	456.20	20	22	-1	13.27	13.27
Fixation R	1	5	18291226374	18291376407	150033	814.27	456.20	20	22	-1	13.10	13.10
Saccade L	1	10	18291442488	18291472502	30014	819.14	434.00	848.44	459.08	1.02	58.41	0.60	34.11	1729.69	-1421.23	1104.98
Saccade R	1	10	18291442488	18291472502	30014	819.14	434.00	848.44	459.08	1.02	58.41	0.60	34.11	1729.69	-1421.23	1104.98
Fixation L	1	6	18291472502	18291662616	190114	854.60	461.51	42	40	-1	13.26	13.26
Fixation R	1	6	18291472502	18291662616	190114	854.60	461.51	42	40	-1	13.09	13.09
Saccade L	1	11	18291662616	18291710615	47999	834.56	438.14	937.11	460.98	2.41	126.37	0.25	50.13	4887.73	-4308.01	2356.07
Saccade R	1	11	18291662616	18291710615	47999	834.56	438.14	937.11	460.98	2.41	126.37	0.25	50.13	4887.73	-4308.01	2356.07
Fixation L	1	7	18291710615	18291836603	125988	930.09	454.99	41	39	-1	13.49	13.49
Fixation R	1	7	18291710615	18291836603	125988	930.09	454.99	41	39	-1	13.24	13.24
Saccade L	1	12	18291836603	18291872669	36066	903.52	431.82	977.25	437.09	1.57	69.44	0.39	43.64	2701.65	-2213.01	1684.52
Saccade R	1	12	18291836603	18291872669	36066	903.52	431.82	977.25	437.09	1.57	69.44	0.39	43.64	2701.65	-2213.01	1684.52
Fixation L	1	8	18291872669	18292076729	204060	989.37	458.44	32	38	-1	13.48	13.48
Fixation R	1	8	18291872669	18292076729	204060	989.37	458.44	32	38	-1	13.35	13.35
Saccade L	1	13	18292076729	18292098925	22196	1000.71	466.56	1044.86	479.54	0.89	67.15	0.45	40.12	2154.67	-2347.17	1534.92
Saccade R	1	13	18292076729	18292098925	22196	1000.71	466.56	1044.86	479.54	0.89	67.15	0.45	40.12	2154.67	-2347.17	1534.92
Fixation L	1	9	18292098925	18292338857	239932	1055.32	479.31	35	45	-1	13.53	13.53
Fixation R	1	9	18292098925	18292338857	239932	1055.32	479.31	35	45	-1	13.40	13.40
Saccade L	1	14	18292338857	18292382836	43979	1042.65	459.53	1116.37	442.91	1.97	83.26	0.59	44.84	2724.71	-2815.20	1864.08
Saccade R	1	14	18292338857	18292382836	43979	1042.65	459.53	1116.37	442.91	1.97	83.26	0.59	44.84	2724.71	-2815.20	1864.08
Fixation L	1	10	18292382836	18292672937	290101	1142.10	455.39	51	25	-1	13.56	13.56
Fixation R	1	10	18292382836	18292672937	290101	1142.10	455.39	51	25	-1	13.33	13.33
Saccade L	1	15	18292672937	18292737116	64179	1127.08	443.55	945.95	899.80	11.25	301.52	0.31	175.35	12545.36	-10186.59	7011.04
Saccade R	1	15	18292672937	18292737116	64179	1127.08	443.55	945.95	899.80	11.25	301.52	0.31	175.35	12545.36	-10186.59	7011.04
Fixation L	1	11	18292759112	18292955057	195945	927.87	926.10	21	19	-1	14.09	14.09
Fixation R	1	11	18292759112	18292955057	195945	927.87	926.10	21	19	-1	13.94	13.94
Saccade L	1	16	18292955057	18292977278	22221	925.36	916.17	902.40	939.99	0.75	52.65	0.54	33.81	2080.56	-1802.08	1318.34
Saccade R	1	16	18292955057	18292977278	22221	925.36	916.17	902.40	939.99	0.75	52.65	0.54	33.81	2080.56	-1802.08	1318.34
Fixation L	1	12	18292977278	18293051185	73907	888.45	943.28	47	18	-1	14.15	14.15
Fixation R	1	12	18292977278	18293051185	73907	888.45	943.28	47	18	-1	13.97	13.97
Fixation L	1	13	18293061209	18293117189	55980	874.47	939.09	23	20	-1	14.26	14.26
Fixation R	1	13	18293061209	18293117189	55980	874.47	939.09	23	20	-1	13.88	13.88
Saccade L	1	17	18293117189	18293149510	32321	877.27	928.32	791.21	924.37	2.01	120.63	0.49	62.15	4451.44	-4663.17	3268.01
Saccade R	1	17	18293117189	18293149510	32321	877.27	928.32	791.21	924.37	2.01	120.63	0.49	62.15	4451.44	-4663.17	3268.01
Fixation L	1	14	18293149510	18293433319	283809	780.51	939.76	24	40	-1	14.43	14.43
Fixation R	1	14	18293149510	18293433319	283809	780.51	939.76	24	40	-1	14.12	14.12
Saccade L	1	18	18293433319	18293466224	32905	789.50	959.29	919.71	946.12	2.92	166.29	0.49	88.87	6896.81	-6996.96	5166.35
Saccade R	1	18	18293433319	18293466224	32905	789.50	959.29	919.71	946.12	2.92	166.29	0.49	88.87	6896.81	-6996.96	5166.35
Fixation L	1	15	18293466224	18293759396	293172	925.63	935.10	50	50	-1	14.64	14.64
Fixation R	1	15	18293466224	18293759396	293172	925.63	935.10	50	50	-1	14.42	14.42
Saccade L	1	19	18293759396	18293783645	24249	926.42	936.01	990.49	950.96	1.38	107.92	0.50	56.81	3627.45	-3243.85	2321.50
Saccade R	1	19	18293759396	18293783645	24249	926.42	936.01	990.49	950.96	1.38	107.92	0.50	56.81	3627.45	-3243.85	2321.50
Fixation L	1	16	18293783645	18293951601	167956	992.21	954.56	39	18	-1	14.45	14.45
Fixation R	1	16	18293783645	18293951601	167956	992.21	954.56	39	18	-1	14.33	14.33
