[BeGaze]
Converted from:	C:\Program Files\SMI\Experiment Suite 360\Experiment Center 2\Results\RC-Attachment-Exp\P28-eye_data.idf
Date:	18.03.2012 20:23:00
Version:	BeGaze 3.0.181
Sample Rate:	500
Subject:	P28
Description:	Run33

Table Header for Fixations:
Event Type	Trial	Number	Start	End	Duration	Location X	Location Y	Dispersion X	Dispersion Y	Plane	Avg. Pupil Size X	Avg. Pupil Size Y

Table Header for Saccades:
Event Type	Trial	Number	Start	End	Duration	Start Loc.X	Start Loc.Y	End Loc.X	End Loc.Y	Amplitude	Peak Speed	Peak Speed At	Average Speed	Peak Accel.	Peak Decel.	Average Accel.

Table Header for Blinks:
Event Type	Trial	Number	Start	End	Duration

Table Header for User Events:
Event Type	Trial	Number	Start	Description

UserEvent	1	1	13985229006	# Message: int-1.jpg
Fixation L	1	1	13985229502	13985486843	257341	460.37	429.23	27	47	-1	14.26	14.26
Fixation R	1	1	13985229502	13985486843	257341	460.37	429.23	27	47	-1	14.11	14.11
Saccade L	1	1	13985486843	13985524856	38013	453.79	407.08	552.67	428.38	2.30	121.35	0.42	60.54	5117.66	-4644.99	3395.32
Saccade R	1	1	13985486843	13985524856	38013	453.79	407.08	552.67	428.38	2.30	121.35	0.42	60.54	5117.66	-4644.99	3395.32
Fixation L	1	2	13985524856	13985686976	162120	562.56	423.28	20	39	-1	14.45	14.45
Fixation R	1	2	13985524856	13985686976	162120	562.56	423.28	20	39	-1	14.27	14.27
Saccade L	1	2	13985686976	13985720966	33990	567.26	429.82	717.13	419.98	3.27	177.46	0.65	96.23	7423.22	-7347.76	5432.21
Saccade R	1	2	13985686976	13985720966	33990	567.26	429.82	717.13	419.98	3.27	177.46	0.65	96.23	7423.22	-7347.76	5432.21
Saccade L	1	3	13985734966	13985764964	29998	711.02	423.95	673.31	452.66	1.04	52.57	0.67	34.63	1651.86	-1950.33	1287.85
Saccade R	1	3	13985734966	13985764964	29998	711.02	423.95	673.31	452.66	1.04	52.57	0.67	34.63	1651.86	-1950.33	1287.85
Fixation L	1	3	13985764964	13985870959	105995	693.28	439.81	37	29	-1	14.49	14.49
Fixation R	1	3	13985764964	13985870959	105995	693.28	439.81	37	29	-1	14.38	14.38
Saccade L	1	4	13985870959	13985928964	58005	699.90	439.25	1145.22	419.84	10.05	290.36	0.55	173.25	11412.72	-11193.58	7675.84
Saccade R	1	4	13985870959	13985928964	58005	699.90	439.25	1145.22	419.84	10.05	290.36	0.55	173.25	11412.72	-11193.58	7675.84
Fixation L	1	4	13985928964	13986081075	152111	1155.01	439.93	18	41	-1	14.39	14.39
Fixation R	1	4	13985928964	13986081075	152111	1155.01	439.93	18	41	-1	14.55	14.55
Saccade L	1	5	13986081075	13986111110	30035	1156.77	425.28	1263.01	439.50	2.45	159.63	0.53	81.69	6446.98	-6374.60	4667.82
Saccade R	1	5	13986081075	13986111110	30035	1156.77	425.28	1263.01	439.50	2.45	159.63	0.53	81.69	6446.98	-6374.60	4667.82
Fixation L	1	5	13986111110	13986187084	75974	1274.72	445.36	19	10	-1	14.40	14.40
Fixation R	1	5	13986111110	13986187084	75974	1274.72	445.36	19	10	-1	14.33	14.33
Saccade L	1	6	13986187084	13986255200	68116	1278.23	445.44	864.18	1007.07	15.86	421.71	0.41	232.78	17817.94	-10255.69	9642.36
Saccade R	1	6	13986187084	13986255200	68116	1278.23	445.44	864.18	1007.07	15.86	421.71	0.41	232.78	17817.94	-10255.69	9642.36
Fixation L	1	6	13986255200	13986315198	59998	869.41	1015.24	20	24	-1	14.34	14.34
Fixation R	1	6	13986255200	13986315198	59998	869.41	1015.24	20	24	-1	14.37	14.37
Saccade L	1	7	13986315198	13986339480	24282	878.03	1018.23	877.43	975.65	0.86	49.05	0.58	35.54	1541.24	-1282.71	1052.49
Saccade R	1	7	13986315198	13986339480	24282	878.03	1018.23	877.43	975.65	0.86	49.05	0.58	35.54	1541.24	-1282.71	1052.49
Saccade L	1	8	13986377194	13986411192	33998	861.48	989.54	912.46	961.76	1.42	74.57	0.59	41.82	2581.72	-2865.35	1909.55
Saccade R	1	8	13986377194	13986411192	33998	861.48	989.54	912.46	961.76	1.42	74.57	0.59	41.82	2581.72	-2865.35	1909.55
Fixation L	1	7	13986411192	13986755462	344270	919.71	945.15	32	44	-1	14.54	14.54
Fixation R	1	7	13986411192	13986755462	344270	919.71	945.15	32	44	-1	14.28	14.28
