[BeGaze]
Converted from:	C:\Program Files\SMI\Experiment Suite 360\Experiment Center 2\Results\RC-Attachment-Exp\P09-eye_data.idf
Date:	18.03.2012 20:07:50
Version:	BeGaze 3.0.181
Sample Rate:	500
Subject:	P09
Description:	Run14

Table Header for Fixations:
Event Type	Trial	Number	Start	End	Duration	Location X	Location Y	Dispersion X	Dispersion Y	Plane	Avg. Pupil Size X	Avg. Pupil Size Y

Table Header for Saccades:
Event Type	Trial	Number	Start	End	Duration	Start Loc.X	Start Loc.Y	End Loc.X	End Loc.Y	Amplitude	Peak Speed	Peak Speed At	Average Speed	Peak Accel.	Peak Decel.	Average Accel.

Table Header for Blinks:
Event Type	Trial	Number	Start	End	Duration

Table Header for User Events:
Event Type	Trial	Number	Start	Description

UserEvent	1	1	7603137795	# Message: Questionnaire17.jpg
Saccade L	1	1	7603155814	7603180730	24916	894.05	893.41	1037.67	886.70	2.87	225.16	0.52	115.00	8706.33	-8111.20	5496.07
Saccade R	1	1	7603155814	7603180730	24916	894.05	893.41	1037.67	886.70	2.87	225.16	0.52	115.00	8706.33	-8111.20	5496.07
Fixation L	1	1	7603180730	7603267125	86395	1021.26	885.88	28	23	-1	12.34	12.34
Fixation R	1	1	7603180730	7603267125	86395	1021.26	885.88	28	23	-1	13.26	13.26
Saccade L	1	2	7603267125	7603306936	39811	1024.18	886.24	988.24	909.28	1.27	43.22	0.55	32.00	1419.11	-1067.46	879.53
Saccade R	1	2	7603267125	7603306936	39811	1024.18	886.24	988.24	909.28	1.27	43.22	0.55	32.00	1419.11	-1067.46	879.53
Saccade L	1	3	7603315123	7603364122	48999	992.26	911.42	916.65	865.58	3.24	192.15	0.40	66.12	6815.27	-6158.21	3757.48
Saccade R	1	3	7603315123	7603364122	48999	992.26	911.42	916.65	865.58	3.24	192.15	0.40	66.12	6815.27	-6158.21	3757.48
Fixation L	1	2	7603364122	7603528840	164718	890.35	873.40	58	21	-1	12.41	12.41
Fixation R	1	2	7603364122	7603528840	164718	890.35	873.40	58	21	-1	13.44	13.44
Saccade L	1	4	7603528840	7603626962	98122	914.86	884.28	454.88	547.47	13.94	403.42	0.41	142.08	17020.56	-12298.50	6720.28
Saccade R	1	4	7603528840	7603626962	98122	914.86	884.28	454.88	547.47	13.94	403.42	0.41	142.08	17020.56	-12298.50	6720.28
Fixation L	1	3	7603626962	7603700977	74015	465.69	539.65	22	33	-1	12.26	12.26
Fixation R	1	3	7603626962	7603700977	74015	465.69	539.65	22	33	-1	12.81	12.81
Saccade L	1	5	7603700977	7603728972	27995	472.05	549.89	413.58	384.45	3.70	251.10	0.45	132.19	9525.41	-10807.57	7456.52
Saccade R	1	5	7603700977	7603728972	27995	472.05	549.89	413.58	384.45	3.70	251.10	0.45	132.19	9525.41	-10807.57	7456.52
Fixation L	1	4	7603728972	7604063118	334146	419.49	365.91	55	44	-1	11.80	11.80
Fixation R	1	4	7603728972	7604063118	334146	419.49	365.91	55	44	-1	12.54	12.54
Saccade L	1	6	7604063118	7604103077	39959	428.87	363.42	582.60	341.04	3.51	201.66	0.35	87.96	8080.57	-7398.45	5106.24
Saccade R	1	6	7604063118	7604103077	39959	428.87	363.42	582.60	341.04	3.51	201.66	0.35	87.96	8080.57	-7398.45	5106.24
Fixation L	1	5	7604103077	7604265205	162128	591.95	346.43	27	36	-1	11.92	11.92
Fixation R	1	5	7604103077	7604265205	162128	591.95	346.43	27	36	-1	12.71	12.71
Saccade L	1	7	7604265205	7604305249	40044	594.16	368.17	720.54	327.73	3.06	160.89	0.35	76.51	6681.23	-5721.28	4053.61
Saccade R	1	7	7604265205	7604305249	40044	594.16	368.17	720.54	327.73	3.06	160.89	0.35	76.51	6681.23	-5721.28	4053.61
Fixation L	1	6	7604305249	7604482023	176774	742.25	343.03	41	24	-1	12.12	12.12
Fixation R	1	6	7604305249	7604482023	176774	742.25	343.03	41	24	-1	13.06	13.06
Saccade L	1	8	7604482023	7604509327	27304	743.83	341.82	838.06	351.60	1.89	137.41	0.34	69.34	4905.99	-5010.52	3377.78
Saccade R	1	8	7604482023	7604509327	27304	743.83	341.82	838.06	351.60	1.89	137.41	0.34	69.34	4905.99	-5010.52	3377.78
Saccade L	1	9	7604516000	7604579323	63323	839.60	357.44	856.57	359.54	2.33	52.57	0.21	36.73	1525.38	-820.43	594.13
Saccade R	1	9	7604516000	7604579323	63323	839.60	357.44	856.57	359.54	2.33	52.57	0.21	36.73	1525.38	-820.43	594.13
Fixation L	1	7	7604597330	7604649355	52025	865.07	345.80	11	26	-1	12.32	12.32
Fixation R	1	7	7604597330	7604649355	52025	865.07	345.80	11	26	-1	13.24	13.24
Saccade L	1	10	7604649355	7604684481	35126	862.24	338.99	945.74	353.02	2.32	157.21	0.69	66.15	5546.35	-4481.32	3075.32
Saccade R	1	10	7604649355	7604684481	35126	862.24	338.99	945.74	353.02	2.32	157.21	0.69	66.15	5546.35	-4481.32	3075.32
Fixation L	1	8	7604703472	7604831514	128042	935.18	330.11	24	28	-1	12.49	12.49
Fixation R	1	8	7604703472	7604831514	128042	935.18	330.11	24	28	-1	13.29	13.29
Saccade L	1	11	7604831514	7604889457	57943	926.19	323.77	402.32	480.89	12.63	433.55	0.34	217.98	18683.06	-13246.92	11003.17
Saccade R	1	11	7604831514	7604889457	57943	926.19	323.77	402.32	480.89	12.63	433.55	0.34	217.98	18683.06	-13246.92	11003.17
Fixation L	1	9	7604889457	7605205711	316254	396.29	461.36	29	44	-1	12.87	12.87
Fixation R	1	9	7604889457	7605205711	316254	396.29	461.36	29	44	-1	13.59	13.59
Fixation L	1	10	7605225698	7605415671	189973	398.96	452.98	34	41	-1	12.63	12.63
Fixation R	1	10	7605225698	7605415671	189973	398.96	452.98	34	41	-1	13.52	13.52
Saccade L	1	12	7605415671	7605451797	36126	406.58	432.54	378.16	466.15	5.18	199.99	0.55	143.37	9454.11	-9263.80	7329.70
Saccade R	1	12	7605415671	7605451797	36126	406.58	432.54	378.16	466.15	5.18	199.99	0.55	143.37	9454.11	-9263.80	7329.70
Fixation L	1	11	7605451797	7605525798	74001	378.21	453.86	9	28	-1	12.67	12.67
Fixation R	1	11	7605451797	7605525798	74001	378.21	453.86	9	28	-1	13.36	13.36
Fixation L	1	12	7605545802	7606037654	491852	378.03	458.19	37	53	-1	12.60	12.60
Fixation R	1	12	7605545802	7606037654	491852	378.03	458.19	37	53	-1	13.37	13.37
UserEvent	1	68	7605977701	# Message: UE-mouseclick left x=410 y=435
Saccade L	1	13	7606037654	7606066044	28390	384.64	443.38	357.31	474.94	0.98	52.25	0.44	34.50	1513.64	-1749.55	1120.79
Saccade R	1	13	7606037654	7606066044	28390	384.64	443.38	357.31	474.94	0.98	52.25	0.44	34.50	1513.64	-1749.55	1120.79
Fixation L	1	13	7606066044	7606290189	224145	372.21	466.87	36	22	-1	12.49	12.49
Fixation R	1	13	7606066044	7606290189	224145	372.21	466.87	36	22	-1	13.39	13.39
Saccade L	1	14	7606290189	7606322171	31982	383.16	465.93	414.25	550.14	2.02	111.03	0.44	63.01	4409.01	-4470.87	3241.28
Saccade R	1	14	7606290189	7606322171	31982	383.16	465.93	414.25	550.14	2.02	111.03	0.44	63.01	4409.01	-4470.87	3241.28
Saccade L	1	15	7606353555	7606376182	22627	410.26	550.72	415.21	588.41	0.76	46.55	0.47	33.53	1793.49	-1368.38	1137.02
Saccade R	1	15	7606353555	7606376182	22627	410.26	550.72	415.21	588.41	0.76	46.55	0.47	33.53	1793.49	-1368.38	1137.02
Fixation L	1	14	7606376182	7606744268	368086	415.95	564.50	37	46	-1	12.59	12.59
Fixation R	1	14	7606376182	7606744268	368086	415.95	564.50	37	46	-1	13.57	13.57
UserEvent	1	86	7606674299	# Message: UE-mouseclick left x=417 y=525
