[BeGaze]
Converted from:	C:\Program Files\SMI\Experiment Suite 360\Experiment Center 2\Results\RC-Attachment-Exp\P17-eye_data.idf
Date:	18.03.2012 20:12:49
Version:	BeGaze 3.0.181
Sample Rate:	500
Subject:	P17
Description:	Run22

Table Header for Fixations:
Event Type	Trial	Number	Start	End	Duration	Location X	Location Y	Dispersion X	Dispersion Y	Plane	Avg. Pupil Size X	Avg. Pupil Size Y

Table Header for Saccades:
Event Type	Trial	Number	Start	End	Duration	Start Loc.X	Start Loc.Y	End Loc.X	End Loc.Y	Amplitude	Peak Speed	Peak Speed At	Average Speed	Peak Accel.	Peak Decel.	Average Accel.

Table Header for Blinks:
Event Type	Trial	Number	Start	End	Duration

Table Header for User Events:
Event Type	Trial	Number	Start	Description

UserEvent	1	1	15949819658	# Message: RC-N2forced-anim-1.jpg
Fixation L	1	1	15949821517	15950539682	718165	497.53	439.21	83	47	-1	12.56	12.56
Fixation R	1	1	15949821517	15950539682	718165	497.53	439.21	83	47	-1	12.23	12.23
Saccade L	1	1	15950539682	15950725708	186026	522.95	444.74	617.73	408.59	52.57	927.21	0.32	282.60	20028.86	-19467.72	7176.92
Saccade R	1	1	15950539682	15950725708	186026	522.95	444.74	617.73	408.59	52.57	927.21	0.32	282.60	20028.86	-19467.72	7176.92
Saccade L	1	2	15950733723	15950765916	32193	617.64	407.80	666.24	412.22	1.02	42.70	0.44	31.67	1440.48	-1288.75	943.16
Saccade R	1	2	15950733723	15950765916	32193	617.64	407.80	666.24	412.22	1.02	42.70	0.44	31.67	1440.48	-1288.75	943.16
Fixation L	1	2	15950765916	15950885814	119898	654.18	421.25	28	18	-1	12.27	12.27
Fixation R	1	2	15950765916	15950885814	119898	654.18	421.25	28	18	-1	11.83	11.83
Saccade L	1	3	15950885814	15950909812	23998	642.40	429.54	705.93	433.50	1.33	91.21	0.42	55.41	3269.09	-3621.12	2450.83
Saccade R	1	3	15950885814	15950909812	23998	642.40	429.54	705.93	433.50	1.33	91.21	0.42	55.41	3269.09	-3621.12	2450.83
Fixation L	1	3	15950909812	15951103925	194113	698.39	444.49	19	19	-1	12.84	12.84
Fixation R	1	3	15950909812	15951103925	194113	698.39	444.49	19	19	-1	12.26	12.26
Saccade L	1	4	15951103925	15951129970	26045	697.45	445.71	735.02	441.09	0.80	42.37	0.38	30.85	1734.31	-1230.12	1061.98
Saccade R	1	4	15951103925	15951129970	26045	697.45	445.71	735.02	441.09	0.80	42.37	0.38	30.85	1734.31	-1230.12	1061.98
Fixation L	1	4	15951129970	15951576084	446114	751.12	442.39	70	24	-1	12.69	12.69
Fixation R	1	4	15951129970	15951576084	446114	751.12	442.39	70	24	-1	12.12	12.12
Saccade L	1	5	15951576084	15951602772	26688	786.71	453.59	826.23	439.93	0.90	48.74	0.45	33.68	1663.79	-1737.67	1240.43
Saccade R	1	5	15951576084	15951602772	26688	786.71	453.59	826.23	439.93	0.90	48.74	0.45	33.68	1663.79	-1737.67	1240.43
Fixation L	1	5	15951602772	15951796148	193376	829.71	446.57	13	14	-1	12.43	12.43
Fixation R	1	5	15951602772	15951796148	193376	829.71	446.57	13	14	-1	12.26	12.26
Saccade L	1	6	15951796148	15951826164	30016	833.44	454.57	890.04	436.18	1.30	78.34	0.41	43.41	3068.61	-2756.01	2090.51
Saccade R	1	6	15951796148	15951826164	30016	833.44	454.57	890.04	436.18	1.30	78.34	0.41	43.41	3068.61	-2756.01	2090.51
Fixation L	1	6	15951826164	15952000302	174138	897.59	440.79	14	18	-1	12.82	12.82
Fixation R	1	6	15951826164	15952000302	174138	897.59	440.79	14	18	-1	12.36	12.36
Saccade L	1	7	15952000302	15952044827	44525	902.76	443.15	990.74	430.44	1.99	67.35	0.36	44.63	2597.29	-2091.52	1728.97
Saccade R	1	7	15952000302	15952044827	44525	902.76	443.15	990.74	430.44	1.99	67.35	0.36	44.63	2597.29	-2091.52	1728.97
Fixation L	1	7	15952044827	15952222390	177563	1000.23	433.19	17	8	-1	12.64	12.64
Fixation R	1	7	15952044827	15952222390	177563	1000.23	433.19	17	8	-1	12.20	12.20
Saccade L	1	8	15952222390	15952252420	30030	1003.88	432.90	1095.03	427.92	1.96	125.98	0.40	65.14	5266.94	-4501.71	3456.14
Saccade R	1	8	15952222390	15952252420	30030	1003.88	432.90	1095.03	427.92	1.96	125.98	0.40	65.14	5266.94	-4501.71	3456.14
Fixation L	1	8	15952252420	15952582491	330071	1123.45	429.57	40	38	-1	12.59	12.59
Fixation R	1	8	15952252420	15952582491	330071	1123.45	429.57	40	38	-1	12.00	12.00
Saccade L	1	9	15952582491	15952672506	90015	1134.74	415.87	907.84	930.38	13.56	340.90	0.31	150.69	14592.17	-13370.48	6640.13
Saccade R	1	9	15952582491	15952672506	90015	1134.74	415.87	907.84	930.38	13.56	340.90	0.31	150.69	14592.17	-13370.48	6640.13
Fixation L	1	9	15952672506	15953220720	548214	904.34	932.74	36	49	-1	14.04	14.04
Fixation R	1	9	15952672506	15953220720	548214	904.34	932.74	36	49	-1	13.17	13.17
