[BeGaze]
Converted from:	C:\Program Files\SMI\Experiment Suite 360\Experiment Center 2\Results\RC-Attachment-Exp\P30-eye_data.idf
Date:	18.03.2012 20:26:00
Version:	BeGaze 3.0.181
Sample Rate:	500
Subject:	P30
Description:	Run35

Table Header for Fixations:
Event Type	Trial	Number	Start	End	Duration	Location X	Location Y	Dispersion X	Dispersion Y	Plane	Avg. Pupil Size X	Avg. Pupil Size Y

Table Header for Saccades:
Event Type	Trial	Number	Start	End	Duration	Start Loc.X	Start Loc.Y	End Loc.X	End Loc.Y	Amplitude	Peak Speed	Peak Speed At	Average Speed	Peak Accel.	Peak Decel.	Average Accel.

Table Header for Blinks:
Event Type	Trial	Number	Start	End	Duration

Table Header for User Events:
Event Type	Trial	Number	Start	Description

UserEvent	1	1	4190312238	# Message: RC-N2forced-anim-4.jpg
Fixation L	1	1	4190312540	4190990682	678142	493.48	437.34	33	32	-1	13.72	13.72
Fixation R	1	1	4190312540	4190990682	678142	493.48	437.34	33	32	-1	12.90	12.90
Saccade L	1	1	4190990682	4191024680	33998	490.78	458.18	566.48	432.18	1.95	129.93	0.35	57.37	5184.00	-4627.92	3234.41
Saccade R	1	1	4190990682	4191024680	33998	490.78	458.18	566.48	432.18	1.95	129.93	0.35	57.37	5184.00	-4627.92	3234.41
Fixation L	1	2	4191024680	4191180677	155997	562.04	441.90	14	29	-1	13.95	13.95
Fixation R	1	2	4191024680	4191180677	155997	562.04	441.90	14	29	-1	13.20	13.20
Saccade L	1	2	4191180677	4191202678	22001	560.48	441.05	623.39	442.33	1.37	108.70	0.55	62.30	3835.96	-4040.98	2669.06
Saccade R	1	2	4191180677	4191202678	22001	560.48	441.05	623.39	442.33	1.37	108.70	0.55	62.30	3835.96	-4040.98	2669.06
Fixation L	1	3	4191202678	4191404795	202117	612.31	448.94	24	29	-1	13.78	13.78
Fixation R	1	3	4191202678	4191404795	202117	612.31	448.94	24	29	-1	13.09	13.09
Saccade L	1	3	4191404795	4191432826	28031	610.54	449.26	694.25	431.16	1.88	126.44	0.50	67.16	4959.94	-5172.52	3673.49
Saccade R	1	3	4191404795	4191432826	28031	610.54	449.26	694.25	431.16	1.88	126.44	0.50	67.16	4959.94	-5172.52	3673.49
Fixation L	1	4	4191432826	4191730918	298092	694.98	433.75	15	21	-1	13.76	13.76
Fixation R	1	4	4191432826	4191730918	298092	694.98	433.75	15	21	-1	13.28	13.28
Saccade L	1	4	4191730918	4191754919	24001	693.89	431.76	779.00	432.93	1.75	137.19	0.50	72.82	5527.46	-5476.97	3799.91
Saccade R	1	4	4191730918	4191754919	24001	693.89	431.76	779.00	432.93	1.75	137.19	0.50	72.82	5527.46	-5476.97	3799.91
Fixation L	1	5	4191754919	4192067299	312380	772.65	436.78	30	19	-1	13.80	13.80
Fixation R	1	5	4191754919	4192067299	312380	772.65	436.78	30	19	-1	13.32	13.32
Saccade L	1	5	4192067299	4192091036	23737	776.95	432.45	871.81	434.37	1.92	153.91	0.58	81.05	6245.05	-5600.18	4071.70
Saccade R	1	5	4192067299	4192091036	23737	776.95	432.45	871.81	434.37	1.92	153.91	0.58	81.05	6245.05	-5600.18	4071.70
Fixation L	1	6	4192091036	4192243312	152276	862.55	435.06	18	10	-1	13.69	13.69
Fixation R	1	6	4192091036	4192243312	152276	862.55	435.06	18	10	-1	13.24	13.24
Saccade L	1	6	4192243312	4192363158	119846	866.04	441.15	1021.65	375.34	73.47	2608.74	0.62	613.03	53119.70	-84289.27	23850.12
Saccade R	1	6	4192243312	4192363158	119846	866.04	441.15	1021.65	375.34	73.47	2608.74	0.62	613.03	53119.70	-84289.27	23850.12
Saccade L	1	7	4192373300	4192405349	32049	1029.41	380.22	909.23	407.49	2.59	167.65	0.44	80.84	6539.18	-6487.52	4627.97
Saccade R	1	7	4192373300	4192405349	32049	1029.41	380.22	909.23	407.49	2.59	167.65	0.44	80.84	6539.18	-6487.52	4627.97
Fixation L	1	7	4192405349	4192665399	260050	923.72	422.71	35	37	-1	13.77	13.77
Fixation R	1	7	4192405349	4192665399	260050	923.72	422.71	35	37	-1	13.15	13.15
Saccade L	1	8	4192665399	4192691416	26017	928.71	434.82	1035.34	436.38	2.23	162.86	0.47	85.56	6627.51	-6186.11	4647.41
Saccade R	1	8	4192665399	4192691416	26017	928.71	434.82	1035.34	436.38	2.23	162.86	0.47	85.56	6627.51	-6186.11	4647.41
Fixation L	1	8	4192691416	4193067513	376097	1033.21	426.69	25	19	-1	13.90	13.90
Fixation R	1	8	4192691416	4193067513	376097	1033.21	426.69	25	19	-1	13.33	13.33
Saccade L	1	9	4193067513	4193113530	46017	1035.09	420.70	1137.12	407.59	2.87	170.04	0.31	62.37	7342.70	-6512.47	3789.75
Saccade R	1	9	4193067513	4193113530	46017	1035.09	420.70	1137.12	407.59	2.87	170.04	0.31	62.37	7342.70	-6512.47	3789.75
Fixation L	1	9	4193113530	4193355643	242113	1138.96	429.86	16	35	-1	13.43	13.43
Fixation R	1	9	4193113530	4193355643	242113	1138.96	429.86	16	35	-1	13.03	13.03
Fixation L	1	10	4193375635	4193679879	304244	1118.56	429.71	24	23	-1	13.34	13.34
Fixation R	1	10	4193375635	4193679879	304244	1118.56	429.71	24	23	-1	12.93	12.93
Saccade L	1	10	4193679879	4193703932	24053	1108.40	439.56	1062.79	445.74	1.01	70.03	0.49	41.85	2818.34	-2715.25	1971.12
Saccade R	1	10	4193679879	4193703932	24053	1108.40	439.56	1062.79	445.74	1.01	70.03	0.49	41.85	2818.34	-2715.25	1971.12
Fixation L	1	11	4193703932	4193893884	189952	1058.29	420.95	17	39	-1	13.44	13.44
Fixation R	1	11	4193703932	4193893884	189952	1058.29	420.95	17	39	-1	12.81	12.81
Saccade L	1	11	4193893884	4193919889	26005	1052.23	408.08	1185.76	416.75	2.74	198.63	0.54	105.29	8394.51	-5940.93	5295.09
Saccade R	1	11	4193893884	4193919889	26005	1052.23	408.08	1185.76	416.75	2.74	198.63	0.54	105.29	8394.51	-5940.93	5295.09
Saccade L	1	12	4193919889	4193944021	24132	1185.76	416.75	1133.14	409.66	0.99	63.91	0.50	41.12	-351.87	-5410.13	2177.48
Saccade R	1	12	4193919889	4193944021	24132	1185.76	416.75	1133.14	409.66	0.99	63.91	0.50	41.12	-351.87	-5410.13	2177.48
Fixation L	1	12	4193944021	4194226121	282100	1137.55	425.22	13	26	-1	13.48	13.48
Fixation R	1	12	4193944021	4194226121	282100	1137.55	425.22	13	26	-1	13.02	13.02
Saccade L	1	13	4194226121	4194376119	149998	1142.69	431.58	911.48	1049.91	15.41	209.43	0.43	102.70	7263.11	-7351.75	2440.24
Saccade R	1	13	4194226121	4194376119	149998	1142.69	431.58	911.48	1049.91	15.41	209.43	0.43	102.70	7263.11	-7351.75	2440.24
Fixation L	1	13	4194376119	4194500244	124125	910.37	1045.47	9	21	-1	14.26	14.26
Fixation R	1	13	4194376119	4194500244	124125	910.37	1045.47	9	21	-1	13.90	13.90
Saccade L	1	14	4194500244	4194528302	28058	904.83	1031.91	860.69	976.64	1.53	95.34	0.43	54.56	3463.55	-3590.74	2596.54
Saccade R	1	14	4194500244	4194528302	28058	904.83	1031.91	860.69	976.64	1.53	95.34	0.43	54.56	3463.55	-3590.74	2596.54
Fixation L	1	14	4194528302	4195081340	553038	866.38	970.70	24	29	-1	14.78	14.78
Fixation R	1	14	4194528302	4195081340	553038	866.38	970.70	24	29	-1	14.20	14.20
Saccade L	1	15	4195081340	4195104480	23140	857.80	979.99	868.92	946.23	0.71	44.28	0.49	30.77	1768.86	-1642.38	1186.71
Saccade R	1	15	4195081340	4195104480	23140	857.80	979.99	868.92	946.23	0.71	44.28	0.49	30.77	1768.86	-1642.38	1186.71
