[BeGaze]
Converted from:	C:\Program Files\SMI\Experiment Suite 360\Experiment Center 2\Results\RC-Attachment-Exp\P06-eye_data.idf
Date:	18.03.2012 20:06:17
Version:	BeGaze 3.0.181
Sample Rate:	500
Subject:	P06
Description:	kibrisli

Table Header for Fixations:
Event Type	Trial	Number	Start	End	Duration	Location X	Location Y	Dispersion X	Dispersion Y	Plane	Avg. Pupil Size X	Avg. Pupil Size Y

Table Header for Saccades:
Event Type	Trial	Number	Start	End	Duration	Start Loc.X	Start Loc.Y	End Loc.X	End Loc.Y	Amplitude	Peak Speed	Peak Speed At	Average Speed	Peak Accel.	Peak Decel.	Average Accel.

Table Header for Blinks:
Event Type	Trial	Number	Start	End	Duration

Table Header for User Events:
Event Type	Trial	Number	Start	Description

UserEvent	1	1	7152085528	# Message: RC-N1forced-nonanim-4.jpg
Fixation L	1	1	7152086171	7152669682	583511	466.33	447.33	54	69	-1	12.29	12.29
Fixation R	1	1	7152086171	7152669682	583511	466.33	447.33	54	69	-1	12.54	12.54
Saccade L	1	1	7152669682	7152713883	44201	495.07	441.01	576.36	505.14	2.71	125.81	0.50	61.39	4625.37	-4351.11	2780.39
Saccade R	1	1	7152669682	7152713883	44201	495.07	441.01	576.36	505.14	2.71	125.81	0.50	61.39	4625.37	-4351.11	2780.39
Saccade L	1	2	7152761738	7152787697	25959	555.55	526.72	585.11	538.55	0.75	42.57	0.54	28.70	809.90	-1323.80	762.16
Saccade R	1	2	7152761738	7152787697	25959	555.55	526.72	585.11	538.55	0.75	42.57	0.54	28.70	809.90	-1323.80	762.16
Fixation L	1	2	7152787697	7152855682	67985	579.87	546.91	26	21	-1	12.22	12.22
Fixation R	1	2	7152787697	7152855682	67985	579.87	546.91	26	21	-1	12.55	12.55
Saccade L	1	3	7152887805	7152911686	23881	552.53	566.48	589.67	583.25	0.86	51.63	0.59	36.13	1996.51	-344.73	1057.67
Saccade R	1	3	7152887805	7152911686	23881	552.53	566.48	589.67	583.25	0.86	51.63	0.59	36.13	1996.51	-344.73	1057.67
Saccade L	1	4	7152911686	7152939805	28119	589.67	583.25	600.19	511.37	1.71	128.16	0.50	60.92	3236.82	-3906.79	2545.52
Saccade R	1	4	7152911686	7152939805	28119	589.67	583.25	600.19	511.37	1.71	128.16	0.50	60.92	3236.82	-3906.79	2545.52
Saccade L	1	5	7152947800	7153019843	72043	596.14	498.90	683.70	456.59	2.99	84.66	0.39	41.47	2612.39	-2487.64	1286.94
Saccade R	1	5	7152947800	7153019843	72043	596.14	498.90	683.70	456.59	2.99	84.66	0.39	41.47	2612.39	-2487.64	1286.94
Fixation L	1	3	7153019843	7153371924	352081	676.32	459.70	57	33	-1	12.33	12.33
Fixation R	1	3	7153019843	7153371924	352081	676.32	459.70	57	33	-1	12.65	12.65
Saccade L	1	6	7153371924	7153418092	46168	669.59	454.21	757.24	442.55	2.43	105.41	0.35	52.66	4000.71	-2748.06	2280.66
Saccade R	1	6	7153371924	7153418092	46168	669.59	454.21	757.24	442.55	2.43	105.41	0.35	52.66	4000.71	-2748.06	2280.66
Saccade L	1	7	7153462068	7153486017	23949	769.50	458.60	820.61	426.73	1.29	91.86	0.50	53.95	3279.72	-3297.81	2361.42
Saccade R	1	7	7153462068	7153486017	23949	769.50	458.60	820.61	426.73	1.29	91.86	0.50	53.95	3279.72	-3297.81	2361.42
Fixation L	1	4	7153486017	7153686166	200149	837.28	443.70	40	36	-1	12.58	12.58
Fixation R	1	4	7153486017	7153686166	200149	837.28	443.70	40	36	-1	12.81	12.81
Saccade L	1	8	7153686166	7153726164	39998	858.60	458.70	776.27	454.24	1.82	90.60	0.30	45.43	3556.90	-2963.28	2089.53
Saccade R	1	8	7153686166	7153726164	39998	858.60	458.70	776.27	454.24	1.82	90.60	0.30	45.43	3556.90	-2963.28	2089.53
Fixation L	1	5	7153726164	7153888954	162790	799.51	448.04	51	41	-1	12.57	12.57
Fixation R	1	5	7153726164	7153888954	162790	799.51	448.04	51	41	-1	12.86	12.86
Saccade L	1	9	7153888954	7153924511	35557	813.90	420.35	893.45	452.42	1.94	101.49	0.32	54.51	3792.72	-3509.50	2621.22
Saccade R	1	9	7153888954	7153924511	35557	813.90	420.35	893.45	452.42	1.94	101.49	0.32	54.51	3792.72	-3509.50	2621.22
Fixation L	1	6	7153924511	7154454396	529885	900.30	434.74	43	38	-1	13.15	13.15
Fixation R	1	6	7153924511	7154454396	529885	900.30	434.74	43	38	-1	13.19	13.19
Saccade L	1	10	7154454396	7154484398	30002	892.69	430.75	981.56	460.41	2.06	125.32	0.48	68.69	5189.27	-4628.30	3554.51
Saccade R	1	10	7154454396	7154484398	30002	892.69	430.75	981.56	460.41	2.06	125.32	0.48	68.69	5189.27	-4628.30	3554.51
Fixation L	1	7	7154484398	7154763241	278843	973.41	443.18	32	46	-1	13.29	13.29
Fixation R	1	7	7154484398	7154763241	278843	973.41	443.18	32	46	-1	13.48	13.48
Saccade L	1	11	7154763241	7154816645	53404	972.58	463.24	1043.25	433.12	2.30	100.41	0.62	43.11	3129.34	-3075.58	1755.66
Saccade R	1	11	7154763241	7154816645	53404	972.58	463.24	1043.25	433.12	2.30	100.41	0.62	43.11	3129.34	-3075.58	1755.66
Fixation L	1	8	7154816645	7154926987	110342	1033.65	442.10	19	47	-1	13.54	13.54
Fixation R	1	8	7154816645	7154926987	110342	1033.65	442.10	19	47	-1	13.51	13.51
Saccade L	1	12	7154926987	7154953577	26590	1039.26	441.79	1096.91	433.14	1.33	85.40	0.44	50.09	2950.64	-2807.04	2089.70
Saccade R	1	12	7154926987	7154953577	26590	1039.26	441.79	1096.91	433.14	1.33	85.40	0.44	50.09	2950.64	-2807.04	2089.70
Saccade L	1	13	7154996655	7155033887	37232	1114.81	412.00	1090.42	447.71	1.12	41.79	0.54	30.08	1184.80	-1204.91	861.78
Saccade R	1	13	7154996655	7155033887	37232	1114.81	412.00	1090.42	447.71	1.12	41.79	0.54	30.08	1184.80	-1204.91	861.78
Fixation L	1	9	7155033887	7155086754	52867	1103.27	429.09	23	47	-1	13.30	13.30
Fixation R	1	9	7155033887	7155086754	52867	1103.27	429.09	23	47	-1	13.50	13.50
Saccade L	1	14	7155086754	7155119128	32374	1109.51	405.17	1080.21	452.17	1.17	51.23	0.31	36.28	1461.28	-1491.82	1028.88
Saccade R	1	14	7155086754	7155119128	32374	1109.51	405.17	1080.21	452.17	1.17	51.23	0.31	36.28	1461.28	-1491.82	1028.88
Saccade L	1	15	7155124764	7155150761	25997	1082.85	452.70	1115.84	424.74	0.91	53.77	0.54	35.02	1579.78	-1455.85	1110.43
Saccade R	1	15	7155124764	7155150761	25997	1082.85	452.70	1115.84	424.74	0.91	53.77	0.54	35.02	1579.78	-1455.85	1110.43
Fixation L	1	10	7155150761	7155486715	335954	1066.14	404.40	1444	1114	-1	14.18	14.18
Saccade R	1	16	7155156763	7155340885	184122	1116.21	428.17	1124.03	461.46	81.28	2872.11	0.47	441.47	70311.21	-89280.47	17295.35
Fixation R	1	10	7155340885	7155486715	145830	1142.76	424.94	38	65	-1	13.55	13.55
Saccade L	1	16	7155486715	7155556103	69388	1151.06	415.33	540.84	470.87	14.84	409.64	0.24	213.89	17401.84	-12002.93	9238.28
Saccade R	1	17	7155486715	7155556103	69388	1151.06	415.33	540.84	470.87	14.84	409.64	0.24	213.89	17401.84	-12002.93	9238.28
Fixation L	1	11	7155556103	7155785000	228897	527.90	463.09	53	35	-1	13.99	13.99
Fixation R	1	11	7155556103	7155785000	228897	527.90	463.09	53	35	-1	13.72	13.72
Saccade L	1	17	7155785000	7155845127	60127	535.31	466.23	827.36	902.06	12.86	403.70	0.37	213.96	17113.94	-12527.36	9985.99
Saccade R	1	18	7155785000	7155845127	60127	535.31	466.23	827.36	902.06	12.86	403.70	0.37	213.96	17113.94	-12527.36	9985.99
Fixation L	1	12	7155845127	7156002128	157001	842.53	917.73	25	27	-1	13.76	13.76
Fixation R	1	12	7155845127	7156002128	157001	842.53	917.73	25	27	-1	14.04	14.04
Saccade L	1	18	7156002128	7156023139	21011	848.13	919.18	852.98	954.74	0.71	47.29	0.52	33.89	1995.12	-1750.26	1286.40
Saccade R	1	19	7156002128	7156023139	21011	848.13	919.18	852.98	954.74	0.71	47.29	0.52	33.89	1995.12	-1750.26	1286.40
Fixation L	1	13	7156023139	7156483362	460223	877.59	942.03	59	58	-1	13.62	13.62
Fixation R	1	13	7156023139	7156483362	460223	877.59	942.03	59	58	-1	13.86	13.86
