[BeGaze]
Converted from:	C:\Program Files\SMI\Experiment Suite 360\Experiment Center 2\Results\RC-Attachment-Exp\P19-eye_data.idf
Date:	18.03.2012 20:14:35
Version:	BeGaze 3.0.181
Sample Rate:	500
Subject:	P19
Description:	Run24

Table Header for Fixations:
Event Type	Trial	Number	Start	End	Duration	Location X	Location Y	Dispersion X	Dispersion Y	Plane	Avg. Pupil Size X	Avg. Pupil Size Y

Table Header for Saccades:
Event Type	Trial	Number	Start	End	Duration	Start Loc.X	Start Loc.Y	End Loc.X	End Loc.Y	Amplitude	Peak Speed	Peak Speed At	Average Speed	Peak Accel.	Peak Decel.	Average Accel.

Table Header for Blinks:
Event Type	Trial	Number	Start	End	Duration

Table Header for User Events:
Event Type	Trial	Number	Start	Description

UserEvent	1	1	18084983816	# Message: RC-nonforced-anim-2.jpg
Fixation L	1	1	18084985843	18085114999	129156	493.04	424.00	48	33	-1	12.43	12.43
Fixation R	1	1	18084985843	18085114999	129156	493.04	424.00	48	33	-1	12.24	12.24
Saccade L	1	1	18085114999	18085145458	30459	479.66	429.03	524.90	424.72	1.04	50.80	0.39	34.05	1747.08	-1301.31	1071.97
Saccade R	1	1	18085114999	18085145458	30459	479.66	429.03	524.90	424.72	1.04	50.80	0.39	34.05	1747.08	-1301.31	1071.97
Fixation L	1	2	18085145458	18085197354	51896	529.11	441.55	10	24	-1	12.49	12.49
Fixation R	1	2	18085145458	18085197354	51896	529.11	441.55	10	24	-1	12.30	12.30
Saccade L	1	2	18085197354	18085236913	39559	529.45	443.29	480.35	430.78	1.21	48.08	0.65	30.68	936.22	-689.28	666.79
Saccade R	1	2	18085197354	18085236913	39559	529.45	443.29	480.35	430.78	1.21	48.08	0.65	30.68	936.22	-689.28	666.79
Fixation L	1	3	18085258911	18085469673	210762	504.17	429.23	37	38	-1	12.42	12.42
Fixation R	1	3	18085258911	18085469673	210762	504.17	429.23	37	38	-1	12.31	12.31
Fixation L	1	4	18085525502	18085605990	80488	512.97	426.13	18	23	-1	12.52	12.52
Fixation R	1	4	18085525502	18085605990	80488	512.97	426.13	18	23	-1	12.42	12.42
Saccade L	1	3	18085701139	18085741133	39994	510.70	433.31	579.27	431.12	1.52	66.12	0.60	38.03	2004.52	-2553.94	1500.43
Saccade R	1	3	18085701139	18085741133	39994	510.70	433.31	579.27	431.12	1.52	66.12	0.60	38.03	2004.52	-2553.94	1500.43
Fixation L	1	5	18085741133	18085851232	110099	571.77	428.32	23	11	-1	12.49	12.49
Fixation R	1	5	18085741133	18085851232	110099	571.77	428.32	23	11	-1	12.59	12.59
Saccade L	1	4	18085851232	18085881251	30019	562.39	433.46	602.43	438.20	0.92	40.13	0.40	30.75	1478.38	-1296.32	1006.20
Saccade R	1	4	18085851232	18085881251	30019	562.39	433.46	602.43	438.20	0.92	40.13	0.40	30.75	1478.38	-1296.32	1006.20
Saccade L	1	5	18085897257	18085921253	23996	600.05	441.70	639.59	431.25	0.82	51.20	0.42	34.13	1825.27	-1801.71	1308.75
Saccade R	1	5	18085897257	18085921253	23996	600.05	441.70	639.59	431.25	0.82	51.20	0.42	34.13	1825.27	-1801.71	1308.75
Saccade L	1	6	18085967264	18085997298	30034	623.99	449.91	680.95	465.20	1.25	66.04	0.40	41.77	2086.10	-2324.71	1643.52
Saccade R	1	6	18085967264	18085997298	30034	623.99	449.91	680.95	465.20	1.25	66.04	0.40	41.77	2086.10	-2324.71	1643.52
Fixation L	1	6	18085997298	18086127252	129954	664.13	462.09	37	44	-1	12.66	12.66
Fixation R	1	6	18085997298	18086127252	129954	664.13	462.09	37	44	-1	12.54	12.54
Saccade L	1	7	18086127252	18086163376	36124	658.92	425.78	734.10	439.39	1.72	83.43	0.45	47.60	2255.32	-2828.01	1878.26
Saccade R	1	7	18086127252	18086163376	36124	658.92	425.78	734.10	439.39	1.72	83.43	0.45	47.60	2255.32	-2828.01	1878.26
Fixation L	1	7	18086163376	18086367364	203988	761.50	450.04	42	22	-1	12.87	12.87
Fixation R	1	7	18086163376	18086367364	203988	761.50	450.04	42	22	-1	12.72	12.72
Saccade L	1	8	18086367364	18086397716	30352	764.10	453.85	847.14	469.95	1.83	113.19	0.40	60.19	4676.43	-4280.24	3163.17
Saccade R	1	8	18086367364	18086397716	30352	764.10	453.85	847.14	469.95	1.83	113.19	0.40	60.19	4676.43	-4280.24	3163.17
Fixation L	1	8	18086397716	18086631533	233817	838.94	432.78	34	66	-1	13.34	13.34
Fixation R	1	8	18086397716	18086631533	233817	838.94	432.78	34	66	-1	13.17	13.17
Saccade L	1	9	18086631533	18086671973	40440	818.24	430.77	956.63	454.08	3.29	184.57	0.39	81.39	7219.83	-6972.31	4577.84
Saccade R	1	9	18086631533	18086671973	40440	818.24	430.77	956.63	454.08	3.29	184.57	0.39	81.39	7219.83	-6972.31	4577.84
Fixation L	1	9	18086671973	18086749617	77644	980.30	456.94	35	20	-1	13.38	13.38
Fixation R	1	9	18086671973	18086749617	77644	980.30	456.94	35	20	-1	13.27	13.27
Saccade L	1	10	18086749617	18086798759	49142	983.99	444.85	919.89	456.08	1.44	41.42	0.28	29.37	1194.48	-719.12	686.04
Saccade R	1	10	18086749617	18086798759	49142	983.99	444.85	919.89	456.08	1.44	41.42	0.28	29.37	1194.48	-719.12	686.04
Saccade L	1	11	18086831589	18086869595	38006	913.53	460.73	973.75	462.27	1.34	50.19	0.32	35.19	2022.53	-1492.26	1234.54
Saccade R	1	11	18086831589	18086869595	38006	913.53	460.73	973.75	462.27	1.34	50.19	0.32	35.19	2022.53	-1492.26	1234.54
Fixation L	1	10	18086869595	18086975707	106112	944.43	449.50	63	27	-1	13.35	13.35
Fixation R	1	10	18086869595	18086975707	106112	944.43	449.50	63	27	-1	13.15	13.15
Saccade L	1	12	18086975707	18087005711	30004	922.59	453.10	962.97	464.87	0.97	44.98	0.60	32.28	1688.12	-1660.15	1196.20
Saccade R	1	12	18086975707	18087005711	30004	922.59	453.10	962.97	464.87	0.97	44.98	0.60	32.28	1688.12	-1660.15	1196.20
Saccade L	1	13	18087031716	18087066074	34358	955.31	461.38	1061.46	446.09	2.32	128.70	0.41	67.48	5248.15	-5054.47	3769.34
Saccade R	1	13	18087031716	18087066074	34358	955.31	461.38	1061.46	446.09	2.32	128.70	0.41	67.48	5248.15	-5054.47	3769.34
Fixation L	1	11	18087066074	18087585929	519855	1086.05	457.24	41	35	-1	13.49	13.49
Fixation R	1	11	18087066074	18087585929	519855	1086.05	457.24	41	35	-1	13.19	13.19
Saccade L	1	14	18087585929	18087620000	34071	1085.22	453.67	1181.40	473.07	2.28	146.17	0.41	66.97	5691.28	-5358.38	3878.06
Saccade R	1	14	18087585929	18087620000	34071	1085.22	453.67	1181.40	473.07	2.28	146.17	0.41	66.97	5691.28	-5358.38	3878.06
Fixation L	1	12	18087620000	18087880047	260047	1172.79	475.25	47	47	-1	13.66	13.66
Fixation R	1	12	18087620000	18087880047	260047	1172.79	475.25	47	47	-1	13.30	13.30
Saccade L	1	15	18087880047	18087932045	51998	1151.43	502.91	731.26	480.07	9.39	315.65	0.38	180.64	13436.44	-11225.07	8774.82
Saccade R	1	15	18087880047	18087932045	51998	1151.43	502.91	731.26	480.07	9.39	315.65	0.38	180.64	13436.44	-11225.07	8774.82
Fixation L	1	13	18087932045	18088102176	170131	727.92	475.86	30	44	-1	13.76	13.76
Fixation R	1	13	18087932045	18088102176	170131	727.92	475.86	30	44	-1	13.31	13.31
Saccade L	1	16	18088102176	18088138168	35992	719.62	450.49	583.86	449.19	2.94	151.75	0.36	81.75	6346.46	-5578.50	4294.13
Saccade R	1	16	18088102176	18088138168	35992	719.62	450.49	583.86	449.19	2.94	151.75	0.36	81.75	6346.46	-5578.50	4294.13
Fixation L	1	14	18088138168	18088354277	216109	593.31	448.09	32	17	-1	13.58	13.58
Fixation R	1	14	18088138168	18088354277	216109	593.31	448.09	32	17	-1	13.20	13.20
Saccade L	1	17	18088354277	18088386273	31996	599.47	455.47	689.34	472.44	2.08	133.34	0.44	65.13	5380.10	-4952.03	3625.76
Saccade R	1	17	18088354277	18088386273	31996	599.47	455.47	689.34	472.44	2.08	133.34	0.44	65.13	5380.10	-4952.03	3625.76
Fixation L	1	15	18088386273	18088538268	151995	681.22	451.85	54	50	-1	13.29	13.29
Fixation R	1	15	18088386273	18088538268	151995	681.22	451.85	54	50	-1	13.11	13.11
Saccade L	1	18	18088538268	18088566405	28137	649.17	448.31	694.28	452.19	0.95	47.91	0.36	33.67	1280.93	-1468.69	1065.73
Saccade R	1	18	18088538268	18088566405	28137	649.17	448.31	694.28	452.19	0.95	47.91	0.36	33.67	1280.93	-1468.69	1065.73
Saccade L	1	19	18088586438	18088652397	65959	694.46	446.42	980.85	869.09	11.76	308.03	0.36	178.34	13175.87	-11268.96	7503.46
Saccade R	1	19	18088586438	18088652397	65959	694.46	446.42	980.85	869.09	11.76	308.03	0.36	178.34	13175.87	-11268.96	7503.46
Fixation L	1	16	18088652397	18088750679	98282	967.88	874.36	28	28	-1	13.43	13.43
Fixation R	1	16	18088652397	18088750679	98282	967.88	874.36	28	28	-1	13.49	13.49
Saccade L	1	20	18088750679	18088784406	33727	976.15	867.79	1013.63	903.45	1.13	47.63	0.35	33.44	1795.65	-1562.09	1176.02
Saccade R	1	20	18088750679	18088784406	33727	976.15	867.79	1013.63	903.45	1.13	47.63	0.35	33.44	1795.65	-1562.09	1176.02
Saccade L	1	21	18088796649	18088827084	30435	1015.96	904.50	946.19	923.91	1.56	84.94	0.52	51.33	3431.61	-3118.88	2413.89
Saccade R	1	21	18088796649	18088827084	30435	1015.96	904.50	946.19	923.91	1.56	84.94	0.52	51.33	3431.61	-3118.88	2413.89
Fixation L	1	17	18088827084	18089554004	726920	930.53	947.04	94	49	-1	13.44	13.44
Fixation R	1	17	18088827084	18089554004	726920	930.53	947.04	94	49	-1	13.36	13.36
Saccade L	1	22	18089554004	18089595763	41759	895.11	949.52	928.65	906.34	1.66	59.79	0.55	39.77	1410.28	-1634.54	1035.89
Saccade R	1	22	18089554004	18089595763	41759	895.11	949.52	928.65	906.34	1.66	59.79	0.55	39.77	1410.28	-1634.54	1035.89
Saccade L	1	23	18089638861	18089668726	29865	889.24	941.32	936.57	928.37	0.96	45.35	0.40	32.19	959.75	-1475.50	905.21
Saccade R	1	23	18089638861	18089668726	29865	889.24	941.32	936.57	928.37	0.96	45.35	0.40	32.19	959.75	-1475.50	905.21
Fixation L	1	18	18089668726	18089718845	50119	926.63	932.35	30	15	-1	13.44	13.44
Fixation R	1	18	18089668726	18089718845	50119	926.63	932.35	30	15	-1	13.32	13.32
