[BeGaze]
Converted from:	C:\Program Files\SMI\Experiment Suite 360\Experiment Center 2\Results\RC-Attachment-Exp\P11-eye_data.idf
Date:	18.03.2012 20:09:08
Version:	BeGaze 3.0.181
Sample Rate:	500
Subject:	P11
Description:	Run16

Table Header for Fixations:
Event Type	Trial	Number	Start	End	Duration	Location X	Location Y	Dispersion X	Dispersion Y	Plane	Avg. Pupil Size X	Avg. Pupil Size Y

Table Header for Saccades:
Event Type	Trial	Number	Start	End	Duration	Start Loc.X	Start Loc.Y	End Loc.X	End Loc.Y	Amplitude	Peak Speed	Peak Speed At	Average Speed	Peak Accel.	Peak Decel.	Average Accel.

Table Header for Blinks:
Event Type	Trial	Number	Start	End	Duration

Table Header for User Events:
Event Type	Trial	Number	Start	Description

UserEvent	1	1	10603537983	# Message: Questionnaire23.jpg
Fixation L	1	1	10603554270	10603891756	337486	881.42	968.95	51	33	-1	14.34	14.34
Fixation R	1	1	10603554270	10603891756	337486	881.42	968.95	51	33	-1	14.05	14.05
Saccade L	1	1	10603891756	10603995945	104189	871.94	982.16	510.35	378.90	22.89	732.99	0.31	219.72	32924.46	-23694.40	10099.02
Saccade R	1	1	10603891756	10603995945	104189	871.94	982.16	510.35	378.90	22.89	732.99	0.31	219.72	32924.46	-23694.40	10099.02
Saccade L	1	2	10604051749	10604078382	26633	481.70	386.38	517.08	393.79	1.35	98.08	0.30	50.81	2329.51	-3727.63	1897.76
Saccade R	1	2	10604051749	10604078382	26633	481.70	386.38	517.08	393.79	1.35	98.08	0.30	50.81	2329.51	-3727.63	1897.76
Saccade L	1	3	10604087753	10604131874	44121	518.18	395.01	452.58	346.88	2.41	137.63	0.27	54.64	5301.68	-4633.17	2694.95
Saccade R	1	3	10604087753	10604131874	44121	518.18	395.01	452.58	346.88	2.41	137.63	0.27	54.64	5301.68	-4633.17	2694.95
Fixation L	1	2	10604131874	10604203875	72001	439.24	320.31	38	50	-1	14.31	14.31
Fixation R	1	2	10604131874	10604203875	72001	439.24	320.31	38	50	-1	13.29	13.29
Saccade L	1	4	10604203875	10604245887	42012	409.64	297.23	438.74	365.44	2.05	105.04	0.29	48.84	3400.85	-3661.22	2111.13
Saccade R	1	4	10604203875	10604245887	42012	409.64	297.23	438.74	365.44	2.05	105.04	0.29	48.84	3400.85	-3661.22	2111.13
Saccade L	1	5	10604291900	10604333891	41991	454.81	345.52	639.77	335.23	4.03	149.06	0.62	95.92	6282.42	-6198.87	4526.57
Saccade R	1	5	10604291900	10604333891	41991	454.81	345.52	639.77	335.23	4.03	149.06	0.62	95.92	6282.42	-6198.87	4526.57
Saccade L	1	6	10604371890	10604394494	22604	623.32	356.15	654.09	346.14	0.67	42.77	0.44	29.77	1048.39	-985.11	759.43
Saccade R	1	6	10604371890	10604394494	22604	623.32	356.15	654.09	346.14	0.67	42.77	0.44	29.77	1048.39	-985.11	759.43
Fixation L	1	3	10604394494	10604488013	93519	640.27	362.52	28	27	-1	14.43	14.43
Fixation R	1	3	10604394494	10604488013	93519	640.27	362.52	28	27	-1	13.58	13.58
Saccade L	1	7	10604488013	10604537990	49977	641.05	355.40	794.07	364.25	3.47	130.19	0.28	69.39	5501.62	-3479.74	3046.17
Saccade R	1	7	10604488013	10604537990	49977	641.05	355.40	794.07	364.25	3.47	130.19	0.28	69.39	5501.62	-3479.74	3046.17
Fixation L	1	4	10604537990	10604748823	210833	798.35	367.51	31	25	-1	14.57	14.57
Fixation R	1	4	10604537990	10604748823	210833	798.35	367.51	31	25	-1	13.75	13.75
Saccade L	1	8	10604748823	10604772122	23299	798.81	366.25	851.58	373.35	1.10	75.30	0.40	47.05	2937.29	-2705.68	1963.68
Saccade R	1	8	10604748823	10604772122	23299	798.81	366.25	851.58	373.35	1.10	75.30	0.40	47.05	2937.29	-2705.68	1963.68
Blink L	1	1	10604798770	10604834123	35353
Blink R	1	1	10604798770	10604834123	35353
Saccade L	1	9	10604957118	10605000277	43159	856.46	366.47	655.58	377.58	4.36	175.75	0.44	101.10	7338.71	-6667.18	5038.26
Saccade R	1	9	10604957118	10605000277	43159	856.46	366.47	655.58	377.58	4.36	175.75	0.44	101.10	7338.71	-6667.18	5038.26
Fixation L	1	5	10605000277	10605262347	262070	666.28	368.40	61	28	-1	15.39	15.39
Fixation R	1	5	10605000277	10605262347	262070	666.28	368.40	61	28	-1	14.34	14.34
Saccade L	1	10	10605262347	10605316374	54027	695.67	369.24	434.27	437.65	6.01	205.87	0.41	111.24	8116.92	-5845.67	4895.20
Saccade R	1	10	10605262347	10605316374	54027	695.67	369.24	434.27	437.65	6.01	205.87	0.41	111.24	8116.92	-5845.67	4895.20
Fixation L	1	6	10605316374	10605486346	169972	435.36	435.84	15	22	-1	15.82	15.82
Fixation R	1	6	10605316374	10605486346	169972	435.36	435.84	15	22	-1	14.76	14.76
Saccade L	1	11	10605486346	10605508425	22079	431.24	427.91	414.57	470.19	1.01	76.14	0.55	45.62	2988.54	-3214.14	2039.70
Saccade R	1	11	10605486346	10605508425	22079	431.24	427.91	414.57	470.19	1.01	76.14	0.55	45.62	2988.54	-3214.14	2039.70
Fixation L	1	7	10605508425	10606362826	854401	403.63	473.82	54	57	-1	15.47	15.47
Fixation R	1	7	10605508425	10606362826	854401	403.63	473.82	54	57	-1	14.70	14.70
UserEvent	1	59	10605824431	# Message: UE-mouseclick left x=400 y=458
UserEvent	1	69	10606176472	# Message: UE-mouseclick left x=385 y=473
Saccade L	1	12	10606362826	10606400896	38070	409.30	455.36	388.98	484.32	1.21	48.85	0.32	31.80	1158.55	-891.24	742.41
Saccade R	1	12	10606362826	10606400896	38070	409.30	455.36	388.98	484.32	1.21	48.85	0.32	31.80	1158.55	-891.24	742.41
Fixation L	1	8	10606400896	10606492824	91928	391.27	470.04	8	24	-1	14.78	14.78
Fixation R	1	8	10606400896	10606492824	91928	391.27	470.04	8	24	-1	14.25	14.25
Saccade L	1	13	10606492824	10606530963	38139	390.15	459.51	398.77	500.26	1.16	44.51	0.63	30.53	1078.40	-1681.88	948.12
Saccade R	1	13	10606492824	10606530963	38139	390.15	459.51	398.77	500.26	1.16	44.51	0.63	30.53	1078.40	-1681.88	948.12
Fixation L	1	9	10606530963	10606839066	308103	402.29	511.86	21	25	-1	14.70	14.70
Fixation R	1	9	10606530963	10606839066	308103	402.29	511.86	21	25	-1	14.28	14.28
UserEvent	1	84	10606744486	# Message: UE-mouseclick left x=396 y=535
