[BeGaze]
Converted from:	C:\Program Files\SMI\Experiment Suite 360\Experiment Center 2\Results\RC-Attachment-Exp\P01-eye_data.idf
Date:	18.03.2012 20:02:49
Version:	BeGaze 3.0.181
Sample Rate:	500
Subject:	P01
Description:	Run1

Table Header for Fixations:
Event Type	Trial	Number	Start	End	Duration	Location X	Location Y	Dispersion X	Dispersion Y	Plane	Avg. Pupil Size X	Avg. Pupil Size Y

Table Header for Saccades:
Event Type	Trial	Number	Start	End	Duration	Start Loc.X	Start Loc.Y	End Loc.X	End Loc.Y	Amplitude	Peak Speed	Peak Speed At	Average Speed	Peak Accel.	Peak Decel.	Average Accel.

Table Header for Blinks:
Event Type	Trial	Number	Start	End	Duration

Table Header for User Events:
Event Type	Trial	Number	Start	Description

UserEvent	1	1	1914693781	# Message: RC-N1forced-anim-1.jpg
Fixation L	1	1	1914727384	1915169614	442230	468.97	478.51	22	47	-1	10.95	10.95
Fixation R	1	1	1914727384	1915169614	442230	468.97	478.51	22	47	-1	10.75	10.75
Saccade L	1	1	1915169614	1915201611	31997	465.27	482.97	552.56	485.67	1.91	125.60	0.51	59.84	4898.73	-5091.16	3660.30
Saccade R	1	1	1915169614	1915201611	31997	465.27	482.97	552.56	485.67	1.91	125.60	0.51	59.84	4898.73	-5091.16	3660.30
Fixation L	1	2	1915201611	1915373731	172120	549.95	478.04	19	18	-1	10.79	10.79
Fixation R	1	2	1915201611	1915373731	172120	549.95	478.04	19	18	-1	10.52	10.52
Saccade L	1	2	1915373731	1915399759	26028	543.94	477.14	616.26	487.67	1.63	121.81	0.46	62.63	4894.41	-4849.32	3544.36
Saccade R	1	2	1915373731	1915399759	26028	543.94	477.14	616.26	487.67	1.63	121.81	0.46	62.63	4894.41	-4849.32	3544.36
Fixation L	1	3	1915399759	1915629884	230125	618.76	481.43	16	27	-1	10.98	10.98
Fixation R	1	3	1915399759	1915629884	230125	618.76	481.43	16	27	-1	10.80	10.80
Saccade L	1	3	1915629884	1915681830	51946	622.75	476.94	711.18	486.38	2.14	107.93	0.62	41.24	4096.96	-4385.97	2386.15
Saccade R	1	3	1915629884	1915681830	51946	622.75	476.94	711.18	486.38	2.14	107.93	0.62	41.24	4096.96	-4385.97	2386.15
Fixation L	1	4	1915681830	1915862030	180200	720.42	485.35	17	27	-1	11.11	11.11
Fixation R	1	4	1915681830	1915862030	180200	720.42	485.35	17	27	-1	10.92	10.92
Saccade L	1	4	1915862030	1915903956	41926	716.89	494.59	789.77	475.10	2.16	129.84	0.38	51.53	5151.48	-4512.36	2974.97
Saccade R	1	4	1915862030	1915903956	41926	716.89	494.59	789.77	475.10	2.16	129.84	0.38	51.53	5151.48	-4512.36	2974.97
Fixation L	1	5	1915903956	1916013975	110019	807.05	473.72	59	16	-1	11.33	11.33
Fixation R	1	5	1915903956	1916013975	110019	807.05	473.72	59	16	-1	10.96	10.96
Saccade L	1	5	1916013975	1916047953	33978	837.93	468.96	775.07	464.08	1.27	64.42	0.65	37.39	2159.30	-1533.61	1314.39
Saccade R	1	5	1916013975	1916047953	33978	837.93	468.96	775.07	464.08	1.27	64.42	0.65	37.39	2159.30	-1533.61	1314.39
Saccade L	1	6	1916094070	1916117952	23882	848.38	463.05	824.60	492.85	0.76	47.54	0.50	31.77	689.92	-367.54	377.45
Saccade R	1	6	1916094070	1916117952	23882	848.38	463.05	824.60	492.85	0.76	47.54	0.50	31.77	689.92	-367.54	377.45
Saccade L	1	7	1916117952	1916182088	64136	824.60	492.85	826.86	473.83	2.42	66.03	0.25	37.80	1235.31	-1643.78	745.62
Saccade R	1	7	1916117952	1916182088	64136	824.60	492.85	826.86	473.83	2.42	66.03	0.25	37.80	1235.31	-1643.78	745.62
Saccade L	1	8	1916186074	1916246068	59994	827.99	474.63	809.04	494.46	1.91	73.98	0.21	31.85	2112.26	-1744.58	914.13
Saccade R	1	8	1916186074	1916246068	59994	827.99	474.63	809.04	494.46	1.91	73.98	0.21	31.85	2112.26	-1744.58	914.13
Saccade L	1	9	1916246068	1916286107	40039	809.04	494.46	779.64	465.45	0.99	40.79	0.75	24.71	632.58	-687.50	487.73
Saccade R	1	9	1916246068	1916286107	40039	809.04	494.46	779.64	465.45	0.99	40.79	0.75	24.71	632.58	-687.50	487.73
Fixation L	1	6	1916286107	1916382067	95960	795.53	465.79	31	19	-1	11.57	11.57
Fixation R	1	6	1916286107	1916382067	95960	795.53	465.79	31	19	-1	11.24	11.24
Saccade L	1	10	1916382067	1916428204	46137	794.96	458.27	710.04	455.98	2.08	120.48	0.57	45.10	4667.91	-4915.60	2902.14
Saccade R	1	10	1916382067	1916428204	46137	794.96	458.27	710.04	455.98	2.08	120.48	0.57	45.10	4667.91	-4915.60	2902.14
Fixation L	1	7	1916428204	1916482196	53992	717.08	464.80	17	17	-1	11.61	11.61
Fixation R	1	7	1916428204	1916482196	53992	717.08	464.80	17	17	-1	11.25	11.25
Blink L	1	1	1916482196	1916664203	182007
Blink R	1	1	1916482196	1916664203	182007
Fixation L	1	8	1916664203	1916752301	88098	800.16	489.61	14	15	-1	11.63	11.63
Fixation R	1	8	1916664203	1916752301	88098	800.16	489.61	14	15	-1	11.36	11.36
Saccade L	1	11	1916752301	1916804304	52003	798.38	485.64	891.24	494.19	2.38	136.15	0.35	45.79	5623.15	-5307.41	2924.85
Saccade R	1	11	1916752301	1916804304	52003	798.38	485.64	891.24	494.19	2.38	136.15	0.35	45.79	5623.15	-5307.41	2924.85
Fixation L	1	9	1916804304	1917070414	266110	885.49	499.60	35	25	-1	11.94	11.94
Fixation R	1	9	1916804304	1917070414	266110	885.49	499.60	35	25	-1	11.49	11.49
Saccade L	1	12	1917070414	1917100346	29932	897.06	490.66	994.00	489.09	2.15	152.48	0.53	71.66	6194.06	-6121.01	4483.77
Saccade R	1	12	1917070414	1917100346	29932	897.06	490.66	994.00	489.09	2.15	152.48	0.53	71.66	6194.06	-6121.01	4483.77
Fixation L	1	10	1917100346	1917354527	254181	1001.12	482.21	26	17	-1	11.81	11.81
Fixation R	1	10	1917100346	1917354527	254181	1001.12	482.21	26	17	-1	11.48	11.48
Saccade L	1	13	1917354527	1917386219	31692	1006.70	481.80	1099.38	485.09	2.23	139.43	0.38	70.51	5751.66	-5774.20	4194.64
Saccade R	1	13	1917354527	1917386219	31692	1006.70	481.80	1099.38	485.09	2.23	139.43	0.38	70.51	5751.66	-5774.20	4194.64
Fixation L	1	11	1917386219	1917622758	236539	1100.31	490.71	19	35	-1	11.76	11.76
Fixation R	1	11	1917386219	1917622758	236539	1100.31	490.71	19	35	-1	11.53	11.53
Blink L	1	2	1917622758	1917796775	174017
Blink R	1	2	1917622758	1917796775	174017
Fixation L	1	12	1917796775	1917920761	123986	946.67	484.67	8	12	-1	11.99	11.99
Fixation R	1	12	1917796775	1917920761	123986	946.67	484.67	8	12	-1	11.55	11.55
Saccade L	1	14	1917920761	1918010755	89994	948.14	488.79	569.18	485.03	9.11	321.33	0.33	101.20	14033.34	-11478.50	5794.79
Saccade R	1	14	1917920761	1918010755	89994	948.14	488.79	569.18	485.03	9.11	321.33	0.33	101.20	14033.34	-11478.50	5794.79
Fixation L	1	13	1918010755	1918135241	124486	590.67	496.31	38	22	-1	12.10	12.10
Fixation R	1	13	1918010755	1918135241	124486	590.67	496.31	38	22	-1	11.63	11.63
Saccade L	1	15	1918135241	1918164876	29635	603.82	494.24	535.53	500.17	1.66	118.63	0.60	55.89	4753.22	-4381.34	3304.16
Saccade R	1	15	1918135241	1918164876	29635	603.82	494.24	535.53	500.17	1.66	118.63	0.60	55.89	4753.22	-4381.34	3304.16
Fixation L	1	14	1918164876	1918476991	312115	530.02	485.01	25	27	-1	12.23	12.23
Fixation R	1	14	1918164876	1918476991	312115	530.02	485.01	25	27	-1	11.65	11.65
Saccade L	1	16	1918476991	1918551121	74130	527.98	489.14	942.65	922.18	16.24	379.92	0.33	219.07	16552.00	-12190.14	8932.09
Saccade R	1	16	1918476991	1918551121	74130	527.98	489.14	942.65	922.18	16.24	379.92	0.33	219.07	16552.00	-12190.14	8932.09
Saccade L	1	17	1918581526	1918673106	91580	931.52	928.51	945.28	928.88	2.77	57.15	0.30	30.28	1284.55	-1283.80	620.68
Saccade R	1	17	1918581526	1918673106	91580	931.52	928.51	945.28	928.88	2.77	57.15	0.30	30.28	1284.55	-1283.80	620.68
Saccade L	1	18	1918683121	1918730165	47044	945.56	932.31	954.48	938.14	11.03	441.27	0.52	234.36	20750.05	-20693.26	13696.26
Saccade R	1	18	1918683121	1918730165	47044	945.56	932.31	954.48	938.14	11.03	441.27	0.52	234.36	20750.05	-20693.26	13696.26
Fixation L	1	15	1918730165	1918837099	106934	945.53	926.44	20	25	-1	12.42	12.42
Fixation R	1	15	1918730165	1918837099	106934	945.53	926.44	20	25	-1	12.30	12.30
Saccade L	1	19	1918837099	1918887226	50127	956.54	916.60	925.07	949.69	38.21	2137.91	0.52	762.20	76250.36	-70948.42	43354.11
Saccade R	1	19	1918837099	1918887226	50127	956.54	916.60	925.07	949.69	38.21	2137.91	0.52	762.20	76250.36	-70948.42	43354.11
Fixation L	1	16	1918887226	1919251338	364112	924.96	947.21	38	33	-1	12.84	12.84
Fixation R	1	16	1918887226	1919251338	364112	924.96	947.21	38	33	-1	12.41	12.41
Saccade L	1	20	1919267339	1919305334	37995	937.16	957.82	913.22	907.29	2.34	139.44	0.32	61.60	4279.71	-3665.26	2131.62
Saccade R	1	20	1919267339	1919305334	37995	937.16	957.82	913.22	907.29	2.34	139.44	0.32	61.60	4279.71	-3665.26	2131.62
Saccade L	1	21	1919309333	1919351984	42651	912.18	908.00	872.08	956.44	1.38	48.90	0.47	32.28	1740.92	-1311.17	868.26
Saccade R	1	21	1919309333	1919351984	42651	912.18	908.00	872.08	956.44	1.38	48.90	0.47	32.28	1740.92	-1311.17	868.26
