[BeGaze]
Converted from:	C:\Program Files\SMI\Experiment Suite 360\Experiment Center 2\Results\RC-Attachment-Exp\P25-eye_data.idf
Date:	18.03.2012 20:20:14
Version:	BeGaze 3.0.181
Sample Rate:	500
Subject:	P25
Description:	Run30

Table Header for Fixations:
Event Type	Trial	Number	Start	End	Duration	Location X	Location Y	Dispersion X	Dispersion Y	Plane	Avg. Pupil Size X	Avg. Pupil Size Y

Table Header for Saccades:
Event Type	Trial	Number	Start	End	Duration	Start Loc.X	Start Loc.Y	End Loc.X	End Loc.Y	Amplitude	Peak Speed	Peak Speed At	Average Speed	Peak Accel.	Peak Decel.	Average Accel.

Table Header for Blinks:
Event Type	Trial	Number	Start	End	Duration

Table Header for User Events:
Event Type	Trial	Number	Start	Description

UserEvent	1	1	10910156936	# Message: RC-N1forced-nonanim-2.jpg
Fixation L	1	1	10910165106	10910240256	75150	504.78	439.39	35	22	-1	13.54	13.54
Fixation R	1	1	10910165106	10910240256	75150	504.78	439.39	35	22	-1	13.52	13.52
Saccade L	1	1	10910240256	10910263347	23091	487.73	430.67	512.22	466.00	0.81	47.42	0.40	35.15	1643.58	-1654.34	1246.76
Saccade R	1	1	10910240256	10910263347	23091	487.73	430.67	512.22	466.00	0.81	47.42	0.40	35.15	1643.58	-1654.34	1246.76
Fixation L	1	2	10910263347	10910375351	112004	501.88	447.94	19	29	-1	13.61	13.61
Fixation R	1	2	10910263347	10910375351	112004	501.88	447.94	19	29	-1	13.77	13.77
Saccade L	1	2	10910375351	10910405321	29970	510.82	444.33	469.61	431.92	1.09	51.04	0.48	36.36	1536.44	-2157.57	1294.32
Saccade R	1	2	10910375351	10910405321	29970	510.82	444.33	469.61	431.92	1.09	51.04	0.48	36.36	1536.44	-2157.57	1294.32
Fixation L	1	3	10910405321	10910487324	82003	472.96	429.86	16	5	-1	13.81	13.81
Fixation R	1	3	10910405321	10910487324	82003	472.96	429.86	16	5	-1	13.83	13.83
Saccade L	1	3	10910487324	10910511316	23992	467.99	427.79	570.70	435.66	2.19	170.37	0.50	91.28	7159.61	-6872.79	4835.07
Saccade R	1	3	10910487324	10910511316	23992	467.99	427.79	570.70	435.66	2.19	170.37	0.50	91.28	7159.61	-6872.79	4835.07
Fixation L	1	4	10910511316	10910733432	222116	559.82	424.89	19	27	-1	13.74	13.74
Fixation R	1	4	10910511316	10910733432	222116	559.82	424.89	19	27	-1	13.88	13.88
Saccade L	1	4	10910733432	10910785850	52418	553.37	414.20	654.98	450.53	2.91	125.87	0.58	55.56	3630.85	-4481.24	2537.92
Saccade R	1	4	10910733432	10910785850	52418	553.37	414.20	654.98	450.53	2.91	125.87	0.58	55.56	3630.85	-4481.24	2537.92
Fixation L	1	5	10910785850	10910941549	155699	647.80	452.96	27	20	-1	13.63	13.63
Fixation R	1	5	10910785850	10910941549	155699	647.80	452.96	27	20	-1	13.90	13.90
Saccade L	1	5	10910941549	10910971592	30043	636.86	457.16	764.88	431.09	2.80	186.11	0.42	93.23	7919.37	-7307.81	5461.35
Saccade R	1	5	10910941549	10910971592	30043	636.86	457.16	764.88	431.09	2.80	186.11	0.42	93.23	7919.37	-7307.81	5461.35
Fixation L	1	6	10910971592	10911133676	162084	783.83	433.71	35	26	-1	13.49	13.49
Fixation R	1	6	10910971592	10911133676	162084	783.83	433.71	35	26	-1	13.77	13.77
Saccade L	1	6	10911133676	10911169672	35996	774.01	423.64	853.53	431.71	1.73	82.99	0.44	48.11	3391.91	-2909.20	2334.13
Saccade R	1	6	10911133676	10911169672	35996	774.01	423.64	853.53	431.71	1.73	82.99	0.44	48.11	3391.91	-2909.20	2334.13
Fixation L	1	7	10911169672	10911395787	226115	858.56	439.22	29	30	-1	12.99	12.99
Fixation R	1	7	10911169672	10911395787	226115	858.56	439.22	29	30	-1	13.41	13.41
Saccade L	1	7	10911395787	10911419872	24085	864.92	446.12	926.64	441.80	1.29	98.55	0.50	53.58	3283.68	-3680.58	2443.59
Saccade R	1	7	10911395787	10911419872	24085	864.92	446.12	926.64	441.80	1.29	98.55	0.50	53.58	3283.68	-3680.58	2443.59
Fixation L	1	8	10911419872	10911958017	538145	941.39	421.47	35	38	-1	12.42	12.42
Fixation R	1	8	10911419872	10911958017	538145	941.39	421.47	35	38	-1	12.85	12.85
Saccade L	1	8	10911958017	10912010013	51996	951.46	422.55	1054.35	442.39	3.06	132.19	0.42	58.95	5669.12	-4548.40	3031.59
Saccade R	1	8	10911958017	10912010013	51996	951.46	422.55	1054.35	442.39	3.06	132.19	0.42	58.95	5669.12	-4548.40	3031.59
Fixation L	1	9	10912010013	10912152053	142040	1030.34	445.79	63	27	-1	12.52	12.52
Fixation R	1	9	10912010013	10912152053	142040	1030.34	445.79	63	27	-1	12.72	12.72
Saccade L	1	9	10912152053	10912180165	28112	993.44	463.15	1038.77	452.72	0.95	48.70	0.50	33.93	1732.79	-1419.01	1187.43
Saccade R	1	9	10912152053	10912180165	28112	993.44	463.15	1038.77	452.72	0.95	48.70	0.50	33.93	1732.79	-1419.01	1187.43
Fixation L	1	10	10912180165	10912388132	207967	1028.24	465.44	55	25	-1	12.57	12.57
Fixation R	1	10	10912180165	10912388132	207967	1028.24	465.44	55	25	-1	12.76	12.76
Saccade L	1	10	10912388132	10912420288	32156	1016.23	473.98	1105.82	458.99	1.94	117.63	0.50	60.22	4837.30	-4503.37	3393.72
Saccade R	1	10	10912388132	10912420288	32156	1016.23	473.98	1105.82	458.99	1.94	117.63	0.50	60.22	4837.30	-4503.37	3393.72
Fixation L	1	11	10912420288	10912574250	153962	1111.68	449.50	22	22	-1	12.77	12.77
Fixation R	1	11	10912420288	10912574250	153962	1111.68	449.50	22	22	-1	13.03	13.03
Blink L	1	1	10912574250	10912746465	172215
Blink R	1	1	10912574250	10912746465	172215
Saccade L	1	11	10912756380	10912822367	65987	841.69	865.79	886.00	928.94	2.12	46.09	0.30	32.06	1372.66	-990.32	768.31
Saccade R	1	11	10912756380	10912822367	65987	841.69	865.79	886.00	928.94	2.12	46.09	0.30	32.06	1372.66	-990.32	768.31
Fixation L	1	12	10912822367	10913050481	228114	864.78	940.82	40	36	-1	13.33	13.33
Fixation R	1	12	10912822367	10913050481	228114	864.78	940.82	40	36	-1	13.70	13.70
Saccade L	1	12	10913050481	10913076493	26012	863.53	949.48	898.24	947.56	0.82	44.28	0.46	31.42	1156.81	-1680.93	994.24
Saccade R	1	12	10913050481	10913076493	26012	863.53	949.48	898.24	947.56	0.82	44.28	0.46	31.42	1156.81	-1680.93	994.24
Fixation L	1	13	10913076493	10913300597	224104	886.53	954.45	44	41	-1	12.98	12.98
Fixation R	1	13	10913076493	10913300597	224104	886.53	954.45	44	41	-1	13.43	13.43
Saccade L	1	13	10913300597	10913327172	26575	906.84	981.06	903.43	942.55	0.89	47.55	0.46	33.42	1692.08	-1894.04	1289.11
Saccade R	1	13	10913300597	10913327172	26575	906.84	981.06	903.43	942.55	0.89	47.55	0.46	33.42	1692.08	-1894.04	1289.11
Fixation L	1	14	10913327172	10913556887	229715	913.38	949.19	25	18	-1	12.81	12.81
Fixation R	1	14	10913327172	10913556887	229715	913.38	949.19	25	18	-1	13.23	13.23
