[BeGaze]
Converted from:	C:\Program Files\SMI\Experiment Suite 360\Experiment Center 2\Results\RC-Attachment-Exp\P08-eye_data.idf
Date:	18.03.2012 20:07:11
Version:	BeGaze 3.0.181
Sample Rate:	500
Subject:	P08
Description:	Run13

Table Header for Fixations:
Event Type	Trial	Number	Start	End	Duration	Location X	Location Y	Dispersion X	Dispersion Y	Plane	Avg. Pupil Size X	Avg. Pupil Size Y

Table Header for Saccades:
Event Type	Trial	Number	Start	End	Duration	Start Loc.X	Start Loc.Y	End Loc.X	End Loc.Y	Amplitude	Peak Speed	Peak Speed At	Average Speed	Peak Accel.	Peak Decel.	Average Accel.

Table Header for Blinks:
Event Type	Trial	Number	Start	End	Duration

Table Header for User Events:
Event Type	Trial	Number	Start	Description

UserEvent	1	1	11840665944	# Message: RC-nonforced-nonanim-3.jpg
Fixation L	1	1	11840667853	11841210527	542674	517.73	500.83	271	224	-1	15.69	15.69
Fixation R	1	1	11840726301	11841210527	484226	519.38	502.67	72	44	-1	15.00	15.00
Saccade L	1	1	11841210527	11841252513	41986	544.02	494.27	628.57	500.26	1.85	92.38	0.33	44.07	4105.05	-3420.14	2577.89
Saccade R	1	1	11841210527	11841252513	41986	544.02	494.27	628.57	500.26	1.85	92.38	0.33	44.07	4105.05	-3420.14	2577.89
Fixation L	1	2	11841252513	11841382628	130115	626.86	494.36	10	13	-1	15.38	15.38
Fixation R	1	2	11841252513	11841382628	130115	626.86	494.36	10	13	-1	14.68	14.68
Saccade L	1	2	11841382628	11841420632	38004	618.74	488.00	673.58	507.13	1.24	62.79	0.46	32.52	2456.24	-2331.74	1736.73
Saccade R	1	2	11841382628	11841420632	38004	618.74	488.00	673.58	507.13	1.24	62.79	0.46	32.52	2456.24	-2331.74	1736.73
Fixation L	1	3	11841420632	11841582783	162151	668.72	501.18	21	25	-1	14.98	14.98
Fixation R	1	3	11841420632	11841582783	162151	668.72	501.18	21	25	-1	14.28	14.28
Saccade L	1	3	11841582783	11841616759	33976	665.38	487.72	728.99	499.59	1.37	82.98	0.35	40.42	3527.80	-3172.04	2270.34
Saccade R	1	3	11841582783	11841616759	33976	665.38	487.72	728.99	499.59	1.37	82.98	0.35	40.42	3527.80	-3172.04	2270.34
Fixation L	1	4	11841616759	11842082864	466105	731.97	497.18	21	30	-1	14.11	14.11
Fixation R	1	4	11841616759	11842082864	466105	731.97	497.18	21	30	-1	13.61	13.61
Saccade L	1	4	11842082864	11842150238	67374	731.38	487.74	810.68	487.46	2.13	85.41	0.33	31.57	3222.35	-2898.55	1556.87
Saccade R	1	4	11842082864	11842150238	67374	731.38	487.74	810.68	487.46	2.13	85.41	0.33	31.57	3222.35	-2898.55	1556.87
Fixation L	1	5	11842150238	11842459107	308869	811.48	499.11	25	32	-1	13.68	13.68
Fixation R	1	5	11842150238	11842459107	308869	811.48	499.11	25	32	-1	13.24	13.24
Saccade L	1	5	11842459107	11842497166	38059	821.01	518.79	884.53	506.32	1.40	75.04	0.38	36.91	3098.20	-2684.30	1997.36
Saccade R	1	5	11842459107	11842497166	38059	821.01	518.79	884.53	506.32	1.40	75.04	0.38	36.91	3098.20	-2684.30	1997.36
Fixation L	1	6	11842497166	11842711134	213968	877.64	495.03	18	31	-1	13.26	13.26
Fixation R	1	6	11842497166	11842711134	213968	877.64	495.03	18	31	-1	12.99	12.99
Saccade L	1	6	11842711134	11842753252	42118	869.55	484.53	974.27	485.82	2.20	115.97	0.34	52.30	4970.71	-4273.19	3094.53
Saccade R	1	6	11842711134	11842753252	42118	869.55	484.53	974.27	485.82	2.20	115.97	0.34	52.30	4970.71	-4273.19	3094.53
Fixation L	1	7	11842753252	11842907223	153971	972.62	485.72	18	23	-1	13.28	13.28
Fixation R	1	7	11842753252	11842907223	153971	972.62	485.72	18	23	-1	13.08	13.08
Saccade L	1	7	11842907223	11842945352	38129	984.35	497.69	1039.56	480.85	1.27	63.85	0.42	33.43	2369.05	-2525.23	1750.25
Saccade R	1	7	11842907223	11842945352	38129	984.35	497.69	1039.56	480.85	1.27	63.85	0.42	33.43	2369.05	-2525.23	1750.25
Fixation L	1	8	11842945352	11843123493	178141	1039.48	484.90	14	23	-1	13.63	13.63
Fixation R	1	8	11842945352	11843123493	178141	1039.48	484.90	14	23	-1	13.20	13.20
Saccade L	1	8	11843123493	11843175502	52009	1040.29	488.89	1095.51	488.22	1.36	49.73	0.54	26.07	1634.49	-1683.80	1027.33
Saccade R	1	8	11843123493	11843175502	52009	1040.29	488.89	1095.51	488.22	1.36	49.73	0.54	26.07	1634.49	-1683.80	1027.33
Fixation L	1	9	11843175502	11843501602	326100	1101.37	482.38	24	24	-1	13.42	13.42
Fixation R	1	9	11843175502	11843501602	326100	1101.37	482.38	24	24	-1	13.08	13.08
Saccade L	1	9	11843501602	11843585656	84054	1107.40	480.94	562.55	473.74	12.40	359.01	0.40	147.51	15330.00	-10897.78	7224.62
Saccade R	1	9	11843501602	11843585656	84054	1107.40	480.94	562.55	473.74	12.40	359.01	0.40	147.51	15330.00	-10897.78	7224.62
Fixation L	1	10	11843585656	11843827750	242094	562.46	470.20	18	20	-1	14.25	14.25
Fixation R	1	10	11843585656	11843827750	242094	562.46	470.20	18	20	-1	13.47	13.47
Saccade L	1	10	11843827750	11843855727	27977	569.11	468.74	620.70	496.28	1.30	90.13	0.50	46.53	3727.90	-3487.20	2649.34
Saccade R	1	10	11843827750	11843855727	27977	569.11	468.74	620.70	496.28	1.30	90.13	0.50	46.53	3727.90	-3487.20	2649.34
Fixation L	1	11	11843855727	11844051973	196246	633.99	487.30	28	18	-1	14.56	14.56
Fixation R	1	11	11843855727	11844051973	196246	633.99	487.30	28	18	-1	13.86	13.86
Saccade L	1	11	11844051973	11844087834	35861	621.29	491.45	724.70	509.64	2.32	142.06	0.55	64.58	5746.26	-5704.06	4042.81
Saccade R	1	11	11844051973	11844087834	35861	621.29	491.45	724.70	509.64	2.32	142.06	0.55	64.58	5746.26	-5704.06	4042.81
Fixation L	1	12	11844087834	11844301372	213538	726.70	489.92	20	29	-1	14.73	14.73
Fixation R	1	12	11844087834	11844301372	213538	726.70	489.92	20	29	-1	14.04	14.04
Saccade L	1	12	11844301372	11844354096	52724	740.95	501.11	818.48	499.05	1.82	82.96	0.25	34.48	3270.58	-2936.31	1735.07
Saccade R	1	12	11844301372	11844354096	52724	740.95	501.11	818.48	499.05	1.82	82.96	0.25	34.48	3270.58	-2936.31	1735.07
Fixation L	1	13	11844354096	11844493972	139876	817.67	506.35	14	16	-1	14.40	14.40
Fixation R	1	13	11844354096	11844493972	139876	817.67	506.35	14	16	-1	14.06	14.06
Saccade L	1	13	11844493972	11844534147	40175	811.94	500.93	904.73	514.54	2.08	111.52	0.35	51.66	4811.96	-4283.37	3016.25
Saccade R	1	13	11844493972	11844534147	40175	811.94	500.93	904.73	514.54	2.08	111.52	0.35	51.66	4811.96	-4283.37	3016.25
Fixation L	1	14	11844534147	11844664146	129999	909.46	516.13	16	12	-1	14.69	14.69
Fixation R	1	14	11844534147	11844664146	129999	909.46	516.13	16	12	-1	14.17	14.17
Saccade L	1	14	11844664146	11844704791	40645	904.09	510.69	989.65	495.82	1.92	112.47	0.42	47.23	4664.00	-4294.16	2961.50
Saccade R	1	14	11844664146	11844704791	40645	904.09	510.69	989.65	495.82	1.92	112.47	0.42	47.23	4664.00	-4294.16	2961.50
Fixation L	1	15	11844704791	11844794248	89457	986.92	501.82	11	14	-1	14.78	14.78
Fixation R	1	15	11844704791	11844794248	89457	986.92	501.82	11	14	-1	14.27	14.27
Blink L	1	1	11844794248	11844974219	179971
Blink R	1	1	11844794248	11844974219	179971
Saccade L	1	15	11844974219	11845018466	44247	992.36	948.93	906.03	937.81	2.06	94.67	0.32	46.48	2524.83	-2856.83	1526.55
Saccade R	1	15	11844974219	11845018466	44247	992.36	948.93	906.03	937.81	2.06	94.67	0.32	46.48	2524.83	-2856.83	1526.55
Fixation L	1	16	11845018466	11845434433	415967	897.63	926.71	37	33	-1	14.47	14.47
Fixation R	1	16	11845018466	11845434433	415967	897.63	926.71	37	33	-1	14.56	14.56
