[BeGaze]
Converted from:	C:\Program Files\SMI\Experiment Suite 360\Experiment Center 2\Results\RC-Attachment-Exp\P26-eye_data.idf
Date:	18.03.2012 20:21:30
Version:	BeGaze 3.0.181
Sample Rate:	500
Subject:	P26
Description:	Run31

Table Header for Fixations:
Event Type	Trial	Number	Start	End	Duration	Location X	Location Y	Dispersion X	Dispersion Y	Plane	Avg. Pupil Size X	Avg. Pupil Size Y

Table Header for Saccades:
Event Type	Trial	Number	Start	End	Duration	Start Loc.X	Start Loc.Y	End Loc.X	End Loc.Y	Amplitude	Peak Speed	Peak Speed At	Average Speed	Peak Accel.	Peak Decel.	Average Accel.

Table Header for Blinks:
Event Type	Trial	Number	Start	End	Duration

Table Header for User Events:
Event Type	Trial	Number	Start	Description

UserEvent	1	1	12833079838	# Message: Dist-srthm-21.jpg
Fixation L	1	1	12833081373	12833705273	623900	556.66	459.60	36	35	-1	10.28	10.28
Fixation R	1	1	12833081373	12833705273	623900	556.66	459.60	36	35	-1	10.06	10.06
Saccade L	1	1	12833705273	12833731261	25988	561.94	464.46	610.16	473.43	1.00	59.11	0.46	38.36	2297.32	-2154.46	1591.70
Saccade R	1	1	12833705273	12833731261	25988	561.94	464.46	610.16	473.43	1.00	59.11	0.46	38.36	2297.32	-2154.46	1591.70
Fixation L	1	2	12833731261	12834183489	452228	614.05	462.88	26	26	-1	10.37	10.37
Fixation R	1	2	12833731261	12834183489	452228	614.05	462.88	26	26	-1	10.34	10.34
Saccade L	1	2	12834183489	12834217492	34003	600.93	461.75	707.09	458.14	2.24	124.87	0.41	65.92	4994.01	-4464.12	3407.24
Saccade R	1	2	12834183489	12834217492	34003	600.93	461.75	707.09	458.14	2.24	124.87	0.41	65.92	4994.01	-4464.12	3407.24
Fixation L	1	3	12834217492	12834389611	172119	712.01	449.48	12	17	-1	10.48	10.48
Fixation R	1	3	12834217492	12834389611	172119	712.01	449.48	12	17	-1	10.52	10.52
Saccade L	1	3	12834389611	12834419076	29465	717.40	448.28	707.84	489.93	0.92	43.55	0.34	31.27	1790.30	-1325.89	1106.02
Saccade R	1	3	12834389611	12834419076	29465	717.40	448.28	707.84	489.93	0.92	43.55	0.34	31.27	1790.30	-1325.89	1106.02
Fixation L	1	4	12834419076	12834509608	90532	715.24	491.96	13	27	-1	10.43	10.43
Fixation R	1	4	12834419076	12834509608	90532	715.24	491.96	13	27	-1	10.38	10.38
Saccade L	1	4	12834509608	12834539734	30126	714.05	471.51	795.09	478.63	1.79	109.94	0.47	59.49	4232.58	-4306.42	3120.34
Saccade R	1	4	12834509608	12834539734	30126	714.05	471.51	795.09	478.63	1.79	109.94	0.47	59.49	4232.58	-4306.42	3120.34
Fixation L	1	5	12834539734	12834747721	207987	792.77	477.84	11	26	-1	10.33	10.33
Fixation R	1	5	12834539734	12834747721	207987	792.77	477.84	11	26	-1	10.23	10.23
Saccade L	1	5	12834747721	12834773726	26005	789.79	489.54	851.33	483.54	1.29	80.82	0.46	49.56	3468.49	-3011.96	2357.43
Saccade R	1	5	12834747721	12834773726	26005	789.79	489.54	851.33	483.54	1.29	80.82	0.46	49.56	3468.49	-3011.96	2357.43
Fixation L	1	6	12834773726	12834973858	200132	853.48	488.12	26	55	-1	10.40	10.40
Fixation R	1	6	12834773726	12834973858	200132	853.48	488.12	26	55	-1	10.23	10.23
Saccade L	1	6	12834973858	12834999849	25991	859.44	457.24	897.00	451.10	0.81	41.32	0.54	31.07	1632.68	-1646.77	1144.05
Saccade R	1	6	12834973858	12834999849	25991	859.44	457.24	897.00	451.10	0.81	41.32	0.54	31.07	1632.68	-1646.77	1144.05
Fixation L	1	7	12834999849	12835393039	393190	901.50	454.41	16	34	-1	10.54	10.54
Fixation R	1	7	12834999849	12835393039	393190	901.50	454.41	16	34	-1	10.27	10.27
Fixation L	1	8	12835412097	12835548091	135994	925.03	441.70	23	18	-1	10.66	10.66
Fixation R	1	8	12835412097	12835548091	135994	925.03	441.70	23	18	-1	10.26	10.26
Saccade L	1	7	12835548091	12835578074	29983	927.10	450.53	990.56	463.74	1.41	79.15	0.47	46.86	3222.88	-2922.28	2173.38
Saccade R	1	7	12835548091	12835578074	29983	927.10	450.53	990.56	463.74	1.41	79.15	0.47	46.86	3222.88	-2922.28	2173.38
Fixation L	1	9	12835578074	12835826198	248124	983.36	467.29	18	28	-1	10.61	10.61
Fixation R	1	9	12835578074	12835826198	248124	983.36	467.29	18	28	-1	10.47	10.47
Saccade L	1	8	12835826198	12835857434	31236	973.84	462.40	1042.42	440.30	1.68	88.25	0.38	53.90	3685.02	-3544.15	2689.70
Saccade R	1	8	12835826198	12835857434	31236	973.84	462.40	1042.42	440.30	1.68	88.25	0.38	53.90	3685.02	-3544.15	2689.70
Fixation L	1	10	12835857434	12836110432	252998	1049.62	434.10	20	38	-1	10.44	10.44
Fixation R	1	10	12835857434	12836110432	252998	1049.62	434.10	20	38	-1	10.03	10.03
Saccade L	1	9	12836110432	12836138315	27883	1052.14	434.44	1106.07	452.93	1.25	68.95	0.43	44.88	2554.95	-2618.46	1846.86
Saccade R	1	9	12836110432	12836138315	27883	1052.14	434.44	1106.07	452.93	1.25	68.95	0.43	44.88	2554.95	-2618.46	1846.86
Fixation L	1	11	12836138315	12836296426	158111	1101.77	464.78	17	28	-1	10.35	10.35
Fixation R	1	11	12836138315	12836296426	158111	1101.77	464.78	17	28	-1	10.12	10.12
Saccade L	1	10	12836296426	12836322436	26010	1100.76	462.13	1120.04	436.29	0.76	41.08	0.54	29.09	1308.85	-1430.73	958.07
Saccade R	1	10	12836296426	12836322436	26010	1100.76	462.13	1120.04	436.29	0.76	41.08	0.54	29.09	1308.85	-1430.73	958.07
Fixation L	1	12	12836322436	12836582538	260102	1131.46	433.20	23	26	-1	10.46	10.46
Fixation R	1	12	12836322436	12836582538	260102	1131.46	433.20	23	26	-1	9.79	9.79
Saccade L	1	11	12836582538	12836656738	74200	1133.40	447.26	918.50	961.91	13.18	261.68	0.46	177.69	11303.28	-9393.66	5835.42
Saccade R	1	11	12836582538	12836656738	74200	1133.40	447.26	918.50	961.91	13.18	261.68	0.46	177.69	11303.28	-9393.66	5835.42
Fixation L	1	13	12836656738	12836760658	103920	913.26	955.99	23	27	-1	10.78	10.78
Fixation R	1	13	12836656738	12836760658	103920	913.26	955.99	23	27	-1	10.31	10.31
Saccade L	1	12	12836760658	12836788005	27347	900.97	966.27	956.43	912.09	1.66	111.00	0.47	60.88	4356.23	-4015.38	3090.68
Saccade R	1	12	12836760658	12836788005	27347	900.97	966.27	956.43	912.09	1.66	111.00	0.47	60.88	4356.23	-4015.38	3090.68
Fixation L	1	14	12836788005	12836960781	172776	954.51	922.21	26	25	-1	10.98	10.98
Fixation R	1	14	12836788005	12836960781	172776	954.51	922.21	26	25	-1	10.60	10.60
Saccade L	1	13	12836960781	12836983613	22832	964.96	934.16	910.53	945.67	1.22	95.63	0.52	53.47	3821.62	-3554.87	2528.34
Saccade R	1	13	12836960781	12836983613	22832	964.96	934.16	910.53	945.67	1.22	95.63	0.52	53.47	3821.62	-3554.87	2528.34
Fixation L	1	15	12836983613	12837143524	159911	911.31	939.30	31	32	-1	11.08	11.08
Fixation R	1	15	12836983613	12837143524	159911	911.31	939.30	31	32	-1	10.58	10.58
