[BeGaze]
Converted from:	C:\Program Files\SMI\Experiment Suite 360\Experiment Center 2\Results\RC-Attachment-Exp\P14-eye_data.idf
Date:	18.03.2012 20:11:03
Version:	BeGaze 3.0.181
Sample Rate:	500
Subject:	P14
Description:	Run19

Table Header for Fixations:
Event Type	Trial	Number	Start	End	Duration	Location X	Location Y	Dispersion X	Dispersion Y	Plane	Avg. Pupil Size X	Avg. Pupil Size Y

Table Header for Saccades:
Event Type	Trial	Number	Start	End	Duration	Start Loc.X	Start Loc.Y	End Loc.X	End Loc.Y	Amplitude	Peak Speed	Peak Speed At	Average Speed	Peak Accel.	Peak Decel.	Average Accel.

Table Header for Blinks:
Event Type	Trial	Number	Start	End	Duration

Table Header for User Events:
Event Type	Trial	Number	Start	Description

UserEvent	1	1	1560834235	# Message: RC-N1forced-anim-5.jpg
Fixation L	1	1	1560834257	1561130460	296203	485.19	457.91	20	35	-1	12.94	12.94
Fixation R	1	1	1560834257	1561130460	296203	485.19	457.91	20	35	-1	12.66	12.66
Fixation L	1	2	1561148450	1561300450	152000	531.50	454.98	21	34	-1	13.14	13.14
Fixation R	1	2	1561148450	1561300450	152000	531.50	454.98	21	34	-1	12.89	12.89
Saccade L	1	1	1561300450	1561328445	27995	531.21	476.47	611.31	464.35	1.82	123.36	0.50	64.84	4962.93	-4725.28	3504.98
Saccade R	1	1	1561300450	1561328445	27995	531.21	476.47	611.31	464.35	1.82	123.36	0.50	64.84	4962.93	-4725.28	3504.98
Fixation L	1	3	1561328445	1561488558	160113	607.60	474.30	29	23	-1	13.31	13.31
Fixation R	1	3	1561328445	1561488558	160113	607.60	474.30	29	23	-1	13.20	13.20
Saccade L	1	2	1561488558	1561510572	22014	603.06	470.55	665.06	458.86	1.34	105.94	0.55	61.00	3809.97	-4025.58	2609.49
Saccade R	1	2	1561488558	1561510572	22014	603.06	470.55	665.06	458.86	1.34	105.94	0.55	61.00	3809.97	-4025.58	2609.49
Fixation L	1	4	1561510572	1561674678	164106	663.14	450.00	19	14	-1	13.19	13.19
Fixation R	1	4	1561510572	1561674678	164106	663.14	450.00	19	14	-1	13.15	13.15
Saccade L	1	3	1561674678	1561700672	25994	673.78	451.10	743.28	454.29	1.60	113.54	0.54	61.53	4465.15	-4646.93	3292.45
Saccade R	1	3	1561674678	1561700672	25994	673.78	451.10	743.28	454.29	1.60	113.54	0.54	61.53	4465.15	-4646.93	3292.45
Fixation L	1	5	1561700672	1561872668	171996	763.85	459.53	27	17	-1	13.14	13.14
Fixation R	1	5	1561700672	1561872668	171996	763.85	459.53	27	17	-1	13.05	13.05
Saccade L	1	4	1561872668	1561894676	22008	760.51	454.49	823.57	460.04	1.30	111.76	0.45	59.20	4215.20	-4365.90	2877.96
Saccade R	1	4	1561872668	1561894676	22008	760.51	454.49	823.57	460.04	1.30	111.76	0.45	59.20	4215.20	-4365.90	2877.96
Fixation L	1	6	1561894676	1562070794	176118	825.20	463.58	15	31	-1	13.09	13.09
Fixation R	1	6	1561894676	1562070794	176118	825.20	463.58	15	31	-1	12.88	12.88
Saccade L	1	5	1562070794	1562100787	29993	831.65	446.69	898.49	456.70	1.44	79.09	0.47	48.06	3354.06	-3204.79	2398.72
Saccade R	1	5	1562070794	1562100787	29993	831.65	446.69	898.49	456.70	1.44	79.09	0.47	48.06	3354.06	-3204.79	2398.72
Fixation L	1	7	1562100787	1562394946	294159	902.79	469.43	18	30	-1	12.86	12.86
Fixation R	1	7	1562100787	1562394946	294159	902.79	469.43	18	30	-1	12.51	12.51
Saccade L	1	6	1562394946	1562418906	23960	908.54	466.84	982.78	464.67	1.59	115.77	0.43	66.29	4613.56	-4692.61	3297.81
Saccade R	1	6	1562394946	1562418906	23960	908.54	466.84	982.78	464.67	1.59	115.77	0.43	66.29	4613.56	-4692.61	3297.81
Fixation L	1	8	1562418906	1562609025	190119	992.08	464.33	20	24	-1	12.70	12.70
Fixation R	1	8	1562418906	1562609025	190119	992.08	464.33	20	24	-1	12.62	12.62
Fixation L	1	9	1562629019	1562869136	240117	1058.48	454.55	18	28	-1	12.71	12.71
Fixation R	1	9	1562629019	1562869136	240117	1058.48	454.55	18	28	-1	12.65	12.65
Saccade L	1	7	1562869136	1562891144	22008	1057.75	458.10	1130.27	448.19	1.53	120.10	0.55	69.42	4856.15	-4650.53	3247.56
Saccade R	1	7	1562869136	1562891144	22008	1057.75	458.10	1130.27	448.19	1.53	120.10	0.55	69.42	4856.15	-4650.53	3247.56
Fixation L	1	10	1562891144	1563045939	154795	1131.55	444.91	20	20	-1	12.76	12.76
Fixation R	1	10	1562891144	1563045939	154795	1131.55	444.91	20	20	-1	12.59	12.59
Saccade L	1	8	1563045939	1563069252	23313	1120.43	455.92	1194.88	452.17	1.53	121.21	0.49	65.44	5002.91	-4888.36	3424.90
Saccade R	1	8	1563045939	1563069252	23313	1120.43	455.92	1194.88	452.17	1.53	121.21	0.49	65.44	5002.91	-4888.36	3424.90
Fixation L	1	11	1563069252	1563341368	272116	1187.54	464.88	16	28	-1	12.71	12.71
Fixation R	1	11	1563069252	1563341368	272116	1187.54	464.88	16	28	-1	12.72	12.72
Saccade L	1	9	1563341368	1563406341	64973	1193.70	467.18	838.86	989.04	15.25	398.56	0.25	234.67	17187.84	-13684.72	7965.34
Saccade R	1	9	1563341368	1563406341	64973	1193.70	467.18	838.86	989.04	15.25	398.56	0.25	234.67	17187.84	-13684.72	7965.34
Saccade L	1	10	1563459428	1563489386	29958	820.06	1057.70	970.86	977.42	3.64	278.48	0.34	121.50	3585.62	-10370.43	5090.98
Saccade R	1	10	1563459428	1563489386	29958	820.06	1057.70	970.86	977.42	3.64	278.48	0.34	121.50	3585.62	-10370.43	5090.98
Fixation L	1	12	1563489386	1563908110	418724	937.09	958.11	72	37	-1	13.44	13.44
Fixation R	1	12	1563489386	1563908110	418724	937.09	958.11	72	37	-1	13.42	13.42
