[BeGaze]
Converted from:	C:\Program Files\SMI\Experiment Suite 360\Experiment Center 2\Results\RC-Attachment-Exp\P16-eye_data.idf
Date:	18.03.2012 20:12:13
Version:	BeGaze 3.0.181
Sample Rate:	500
Subject:	P16
Description:	Run21

Table Header for Fixations:
Event Type	Trial	Number	Start	End	Duration	Location X	Location Y	Dispersion X	Dispersion Y	Plane	Avg. Pupil Size X	Avg. Pupil Size Y

Table Header for Saccades:
Event Type	Trial	Number	Start	End	Duration	Start Loc.X	Start Loc.Y	End Loc.X	End Loc.Y	Amplitude	Peak Speed	Peak Speed At	Average Speed	Peak Accel.	Peak Decel.	Average Accel.

Table Header for Blinks:
Event Type	Trial	Number	Start	End	Duration

Table Header for User Events:
Event Type	Trial	Number	Start	Description

UserEvent	1	1	1575797560	# Message: Dist-srcop-12.jpg
Fixation L	1	1	1575799530	1576558567	759037	494.32	442.62	30	26	-1	10.20	10.20
Fixation R	1	1	1575799530	1576558567	759037	494.32	442.62	30	26	-1	10.30	10.30
Saccade L	1	1	1576558567	1576594579	36012	501.74	441.89	551.87	454.25	1.08	44.51	0.39	30.02	1759.38	-1645.51	1199.10
Saccade R	1	1	1576558567	1576594579	36012	501.74	441.89	551.87	454.25	1.08	44.51	0.39	30.02	1759.38	-1645.51	1199.10
Fixation L	1	2	1576594579	1576764689	170110	549.74	441.24	15	25	-1	9.93	9.93
Fixation R	1	2	1576594579	1576764689	170110	549.74	441.24	15	25	-1	9.94	9.94
Saccade L	1	2	1576764689	1576812692	48003	546.50	438.04	637.56	448.48	2.12	87.97	0.27	44.08	3596.67	-2876.98	2060.47
Saccade R	1	2	1576764689	1576812692	48003	546.50	438.04	637.56	448.48	2.12	87.97	0.27	44.08	3596.67	-2876.98	2060.47
Fixation L	1	3	1576812692	1576922684	109992	638.06	447.51	10	18	-1	10.04	10.04
Fixation R	1	3	1576812692	1576922684	109992	638.06	447.51	10	18	-1	10.16	10.16
Saccade L	1	3	1576922684	1576972975	50291	643.46	446.09	700.72	434.56	1.98	92.75	0.33	39.33	3336.53	-2537.12	1759.33
Saccade R	1	3	1576922684	1576972975	50291	643.46	446.09	700.72	434.56	1.98	92.75	0.33	39.33	3336.53	-2537.12	1759.33
Fixation L	1	4	1576972975	1577160799	187824	702.04	434.45	14	23	-1	10.17	10.17
Fixation R	1	4	1576972975	1577160799	187824	702.04	434.45	14	23	-1	10.34	10.34
Blink L	1	1	1577160799	1577190815	30016
Blink R	1	1	1577160799	1577190815	30016
Fixation L	1	5	1577190815	1577257137	66322	703.50	437.67	13	22	-1	10.10	10.10
Fixation R	1	5	1577190815	1577257137	66322	703.50	437.67	13	22	-1	10.23	10.23
Saccade L	1	4	1577257137	1577294845	37708	707.32	431.94	835.45	454.48	2.98	160.15	0.47	78.98	6686.07	-6404.47	4672.82
Saccade R	1	4	1577257137	1577294845	37708	707.32	431.94	835.45	454.48	2.98	160.15	0.47	78.98	6686.07	-6404.47	4672.82
Fixation L	1	6	1577294845	1577887156	592311	821.86	430.36	39	43	-1	9.84	9.84
Fixation R	1	6	1577294845	1577887156	592311	821.86	430.36	39	43	-1	10.02	10.02
Saccade L	1	5	1577887156	1577915145	27989	815.15	436.04	879.35	449.28	1.45	95.59	0.57	51.65	3824.38	-3169.26	2624.11
Saccade R	1	5	1577887156	1577915145	27989	815.15	436.04	879.35	449.28	1.45	95.59	0.57	51.65	3824.38	-3169.26	2624.11
Fixation L	1	7	1577915145	1578003261	88116	889.99	432.46	20	24	-1	9.67	9.67
Fixation R	1	7	1577915145	1578003261	88116	889.99	432.46	20	24	-1	9.96	9.96
Saccade L	1	6	1578003261	1578043263	40002	886.71	430.09	961.52	421.25	1.78	100.66	0.30	44.43	4193.12	-3631.10	2285.35
Saccade R	1	6	1578003261	1578043263	40002	886.71	430.09	961.52	421.25	1.78	100.66	0.30	44.43	4193.12	-3631.10	2285.35
Saccade L	1	7	1578077264	1578113347	36083	957.27	428.06	963.78	425.53	9.58	341.76	0.52	265.42	16298.45	-16419.97	12889.50
Saccade R	1	7	1578077264	1578113347	36083	957.27	428.06	963.78	425.53	9.58	341.76	0.52	265.42	16298.45	-16419.97	12889.50
Fixation L	1	8	1578113347	1578233256	119909	967.55	437.41	14	31	-1	9.57	9.57
Fixation R	1	8	1578113347	1578233256	119909	967.55	437.41	14	31	-1	9.99	9.99
Saccade L	1	8	1578233256	1578275251	41995	968.86	447.72	1055.87	420.99	2.12	102.24	0.43	50.46	4310.50	-3761.48	2821.95
Saccade R	1	8	1578233256	1578275251	41995	968.86	447.72	1055.87	420.99	2.12	102.24	0.43	50.46	4310.50	-3761.48	2821.95
Fixation L	1	9	1578275251	1578477372	202121	1059.13	434.21	22	35	-1	9.45	9.45
Fixation R	1	9	1578275251	1578477372	202121	1059.13	434.21	22	35	-1	10.01	10.01
Saccade L	1	9	1578477372	1578507377	30005	1060.82	430.35	1131.63	428.81	1.46	89.93	0.40	48.81	3458.80	-3388.77	2472.81
Saccade R	1	9	1578477372	1578507377	30005	1060.82	430.35	1131.63	428.81	1.46	89.93	0.40	48.81	3458.80	-3388.77	2472.81
Fixation L	1	10	1578507377	1578863627	356250	1123.14	424.99	37	25	-1	9.37	9.37
Fixation R	1	10	1578507377	1578863627	356250	1123.14	424.99	37	25	-1	9.81	9.81
Saccade L	1	10	1578863627	1578907328	43701	1119.65	423.91	956.28	437.67	3.83	194.41	0.32	87.60	8122.96	-7045.73	5024.65
Saccade R	1	10	1578863627	1578907328	43701	1119.65	423.91	956.28	437.67	3.83	194.41	0.32	87.60	8122.96	-7045.73	5024.65
Fixation L	1	11	1578907328	1579137719	230391	948.91	444.33	25	29	-1	9.73	9.73
Fixation R	1	11	1578907328	1579137719	230391	948.91	444.33	25	29	-1	10.10	10.10
Saccade L	1	11	1579137719	1579179899	42180	938.94	442.89	702.36	430.08	5.27	243.62	0.43	125.02	10391.30	-9861.28	7428.48
Saccade R	1	11	1579137719	1579179899	42180	938.94	442.89	702.36	430.08	5.27	243.62	0.43	125.02	10391.30	-9861.28	7428.48
Fixation L	1	12	1579179899	1579517841	337942	701.94	435.69	20	25	-1	10.34	10.34
Fixation R	1	12	1579179899	1579517841	337942	701.94	435.69	20	25	-1	10.64	10.64
Saccade L	1	12	1579517841	1579543839	25998	708.06	439.19	648.09	428.11	1.38	97.55	0.54	53.14	3699.29	-3270.89	2484.79
Saccade R	1	12	1579517841	1579543839	25998	708.06	439.19	648.09	428.11	1.38	97.55	0.54	53.14	3699.29	-3270.89	2484.79
Fixation L	1	13	1579543839	1579734108	190269	656.04	430.10	21	29	-1	10.33	10.33
Fixation R	1	13	1579543839	1579734108	190269	656.04	430.10	21	29	-1	10.58	10.58
Saccade L	1	13	1579734108	1579777940	43832	658.88	448.10	570.46	443.92	2.35	116.15	0.54	53.68	4218.70	-4318.94	2806.15
Saccade R	1	13	1579734108	1579777940	43832	658.88	448.10	570.46	443.92	2.35	116.15	0.54	53.68	4218.70	-4318.94	2806.15
Fixation L	1	14	1579777940	1580024586	246646	573.59	428.24	25	28	-1	10.28	10.28
Fixation R	1	14	1579777940	1580024586	246646	573.59	428.24	25	28	-1	10.50	10.50
Saccade L	1	14	1580024586	1580090448	65862	571.51	434.65	715.05	444.20	3.43	124.36	0.39	52.08	4641.28	-3316.64	2112.97
Saccade R	1	14	1580024586	1580090448	65862	571.51	434.65	715.05	444.20	3.43	124.36	0.39	52.08	4641.28	-3316.64	2112.97
Fixation L	1	15	1580090448	1580142318	51870	717.78	437.24	10	13	-1	10.32	10.32
Fixation R	1	15	1580090448	1580142318	51870	717.78	437.24	10	13	-1	10.96	10.96
Saccade L	1	15	1580142318	1580174180	31862	721.89	435.52	844.58	438.19	2.66	180.93	0.43	83.49	7314.47	-7246.28	5205.19
Saccade R	1	15	1580142318	1580174180	31862	721.89	435.52	844.58	438.19	2.66	180.93	0.43	83.49	7314.47	-7246.28	5205.19
Fixation L	1	16	1580174180	1580314179	139999	842.17	430.60	17	33	-1	10.42	10.42
Fixation R	1	16	1580174180	1580314179	139999	842.17	430.60	17	33	-1	11.00	11.00
Saccade L	1	16	1580314179	1580356176	41997	839.21	449.20	845.91	422.74	15.05	629.92	0.41	358.33	23901.71	-27039.74	19991.66
Saccade R	1	16	1580314179	1580356176	41997	839.21	449.20	845.91	422.74	15.05	629.92	0.41	358.33	23901.71	-27039.74	19991.66
Fixation L	1	17	1580356176	1580494291	138115	844.09	417.95	24	46	-1	10.48	10.48
Fixation R	1	17	1580356176	1580494291	138115	844.09	417.95	24	46	-1	10.97	10.97
Saccade L	1	17	1580494291	1580544287	49996	848.66	452.82	839.14	409.65	1.61	44.17	0.36	32.30	812.40	-1232.77	663.86
Saccade R	1	17	1580494291	1580544287	49996	848.66	452.82	839.14	409.65	1.61	44.17	0.36	32.30	812.40	-1232.77	663.86
Saccade L	1	18	1580580403	1580620445	40042	855.90	426.46	899.10	422.25	1.37	69.87	0.55	34.26	2227.92	-2740.56	1532.05
Saccade R	1	18	1580580403	1580620445	40042	855.90	426.46	899.10	422.25	1.37	69.87	0.55	34.26	2227.92	-2740.56	1532.05
Fixation L	1	18	1580620445	1580732279	111834	890.70	419.26	27	13	-1	10.25	10.25
Fixation R	1	18	1580620445	1580732279	111834	890.70	419.26	27	13	-1	10.65	10.65
Saccade L	1	19	1580732279	1580786405	54126	896.69	411.46	965.39	414.35	2.71	152.47	0.41	50.03	5580.69	-5056.20	2799.10
Saccade R	1	19	1580732279	1580786405	54126	896.69	411.46	965.39	414.35	2.71	152.47	0.41	50.03	5580.69	-5056.20	2799.10
Fixation L	1	19	1580786405	1580952400	165995	969.65	424.94	16	21	-1	10.24	10.24
Fixation R	1	19	1580786405	1580952400	165995	969.65	424.94	16	21	-1	10.70	10.70
Saccade L	1	20	1580952400	1580988515	36115	974.88	429.20	934.43	426.11	0.96	43.19	0.42	26.62	1497.91	-1525.36	1097.18
Saccade R	1	20	1580952400	1580988515	36115	974.88	429.20	934.43	426.11	0.96	43.19	0.42	26.62	1497.91	-1525.36	1097.18
Fixation L	1	20	1580988515	1581056522	68007	936.66	427.59	18	16	-1	10.49	10.49
Fixation R	1	20	1580988515	1581170519	182004	827.82	448.89	499	777	-1	10.15	10.15
Saccade L	1	21	1581056522	1581178070	121548	928.73	429.03	667.26	429.13	28.41	657.64	0.30	233.76	24033.50	-13054.82	8376.42
Saccade R	1	21	1581170519	1581202512	31993	662.30	416.12	689.72	444.74	1.08	52.33	0.59	33.64	823.47	-1875.07	707.05
Saccade L	1	22	1581178070	1581202512	24442	667.26	429.13	689.72	444.74	0.84	52.33	0.46	34.43	823.47	-1875.07	824.45
Fixation L	1	21	1581202512	1581368613	166101	681.81	446.07	26	30	-1	11.07	11.07
Fixation R	1	21	1581202512	1581368613	166101	681.81	446.07	26	30	-1	11.25	11.25
Blink L	1	2	1581368613	1581546619	178006
Blink R	1	2	1581368613	1581546619	178006
Saccade L	1	23	1581552762	1581602744	49982	910.81	840.09	905.06	902.24	1.64	59.44	0.41	32.85	1907.65	-1844.37	1046.78
Saccade R	1	22	1581552762	1581602744	49982	910.81	840.09	905.06	902.24	1.64	59.44	0.41	32.85	1907.65	-1844.37	1046.78
Fixation L	1	22	1581602744	1582137821	535077	886.22	937.73	58	66	-1	11.14	11.14
Fixation R	1	22	1581602744	1582137821	535077	886.22	937.73	58	66	-1	11.28	11.28
