[BeGaze]
Converted from:	C:\Program Files\SMI\Experiment Suite 360\Experiment Center 2\Results\RC-Attachment-Exp\P25-eye_data.idf
Date:	18.03.2012 20:20:29
Version:	BeGaze 3.0.181
Sample Rate:	500
Subject:	P25
Description:	Run30

Table Header for Fixations:
Event Type	Trial	Number	Start	End	Duration	Location X	Location Y	Dispersion X	Dispersion Y	Plane	Avg. Pupil Size X	Avg. Pupil Size Y

Table Header for Saccades:
Event Type	Trial	Number	Start	End	Duration	Start Loc.X	Start Loc.Y	End Loc.X	End Loc.Y	Amplitude	Peak Speed	Peak Speed At	Average Speed	Peak Accel.	Peak Decel.	Average Accel.

Table Header for Blinks:
Event Type	Trial	Number	Start	End	Duration

Table Header for User Events:
Event Type	Trial	Number	Start	Description

UserEvent	1	1	11055431377	# Message: RC-N2forced-anim-4.jpg
Fixation L	1	1	11055432198	11056022353	590155	500.99	447.10	32	46	-1	13.20	13.20
Fixation R	1	1	11055432198	11056022353	590155	500.99	447.10	32	46	-1	13.28	13.28
Saccade L	1	1	11056022353	11056054353	32000	515.84	471.45	561.96	451.62	1.07	61.54	0.44	33.53	2391.94	-2118.94	1583.79
Saccade R	1	1	11056022353	11056054353	32000	515.84	471.45	561.96	451.62	1.07	61.54	0.44	33.53	2391.94	-2118.94	1583.79
Fixation L	1	2	11056054353	11056165043	110690	554.70	450.44	21	16	-1	12.87	12.87
Fixation R	1	2	11056054353	11056165043	110690	554.70	450.44	21	16	-1	12.91	12.91
Saccade L	1	2	11056165043	11056192491	27448	546.95	438.52	628.47	451.36	1.94	149.37	0.49	70.79	5716.09	-5444.87	4013.00
Saccade R	1	2	11056165043	11056192491	27448	546.95	438.52	628.47	451.36	1.94	149.37	0.49	70.79	5716.09	-5444.87	4013.00
Fixation L	1	3	11056192491	11056380445	187954	635.88	445.48	25	20	-1	12.78	12.78
Fixation R	1	3	11056192491	11056380445	187954	635.88	445.48	25	20	-1	12.95	12.95
Saccade L	1	3	11056380445	11056410443	29998	627.83	457.72	705.36	460.51	1.66	109.41	0.47	55.38	4437.41	-4080.06	3099.22
Saccade R	1	3	11056380445	11056410443	29998	627.83	457.72	705.36	460.51	1.66	109.41	0.47	55.38	4437.41	-4080.06	3099.22
Fixation L	1	4	11056410443	11056576570	166127	699.54	440.85	11	32	-1	12.82	12.82
Fixation R	1	4	11056410443	11056576570	166127	699.54	440.85	11	32	-1	12.95	12.95
Saccade L	1	4	11056576570	11056618577	42007	694.28	440.48	644.53	460.36	1.44	64.58	0.62	34.24	1910.68	-2520.33	1482.44
Saccade R	1	4	11056576570	11056618577	42007	694.28	440.48	644.53	460.36	1.44	64.58	0.62	34.24	1910.68	-2520.33	1482.44
Fixation L	1	5	11056618577	11056884857	266280	641.25	454.75	25	25	-1	12.69	12.69
Fixation R	1	5	11056618577	11056884857	266280	641.25	454.75	25	25	-1	12.91	12.91
Saccade L	1	5	11056884857	11056918676	33819	636.62	442.72	737.32	430.77	2.31	148.18	0.47	68.43	5804.70	-6058.99	4251.38
Saccade R	1	5	11056884857	11056918676	33819	636.62	442.72	737.32	430.77	2.31	148.18	0.47	68.43	5804.70	-6058.99	4251.38
Saccade L	1	6	11056960805	11056986789	25984	746.26	429.45	709.69	430.57	0.71	42.38	0.46	27.33	1294.18	-1488.76	988.03
Saccade R	1	6	11056960805	11056986789	25984	746.26	429.45	709.69	430.57	0.71	42.38	0.46	27.33	1294.18	-1488.76	988.03
Fixation L	1	6	11056986789	11057050787	63998	714.82	427.39	21	13	-1	12.71	12.71
Fixation R	1	6	11056986789	11057050787	63998	714.82	427.39	21	13	-1	12.99	12.99
Blink L	1	1	11057050787	11057217599	166812
Blink R	1	1	11057050787	11057217599	166812
Fixation L	1	7	11057285249	11057857156	571907	801.85	436.40	39	62	-1	12.84	12.84
Fixation R	1	7	11057285249	11057857156	571907	801.85	436.40	39	62	-1	13.19	13.19
Saccade L	1	7	11057857156	11057895351	38195	780.53	446.53	899.90	458.18	2.78	149.41	0.39	72.90	5980.23	-5781.47	4148.83
Saccade R	1	7	11057857156	11057895351	38195	780.53	446.53	899.90	458.18	2.78	149.41	0.39	72.90	5980.23	-5781.47	4148.83
Fixation L	1	8	11057895351	11058263298	367947	883.12	457.26	44	27	-1	12.79	12.79
Fixation R	1	8	11057895351	11058263298	367947	883.12	457.26	44	27	-1	12.98	12.98
Saccade L	1	8	11058263298	11058295251	31953	864.57	472.23	983.50	457.60	2.79	180.43	0.44	87.21	7281.37	-7337.61	5313.36
Saccade R	1	8	11058263298	11058295251	31953	864.57	472.23	983.50	457.60	2.79	180.43	0.44	87.21	7281.37	-7337.61	5313.36
Fixation L	1	9	11058295251	11058443372	148121	990.26	454.40	19	10	-1	13.10	13.10
Fixation R	1	9	11058295251	11058443372	148121	990.26	454.40	19	10	-1	13.37	13.37
Saccade L	1	9	11058443372	11058475174	31802	977.34	452.44	1036.40	453.89	1.38	84.83	0.42	43.28	3305.36	-3112.85	2239.60
Saccade R	1	9	11058443372	11058475174	31802	977.34	452.44	1036.40	453.89	1.38	84.83	0.42	43.28	3305.36	-3112.85	2239.60
Fixation L	1	10	11058475174	11058627532	152358	1032.11	448.07	18	14	-1	12.92	12.92
Fixation R	1	10	11058475174	11058627532	152358	1032.11	448.07	18	14	-1	13.44	13.44
Saccade L	1	10	11058627532	11058679483	51951	1042.45	440.32	929.01	435.42	2.62	152.89	0.27	50.35	6267.81	-5479.51	2800.26
Saccade R	1	10	11058627532	11058679483	51951	1042.45	440.32	929.01	435.42	2.62	152.89	0.27	50.35	6267.81	-5479.51	2800.26
Fixation L	1	11	11058679483	11058855616	176133	934.13	445.08	36	14	-1	13.13	13.13
Fixation R	1	11	11058679483	11058855616	176133	934.13	445.08	36	14	-1	13.30	13.30
Saccade L	1	11	11058855616	11058878654	23038	952.16	444.36	880.99	457.00	1.75	145.86	0.52	76.06	5533.10	-5406.27	3622.53
Saccade R	1	11	11058855616	11058878654	23038	952.16	444.36	880.99	457.00	1.75	145.86	0.52	76.06	5533.10	-5406.27	3622.53
Fixation L	1	12	11058878654	11059229712	351058	883.76	465.70	55	20	-1	13.22	13.22
Fixation R	1	12	11058878654	11059229712	351058	883.76	465.70	55	20	-1	13.45	13.45
Saccade L	1	12	11059229712	11059261711	31999	909.97	459.34	876.10	439.60	0.90	42.65	0.45	28.16	1785.39	-1367.24	1129.09
Saccade R	1	12	11059229712	11059261711	31999	909.97	459.34	876.10	439.60	0.90	42.65	0.45	28.16	1785.39	-1367.24	1129.09
Fixation L	1	13	11059261711	11059425991	164280	868.99	453.95	19	49	-1	13.41	13.41
Fixation R	1	13	11059261711	11059425991	164280	868.99	453.95	19	49	-1	13.67	13.67
Saccade L	1	13	11059425991	11059464615	38624	867.17	484.28	1004.61	469.84	3.11	155.29	0.36	80.43	6881.08	-6238.62	4736.67
Saccade R	1	13	11059425991	11059464615	38624	867.17	484.28	1004.61	469.84	3.11	155.29	0.36	80.43	6881.08	-6238.62	4736.67
Fixation L	1	14	11059464615	11059601833	137218	1005.51	462.62	11	15	-1	13.43	13.43
Fixation R	1	14	11059464615	11059601833	137218	1005.51	462.62	11	15	-1	13.82	13.82
Saccade L	1	14	11059601833	11059629839	28006	1013.02	460.08	1056.64	450.16	1.03	63.05	0.52	36.63	2420.43	-2528.45	1763.15
Saccade R	1	14	11059601833	11059629839	28006	1013.02	460.08	1056.64	450.16	1.03	63.05	0.52	36.63	2420.43	-2528.45	1763.15
Fixation L	1	15	11059629839	11059851949	222110	1055.13	455.77	19	18	-1	13.26	13.26
Fixation R	1	15	11059629839	11059851949	222110	1055.13	455.77	19	18	-1	13.61	13.61
Saccade L	1	15	11059851949	11059877950	26001	1056.01	455.43	1132.84	449.78	1.74	125.75	0.46	66.87	5292.59	-5298.87	3773.85
Saccade R	1	15	11059851949	11059877950	26001	1056.01	455.43	1132.84	449.78	1.74	125.75	0.46	66.87	5292.59	-5298.87	3773.85
Fixation L	1	16	11059877950	11060038569	160619	1139.62	439.83	17	18	-1	13.14	13.14
Fixation R	1	16	11059877950	11060038569	160619	1139.62	439.83	17	18	-1	13.58	13.58
Blink L	1	2	11060038569	11060330230	291661
Blink R	1	2	11060038569	11060330230	291661
Saccade L	1	16	11060374187	11060431041	56854	886.85	901.87	867.11	955.71	1.63	45.98	0.35	28.68	1462.11	-1192.58	830.22
Saccade R	1	16	11060374187	11060431041	56854	886.85	901.87	867.11	955.71	1.63	45.98	0.35	28.68	1462.11	-1192.58	830.22
Fixation L	1	17	11060431041	11060902412	471371	897.57	963.89	59	46	-1	13.25	13.25
Fixation R	1	17	11060431041	11060902412	471371	897.57	963.89	59	46	-1	13.78	13.78
