[BeGaze]
Converted from:	C:\Program Files\SMI\Experiment Suite 360\Experiment Center 2\Results\RC-Attachment-Exp\P02-eye_data.idf
Date:	24.02.2012 09:57:22
Version:	BeGaze 3.0.181
Sample Rate:	500
Subject:	P02
Description:	Run2

Table Header for Fixations:
Event Type	Trial	Number	Start	End	Duration	Location X	Location Y	Dispersion X	Dispersion Y	Plane	Avg. Pupil Size X	Avg. Pupil Size Y

Table Header for Saccades:
Event Type	Trial	Number	Start	End	Duration	Start Loc.X	Start Loc.Y	End Loc.X	End Loc.Y	Amplitude	Peak Speed	Peak Speed At	Average Speed	Peak Accel.	Peak Decel.	Average Accel.

Table Header for Blinks:
Event Type	Trial	Number	Start	End	Duration

Table Header for User Events:
Event Type	Trial	Number	Start	Description

UserEvent	1	1	3142164567	# Message: Questionnaire2.jpg
Fixation L	1	1	3142173752	3142545903	372151	913.41	969.03	46	24	-1	13.80	13.80
Fixation R	1	1	3142173752	3142545903	372151	913.41	969.03	46	24	-1	14.44	14.44
Saccade L	1	1	3142545903	3142615985	70082	920.83	979.29	493.98	464.22	18.39	507.33	0.54	262.40	21982.37	-21264.24	14293.52
Saccade R	1	1	3142545903	3142615985	70082	920.83	979.29	493.98	464.22	18.39	507.33	0.54	262.40	21982.37	-21264.24	14293.52
Fixation L	1	2	3142615985	3142761936	145951	487.71	452.32	27	24	-1	13.66	13.66
Fixation R	1	2	3142615985	3142761936	145951	487.71	452.32	27	24	-1	14.07	14.07
Saccade L	1	2	3142761936	3142802036	40100	493.54	453.45	382.82	341.09	3.55	161.59	0.40	88.48	6670.98	-6216.20	4671.86
Saccade R	1	2	3142761936	3142802036	40100	493.54	453.45	382.82	341.09	3.55	161.59	0.40	88.48	6670.98	-6216.20	4671.86
Fixation L	1	3	3142802036	3142984397	182361	379.43	346.25	37	33	-1	13.51	13.51
Fixation R	1	3	3142802036	3142984397	182361	379.43	346.25	37	33	-1	14.07	14.07
Saccade L	1	3	3142984397	3143008098	23701	369.89	342.68	445.69	347.03	1.55	121.38	0.49	65.54	4620.60	-4291.07	3098.70
Saccade R	1	3	3142984397	3143008098	23701	369.89	342.68	445.69	347.03	1.55	121.38	0.49	65.54	4620.60	-4291.07	3098.70
Fixation L	1	4	3143008098	3143144486	136388	446.25	356.15	28	23	-1	13.94	13.94
Fixation R	1	4	3143008098	3143144486	136388	446.25	356.15	28	23	-1	14.62	14.62
Saccade L	1	4	3143144486	3143168173	23687	457.13	370.68	524.08	367.02	1.38	100.27	0.49	58.27	3499.75	-3813.52	2589.35
Saccade R	1	4	3143144486	3143168173	23687	457.13	370.68	524.08	367.02	1.38	100.27	0.49	58.27	3499.75	-3813.52	2589.35
Fixation L	1	5	3143168173	3143314198	146025	525.25	360.44	18	25	-1	14.24	14.24
Fixation R	1	5	3143168173	3143314198	146025	525.25	360.44	18	25	-1	14.96	14.96
Saccade L	1	5	3143314198	3143338167	23969	526.88	341.79	596.84	366.15	1.57	115.83	0.50	65.55	4202.14	-4529.65	3078.18
Saccade R	1	5	3143314198	3143338167	23969	526.88	341.79	596.84	366.15	1.57	115.83	0.50	65.55	4202.14	-4529.65	3078.18
Fixation L	1	6	3143338167	3143556282	218115	602.97	361.34	19	37	-1	14.05	14.05
Fixation R	1	6	3143338167	3143556282	218115	602.97	361.34	19	37	-1	14.63	14.63
Saccade L	1	6	3143556282	3143584283	28001	612.75	366.56	688.00	364.92	1.58	96.56	0.50	56.51	3503.78	-4060.78	2739.60
Saccade R	1	6	3143556282	3143584283	28001	612.75	366.56	688.00	364.92	1.58	96.56	0.50	56.51	3503.78	-4060.78	2739.60
Saccade L	1	7	3143598313	3143620286	21973	685.78	365.84	728.80	366.52	0.81	54.29	0.36	36.74	2039.90	-1191.69	1150.82
Saccade R	1	7	3143598313	3143620286	21973	685.78	365.84	728.80	366.52	0.81	54.29	0.36	36.74	2039.90	-1191.69	1150.82
Fixation L	1	7	3143644726	3143748410	103684	707.55	365.71	26	17	-1	14.17	14.17
Fixation R	1	7	3143644726	3143748410	103684	707.55	365.71	26	17	-1	14.67	14.67
Saccade L	1	8	3143748410	3143770405	21995	715.42	365.33	751.95	361.15	0.80	53.85	0.54	36.56	1570.98	-2019.26	1219.06
Saccade R	1	8	3143748410	3143770405	21995	715.42	365.33	751.95	361.15	0.80	53.85	0.54	36.56	1570.98	-2019.26	1219.06
Fixation L	1	8	3143770405	3143986521	216116	745.63	361.12	30	25	-1	14.06	14.06
Fixation R	1	8	3143770405	3143986521	216116	745.63	361.12	30	25	-1	14.64	14.64
Saccade L	1	9	3143986521	3144034514	47993	742.62	368.75	446.89	436.99	7.91	286.55	0.37	164.76	12716.38	-11789.63	9015.74
Saccade R	1	9	3143986521	3144034514	47993	742.62	368.75	446.89	436.99	7.91	286.55	0.37	164.76	12716.38	-11789.63	9015.74
Fixation L	1	9	3144034514	3144644741	610227	417.11	453.32	60	34	-1	14.37	14.37
Fixation R	1	9	3144034514	3144644741	610227	417.11	453.32	60	34	-1	14.92	14.92
Saccade L	1	10	3144644741	3144672743	28002	398.41	451.18	431.08	513.06	1.60	108.34	0.50	57.31	4033.80	-4246.86	2986.90
Saccade R	1	10	3144644741	3144672743	28002	398.41	451.18	431.08	513.06	1.60	108.34	0.50	57.31	4033.80	-4246.86	2986.90
Fixation L	1	10	3144672743	3144830864	158121	431.40	526.94	16	24	-1	13.87	13.87
Fixation R	1	10	3144672743	3144830864	158121	431.40	526.94	16	24	-1	14.40	14.40
Saccade L	1	11	3144844868	3144878864	33996	426.22	580.05	424.36	527.47	10.15	475.11	0.29	298.59	20115.97	-17720.69	14655.18
Saccade R	1	11	3144844868	3144878864	33996	426.22	580.05	424.36	527.47	10.15	475.11	0.29	298.59	20115.97	-17720.69	14655.18
Fixation L	1	11	3144878864	3144966856	87992	428.75	519.55	10	11	-1	13.74	13.74
Fixation R	1	11	3144878864	3144966856	87992	428.75	519.55	10	11	-1	14.35	14.35
Saccade L	1	12	3144966856	3145010977	44121	429.52	515.42	403.79	458.15	5.49	238.99	0.64	124.53	8822.12	-9203.27	6134.08
Saccade R	1	12	3144966856	3145010977	44121	429.52	515.42	403.79	458.15	5.49	238.99	0.64	124.53	8822.12	-9203.27	6134.08
Fixation L	1	12	3145010977	3145102975	91998	398.73	447.70	36	29	-1	13.47	13.47
Fixation R	1	12	3145010977	3145102975	91998	398.73	447.70	36	29	-1	13.94	13.94
Saccade L	1	13	3145128984	3145154972	25988	388.18	397.47	396.88	460.25	1.60	102.51	0.31	61.44	2423.75	-922.51	1127.02
Saccade R	1	13	3145128984	3145154972	25988	388.18	397.47	396.88	460.25	1.60	102.51	0.31	61.44	2423.75	-922.51	1127.02
Blink L	1	1	3145154972	3145293132	138160
Saccade R	1	14	3145154972	3145196986	42014	396.88	460.25	0.00	0.00	14.60	1114.42	0.71	347.58	35329.29	-326.39	13271.24
Saccade L	1	14	3145325097	3145349096	23999	398.61	424.48	433.94	466.30	1.33	100.20	0.50	55.31	3639.04	-3588.63	2408.22
Saccade R	1	15	3145325097	3145349096	23999	398.61	424.48	433.94	466.30	1.33	100.20	0.50	55.31	3639.04	-3588.63	2408.22
Saccade L	1	15	3145381135	3145423152	42017	429.02	462.61	432.11	470.26	10.03	452.78	0.57	238.60	18376.85	-20199.40	14380.05
Saccade R	1	16	3145381135	3145423152	42017	429.02	462.61	432.11	470.26	10.03	452.78	0.57	238.60	18376.85	-20199.40	14380.05
Fixation L	1	13	3145423152	3145505122	81970	438.08	467.28	32	17	-1	13.09	13.09
Fixation R	1	13	3145423152	3145505122	81970	438.08	467.28	32	17	-1	13.80	13.80
Fixation L	1	14	3145523249	3145637207	113958	419.77	446.06	24	15	-1	13.12	13.12
Fixation R	1	14	3145523249	3145637207	113958	419.77	446.06	24	15	-1	13.64	13.64
Blink L	1	2	3145637207	3145787869	150662
Blink R	1	1	3145637207	3145787869	150662
Fixation L	1	15	3145843804	3146025614	181810	414.81	390.97	21	31	-1	12.81	12.81
Fixation R	1	15	3145843804	3146025614	181810	414.81	390.97	21	31	-1	13.16	13.16
Saccade L	1	16	3146025614	3146057442	31828	409.73	393.22	454.24	469.73	2.01	121.01	0.49	63.22	4813.32	-4340.10	3193.65
Saccade R	1	17	3146025614	3146057442	31828	409.73	393.22	454.24	469.73	2.01	121.01	0.49	63.22	4813.32	-4340.10	3193.65
Saccade L	1	17	3146063434	3146091439	28005	453.38	470.75	505.60	505.66	1.33	73.83	0.62	47.56	2370.65	-2300.04	1708.49
Saccade R	1	18	3146063434	3146091439	28005	453.38	470.75	505.60	505.66	1.33	73.83	0.62	47.56	2370.65	-2300.04	1708.49
Fixation L	1	16	3146091439	3146445545	354106	467.60	483.81	57	54	-1	13.10	13.10
Fixation R	1	16	3146091439	3146445545	354106	467.60	483.81	57	54	-1	13.71	13.71
Saccade L	1	18	3146445545	3146521610	76065	472.82	483.42	471.31	413.75	4.18	83.43	0.68	54.93	3284.40	-2567.78	1365.14
Saccade R	1	19	3146445545	3146521610	76065	472.82	483.42	471.31	413.75	4.18	83.43	0.68	54.93	3284.40	-2567.78	1365.14
Fixation L	1	17	3146521610	3146633923	112313	454.14	416.39	31	26	-1	12.99	12.99
Fixation R	1	17	3146521610	3146633923	112313	454.14	416.39	31	26	-1	13.57	13.57
Saccade L	1	19	3146633923	3146657670	23747	461.55	395.09	423.83	442.12	1.23	83.80	0.50	51.99	2559.21	-1565.64	1320.60
Saccade R	1	20	3146633923	3146657670	23747	461.55	395.09	423.83	442.12	1.23	83.80	0.50	51.99	2559.21	-1565.64	1320.60
Saccade L	1	20	3146657670	3146697668	39998	423.83	442.12	399.97	335.18	2.66	141.23	0.45	66.44	4392.17	-5148.79	3233.31
Saccade R	1	21	3146657670	3146697668	39998	423.83	442.12	399.97	335.18	2.66	141.23	0.45	66.44	4392.17	-5148.79	3233.31
Fixation L	1	18	3146697668	3146963786	266118	394.21	341.63	21	33	-1	13.16	13.16
Fixation R	1	18	3146697668	3146963786	266118	394.21	341.63	21	33	-1	13.92	13.92
Saccade L	1	21	3146963786	3146995782	31996	392.23	333.85	435.74	396.21	11.52	605.86	0.69	360.17	20923.02	-19831.23	15138.71
Saccade R	1	22	3146963786	3146995782	31996	392.23	333.85	435.74	396.21	11.52	605.86	0.69	360.17	20923.02	-19831.23	15138.71
Saccade L	1	22	3146995782	3147047777	51995	435.74	396.21	471.80	345.87	3.85	156.49	0.71	74.03	3734.66	-22242.10	5735.82
Saccade R	1	23	3146995782	3147047777	51995	435.74	396.21	471.80	345.87	3.85	156.49	0.71	74.03	3734.66	-22242.10	5735.82
Fixation L	1	19	3147047777	3147209903	162126	471.40	342.24	16	9	-1	13.87	13.87
Fixation R	1	19	3147047777	3147209903	162126	471.40	342.24	16	9	-1	14.54	14.54
Saccade L	1	23	3147209903	3147231893	21990	470.75	344.27	516.59	347.62	0.90	68.37	0.47	40.96	2707.25	-2563.65	1832.58
Saccade R	1	24	3147209903	3147231893	21990	470.75	344.27	516.59	347.62	0.90	68.37	0.47	40.96	2707.25	-2563.65	1832.58
Fixation L	1	20	3147231893	3147373894	142001	536.75	349.52	32	30	-1	14.06	14.06
Fixation R	1	20	3147231893	3147373894	142001	536.75	349.52	32	30	-1	14.93	14.93
Saccade L	1	24	3147373894	3147402025	28131	535.76	359.52	621.67	363.19	2.12	142.74	0.60	75.47	5612.72	-5197.68	3777.67
Saccade R	1	25	3147373894	3147402025	28131	535.76	359.52	621.67	363.19	2.12	142.74	0.60	75.47	5612.72	-5197.68	3777.67
Fixation L	1	21	3147402025	3147545819	143794	615.92	348.81	14	41	-1	14.15	14.15
Fixation R	1	21	3147402025	3147545819	143794	615.92	348.81	14	41	-1	15.07	15.07
Saccade L	1	25	3147572313	3147602010	29697	595.83	351.43	692.69	341.36	2.10	138.64	0.41	70.56	5593.24	-5546.69	3926.69
Saccade R	1	26	3147572313	3147602010	29697	595.83	351.43	692.69	341.36	2.10	138.64	0.41	70.56	5593.24	-5546.69	3926.69
Fixation L	1	22	3147602010	3147774128	172118	707.32	355.92	32	31	-1	14.13	14.13
Fixation R	1	22	3147602010	3147774128	172118	707.32	355.92	32	31	-1	14.96	14.96
Saccade L	1	26	3147774128	3147812129	38001	711.30	371.63	745.94	354.12	1.10	46.12	0.28	28.96	969.60	-744.08	523.86
Saccade R	1	27	3147774128	3147812129	38001	711.30	371.63	745.94	354.12	1.10	46.12	0.28	28.96	969.60	-744.08	523.86
Fixation L	1	23	3147812129	3147982248	170119	747.43	360.70	14	27	-1	14.06	14.06
Fixation R	1	23	3147812129	3147982248	170119	747.43	360.70	14	27	-1	14.87	14.87
Fixation L	1	24	3148038157	3148224369	186212	746.04	370.47	35	16	-1	14.26	14.26
Fixation R	1	24	3148038157	3148224369	186212	746.04	370.47	35	16	-1	14.94	14.94
Saccade L	1	27	3148224369	3148274369	50000	748.56	373.81	479.02	448.46	7.03	312.16	0.36	140.63	13217.64	-12672.81	8740.84
Saccade R	1	28	3148224369	3148274369	50000	748.56	373.81	479.02	448.46	7.03	312.16	0.36	140.63	13217.64	-12672.81	8740.84
Fixation L	1	25	3148274369	3148366359	91990	457.75	439.72	45	27	-1	14.62	14.62
Fixation R	1	25	3148274369	3148366359	91990	457.75	439.72	45	27	-1	15.09	15.09
Saccade L	1	28	3148366359	3148406354	39995	456.29	446.13	409.57	395.98	1.68	79.37	0.25	41.91	3089.62	-2520.41	1688.10
Saccade R	1	29	3148366359	3148406354	39995	456.29	446.13	409.57	395.98	1.68	79.37	0.25	41.91	3089.62	-2520.41	1688.10
Saccade L	1	29	3148414652	3148440500	25848	406.13	398.85	401.50	437.16	0.95	50.86	0.72	36.79	1426.44	-1503.30	1146.39
Saccade R	1	30	3148414652	3148440500	25848	406.13	398.85	401.50	437.16	0.95	50.86	0.72	36.79	1426.44	-1503.30	1146.39
Fixation L	1	26	3148440500	3148562455	121955	410.46	438.00	53	47	-1	14.86	14.86
Fixation R	1	26	3148440500	3148562455	121955	410.46	438.00	53	47	-1	15.38	15.38
Saccade L	1	30	3148562455	3148589568	27113	408.83	467.48	382.93	418.87	1.12	66.52	0.66	41.28	1772.85	120.97	901.82
Saccade R	1	31	3148562455	3148589568	27113	408.83	467.48	382.93	418.87	1.12	66.52	0.66	41.28	1772.85	120.97	901.82
Fixation L	1	27	3148608485	3148676471	67986	416.95	452.52	68	8	-1	14.77	14.77
Fixation R	1	27	3148608485	3148676471	67986	416.95	452.52	68	8	-1	15.38	15.38
Saccade L	1	31	3148708466	3148732470	24004	407.51	420.01	422.92	471.50	1.08	73.38	0.46	44.83	1851.49	-2499.34	1511.80
Saccade R	1	32	3148708466	3148732470	24004	407.51	420.01	422.92	471.50	1.08	73.38	0.46	44.83	1851.49	-2499.34	1511.80
Fixation L	1	28	3148732470	3149002973	270503	423.13	451.57	28	32	-1	14.63	14.63
Fixation R	1	28	3148732470	3149002973	270503	423.13	451.57	28	32	-1	15.16	15.16
Saccade L	1	32	3149002973	3149034709	31736	419.47	457.59	424.74	368.13	1.89	113.63	0.43	59.62	4645.01	-4372.10	3260.24
Saccade R	1	33	3149002973	3149034709	31736	419.47	457.59	424.74	368.13	1.89	113.63	0.43	59.62	4645.01	-4372.10	3260.24
Fixation L	1	29	3149034709	3149108716	74007	425.90	365.74	20	13	-1	14.05	14.05
Fixation R	1	29	3149034709	3149108716	74007	425.90	365.74	20	13	-1	14.69	14.69
Saccade L	1	33	3149151168	3149172721	21553	460.44	395.32	419.70	382.34	0.88	67.41	0.44	40.75	1524.37	-2449.76	1329.95
Saccade R	1	34	3149151168	3149172721	21553	460.44	395.32	419.70	382.34	0.88	67.41	0.44	40.75	1524.37	-2449.76	1329.95
Fixation L	1	30	3149172721	3149248701	75980	417.62	365.11	16	38	-1	13.92	13.92
Fixation R	1	30	3149172721	3149248701	75980	417.62	365.11	16	38	-1	14.49	14.49
Saccade L	1	34	3149248701	3149296821	48120	423.55	351.96	420.01	404.24	1.57	52.80	0.63	32.53	1274.68	-1241.57	835.35
Saccade R	1	35	3149248701	3149296821	48120	423.55	351.96	420.01	404.24	1.57	52.80	0.63	32.53	1274.68	-1241.57	835.35
Fixation L	1	31	3149296821	3149408821	112000	435.28	410.27	30	21	-1	14.00	14.00
Fixation R	1	31	3149296821	3149408821	112000	435.28	410.27	30	21	-1	14.64	14.64
Saccade L	1	35	3149408821	3149446818	37997	435.57	403.75	418.57	450.76	1.47	68.57	0.32	38.78	2675.24	-2001.24	1649.17
Saccade R	1	36	3149408821	3149446818	37997	435.57	403.75	418.57	450.76	1.47	68.57	0.32	38.78	2675.24	-2001.24	1649.17
Fixation L	1	32	3149446818	3149628096	181278	408.01	452.47	29	22	-1	14.27	14.27
Fixation R	1	32	3149446818	3149628096	181278	408.01	452.47	29	22	-1	15.15	15.15
Saccade L	1	36	3149628096	3149663420	35324	407.17	446.25	479.95	430.85	1.99	92.93	0.41	56.26	3437.83	-3222.04	2384.78
Saccade R	1	37	3149628096	3149663420	35324	407.17	446.25	479.95	430.85	1.99	92.93	0.41	56.26	3437.83	-3222.04	2384.78
Fixation L	1	33	3149663420	3149804930	141510	484.01	437.64	25	27	-1	14.44	14.44
Fixation R	1	33	3149663420	3149804930	141510	484.01	437.64	25	27	-1	15.19	15.19
Fixation L	1	34	3149841116	3150011101	169985	460.20	452.76	30	22	-1	14.07	14.07
Fixation R	1	34	3149841116	3150011101	169985	460.20	452.76	30	22	-1	14.77	14.77
Saccade L	1	37	3150011101	3150061046	49945	463.17	463.41	459.65	433.96	13.59	637.78	0.29	272.07	24468.37	-25556.37	15479.81
Saccade R	1	38	3150011101	3150061046	49945	463.17	463.41	459.65	433.96	13.59	637.78	0.29	272.07	24468.37	-25556.37	15479.81
Fixation L	1	35	3150061046	3150165287	104241	456.66	441.16	29	15	-1	14.14	14.14
Fixation R	1	35	3150061046	3150165287	104241	456.66	441.16	29	15	-1	14.92	14.92
Saccade L	1	38	3150165287	3150193170	27883	448.49	444.50	367.24	486.20	2.06	135.80	0.51	73.91	5721.45	-4915.86	3846.31
Saccade R	1	39	3150165287	3150193170	27883	448.49	444.50	367.24	486.20	2.06	135.80	0.51	73.91	5721.45	-4915.86	3846.31
Fixation L	1	36	3150193170	3150333190	140020	382.16	490.06	26	18	-1	14.45	14.45
Fixation R	1	36	3150193170	3150333190	140020	382.16	490.06	26	18	-1	15.06	15.06
Saccade L	1	39	3150333190	3150363157	29967	378.11	489.84	429.11	457.78	1.32	64.87	0.61	44.08	2421.83	-2029.20	1668.27
Saccade R	1	40	3150333190	3150363157	29967	378.11	489.84	429.11	457.78	1.32	64.87	0.61	44.08	2421.83	-2029.20	1668.27
Fixation L	1	37	3150363157	3150453858	90701	429.77	464.68	11	15	-1	14.60	14.60
Fixation R	1	37	3150363157	3150453858	90701	429.77	464.68	11	15	-1	15.14	15.14
Saccade L	1	40	3150453858	3150507279	53421	422.64	473.85	417.66	471.94	6.31	240.06	0.66	118.15	7199.44	-10592.04	6364.81
Saccade R	1	41	3150453858	3150507279	53421	422.64	473.85	417.66	471.94	6.31	240.06	0.66	118.15	7199.44	-10592.04	6364.81
Blink L	1	3	3150541280	3150577277	35997
Blink R	1	2	3150541280	3150577277	35997
Fixation L	1	38	3150577277	3150931514	354237	401.82	473.55	27	29	-1	14.28	14.28
Fixation R	1	38	3150577277	3150931514	354237	401.82	473.55	27	29	-1	14.93	14.93
Saccade L	1	41	3150931514	3150959508	27994	396.66	470.57	496.22	476.88	2.07	140.14	0.48	74.05	5568.16	-5125.79	3935.00
Saccade R	1	42	3150931514	3150959508	27994	396.66	470.57	496.22	476.88	2.07	140.14	0.48	74.05	5568.16	-5125.79	3935.00
Fixation L	1	39	3150959508	3151466731	507223	490.54	476.11	28	35	-1	14.50	14.50
Fixation R	1	39	3150959508	3151466731	507223	490.54	476.11	28	35	-1	15.15	15.15
Saccade L	1	42	3151466731	3151493936	27205	495.71	483.13	392.25	461.46	2.15	157.82	0.40	79.17	6123.10	-5653.67	4327.35
Saccade R	1	43	3151466731	3151493936	27205	495.71	483.13	392.25	461.46	2.15	157.82	0.40	79.17	6123.10	-5653.67	4327.35
Fixation L	1	40	3151493936	3151973872	479936	404.49	455.77	30	40	-1	14.97	14.97
Fixation R	1	40	3151493936	3151973872	479936	404.49	455.77	30	40	-1	15.50	15.50
Saccade L	1	43	3151973872	3152001978	28106	403.12	446.56	478.91	459.77	1.61	101.53	0.50	57.25	3961.67	-3758.50	2874.88
Saccade R	1	44	3151973872	3152001978	28106	403.12	446.56	478.91	459.77	1.61	101.53	0.50	57.25	3961.67	-3758.50	2874.88
Fixation L	1	41	3152001978	3152326169	324191	465.48	452.80	28	29	-1	15.12	15.12
Fixation R	1	41	3152001978	3152326169	324191	465.48	452.80	28	29	-1	15.97	15.97
Saccade L	1	44	3152326169	3152354105	27936	466.33	450.70	552.52	451.30	2.06	135.07	0.50	73.66	5481.14	-5278.93	3867.64
Saccade R	1	45	3152326169	3152354105	27936	466.33	450.70	552.52	451.30	2.06	135.07	0.50	73.66	5481.14	-5278.93	3867.64
Fixation L	1	42	3152354105	3152810319	456214	551.37	443.03	23	26	-1	14.68	14.68
Fixation R	1	42	3152354105	3152810319	456214	551.37	443.03	23	26	-1	15.54	15.54
Saccade L	1	45	3152810319	3152842321	32002	559.22	447.55	384.36	456.62	3.75	211.37	0.53	117.18	9105.92	-8723.99	6740.92
Saccade R	1	46	3152810319	3152842321	32002	559.22	447.55	384.36	456.62	3.75	211.37	0.53	117.18	9105.92	-8723.99	6740.92
Fixation L	1	43	3152842321	3153040442	198121	393.15	447.57	14	24	-1	15.18	15.18
Fixation R	1	43	3152842321	3153040442	198121	393.15	447.57	14	24	-1	15.80	15.80
Fixation L	1	44	3153060387	3154405133	1344746	357.25	452.89	42	35	-1	15.09	15.09
Fixation R	1	44	3153060387	3154405133	1344746	357.25	452.89	42	35	-1	15.80	15.80
Saccade L	1	46	3154533099	3154581089	47990	341.96	427.85	342.83	455.18	5.16	191.44	0.67	107.58	7598.08	-8579.52	5412.49
Saccade R	1	47	3154533099	3154581089	47990	341.96	427.85	342.83	455.18	5.16	191.44	0.67	107.58	7598.08	-8579.52	5412.49
Fixation L	1	45	3154581089	3154985547	404458	351.68	449.77	27	32	-1	14.96	14.96
Fixation R	1	45	3154581089	3154985547	404458	351.68	449.77	27	32	-1	15.59	15.59
Saccade L	1	47	3155009368	3155049236	39868	363.82	418.32	357.73	466.23	1.71	73.18	0.35	42.93	1500.79	-2349.95	1351.20
Saccade R	1	48	3155009368	3155049236	39868	363.82	418.32	357.73	466.23	1.71	73.18	0.35	42.93	1500.79	-2349.95	1351.20
Saccade L	1	48	3155061169	3155099240	38071	362.06	460.29	406.32	505.68	15.09	851.05	0.68	396.26	27058.73	-29655.93	19596.92
Saccade R	1	49	3155061169	3155099240	38071	362.06	460.29	406.32	505.68	15.09	851.05	0.68	396.26	27058.73	-29655.93	19596.92
Fixation L	1	46	3155099240	3155203362	104122	412.12	507.17	9	8	-1	15.17	15.17
Fixation R	1	46	3155099240	3155203362	104122	412.12	507.17	9	8	-1	15.82	15.82
Saccade L	1	49	3155203362	3155231354	27992	413.38	510.52	429.50	466.33	1.19	66.75	0.65	42.53	2586.70	85.40	1295.74
Saccade R	1	50	3155203362	3155231354	27992	413.38	510.52	429.50	466.33	1.19	66.75	0.65	42.53	2586.70	85.40	1295.74
Saccade L	1	50	3155231354	3155277359	46005	429.50	466.33	333.89	512.50	2.59	109.97	0.23	56.37	2477.90	-3187.08	2086.14
Saccade R	1	51	3155231354	3155277359	46005	429.50	466.33	333.89	512.50	2.59	109.97	0.23	56.37	2477.90	-3187.08	2086.14
Fixation L	1	47	3155277359	3155327367	50008	335.11	521.49	5	13	-1	15.28	15.28
Fixation R	1	47	3155277359	3155327367	50008	335.11	521.49	5	13	-1	15.80	15.80
Saccade L	1	51	3155327367	3155354972	27605	336.64	523.70	354.54	470.20	1.38	85.68	0.43	50.08	3404.77	-2978.66	2230.29
Saccade R	1	52	3155327367	3155354972	27605	336.64	523.70	354.54	470.20	1.38	85.68	0.43	50.08	3404.77	-2978.66	2230.29
Saccade L	1	52	3155369728	3155407351	37623	366.85	471.20	410.55	516.01	3.28	210.39	0.39	87.13	7166.74	-6265.54	4115.53
Saccade R	1	53	3155369728	3155407351	37623	366.85	471.20	410.55	516.01	3.28	210.39	0.39	87.13	7166.74	-6265.54	4115.53
Saccade L	1	53	3155421659	3155533854	112195	405.51	514.42	386.19	465.89	12.06	237.72	0.64	107.48	5662.56	-8739.24	4068.33
Saccade R	1	54	3155421659	3155533854	112195	405.51	514.42	386.19	465.89	12.06	237.72	0.64	107.48	5662.56	-8739.24	4068.33
Fixation L	1	48	3155533854	3155653570	119716	377.27	461.50	20	17	-1	14.89	14.89
Fixation R	1	48	3155533854	3155653570	119716	377.27	461.50	20	17	-1	15.47	15.47
Blink L	1	4	3155653570	3155827591	174021
Blink R	1	3	3155653570	3155827591	174021
Fixation L	1	49	3155827591	3156025932	198341	432.21	527.71	25	15	-1	14.83	14.83
Fixation R	1	49	3155827591	3156025932	198341	432.21	527.71	25	15	-1	15.58	15.58
Saccade L	1	54	3156025932	3156118447	92515	433.18	524.39	377.09	462.34	26.65	653.21	0.21	288.03	26785.94	-25492.43	13119.65
Saccade R	1	55	3156025932	3156118447	92515	433.18	524.39	377.09	462.34	26.65	653.21	0.21	288.03	26785.94	-25492.43	13119.65
Fixation L	1	50	3156118447	3156506469	388022	374.33	461.04	24	30	-1	14.40	14.40
Fixation R	1	50	3156118447	3156506469	388022	374.33	461.04	24	30	-1	15.22	15.22
Saccade L	1	55	3156543806	3156577817	34011	380.36	466.06	356.72	450.53	1.09	63.09	0.36	32.07	1268.48	-1712.56	1012.18
Saccade R	1	56	3156543806	3156577817	34011	380.36	466.06	356.72	450.53	1.09	63.09	0.36	32.07	1268.48	-1712.56	1012.18
Fixation L	1	51	3156577817	3156868049	290232	364.87	452.59	38	70	-1	14.64	14.64
Fixation R	1	51	3156577817	3156868049	290232	364.87	452.59	38	70	-1	15.47	15.47
Saccade L	1	56	3156868049	3156892050	24001	366.80	414.04	363.41	456.39	0.90	60.27	0.42	37.55	884.73	-939.49	556.87
Saccade R	1	57	3156868049	3156892050	24001	366.80	414.04	363.41	456.39	0.90	60.27	0.42	37.55	884.73	-939.49	556.87
Saccade L	1	57	3156897311	3156926050	28739	361.32	458.22	421.13	429.54	1.45	85.99	0.45	50.33	2428.52	-3370.57	2161.68
Saccade R	1	58	3156897311	3156926050	28739	361.32	458.22	421.13	429.54	1.45	85.99	0.45	50.33	2428.52	-3370.57	2161.68
Fixation L	1	52	3156926050	3157058048	131998	415.29	432.11	27	14	-1	14.69	14.69
Fixation R	1	52	3156926050	3157058048	131998	415.29	432.11	27	14	-1	15.62	15.62
Saccade L	1	58	3157058048	3157086052	28004	410.36	440.76	368.14	393.17	1.36	83.07	0.39	48.42	2997.55	-3140.88	2091.50
Saccade R	1	59	3157058048	3157086052	28004	410.36	440.76	368.14	393.17	1.36	83.07	0.39	48.42	2997.55	-3140.88	2091.50
Saccade L	1	59	3157104457	3157136165	31708	365.62	386.08	412.12	461.45	1.87	109.53	0.34	58.82	4311.41	-3946.69	2447.21
Saccade R	1	60	3157104457	3157136165	31708	365.62	386.08	412.12	461.45	1.87	109.53	0.34	58.82	4311.41	-3946.69	2447.21
Saccade L	1	60	3157140211	3157168161	27950	413.56	461.80	368.26	449.22	1.36	73.92	0.36	48.83	1495.06	-2251.22	1368.26
Saccade R	1	61	3157140211	3157168161	27950	413.56	461.80	368.26	449.22	1.36	73.92	0.36	48.83	1495.06	-2251.22	1368.26
Saccade L	1	61	3157182159	3157208156	25997	400.84	446.42	354.81	529.86	1.99	139.09	0.50	76.57	5331.76	-5320.71	3777.10
Saccade R	1	62	3157182159	3157208156	25997	400.84	446.42	354.81	529.86	1.99	139.09	0.50	76.57	5331.76	-5320.71	3777.10
Fixation L	1	53	3157208156	3157444270	236114	367.47	524.30	20	18	-1	14.73	14.73
Fixation R	1	53	3157208156	3157444270	236114	367.47	524.30	20	18	-1	15.60	15.60
Saccade L	1	62	3157444270	3157472997	28727	363.40	525.04	378.28	442.49	1.85	115.25	0.49	64.55	4304.75	-4569.20	3247.55
Saccade R	1	63	3157444270	3157472997	28727	363.40	525.04	378.28	442.49	1.85	115.25	0.49	64.55	4304.75	-4569.20	3247.55
Fixation L	1	54	3157472997	3158366613	893616	367.14	448.25	35	39	-1	14.33	14.33
Fixation R	1	54	3157472997	3158366613	893616	367.14	448.25	35	39	-1	15.17	15.17
Saccade L	1	63	3158366613	3158410621	44008	364.02	460.46	372.86	519.57	1.72	79.07	0.27	39.10	2809.79	-2307.25	1505.95
Saccade R	1	64	3158366613	3158410621	44008	364.02	460.46	372.86	519.57	1.72	79.07	0.27	39.10	2809.79	-2307.25	1505.95
Fixation L	1	55	3158410621	3159255088	844467	397.17	527.36	42	35	-1	14.74	14.74
Fixation R	1	55	3158410621	3159255088	844467	397.17	527.36	42	35	-1	15.30	15.30
Saccade L	1	64	3159255088	3159289019	33931	409.44	529.89	345.63	408.24	3.23	175.47	0.59	95.19	7071.10	-7174.26	5267.43
Saccade R	1	65	3159255088	3159289019	33931	409.44	529.89	345.63	408.24	3.23	175.47	0.59	95.19	7071.10	-7174.26	5267.43
Fixation L	1	56	3159289019	3160169430	880411	354.58	433.31	373	460	-1	15.00	15.00
Fixation R	1	56	3159289019	3160169430	880411	354.58	433.31	373	460	-1	15.61	15.61
Saccade L	1	65	3160169430	3160197425	27995	359.85	453.97	0.00	0.00	9.05	745.63	0.71	323.41	28149.68	-19612.39	15281.51
Saccade R	1	66	3160169430	3160197425	27995	359.85	453.97	0.00	0.00	9.05	745.63	0.71	323.41	28149.68	-19612.39	15281.51
Blink L	1	5	3160202054	3160227453	25399
Blink R	1	4	3160202054	3160227453	25399
Fixation L	1	57	3160227453	3160717668	490215	365.07	443.50	26	25	-1	15.36	15.36
Fixation R	1	57	3160227453	3160717668	490215	365.07	443.50	26	25	-1	15.95	15.95
UserEvent	1	454	3160304879	# Message: UE-mouseclick left x=365 y=438
Saccade L	1	66	3160717668	3160745262	27594	358.93	446.06	398.75	529.67	2.05	131.48	0.51	74.45	5567.34	-5495.98	4030.07
Saccade R	1	67	3160717668	3160745262	27594	358.93	446.06	398.75	529.67	2.05	131.48	0.51	74.45	5567.34	-5495.98	4030.07
Fixation L	1	58	3160745262	3160885662	140400	404.96	522.38	22	18	-1	15.69	15.69
Fixation R	1	58	3160745262	3160885662	140400	404.96	522.38	22	18	-1	16.21	16.21
Saccade L	1	67	3160885662	3160907783	22121	413.16	510.70	372.51	528.89	0.90	63.31	0.46	40.76	2111.73	-2166.27	1558.73
Saccade R	1	68	3160885662	3160907783	22121	413.16	510.70	372.51	528.89	0.90	63.31	0.46	40.76	2111.73	-2166.27	1558.73
Fixation L	1	59	3160907783	3161055771	147988	374.71	528.37	21	13	-1	15.70	15.70
Fixation R	1	59	3160907783	3161055771	147988	374.71	528.37	21	13	-1	16.32	16.32
Saccade L	1	68	3161055771	3161083795	28024	364.63	532.53	439.87	520.10	1.70	105.60	0.45	60.61	4535.68	-4149.71	3117.06
Saccade R	1	69	3161055771	3161083795	28024	364.63	532.53	439.87	520.10	1.70	105.60	0.45	60.61	4535.68	-4149.71	3117.06
Fixation L	1	60	3161083795	3161562000	478205	431.59	529.26	20	22	-1	15.07	15.07
Fixation R	1	60	3161083795	3161562000	478205	431.59	529.26	20	22	-1	15.60	15.60
Saccade L	1	69	3161562000	3161594664	32664	440.92	528.94	404.28	449.02	1.93	104.78	0.43	59.13	4307.02	-4171.32	3126.82
Saccade R	1	70	3161562000	3161594664	32664	440.92	528.94	404.28	449.02	1.93	104.78	0.43	59.13	4307.02	-4171.32	3126.82
Fixation L	1	61	3161594664	3161766151	171487	407.60	448.97	16	32	-1	14.47	14.47
Fixation R	1	61	3161594664	3161766151	171487	407.60	448.97	16	32	-1	14.85	14.85
Saccade L	1	70	3161766151	3161794134	27983	402.79	457.37	439.01	439.40	1.12	74.63	0.36	40.08	2558.55	-2481.98	1626.14
Saccade R	1	71	3161766151	3161794134	27983	402.79	457.37	439.01	439.40	1.12	74.63	0.36	40.08	2558.55	-2481.98	1626.14
Fixation L	1	62	3161794134	3161942287	148153	445.71	442.76	17	12	-1	14.38	14.38
Fixation R	1	62	3161794134	3161942287	148153	445.71	442.76	17	12	-1	15.03	15.03
Saccade L	1	71	3161942287	3161966240	23953	441.60	442.05	493.63	444.87	0.99	66.45	0.42	41.48	2628.06	-2668.26	1809.28
Saccade R	1	72	3161942287	3161966240	23953	441.60	442.05	493.63	444.87	0.99	66.45	0.42	41.48	2628.06	-2668.26	1809.28
Fixation L	1	63	3161966240	3162126234	159994	492.90	440.28	19	13	-1	14.38	14.38
Fixation R	1	63	3161966240	3162126234	159994	492.90	440.28	19	13	-1	15.13	15.13
Saccade L	1	72	3162126234	3162148240	22006	496.24	434.93	556.31	452.52	1.29	101.43	0.45	58.45	4053.71	-3331.40	2529.12
Saccade R	1	73	3162126234	3162148240	22006	496.24	434.93	556.31	452.52	1.29	101.43	0.45	58.45	4053.71	-3331.40	2529.12
Fixation L	1	64	3162148240	3162496490	348250	559.72	447.48	38	30	-1	14.32	14.32
Fixation R	1	64	3162148240	3162496490	348250	559.72	447.48	38	30	-1	15.24	15.24
Saccade L	1	73	3162496490	3162528469	31979	557.51	458.30	402.27	537.91	3.92	242.77	0.50	122.54	10565.14	-10296.53	7644.54
Saccade R	1	74	3162496490	3162528469	31979	557.51	458.30	402.27	537.91	3.92	242.77	0.50	122.54	10565.14	-10296.53	7644.54
Fixation L	1	65	3162528469	3162696473	168004	401.98	523.92	26	34	-1	14.51	14.51
Fixation R	1	65	3162528469	3162696473	168004	401.98	523.92	26	34	-1	15.12	15.12
Saccade L	1	74	3162696473	3162720584	24111	390.70	512.76	355.90	535.73	0.86	52.90	0.50	35.51	2177.82	-1690.33	1387.45
Saccade R	1	75	3162696473	3162720584	24111	390.70	512.76	355.90	535.73	0.86	52.90	0.50	35.51	2177.82	-1690.33	1387.45
Fixation L	1	66	3162720584	3162964578	243994	361.16	535.34	14	16	-1	14.37	14.37
Fixation R	1	66	3162720584	3162964578	243994	361.16	535.34	14	16	-1	14.86	14.86
Saccade L	1	75	3162964578	3162990605	26027	363.25	535.13	451.44	539.07	1.90	129.53	0.46	72.90	5503.32	-4962.14	3811.37
Saccade R	1	76	3162964578	3162990605	26027	363.25	535.13	451.44	539.07	1.90	129.53	0.46	72.90	5503.32	-4962.14	3811.37
Fixation L	1	67	3162990605	3163208693	218088	444.51	536.02	17	23	-1	13.87	13.87
Fixation R	1	67	3162990605	3163208693	218088	444.51	536.02	17	23	-1	14.48	14.48
Fixation L	1	68	3163227454	3163322833	95379	419.23	528.86	24	20	-1	13.63	13.63
Fixation R	1	68	3163227454	3163322833	95379	419.23	528.86	24	20	-1	14.28	14.28
Saccade L	1	76	3163322833	3163356809	33976	418.84	517.02	386.38	450.70	1.60	75.70	0.41	47.17	2966.10	-2694.86	2082.91
Saccade R	1	77	3163322833	3163356809	33976	418.84	517.02	386.38	450.70	1.60	75.70	0.41	47.17	2966.10	-2694.86	2082.91
Fixation L	1	69	3163356809	3163558941	202132	386.32	442.05	22	19	-1	13.30	13.30
Fixation R	1	69	3163356809	3163558941	202132	386.32	442.05	22	19	-1	13.99	13.99
Saccade L	1	77	3163558941	3163582927	23986	398.39	442.56	358.05	433.86	0.84	55.02	0.50	35.22	2306.69	-1876.72	1495.05
Saccade R	1	78	3163558941	3163582927	23986	398.39	442.56	358.05	433.86	0.84	55.02	0.50	35.22	2306.69	-1876.72	1495.05
Fixation L	1	70	3163582927	3164091176	508249	349.36	432.46	41	34	-1	13.39	13.39
Fixation R	1	70	3163582927	3164091176	508249	349.36	432.46	41	34	-1	13.93	13.93
Saccade L	1	78	3164091176	3164119160	27984	352.47	433.00	447.42	435.49	2.02	139.20	0.51	72.13	5694.92	-5408.19	3997.74
Saccade R	1	79	3164091176	3164119160	27984	352.47	433.00	447.42	435.49	2.02	139.20	0.51	72.13	5694.92	-5408.19	3997.74
Fixation L	1	71	3164119160	3164561267	442107	456.98	433.47	32	30	-1	13.39	13.39
Fixation R	1	71	3164119160	3164561267	442107	456.98	433.47	32	30	-1	13.87	13.87
Saccade L	1	79	3164561267	3164597266	35999	465.57	438.43	379.22	522.76	2.77	155.33	0.50	77.00	6366.41	-5947.11	4373.71
Saccade R	1	80	3164561267	3164597266	35999	465.57	438.43	379.22	522.76	2.77	155.33	0.50	77.00	6366.41	-5947.11	4373.71
Fixation L	1	72	3164597266	3164745747	148481	375.91	526.53	17	25	-1	13.72	13.72
Fixation R	1	72	3164597266	3164745747	148481	375.91	526.53	17	25	-1	13.99	13.99
Saccade L	1	80	3164745747	3164771389	25642	366.58	535.04	433.79	532.90	1.39	93.17	0.53	54.32	3974.48	-3502.01	2693.59
Saccade R	1	81	3164745747	3164771389	25642	366.58	535.04	433.79	532.90	1.39	93.17	0.53	54.32	3974.48	-3502.01	2693.59
Fixation L	1	73	3164771389	3165237899	466510	429.68	530.77	23	33	-1	13.37	13.37
Fixation R	1	73	3164771389	3165237899	466510	429.68	530.77	23	33	-1	13.81	13.81
Saccade L	1	81	3165237899	3165267618	29719	419.79	511.88	353.52	535.15	1.55	87.02	0.46	52.09	3303.25	-3620.72	2531.27
Saccade R	1	82	3165237899	3165267618	29719	419.79	511.88	353.52	535.15	1.55	87.02	0.46	52.09	3303.25	-3620.72	2531.27
Fixation L	1	74	3165267618	3165527736	260118	349.36	532.10	15	23	-1	13.09	13.09
Fixation R	1	74	3165267618	3165527736	260118	349.36	532.10	15	23	-1	13.51	13.51
Saccade L	1	82	3165527736	3165559915	32179	347.90	523.37	383.78	334.99	4.15	236.24	0.50	128.91	10456.68	-9780.46	7569.24
Saccade R	1	83	3165527736	3165559915	32179	347.90	523.37	383.78	334.99	4.15	236.24	0.50	128.91	10456.68	-9780.46	7569.24
Fixation L	1	75	3165559915	3165611908	51993	373.51	344.91	13	17	-1	13.04	13.04
Fixation R	1	75	3165559915	3165611908	51993	373.51	344.91	13	17	-1	13.49	13.49
Saccade L	1	83	3165611908	3165637738	25830	371.58	342.76	415.03	335.78	0.91	49.40	0.49	35.41	2086.45	-1696.27	1364.17
Saccade R	1	84	3165611908	3165637738	25830	371.58	342.76	415.03	335.78	0.91	49.40	0.49	35.41	2086.45	-1696.27	1364.17
Fixation L	1	76	3165637738	3165851848	214110	403.22	349.48	23	40	-1	13.13	13.13
Fixation R	1	76	3165637738	3165851848	214110	403.22	349.48	23	40	-1	13.51	13.51
Saccade L	1	84	3165851848	3165889841	37993	394.66	343.12	420.07	533.89	4.30	216.12	0.32	113.28	8757.36	-7391.72	5691.65
Saccade R	1	85	3165851848	3165889841	37993	394.66	343.12	420.07	533.89	4.30	216.12	0.32	113.28	8757.36	-7391.72	5691.65
Fixation L	1	77	3165889841	3166139961	250120	412.24	527.35	26	25	-1	13.77	13.77
Fixation R	1	77	3165889841	3166139961	250120	412.24	527.35	26	25	-1	14.30	14.30
Saccade L	1	85	3166139961	3166175146	35185	412.26	531.13	366.98	464.26	2.07	95.50	0.57	58.76	3591.47	-3958.74	2852.62
Saccade R	1	86	3166139961	3166175146	35185	412.26	531.13	366.98	464.26	2.07	95.50	0.57	58.76	3591.47	-3958.74	2852.62
Fixation L	1	78	3166175146	3166358108	182962	368.56	468.83	22	17	-1	13.48	13.48
Fixation R	1	78	3166175146	3166358108	182962	368.56	468.83	22	17	-1	13.97	13.97
Fixation L	1	79	3166378077	3166664290	286213	408.84	474.94	34	26	-1	13.41	13.41
Fixation R	1	79	3166378077	3166664290	286213	408.84	474.94	34	26	-1	13.97	13.97
Saccade L	1	86	3166664290	3166688198	23908	404.74	471.95	401.53	529.83	1.21	90.97	0.50	50.43	2951.67	-3350.46	2191.58
Saccade R	1	87	3166664290	3166688198	23908	404.74	471.95	401.53	529.83	1.21	90.97	0.50	50.43	2951.67	-3350.46	2191.58
Fixation L	1	80	3166688198	3167056440	368242	378.12	527.37	46	30	-1	13.75	13.75
Fixation R	1	80	3166688198	3167056440	368242	378.12	527.37	46	30	-1	14.20	14.20
Fixation L	1	81	3167084516	3167140420	55904	387.42	524.92	23	24	-1	13.81	13.81
Fixation R	1	81	3167084516	3167140420	55904	387.42	524.92	23	24	-1	14.41	14.41
Saccade L	1	87	3167140420	3167182465	42045	374.37	509.95	403.73	534.73	1.14	40.76	0.68	27.16	820.59	-1483.67	698.41
Saccade R	1	88	3167140420	3167182465	42045	374.37	509.95	403.73	534.73	1.14	40.76	0.68	27.16	820.59	-1483.67	698.41
Fixation L	1	82	3167182465	3167918999	736534	385.42	526.61	48	32	-1	13.47	13.47
Fixation R	1	82	3167182465	3167918999	736534	385.42	526.61	48	32	-1	13.91	13.91
UserEvent	1	643	3167784797	# Message: UE-mouseclick left x=401 y=530
