[BeGaze]
Converted from:	C:\Program Files\SMI\Experiment Suite 360\Experiment Center 2\Results\RC-Attachment-Exp\P28-eye_data.idf
Date:	18.03.2012 20:23:23
Version:	BeGaze 3.0.181
Sample Rate:	500
Subject:	P28
Description:	Run33

Table Header for Fixations:
Event Type	Trial	Number	Start	End	Duration	Location X	Location Y	Dispersion X	Dispersion Y	Plane	Avg. Pupil Size X	Avg. Pupil Size Y

Table Header for Saccades:
Event Type	Trial	Number	Start	End	Duration	Start Loc.X	Start Loc.Y	End Loc.X	End Loc.Y	Amplitude	Peak Speed	Peak Speed At	Average Speed	Peak Accel.	Peak Decel.	Average Accel.

Table Header for Blinks:
Event Type	Trial	Number	Start	End	Duration

Table Header for User Events:
Event Type	Trial	Number	Start	Description

UserEvent	1	1	14243328821	# Message: Dist-srcop-12.jpg
Fixation L	1	1	14243338395	14243630318	291923	501.09	461.98	18	38	-1	13.55	13.55
Fixation R	1	1	14243338395	14243630318	291923	501.09	461.98	18	38	-1	13.38	13.38
Saccade L	1	1	14243630318	14243689806	59488	496.54	485.14	493.68	460.11	1.38	40.59	0.61	23.27	750.80	-1424.55	664.62
Saccade R	1	1	14243630318	14243689806	59488	496.54	485.14	493.68	460.11	1.38	40.59	0.61	23.27	750.80	-1424.55	664.62
Fixation L	1	2	14243689806	14243978569	288763	491.30	448.35	27	21	-1	13.37	13.37
Fixation R	1	2	14243689806	14243978569	288763	491.30	448.35	27	21	-1	13.02	13.02
Saccade L	1	2	14243978569	14244006548	27979	475.44	444.54	552.20	429.91	1.74	119.79	0.50	62.23	4970.51	-4925.38	3603.82
Saccade R	1	2	14243978569	14244006548	27979	475.44	444.54	552.20	429.91	1.74	119.79	0.50	62.23	4970.51	-4925.38	3603.82
Saccade L	1	3	14244028549	14244080082	51533	550.84	428.91	598.99	482.36	1.64	50.74	0.58	31.78	1427.77	-1637.98	1006.81
Saccade R	1	3	14244028549	14244080082	51533	550.84	428.91	598.99	482.36	1.64	50.74	0.58	31.78	1427.77	-1637.98	1006.81
Saccade L	1	4	14244082551	14244116545	33994	599.93	483.71	558.33	464.99	1.01	52.32	0.30	29.68	1279.35	-1841.01	1135.83
Saccade R	1	4	14244082551	14244116545	33994	599.93	483.71	558.33	464.99	1.01	52.32	0.30	29.68	1279.35	-1841.01	1135.83
Saccade L	1	5	14244140568	14244196704	56136	564.51	464.20	671.15	437.55	3.06	168.78	0.50	54.51	6380.94	-6362.01	3423.62
Saccade R	1	5	14244140568	14244196704	56136	564.51	464.20	671.15	437.55	3.06	168.78	0.50	54.51	6380.94	-6362.01	3423.62
Saccade L	1	6	14244214703	14244248694	33991	672.50	437.47	642.89	438.38	0.87	45.01	0.47	25.49	1749.28	-794.30	909.72
Saccade R	1	6	14244214703	14244248694	33991	672.50	437.47	642.89	438.38	0.87	45.01	0.47	25.49	1749.28	-794.30	909.72
Saccade L	1	7	14244248694	14244304714	56020	642.89	438.38	698.40	400.28	2.39	92.33	0.32	42.65	2984.01	-2032.04	1513.69
Saccade R	1	7	14244248694	14244304714	56020	642.89	438.38	698.40	400.28	2.39	92.33	0.32	42.65	2984.01	-2032.04	1513.69
Saccade L	1	8	14244304714	14244340679	35965	698.40	400.28	578.94	423.20	2.78	190.99	0.55	77.39	7517.47	-7185.12	4677.88
Saccade R	1	8	14244304714	14244340679	35965	698.40	400.28	578.94	423.20	2.78	190.99	0.55	77.39	7517.47	-7185.12	4677.88
Saccade L	1	9	14244346664	14244398773	52109	578.67	423.69	709.60	422.38	3.16	151.16	0.23	60.63	5363.05	-4003.31	2561.83
Saccade R	1	9	14244346664	14244398773	52109	578.67	423.69	709.60	422.38	3.16	151.16	0.23	60.63	5363.05	-4003.31	2561.83
Saccade L	1	10	14244398773	14244460785	62012	709.60	422.38	831.66	418.36	3.27	147.14	0.39	52.65	5865.52	-5552.25	2609.31
Saccade R	1	10	14244398773	14244460785	62012	709.60	422.38	831.66	418.36	3.27	147.14	0.39	52.65	5865.52	-5552.25	2609.31
Saccade L	1	11	14244506781	14244530792	24011	838.89	456.20	813.13	446.19	0.66	47.76	0.67	27.69	1457.62	-1508.19	1000.40
Saccade R	1	11	14244506781	14244530792	24011	838.89	456.20	813.13	446.19	0.66	47.76	0.67	27.69	1457.62	-1508.19	1000.40
Saccade L	1	12	14244572776	14244640067	67291	830.72	432.93	831.66	440.80	1.98	83.05	0.45	29.36	2710.85	-2143.79	1212.95
Saccade R	1	12	14244572776	14244640067	67291	830.72	432.93	831.66	440.80	1.98	83.05	0.45	29.36	2710.85	-2143.79	1212.95
Fixation L	1	3	14244640067	14244730913	90846	825.19	436.83	17	13	-1	12.85	12.85
Fixation R	1	3	14244640067	14244730913	90846	825.19	436.83	17	13	-1	12.77	12.77
Saccade L	1	13	14244730913	14244808898	77985	822.00	430.33	899.04	411.61	3.91	141.33	0.44	50.08	4533.90	-4431.13	2126.74
Saccade R	1	13	14244730913	14244808898	77985	822.00	430.33	899.04	411.61	3.91	141.33	0.44	50.08	4533.90	-4431.13	2126.74
Saccade L	1	14	14244808898	14244844956	36058	899.04	411.61	1007.48	429.82	2.45	160.38	0.61	68.03	6200.35	-6372.71	4029.13
Saccade R	1	14	14244808898	14244844956	36058	899.04	411.61	1007.48	429.82	2.45	160.38	0.61	68.03	6200.35	-6372.71	4029.13
Fixation L	1	4	14244844956	14244962933	117977	1005.72	433.90	19	32	-1	12.85	12.85
Fixation R	1	4	14244844956	14244962933	117977	1005.72	433.90	19	32	-1	12.73	12.73
Saccade L	1	15	14244962933	14245023014	60081	1017.00	446.17	951.03	429.17	1.71	52.23	0.60	28.48	1054.77	-1808.80	940.14
Saccade R	1	15	14244962933	14245023014	60081	1017.00	446.17	951.03	429.17	1.71	52.23	0.60	28.48	1054.77	-1808.80	940.14
Fixation L	1	5	14245023014	14245185020	162006	940.46	438.11	28	17	-1	12.86	12.86
Fixation R	1	5	14245023014	14245185020	162006	940.46	438.11	28	17	-1	12.69	12.69
Saccade L	1	16	14245185020	14245241127	56107	938.08	436.59	1110.60	434.30	4.13	174.34	0.36	73.56	7558.84	-6496.96	4397.31
Saccade R	1	16	14245185020	14245241127	56107	938.08	436.59	1110.60	434.30	4.13	174.34	0.36	73.56	7558.84	-6496.96	4397.31
Fixation L	1	6	14245241127	14245417122	175995	1112.88	452.21	12	31	-1	12.97	12.97
Fixation R	1	6	14245241127	14245417122	175995	1112.88	452.21	12	31	-1	12.76	12.76
Blink L	1	1	14245417122	14245713280	296158
Blink R	1	1	14245417122	14245713280	296158
Fixation L	1	7	14245713280	14245809627	96347	905.25	1017.63	28	36	-1	13.40	13.40
Fixation R	1	7	14245713280	14245809627	96347	905.25	1017.63	28	36	-1	13.39	13.39
Saccade L	1	17	14245809627	14245875366	65739	918.30	1001.43	913.51	983.45	20.89	887.36	0.49	317.72	40096.04	-38922.95	23139.42
Saccade R	1	17	14245809627	14245875366	65739	918.30	1001.43	913.51	983.45	20.89	887.36	0.49	317.72	40096.04	-38922.95	23139.42
Saccade L	1	18	14245897468	14245955355	57887	908.48	984.36	903.61	1005.44	11.05	472.81	0.69	190.91	20699.90	-22161.08	12919.38
Saccade R	1	18	14245897468	14245955355	57887	908.48	984.36	903.61	1005.44	11.05	472.81	0.69	190.91	20699.90	-22161.08	12919.38
Fixation L	1	8	14245955355	14246241473	286118	791.46	860.25	929	1017	-1	12.18	12.18
Fixation R	1	8	14245955355	14246241473	286118	791.46	860.25	929	1017	-1	12.00	12.00
Saccade L	1	19	14246241473	14246303471	61998	928.16	979.46	900.06	1032.59	19.61	912.25	0.55	316.32	38751.19	-41510.27	22839.58
Saccade R	1	19	14246241473	14246303471	61998	928.16	979.46	900.06	1032.59	19.61	912.25	0.55	316.32	38751.19	-41510.27	22839.58
Fixation L	1	9	14246303471	14246467588	164117	901.31	1007.22	98	63	-1	14.06	14.06
Fixation R	1	9	14246303471	14246467588	164117	901.31	1007.22	98	63	-1	13.90	13.90
Saccade L	1	20	14246467588	14246493960	26372	900.83	985.19	801.40	865.32	3.39	281.92	0.46	128.50	10345.81	-6734.19	6207.96
Saccade R	1	20	14246467588	14246493960	26372	900.83	985.19	801.40	865.32	3.39	281.92	0.46	128.50	10345.81	-6734.19	6207.96
Saccade L	1	21	14246493960	14246531036	37076	801.40	865.32	879.08	864.70	1.83	116.32	0.21	49.24	154.40	-5363.78	2258.59
Saccade R	1	21	14246493960	14246531036	37076	801.40	865.32	879.08	864.70	1.83	116.32	0.21	49.24	154.40	-5363.78	2258.59
Saccade L	1	22	14246539593	14246583588	43995	887.70	868.72	899.27	981.67	3.07	168.24	0.28	69.89	6183.27	-5932.49	3931.57
Saccade R	1	22	14246539593	14246583588	43995	887.70	868.72	899.27	981.67	3.07	168.24	0.28	69.89	6183.27	-5932.49	3931.57
Fixation L	1	10	14246583588	14247067747	484159	896.80	969.09	44	51	-1	14.28	14.28
Fixation R	1	10	14246583588	14247067747	484159	896.80	969.09	44	51	-1	14.06	14.06
