[BeGaze]
Converted from:	C:\Program Files\SMI\Experiment Suite 360\Experiment Center 2\Results\RC-Attachment-Exp\P04-eye_data.idf
Date:	18.03.2012 20:05:26
Version:	BeGaze 3.0.181
Sample Rate:	500
Subject:	P04
Description:	Run9

Table Header for Fixations:
Event Type	Trial	Number	Start	End	Duration	Location X	Location Y	Dispersion X	Dispersion Y	Plane	Avg. Pupil Size X	Avg. Pupil Size Y

Table Header for Saccades:
Event Type	Trial	Number	Start	End	Duration	Start Loc.X	Start Loc.Y	End Loc.X	End Loc.Y	Amplitude	Peak Speed	Peak Speed At	Average Speed	Peak Accel.	Peak Decel.	Average Accel.

Table Header for Blinks:
Event Type	Trial	Number	Start	End	Duration

Table Header for User Events:
Event Type	Trial	Number	Start	Description

UserEvent	1	1	5413186972	# Message: RC-nonforced-nonanim-5.jpg
Fixation L	1	1	5413187736	5413461855	274119	502.52	428.43	32	33	-1	11.70	11.70
Fixation R	1	1	5413187736	5413461855	274119	502.52	428.43	32	33	-1	11.17	11.17
Saccade L	1	1	5413461855	5413489847	27992	495.14	422.72	546.09	436.80	1.14	70.38	0.43	40.86	2601.12	-2399.15	1811.27
Saccade R	1	1	5413461855	5413489847	27992	495.14	422.72	546.09	436.80	1.14	70.38	0.43	40.86	2601.12	-2399.15	1811.27
Fixation L	1	2	5413489847	5413614091	124244	554.57	430.80	24	27	-1	11.93	11.93
Fixation R	1	2	5413489847	5413614091	124244	554.57	430.80	24	27	-1	11.53	11.53
Saccade L	1	2	5413614091	5413650045	35954	544.37	416.72	626.81	420.11	1.86	101.76	0.38	51.64	4137.72	-3480.08	2590.25
Saccade R	1	2	5413614091	5413650045	35954	544.37	416.72	626.81	420.11	1.86	101.76	0.38	51.64	4137.72	-3480.08	2590.25
Fixation L	1	3	5413650045	5413827952	177907	629.24	431.09	25	21	-1	12.18	12.18
Fixation R	1	3	5413650045	5413827952	177907	629.24	431.09	25	21	-1	11.85	11.85
Saccade L	1	3	5413827952	5413849992	22040	626.06	438.40	666.08	441.44	0.82	54.78	0.45	37.37	2209.94	-2262.81	1491.51
Saccade R	1	3	5413827952	5413849992	22040	626.06	438.40	666.08	441.44	0.82	54.78	0.45	37.37	2209.94	-2262.81	1491.51
Fixation L	1	4	5413849992	5414122347	272355	669.12	439.39	13	7	-1	12.66	12.66
Fixation R	1	4	5413849992	5414122347	272355	669.12	439.39	13	7	-1	12.18	12.18
Saccade L	1	4	5414122347	5414150074	27727	661.19	439.26	757.22	437.87	2.01	133.49	0.42	72.63	5623.00	-5415.28	4004.48
Saccade R	1	4	5414122347	5414150074	27727	661.19	439.26	757.22	437.87	2.01	133.49	0.42	72.63	5623.00	-5415.28	4004.48
Fixation L	1	5	5414150074	5414610312	460238	758.96	442.44	13	22	-1	13.25	13.25
Fixation R	1	5	5414150074	5414610312	460238	758.96	442.44	13	22	-1	13.02	13.02
Saccade L	1	5	5414610312	5414640329	30017	755.04	439.34	846.92	440.77	1.94	125.40	0.47	64.60	5260.82	-4807.70	3637.72
Saccade R	1	5	5414610312	5414640329	30017	755.04	439.34	846.92	440.77	1.94	125.40	0.47	64.60	5260.82	-4807.70	3637.72
Fixation L	1	6	5414640329	5414888435	248106	850.63	432.83	19	22	-1	13.43	13.43
Fixation R	1	6	5414640329	5414888435	248106	850.63	432.83	19	22	-1	13.20	13.20
Blink L	1	1	5414888435	5415056565	168130
Blink R	1	1	5414888435	5415056565	168130
Saccade L	1	6	5415070592	5415094556	23964	802.65	403.35	866.44	385.42	1.01	74.07	0.42	42.10	2450.35	-2313.95	1617.88
Saccade R	1	6	5415070592	5415094556	23964	802.65	403.35	866.44	385.42	1.01	74.07	0.42	42.10	2450.35	-2313.95	1617.88
Fixation L	1	7	5415094556	5415144556	50000	872.33	396.34	9	21	-1	13.11	13.11
Fixation R	1	7	5415094556	5415144556	50000	872.33	396.34	9	21	-1	12.76	12.76
Saccade L	1	7	5415144556	5415170553	25997	871.24	406.70	870.15	450.61	1.01	60.49	0.39	38.85	2187.57	-1851.59	1432.73
Saccade R	1	7	5415144556	5415170553	25997	871.24	406.70	870.15	450.61	1.01	60.49	0.39	38.85	2187.57	-1851.59	1432.73
Saccade L	1	8	5415178568	5415208560	29992	867.66	453.06	859.94	406.41	1.01	52.55	0.33	33.70	1386.32	-1620.21	1152.64
Saccade R	1	8	5415178568	5415208560	29992	867.66	453.06	859.94	406.41	1.01	52.55	0.33	33.70	1386.32	-1620.21	1152.64
Fixation L	1	8	5415208560	5415384722	176162	861.27	410.27	16	18	-1	13.09	13.09
Fixation R	1	8	5415208560	5415384722	176162	861.27	410.27	16	18	-1	13.03	13.03
Saccade L	1	9	5415384722	5415408686	23964	857.43	419.62	940.81	433.25	1.70	130.99	0.50	70.88	5272.80	-4994.27	3646.99
Saccade R	1	9	5415384722	5415408686	23964	857.43	419.62	940.81	433.25	1.70	130.99	0.50	70.88	5272.80	-4994.27	3646.99
Fixation L	1	9	5415408686	5416141038	732352	954.70	436.10	48	28	-1	12.97	12.97
Fixation R	1	9	5415408686	5416141038	732352	954.70	436.10	48	28	-1	12.61	12.61
Saccade L	1	10	5416141038	5416165062	24024	974.60	422.09	1016.73	434.11	0.88	55.51	0.42	36.66	2143.34	-2213.95	1534.45
Saccade R	1	10	5416141038	5416165062	24024	974.60	422.09	1016.73	434.11	0.88	55.51	0.42	36.66	2143.34	-2213.95	1534.45
Fixation L	1	10	5416165062	5416809381	644319	1039.62	445.72	39	34	-1	13.75	13.75
Fixation R	1	10	5416165062	5416809381	644319	1039.62	445.72	39	34	-1	13.39	13.39
Saccade L	1	11	5416809381	5416844138	34757	1052.72	449.73	1120.33	451.51	1.48	63.55	0.41	42.45	2727.87	-2299.53	1851.27
Saccade R	1	11	5416809381	5416844138	34757	1052.72	449.73	1120.33	451.51	1.48	63.55	0.41	42.45	2727.87	-2299.53	1851.27
Fixation L	1	11	5416844138	5417909752	1065614	1129.97	442.33	47	38	-1	13.69	13.69
Fixation R	1	11	5416844138	5417909752	1065614	1129.97	442.33	47	38	-1	13.26	13.26
Fixation L	1	12	5417930224	5418085895	155671	1157.93	431.61	9	12	-1	14.27	14.27
Fixation R	1	12	5417930224	5418085895	155671	1157.93	431.61	9	12	-1	13.72	13.72
Saccade L	1	12	5418085895	5418161876	75981	1158.58	435.47	976.13	872.28	10.89	300.79	0.24	143.39	13195.63	-6149.96	5720.17
Saccade R	1	12	5418085895	5418161876	75981	1158.58	435.47	976.13	872.28	10.89	300.79	0.24	143.39	13195.63	-6149.96	5720.17
Fixation L	1	13	5418161876	5418254016	92140	968.68	875.93	21	6	-1	14.76	14.76
Fixation R	1	13	5418161876	5418254016	92140	968.68	875.93	21	6	-1	14.07	14.07
Saccade L	1	13	5418254016	5418282038	28022	978.15	879.20	930.09	959.28	1.98	123.94	0.50	70.80	5305.16	-5091.70	3816.76
Saccade R	1	13	5418254016	5418282038	28022	978.15	879.20	930.09	959.28	1.98	123.94	0.50	70.80	5305.16	-5091.70	3816.76
Fixation L	1	14	5418282038	5419032368	750330	919.42	953.99	63	41	-1	13.39	13.39
Fixation R	1	14	5418282038	5419032368	750330	919.42	953.99	63	41	-1	12.90	12.90
