[BeGaze]
Converted from:	C:\Program Files\SMI\Experiment Suite 360\Experiment Center 2\Results\RC_Attachment-OA\canan-eye_data.idf
Date:	08.02.2012 14:38:57
Version:	BeGaze 3.0.181
Sample Rate:	500
Subject:	canan
Description:	Run2

Table Header for Fixations:
Event Type	Trial	Number	Start	End	Duration	Location X	Location Y	Dispersion X	Dispersion Y	Plane	Avg. Pupil Size X	Avg. Pupil Size Y

Table Header for Saccades:
Event Type	Trial	Number	Start	End	Duration	Start Loc.X	Start Loc.Y	End Loc.X	End Loc.Y	Amplitude	Peak Speed	Peak Speed At	Average Speed	Peak Accel.	Peak Decel.	Average Accel.

Table Header for Blinks:
Event Type	Trial	Number	Start	End	Duration

Table Header for User Events:
Event Type	Trial	Number	Start	Description

UserEvent	1	1	921806578	# Message: RichText9.jpg
Fixation L	1	1	921809011	922206084	397073	840.60	477.51	23	27	-1	10.27	10.27
Fixation R	1	1	921809011	922206084	397073	840.60	477.51	23	27	-1	11.19	11.19
Saccade L	1	1	922206084	922259246	53162	834.10	471.06	578.93	455.12	5.63	173.40	0.51	105.95	7570.48	-7095.95	4983.79
Saccade R	1	1	922206084	922259246	53162	834.10	471.06	578.93	455.12	5.63	173.40	0.51	105.95	7570.48	-7095.95	4983.79
Fixation L	1	2	922259246	922495326	236080	568.45	457.33	20	10	-1	10.12	10.12
Fixation R	1	2	922259246	922495326	236080	568.45	457.33	20	10	-1	10.81	10.81
Saccade L	1	2	922495326	922529305	33979	572.06	460.57	514.80	469.86	1.22	66.69	0.41	36.05	2761.84	-2649.47	1960.51
Saccade R	1	2	922495326	922529305	33979	572.06	460.57	514.80	469.86	1.22	66.69	0.41	36.05	2761.84	-2649.47	1960.51
Fixation L	1	3	922529305	922653536	124231	510.54	473.78	11	7	-1	10.18	10.18
Fixation R	1	3	922529305	922653536	124231	510.54	473.78	11	7	-1	11.04	11.04
Saccade L	1	3	922653536	922719429	65893	515.35	469.25	761.58	456.06	5.50	212.38	0.24	83.39	9507.53	-7126.65	4241.93
Saccade R	1	3	922653536	922719429	65893	515.35	469.25	761.58	456.06	5.50	212.38	0.24	83.39	9507.53	-7126.65	4241.93
Fixation L	1	4	922719429	922861544	142115	754.59	454.36	26	6	-1	10.37	10.37
Fixation R	1	4	922719429	922861544	142115	754.59	454.36	26	6	-1	11.25	11.25
Saccade L	1	4	922861544	922913558	52014	766.36	455.00	920.60	440.62	3.42	152.41	0.31	65.82	6583.31	-4974.85	3551.86
Saccade R	1	4	922861544	922913558	52014	766.36	455.00	920.60	440.62	3.42	152.41	0.31	65.82	6583.31	-4974.85	3551.86
Fixation L	1	5	922913558	923189659	276101	921.98	441.50	11	7	-1	10.21	10.21
Fixation R	1	5	922913558	923189659	276101	921.98	441.50	11	7	-1	11.07	11.07
Saccade L	1	5	923189659	923227673	38014	922.70	440.48	986.34	442.58	1.38	65.33	0.42	36.40	2717.43	-2411.02	1853.88
Saccade R	1	5	923189659	923227673	38014	922.70	440.48	986.34	442.58	1.38	65.33	0.42	36.40	2717.43	-2411.02	1853.88
Fixation L	1	6	923227673	923409780	182107	990.35	447.12	13	11	-1	10.16	10.16
Fixation R	1	6	923227673	923409780	182107	990.35	447.12	13	11	-1	11.03	11.03
Saccade L	1	6	923409780	923455789	46009	993.06	446.27	1081.72	430.45	2.02	98.57	0.26	43.89	4094.51	-3181.32	2141.33
Saccade R	1	6	923409780	923455789	46009	993.06	446.27	1081.72	430.45	2.02	98.57	0.26	43.89	4094.51	-3181.32	2141.33
Fixation L	1	7	923455789	923681897	226108	1087.06	433.18	11	10	-1	10.05	10.05
Fixation R	1	7	923455789	923681897	226108	1087.06	433.18	11	10	-1	10.99	10.99
Saccade L	1	7	923681897	923715927	34030	1083.84	436.39	1026.34	452.12	1.28	63.38	0.44	37.53	2695.79	-2377.91	1856.67
Saccade R	1	7	923681897	923715927	34030	1083.84	436.39	1026.34	452.12	1.28	63.38	0.44	37.53	2695.79	-2377.91	1856.67
Fixation L	1	8	923715927	923891893	175966	1022.94	443.41	12	16	-1	10.21	10.21
Fixation R	1	8	923715927	923891893	175966	1022.94	443.41	12	16	-1	11.12	11.12
Saccade L	1	8	923891893	923940015	48122	1029.20	438.97	1142.71	426.70	2.53	104.58	0.33	52.52	4518.47	-3854.56	2835.06
Saccade R	1	8	923891893	923940015	48122	1029.20	438.97	1142.71	426.70	2.53	104.58	0.33	52.52	4518.47	-3854.56	2835.06
Fixation L	1	9	923940015	924221295	281280	1144.24	436.53	12	14	-1	10.16	10.16
Fixation R	1	9	923940015	924221295	281280	1144.24	436.53	12	14	-1	11.11	11.11
Saccade L	1	9	924221295	924246141	24846	1139.00	438.60	1171.17	439.09	0.63	40.36	0.44	25.33	1645.03	-1483.03	1154.97
Saccade R	1	9	924221295	924246141	24846	1139.00	438.60	1171.17	439.09	0.63	40.36	0.44	25.33	1645.03	-1483.03	1154.97
Fixation L	1	10	924246141	924452125	205984	1169.96	443.30	10	15	-1	10.17	10.17
Fixation R	1	10	924246141	924452125	205984	1169.96	443.30	10	15	-1	11.24	11.24
Fixation L	1	11	924564244	924798358	234114	881.58	992.59	19	28	-1	11.49	11.49
Fixation R	1	11	924564244	924798358	234114	881.58	992.59	19	28	-1	11.96	11.96
Saccade L	1	10	924798358	924832358	34000	875.04	999.61	913.96	983.63	0.89	40.85	0.43	26.17	1721.00	-1566.04	1210.75
Saccade R	1	10	924798358	924832358	34000	875.04	999.61	913.96	983.63	0.89	40.85	0.43	26.17	1721.00	-1566.04	1210.75
Fixation L	1	12	924832358	925034482	202124	913.53	977.95	3	12	-1	10.85	10.85
Fixation R	1	12	924832358	925034482	202124	913.53	977.95	3	12	-1	11.63	11.63
